t dt mgp.i mgpf.i mgu.i grid->tn perf.t perf.speed
0 0.000133168 0 0 0 317696 0 0
0.000133168 0.000133168 4 3 1 317696 10.5126 30220.6
0.000441506 0.000308339 4 4 1 317696 18.1498 35008.2
0.000809141 0.000367634 3 3 1 317696 24.3991 39062.5
0.00122691 0.000417766 3 1 1 317696 29.2339 43469.5
0.0017143 0.000487394 3 1 1 317696 34.0532 46647
0.00226668 0.00055238 3 1 1 317696 38.5939 49390.6
0.00286155 0.000594871 2 3 1 317696 43.981 50564.4
0.0035105 0.00064895 2 3 1 317696 49.1052 51757.6
0.00423156 0.000721055 2 3 1 317696 53.8341 53112.5
0.00495261 0.000721055 2 2 1 317696 57.9752 54798.6
0.00579384 0.000841231 2 2 1 317696 62.1267 56250.4
0.00663507 0.000841231 2 2 1 317696 66.2656 57531.4
0.00747631 0.000841231 2 2 1 317696 70.4125 58655.1
0.00831754 0.000841231 2 2 1 317696 74.6553 59577.1
0.00915877 0.000841231 2 2 1 317696 78.8064 60470.2
0.01 0.000841231 2 2 1 317696 82.9544 61276.2
0.011 0.001 2 3 1 317696 88.1648 61258.3
0.012 0.001 2 2 1 317696 92.5112 61814.4
0.0131429 0.00114286 2 3 1 317696 97.2537 62066.8
0.0142857 0.00114286 2 2 1 317696 101.484 62609.9
0.0154286 0.00114286 2 2 1 317696 105.602 63177.3
0.0165714 0.00114286 2 2 1 317696 109.729 63696.1
0.0177143 0.00114286 2 2 1 317696 113.859 64176.1
0.0188571 0.00114286 2 2 1 317696 117.975 64630
0.02 0.00114286 2 2 1 317696 122.097 65049.9
0.02125 0.00125 2 2 1 317696 126.72 65183.9
0.0225 0.00125 2 2 1 317696 130.835 65561.9
0.02375 0.00125 2 2 1 317696 134.958 65913
0.025 0.00125 2 2 1 317696 139.067 66249.8
0.02625 0.00125 2 2 1 317696 143.186 66562.9
0.0275 0.00125 1 2 1 317696 146.905 67040.3
0.02875 0.00125 1 2 1 317696 150.625 67494
0.03 0.00125 2 2 1 317696 154.758 67744.1
0.03125 0.00125 1 2 1 317696 158.963 67950.9
0.0325 0.00125 1 2 1 317696 162.681 68350.8
0.03375 0.00125 1 2 1 317696 166.399 68732.8
0.035 0.00125 1 3 1 317696 170.526 68932.1
0.03625 0.00125 1 2 1 317696 174.244 69284.7
0.0375 0.00125 1 3 1 317696 178.376 69460.7
0.03875 0.00125 1 2 1 317696 182.083 69791.4
0.04 0.00125 1 2 1 317696 185.787 70110.1
0.04125 0.00125 1 2 1 317696 189.998 70228.4
0.0425 0.00125 1 2 1 317696 193.705 70524.3
0.04375 0.00125 1 1 1 317696 196.992 70960.2
0.045 0.00125 1 2 1 317696 200.698 71233.1
0.04625 0.00125 1 2 1 317696 204.404 71495.7
0.0475 0.00125 1 1 1 317696 207.711 71887.1
0.04875 0.00125 1 1 1 317696 211.01 72268.6
0.05 0.00125 1 2 1 317696 214.773 72481.7
0.05125 0.00125 1 1 1 317696 218.589 72669.7
0.0525 0.00125 1 2 1 317696 222.305 72884.2
0.05375 0.00125 1 2 1 317696 226.019 73091.9
0.055 0.00125 1 2 1 317696 229.735 73292.5
0.05625 0.00125 1 2 1 317696 233.442 73489.7
0.0575 0.00125 1 2 1 317696 237.158 73677.9
0.05875 0.00125 1 1 1 317696 240.499 73975.1
0.06 0.00125 1 2 1 317696 244.255 74138.4
0.06125 0.00125 1 1 1 317696 248.109 74267.3
0.0625 0.00125 1 1 1 317696 251.469 74538.2
0.06375 0.00125 1 1 1 317696 254.779 74816.8
0.065 0.00125 1 1 1 317696 258.056 75097.8
0.06625 0.00125 1 1 1 317696 261.377 75359.1
0.0675 0.00125 1 1 1 317696 264.728 75605.2
0.06875 0.00125 1 1 1 317696 268.068 75848.3
0.07 0.00125 1 2 1 317696 271.842 75964
0.07125 0.00125 1 2 1 317696 276.039 75960.1
0.0725 0.00125 1 1 1 317696 279.331 76202.2
0.07375 0.00125 1 2 1 317696 283.036 76327.1
0.075 0.00125 1 1 1 317696 286.309 76564.1
0.07625 0.00125 1 1 1 317696 289.593 76793.1
0.0775 0.00125 2 3 1 317696 294.132 76688
0.07875 0.00125 1 2 1 317696 297.837 76800.8
0.08 0.00125 1 3 1 317696 301.968 76802.1
0.0814286 0.00142857 2 2 1 317696 306.58 76683.1
0.0828571 0.00142857 2 3 1 317696 311.115 76586.6
0.0842857 0.00142857 1 1 1 317696 314.412 76793.9
0.0857143 0.00142857 2 2 1 317696 318.513 76802.5
0.0871429 0.00142857 1 2 1 317696 322.251 76897.5
0.0885714 0.00142857 2 2 1 317696 326.372 76899.9
0.09 0.00142857 1 2 1 317696 330.096 76994.7
0.0914286 0.00142857 2 3 1 317696 335.113 76790.1
0.0928571 0.00142857 1 2 1 317696 338.805 76891.1
0.0942857 0.00142857 1 2 1 317696 342.797 76922.4
0.0957143 0.00142857 1 2 1 317696 346.637 76986.8
0.0971429 0.00142857 1 2 1 317696 350.358 77075.9
0.0985714 0.00142857 2 2 1 317696 354.519 77067.4
0.1 0.00142857 1 1 1 317696 357.99 77207.7
0.101429 0.00142857 1 2 1 317696 362.891 77040.4
0.102857 0.00142857 2 2 1 317696 367.154 77011.1
0.104286 0.00142857 2 2 1 317696 371.287 77009.5
0.105714 0.00142857 1 1 1 317696 374.559 77185.1
0.107143 0.00142857 1 2 1 317696 378.27 77267.6
0.108571 0.00142857 2 1 1 317696 381.973 77350.3
0.11 0.00142857 1 2 1 317696 385.684 77429.7
0.11125 0.00125 2 2 1 317696 390.37 77314.1
0.1125 0.00125 2 2 1 317696 394.558 77298.7
0.11375 0.00125 2 1 1 317696 398.284 77373.3
0.115 0.00125 1 1 1 317696 401.591 77527.2
0.11625 0.00125 1 1 1 317696 405.024 77654.5
0.1175 0.00125 2 2 1 317696 409.154 77647.1
0.11875 0.00125 1 1 1 317696 412.447 77797.3
0.12 0.00125 1 1 1 317696 415.742 77945
0.12125 0.00125 2 1 1 317696 419.939 77922.6
0.1225 0.00125 1 2 1 317696 423.631 77993.3
0.12375 0.00125 1 2 1 317696 427.348 78058.3
0.125 0.00125 2 1 1 317696 431.071 78121.2
0.12625 0.00125 1 1 1 317696 434.379 78257.6
0.1275 0.00125 1 1 1 317696 437.663 78396.4
0.12875 0.00125 2 1 1 317696 441.514 78432
0.13 0.00125 1 1 1 317696 444.934 78543.3
0.13125 0.00125 1 2 1 317696 449.306 78486.1
0.1325 0.00125 1 2 1 317696 453.188 78514.8
0.13375 0.00125 1 3 1 317696 457.461 78475.8
0.135 0.00125 1 2 1 317696 461.313 78509.2
0.13625 0.00125 1 2 1 317696 465.173 78540.8
0.1375 0.00125 1 2 1 317696 469.015 78574.7
0.13875 0.00125 1 2 1 317696 473.059 78574.7
0.14 0.00125 1 2 1 317696 477.152 78566.4
0.14125 0.00125 1 2 1 317696 481.547 78509.2
0.1425 0.00125 1 2 1 317696 485.437 78534.4
0.14375 0.00125 1 2 1 317696 489.325 78559.7
0.145 0.00125 1 2 1 317696 493.237 78580.7
0.14625 0.00125 1 2 1 317696 497.136 78603.4
0.1475 0.00125 1 2 1 317696 501.058 78622.3
0.14875 0.00125 1 2 1 317696 505.055 78629.1
0.15 0.00125 1 1 1 317696 508.616 78703.2
0.15125 0.00125 1 2 1 317696 513.086 78636.7
0.1525 0.00125 1 2 1 317696 516.991 78657.2
0.15375 0.00125 1 1 1 317696 520.529 78732.9
0.155 0.00125 1 1 1 317696 523.998 78818
0.15625 0.00125 1 1 1 317696 527.528 78892.9
0.1575 0.00125 1 1 1 317696 531.086 78962.4
0.15875 0.00125 1 1 1 317696 534.627 79033.8
0.16 0.00125 1 1 1 317696 538.163 79104.8
0.16125 0.00125 1 1 1 317696 542.188 79103.5
0.1625 0.00125 1 1 1 317696 545.736 79171.4
0.16375 0.00125 1 1 1 317696 549.248 79243.5
0.165 0.00125 1 1 1 317696 552.771 79313.2
0.16625 0.00125 1 1 1 317696 556.25 79388.3
/home/parthib/basilisk/src/heights.h:389:error: [Detaching after vfork from child process 2839]
/home/parthib/basilisk/src/heights.h:389:error: Program received signal SIGINT, Interrupt.
