0.000724227 0
0.000724228 7.25098e-07

0.000724228 7.25098e-07
0.000724232 1.4502e-06

0.000724233 1.4502e-06
0.00072424 2.17529e-06

0.000724239 2.17529e-06
0.000724249 2.90039e-06

0.000724249 2.90039e-06
0.000724261 3.62549e-06

0.000724261 3.62549e-06
0.000724275 4.35059e-06

0.000724275 4.35059e-06
0.000724292 5.07568e-06

0.000724292 5.07568e-06
0.00072431 5.80078e-06

0.000724311 5.80078e-06
0.000724324 6.27934e-06

0.000724324 6.27939e-06
0.000724331 6.52588e-06

0.000724331 6.52588e-06
0.000724352 7.25098e-06

0.000724352 7.25098e-06
0.000724374 7.97607e-06

0.000724374 7.97607e-06
0.000724394 8.70117e-06

0.000724394 8.70117e-06
0.000724413 9.42627e-06

0.000724413 9.42627e-06
0.000724432 1.01514e-05

0.000724432 1.01514e-05
0.00072445 1.08765e-05

0.00072445 1.08765e-05
0.000724468 1.16016e-05

0.000724468 1.16016e-05
0.000724485 1.23267e-05

0.000724485 1.23267e-05
0.000724502 1.30518e-05

0.000724502 1.30518e-05
0.000724519 1.37769e-05

0.000724519 1.37769e-05
0.000724535 1.4502e-05

0.000724535 1.4502e-05
0.000724551 1.52271e-05

0.000724551 1.52271e-05
0.000724566 1.59521e-05

0.000724566 1.59521e-05
0.000724581 1.66772e-05

0.000724581 1.66772e-05
0.000724596 1.74023e-05

0.000724596 1.74023e-05
0.000724611 1.81274e-05

0.000724611 1.81274e-05
0.000724625 1.88525e-05

0.000724625 1.88525e-05
0.000724639 1.95776e-05

0.000724639 1.95776e-05
0.000724653 2.03027e-05

0.000724653 2.03027e-05
0.000724666 2.10278e-05

0.000724666 2.10278e-05
0.00072468 2.17529e-05

0.00072468 2.17529e-05
0.000724693 2.2478e-05

0.000724693 2.2478e-05
0.000724706 2.32031e-05

0.000724706 2.32031e-05
0.000724718 2.39282e-05

0.000724718 2.39282e-05
0.000724731 2.46533e-05

0.000724731 2.46533e-05
0.000724743 2.53784e-05

0.000724743 2.53784e-05
0.000724756 2.61035e-05

0.000724756 2.61035e-05
0.000724768 2.68286e-05

0.000724768 2.68286e-05
0.000724781 2.75537e-05

0.000724781 2.75537e-05
0.000724794 2.82788e-05

0.000724794 2.82788e-05
0.000724806 2.90039e-05

0.000724806 2.90039e-05
0.00072482 2.9729e-05

0.00072482 2.9729e-05
0.000724833 3.04541e-05

0.000724833 3.04541e-05
0.000724847 3.11792e-05

0.000724847 3.11792e-05
0.000724861 3.19043e-05

0.000724861 3.19043e-05
0.000724876 3.26294e-05

0.000724876 3.26294e-05
0.000724891 3.33545e-05

0.000724891 3.33545e-05
0.000724907 3.40796e-05

0.000724907 3.40796e-05
0.000724924 3.48047e-05

0.000724924 3.48047e-05
0.000724941 3.55298e-05

0.000724941 3.55298e-05
0.000724959 3.62549e-05

0.000724959 3.62549e-05
0.000724978 3.698e-05

0.000724978 3.698e-05
0.000724999 3.77051e-05

0.000724999 3.77051e-05
0.00072502 3.84302e-05

0.00072502 3.84302e-05
0.000725043 3.91553e-05

0.000725043 3.91553e-05
0.000725049 3.93351e-05

0.000725049 3.93348e-05
0.000725068 3.98804e-05

0.000725068 3.98804e-05
0.000725094 4.06055e-05

0.000725094 4.06055e-05
0.000725123 4.13306e-05

0.000725123 4.13306e-05
0.000725153 4.20557e-05

0.000725153 4.20557e-05
0.000725186 4.27808e-05

0.000725186 4.27808e-05
0.000725222 4.35059e-05

0.000725222 4.35059e-05
0.00072526 4.4231e-05

0.00072526 4.4231e-05
0.000725301 4.49561e-05

0.000725301 4.49561e-05
0.000725346 4.56812e-05

0.000725346 4.56812e-05
0.000725394 4.64062e-05

0.000725394 4.64062e-05
0.000725446 4.71313e-05

0.000725446 4.71313e-05
0.000725502 4.78564e-05

0.000725502 4.78564e-05
0.000725563 4.85815e-05

0.000725563 4.85815e-05
0.000725628 4.93066e-05

0.000725628 4.93066e-05
0.000725698 5.00317e-05

0.000725698 5.00317e-05
0.000725773 5.07568e-05

0.000725773 5.07568e-05
0.000725774 5.07687e-05

0.000725774 5.07687e-05
0.000725854 5.14819e-05

0.000725854 5.14819e-05
0.000725941 5.2207e-05

0.000725941 5.2207e-05
0.000726034 5.29321e-05

0.000726033 5.29321e-05
0.000726133 5.36572e-05

0.000726133 5.36572e-05
0.000726239 5.43823e-05

0.000726239 5.43823e-05
0.000726352 5.51074e-05

0.000726352 5.51074e-05
0.000726473 5.58325e-05

0.000726473 5.58325e-05
0.0007265 5.59839e-05

0.0007265 5.59839e-05
0.000726601 5.65576e-05

0.000726601 5.65576e-05
0.000726738 5.72827e-05

0.000726738 5.72827e-05
0.000726883 5.80078e-05

0.000726883 5.80078e-05
0.000727037 5.87329e-05

0.000727037 5.87329e-05
0.0007272 5.9458e-05

0.0007272 5.9458e-05
0.000727225 5.95612e-05

0.000727225 5.95612e-05
0.000727373 6.01831e-05

0.000727373 6.01831e-05
0.000727555 6.09082e-05

0.000727555 6.09082e-05
0.000727748 6.16333e-05

0.000727748 6.16333e-05
0.00072795 6.23541e-05

0.00072795 6.23542e-05
0.000727951 6.23584e-05

0.000727951 6.23584e-05
0.000728165 6.30835e-05

0.000728165 6.30835e-05
0.000728389 6.38086e-05

0.000728389 6.38086e-05
0.000728625 6.45337e-05

0.000728625 6.45337e-05
0.000728675 6.46807e-05

0.000728675 6.46806e-05
0.000728872 6.52588e-05

0.000728872 6.52588e-05
0.00072913 6.59839e-05

0.00072913 6.59839e-05
0.0007294 6.67085e-05

0.0007294 6.6709e-05
0.000729682 6.74341e-05

0.000729682 6.74341e-05
0.000729975 6.81592e-05

0.000729975 6.81592e-05
0.000730125 6.85162e-05

0.000735859 0
0.00073586 7.25098e-07

0.000735861 7.25098e-07
0.000735864 1.4502e-06

0.000735864 1.4502e-06
0.000735867 2.17529e-06

0.000735868 2.17529e-06
0.00073587 2.90039e-06

0.000735869 2.90039e-06
0.000735878 4.35059e-06

0.000735879 4.35059e-06
0.00073589 5.80078e-06

0.00073589 5.80078e-06
0.000735897 6.52588e-06

0.000735897 6.52588e-06
0.000735905 7.25098e-06

0.000735905 7.25098e-06
0.000735913 7.97607e-06

0.000735913 7.97607e-06
0.000735922 8.70117e-06

0.000735921 8.70117e-06
0.000735926 9.0342e-06

0.000735926 9.03416e-06
0.000735931 9.42627e-06

0.000735931 9.42627e-06
0.000735942 1.01514e-05

0.000735942 1.01514e-05
0.000735954 1.08765e-05

0.000735954 1.08765e-05
0.000735967 1.16016e-05

0.000735967 1.16016e-05
0.000735982 1.23267e-05

0.000735982 1.23267e-05
0.000735999 1.30518e-05

0.000735999 1.30518e-05
0.000736017 1.37769e-05

0.000736017 1.37769e-05
0.000736037 1.4502e-05

0.000736038 1.4502e-05
0.000736059 1.52271e-05

0.000736059 1.52271e-05
0.000736082 1.59521e-05

0.000736082 1.59521e-05
0.000736106 1.66772e-05

0.000736106 1.66772e-05
0.000736132 1.74023e-05

0.000736131 1.74023e-05
0.000736158 1.81274e-05

0.000736158 1.81274e-05
0.000736187 1.88525e-05

0.000736187 1.88525e-05
0.000736216 1.95776e-05

0.000736217 1.95776e-05
0.000736248 2.03027e-05

0.000736248 2.03027e-05
0.000736281 2.10278e-05

0.000736281 2.10278e-05
0.000736316 2.17529e-05

0.000736316 2.17529e-05
0.000736351 2.2478e-05

0.000736351 2.2478e-05
0.000736388 2.32031e-05

0.000736388 2.32031e-05
0.000736427 2.39282e-05

0.000736427 2.39282e-05
0.000736467 2.46533e-05

0.000736467 2.46533e-05
0.00073651 2.53784e-05

0.00073651 2.53784e-05
0.000736554 2.61035e-05

0.000736553 2.61035e-05
0.000736599 2.68286e-05

0.000736599 2.68286e-05
0.000736647 2.75537e-05

0.000736647 2.75537e-05
0.000736651 2.76085e-05

0.000736651 2.76085e-05
0.000736697 2.82788e-05

0.000736697 2.82788e-05
0.000736749 2.90039e-05

0.000736747 2.90039e-05
0.000736857 3.04541e-05

0.000736857 3.04541e-05
0.000736978 3.19043e-05

0.000736977 3.19043e-05
0.000737109 3.33545e-05

0.00073711 3.33545e-05
0.00073718 3.40796e-05

0.000737181 3.40796e-05
0.000737254 3.48047e-05

0.000737252 3.48047e-05
0.000737376 3.59418e-05

0.000737374 3.62549e-05
0.000737376 3.62726e-05

0.000737376 3.59385e-05
0.000737411 3.62549e-05

0.00073741 3.62549e-05
0.000737496 3.698e-05

0.000737497 3.698e-05
0.000737587 3.77051e-05

0.000737586 3.77051e-05
0.00073768 3.84302e-05

0.000737681 3.84302e-05
0.00073778 3.91553e-05

0.000737779 3.91553e-05
0.000737882 3.98804e-05

0.000737883 3.98804e-05
0.000737989 4.06055e-05

0.000737989 4.06055e-05
0.0007381 4.13306e-05

0.000738101 4.13328e-05
0.000738216 4.20557e-05

0.000738215 4.20557e-05
0.000738334 4.27808e-05

0.000738335 4.27808e-05
0.000738458 4.35059e-05

0.000738458 4.35059e-05
0.000738585 4.4231e-05

0.000738586 4.4231e-05
0.000738717 4.49561e-05

0.000738716 4.49561e-05
0.000738826 4.5543e-05

0.000738826 4.5543e-05
0.000738852 4.56812e-05

0.000738853 4.56812e-05
0.000738992 4.64062e-05

0.000738992 4.64062e-05
0.000739136 4.71313e-05

0.000739136 4.71313e-05
0.000739284 4.78564e-05

0.000739284 4.78564e-05
0.000739436 4.85815e-05

0.000739436 4.85815e-05
0.000739551 4.91172e-05

0.000739551 4.91172e-05
0.000739592 4.93066e-05

0.000739592 4.93066e-05
0.000739751 5.00317e-05

0.000739751 5.00317e-05
0.000739914 5.07568e-05

0.000739914 5.07568e-05
0.00074008 5.14819e-05

0.000740081 5.14819e-05
0.000740251 5.2207e-05

0.000740248 5.2207e-05
0.000740276 5.23248e-05

0.000740276 5.2317e-05
0.000740424 5.29321e-05

0.000740425 5.29321e-05
0.000740602 5.36572e-05

0.0007406 5.36572e-05
0.000740781 5.43823e-05

0.000740782 5.43823e-05
0.000740966 5.51074e-05

0.000740965 5.51074e-05
0.000741001 5.52483e-05

0.000741001 5.52481e-05
0.000741153 5.58325e-05

0.000741153 5.58325e-05
0.000741344 5.65576e-05

0.000741343 5.65576e-05
0.000741537 5.72827e-05

0.000741538 5.72827e-05
0.000741727 5.79737e-05

0.000730125 6.85161e-05
0.00073028 6.88843e-05

0.00073028 6.88843e-05
0.000730597 6.96094e-05

0.000741727 5.79736e-05
0.000741736 5.80078e-05

0.000741735 5.80078e-05
0.000741936 5.87329e-05

0.000741937 5.87329e-05
0.000742141 5.9458e-05

0.00074214 5.9458e-05
0.000742348 6.01831e-05

0.000742349 6.01831e-05
0.000742452 6.05358e-05

0.000742452 6.05357e-05
0.00074256 6.09082e-05

0.00074256 6.09082e-05
0.000742775 6.16333e-05

0.000742775 6.16333e-05
0.000742994 6.23584e-05

0.000742993 6.23584e-05
0.000743177 6.29501e-05

0.000743177 6.29484e-05
0.000743218 6.30835e-05

0.000743218 6.30835e-05
0.000743445 6.38086e-05

0.000743445 6.38086e-05
0.000743676 6.45337e-05

0.000743676 6.45337e-05
0.000743902 6.52319e-05

0.000743902 6.52319e-05
0.000743911 6.52588e-05

0.00074391 6.52588e-05
0.000744149 6.59839e-05

0.00074415 6.59839e-05
0.000744394 6.6709e-05

0.000744393 6.6709e-05
0.000744627 6.73955e-05

0.000744627 6.73955e-05
0.00074464 6.74341e-05

0.00074464 6.74341e-05
0.000744891 6.81592e-05

0.000744891 6.81592e-05
0.000745147 6.88843e-05

0.000745147 6.88843e-05
0.000745352 6.94562e-05

0.000745352 6.94562e-05
0.000745407 6.96094e-05

0.000730597 6.96094e-05
0.00073085 7.0168e-05

0.00073085 7.01679e-05
0.000730926 7.03345e-05

0.000730926 7.03345e-05
0.000731266 7.10596e-05

0.000731266 7.10596e-05
0.000731575 7.16953e-05

0.000731575 7.16953e-05
0.000731619 7.17847e-05

0.000731619 7.17847e-05
0.000731983 7.25098e-05

0.000731983 7.25098e-05
0.0007323 7.31233e-05

0.0007323 7.31233e-05
0.000732358 7.32349e-05

0.000732358 7.32349e-05
0.000732745 7.396e-05

0.000732745 7.396e-05
0.000733025 7.4471e-05

0.000733025 7.44708e-05
0.000733143 7.46851e-05

0.000733143 7.46851e-05
0.000733552 7.54102e-05

0.000733552 7.54102e-05
0.00073375 7.57532e-05

0.00073375 7.57529e-05
0.000733972 7.61353e-05

0.000733972 7.61353e-05
0.000734402 7.68604e-05

0.000734402 7.68604e-05
0.000734476 7.69827e-05

0.000734476 7.69816e-05
0.000734842 7.75854e-05

0.000734842 7.75854e-05
0.000735201 7.81632e-05

0.000735201 7.81626e-05
0.000735292 7.83105e-05

0.000735292 7.83105e-05
0.000735751 7.90356e-05

0.000735751 7.90356e-05
0.000735926 7.93069e-05

0.000735926 7.93061e-05
0.000736219 7.97607e-05

0.000736219 7.97607e-05
0.000736651 8.0418e-05

0.000736651 8.04173e-05
0.000736695 8.04858e-05

0.000736695 8.04858e-05
0.000737179 8.12109e-05

0.00073718 8.12109e-05
0.000737376 8.15023e-05

0.000737376 8.15012e-05
0.00073767 8.1936e-05

0.000737671 8.1936e-05
0.000738101 8.25632e-05

0.000738101 8.25623e-05
0.000738168 8.26611e-05

0.000738168 8.26611e-05
0.000738672 8.33862e-05

0.000738674 8.33862e-05
0.000738826 8.36079e-05

0.000738826 8.36056e-05
0.000739181 8.41113e-05

0.000739181 8.41113e-05
0.000739551 8.4633e-05

0.000739551 8.46305e-05
0.000739694 8.48364e-05

0.000739696 8.48364e-05
0.000740214 8.55615e-05

0.000740215 8.55615e-05
0.000740276 8.56477e-05

0.000740276 8.56483e-05
0.000740736 8.62866e-05

0.000740736 8.62866e-05
0.000741001 8.66541e-05

0.000741001 8.66526e-05
0.000741261 8.70117e-05

0.000741261 8.70117e-05
0.000741727 8.76514e-05

0.000745407 6.96094e-05
0.000745671 7.03345e-05

0.000745671 7.03345e-05
0.000745939 7.10596e-05

0.000745937 7.10596e-05
0.000746077 7.14291e-05

0.000746077 7.14268e-05
0.000746212 7.17847e-05

0.000746211 7.17847e-05
0.000746489 7.25098e-05

0.000746488 7.25098e-05
0.00074677 7.32349e-05

0.00074677 7.32349e-05
0.000746802 7.33177e-05

0.000746802 7.33175e-05
0.000747055 7.396e-05

0.000747055 7.396e-05
0.000747346 7.46851e-05

0.000747346 7.46851e-05
0.000747527 7.51303e-05

0.000747527 7.51302e-05
0.000747641 7.54102e-05

0.000747641 7.54102e-05
0.00074794 7.61353e-05

0.00074794 7.61353e-05
0.000748245 7.68604e-05

0.000748244 7.68604e-05
0.000748252 7.68791e-05

0.000748252 7.68788e-05
0.000748553 7.75854e-05

0.000748554 7.75854e-05
0.000748867 7.83105e-05

0.000748867 7.83105e-05
0.000748978 7.85636e-05

0.000748978 7.85633e-05
0.000749185 7.90356e-05

0.000749185 7.90356e-05
0.000749507 7.97607e-05

0.000749507 7.97607e-05
0.000749703 8.01946e-05

0.000749703 8.01945e-05
0.000749834 8.04858e-05

0.000749834 8.04858e-05
0.000750166 8.12109e-05

0.000741727 8.76509e-05
0.000741788 8.77368e-05

0.000741789 8.77368e-05
0.000742318 8.84619e-05

0.00074232 8.84619e-05
0.000742452 8.86453e-05

0.000742452 8.86442e-05
0.000742849 8.9187e-05

0.000742849 8.9187e-05
0.000743177 8.96331e-05

0.000743177 8.96307e-05
0.00074338 8.99121e-05

0.000743382 8.99121e-05
0.000743902 9.06202e-05

0.000743902 9.06202e-05
0.000743914 9.06372e-05

0.000743914 9.06372e-05
0.000744447 9.13623e-05

0.000744449 9.13623e-05
0.000744627 9.16098e-05

0.000744627 9.16071e-05
0.00074498 9.20874e-05

0.00074498 9.20874e-05
0.000745352 9.25943e-05

0.000745352 9.25919e-05
0.000745511 9.28125e-05

0.000750166 8.12109e-05
0.000750428 8.17762e-05

0.000750428 8.17761e-05
0.000750502 8.1936e-05

0.000750502 8.1936e-05
0.000750842 8.26611e-05

0.000750842 8.26611e-05
0.000751153 8.33135e-05

0.000751153 8.33135e-05
0.000751187 8.33862e-05

0.000751188 8.33862e-05
0.000751537 8.41113e-05

0.000751537 8.41113e-05
0.000751878 8.48118e-05

0.000751878 8.48118e-05
0.00075189 8.48364e-05

0.00075189 8.48364e-05
0.000752247 8.55615e-05

0.000752247 8.55615e-05
0.000752603 8.62749e-05

0.000752603 8.62748e-05
0.000752609 8.62866e-05

0.000752609 8.62866e-05
0.000752974 8.70117e-05

0.000752974 8.70117e-05
0.000753328 8.77071e-05

0.000753328 8.77071e-05
0.000753343 8.77368e-05

0.000753343 8.77368e-05
0.000753716 8.84619e-05

0.000753716 8.84619e-05
0.000754053 8.91125e-05

0.000754053 8.91125e-05
0.000754092 8.9187e-05

0.000754092 8.9187e-05
0.000754471 8.99121e-05

0.000754471 8.99121e-05
0.000754778 9.04948e-05

0.000754778 9.04948e-05
0.000754853 9.06372e-05

0.000754853 9.06372e-05
0.000755239 9.13623e-05

0.000755239 9.13623e-05
0.000755503 9.18572e-05

0.000755503 9.18571e-05
0.000755627 9.20874e-05

0.000755627 9.20874e-05
0.000756017 9.28125e-05

0.000745512 9.28125e-05
0.000746044 9.35376e-05

0.000746045 9.35376e-05
0.000746077 9.35822e-05

0.000746077 9.35833e-05
0.000746574 9.42627e-05

0.000746575 9.42627e-05
0.000746802 9.45768e-05

0.000746802 9.45749e-05
0.000747103 9.49878e-05

0.000747103 9.49878e-05
0.000747527 9.55701e-05

0.000747527 9.55688e-05
0.00074763 9.57129e-05

0.000747631 9.57129e-05
0.000748157 9.6438e-05

0.000748159 9.6438e-05
0.000748252 9.65696e-05

0.000748252 9.65695e-05
0.000748682 9.71631e-05

0.000748682 9.71631e-05
0.000748978 9.75734e-05

0.000748978 9.75718e-05
0.000749204 9.78882e-05

0.000749205 9.78882e-05
0.000749703 9.85816e-05

0.000749703 9.85815e-05
0.000749725 9.86133e-05

0.000749725 9.86133e-05
0.000750244 9.93384e-05

0.000750245 9.93384e-05
0.000750428 9.95983e-05

0.000750428 9.95963e-05
0.000750761 0.000100063

0.000750761 0.000100063
0.000751153 0.000100616

0.000751153 0.000100614
0.000751274 0.000100789

0.000751275 0.000100789
0.000751787 0.000101514

0.000751789 0.000101514
0.000751878 0.000101643

0.000751878 0.000101642
0.000752297 0.000102239

0.000752298 0.000102239
0.000752603 0.000102675

0.000752603 0.000102673
0.000752805 0.000102964

0.000752806 0.000102964
0.000753311 0.000103689

0.000753312 0.000103689
0.000753328 0.000103712

0.000756017 9.28125e-05
0.000756229 9.32029e-05

0.000756229 9.32028e-05
0.00075641 9.35376e-05

0.00075641 9.35376e-05
0.000756805 9.42627e-05

0.000756805 9.42627e-05
0.000756954 9.45343e-05

0.000756954 9.45342e-05
0.000757202 9.49878e-05

0.000757202 9.49878e-05
0.000757601 9.57129e-05

0.000757601 9.57129e-05
0.000757679 9.58538e-05

0.000757679 9.58537e-05
0.000758001 9.6438e-05

0.000758001 9.6438e-05
0.000758404 9.71631e-05

0.000758404 9.71635e-05
0.000758807 9.78882e-05

0.000758807 9.78882e-05
0.000759129 9.84648e-05

0.000753328 0.000103713
0.000753815 0.000104414

0.000759129 9.84647e-05
0.000759212 9.86133e-05

0.000759212 9.86133e-05
0.000759618 9.93384e-05

0.000759618 9.93384e-05
0.000759854 9.97599e-05

0.000759854 9.97598e-05
0.000760024 0.000100063

0.000760024 0.000100063
0.000760432 0.000100789

0.000760432 0.000100789
0.000760579 0.00010105

0.000760579 0.00010105
0.00076084 0.000101514

0.00076084 0.000101514
0.000761249 0.000102239

0.000761249 0.000102239
0.000761304 0.000102337

0.000761304 0.000102337
0.000761658 0.000102964

0.000761658 0.000102964
0.000762029 0.000103621

0.000762029 0.000103621
0.000762068 0.000103689

0.000762068 0.000103689
0.000762478 0.000104414

0.000753815 0.000104414
0.000754053 0.000104759

0.000754053 0.000104759
0.000754316 0.000105139

0.000754316 0.000105139
0.000754778 0.00010581

0.000754778 0.00010581
0.000754815 0.000105864

0.000754815 0.000105864
0.000755312 0.000106589

0.000755312 0.000106589
0.000755503 0.000106871

0.000755503 0.00010687
0.000755807 0.000107314

0.000755807 0.000107314
0.000756229 0.000107935

0.000756229 0.000107934
0.000756298 0.00010804

0.000756299 0.00010804
0.00075679 0.000108765

0.00075679 0.000108765
0.000756954 0.000109009

0.000756954 0.000109008
0.000757278 0.00010949

0.000757278 0.00010949
0.000757679 0.000110088

0.000757679 0.000110086
0.000757763 0.000110215

0.000757764 0.000110215
0.000758248 0.00011094

0.000758248 0.00011094
0.000758404 0.000111176

0.000758404 0.000111175
0.000758729 0.000111665

0.000758729 0.000111665
0.000759129 0.00011227

0.000762478 0.000104414
0.000762754 0.000104903

0.000762754 0.000104903
0.000762888 0.000105139

0.000762888 0.000105139
0.000763298 0.000105864

0.000763298 0.000105864
0.000763479 0.000106185

0.000763479 0.000106185
0.000763708 0.000106589

0.000763708 0.000106589
0.000764118 0.000107314

0.000764118 0.000107314
0.000764205 0.000107468

0.000764205 0.000107467
0.000764528 0.00010804

0.000764528 0.00010804
0.00076493 0.00010875

0.000759129 0.000112268
0.000759208 0.00011239

0.000759209 0.00011239
0.000759686 0.000113115

0.000759686 0.000113115
0.000759854 0.000113373

0.000759854 0.000113372
0.000760161 0.00011384

0.000760161 0.00011384
0.000760579 0.000114481

0.000760579 0.00011448
0.000760633 0.000114565

0.000760634 0.000114565
0.000761105 0.000115291

0.000761104 0.000115291
0.000761304 0.0001156

0.000761304 0.000115599
0.000761573 0.000116016

0.00076493 0.00010875
0.000764938 0.000108765

0.000764938 0.000108765
0.000765347 0.00010949

0.000765347 0.00010949
0.000765655 0.000110035

0.000765655 0.000110035
0.000765756 0.000110215

0.000765756 0.000110215
0.000766165 0.00011094

0.000766165 0.00011094
0.00076638 0.000111322

0.00076638 0.000111322
0.000766573 0.000111665

0.000766573 0.000111665
0.000766981 0.00011239

0.000766981 0.00011239
0.000767105 0.000112611

0.000767105 0.000112611
0.000767388 0.000113115

0.000767388 0.000113115
0.000767795 0.00011384

0.000767795 0.00011384
0.00076783 0.000113903

0.00076783 0.000113903
0.000768201 0.000114565

0.000768201 0.000114565
0.000768555 0.000115198

0.000768555 0.000115198
0.000768607 0.000115291

0.000768607 0.000115291
0.000769012 0.000116016

0.000761573 0.000116016
0.000762029 0.000116724

0.000762029 0.000116724
0.00076204 0.000116741

0.00076204 0.000116741
0.000762504 0.000117466

0.000762504 0.000117466
0.000762754 0.000117859

0.000762754 0.000117859
0.000762966 0.000118191

0.000762966 0.000118191
0.000763426 0.000118916

0.000763427 0.000118916
0.000763479 0.000119001

0.000763479 0.000119
0.000763884 0.000119641

0.000763884 0.000119641
0.000764205 0.000120151

0.000764205 0.00012015
0.00076434 0.000120366

0.00076434 0.000120366
0.000764794 0.000121091

0.000764794 0.000121091
0.00076493 0.00012131

0.00076493 0.000121309
0.000765246 0.000121816

0.000769012 0.000116016
0.00076928 0.000116498

0.00076928 0.000116498
0.000769416 0.000116741

0.000769416 0.000116741
0.000769819 0.000117466

0.000769819 0.000117466
0.000770005 0.000117801

0.000770005 0.000117801
0.000770222 0.000118191

0.000770222 0.000118191
0.000770624 0.000118916

0.000770624 0.000118916
0.00077073 0.000119109

0.000765246 0.000121816
0.000765655 0.000122476

0.000765655 0.000122475
0.000765695 0.000122542

0.000765695 0.000122542
0.000766143 0.000123267

0.000766143 0.000123267
0.00076638 0.000123653

0.00076638 0.000123652
0.000766588 0.000123992

0.000766588 0.000123992
0.000767032 0.000124717

0.000767032 0.000124717
0.000767105 0.000124838

0.000767105 0.000124837
0.000767473 0.000125442

0.000767473 0.000125442
0.00076783 0.00012603

0.00076783 0.00012603
0.000767913 0.000126167

0.000767913 0.000126167
0.000768351 0.000126892

0.000768351 0.000126892
0.000768555 0.000127233

0.000768555 0.000127232
0.000768786 0.000127617

0.00077073 0.000119109
0.000771025 0.000119641

0.000771025 0.000119641
0.000771425 0.000120366

0.000771425 0.000120366
0.000771456 0.000120422

0.000771456 0.000120422
0.000771824 0.000121091

0.000771824 0.000121091
0.000772181 0.000121739

0.000772181 0.000121739
0.000772223 0.000121816

0.000772223 0.000121816
0.000772621 0.000122542

0.000772621 0.000122542
0.000772906 0.000123062

0.000772906 0.000123062
0.000773018 0.000123267

0.000773018 0.000123267
0.000773414 0.000123992

0.000773414 0.000123992
0.000773631 0.00012439

0.000773631 0.00012439
0.000773809 0.000124717

0.000773809 0.000124717
0.000774203 0.000125442

0.000774203 0.000125442
0.000774356 0.000125724

0.000774356 0.000125724
0.000774596 0.000126167

0.000774596 0.000126167
0.000774988 0.000126892

0.000774988 0.000126892
0.000775081 0.000127064

0.000775081 0.000127064
0.00077538 0.000127617

0.000768786 0.000127617
0.00076922 0.000128342

0.00076922 0.000128342
0.00076928 0.000128444

0.00076928 0.000128443
0.000769652 0.000129067

0.000769652 0.000129067
0.000770005 0.000129663

0.000770005 0.000129662
0.000770082 0.000129792

0.000770082 0.000129792
0.000770511 0.000130518

0.000770511 0.000130518
0.00077073 0.000130891

0.00077073 0.000130891
0.000770937 0.000131243

0.000770937 0.000131243
0.000771362 0.000131968

0.000771362 0.000131968
0.000771456 0.000132128

0.000771456 0.000132128
0.000771785 0.000132693

0.000771785 0.000132693
0.000772181 0.000133373

0.000772181 0.000133373
0.000772207 0.000133418

0.00077538 0.000127617
0.00077577 0.000128342

0.00077577 0.000128342
0.000775806 0.000128409

0.000775806 0.000128409
0.00077616 0.000129067

0.00077616 0.000129067
0.000776531 0.00012976

0.000772207 0.000133418
0.000772626 0.000134143

0.000772626 0.000134143
0.000772906 0.000134628

0.000772906 0.000134628
0.000773045 0.000134868

0.000773045 0.000134868
0.000773461 0.000135593

0.000773461 0.000135593
0.000773631 0.00013589

0.000773631 0.00013589
0.000773876 0.000136318

0.000773876 0.000136318
0.000774289 0.000137043

0.000774289 0.000137043
0.000774356 0.000137161

0.000774356 0.000137161
0.000774701 0.000137769

0.000774701 0.000137769
0.000775081 0.000138439

0.000775081 0.000138439
0.000775112 0.000138494

0.000775112 0.000138494
0.000775521 0.000139219

0.000775521 0.000139219
0.000775806 0.000139726

0.000775806 0.000139726
0.000775928 0.000139944

0.000775928 0.000139944
0.000776335 0.000140669

0.000776335 0.000140669
0.000776531 0.000141021

0.000776531 0.00012976
0.000776549 0.000129792

0.000776549 0.000129792
0.000776937 0.000130518

0.000776937 0.000130518
0.000777256 0.000131117

0.000777256 0.000131117
0.000777324 0.000131243

0.000777324 0.000131243
0.00077771 0.000131968

0.00077771 0.000131968
0.000777981 0.000132479

0.000777981 0.000132479
0.000778095 0.000132693

0.000778095 0.000132693
0.000778479 0.000133418

0.000778479 0.000133418
0.000778707 0.000133848

0.000778707 0.000133848
0.000778863 0.000134143

0.000778863 0.000134143
0.000779245 0.000134868

0.000779245 0.000134868
0.000779432 0.000135222

0.000779432 0.000135222
0.000779627 0.000135593

0.000779627 0.000135593
0.000780008 0.000136318

0.000780008 0.000136318
0.000780157 0.000136602

0.000780157 0.000136602
0.000780388 0.000137043

0.000780388 0.000137043
0.000780767 0.000137769

0.000780767 0.000137769
0.000780882 0.000137988

0.000780882 0.000137988
0.000781146 0.000138494

0.000781146 0.000138494
0.000781524 0.000139219

0.000776531 0.000141021
0.00077674 0.000141394

0.00077674 0.000141394
0.000777143 0.000142119

0.000777143 0.000142119
0.000777256 0.000142323

0.000777256 0.000142323
0.000777546 0.000142844

0.000777546 0.000142844
0.000777947 0.000143569

0.000777947 0.000143569
0.000777981 0.000143633

0.000777981 0.000143632
0.000778347 0.000144294

0.000778347 0.000144294
0.000778707 0.000144948

0.000778707 0.000144948
0.000778746 0.00014502

0.000781524 0.000139219
0.000781607 0.000139379

0.000781607 0.000139379
0.000781901 0.000139944

0.000781901 0.000139944
0.000782277 0.000140669

0.000782277 0.000140669
0.000782332 0.000140775

0.000778746 0.00014502
0.000779143 0.000145745

0.000779143 0.000145745
0.000779432 0.000146271

0.000779432 0.000146271
0.00077954 0.00014647

0.00077954 0.00014647
0.000779936 0.000147195

0.000779936 0.000147195
0.000780157 0.0001476

0.000780157 0.0001476
0.000780331 0.00014792

0.000780331 0.00014792
0.000780725 0.000148645

0.000780725 0.000148645
0.000780882 0.000148935

0.000780882 0.000148935
0.000781118 0.00014937

0.000781118 0.00014937
0.00078151 0.000150095

0.00078151 0.000150095
0.000781607 0.000150274

0.000781607 0.000150274
0.000781902 0.00015082

0.000782332 0.000140775
0.000782653 0.000141394

0.000782653 0.000141394
0.000783028 0.000142119

0.000783028 0.000142119
0.000783057 0.000142175

0.000783057 0.000142175
0.000783403 0.000142844

0.000783403 0.000142844
0.000783776 0.000143569

0.000783776 0.000143569
0.000783782 0.000143581

0.000783782 0.00014358
0.00078415 0.000144294

0.00078415 0.000144294
0.000784507 0.00014499

0.000784507 0.00014499
0.000784523 0.00014502

0.000784523 0.00014502
0.000784895 0.000145745

0.000784895 0.000145745
0.000785232 0.000146403

0.000785232 0.000146403
0.000785267 0.00014647

0.000785267 0.00014647
0.000785638 0.000147195

0.000785638 0.000147195
0.000785958 0.000147819

0.000785958 0.000147819
0.000786009 0.00014792

0.000786009 0.00014792
0.00078638 0.000148645

0.00078638 0.000148645
0.000786683 0.000149237

0.000786683 0.000149237
0.00078675 0.00014937

0.00078675 0.00014937
0.000787121 0.000150095

0.000787121 0.000150095
0.000787408 0.000150658

0.000787408 0.000150658
0.00078749 0.00015082

0.000781902 0.00015082
0.000782293 0.000151545

0.000782293 0.000151545
0.000782332 0.000151619

0.000782332 0.000151618
0.000782683 0.000152271

0.000782683 0.000152271
0.000783057 0.000152966

0.000783057 0.000152966
0.000783073 0.000152996

0.000783073 0.000152996
0.000783462 0.000153721

0.000783462 0.000153721
0.000783782 0.000154317

0.000783782 0.000154317
0.000783851 0.000154446

0.000783851 0.000154446
0.00078424 0.000155171

0.00078424 0.000155171
0.000784507 0.000155671

0.000784507 0.000155671
0.000784628 0.000155896

0.000784628 0.000155896
0.000785016 0.000156621

0.00078749 0.00015082
0.00078786 0.000151545

0.00078786 0.000151545
0.000788133 0.00015208

0.000785016 0.000156621
0.000785232 0.000157026

0.000785232 0.000157026
0.000785404 0.000157346

0.000785404 0.000157346
0.000785792 0.000158071

0.000785791 0.000158071
0.000785958 0.000158382

0.000785958 0.000158382
0.000786179 0.000158796

0.00078618 0.000158796
0.000786568 0.000159521

0.000786567 0.000159521
0.000786683 0.000159737

0.000786683 0.000159737
0.000786956 0.000160247

0.000786956 0.000160247
0.000787344 0.000160972

0.000787344 0.000160972
0.000787408 0.000161091

0.000787408 0.000161091
0.000787733 0.000161697

0.000787733 0.000161697
0.000788122 0.000162422

0.000788133 0.00015208
0.00078823 0.000152271

0.00078823 0.000152271
0.0007886 0.000152996

0.0007886 0.000152996
0.000788858 0.000153502

0.000788858 0.000153502
0.000788969 0.000153721

0.000788969 0.000153721
0.000789339 0.000154446

0.000789339 0.000154446
0.000789583 0.000154924

0.000789583 0.000154924
0.000789709 0.000155171

0.000789709 0.000155171
0.000790079 0.000155896

0.000790079 0.000155896
0.000790308 0.000156344

0.000790308 0.000156344
0.000790449 0.000156621

0.000790449 0.000156621
0.00079082 0.000157346

0.00079082 0.000157346
0.000791033 0.000157762

0.000791033 0.000157762
0.000791191 0.000158071

0.000791191 0.000158071
0.000791563 0.000158796

0.000791563 0.000158796
0.000791758 0.000159177

0.000791758 0.000159177
0.000791935 0.000159521

0.000791935 0.000159521
0.000792308 0.000160247

0.000792308 0.000160247
0.000792483 0.000160586

0.000792483 0.000160586
0.000792682 0.000160972

0.000792682 0.000160972
0.000793057 0.000161697

0.000793057 0.000161697
0.000793208 0.00016199

0.000793208 0.00016199
0.000793432 0.000162422

0.000788122 0.000162422
0.000788133 0.000162442

0.000788133 0.000162442
0.000788512 0.000163147

0.000788512 0.000163147
0.000788858 0.00016379

0.000788858 0.00016379
0.000788902 0.000163872

0.000788902 0.000163872
0.000789294 0.000164597

0.000789294 0.000164597
0.000789583 0.000165132

0.000789583 0.000165132
0.000789686 0.000165322

0.000789686 0.000165322
0.000790079 0.000166047

0.000790079 0.000166047
0.000790308 0.000166469

0.000790308 0.000166469
0.000790473 0.000166772

0.000790473 0.000166772
0.000790869 0.000167498

0.000790868 0.000167498
0.000791033 0.000167799

0.000793432 0.000162422
0.000793809 0.000163147

0.000793809 0.000163147
0.000793934 0.000163386

0.000791033 0.000167798
0.000791265 0.000168223

0.000791266 0.000168223
0.000791664 0.000168948

0.000791663 0.000168948
0.000791758 0.00016912

0.000791758 0.000169119
0.000792064 0.000169673

0.000792064 0.000169673
0.000792466 0.000170398

0.000792465 0.000170398
0.000792483 0.000170431

0.000792483 0.00017043
0.000792869 0.000171123

0.000792869 0.000171123
0.000793208 0.000171729

0.000793208 0.000171729
0.000793275 0.000171848

0.000793275 0.000171848
0.000793683 0.000172573

0.000793683 0.000172573
0.000793934 0.000173015

0.000793934 0.000163386
0.000794187 0.000163872

0.000794187 0.000163872
0.000794566 0.000164597

0.000794566 0.000164597
0.000794659 0.000164774

0.000794659 0.000164774
0.000794947 0.000165322

0.000794947 0.000165322
0.000795329 0.000166047

0.000795329 0.000166047
0.000795384 0.000166152

0.000795384 0.000166152
0.000795712 0.000166772

0.000795712 0.000166772
0.000796098 0.000167498

0.000796098 0.000167498
0.000796109 0.000167518

0.000796109 0.000167518
0.000796486 0.000168223

0.000796486 0.000168223
0.000796834 0.000168871

0.000793934 0.000173015
0.000794094 0.000173298

0.000794094 0.000173298
0.000794507 0.000174023

0.000796834 0.000168871
0.000796875 0.000168948

0.000796875 0.000168948
0.000797268 0.000169673

0.000797267 0.000169673
0.000797559 0.000170209

0.000797559 0.000170209
0.000797662 0.000170398

0.000797662 0.000170398
0.000798059 0.000171123

0.000798059 0.000171123
0.000798284 0.000171531

0.000798284 0.000171531
0.000798459 0.000171848

0.000798459 0.000171848
0.000798863 0.000172573

0.000798863 0.000172573
0.000799009 0.000172835

0.000799009 0.000172835
0.000799269 0.000173298

0.000799269 0.000173298
0.000799679 0.000174023

0.000794507 0.000174023
0.000794659 0.000174288

0.000794659 0.000174288
0.000794923 0.000174749

0.000794923 0.000174749
0.000795343 0.000175474

0.000795342 0.000175474
0.000795384 0.000175546

0.000795384 0.000175545
0.000795765 0.000176199

0.000795765 0.000176199
0.000796109 0.000176784

0.000796109 0.000176784
0.000796191 0.000176924

0.000796191 0.000176924
0.000796621 0.000177649

0.00079662 0.000177649
0.000796834 0.000178006

0.000799679 0.000174023
0.000799734 0.00017412

0.000796834 0.000178006
0.000797054 0.000178374

0.000797055 0.000178374
0.000797493 0.000179099

0.000797493 0.000179099
0.000797559 0.000179209

0.000797559 0.000179208
0.000797936 0.000179824

0.000797935 0.000179824
0.000798284 0.000180388

0.000798284 0.000180388
0.000798383 0.000180549

0.000798384 0.000180549
0.000798837 0.000181274

0.000798836 0.000181274
0.000799009 0.000181548

0.000799009 0.000181547
0.000799296 0.000182

0.000799296 0.000182
0.000799734 0.000182684

0.000799734 0.00017412
0.000800093 0.000174749

0.000800093 0.000174749
0.000800459 0.000175384

0.000800459 0.000175383
0.000800511 0.000175474

0.000800511 0.000175474
0.000800934 0.000176199

0.000800934 0.000176199
0.000801185 0.000176624

0.000801185 0.000176624
0.000801362 0.000176924

0.000801361 0.000176924
0.000801794 0.000177649

0.000801794 0.000177649
0.00080191 0.00017784

0.00080191 0.00017784
0.000802232 0.000178374

0.000802232 0.000178374
0.000802635 0.000179031

0.000802635 0.00017903
0.000802676 0.000179099

0.000802677 0.000179099
0.000803127 0.000179824

0.000799734 0.000182683
0.00079976 0.000182725

0.000799761 0.000182725
0.000800232 0.00018345

0.000800232 0.00018345
0.000800459 0.000183794

0.000800459 0.000183794
0.000800711 0.000184175

0.000800711 0.000184175
0.000801185 0.000184882

0.000801185 0.000184881
0.000801197 0.0001849

0.000801197 0.0001849
0.000801691 0.000185625

0.000803127 0.000179824
0.00080336 0.000180193

0.00080336 0.000180193
0.000803585 0.000180549

0.000803585 0.000180549
0.00080405 0.000181274

0.000804051 0.000181274
0.000804085 0.000181328

0.000804085 0.000181329
0.000804523 0.000182

0.000804523 0.000182
0.00080481 0.000182432

0.00080481 0.000182432
0.000805004 0.000182725

0.000805004 0.000182725
0.000805496 0.00018345

0.000805497 0.00018345
0.000805535 0.000183506

0.000805535 0.000183507
0.000805997 0.000184175

0.000805997 0.000184175
0.00080626 0.000184548

0.00080626 0.000184548
0.000806509 0.0001849

0.000806508 0.0001849
0.000806985 0.00018556

0.000806985 0.00018556
0.000807032 0.000185625

0.000801691 0.000185625
0.00080191 0.000185942

0.00080191 0.000185941
0.000802194 0.00018635

0.000802194 0.00018635
0.000802635 0.000186975

0.000802635 0.000186974
0.000802705 0.000187075

0.000802706 0.000187075
0.000803227 0.0001878

0.00080323 0.0001878
0.00080336 0.000187982

0.00080336 0.000187981
0.00080376 0.000188525

0.00080376 0.000188525
0.000804085 0.000188959

0.000804085 0.000188957
0.000804302 0.00018925

0.000804304 0.00018925
0.00080481 0.00018991

0.00080481 0.00018991
0.00080486 0.000189976

0.00080486 0.000189976
0.00080543 0.000190701

0.000805432 0.000190701
0.000805535 0.000190831

0.000807032 0.000185625
0.000807569 0.00018635

0.000807571 0.00018635
0.00080771 0.000186538

0.00080771 0.000186538
0.000808119 0.000187075

0.00080812 0.000187075
0.000808436 0.000187483

0.000805535 0.000190833
0.000806013 0.000191426

0.000808436 0.000187479
0.000808682 0.0001878

0.000808684 0.0001878
0.000809161 0.000188395

0.000809161 0.000188395
0.000809265 0.000188525

0.000809265 0.000188525
0.000809864 0.00018925

0.000809867 0.00018925
0.000809886 0.000189273

0.000809886 0.000189276
0.000810482 0.000189976

0.000810485 0.000189976
0.000810611 0.00019012

0.000810611 0.000190122
0.00081112 0.000190701

0.000811124 0.000190701
0.000811336 0.000190936

0.000806016 0.000191426
0.00080626 0.000191726

0.00080626 0.000191724
0.000806611 0.000192151

0.000806615 0.000192151
0.000806985 0.000192593

0.000806985 0.00019259
0.000807228 0.000192876

0.000807229 0.000192876
0.00080771 0.000193428

0.00080771 0.000193427
0.000807864 0.000193601

0.000807863 0.000193601
0.000808436 0.000194236

0.000808436 0.000194236
0.000808518 0.000194326

0.000808517 0.000194326
0.000809161 0.000195016

0.000809161 0.000195017
0.000809193 0.000195051

0.000809193 0.000195051
0.000809886 0.000195769

0.000809886 0.000195769
0.000809893 0.000195776

0.000809892 0.000195776
0.000810611 0.000196494

0.000810611 0.000196494
0.000810619 0.000196501

0.000810619 0.000196501
0.000811336 0.000197191

0.000811336 0.000190935
0.00081178 0.000191426

0.000811786 0.000191426
0.000812061 0.00019172

0.000812061 0.000191721
0.000812469 0.000192151

0.000812472 0.000192151
0.000812786 0.000192473

0.000812786 0.000192475
0.000813185 0.000192876

0.000813186 0.000192876
0.000813511 0.000193195

0.000813511 0.000193198
0.000813933 0.000193601

0.000813932 0.000193601
0.000814236 0.000193887

0.000811336 0.000197191
0.000811374 0.000197227

0.000814236 0.000193891
0.000814715 0.000194326

0.000814713 0.000194326
0.000814961 0.00019455

0.000814961 0.000194553
0.000815531 0.000195051

0.000815531 0.000195051
0.000815687 0.000195185

0.000815687 0.000195187
0.000816389 0.000195776

0.000816391 0.000195776
0.000816412 0.000195793

0.000816412 0.000195795
0.000817137 0.000196377

0.000817137 0.000196378
0.000817298 0.000196501

0.000817299 0.000196501
0.000817862 0.000196933

0.000817862 0.000196935
0.000818259 0.000197227

0.000811375 0.000197227
0.000812061 0.000197862

0.000812061 0.000197861
0.000812161 0.000197952

0.000812162 0.000197952
0.000812786 0.000198507

0.000812786 0.000198507
0.000812983 0.000198677

0.000812984 0.000198677
0.000813511 0.000199126

0.000813511 0.00019913
0.000813845 0.000199402

0.000813843 0.000199402
0.000814236 0.000199719

0.000814236 0.000199724
0.000814747 0.000200127

0.000814748 0.000200127
0.000814961 0.000200291

0.000814961 0.000200295
0.000815687 0.000200843

0.000815687 0.000200843
0.000815699 0.000200852

0.0008157 0.000200852
0.000816412 0.000201368

0.000816412 0.000201369
0.000816712 0.000201577

0.000816714 0.000201577
0.000817137 0.000201871

0.000818261 0.000197227
0.000818587 0.000197463

0.000818587 0.000197467
0.000819278 0.000197952

0.000819281 0.000197952
0.000819312 0.000197973

0.000819312 0.000197975
0.000820037 0.000198462

0.000817137 0.000201872
0.000817783 0.000202302

0.000817787 0.000202302
0.000817862 0.00020235

0.000817862 0.000202354
0.000818587 0.000202815

0.000818587 0.000202816
0.000818933 0.000203027

0.000820037 0.000198463
0.00082037 0.000198677

0.000820373 0.000198677
0.000820762 0.000198927

0.000820762 0.000198928
0.000821487 0.000199375

0.000821487 0.000199375
0.000821533 0.000199402

0.000821535 0.000199402
0.000822212 0.000199802

0.000822212 0.000199803
0.000822782 0.000200127

0.000822787 0.000200127
0.000822937 0.000200213

0.000818937 0.000203027
0.000819312 0.000203256

0.000819312 0.000203257
0.000820037 0.000203681

0.000820037 0.000203681
0.000820165 0.000203752

0.000820167 0.000203752
0.000820762 0.000204086

0.000820762 0.000204086
0.000821487 0.000204476

0.000821487 0.000204475
0.000821492 0.000204478

0.000821493 0.000204478
0.000822212 0.000204849

0.000822212 0.000204849
0.000822924 0.000205203

0.00082293 0.000205203
0.000822937 0.000205206

0.000822937 0.000200214
0.000823663 0.000200611

0.000823663 0.000200611
0.000824117 0.000200852

0.00082412 0.000200852
0.000824388 0.000200994

0.000824388 0.000200994
0.000825113 0.000201367

0.000825113 0.000201367
0.000825531 0.000201577

0.000825533 0.000201577
0.000825838 0.00020173

0.000825838 0.00020173
0.000826563 0.000202087

0.000826563 0.000202087
0.000827006 0.000202302

0.000827007 0.000202302
0.000827288 0.000202439

0.000827288 0.000202438
0.000828013 0.000202789

0.000828013 0.000202789
0.000828505 0.000203027

0.000822937 0.000205208
0.000823663 0.000205556

0.000823663 0.000205556
0.000824388 0.000205894

0.000824388 0.000205893
0.000824463 0.000205928

0.000824465 0.000205928
0.000825113 0.000206221

0.000825113 0.000206221
0.000825838 0.000206543

0.000828505 0.000203027
0.000828738 0.00020314

0.000825838 0.000206543
0.000826088 0.000206653

0.000826089 0.000206653
0.000826563 0.000206861

0.000826563 0.00020686
0.000827288 0.000207177

0.000827288 0.000207175
0.000827743 0.000207378

0.000827745 0.000207378
0.000828013 0.000207496

0.000828013 0.000207494
0.000828738 0.000207818

0.000828738 0.00020314
0.000829463 0.000203495

0.000829463 0.000203494
0.00082998 0.000203752

0.000829978 0.000203752
0.000830188 0.000203858

0.000830188 0.000203856
0.000830914 0.000204229

0.000830914 0.000204228
0.000831383 0.000204478

0.00083138 0.000204478
0.000831639 0.000204615

0.000828738 0.000207817
0.000829361 0.000208103

0.000829357 0.000208103
0.000829463 0.000208152

0.000829463 0.00020815
0.000830188 0.000208496

0.000830188 0.000208494
0.000830854 0.000208828

0.000831639 0.000204613
0.000832364 0.000205017

0.000832364 0.000205015
0.000832684 0.000205203

0.000832681 0.000205203
0.000833089 0.000205441

0.000833089 0.000205439
0.000833814 0.000205889

0.000833814 0.000205889
0.000833875 0.000205928

0.000833873 0.000205928
0.000834539 0.000206368

0.000834539 0.000206365
0.000834948 0.000206653

0.000834942 0.000206653
0.000835264 0.00020688

0.000835264 0.000206876
0.000835927 0.000207378

0.000835917 0.000207378
0.000835989 0.000207433

0.000835989 0.000207425
0.000836714 0.000208017

0.000836714 0.000208017
0.000836816 0.000208103

0.000836813 0.000208103
0.000837439 0.000208654

0.000837439 0.000208654
0.000837629 0.000208828

0.000830846 0.000208828
0.000830914 0.000208862

0.000830914 0.000208857
0.000831639 0.000209245

0.000831639 0.000209242
0.000832182 0.000209553

0.000832172 0.000209553
0.000832364 0.000209663

0.000832364 0.000209658
0.000833089 0.000210108

0.000833089 0.000210107
0.000833347 0.000210278

0.000833341 0.000210278
0.000833814 0.000210598

0.000833814 0.000210593
0.000834368 0.000211003

0.000834357 0.000211003
0.000834539 0.000211139

0.000834539 0.000211132
0.000835264 0.000211719

0.000835264 0.000211719
0.000835275 0.000211729

0.00083526 0.000211729
0.000835264 0.000211732

0.00083527 0.000211729
0.000835989 0.000212351

0.000835989 0.000212342
0.000836883 0.000213179

0.000836864 0.000213179
0.000837439 0.000213764

0.000837624 0.000208828
0.000838165 0.000209339

0.000838165 0.00020934
0.000838379 0.000209553

0.000838378 0.000209553
0.00083889 0.000210083

0.00083889 0.000210081
0.000839075 0.000210278

0.000839075 0.000210278
0.000839615 0.000210873

0.000839615 0.000210872
0.000839732 0.000211003

0.00083973 0.000211003
0.00084034 0.000211707

0.000837439 0.000213763
0.000837576 0.000213904

0.000837576 0.000213904
0.000838165 0.000214522

0.000838165 0.000214521
0.000838266 0.000214629

0.000838265 0.000214629
0.00083889 0.000215298

0.00083889 0.000215298
0.000838942 0.000215354

0.000838942 0.000215354
0.000839609 0.000216079

0.000839607 0.000216079
0.000839615 0.000216088

0.000839615 0.00021609
0.000840267 0.000216804

0.000840269 0.000216804
0.00084034 0.000216882

0.00084034 0.000211707
0.000840358 0.000211729

0.000840356 0.000211729
0.000840962 0.000212454

0.000840961 0.000212454
0.000841065 0.00021258

0.000841065 0.000212581
0.000841555 0.000213179

0.000841556 0.000213179
0.00084179 0.000213471

0.00084179 0.000213468
0.000842141 0.000213904

0.000842143 0.000213904
0.000842515 0.000214364

0.000842515 0.000214361
0.00084273 0.000214629

0.00084034 0.000216884
0.000840929 0.000217529

0.000842731 0.000214629
0.00084324 0.000215254

0.000840931 0.000217529
0.000841065 0.000217676

0.000841065 0.000217676
0.000841588 0.000218254

0.000841591 0.000218254
0.00084179 0.000218476

0.00084179 0.000218474
0.000842236 0.000218979

0.000842241 0.000218979
0.000842515 0.0002193

0.000842515 0.000219294
0.000842857 0.000219705

0.000842865 0.000219705
0.00084324 0.000220179

0.00084324 0.000215254
0.000843322 0.000215354

0.000843322 0.000215354
0.000843915 0.000216079

0.000843917 0.000216079
0.000843965 0.000216139

0.000843965 0.00021614
0.000844506 0.000216804

0.000844509 0.000216804
0.00084469 0.000217033

0.00084469 0.000217032
0.000845087 0.000217529

0.00084324 0.000220172
0.000843437 0.00022043

0.00084509 0.000217529
0.000845416 0.00021795

0.000845416 0.000217945
0.000845649 0.000218254

0.000845654 0.000218254
0.000846141 0.000218915

0.000843444 0.00022043
0.000843955 0.000221155

0.000843954 0.000221155
0.000843965 0.000221174

0.000843965 0.000221165
0.000844391 0.00022188

0.000844395 0.00022188
0.00084469 0.000222516

0.00084469 0.000222514
0.000844733 0.000222605

0.000844735 0.000222605
0.000844963 0.00022333

0.00084469 0.000226188
0.000844677 0.00022623

0.000844966 0.00022333
0.000845074 0.000224055

0.000845074 0.000224055
0.000845055 0.00022478

0.000845051 0.00022478
0.000844914 0.000225505

0.00084469 0.000226189
0.000844905 0.000225505

0.00084324 0.000230263
0.000843172 0.000230581

0.000843172 0.000230581
0.000843068 0.000231306

0.000843067 0.000231306
0.000843018 0.000232031

0.000844668 0.00022623
0.000844386 0.000226956

0.000844377 0.000226956
0.000844079 0.000227681

0.000843965 0.000227956
0.00084379 0.000228406

0.000843787 0.000228406
0.000843537 0.000229131

0.000843965 0.000227958
0.000844074 0.000227681

0.000843535 0.000229131
0.000843329 0.000229856

0.00084324 0.000230267
0.000843329 0.000229856

0.000846141 0.000218914
0.000846188 0.000218979

0.00084619 0.000218979
0.000846689 0.000219705

0.000846689 0.000219705
0.000846866 0.000219984

0.000846866 0.000219982
0.000847149 0.00022043

0.000847148 0.00022043
0.000847569 0.000221155

0.000847564 0.000221155
0.000847591 0.000221205

0.000847591 0.000221201
0.000847955 0.00022188

0.000847948 0.00022188
0.000848316 0.000222588

0.000848311 0.000222605
0.000848316 0.000222615

0.000848316 0.000222587
0.000848325 0.000222605

0.000848316 0.000222617
0.000848719 0.00022333

0.000848696 0.00022333
0.000849041 0.000223812

0.000849041 0.000223812
0.000849221 0.000224055

0.000849214 0.000224055
0.000849766 0.000224617

0.000849766 0.000224617
0.000849972 0.00022478

0.000849998 0.00022478
0.000850491 0.00022515

0.000850491 0.000225143
0.000851102 0.000225505

0.000851134 0.000225505
0.000851216 0.000225553

0.000851216 0.000225551
0.000851941 0.000225934

0.000851941 0.000225925
0.000852505 0.00022623

0.000852506 0.00022623
0.000852667 0.000226317

0.000852667 0.000226309
0.000853392 0.000226747

0.000853392 0.000226743
0.0008537 0.000226956

0.000853693 0.000226956
0.000854117 0.000227257

0.000854117 0.000227248
0.000854631 0.000227681

0.000854618 0.000227681
0.000854842 0.000227886

0.000854842 0.000227868
0.000855349 0.000228406

0.000855342 0.000228406
0.000855567 0.000228692

0.000855567 0.000228683
0.000855904 0.000229131

0.000855901 0.000229131
0.000856292 0.000229773

0.000856292 0.000229771
0.000856341 0.000229856

0.00085634 0.000229856
0.000856678 0.000230581

0.000856675 0.000230581
0.000856921 0.000231306

0.000856919 0.000231306
0.000857017 0.000231745

0.000857017 0.000231744
0.000857081 0.000232031

0.000843017 0.000232031
0.000843024 0.000232756

0.000843023 0.000232756
0.000843089 0.000233481

0.000843088 0.000233481
0.000843216 0.000234207

0.000843215 0.000234207
0.00084324 0.000234298

0.00084324 0.000234305
0.000843411 0.000234932

0.000843408 0.000234932
0.000843684 0.000235657

0.00084368 0.000235657
0.000843965 0.000236216

0.000843965 0.00023622
0.000844048 0.000236382

0.000844044 0.000236382
0.00084453 0.000237107

0.000844538 0.000237107
0.00084469 0.0002373

0.00084469 0.000237307
0.00084515 0.000237832

0.000845167 0.000237832
0.000845416 0.000238074

0.000845416 0.00023809
0.00084598 0.000238557

0.000846001 0.000238557
0.000846141 0.000238661

0.000846141 0.000238676
0.000846866 0.000239136

0.000846866 0.000239137
0.000847168 0.000239282

0.000847189 0.000239282
0.000847591 0.000239475

0.000847591 0.000239477
0.000848316 0.000239729

0.000848316 0.000239727
0.000849041 0.00023989

0.000849041 0.000239888
0.000849766 0.000239971

0.000849766 0.00023997
0.000850491 0.000239977

0.000850491 0.000239978
0.000851216 0.000239909

0.000851216 0.000239909
0.000851941 0.000239762

0.00085708 0.000232031
0.000857161 0.000232756

0.000857161 0.000232756
0.000857164 0.000233481

0.000857017 0.000234534
0.00085693 0.000234932

0.000857165 0.000233481
0.000857088 0.000234207

0.000857017 0.000234531
0.000857088 0.000234207

0.000855567 0.000237479
0.000855258 0.000237832

0.000856292 0.000236457
0.00085587 0.000237107

0.000855567 0.000237485
0.000855866 0.000237107

0.000856932 0.000234932
0.000856683 0.000235657

0.000856687 0.000235657
0.000856336 0.000236382

0.000856292 0.000236461
0.000856339 0.000236382

0.000853392 0.000239213
0.000853236 0.000239282

0.000851941 0.000239762
0.000852667 0.000239535

0.000852667 0.000239547
0.000853262 0.000239282

0.000853392 0.000239222
0.000854117 0.000238787

0.000854842 0.000238228
0.000854419 0.000238557

0.000854117 0.000238791
0.000854438 0.000238557

0.000854842 0.000238233
0.000855262 0.000237832

0.000886746 0.000367616
0.000886745 0.000367625

0.000886743 0.000367625
0.000886736 0.00036835

0.000886733 0.00036835
0.000886746 0.000368471

0.000889646 0.000362042
0.0008891 0.000362549

0.000888196 0.000363644
0.00088795 0.000363999

0.000887471 0.000364891
0.000887226 0.000365449

0.000887949 0.000363999
0.000887541 0.000364724

0.000887471 0.000364888
0.000887543 0.000364724

0.000888921 0.000362739
0.000888459 0.000363274

0.000888196 0.000363641
0.000888457 0.000363274

0.000888921 0.000362735
0.000889098 0.000362549

0.000891097 0.000361057
0.000891026 0.000361099

0.000890372 0.000361487
0.000889928 0.000361824

0.000889646 0.000362031
0.00088991 0.000361824

0.000890372 0.000361476
0.000890983 0.000361099

0.000891097 0.00036104
0.000891822 0.000360688

0.000891822 0.000360681
0.000892547 0.000360422

0.000887226 0.000365449
0.000886988 0.000366174

0.000886989 0.000366174
0.000886829 0.000366899

0.000886746 0.000367613
0.000886829 0.000366899

0.000886746 0.000368471
0.000886812 0.000369075

0.000886808 0.000369075
0.000886987 0.0003698

0.000886978 0.0003698
0.000887282 0.000370525

0.000887269 0.000370525
0.000887471 0.000370844

0.000887471 0.000370835
0.000887746 0.00037125

0.000893272 0.000360263
0.000892796 0.000360374

0.000892547 0.000360425
0.000892766 0.000360374

0.000893272 0.000360258
0.000893997 0.00036017

0.000893997 0.000360168
0.000894722 0.000360172

0.000894722 0.000360168
0.000895447 0.000360278

0.000895447 0.000360263
0.000895789 0.000360374

0.000895735 0.000360374
0.000896172 0.000360515

0.000896172 0.000360494
0.000896897 0.000360888

0.000896897 0.000360881
0.000897195 0.000361099

0.000897164 0.000361099
0.000897623 0.000361487

0.000897623 0.000361482
0.000897935 0.000361824

0.000897927 0.000361824
0.000898348 0.000362413

0.000896897 0.000370709
0.000896318 0.00037125

0.000898348 0.00036866
0.000898133 0.000369075

0.000898136 0.000369075
0.000897659 0.0003698

0.000897623 0.000369852
0.000897069 0.000370525

0.000896897 0.000370709
0.00089707 0.000370525

0.000897623 0.000369855
0.000897664 0.0003698

0.000898348 0.000362406
0.000898438 0.000362549

0.000898432 0.000362549
0.000898785 0.000363274

0.000898777 0.000363274
0.000899005 0.000363999

0.000899001 0.000363999
0.000899073 0.000364411

0.000899073 0.000364411
0.000899127 0.000364724

0.000899125 0.000364724
0.000899163 0.000365449

0.000899073 0.000366437
0.000898994 0.000366899

0.000899162 0.000365449
0.000899118 0.000366174

0.000899073 0.000366437
0.000899117 0.000366174

0.000898995 0.000366899
0.000898792 0.000367625

0.000898794 0.000367625
0.000898508 0.00036835

0.000898348 0.000368663
0.00089851 0.00036835

0.000887753 0.00037125
0.000888196 0.000371734

0.000888196 0.000371747
0.000888462 0.000371975

0.000888497 0.000371975
0.000888921 0.000372305

0.000888921 0.000372323
0.000889596 0.0003727

0.000889612 0.0003727
0.000889646 0.000372718

0.000889646 0.000372715
0.000890372 0.000372968

0.000890372 0.000372963
0.000891097 0.000373098

0.000891097 0.000373095
0.000891822 0.000373126

0.000891822 0.000373124
0.000892547 0.00037306

0.000893997 0.000372653
0.000893856 0.0003727

0.000892547 0.000373059
0.000893272 0.000372906

0.000893272 0.000372908
0.000893897 0.0003727

0.000893997 0.000372665
0.000894722 0.000372336

0.000895447 0.000371897
0.000895314 0.000371975

0.000894722 0.000372344
0.000895348 0.000371975

0.000895447 0.000371916
0.000896172 0.000371376

0.000896172 0.000371377
0.000896323 0.00037125

0.000901973 0.000649684
0.000902698 0.000649257

0.000902698 0.000649254
0.000903423 0.000649007

0.000904148 0.000648948
0.000904008 0.000648962

0.000903423 0.000649012
0.000903907 0.000648962

0.000904148 0.000648916
0.000904425 0.000648962

0.000904366 0.000648962
0.000904874 0.000649047

0.000904874 0.000649033
0.000905599 0.000649407

0.000905599 0.000649406
0.00090595 0.000649688

0.000869344 0.000694506
0.000869197 0.000694644

0.000868619 0.00069524
0.000868505 0.000695369

0.000868494 0.000695369
0.000867917 0.000696094

0.000868619 0.000695229
0.000869181 0.000694644

0.000866443 0.000699156
0.000866304 0.000699719

0.000866304 0.000699719
0.000866191 0.000700444

0.000866191 0.000700444
0.000866148 0.000701169

0.000866146 0.000701169
0.000866177 0.000701895

0.000867168 0.000697325
0.000867049 0.000697544

0.000867894 0.000696134
0.00086744 0.000696819

0.000867168 0.000697318
0.000867441 0.000696819

0.000867048 0.000697544
0.00086673 0.000698269

0.000866731 0.000698269
0.000866483 0.000698994

0.000867894 0.000696134
0.000867921 0.000696094

0.000866443 0.000699157
0.000866484 0.000698994

0.000866174 0.000701895
0.000866287 0.00070262

0.00086628 0.00070262
0.000866443 0.000703162

0.000866443 0.000703165
0.000866498 0.000703345

0.000866482 0.000703345
0.000866854 0.00070407

0.000866846 0.00070407
0.000867168 0.00070449

0.000867168 0.000704488
0.000867438 0.000704795

0.00086746 0.000704795
0.000867894 0.000705172

0.000867894 0.000705197
0.000868413 0.00070552

0.000868443 0.00070552
0.000868619 0.000705622

0.000868619 0.000705628
0.000869344 0.000705877

0.000871519 0.00069293
0.000871087 0.000693193

0.000871519 0.000692929
0.000872244 0.000692556

0.000870069 0.000693896
0.00087004 0.000693918

0.000869344 0.000694494
0.000870021 0.000693918

0.000870069 0.000693885
0.000870794 0.000693366

0.000870794 0.000693366
0.000871077 0.000693193

0.000872969 0.000692249
0.000872461 0.000692468

0.000872244 0.000692558
0.000872452 0.000692468

0.000872969 0.000692248
0.000873694 0.000691984

0.000875145 0.000691591
0.000874529 0.000691743

0.000873694 0.000691986
0.000874419 0.000691768

0.000874419 0.000691769
0.000874523 0.000691743

0.000875145 0.000691592
0.00087587 0.000691447

0.00087587 0.000691448
0.000876595 0.000691334

0.000876595 0.000691335
0.00087732 0.000691247

0.00087732 0.000691248
0.000878045 0.000691182

0.000878045 0.000691183
0.00087877 0.000691133

0.00087877 0.000691134
0.000879495 0.000691098

0.000879495 0.000691099
0.00088022 0.000691071

0.00088022 0.000691072
0.000880945 0.000691048

0.000880945 0.000691049
0.00088167 0.000691026

0.000882396 0.000691
0.000881905 0.000691018

0.00088167 0.000691027
0.000881904 0.000691018

0.000882396 0.000691001
0.000883121 0.000690967

0.000883121 0.000690968
0.000883846 0.000690924

0.000883846 0.000690925
0.000884571 0.000690868

0.000884571 0.000690869
0.000885296 0.000690796

0.000885296 0.000690797
0.000886021 0.000690706

0.000886021 0.000690707
0.000886746 0.000690596

0.000884571 0.000695991
0.000884329 0.000696094

0.000884571 0.000695992
0.000885296 0.000695682

0.000885296 0.000695683
0.000886021 0.00069537

0.000886746 0.000695052
0.000886026 0.000695369

0.000886021 0.00069537
0.000886024 0.000695369

0.000888921 0.000690127
0.000888258 0.000690293

0.000888921 0.000690128
0.000889646 0.00068992

0.000889646 0.000689921
0.000890372 0.000689685

0.000891097 0.000689421
0.000890693 0.000689568

0.000890372 0.000689686
0.000890696 0.000689568

0.000892547 0.000688797
0.000892446 0.000688843

0.000891097 0.000689422
0.000891822 0.000689127

0.000891822 0.000689127
0.000892452 0.000688843

0.000886746 0.000690597
0.000887471 0.000690464

0.000887471 0.000690464
0.000888196 0.000690308

0.000888196 0.000690308
0.000888256 0.000690293

0.000888196 0.000694391
0.000887651 0.000694644

0.000886746 0.000695053
0.000887471 0.000694726

0.000887471 0.000694727
0.000887651 0.000694644

0.000888196 0.000694391
0.000888921 0.000694045

0.000889646 0.000693686
0.000889177 0.000693918

0.000888921 0.000694045
0.000889177 0.000693918

0.000891097 0.000692924
0.000890594 0.000693193

0.000891097 0.000692924
0.000891822 0.000692518

0.000892547 0.000692093
0.000891907 0.000692468

0.000891822 0.000692518
0.000891907 0.000692468

0.000889646 0.000693686
0.000890372 0.000693313

0.000890372 0.000693313
0.000890595 0.000693193

0.000901248 0.000650328
0.000901169 0.000650413

0.000901154 0.000650413
0.000900601 0.000651138

0.000900523 0.000651328
0.000900254 0.000651863

0.000900267 0.000651863
0.000900028 0.000652588

0.000900523 0.000651326
0.000900618 0.000651138

0.000899798 0.000654007
0.000899794 0.000654038

0.000899795 0.000654038
0.00089976 0.000654763

0.000899761 0.000654763
0.000899775 0.000655488

0.000900035 0.000652588
0.000899881 0.000653313

0.000899798 0.000654004
0.000899884 0.000653313

0.000901248 0.000650308
0.000901945 0.000649687

0.000899776 0.000655488
0.000899798 0.000655765

0.000899798 0.000655764
0.000899834 0.000656213

0.000899835 0.000656213
0.000899934 0.000656938

0.000899934 0.000656938
0.000900071 0.000657664

0.000900072 0.000657664
0.000900244 0.000658389

0.000900245 0.000658389
0.000900447 0.000659114

0.000900449 0.000659114
0.000900523 0.000659349

0.000900523 0.000659349
0.000900678 0.000659839

0.000900678 0.000659839
0.000900929 0.000660564

0.00090093 0.000660564
0.000901198 0.000661289

0.0009012 0.000661289
0.000901248 0.000661413

0.000901248 0.000661414
0.00090148 0.000662014

0.000901481 0.000662014
0.000901767 0.000662739

0.000901769 0.000662739
0.000901973 0.000663254

0.000901973 0.000663254
0.000902056 0.000663464

0.000902058 0.000663464
0.00090234 0.000664189

0.000902341 0.000664189
0.000902612 0.000664915

0.000902614 0.000664915
0.000902698 0.000665157

0.000902698 0.000665159
0.000902866 0.00066564

0.000902867 0.00066564
0.000903099 0.000666365

0.0009031 0.000666365
0.000903306 0.00066709

0.000903306 0.00066709
0.000903423 0.000667569

0.000903423 0.000667569
0.000903483 0.000667815

0.000903484 0.000667815
0.000903631 0.00066854

0.000903631 0.00066854
0.000903748 0.000669265

0.000903748 0.000669265
0.000903832 0.00066999

0.000903832 0.00066999
0.000903885 0.000670715

0.000903885 0.000670715
0.000903905 0.00067144

0.000903905 0.00067144
0.000903895 0.000672166

0.000903895 0.000672166
0.000903853 0.000672891

0.000905927 0.000649687
0.000906324 0.000650097

0.000906324 0.000650088
0.000906573 0.000650413

0.000906566 0.000650413
0.000906975 0.000651138

0.000906962 0.000651138
0.000907049 0.000651391

0.000907049 0.000651399
0.000907208 0.000651863

0.000907198 0.000651863
0.000907338 0.000652588

0.000907331 0.000652588
0.000907396 0.000653313

0.00090739 0.000653313
0.000907405 0.000654038

0.000907401 0.000654038
0.000907384 0.000654763

0.000907381 0.000654763
0.000907344 0.000655488

0.000907049 0.000659138
0.000906988 0.000659839

0.000906987 0.000659839
0.000906925 0.000660564

0.000906925 0.000660564
0.000906864 0.000661289

0.000907342 0.000655488
0.000907293 0.000656213

0.000907292 0.000656213
0.000907236 0.000656938

0.000907236 0.000656938
0.000907176 0.000657664

0.000907176 0.000657664
0.000907114 0.000658389

0.000907114 0.000658389
0.000907051 0.000659114

0.000907049 0.00065914
0.000907051 0.000659114

0.000906864 0.000661289
0.000906806 0.000662014

0.000906806 0.000662014
0.000906754 0.000662739

0.000906753 0.000662739
0.000906707 0.000663464

0.000906707 0.000663464
0.000906666 0.000664189

0.000906666 0.000664189
0.000906631 0.000664915

0.000906631 0.000664915
0.0009066 0.00066564

0.000906601 0.00066564
0.000906572 0.000666365

0.000906572 0.000666365
0.000906544 0.00066709

0.000906544 0.00066709
0.000906514 0.000667815

0.000906514 0.000667815
0.000906479 0.00066854

0.000906479 0.00066854
0.000906437 0.000669265

0.000906438 0.000669265
0.000906386 0.00066999

0.000906324 0.000670694
0.000906322 0.000670715

0.000906322 0.000670715
0.000906244 0.00067144

0.000906324 0.000670694
0.000906386 0.00066999

0.000906244 0.00067144
0.00090615 0.000672166

0.00090615 0.000672166
0.000906039 0.000672891

0.000903853 0.000672891
0.00090378 0.000673616

0.00090378 0.000673616
0.000903676 0.000674341

0.000903423 0.000675572
0.000903373 0.000675791

0.000903676 0.000674341
0.00090354 0.000675066

0.000903423 0.000675572
0.00090354 0.000675066

0.000902698 0.000677913
0.000902679 0.000677966

0.000902679 0.000677966
0.000902382 0.000678691

0.000903373 0.000675791
0.000903174 0.000676516

0.000903174 0.000676516
0.000902943 0.000677241

0.000902698 0.000677914
0.000902943 0.000677241

0.000901248 0.000680912
0.000900828 0.000681592

0.000899798 0.000683039
0.000899795 0.000683042

0.000899073 0.000683916
0.000898551 0.000684492

0.000899798 0.000683043
0.000899204 0.000683767

0.000899073 0.000683918
0.000899203 0.000683767

0.000900523 0.000682042
0.000900336 0.000682317

0.000899798 0.000683041
0.000900338 0.000682317

0.000900523 0.000682043
0.000900829 0.000681592

0.000901248 0.00068439
0.000901174 0.000684492

0.000901973 0.000679569
0.000901682 0.000680142

0.000902382 0.000678691
0.00090205 0.000679417

0.000901973 0.000679568
0.00090205 0.000679417

0.000901682 0.000680142
0.000901275 0.000680867

0.000901248 0.000680913
0.000901275 0.000680867

0.000904148 0.000679355
0.000904123 0.000679417

0.000904123 0.000679417
0.000903792 0.000680142

0.000903423 0.000680888
0.000903048 0.000681592

0.000903793 0.000680142
0.000903435 0.000680867

0.000903423 0.000680888
0.000903435 0.000680867

0.000902698 0.000682201
0.000902631 0.000682317

0.000902632 0.000682317
0.000902182 0.000683042

0.000901973 0.000683355
0.000901697 0.000683767

0.000901248 0.00068439
0.000901698 0.000683767

0.000901973 0.000683355
0.000902182 0.000683042

0.000902698 0.000682201
0.000903049 0.000681592

0.000895447 0.000687124
0.000895041 0.000687393

0.000892547 0.0006888
0.000893272 0.000688438

0.000893997 0.000688038
0.000893853 0.000688118

0.000893272 0.00068844
0.000893858 0.000688118

0.000893997 0.000688041
0.000894722 0.000687604

0.000894722 0.000687605
0.000895044 0.000687393

0.000895447 0.000690158
0.000895259 0.000690293

0.000896172 0.000686597
0.000896077 0.000686667

0.000895447 0.000687126
0.000896081 0.000686667

0.000896172 0.000686602
0.000896897 0.000686028

0.000897623 0.000685401
0.000897 0.000685942

0.000898348 0.000684703
0.000897818 0.000685217

0.000897623 0.000685401
0.000897821 0.000685217

0.000896897 0.000686028
0.000897 0.000685942

0.000895447 0.00069016
0.000896172 0.000689604

0.000896897 0.000689014
0.000896219 0.000689568

0.000896172 0.000689604
0.000896218 0.000689568

0.000897623 0.000688383
0.000897095 0.000688843

0.000898348 0.000687706
0.000897909 0.000688118

0.000897623 0.000688382
0.000897913 0.000688118

0.000896897 0.000689013
0.000897098 0.000688843

0.000893272 0.000691645
0.000893113 0.000691743

0.000893272 0.000691647
0.000893997 0.000691177

0.000892547 0.000692093
0.000893115 0.000691743

0.000894722 0.000690682
0.00089423 0.000691018

0.000893997 0.000691177
0.000894233 0.000691018

0.000894722 0.000690683
0.000895263 0.000690293

0.000898348 0.000684703
0.000898551 0.000684492

0.000899073 0.000686973
0.000898665 0.000687393

0.000899798 0.000686179
0.000899364 0.000686667

0.000899073 0.000686976
0.000899361 0.000686667

0.000900523 0.000685325
0.000900009 0.000685942

0.000901175 0.000684492
0.000900612 0.000685217

0.000900523 0.000685327
0.000900611 0.000685217

0.000899798 0.000686183
0.000900007 0.000685942

0.000898348 0.000687707
0.000898667 0.000687393

0.000905599 0.000675043
0.000905593 0.000675066

0.000905593 0.000675066
0.000905404 0.000675791

0.000906039 0.000672891
0.00090591 0.000673616

0.00090591 0.000673616
0.000905762 0.000674341

0.000905599 0.000675044
0.000905762 0.000674341

0.000905405 0.000675791
0.000905195 0.000676516

0.000905195 0.000676516
0.000904963 0.000677241

0.000904874 0.000677494
0.000904707 0.000677966

0.000904707 0.000677966
0.000904427 0.000678691

0.000904874 0.000677493
0.000904963 0.000677241

0.000904148 0.000679356
0.000904428 0.000678691

0.000875145 0.000701639
0.000874934 0.000701895

0.000869344 0.000705876
0.000870069 0.000705956

0.000870069 0.000705956
0.000870794 0.000705872

0.000870794 0.000705876
0.000871519 0.000705622

0.000872244 0.000705186
0.000871693 0.00070552

0.000871519 0.000705626
0.000871705 0.00070552

0.000872969 0.000704518
0.000872689 0.000704795

0.000873694 0.000703607
0.000873345 0.00070407

0.000872969 0.00070453
0.000873365 0.00070407

0.000874419 0.000702576
0.000874388 0.00070262

0.000874395 0.00070262
0.000873875 0.000703345

0.000874419 0.000702571
0.000874934 0.000701895

0.000873694 0.000703612
0.000873886 0.000703345

0.000872244 0.00070519
0.000872717 0.000704795

0.000876595 0.000700191
0.000876302 0.000700444

0.00087587 0.000700848
0.000875558 0.000701169

0.000875145 0.000701639
0.000875551 0.000701169

0.00087587 0.000700841
0.000876297 0.000700444

0.00087732 0.000699629
0.000877197 0.000699719

0.000876595 0.000700183
0.000877187 0.000699719

0.00087732 0.000699623
0.000878045 0.000699128

0.00087877 0.00069869
0.000878272 0.000698994

0.00087877 0.000698691
0.000879495 0.000698288

0.00088022 0.000697918
0.000879537 0.000698269

0.000879495 0.000698289
0.000879534 0.000698269

0.00088022 0.000697919
0.000880945 0.000697569

0.000878045 0.00069913
0.000878267 0.000698994

0.00088167 0.000697238
0.000881005 0.000697544

0.00088167 0.000697239
0.000882396 0.000696918

0.000880945 0.00069757
0.000881002 0.000697544

0.000883121 0.000696607
0.000882629 0.000696819

0.000882396 0.000696919
0.000882628 0.000696819

0.000883121 0.000696607
0.000883846 0.000696298

0.000883846 0.000696298
0.000884328 0.000696094

0.000927352 0.00031512
0.000927114 0.000315417

0.0009271 0.000315417
0.000926786 0.000316143

0.000926792 0.000316143
0.000926821 0.000316868

0.000926778 0.000316868
0.000927222 0.000317593

0.000927254 0.000317593
0.000927352 0.000317693

0.000928077 0.000314591
0.000927918 0.000314692

0.000928077 0.000314556
0.000928802 0.000314325

0.000927352 0.000315097
0.000927823 0.000314692

0.000928802 0.000314306
0.000929527 0.000314393

0.000929527 0.000314367
0.000930044 0.000314692

0.000929986 0.000314692
0.000930252 0.000314904

0.000927352 0.000317689
0.000928077 0.000318246

0.000928077 0.000318257
0.000928284 0.000318318

0.000928416 0.000318318
0.000928802 0.000318431

0.000929527 0.0003183
0.000929414 0.000318318

0.000928802 0.000318452
0.000929527 0.000318336

0.000930252 0.000317837
0.000929612 0.000318318

0.000929527 0.000318345
0.000929579 0.000318318

0.000930252 0.000314882
0.000930668 0.000315417

0.000930651 0.000315417
0.000930892 0.000316143

0.00093088 0.000316143
0.000930818 0.000316868

0.00093084 0.000316868
0.000930455 0.000317593

0.000930252 0.000317848
0.000930473 0.000317593

0.00114705 0.000561951
0.00114656 0.000562676

0.00114706 0.000561934
0.00114778 0.000561257

0.00114633 0.000563596
0.0011463 0.000564126

0.00114629 0.000564126
0.00114633 0.000564338

0.00114658 0.000562676
0.00114633 0.000563401

0.00114633 0.000563596
0.00114634 0.000563401

0.00114633 0.000564339
0.00114643 0.000564851

0.00114641 0.000564851
0.00114677 0.000565576

0.00114678 0.000565576
0.00114706 0.000565928

0.00114706 0.000565942
0.00114742 0.000566301

0.00114745 0.000566301
0.00114778 0.000566557

0.00114851 0.000560869
0.00114787 0.000561226

0.00114851 0.000560864
0.00114923 0.000560694

0.00114778 0.000561257
0.00114784 0.000561226

0.00114923 0.000560689
0.00114996 0.000560773

0.00114996 0.000560753
0.00115068 0.000561142

0.00115068 0.00056115
0.00115078 0.000561226

0.00115077 0.000561226
0.00115141 0.000561883

0.00115141 0.000561887
0.00115145 0.000561951

0.00115144 0.000561951
0.00115183 0.000562676

0.00114778 0.000566573
0.00114851 0.000566942

0.00114851 0.000566944
0.00114895 0.000567026

0.00114903 0.000567026
0.00114923 0.000567064

0.00114996 0.00056697
0.00114956 0.000567026

0.00114996 0.000566996
0.00115068 0.000566607

0.00114923 0.000567084
0.00114964 0.000567026

0.00115182 0.000562676
0.00115199 0.000563401

0.00115198 0.000563401
0.00115199 0.000564126

0.00115199 0.000564126
0.00115185 0.000564851

0.00115186 0.000564851
0.00115156 0.000565576

0.00115141 0.000565827
0.00115102 0.000566301

0.00115068 0.000566606
0.00115103 0.000566301

0.00115141 0.000565835
0.00115158 0.000565576

0.0012522 0.00063781
0.00125204 0.000638086

0.00125199 0.000638086
0.00125219 0.000638811

0.00125292 0.000637232
0.00125269 0.000637361

0.0012522 0.000637767
0.0012526 0.000637361

0.00125292 0.000637138
0.00125365 0.000637331

0.0012535 0.000637361
0.00125365 0.000637427

0.00125365 0.000637378
0.00125415 0.000638086

0.0012522 0.000638782
0.00125221 0.000638811

0.00125225 0.000638811
0.00125292 0.000639325

0.00125292 0.000639401
0.00125365 0.000639188

0.00125418 0.000638086
0.00125399 0.000638811

0.00125365 0.000639197
0.00125401 0.000638811

0.00124784 0.000681453
0.00124769 0.000681592

0.00124784 0.000681429
0.00124857 0.000680991

0.00124857 0.000680994
0.00124929 0.000680902

0.00124712 0.000682315
0.00124712 0.000682317

0.00124711 0.000682317
0.00124696 0.000683042

0.00124712 0.000682266
0.00124765 0.000681592

0.00124695 0.000683042
0.00124712 0.000683637

0.00124712 0.000683636
0.00124716 0.000683767

0.00124714 0.000683767
0.00124776 0.000684492

0.00124929 0.000680894
0.00125002 0.000681158

0.00125002 0.000681155
0.00125055 0.000681592

0.00125053 0.000681592
0.00125075 0.000681876

0.00125075 0.000684435
0.0012507 0.000684492

0.00125075 0.000681861
0.00125104 0.000682317

0.00125103 0.000682317
0.00125122 0.000683042

0.00125122 0.000683042
0.00125113 0.000683767

0.00125075 0.000684472
0.00125117 0.000683767

0.0012478 0.000684492
0.00124784 0.000684529

0.00124784 0.000684533
0.00124857 0.000684988

0.00124857 0.000684988
0.00124929 0.000685162

0.00124929 0.000685183
0.00125002 0.000685036

0.00125002 0.000685067
0.00125075 0.000684498

0.00172783 0.000722922
0.00172735 0.000723647

0.00172736 0.000723647
0.0017273 0.000724373

0.00172727 0.000724373
0.00172764 0.000725098

0.0017277 0.000725098
0.00172786 0.000725274

0.00172931 0.000722195
0.0017293 0.000722197

0.00172931 0.000722161
0.00172943 0.000722197

0.00172786 0.000722901
0.00172858 0.000722334

0.00172858 0.000722327
0.00172913 0.000722197

0.00172945 0.000722197
0.00173003 0.000722382

0.00173003 0.000722377
0.00173066 0.000722922

0.00173063 0.000722922
0.00173076 0.000723126

0.00173076 0.000723115
0.00173106 0.000723647

0.00173105 0.000723647
0.00173113 0.000724373

0.00173114 0.000724373
0.00173088 0.000725098

0.00172786 0.000725299
0.00172852 0.000725823

0.00172858 0.000725842
0.00172931 0.000726043

0.00172931 0.000726068
0.00173003 0.000725904

0.00173076 0.000725288
0.00173018 0.000725823

0.00173003 0.000725893
0.00173015 0.000725823

0.00173076 0.000725296
0.0017309 0.000725098

0.00188883 0.000524278
0.00188862 0.000524971

0.00188956 0.000523825
0.00188893 0.000524246

0.00188883 0.000524294
0.00188886 0.000524246

0.00188956 0.00052374
0.00189028 0.000524049

0.00188868 0.000524971
0.00188883 0.000525231

0.00188883 0.000525297
0.00188926 0.000525696

0.00188941 0.000525696
0.00188956 0.000525766

0.00189028 0.000525475
0.00188994 0.000525696

0.00188956 0.000525875
0.0018901 0.000525696

0.00189028 0.000524032
0.00189047 0.000524246

0.00189043 0.000524246
0.00189065 0.000524971

0.00189028 0.000525522
0.00189063 0.000524971

0.00193089 0.000579473
0.0019304 0.000580078

0.00193161 0.000579349
0.0019315 0.000579353

0.00193089 0.000579412
0.00193161 0.000579401

0.00193161 0.000579375
0.00193215 0.000580078

0.00193027 0.000580078
0.0019306 0.000580803

0.00193075 0.000580803
0.00193089 0.000580895

0.00193089 0.000581019
0.00193161 0.000580994

0.00193216 0.000580078
0.00193182 0.000580803

0.00193161 0.000580993
0.00193186 0.000580803

0.00195699 0.000689964
0.00195649 0.000690293

0.00195699 0.000689946
0.00195772 0.000689798

0.00195772 0.000689776
0.00195844 0.00069003

0.00195844 0.000690041
0.00195877 0.000690293

0.00195627 0.000690447
0.00195579 0.000691018

0.0019558 0.000691018
0.00195556 0.000691743

0.00195627 0.000690438
0.00195645 0.000690293

0.00195556 0.000691743
0.00195571 0.000692468

0.00195569 0.000692468
0.00195626 0.000693193

0.00195627 0.00069318
0.00195628 0.000693193

0.00195632 0.000693193
0.00195699 0.000693638

0.00195874 0.000690293
0.00195917 0.000690784

0.00195917 0.000690766
0.00195933 0.000691018

0.00195931 0.000691018
0.00195952 0.000691743

0.00195917 0.000692893
0.00195895 0.000693193

0.00195951 0.000691743
0.00195941 0.000692468

0.00195917 0.000692919
0.00195943 0.000692468

0.00195699 0.000693642
0.00195772 0.000693806

0.00195772 0.00069383
0.00195844 0.000693622

0.00195844 0.000693628
0.00195898 0.000693193

0.00140157 0.000772341
0.00140101 0.000772954

0.00140084 0.000773354
0.0014007 0.000773679

0.00140072 0.000773679
0.00140068 0.000774404

0.00140084 0.000773349
0.00140102 0.000772954

0.00140229 0.000771874
0.00140175 0.000772229

0.00140157 0.000772332
0.00140171 0.000772229

0.00140229 0.000771868
0.00140302 0.000771666

0.00140068 0.000774404
0.00140084 0.000774937

0.00140084 0.000774937
0.0014009 0.000775129

0.00140087 0.000775129
0.00140141 0.000775854

0.00140145 0.000775854
0.00140157 0.000775972

0.00140157 0.000775991
0.00140229 0.000776547

0.00140229 0.000776538
0.00140239 0.00077658

0.00140242 0.00077658
0.00140302 0.000776824

0.00140302 0.000771666
0.00140374 0.000771743

0.00140374 0.000771726
0.00140447 0.000772116

0.00140447 0.000772125
0.00140459 0.000772229

0.00140459 0.000772229
0.00140519 0.000772866

0.00140519 0.000772869
0.00140525 0.000772954

0.00140524 0.000772954
0.00140561 0.000773679

0.0014056 0.000773679
0.00140573 0.000774404

0.00140302 0.000776829
0.00140374 0.000776897

0.00140374 0.000776924
0.00140447 0.000776703

0.00140572 0.000774404
0.00140565 0.000775129

0.00140567 0.000775129
0.00140535 0.000775854

0.00140519 0.000776096
0.00140466 0.00077658

0.00140447 0.000776706
0.00140466 0.00077658

0.00140519 0.000776098
0.00140537 0.000775854

0.00179312 0.00100024
0.00179301 0.00100063

0.00179457 0.000998877
0.00179392 0.000999185

0.00179384 0.00099921
0.00179321 0.00099991

0.00179312 0.00100024
0.0017932 0.00099991

0.00179384 0.000999216
0.00179391 0.000999185

0.001793 0.00100063
0.00179312 0.00100093

0.00179312 0.00100092
0.00179332 0.00100136

0.00179338 0.00100136
0.00179384 0.0010018

0.00179384 0.00100185
0.00179433 0.00100208

0.00179445 0.00100208
0.00179457 0.00100213

0.00179457 0.000998845
0.00179529 0.000998989

0.00179529 0.000999003
0.00179556 0.000999185

0.00179552 0.000999185
0.00179602 0.000999722

0.00179602 0.000999716
0.00179614 0.00099991

0.00179613 0.00099991
0.0017963 0.00100063

0.00179529 0.00100206
0.00179511 0.00100208

0.00179602 0.00100145
0.00179533 0.00100208

0.00179457 0.0010022
0.00179529 0.00100208

0.00179631 0.00100063
0.00179606 0.00100136

0.00179602 0.00100144
0.00179608 0.00100136

0.00192364 0.000955661
0.00192362 0.000955679

0.00192359 0.000955679
0.00192314 0.000956404

0.00192314 0.000956404
0.00192311 0.000957129

0.00192364 0.000955632
0.00192436 0.000955049

0.00192509 0.000954902
0.00192487 0.000954954

0.00192436 0.000955035
0.0019247 0.000954954

0.00192309 0.000957129
0.00192352 0.000957854

0.00192356 0.000957854
0.00192364 0.000957934

0.00192364 0.000957939
0.00192436 0.000958509

0.00192436 0.00095851
0.00192461 0.000958579

0.00192464 0.000958579
0.00192509 0.000958703

0.00192509 0.000954863
0.00192536 0.000954954

0.00192533 0.000954954
0.00192581 0.000955124

0.00192581 0.000955124
0.00192642 0.000955679

0.00192639 0.000955679
0.00192654 0.000955944

0.00192654 0.000955935
0.00192678 0.000956404

0.00192677 0.000956404
0.00192681 0.000957129

0.00192581 0.00095851
0.00192556 0.000958579

0.00192654 0.000957791
0.00192651 0.000957854

0.00192581 0.00095855
0.00192654 0.000957871

0.00192509 0.000958727
0.00192563 0.000958579

0.00192654 0.000957808
0.00192683 0.000957129

0.00191348 0.0010593
0.00191342 0.00105937

0.00191338 0.00105937
0.00191293 0.00106009

0.00191292 0.00106009
0.00191295 0.00106082

0.00191294 0.00106082
0.00191346 0.00106154

0.00191348 0.00105927
0.00191421 0.00105875

0.00191421 0.00105874
0.00191493 0.00105869

0.00191493 0.00105867
0.00191566 0.00105914

0.00191566 0.00105915
0.00191586 0.00105937

0.00191585 0.00105937
0.00191625 0.00106009

0.00191623 0.00106009
0.00191623 0.00106082

0.00191627 0.00106082
0.00191582 0.00106154

0.0019135 0.00106154
0.00191421 0.00106202

0.00191421 0.00106203
0.00191493 0.0010621

0.00191493 0.00106214
0.00191566 0.00106172

0.00191566 0.00106171
0.00191583 0.00106154

0.00218902 0.000386332
0.00218894 0.000386477

0.00218895 0.000386477
0.00218887 0.000387202

0.00218887 0.000387202
0.00218902 0.000387554

0.00218975 0.000385605
0.00218955 0.000385752

0.00218975 0.000385569
0.00219047 0.000385235

0.00219047 0.000385213
0.0021912 0.000385252

0.0021912 0.000385222
0.00219192 0.000385736

0.00218902 0.000386299
0.00218947 0.000385752

0.00218902 0.00038755
0.0021892 0.000387927

0.0021892 0.000387927
0.00218975 0.000388464

0.00218975 0.000388489
0.00219009 0.000388652

0.00219187 0.000385752
0.00219192 0.000385807

0.00219192 0.000388196
0.00219136 0.000388652

0.00219023 0.000388652
0.00219047 0.00038876

0.00219047 0.000388808
0.0021912 0.000388734

0.0021912 0.00038873
0.00219134 0.000388652

0.00219192 0.000385749
0.00219192 0.000385752

0.00219192 0.000385767
0.00219236 0.000386477

0.00219234 0.000386477
0.00219241 0.000387202

0.00219242 0.000387202
0.00219213 0.000387927

0.00219192 0.000388201
0.00219214 0.000387927

0.00207588 0.000664189
0.00207526 0.000664915

0.00207527 0.000664915
0.00207539 0.00066564

0.00207546 0.00066564
0.00207591 0.000666129

0.00207591 0.000664177
0.00207663 0.000664089

0.00207663 0.000664079
0.00207684 0.000664189

0.00207684 0.000664189
0.00207736 0.000664826

0.00207718 0.000664915
0.00207711 0.00066564

0.00207591 0.000666237
0.0020766 0.000666365

0.00207735 0.00066564
0.00207674 0.000666365

0.00207663 0.000666385
0.00207668 0.000666365

0.00207736 0.000664804
0.00207739 0.000664915

0.00223615 0.000417571
0.0022361 0.000417656

0.00223688 0.000416925
0.00223687 0.000416931

0.00223615 0.000417496
0.00223673 0.000416931

0.00223688 0.000416796
0.0022376 0.000416905

0.00223741 0.000416931
0.0022376 0.000417001

0.0022376 0.000416919
0.00223762 0.000416931

0.00223763 0.000416931
0.00223815 0.000417656

0.00223599 0.000417656
0.00223611 0.000418381

0.00223622 0.000418381
0.00223688 0.000418931

0.00223688 0.000419074
0.0022376 0.000418874

0.00223806 0.000417656
0.00223795 0.000418381

0.0022376 0.00041894
0.00223805 0.000418381

0.00229344 0.000524894
0.00229341 0.000524971

0.00229343 0.000524971
0.00229344 0.000525021

0.00229489 0.000523407
0.00229466 0.000523521

0.00229416 0.000523751
0.00229371 0.000524246

0.00229344 0.000524895
0.0022937 0.000524246

0.00229416 0.000523725
0.00229451 0.000523521

0.00229489 0.00052337
0.00229561 0.000523336

0.00229561 0.000523309
0.00229607 0.000523521

0.00229604 0.000523521
0.00229634 0.000523673

0.00229344 0.000525021
0.00229352 0.000525696

0.00229345 0.000525696
0.002294 0.000526421

0.00229409 0.000526421
0.00229416 0.000526482

0.00229416 0.000526514
0.00229489 0.000526954

0.00229489 0.000526972
0.00229561 0.000527062

0.00229561 0.0005271
0.00229634 0.000526729

0.00229634 0.00052365
0.00229687 0.000524246

0.00229685 0.000524246
0.00229706 0.000524807

0.00229706 0.000524802
0.00229712 0.000524971

0.00229706 0.000525437
0.00229704 0.000525696

0.00229706 0.00052572
0.00229663 0.000526421

0.00229706 0.000525437
0.0022971 0.000524971

0.00229706 0.00052571
0.00229707 0.000525696

0.00229634 0.000526724
0.00229665 0.000526421

0.0027691 9.55338e-11
0.00276913 0

0.00258057 0.000657008
0.00258002 0.000657664

0.00258003 0.000657664
0.00258001 0.000658389

0.00258001 0.000658389
0.00258057 0.00065909

0.0025813 0.000656753
0.0025808 0.000656938

0.0025813 0.000656721
0.00258184 0.000656938

0.00258057 0.000657009
0.00258072 0.000656938

0.00258178 0.000656938
0.00258202 0.000657082

0.00258202 0.000657047
0.0025825 0.000657664

0.00258248 0.000657664
0.0025825 0.000658389

0.00258057 0.000659075
0.00258065 0.000659114

0.00258066 0.000659114
0.0025813 0.000659373

0.00258202 0.000659026
0.00258188 0.000659114

0.0025813 0.000659411
0.00258202 0.000659114

0.00258202 0.000659079
0.00258252 0.000658389

0.00210273 0.000755419
0.00210267 0.000755552

0.00210346 0.000754593
0.00210318 0.000754827

0.00210273 0.000755385
0.00210314 0.000754827

0.00210263 0.000755552
0.00210268 0.000756277

0.00210271 0.000756277
0.00210273 0.000756326

0.00210273 0.000756374
0.00210328 0.000757002

0.00210346 0.000754546
0.00210419 0.000754254

0.00210419 0.000754224
0.00210491 0.000754484

0.00210335 0.000757002
0.00210346 0.000757079

0.00210346 0.000757124
0.00210419 0.000757401

0.00210419 0.000757438
0.00210491 0.000757212

0.00210491 0.000754498
0.00210527 0.000754827

0.00210524 0.000754827
0.00210564 0.000755462

0.00210564 0.000755468
0.00210567 0.000755552

0.00210564 0.000756197
0.00210563 0.000756277

0.00210564 0.000756347
0.00210514 0.000757002

0.00210564 0.000756196
0.00210566 0.000755552

0.00210564 0.000756329
0.00210566 0.000756277

0.00210491 0.000757197
0.00210516 0.000757002

0.00216727 0.000777961
0.0021672 0.00077803

0.00216715 0.00077803
0.00216677 0.000778755

0.00216675 0.000778755
0.002167 0.00077948

0.00216707 0.00077948
0.00216727 0.000779705

0.00216727 0.000777925
0.00216799 0.000777428

0.00216799 0.000777402
0.00216872 0.000777505

0.00216727 0.000779724
0.00216795 0.000780205

0.00216872 0.000780153
0.00216822 0.000780205

0.00216799 0.000780256
0.0021685 0.000780205

0.00216872 0.000777523
0.0021693 0.00077803

0.00216925 0.00077803
0.00216944 0.000778424

0.00216944 0.000778403
0.00216958 0.000778755

0.00216944 0.000779329
0.00216941 0.00077948

0.00216872 0.00078018
0.00216944 0.000779484

0.00216944 0.000779341
0.00216959 0.000778755

0.00235942 0.000878093
0.00235926 0.000878818

0.00236014 0.000877457
0.00235946 0.000878093

0.00235942 0.000878102
0.00235942 0.000878093

0.00235931 0.000878818
0.00235942 0.000879032

0.00235942 0.000879066
0.00235982 0.000879543

0.00235989 0.000879543
0.00236014 0.000879715

0.00236087 0.000877351
0.00236063 0.000877368

0.00236014 0.000877428
0.00236087 0.000877375

0.00236088 0.000877368
0.00236159 0.000878015

0.00236159 0.000878029
0.00236163 0.000878093

0.00236162 0.000878093
0.00236177 0.000878818

0.00236014 0.000879792
0.00236087 0.00087986

0.00236159 0.000879175
0.0023613 0.000879543

0.00236087 0.000879868
0.00236136 0.000879543

0.00236159 0.000879211
0.00236179 0.000878818

0.00240438 0.000887312
0.00240392 0.00088752

0.00240438 0.000887266
0.0024051 0.000887508

0.00240365 0.000887675
0.00240317 0.000888245

0.00240314 0.000888245
0.00240307 0.00088897

0.00240307 0.00088897
0.00240362 0.000889695

0.00240365 0.000887658
0.00240389 0.00088752

0.00240495 0.00088752
0.0024051 0.000887583

0.00240365 0.000889701
0.00240438 0.00089005

0.00240438 0.00089009
0.0024051 0.000889857

0.0024051 0.000887536
0.00240568 0.000888245

0.00240566 0.000888245
0.00240573 0.00088897

0.00240578 0.00088897
0.00240527 0.000889695

0.0024051 0.000889842
0.00240528 0.000889695

