5.06567e-05 0.000162422
5.07085e-05 0.000162509

5.07085e-05 0.000162512
5.10877e-05 0.000163147

5.1088e-05 0.000163147
5.14336e-05 0.000163728

5.14336e-05 0.000163727
5.15198e-05 0.000163872

5.15235e-05 0.000163872
5.19455e-05 0.000164597

5.19382e-05 0.000164597
5.21587e-05 0.000164979

5.21587e-05 0.000164977
5.23577e-05 0.000165322

5.23654e-05 0.000165322
5.27768e-05 0.000166047

5.27685e-05 0.000166047
5.28838e-05 0.000166253

5.28838e-05 0.000166255
5.31732e-05 0.000166772

5.31807e-05 0.000166772
5.35833e-05 0.000167498

5.35817e-05 0.000167498
5.36089e-05 0.000167547

5.36089e-05 0.000167555
5.39741e-05 0.000168223

5.39759e-05 0.000168223
5.4334e-05 0.000168873

5.4334e-05 0.000168872
5.43755e-05 0.000168948

5.43749e-05 0.000168948
5.47742e-05 0.000169673

5.47689e-05 0.000169673
5.50591e-05 0.000170187

5.50591e-05 0.000170184
5.51798e-05 0.000170398

5.51821e-05 0.000170398
5.56053e-05 0.000171123

5.55955e-05 0.000171123
5.57842e-05 0.000171429

5.57842e-05 0.000171424
5.60453e-05 0.000171848

5.60424e-05 0.000171848
5.65093e-05 0.000172539

5.65093e-05 0.000172539
5.65325e-05 0.000172573

5.65288e-05 0.000172573
5.70717e-05 0.000173298

5.70691e-05 0.000173298
5.72344e-05 0.000173503

7.85389e-05 0.000139219
7.85383e-05 0.000139944

7.85385e-05 0.000139944
7.85233e-05 0.000140669

7.85235e-05 0.000140669
7.84927e-05 0.000141394

7.84931e-05 0.000141394
7.84455e-05 0.000142119

7.84454e-05 0.000142119
7.83803e-05 0.000142844

7.83807e-05 0.000142844
7.82976e-05 0.000143569

7.82622e-05 0.000143819
7.81958e-05 0.000144294

7.81965e-05 0.000144294
7.80771e-05 0.00014502

7.82622e-05 0.000143821
7.82973e-05 0.000143569

7.75371e-05 0.000147432
7.74053e-05 0.00014792

7.74058e-05 0.00014792
7.71929e-05 0.000148645

7.71925e-05 0.000148645
7.69628e-05 0.00014937

7.6812e-05 0.000149813
7.67171e-05 0.000150095

7.67174e-05 0.000150095
7.64617e-05 0.00015082

7.6812e-05 0.000149817
7.69625e-05 0.00014937

7.80772e-05 0.00014502
7.79381e-05 0.000145745

7.79379e-05 0.000145745
7.77796e-05 0.00014647

7.77798e-05 0.00014647
7.76021e-05 0.000147195

7.75371e-05 0.000147434
7.76017e-05 0.000147195

7.46367e-05 0.000155808
7.46074e-05 0.000155896

7.46077e-05 0.000155896
7.43832e-05 0.000156621

7.43834e-05 0.000156621
7.41776e-05 0.000157346

7.41773e-05 0.000157346
7.39903e-05 0.000158071

7.39116e-05 0.000158411
7.38229e-05 0.000158796

7.38239e-05 0.000158796
7.36761e-05 0.000159521

7.39116e-05 0.000158411
7.39899e-05 0.000158071

7.36767e-05 0.000159521
7.35445e-05 0.000160247

7.35452e-05 0.000160247
7.34262e-05 0.000160972

7.3427e-05 0.000160972
7.33181e-05 0.000161697

7.33189e-05 0.000161697
7.32166e-05 0.000162422

7.60869e-05 0.00015183
7.5922e-05 0.000152271

7.59221e-05 0.000152271
7.56486e-05 0.000152996

7.56475e-05 0.000152996
7.53751e-05 0.000153721

7.64614e-05 0.00015082
7.61957e-05 0.000151545

7.60869e-05 0.000151833
7.61945e-05 0.000151545

7.53618e-05 0.000153752
7.51076e-05 0.000154446

7.51075e-05 0.000154446
7.4852e-05 0.000155171

7.53618e-05 0.000153753
7.53737e-05 0.000153721

7.46367e-05 0.000155811
7.48506e-05 0.000155171

5.72344e-05 0.000173501
5.76838e-05 0.000174023

5.76871e-05 0.000174023
5.79595e-05 0.000174305

5.79595e-05 0.000174318
5.84336e-05 0.000174749

5.84417e-05 0.000174749
5.86846e-05 0.000174952

5.86846e-05 0.000174964
5.93805e-05 0.000175474

5.93805e-05 0.000175474
5.94097e-05 0.000175493

5.94097e-05 0.00017549
6.01348e-05 0.000175917

6.01348e-05 0.000175921
6.07471e-05 0.000176199

6.07576e-05 0.000176199
6.08599e-05 0.000176245

6.08599e-05 0.000176245
6.1585e-05 0.000176479

6.1585e-05 0.000176477
6.23101e-05 0.000176627

6.23101e-05 0.000176627
6.30352e-05 0.000176698

6.30352e-05 0.000176697
6.37603e-05 0.000176692

6.37603e-05 0.000176692
6.44854e-05 0.000176612

6.44854e-05 0.000176613
6.52104e-05 0.000176457

6.52104e-05 0.000176459
6.59355e-05 0.00017622

6.73857e-05 0.000175468
6.73751e-05 0.000175474

6.66606e-05 0.000175899
6.59765e-05 0.000176199

6.59355e-05 0.00017622
6.59841e-05 0.000176199

6.66606e-05 0.000175909
6.73857e-05 0.000175497

6.811.58232e-05 0
1.58227e-05 7.25098e-07

1.58223e-05 7.25098e-07
1.58214e-05 1.4502e-06

1.582e-05 1.4502e-06
1.58222e-05 2.17529e-06

1.58226e-05 2.17529e-06
1.58297e-05 2.90039e-06

1.58323e-05 2.90039e-06
1.58384e-05 3.62549e-06

1.58382e-05 3.62549e-06
1.58385e-05 4.35059e-06

1.58352e-05 4.35059e-06
1.58366e-05 5.07568e-06

1.58361e-05 5.07568e-06
1.58461e-05 5.80078e-06

1.58489e-05 5.80078e-06
1.58629e-05 6.52588e-06

1.58632e-05 6.52588e-06
1.58748e-05 7.25098e-06

1.58745e-05 7.25098e-06
1.58834e-05 7.97607e-06

1.58832e-05 7.97607e-06
1.58906e-05 8.70117e-06

1.58895e-05 8.70117e-06
1.58979e-05 9.42627e-06

1.58983e-05 9.42627e-06
1.59038e-05 9.80917e-06

1.59038e-05 9.80122e-06
1.59088e-05 1.01514e-05

1.59083e-05 1.01514e-05
1.59207e-05 1.08765e-05

1.59209e-05 1.08765e-05
1.59361e-05 1.16016e-05

1.5937e-05 1.16016e-05
1.59528e-05 1.23267e-05

1.59527e-05 1.23267e-05
1.59676e-05 1.30518e-05

1.59671e-05 1.30518e-05
1.59823e-05 1.37769e-05

1.59819e-05 1.37769e-05
1.5999e-05 1.4502e-05

1.59994e-05 1.4502e-05
1.60186e-05 1.52271e-05

1.60183e-05 1.52271e-05
1.60392e-05 1.59521e-05

1.60391e-05 1.59521e-05
1.60622e-05 1.66772e-05

1.60625e-05 1.66772e-05
1.60875e-05 1.74023e-05

1.60878e-05 1.74023e-05
1.61137e-05 1.81274e-05

1.61143e-05 1.81274e-05
1.61394e-05 1.88525e-05

1.61381e-05 1.88525e-05
1.61636e-05 1.95776e-05

1.61634e-05 1.95776e-05
1.61922e-05 2.03027e-05

1.61928e-05 2.03027e-05
1.62241e-05 2.10278e-05

1.62242e-05 2.10278e-05
1.62567e-05 2.17529e-05

1.62567e-05 2.17529e-05
1.62899e-05 2.2478e-05

1.62901e-05 2.2478e-05
1.63234e-05 2.32031e-05

1.63228e-05 2.32031e-05
1.63571e-05 2.39282e-05

1.63569e-05 2.39282e-05
1.63936e-05 2.46533e-05

1.63938e-05 2.46533e-05
1.64329e-05 2.53784e-05

1.64326e-05 2.53784e-05
1.64746e-05 2.61035e-05

1.64761e-05 2.61035e-05
1.65188e-05 2.68286e-05

1.65189e-05 2.68286e-05
1.65591e-05 2.75537e-05

1.65581e-05 2.75537e-05
1.65976e-05 2.82788e-05

1.65977e-05 2.82788e-05
1.66289e-05 2.8838e-05

1.66289e-05 2.88375e-05
1.66382e-05 2.90039e-05

1.66381e-05 2.90039e-05
1.66792e-05 2.9729e-05

1.66796e-05 2.9729e-05
1.67211e-05 3.04541e-05

1.67207e-05 3.04541e-05
1.67627e-05 3.11792e-05

1.67627e-05 3.11792e-05
1.68062e-05 3.19043e-05

1.68065e-05 3.19043e-05
1.68511e-05 3.26294e-05

1.68512e-05 3.26294e-05
1.68959e-05 3.33545e-05

1.68954e-05 3.33545e-05
1.69412e-05 3.40796e-05

1.6941e-05 3.40796e-05
1.69893e-05 3.48047e-05

1.69898e-05 3.48047e-05
1.70399e-05 3.55298e-05

1.70401e-05 3.55298e-05
1.70907e-05 3.62549e-05

1.70907e-05 3.62549e-05
1.71415e-05 3.698e-05

1.71414e-05 3.698e-05
1.71928e-05 3.77051e-05

1.71927e-05 3.77051e-05
1.7245e-05 3.84302e-05

1.72449e-05 3.84302e-05
1.72983e-05 3.91553e-05

1.72983e-05 3.91553e-05
1.73529e-05 3.98804e-05

1.7353e-05 3.98804e-05
1.7354e-05 3.98937e-05

1.7354e-05 3.98944e-05
1.74087e-05 4.06055e-05

1.74089e-05 4.06055e-05
1.74654e-05 4.13306e-05

1.74654e-05 4.13306e-05
1.75226e-05 4.20557e-05

1.75225e-05 4.20557e-05
1.75806e-05 4.27808e-05

1.75806e-05 4.27808e-05
1.76397e-05 4.35059e-05

1.76397e-05 4.35059e-05
1.76997e-05 4.4231e-05

1.76997e-05 4.4231e-05
1.77605e-05 4.49561e-05

1.77604e-05 4.49561e-05
1.78221e-05 4.56812e-05

1.78221e-05 4.56812e-05
1.78849e-05 4.64062e-05

1.78849e-05 4.64062e-05
1.79486e-05 4.71313e-05

1.79486e-05 4.71313e-05
1.80134e-05 4.78564e-05

1.80135e-05 4.78564e-05
1.8079e-05 4.85815e-05

1.80791e-05 4.85845e-05
1.81452e-05 4.93066e-05

1.81454e-05 4.93066e-05
1.82128e-05 5.00317e-05

1.82127e-05 5.00317e-05
1.82809e-05 5.07568e-05

1.82809e-05 5.07568e-05
1.835e-05 5.14819e-05

1.83499e-05 5.14819e-05
1.84198e-05 5.2207e-05

1.84198e-05 5.2207e-05
1.84906e-05 5.29321e-05

1.84905e-05 5.29321e-05
1.85624e-05 5.36572e-05

1.85625e-05 5.36572e-05
1.86353e-05 5.43823e-05

1.86354e-05 5.43823e-05
1.8709e-05 5.51074e-05

1.87089e-05 5.51074e-05
1.87832e-05 5.58325e-05

1.8783e-05 5.58325e-05
1.88042e-05 5.60359e-05

1.88042e-05 5.60363e-05
1.88585e-05 5.65576e-05

1.88588e-05 5.65576e-05
1.89352e-05 5.72827e-05

1.89353e-05 5.72827e-05
1.90116e-05 5.80078e-05

1.9011e-05 5.80078e-05
1.90883e-05 5.87329e-05

1.90882e-05 5.87329e-05
1.91676e-05 5.9458e-05

1.91681e-05 5.9458e-05
1.92485e-05 6.01831e-05

1.92482e-05 6.01831e-05
1.93289e-05 6.09082e-05

1.93288e-05 6.09082e-05
1.94103e-05 6.16333e-05

1.94103e-05 6.16333e-05
1.9493e-05 6.23584e-05

1.94929e-05 6.23584e-05
1.95293e-05 6.26733e-05

1.95293e-05 6.26735e-05
1.95767e-05 6.30835e-05

1.95769e-05 6.30835e-05
1.96618e-05 6.38086e-05

1.96619e-05 6.38086e-05
1.97476e-05 6.45337e-05

1.97475e-05 6.45337e-05
1.98342e-05 6.52588e-05

1.98342e-05 6.52588e-05
1.99217e-05 6.59839e-05

1.99217e-05 6.59839e-05
2.00103e-05 6.6709e-05

2.00103e-05 6.6709e-05
2.00999e-05 6.74341e-05

2.01e-05 6.74341e-05
2.01906e-05 6.81592e-05

2.01904e-05 6.81592e-05
2.02544e-05 6.86651e-05

2.02544e-05 6.86654e-05
2.02821e-05 6.88843e-05

2.02823e-05 6.88843e-05
2.03751e-05 6.96094e-05

2.03751e-05 6.96094e-05
2.04689e-05 7.03345e-05

2.04688e-05 7.03345e-05
2.05634e-05 7.10596e-05

2.05634e-05 7.10596e-05
2.06591e-05 7.17847e-05

2.06591e-05 7.17847e-05
2.0756e-05 7.25098e-05

2.0756e-05 7.25098e-05
2.0854e-05 7.32349e-05

2.08541e-05 7.32349e-05
2.09529e-05 7.396e-05

2.09526e-05 7.396e-05
2.09795e-05 7.41549e-05

2.09795e-05 7.41551e-05
2.10526e-05 7.46851e-05

2.1053e-05 7.46851e-05
2.11544e-05 7.54102e-05

2.11543e-05 7.54102e-05
2.12564e-05 7.61353e-05

2.12564e-05 7.61353e-05
2.13595e-05 7.68604e-05

2.13595e-05 7.68604e-05
2.14637e-05 7.75854e-05

2.14637e-05 7.75854e-05
2.15689e-05 7.83105e-05

2.1569e-05 7.83105e-05
2.16751e-05 7.90356e-05

2.16747e-05 7.90356e-05
2.17046e-05 7.92371e-05

2.17046e-05 7.92375e-05
2.17822e-05 7.97607e-05

2.17828e-05 7.97607e-05
2.18918e-05 8.04858e-05

2.18917e-05 8.04858e-05
2.20013e-05 8.12109e-05

2.20012e-05 8.12109e-05
2.21118e-05 8.1936e-05

2.21116e-05 8.1936e-05
2.22237e-05 8.26611e-05

2.2224e-05 8.26611e-05
2.23374e-05 8.33862e-05

2.23373e-05 8.33862e-05
2.24297e-05 8.39718e-05

2.24297e-05 8.39719e-05
2.24517e-05 8.41113e-05

2.24517e-05 8.41113e-05
2.25674e-05 8.48364e-05

2.25674e-05 8.48364e-05
2.26843e-05 8.55615e-05

2.26843e-05 8.55615e-05
2.28023e-05 8.62866e-05

2.28023e-05 8.62866e-05
2.29216e-05 8.70117e-05

2.29217e-05 8.70117e-05
2.30424e-05 8.77368e-05

2.30424e-05 8.77368e-05
2.31548e-05 8.84061e-05

2.31548e-05 8.84062e-05
2.31642e-05 8.84619e-05

2.31639e-05 8.84619e-05
2.32873e-05 8.9187e-05

2.32876e-05 8.9187e-05
2.34124e-05 8.99121e-05

2.34124e-05 8.99121e-05
2.35383e-05 9.06372e-05

2.35382e-05 9.06372e-05
2.36656e-05 9.13623e-05

2.36658e-05 9.13623e-05
2.37945e-05 9.20874e-05

2.37942e-05 9.20874e-05
2.38799e-05 9.25643e-05

2.38799e-05 9.25643e-05
2.39245e-05 9.28125e-05

6.86231e-05 0
6.86355e-05 7.25098e-07

6.86436e-05 7.25098e-07
6.86644e-05 1.4502e-06

6.86629e-05 1.4502e-06
6.86788e-05 2.17529e-06

6.86784e-05 2.17529e-06
6.86936e-05 2.90039e-06

6.86935e-05 2.90039e-06
6.87088e-05 3.62549e-06

6.87088e-05 3.62549e-06
6.87245e-05 4.35059e-06

6.87246e-05 4.35059e-06
6.87405e-05 5.07568e-06

6.87406e-05 5.07568e-06
6.87563e-05 5.80078e-06

6.87564e-05 5.80078e-06
6.87714e-05 6.52588e-06

6.87715e-05 6.52588e-06
6.87853e-05 7.25098e-06

6.87854e-05 7.25098e-06
6.87973e-05 7.97607e-06

6.87975e-05 7.97607e-06
6.88069e-05 8.70117e-06

6.88071e-05 8.70117e-06
6.88131e-05 9.42627e-06

6.88132e-05 9.42627e-06
6.88151e-05 1.01514e-05

6.88152e-05 1.01514e-05
6.88125e-05 1.08765e-05

6.88124e-05 1.08765e-05
6.88052e-05 1.16016e-05

6.88049e-05 1.16016e-05
6.87941e-05 1.23267e-05

6.87937e-05 1.23267e-05
6.87805e-05 1.30518e-05

6.87801e-05 1.30518e-05
6.87663e-05 1.37769e-05

6.87659e-05 1.37769e-05
6.87532e-05 1.4502e-05

6.8753e-05 1.4502e-05
6.87427e-05 1.52271e-05

6.87426e-05 1.52271e-05
6.87354e-05 1.59521e-05

6.87355e-05 1.59521e-05
6.87314e-05 1.66772e-05

6.87316e-05 1.66772e-05
6.87299e-05 1.74023e-05

6.87303e-05 1.74023e-05
6.87297e-05 1.81274e-05

6.87296e-05 1.81274e-05
6.87295e-05 1.88525e-05

6.87292e-05 1.88525e-05
6.87303e-05 1.95776e-05

6.87286e-05 1.95776e-05
6.87348e-05 2.03027e-05

6.87345e-05 2.03027e-05
6.87498e-05 2.10278e-05

6.87476e-05 2.10278e-05
6.8777e-05 2.17529e-05

6.87871e-05 2.17529e-05
6.88146e-05 2.2478e-05

6.88086e-05 2.2478e-05
6.8826e-05 2.32031e-05

6.88323e-05 2.32031e-05
6.88359e-05 2.36841e-05

6.88093e-05 2.39282e-05
6.88359e-05 2.44481e-05

6.88233e-05 2.46533e-05
6.88359e-05 2.47028e-05

6.88359e-05 2.34715e-05
6.88394e-05 2.39282e-05

6.88359e-05 2.44292e-05
6.88474e-05 2.46533e-05

6.88359e-05 2.47263e-05
6.90019e-05 2.53784e-05

6.91511e-05 2.53784e-05
6.92433e-05 2.61035e-05

6.91175e-05 2.61035e-05
6.90714e-05 2.68286e-05

6.91054e-05 2.68286e-05
6.91048e-05 2.75537e-05

6.90933e-05 2.75537e-05
6.90935e-05 2.82788e-05

6.90969e-05 2.82788e-05
6.91144e-05 2.90039e-05

6.91147e-05 2.90039e-05
6.91424e-05 2.9729e-05

6.91434e-05 2.9729e-05
6.91787e-05 3.04541e-05

6.91792e-05 3.04541e-05
6.92192e-05 3.11792e-05

6.92194e-05 3.11792e-05
6.92625e-05 3.19043e-05

6.92628e-05 3.19043e-05
6.9308e-05 3.26294e-05

6.93076e-05 3.26294e-05
6.93553e-05 3.33545e-05

6.93558e-05 3.33545e-05
6.94057e-05 3.40796e-05

6.9404e-05 3.40796e-05
6.94586e-05 3.48047e-05

6.94593e-05 3.48047e-05
6.95205e-05 3.55298e-05

6.95229e-05 3.55298e-05
6.9561e-05 3.59789e-05

6.9561e-05 3.59794e-05
6.95844e-05 3.62549e-05

6.95815e-05 3.62549e-05
6.96445e-05 3.698e-05

6.96493e-05 3.698e-05
6.97102e-05 3.77051e-05

6.97056e-05 3.77051e-05
6.9764e-05 3.84302e-05

6.97652e-05 3.84302e-05
6.98276e-05 3.91553e-05

6.98273e-05 3.91553e-05
6.9892e-05 3.98804e-05

6.98922e-05 3.98804e-05
6.99595e-05 4.06055e-05

6.99597e-05 4.06055e-05
7.0029e-05 4.13306e-05

7.00292e-05 4.13306e-05
7.00998e-05 4.20557e-05

7.00981e-05 4.20557e-05
7.01728e-05 4.27808e-05

7.01749e-05 4.27808e-05
7.02528e-05 4.35059e-05

7.02537e-05 4.35059e-05
7.02861e-05 4.38217e-05

7.02861e-05 4.38189e-05
7.03285e-05 4.4231e-05

7.03267e-05 4.4231e-05
7.03993e-05 4.49561e-05

7.04001e-05 4.49561e-05
7.04725e-05 4.56812e-05

7.04709e-05 4.56812e-05
7.05443e-05 4.64062e-05

7.05449e-05 4.64062e-05
7.06211e-05 4.71313e-05

7.0621e-05 4.71313e-05
7.06991e-05 4.78564e-05

7.06991e-05 4.78564e-05
7.07793e-05 4.85815e-05

7.07781e-05 4.85815e-05
7.08625e-05 4.93066e-05

7.08632e-05 4.93066e-05
7.09526e-05 5.00317e-05

7.09556e-05 5.00317e-05
7.10112e-05 5.04949e-05

7.10112e-05 5.04955e-05
7.10426e-05 5.07568e-05

7.104e-05 5.07568e-05
7.11239e-05 5.14819e-05

7.11238e-05 5.14819e-05
7.121e-05 5.2207e-05

7.12101e-05 5.2207e-05
7.12989e-05 5.29321e-05

7.12989e-05 5.29321e-05
7.13901e-05 5.36572e-05

7.13898e-05 5.36572e-05
7.1484e-05 5.43823e-05

7.14833e-05 5.43823e-05
7.15825e-05 5.51074e-05

7.15838e-05 5.51074e-05
7.16871e-05 5.58325e-05

7.16896e-05 5.58325e-05
7.17363e-05 5.61716e-05

7.17363e-05 5.61726e-05
7.17894e-05 5.65576e-05

7.17864e-05 5.65576e-05
7.18843e-05 5.72827e-05

7.18849e-05 5.72827e-05
7.19856e-05 5.80078e-05

7.19853e-05 5.80078e-05
7.20885e-05 5.87329e-05

7.20879e-05 5.87329e-05
7.21951e-05 5.9458e-05

7.21947e-05 5.9458e-05
7.23079e-05 6.01831e-05

7.23102e-05 6.01831e-05
7.24258e-05 6.09082e-05

7.24268e-05 6.09082e-05
7.24614e-05 6.11326e-05

7.24614e-05 6.11362e-05
7.25381e-05 6.16333e-05

7.25361e-05 6.16333e-05
7.26472e-05 6.23584e-05

7.26476e-05 6.23584e-05
7.27615e-05 6.30835e-05

7.2761e-05 6.30835e-05
7.28781e-05 6.38086e-05

7.28776e-05 6.38086e-05
7.29996e-05 6.45337e-05

7.30008e-05 6.45337e-05
7.31262e-05 6.52588e-05

7.31287e-05 6.52588e-05
7.31865e-05 6.56023e-05

7.31865e-05 6.56058e-05
7.32502e-05 6.59839e-05

7.32469e-05 6.59839e-05
7.33687e-05 6.6709e-05

7.33697e-05 6.6709e-05
7.34962e-05 6.74341e-05

7.34949e-05 6.74341e-05
7.36267e-05 6.81592e-05

7.36271e-05 6.81592e-05
7.3766e-05 6.88843e-05

7.37699e-05 6.88843e-05
7.39071e-05 6.96094e-05

7.39063e-05 6.96094e-05
7.39116e-05 6.9638e-05

7.39116e-05 6.96544e-05
7.40383e-05 7.03345e-05

7.40393e-05 7.03345e-05
7.41779e-05 7.10596e-05

7.41769e-05 7.10596e-05
7.43194e-05 7.17847e-05

7.43191e-05 7.17847e-05
7.44682e-05 7.25098e-05

7.44726e-05 7.25098e-05
7.46203e-05 7.32349e-05

7.46192e-05 7.32349e-05
7.46367e-05 7.33222e-05

7.46367e-05 7.3339e-05
7.47615e-05 7.396e-05

7.4763e-05 7.396e-05
7.49126e-05 7.46851e-05

7.49112e-0108e-05 0.000174972
6.74128e-05 0.000175474

6.88359e-05 0.000174338
6.83699e-05 0.000174749

6.81108e-05 0.000174977
6.83889e-05 0.000174749

6.73857e-05 0.000175497
6.74211e-05 0.000175474

7.31865e-05 0.000162648
7.31183e-05 0.000163147

7.31195e-05 0.000163147
7.30198e-05 0.000163872

7.30207e-05 0.000163872
7.29161e-05 0.000164597

7.29171e-05 0.000164597
7.28038e-05 0.000165322

7.31865e-05 0.000162648
7.32174e-05 0.000162422

7.28046e-05 0.000165322
7.2679e-05 0.000166047

7.26802e-05 0.000166047
7.25385e-05 0.000166772

7.24614e-05 0.000167121
7.23774e-05 0.000167498

7.23788e-05 0.000167498
7.21932e-05 0.000168223

7.24614e-05 0.000167122
7.25394e-05 0.000166772

7.17359e-05 0.000169673
7.14498e-05 0.000170398

7.14516e-05 0.000170398
7.11206e-05 0.000171123

6.9561e-05 0.000173546
6.91462e-05 0.000174023

7.02861e-05 0.000172589
6.97695e-05 0.000173298

6.9561e-05 0.000173555
6.97695e-05 0.000173298

7.10112e-05 0.000171334
7.07386e-05 0.000171848

7.07415e-05 0.000171848
7.02928e-05 0.000172573

7.10112e-05 0.000171334
7.11233e-05 0.000171123

7.02861e-05 0.000172589
7.0297e-05 0.000172573

7.21941e-05 0.000168223
7.19802e-05 0.000168948

7.17363e-05 0.000169668
7.19818e-05 0.000168948

6.88359e-05 0.000174342
6.91506e-05 0.000174023

8.04375e-05 9.75403e-05
8.05127e-05 9.78882e-05

8.05143e-05 9.78882e-05
8.06621e-05 9.86133e-05

8.06622e-05 9.86133e-05
8.08014e-05 9.93384e-05

8.08003e-05 9.93384e-05
8.09331e-05 0.000100063

8.09332e-05 0.000100063
8.10616e-05 0.000100789

8.10685e-05 0.000100789
8.11626e-05 0.000101409

8.11626e-05 0.000101412
8.11781e-05 0.000101514

8.11708e-05 0.000101514
8.12643e-05 0.000102239

8.12678e-05 0.000102239
8.13529e-05 0.000102964

8.13529e-05 0.000102964
8.14225e-05 0.000103689

8.14232e-05 0.000103689
8.1476e-05 0.000104414

8.14763e-05 0.000104414
8.15104e-05 0.000105139

8.15108e-05 0.000105139
8.15251e-05 0.000105864

8.15254e-05 0.000105864
8.15187e-05 0.000106589

8.15189e-05 0.000106589
8.149e-05 0.000107314

8.14904e-05 0.000107314
8.14378e-05 0.00010804

8.14375e-05 0.00010804
8.13611e-05 0.000108765

8.11626e-05 0.000110017
8.11275e-05 0.000110215

8.1362e-05 0.000108765
8.12608e-05 0.00010949

8.11626e-05 0.000110054
8.12627e-05 0.00010949

8.11279e-05 0.000110215
8.098e-05 0.00011094

8.09835e-05 0.00011094
8.08183e-05 0.000111665

8.08182e-05 0.000111665
8.06288e-05 0.00011239

8.04375e-05 0.000113041
8.06324e-05 0.00011239

5 7.46851e-05
7.50654e-05 7.54102e-05

7.50652e-05 7.54102e-05
7.5227e-05 7.61353e-05

7.52328e-05 7.61353e-05
7.53618e-05 7.67259e-05

7.53618e-05 7.67283e-05
7.53907e-05 7.68604e-05

7.53851e-05 7.68604e-05
7.55403e-05 7.75854e-05

7.55414e-05 7.75854e-05
7.5703e-05 7.83105e-05

7.57019e-05 7.83105e-05
7.58702e-05 7.90356e-05

7.58747e-05 7.90356e-05
7.60427e-05 7.97607e-05

7.60415e-05 7.97607e-05
7.60869e-05 7.99584e-05

7.60869e-05 7.99758e-05
7.62041e-05 8.04858e-05

7.62066e-05 8.04858e-05
7.63775e-05 8.12109e-05

7.63757e-05 8.12109e-05
7.65519e-05 8.1936e-05

7.65552e-05 8.1936e-05
7.67338e-05 8.26611e-05

7.67341e-05 8.26611e-05
7.6812e-05 8.29799e-05

7.6812e-05 8.29925e-05
7.69083e-05 8.33862e-05

7.69096e-05 8.33862e-05
7.70886e-05 8.41113e-05

7.70873e-05 8.41113e-05
7.72706e-05 8.48364e-05

7.72739e-05 8.48364e-05
7.74577e-05 8.55615e-05

7.74578e-05 8.55615e-05
7.75371e-05 8.58782e-05

7.75371e-05 8.58926e-05
7.76358e-05 8.62866e-05

7.76375e-05 8.62866e-05
7.78204e-05 8.70117e-05

7.78187e-05 8.70117e-05
7.8006e-05 8.77368e-05

7.80105e-05 8.77368e-05
7.81963e-05 8.84619e-05

7.81956e-05 8.84619e-05
7.82622e-05 8.8726e-05

7.82622e-05 8.87451e-05
7.83738e-05 8.9187e-05

7.83768e-05 8.9187e-05
7.85622e-05 8.99121e-05

7.85598e-05 8.99121e-05
7.87498e-05 9.06372e-05

7.87564e-05 9.06372e-05
7.89424e-05 9.13623e-05

7.89413e-05 9.13623e-05
7.89873e-05 9.15468e-05

7.89873e-05 9.15739e-05
7.91154e-05 9.20874e-05

7.91193e-05 9.20874e-05
7.93031e-05 9.28125e-05

2.39246e-05 9.28125e-05
2.40567e-05 9.35376e-05

2.40569e-05 9.35376e-05
2.41903e-05 9.42627e-05

2.41901e-05 9.42627e-05
2.43248e-05 9.49878e-05

2.43249e-05 9.49878e-05
2.44609e-05 9.57129e-05

2.44608e-05 9.57129e-05
2.45982e-05 9.6438e-05

2.45979e-05 9.6438e-05
2.4605e-05 9.64749e-05

2.4605e-05 9.64754e-05
2.47372e-05 9.71631e-05

2.47377e-05 9.71631e-05
2.4879e-05 9.78882e-05

2.48789e-05 9.78882e-05
2.50215e-05 9.86133e-05

2.50213e-05 9.86133e-05
2.51657e-05 9.93384e-05

2.51661e-05 9.93384e-05
2.53119e-05 0.000100063

2.5311e-05 0.000100063
2.53301e-05 0.000100157

2.53301e-05 0.000100157
2.54592e-05 0.000100789

2.546e-05 0.000100789
2.56108e-05 0.000101514

2.56107e-05 0.000101514
2.57627e-05 0.000102239

2.57625e-05 0.000102239
2.59164e-05 0.000102964

2.59165e-05 0.000102964
2.60552e-05 0.00010361

2.60552e-05 0.00010361
2.60722e-05 0.000103689

2.60718e-05 0.000103689
2.62302e-05 0.000104414

2.62307e-05 0.000104414
2.63914e-05 0.000105139

2.63911e-05 0.000105139
2.65537e-05 0.000105864

2.65541e-05 0.000105864
2.67183e-05 0.000106589

2.67172e-05 0.000106589
2.67803e-05 0.000106863

2.67803e-05 0.000106863
2.68845e-05 0.000107314

2.68855e-05 0.000107314
2.70557e-05 0.00010804

2.70555e-05 0.00010804
2.7227e-05 0.000108765

2.72269e-05 0.000108765
2.74002e-05 0.00010949

2.73996e-05 0.00010949
2.75054e-05 0.000109924

2.75054e-05 0.000109924
2.75762e-05 0.000110215

2.75768e-05 0.000110215
2.77563e-05 0.00011094

2.77561e-05 0.00011094
2.79377e-05 0.000111665

2.7938e-05 0.000111665
2.81216e-05 0.00011239

2.81205e-05 0.00011239
2.82305e-05 0.000112816

2.82305e-05 0.000112816
2.83078e-05 0.000113115

2.83087e-05 0.000113115
2.84996e-05 0.00011384

2.84991e-05 0.00011384
2.86929e-05 0.000114565

2.86937e-05 0.000114565
2.88897e-05 0.000115291

2.88878e-05 0.000115291
2.89556e-05 0.000115536

2.89556e-05 0.000115535
2.90882e-05 0.000116016

2.90901e-05 0.000116016
2.92944e-05 0.000116741

2.92936e-05 0.000116741
2.94996e-05 0.000117466

2.94995e-05 0.000117466
2.96807e-05 0.000118092

2.96807e-05 0.000118092
2.97092e-05 0.000118191

2.97093e-05 0.000118191
2.99226e-05 0.000118916

2.99225e-05 0.000118916
3.01393e-05 0.000119641

3.01399e-05 0.000119641
3.03591e-05 0.000120366

3.03573e-05 0.000120366
3.04058e-05 0.000120523

3.04058e-05 0.000120523
3.0581e-05 0.000121091

3.05826e-05 0.000121091
3.08104e-05 0.000121816

3.08103e-05 0.000121816
3.10393e-05 0.000122542

3.10373e-05 0.000122542
3.11309e-05 0.000122831

3.11309e-05 0.00012283
3.12717e-05 0.000123267

3.12736e-05 0.000123267
3.15123e-05 0.000123992

3.15118e-05 0.000123992
3.17522e-05 0.000124717

3.17506e-05 0.000124717
3.1856e-05 0.000125028

3.1856e-05 0.000125026
3.19967e-05 0.000125442

3.19983e-05 0.000125442
3.22486e-05 0.000126167

3.22482e-05 0.000126167
3.25002e-05 0.000126892

3.24982e-05 0.000126892
3.25811e-05 0.000127125

3.25811e-05 0.000127123
3.27566e-05 0.000127617

3.27582e-05 0.000127617
3.30209e-05 0.000128342

3.30205e-05 0.000128342
3.32852e-05 0.000129067

3.32837e-05 0.000129067
3.33062e-05 0.000129128

3.33062e-05 0.000129126
3.3554e-05 0.000129792

3.35549e-05 0.000129792
3.38301e-05 0.000130518

3.38299e-05 0.000130518
3.40312e-05 0.000131041

3.40313e-05 0.000131041
3.4109e-05 0.000131243

3.4109e-05 0.000131243
3.43922e-05 0.000131968

3.43925e-05 0.000131968
3.46793e-05 0.000132693

3.46768e-05 0.000132693
3.47563e-05 0.00013289

3.47563e-05 0.000132887
3.49708e-05 0.000133418

3.4972e-05 0.000133418
3.52704e-05 0.000134143

3.52701e-05 0.000134143
3.54814e-05 0.000134651

3.54814e-05 0.000134651
3.5572e-05 0.000134868

3.55713e-05 0.000134868
3.58783e-05 0.000135593

3.58797e-05 0.000135593
3.61906e-05 0.000136318

3.61885e-05 0.000136318
3.62065e-05 0.00013636

3.62065e-05 0.000136361
3.65051e-05 0.000137043

3.65086e-05 0.000137043
3.68305e-05 0.000137769

3.68262e-05 0.000137769
3.69316e-05 0.000138002

3.69316e-05 0.000138
3.71543e-05 0.000138494

3.7158e-05 0.000138494
3.74909e-05 0.000139219

7.93006e-05 9.28125e-05
7.94879e-05 9.35376e-05

7.94955e-05 9.35376e-05
7.96764e-05 9.42627e-05

7.96754e-05 9.42627e-05
7.97124e-05 9.44183e-05

7.97124e-05 9.44496e-05
7.98405e-05 9.49878e-05

7.98448e-05 9.49878e-05
8.00175e-05 9.57129e-05

8.00157e-05 9.57129e-05
8.01874e-05 9.6438e-05

8.0191e-05 9.6438e-05
8.03583e-05 9.71631e-05

8.03594e-05 9.71631e-05
8.04375e-05 9.75241e-05

8.04375e-05 0.000112995
8.04014e-05 0.000113115

8.0405e-05 0.000113115
8.01734e-05 0.00011384

8.01768e-05 0.00011384
7.99408e-05 0.000114565

7.97124e-05 0.00011519
7.96776e-05 0.000115291

7.96824e-05 0.000115291
7.943e-05 0.000116016

7.97124e-05 0.000115235
7.99446e-05 0.000114565

7.89873e-05 0.000117333
7.89434e-05 0.000117466

7.89462e-05 0.000117466
7.87206e-05 0.000118191

7.87226e-05 0.000118191
7.85169e-05 0.000118916

7.94338e-05 0.000116016
7.91911e-05 0.000116741

7.89873e-05 0.000117361
7.91921e-05 0.000116741

7.82622e-05 0.000119903
7.81547e-05 0.000120366

7.85171e-05 0.000118916
7.8327e-05 0.000119641

7.82622e-05 0.000119911
7.83248e-05 0.000119641

7.81566e-05 0.000120366
7.80144e-05 0.000121091

7.8015e-05 0.000121091
7.78949e-05 0.000121816

7.78944e-05 0.000121816
7.77961e-05 0.000122542

7.77961e-05 0.000122542
7.77205e-05 0.000123267

7.7721e-05 0.000123267
7.76674e-05 0.000123992

7.76678e-05 0.000123992
7.76345e-05 0.000124717

7.7635e-05 0.000124717
7.76202e-05 0.000125442

7.76206e-05 0.000125442
7.76225e-05 0.000126167

7.76229e-05 0.000126167
7.76397e-05 0.000126892

7.76401e-05 0.000126892
7.76701e-05 0.000127617

7.76706e-05 0.000127617
7.7712e-05 0.000128342

7.77124e-05 0.000128342
7.77633e-05 0.000129067

7.77638e-05 0.000129067
7.78223e-05 0.000129792

7.78227e-05 0.000129792
7.78872e-05 0.000130518

7.78876e-05 0.000130518
7.79563e-05 0.000131243

7.79567e-05 0.000131243
7.80281e-05 0.000131968

7.80286e-05 0.000131968
7.8101e-05 0.000132693

7.81014e-05 0.000132693
7.81732e-05 0.000133418

7.81737e-05 0.000133418
7.82429e-05 0.000134143

7.82438e-05 0.000134143
7.82622e-05 0.000134351

7.82622e-05 0.000134355
7.83079e-05 0.000134868

7.83077e-05 0.000134868
7.83667e-05 0.000135593

7.83673e-05 0.000135593
7.84199e-05 0.000136318

7.84201e-05 0.000136318
7.84647e-05 0.000137043

7.84651e-05 0.000137043
7.85005e-05 0.000137769

7.85009e-05 0.000137769
7.85256e-05 0.000138494

7.85259e-05 0.000138494
7.85385e-05 0.000139219

3.74871e-05 0.000139219
3.76567e-05 0.000139583

3.76567e-05 0.000139582
3.78255e-05 0.000139944

3.78285e-05 0.000139944
3.81719e-05 0.000140669

3.81684e-05 0.000140669
3.83818e-05 0.000141112

3.83818e-05 0.000141111
3.8518e-05 0.000141394

3.85208e-05 0.000141394
3.88753e-05 0.000142119

3.88716e-05 0.000142119
3.91069e-05 0.000142592

3.91069e-05 0.000142591
3.92328e-05 0.000142844

3.92362e-05 0.000142844
3.96018e-05 0.000143569

3.95972e-05 0.000143569
3.9832e-05 0.000144027

3.9832e-05 0.000144026
3.99699e-05 0.000144294

3.99744e-05 0.000144294
4.03512e-05 0.00014502

4.03451e-05 0.00014502
4.05571e-05 0.000145421

4.05571e-05 0.000145419
4.07293e-05 0.000145745

4.07352e-05 0.000145745
4.11233e-05 0.00014647

4.1116e-05 0.00014647
4.12822e-05 0.000146776

4.12822e-05 0.000146774
4.15109e-05 0.000147195

4.15174e-05 0.000147195
4.19176e-05 0.00014792

4.19121e-05 0.00014792
4.20073e-05 0.000148091

4.20073e-05 0.000148091
4.2316e-05 0.000148645

4.232e-05 0.000148645
4.27323e-05 0.00014937

4.27324e-05 0.000149372
4.31459e-05 0.000150095

4.31434e-05 0.000150095
4.34575e-05 0.000150635

4.34575e-05 0.000150633
4.35667e-05 0.00015082

4.35707e-05 0.00015082
4.39955e-05 0.000151545

4.39888e-05 0.000151545
4.41826e-05 0.000151873

4.41826e-05 0.00015187
4.44199e-05 0.000152271

4.44243e-05 0.000152271
4.48597e-05 0.000152996

4.48583e-05 0.000152996
4.49077e-05 0.000153079

4.49077e-05 0.00015308
4.52931e-05 0.000153721

4.52926e-05 0.000153721
4.56328e-05 0.000154277

4.56328e-05 0.000154276
4.57364e-05 0.000154446

4.57397e-05 0.000154446
4.61834e-05 0.000155171

4.61778e-05 0.000155171
4.63579e-05 0.000155464

4.63579e-05 0.000155461
4.66254e-05 0.000155896

4.66281e-05 0.000155896
4.70786e-05 0.000156621

4.70792e-05 0.000156621
4.7083e-05 0.000156627

4.7083e-05 0.000156628
4.7527e-05 0.000157346

4.75239e-05 0.000157346
4.78081e-05 0.000157803

4.78081e-05 0.0001578
4.79768e-05 0.000158071

4.79804e-05 0.000158071
4.84312e-05 0.000158796

4.84273e-05 0.000158796
4.85332e-05 0.000158969

4.85332e-05 0.000158967
4.8876e-05 0.000159521

4.8877e-05 0.000159521
4.92583e-05 0.000160135

4.92583e-05 0.000160134
4.93274e-05 0.000160247

4.93306e-05 0.000160247
4.97752e-05 0.000160972

4.97694e-05 0.000160972
4.99834e-05 0.000161322

4.99834e-05 0.00016132
5.02136e-05 0.000161697

5.02184e-05 0.000161697
5.06584e-05 0.000162422

