0.000181168 0.000116016
0.000181226 0.000116333

0.000181226 0.000116333
0.0001813 0.000116741

0.0001813 0.000116741
0.000181431 0.000117466

0.000181431 0.000117466
0.00018156 0.000118191

0.00018156 0.000118191
0.000181689 0.000118916

0.000181689 0.000118916
0.000181818 0.000119641

0.000181818 0.000119641
0.000181947 0.000120366

0.000181947 0.000120366
0.000181951 0.00012039

0.000181951 0.00012039
0.000182074 0.000121091

0.000182074 0.000121091
0.0001822 0.000121816

0.0001822 0.000121816
0.000182324 0.000122542

0.000182324 0.000122542
0.000182448 0.000123267

0.000182448 0.000123267
0.000182572 0.000123992

0.000182572 0.000123992
0.000182676 0.000124608

0.000182676 0.000124608
0.000182695 0.000124717

0.000182695 0.000124717
0.000182816 0.000125442

0.000182816 0.000125442
0.000182935 0.000126167

0.000182935 0.000126167
0.000183054 0.000126892

0.000183054 0.000126892
0.000183171 0.000127617

0.000183171 0.000127617
0.000183288 0.000128342

0.000183288 0.000128342
0.000183401 0.000129054

0.000183401 0.000129054
0.000183404 0.000129067

0.000183404 0.000129067
0.000183518 0.000129792

0.000183518 0.000129792
0.00018363 0.000130518

0.00018363 0.000130518
0.000183741 0.000131243

0.000183741 0.000131243
0.000183851 0.000131968

0.000183851 0.000131968
0.00018396 0.000132693

0.00018396 0.000132693
0.000184067 0.000133418

0.000184068 0.000133418
0.000184126 0.000133817

0.000184126 0.000133817
0.000184174 0.000134143

0.000184174 0.000134143
0.000184279 0.000134868

0.000184279 0.000134868
0.000184382 0.000135593

0.000184382 0.000135593
0.000184484 0.000136318

0.000184484 0.000136318
0.000184584 0.000137043

0.000184584 0.000137043
0.000184683 0.000137769

0.000184683 0.000137769
0.000184781 0.000138494

0.000184781 0.000138494
0.000184852 0.000139022

0.000184852 0.000139022
0.000184878 0.000139219

0.000184878 0.000139219
0.000184973 0.000139944

0.000184973 0.000139944
0.000185066 0.000140669

0.000185066 0.000140669
0.000185158 0.000141394

0.000185158 0.000141394
0.000185248 0.000142119

0.000185248 0.000142119
0.000185337 0.000142844

0.000185337 0.000142844
0.000185425 0.000143569

0.000185425 0.000143569
0.000185512 0.000144294

0.000185512 0.000144294
0.000185577 0.000144846

0.000185577 0.000144846
0.000185597 0.00014502

0.000185597 0.00014502
0.000185681 0.000145745

0.000185681 0.000145745
0.000185763 0.00014647

0.000185763 0.00014647
0.000185844 0.000147195

0.000185844 0.000147195
0.000185923 0.00014792

0.000185923 0.00014792
0.000186002 0.000148645

0.000186002 0.000148645
0.000186079 0.00014937

0.000186079 0.00014937
0.000186155 0.000150095

0.000186155 0.000150095
0.00018623 0.00015082

0.00018623 0.00015082
0.000186302 0.000151532

0.000186302 0.000151533
0.000186303 0.000151545

0.000186303 0.000151545
0.000186375 0.000152271

0.000186375 0.000152271
0.000186446 0.000152996

0.000186446 0.000152996
0.000186516 0.000153721

0.000186516 0.000153721
0.000186584 0.000154446

0.000186584 0.000154446
0.000186651 0.000155171

0.000186651 0.000155171
0.000186716 0.000155896

0.000186716 0.000155896
0.000186781 0.000156621

0.000186781 0.000156621
0.000186844 0.000157346

0.000186844 0.000157346
0.000186906 0.000158071

0.000186906 0.000158071
0.000186966 0.000158796

0.000186966 0.000158796
0.000187024 0.000159521

0.000187025 0.000159521
0.000187027 0.00015955

0.000187027 0.000159551
0.000187082 0.000160247

0.000187082 0.000160247
0.000187138 0.000160972

0.000187138 0.000160972
0.000187192 0.000161697

0.000187192 0.000161697
0.000187245 0.000162422

0.00017325 0.000163258
0.000173329 0.000163872

0.000173329 0.000163872
0.000173422 0.000164597

0.000173422 0.000164597
0.000173514 0.000165322

0.000173514 0.000165322
0.000173606 0.000166047

0.000173606 0.000166047
0.000173698 0.000166772

0.000173698 0.000166772
0.000173789 0.000167498

0.000173789 0.000167498
0.00017388 0.000168223

0.00017388 0.000168223
0.000173971 0.000168948

0.000173971 0.000168948
0.000173975 0.000168982

0.000173975 0.000168982
0.000174061 0.000169673

0.000174062 0.000169673
0.000174152 0.000170398

0.000174152 0.00015094 0
0.000150941 7.25098e-07

0.000150941 7.25098e-07
0.000150942 1.4502e-06

0.000150942 1.4502e-06
0.000150945 2.17529e-06

0.000150945 2.17529e-06
0.000150949 2.90039e-06

0.000150949 2.90039e-06
0.000150954 3.62549e-06

0.000150954 3.62549e-06
0.00015096 4.35059e-06

0.00015096 4.35059e-06
0.000150967 5.07568e-06

0.000150967 5.07568e-06
0.000150975 5.80078e-06

0.000150975 5.80078e-06
0.000150984 6.52588e-06

0.000150984 6.52588e-06
0.000150995 7.25098e-06

0.000150995 7.25098e-06
0.000151008 7.97607e-06

0.000151008 7.97607e-06
0.000151021 8.70117e-06

0.000151021 8.70117e-06
0.000151036 9.42627e-06

0.000151036 9.42627e-06
0.00015105 1.01514e-05

0.00015105 1.01514e-05
0.000151066 1.08765e-05

0.000151065 1.08765e-05
0.000151083 1.16016e-05

0.000151083 1.16016e-05
0.000151101 1.23267e-05

0.000151101 1.23267e-05
0.000151121 1.30518e-05

0.000151121 1.30518e-05
0.000151142 1.37769e-05

0.000151142 1.37769e-05
0.000151165 1.4502e-05

0.000151165 1.4502e-05
0.000151189 1.52271e-05

0.000151189 1.52271e-05
0.000151214 1.59521e-05

0.000151214 1.59521e-05
0.00015124 1.66772e-05

0.00015124 1.66772e-05
0.000151267 1.74023e-05

0.000151267 1.74023e-05
0.000151296 1.81274e-05

0.000151296 1.81274e-05
0.000151326 1.88525e-05

0.000151326 1.88525e-05
0.000151357 1.95776e-05

0.000151357 1.95776e-05
0.000151389 2.03027e-05

0.000151389 2.03027e-05
0.000151423 2.10278e-05

0.000151423 2.10278e-05
0.000151457 2.17529e-05

0.000151458 2.17529e-05
0.000151493 2.2478e-05

0.000151493 2.2478e-05
0.000151497 2.25524e-05

0.000151497 2.25526e-05
0.00015153 2.32031e-05

0.000167076 0
0.000167077 7.25098e-07

0.000167077 7.25098e-07
0.000167079 1.4502e-06

0.000167079 1.4502e-06
0.000167082 2.17529e-06

0.000167082 2.17529e-06
0.000167087 2.90039e-06

0.000167087 2.90039e-06
0.000167094 3.62549e-06

0.000167094 3.62549e-06
0.000167102 4.35059e-06

0.000167102 4.35059e-06
0.000167111 5.07568e-06

0.000167111 5.07568e-06
0.000167121 5.80078e-06

0.000167121 5.80078e-06
0.000167132 6.52588e-06

0.000167132 6.52588e-06
0.000167145 7.25098e-06

0.000167145 7.25098e-06
0.000167159 7.97607e-06

0.000167159 7.97607e-06
0.000167175 8.70117e-06

0.000167175 8.70117e-06
0.000167192 9.42627e-06

0.000167192 9.42627e-06
0.00016721 1.01514e-05

0.00016721 1.01514e-05
0.000167229 1.08765e-05

0.000167229 1.08765e-05
0.00016725 1.16016e-05

0.00016725 1.16016e-05
0.000167272 1.23267e-05

0.000167272 1.23267e-05
0.000167296 1.30518e-05

0.000167296 1.30518e-05
0.000167321 1.37769e-05

0.00016732 1.37769e-05
0.000167347 1.4502e-05

0.000167347 1.4502e-05
0.000167374 1.52271e-05

0.000167374 1.52271e-05
0.000167403 1.59521e-05

0.000167403 1.59521e-05
0.000167433 1.66772e-05

0.000167433 1.66772e-05
0.000167449 1.70484e-05

0.000167449 1.70485e-05
0.000167465 1.74023e-05

0.000167465 1.74023e-05
0.000167497 1.81274e-05

0.000167497 1.81274e-05
0.000167531 1.88525e-05

0.000167531 1.88525e-05
0.000167567 1.95776e-05

0.000167567 1.95776e-05
0.000167604 2.03027e-05

0.000167604 2.03027e-05
0.000167642 2.10278e-05

0.000167642 2.10278e-05
0.000167681 2.17529e-05

0.000167681 2.17529e-05
0.000167722 2.2478e-05

0.000167722 2.2478e-05
0.000167764 2.32031e-05

0.00015153 2.32031e-05
0.000151607 2.46533e-05

0.000151607 2.46533e-05
0.000151647 2.53784e-05

0.000151647 2.53784e-05
0.000151689 2.61035e-05

0.000151689 2.61035e-05
0.000151777 2.75537e-05

0.000151777 2.75537e-05
0.000151823 2.82788e-05

0.000151823 2.82788e-05
0.000151871 2.90039e-05

0.000151871 2.90039e-05
0.000151921 2.9729e-05

0.000151921 2.9729e-05
0.000151973 3.04541e-05

0.000151973 3.04541e-05
0.000152027 3.11792e-05

0.000152027 3.11792e-05
0.000152083 3.19043e-05

0.000152083 3.19043e-05
0.000152141 3.26294e-05

0.000152141 3.26294e-05
0.000152201 3.33545e-05

0.000152201 3.33545e-05
0.000152222 3.36078e-05

0.000152222 3.3608e-05
0.000152262 3.40796e-05

0.000152262 3.40796e-05
0.000152326 3.48047e-05

0.000152326 3.48047e-05
0.000152391 3.55298e-05

0.000152391 3.55298e-05
0.000152458 3.62549e-05

0.000152458 3.62549e-05
0.000152526 3.698e-05

0.000152526 3.698e-05
0.00015250.000170398
0.000174242 0.000171123

0.000174242 0.000171123
0.000174332 0.000171848

0.000174332 0.000171848
0.000174422 0.000172573

0.000174422 0.000172573
0.000174512 0.000173298

0.000174512 0.000173298
0.000174601 0.000174023

0.000174601 0.000174023
0.000174691 0.000174749

0.000174691 0.000174749
0.0001747 0.000174827

0.0001747 0.000174827
0.00017478 0.000175474

0.00017478 0.000175474
0.000174869 0.000176199

0.000174869 0.000176199
0.000174958 0.000176924

0.000174958 0.000176924
0.000175047 0.000177649

0.000175047 0.000177649
0.000175135 0.000178374

0.000175135 0.000178374
0.000175224 0.000179099

0.000175224 0.000179099
0.000175312 0.000179824

0.000175312 0.000179824
0.0001754 0.000180549

0.0001754 0.000180549
0.000175425 0.000180761

0.000175425 0.000180761
0.000175487 0.000181274

0.000175488 0.000181274
0.000175575 0.000182

0.000175575 0.000182
0.000175663 0.000182725

0.000175663 0.000182725
0.00017575 0.00018345

0.00017575 0.00018345
0.000175836 0.000184175

0.000175836 0.000184175
0.000175923 0.0001849

0.000175923 0.0001849
0.000176009 0.000185625

0.000187245 0.000162422
0.000187296 0.000163147

0.000187296 0.000163147
0.000187346 0.000163872

0.000187345 0.000163872
0.000187394 0.000164597

0.000187394 0.000164597
0.000187441 0.000165322

0.000187441 0.000165322
0.000187487 0.000166047

0.000187487 0.000166047
0.000187532 0.000166772

0.000187531 0.000166772
0.000187575 0.000167498

0.000187575 0.000167498
0.000187618 0.000168223

0.000187618 0.000168223
0.000187659 0.000168948

0.000187659 0.000168948
0.0001877 0.000169673

0.0001877 0.000169673
0.00018774 0.000170398

0.00018774 0.000170398
0.000187752 0.000170617

0.000187752 0.000170618
0.000187779 0.000171123

0.000187779 0.000171123
0.000187818 0.000171848

0.000187817 0.000171848
0.000187855 0.000172573

0.000187855 0.000172573
0.000187892 0.000173298

0.000187892 0.000173298
0.000187928 0.000174023

0.000187928 0.000174023
0.000187964 0.000174749

0.000187963 0.000174749
0.000187999 0.000175474

0.000187999 0.000175474
0.000188033 0.000176199

0.000188033 0.000176199
0.000188067 0.000176924

0.000188067 0.000176924
0.000188101 0.000177649

0.000188101 0.000177649
0.000188133 0.000178374

0.000188133 0.000178374
0.000188166 0.000179099

0.000188166 0.000179099
0.000188197 0.000179824

0.000188197 0.000179824
0.000188228 0.000180549

0.000188228 0.000180549
0.000188259 0.000181274

0.000188259 0.000181274
0.000188289 0.000182

0.000188289 0.000182
0.000188318 0.000182725

0.000188318 0.000182725
0.000188346 0.00018345

0.000188346 0.00018345
0.000188375 0.000184175

0.000188375 0.000184175
0.000188402 0.0001849

0.000188402 0.0001849
0.000188429 0.000185625

0.000176009 0.000185625
0.000176095 0.00018635

0.000176095 0.00018635
0.00017615 0.000186824

0.00017615 0.000186824
0.00017618 0.000187075

0.00017618 0.000187075
0.000176265 0.0001878

0.000176265 0.0001878
0.00017635 0.000188525

0.00017635 0.000188525
0.000176434 0.00018925

0.000176434 0.00018925
0.000176518 0.000189976

0.000176518 0.000189976
0.000176602 0.000190701

0.000176602 0.000190701
0.000176685 0.000191426

0.000176685 0.000191426
0.000176768 0.000192151

0.000176768 0.000192151
0.00017685 0.000192876

0.00017685 0.000192876
0.000176875 0.000193106

0.000176875 0.000193106
0.000176931 0.000193601

0.000176931 0.000193601
0.000177013 0.000194326

0.000177013 0.000194326
0.000177093 0.000195051

0.000177093 0.000195051
0.000177174 0.000195776

0.000177174 0.000195776
0.000177253 0.000196501

0.000177253 0.000196501
0.000177332 0.000197227

0.000177332 0.000197227
0.000177411 0.000197952

0.000177411 0.000197952
0.000177488 0.000198677

0.000177488 0.000198677
0.000177566 0.000199402

0.000177566 0.000199402
0.000177601 0.000199731

0.000177601 0.000199732
0.000177642 0.000200127

0.000177643 0.000200127
0.000177719 0.000200852

0.000177719 0.000200852
0.000177794 0.000201577

0.000177794 0.000201577
0.000177869 0.000202302

0.000177869 0.000202302
0.000177944 0.000203027

0.000177944 0.000203027
0.000178017 0.000203752

0.000178017 0.000203752
0.00017809 0.000204478

0.97 3.77051e-05

0.000152597 3.77051e-05
0.000152669 3.84302e-05

0.000152669 3.84302e-05
0.000152743 3.91553e-05

0.000152743 3.91553e-05
0.000152818 3.98804e-05

0.000152818 3.98804e-05
0.000152895 4.06055e-05

0.000152895 4.06055e-05
0.000152947 4.10823e-05

0.000152947 4.10824e-05
0.000152974 4.13306e-05

0.000152974 4.13306e-05
0.000153055 4.20557e-05

0.000153055 4.20557e-05
0.000153137 4.27808e-05

0.000153137 4.27808e-05
0.00015322 4.35059e-05

0.00015322 4.35059e-05
0.000153306 4.4231e-05

0.000153306 4.4231e-05
0.000153392 4.49561e-05

0.000153392 4.49561e-05
0.000153481 4.56812e-05

0.000153481 4.56812e-05
0.00015357 4.64062e-05

0.000167764 2.32031e-05
0.000167807 2.39282e-05

0.000167807 2.39282e-05
0.000167852 2.46533e-05

0.000167852 2.46533e-05
0.000167898 2.53784e-05

0.000167898 2.53784e-05
0.000167946 2.61035e-05

0.000167946 2.61035e-05
0.000167995 2.68286e-05

0.000167995 2.68286e-05
0.000168045 2.75537e-05

0.000168045 2.75537e-05
0.000168097 2.82788e-05

0.000168097 2.82788e-05
0.00016815 2.90039e-05

0.00016815 2.90039e-05
0.000168174 2.93246e-05

0.000168174 2.93248e-05
0.000168205 2.9729e-05

0.000168205 2.9729e-05
0.000168261 3.04541e-05

0.000168261 3.04541e-05
0.000168318 3.11792e-05

0.000168318 3.11792e-05
0.000168376 3.19043e-05

0.000168376 3.19043e-05
0.000168436 3.26294e-05

0.000168436 3.26294e-05
0.000168497 3.33545e-05

0.000168498 3.33545e-05
0.00016856 3.40796e-05

0.00016856 3.40796e-05
0.000168624 3.48047e-05

0.000168624 3.48047e-05
0.000168689 3.55298e-05

0.000168689 3.55298e-05
0.000168756 3.62549e-05

0.000168756 3.62549e-05
0.000168824 3.698e-05

0.000168824 3.698e-05
0.000168893 3.77051e-05

0.000168893 3.77051e-05
0.000168899 3.77736e-05

0.000168899 3.77739e-05
0.000168963 3.84302e-05

0.000168963 3.84302e-05
0.000169035 3.91553e-05

0.000169035 3.91553e-05
0.000169108 3.98804e-05

0.000169108 3.98804e-05
0.000169182 4.06055e-05

0.000169182 4.06055e-05
0.000169257 4.13306e-05

0.000169257 4.13306e-05
0.000169333 4.20557e-05

0.000169333 4.20557e-05
0.000169411 4.27808e-05

0.000169411 4.27808e-05
0.00016949 4.35059e-05

0.00016949 4.35059e-05
0.00016957 4.4231e-05

0.00016957 4.4231e-05
0.000169625 4.4715e-05

0.000169625 4.47152e-05
0.000169652 4.49561e-05

0.000169652 4.49561e-05
0.000169734 4.56812e-05

0.000169734 4.56812e-05
0.000169818 4.64062e-05

0.000153571 4.64062e-05
0.000153662 4.71313e-05

0.000153662 4.71313e-05
0.000153672 4.72132e-05

0.000153672 4.72135e-05
0.000153755 4.78564e-05

0.000153755 4.78564e-05
0.000153849 4.85815e-05

0.000153849 4.85815e-05
0.000153945 4.93066e-05

0.000153945 4.93066e-05
0.000154042 5.00317e-05

0.000154042 5.00317e-05
0.000154141 5.07568e-05

0.000154141 5.07568e-05
0.000154241 5.14819e-05

0.000154241 5.14819e-05
0.000154342 5.2207e-05

0.000154342 5.2207e-05
0.000154397 5.25977e-05

0.000154397 5.2598e-05
0.000154445 5.29321e-05

0.000154445 5.29321e-05
0.000154549 5.36572e-05

0.000154549 5.36572e-05
0.000154655 5.43823e-05

0.000154655 5.43823e-05
0.000154761 5.51074e-05

0.000154761 5.51074e-05
0.000154869 5.58325e-05

0.000154869 5.58325e-05
0.000154979 5.65576e-05

0.000154979 5.65576e-05
0.000155089 5.72827e-05

0.000155089 5.72827e-05
0.000155123 5.75004e-05

0.000155123 5.75007e-05
0.000155201 5.80078e-05

0.000155201 5.80078e-05
0.000155314 5.87329e-05

0.000155314 5.87329e-05
0.000155428 5.9458e-05

0.000155428 5.9458e-05
0.000155543 6.01831e-05

0.000155543 6.01831e-05
0.000155659 6.09082e-05

0.000155659 6.09082e-05
0.000155777 6.16333e-05

0.000155777 6.16333e-05
0.000155848 6.20676e-05

0.000155848 6.20678e-05
0.000155895 6.23584e-05

0.000155895 6.23584e-05
0.000156015 6.30835e-05

0.000156015 6.30835e-05
0.000156135 6.38086e-05

0.000156135 6.38086e-05
0.000156256 6.45337e-05

0.000156256 6.45337e-05
0.000156378 6.52588e-05

0.000156378 6.52588e-05
0.000156501 6.59839e-05

0.000156501 6.59839e-05
0.000156573 6.64016e-05

0.000156573 6.64019e-05
0.000156625 6.6709e-05

0.000156625 6.6709e-05
0.00015675 6.74341e-05

0.00015675 6.74341e-05
0.000156876 6.81592e-05

0.000156876 6.81592e-05
0.000157002 6.88843e00017809 0.000204478
0.000178162 0.000205203

0.000178162 0.000205203
0.000178233 0.000205928

0.000178233 0.000205928
0.000178304 0.000206653

0.000178304 0.000206653
0.000178326 0.00020688

0.000178326 0.00020688
0.000178374 0.000207378

0.000178374 0.000207378
0.000178443 0.000208103

0.000178443 0.000208103
0.000178511 0.000208828

0.000188429 0.000185625
0.000188456 0.00018635

0.000188456 0.00018635
0.000188477 0.000186946

0.000188477 0.000186947
0.000188482 0.000187075

0.000188482 0.000187075
0.000188507 0.0001878

0.000188507 0.0001878
0.000188532 0.000188525

0.000188532 0.000188525
0.000188557 0.00018925

0.000188557 0.00018925
0.000188581 0.000189976

0.000188581 0.000189976
0.000188605 0.000190701

0.000188605 0.000190701
0.000188628 0.000191426

0.000188628 0.000191426
0.000188651 0.000192151

0.000188651 0.000192151
0.000188674 0.000192876

0.000188674 0.000192876
0.000188697 0.000193601

0.000188697 0.000193601
0.000188719 0.000194326

0.000188719 0.000194326
0.000188741 0.000195051

0.000188741 0.000195051
0.000188763 0.000195776

0.000188763 0.000195776
0.000188784 0.000196501

0.000188784 0.000196501
0.000188806 0.000197227

0.000188806 0.000197227
0.000188827 0.000197952

0.000188827 0.000197952
0.000188848 0.000198677

0.000188848 0.000198677
0.00018887 0.000199402

0.00018887 0.000199402
0.000188891 0.000200127

0.000188891 0.000200127
0.000188912 0.000200852

0.000188912 0.000200852
0.000188933 0.000201577

0.000188933 0.000201577
0.000188955 0.000202302

0.000188955 0.000202302
0.000188977 0.000203027

0.000188977 0.000203027
0.000188999 0.000203752

0.000188999 0.000203752
0.000189021 0.000204478

0.000189021 0.000204478
0.000189044 0.000205203

0.000189044 0.000205203
0.000189067 0.000205928

0.000189067 0.000205928
0.000189091 0.000206653

0.000189091 0.000206653
0.000189115 0.000207378

0.000189115 0.000207378
0.00018914 0.000208103

0.00018914 0.000208103
0.000189166 0.000208828

0.000178511 0.000208828
0.000178579 0.000209553

0.000178579 0.000209553
0.000178646 0.000210278

0.000178646 0.000210278
0.000178711 0.000211003

0.000178711 0.000211003
0.000178776 0.000211729

0.000178776 0.000211729
0.00017884 0.000212454

0.00017884 0.000212454
0.000178904 0.000213179

0.000178904 0.000213179
0.000178966 0.000213904

0.000178966 0.000213904
0.000179027 0.000214629

0.000179027 0.000214629
0.000179051 0.000214917

0.000179051 0.000214917
0.000179087 0.000215354

0.000179087 0.000215354
0.000179146 0.000216079

0.000179146 0.000216079
0.000179204 0.000216804

0.000179204 0.000216804
0.000179261 0.000217529

0.000179261 0.000217529
0.000179317 0.000218254

0.000179317 0.000218254
0.000179372 0.000218979

0.000179372 0.000218979
0.000179425 0.000219705

0.000179425 0.000219705
0.000179477 0.00022043

0.000179477 0.00022043
0.000179528 0.000221155

0.000179528 0.000221155
0.000179577 0.00022188

0.000179577 0.00022188
0.000179625 0.000222605

0.000179625 0.000222605
0.000179672 0.00022333

0.000179672 0.00022333
0.000179717 0.000224055

0.000179717 0.000224055
0.000179761 0.00022478

0.000179761 0.00022478
0.000179776 0.000225039

0.000179776 0.000225038
0.000179803 0.000225505

0.000179803 0.000225505
0.000179844 0.00022623

0.000179844 0.00022623
0.000179884 0.000226956

0.000179884 0.000226956
0.000179922 0.000227681

0.000179922 0.000227681
0.000179958 0.000228406

0.000179958 0.000228406
0.000179993 0.000229131

0.000179993 0.000229131
0.000180027 0.000229856

0.000180027 0.000229856
0.000180059 0.000230581

0.000180059 0.000230581
0.000180089 0.000231306

0.000180089 0.000231306
0.000180119 0.000232031

0.000189166 0.000208828
0.000189192 0.000209553

0.000189192 0.000209553
0.000189202 0.000209815

0.000189202 0.000209815
0.00018922 0.000210278

0.00018922 0.000210278
0.000189248 0.000211003

0.000189248 0.000211003
0.000189278 0.000211729

0.000189278 0.000211729
0.000189309 0.000212454

0.000189309 0.000212454
0.000189342 0.000213179

0.000189342 0.000213179
0.000189376 0.000213904

0.000189376 0.000213904
0.000189412 0.000214629

0.000189411 0.000214629
0.000189449 0.000215354

0.000189449-05

0.000157002 6.88843e-05
0.000157129 6.96094e-05

0.000169818 4.64062e-05
0.000169902 4.71313e-05

0.000169902 4.71313e-05
0.000169988 4.78564e-05

0.000169988 4.78564e-05
0.000170075 4.85815e-05

0.000170075 4.85815e-05
0.000170163 4.93066e-05

0.000170163 4.93066e-05
0.000170252 5.00317e-05

0.000170252 5.00317e-05
0.000170343 5.07568e-05

0.000170343 5.07568e-05
0.00017035 5.08119e-05

0.00017035 5.08122e-05
0.000170434 5.14819e-05

0.000170434 5.14819e-05
0.000170526 5.2207e-05

0.000170526 5.2207e-05
0.00017062 5.29321e-05

0.00017062 5.29321e-05
0.000170714 5.36572e-05

0.000170714 5.36572e-05
0.000170809 5.43823e-05

0.000170809 5.43823e-05
0.000170906 5.51074e-05

0.000170906 5.51074e-05
0.000171003 5.58325e-05

0.000171003 5.58325e-05
0.000171075 5.63559e-05

0.000171075 5.63561e-05
0.000171102 5.65576e-05

0.000171102 5.65576e-05
0.000171202 5.72827e-05

0.000171202 5.72827e-05
0.000171302 5.80078e-05

0.000171302 5.80078e-05
0.000171404 5.87329e-05

0.000171404 5.87329e-05
0.000171506 5.9458e-05

0.000171506 5.9458e-05
0.000171609 6.01831e-05

0.000171609 6.01831e-05
0.000171714 6.09082e-05

0.000171714 6.09082e-05
0.0001718 6.14975e-05

0.0001718 6.14977e-05
0.00017182 6.16333e-05

0.00017182 6.16333e-05
0.000171926 6.23584e-05

0.000171926 6.23584e-05
0.000172033 6.30835e-05

0.000172033 6.30835e-05
0.000172141 6.38086e-05

0.000172141 6.38086e-05
0.00017225 6.45337e-05

0.00017225 6.45337e-05
0.00017236 6.52588e-05

0.000172359 6.52588e-05
0.00017247 6.59839e-05

0.000172471 6.59839e-05
0.000172525 6.63368e-05

0.000172525 6.63372e-05
0.000172582 6.6709e-05

0.000172582 6.6709e-05
0.000172694 6.74341e-05

0.000172694 6.74341e-05
0.000172807 6.81592e-05

0.000172807 6.81592e-05
0.00017292 6.88843e-05

0.00017292 6.88843e-05
0.000173033 6.96094e-05

0.000157129 6.96094e-05
0.000157257 7.03345e-05

0.000157257 7.03345e-05
0.000157298 7.05652e-05

0.000157298 7.05656e-05
0.000157385 7.10596e-05

0.000157386 7.10596e-05
0.000157515 7.17847e-05

0.000157515 7.17847e-05
0.000157645 7.25098e-05

0.000157645 7.25098e-05
0.000157775 7.32349e-05

0.000157775 7.32349e-05
0.000157906 7.396e-05

0.000157906 7.396e-05
0.000158023 7.46009e-05

0.000158023 7.4601e-05
0.000158038 7.46851e-05

0.000158038 7.46851e-05
0.000158171 7.54102e-05

0.000158171 7.54102e-05
0.000158304 7.61353e-05

0.000158304 7.61353e-05
0.000158437 7.68604e-05

0.000158437 7.68604e-05
0.000158571 7.75854e-05

0.000158571 7.75854e-05
0.000158706 7.83105e-05

0.000158706 7.83105e-05
0.000158748 7.85367e-05

0.000158748 7.85371e-05
0.000158841 7.90356e-05

0.000158841 7.90356e-05
0.000158977 7.97607e-05

0.000158977 7.97607e-05
0.000159113 8.04858e-05

0.000159113 8.04858e-05
0.000159249 8.12109e-05

0.000159249 8.12109e-05
0.000159386 8.1936e-05

0.000159386 8.1936e-05
0.000159473 8.23965e-05

0.000159473 8.23968e-05
0.000159523 8.26611e-05

0.000159523 8.26611e-05
0.000159661 8.33862e-05

0.000159661 8.33862e-05
0.000159799 8.41113e-05

0.000159799 8.41113e-05
0.000159938 8.48364e-05

0.000159938 8.48364e-05
0.000160076 8.55615e-05

0.000160076 8.55615e-05
0.000160198 8.61978e-05

0.000160198 8.61979e-05
0.000160215 8.62866e-05

0.000160215 8.62866e-05
0.000160355 8.70117e-05

0.000160355 8.70117e-05
0.000160495 8.77368e-05

0.000160495 8.77368e-05
0.000160635 8.84619e-05

0.000160635 8.84619e-05
0.000160775 8.9187e-05

0.000160775 8.9187e-05
0.000160915 8.99121e-05

0.000160915 8.99121e-05
0.000160923 8.99543e-05

0.000160923 8.99548e-05
0.000161056 9.06372e-05

0.000161056 9.06372e-05
0.000161197 9.13623e-05

0.000161197 9.13623e-05
0.000161338 9.20874e-05

0.000161338 9.20874e-05
0.000161479 9.28125e-05

0.000173033 6.96094e-05
0.000173147 7.03345e-05

0.000173147 7.03345e-05
0.00017325 7.09846e-05

0.000161479 9.28125e-05
0.000161621 9.35376e-05

0.000161621 9.35376e-05
0.000161648 9.36793e-05

0.000161648 9.36798e-05
0.000161762 9.42627e-05

0.000161763 9.42627e-05
0.000161904 9.49878e-05

0.000161904 9.49878e-05
0.000162046 9.57129e-05

0.000162046 9.57129e-05
0.000162188 9.6438e-05

0.000162188 9.6438e-05
0.00016233 9.71631e-05

0.00016233 0.000215354
0.000189489 0.000216079

0.000189489 0.000216079
0.000189531 0.000216804

0.000189531 0.000216804
0.000189575 0.000217529

0.000189575 0.000217529
0.000189622 0.000218254

0.000189622 0.000218254
0.000189672 0.000218979

0.000189672 0.000218979
0.000189725 0.000219705

0.000189725 0.000219705
0.000189781 0.00022043

0.000189781 0.00022043
0.000189841 0.000221155

0.000189841 0.000221155
0.000189905 0.00022188

0.000189905 0.00022188
0.000189927 0.000222122

0.000189927 0.000222121
0.000189973 0.000222605

0.000189973 0.000222605
0.000190045 0.00022333

0.000190045 0.00022333
0.000190123 0.000224055

0.000190123 0.000224055
0.000190206 0.00022478

0.000190206 0.00022478
0.000190295 0.000225505

0.000190295 0.000225505
0.00019039 0.00022623

0.00019039 0.00022623
0.000190492 0.000226956

0.000190492 0.000226956
0.000190601 0.000227681

0.000190601 0.000227681
0.000190652 0.000227999

0.000190652 0.000227998
0.000190718 0.000228406

0.000190718 0.000228406
0.000190844 0.000229131

0.000190844 0.000229131
0.000190979 0.000229856

0.000190979 0.000229856
0.000191124 0.000230581

0.000191123 0.000230581
0.00019128 0.000231306

0.000191279 0.000231306
0.000191377 0.00023173

0.000191377 0.000231729
0.000191447 0.000232031

0.000180119 0.000232031
0.000180147 0.000232756

0.000180147 0.000232756
0.000180173 0.000233481

0.000180173 0.000233481
0.000180199 0.000234207

0.000180199 0.000234207
0.000180223 0.000234932

0.000180223 0.000234932
0.000180247 0.000235657

0.000180247 0.000235657
0.00018027 0.000236382

0.00018027 0.000236382
0.000180293 0.000237107

0.000180293 0.000237107
0.000180315 0.000237832

0.000180315 0.000237832
0.000180338 0.000238557

0.000180338 0.000238557
0.000180362 0.000239282

0.000180361 0.000239282
0.000180386 0.000240007

0.000180386 0.000240007
0.000180412 0.000240732

0.000180412 0.000240732
0.000180439 0.000241458

0.000180439 0.000241458
0.000180469 0.000242183

0.000180469 0.000242183
0.000180501 0.000242886

0.000180501 0.000242885
0.000180502 0.000242908

0.000180502 0.000242908
0.000180538 0.000243633

0.000180538 0.000243633
0.000180578 0.000244358

0.000180578 0.000244358
0.000180622 0.000245083

0.000180622 0.000245083
0.000180671 0.000245808

0.000180671 0.000245808
0.000180725 0.000246533

0.000180725 0.000246533
0.000180785 0.000247258

0.000180784 0.000247258
0.00018085 0.000247983

0.00018085 0.000247983
0.000180923 0.000248708

0.000180923 0.000248708
0.000181002 0.000249434

0.000181002 0.000249434
0.000181088 0.000250159

0.000181087 0.000250159
0.000181181 0.000250884

0.00018118 0.000250884
0.000181226 0.000251209

0.000181226 0.000251209
0.000181283 0.000251609

0.000181283 0.000251609
0.000181396 0.000252334

0.000181396 0.000252334
0.000181516 0.000253059

0.000181516 0.000253059
0.000181644 0.000253784

0.000181644 0.000253784
0.000181781 0.000254509

0.00018178 0.000254509
0.000181927 0.000255234

0.000191447 0.000232031
0.000191627 0.000232756

0.000191627 0.000232756
0.000191821 0.000233481

0.000191821 0.000233481
0.00019203 0.000234207

0.000192029 0.000234207
0.000192103 0.000234441

0.000192103 0.000234438
0.000192256 0.000234932

0.000192255 0.000234932
0.0001925 0.000235657

0.000192499 0.000235657
0.000192764 0.000236382

0.000192762 0.000236382
0.000192828 0.000236548

0.000192828 0.000236544
0.00019305 0.000237107

0.000193049 0.000237107
0.000193361 0.000237832

0.000193359 0.000237832
0.000193553 0.000238244

0.000193553 0.00023824
0.000193701 0.000238557

0.000193699 0.000238557
0.000194072 0.000239282

0.000194069 0.000239282
0.000194278 0.000239651

0.000194278 0.000239646
0.000194483 0.000240007

0.000194479 0.000240007
0.000194934 0.000240732

0.000194932 0.000240732
0.000195003 0.000240839

0.000195003 0.000240835
0.000195439 0.000241458

0.000195437 0.000241458
0.000195728 0.000241836

0.000195728 0.000241825
0.000196009 0.000242183

0.000196011 0.000242183
0.000196453 0.000242686

0.000181926 0.000255234
0.000181951 0.000255348

0.000181951 0.000255348
0.000182086 0.000255959

0.000182088 0.000255959
0.000182258 0.000256685

0.000182257 0.00 9.71631e-05
0.000162374 9.73847e-05

0.000162374 9.73851e-05
0.000162472 9.78882e-05

0.000162472 9.78882e-05
0.000162615 9.86133e-05

0.000162615 9.86133e-05
0.000162757 9.93384e-05

0.000162757 9.93384e-05
0.000162899 0.000100063

0.000162899 0.000100063
0.000163041 0.000100789

0.000163041 0.000100789
0.000163099 0.000101084

0.000163099 0.000101084
0.000163183 0.000101514

0.000163183 0.000101514
0.000163325 0.000102239

0.000163325 0.000102239
0.000163467 0.000102964

0.000163467 0.000102964
0.000163609 0.000103689

0.000163609 0.000103689
0.00016375 0.000104414

0.00016375 0.000104414
0.000163824 0.000104792

0.000163824 0.000104793
0.000163891 0.000105139

0.000163891 0.000105139
0.000164033 0.000105864

0.000164033 0.000105864
0.000164174 0.000106589

0.000164174 0.000106589
0.000164314 0.000107314

0.000164314 0.000107314
0.000164455 0.00010804

0.000164455 0.00010804
0.000164549 0.000108527

0.000164549 0.000108527
0.000164595 0.000108765

0.000164595 0.000108765
0.000164735 0.00010949

0.000164735 0.00010949
0.000164874 0.000110215

0.000164874 0.000110215
0.000165013 0.00011094

0.000165013 0.00011094
0.000165152 0.000111665

0.000165152 0.000111665
0.000165274 0.000112306

0.000165274 0.000112307
0.00016529 0.00011239

0.00016529 0.00011239
0.000165428 0.000113115

0.000165428 0.000113115
0.000165565 0.00011384

0.000165565 0.00011384
0.000165702 0.000114565

0.000165702 0.000114565
0.000165837 0.000115291

0.000165837 0.000115291
0.000165973 0.000116016

0.000165973 0.000116016
0.000165999 0.000116157

0.000165999 0.000116157
0.000166108 0.000116741

0.000166108 0.000116741
0.000166242 0.000117466

0.000166242 0.000117466
0.000166376 0.000118191

0.000166376 0.000118191
0.000166508 0.000118916

0.000166508 0.000118916
0.00016664 0.000119641

0.00016664 0.000119641
0.000166724 0.000120103

0.000166724 0.000120103
0.000166772 0.000120366

0.000166772 0.000120366
0.000166903 0.000121091

0.000166903 0.000121091
0.000167033 0.000121816

0.000167033 0.000121816
0.000167162 0.000122542

0.000167162 0.000122542
0.00016729 0.000123267

0.00016729 0.000123267
0.000167418 0.000123992

0.000167418 0.000123992
0.000167449 0.000124172

0.000167449 0.000124172
0.000167545 0.000124717

0.000167545 0.000124717
0.000167671 0.000125442

0.000167671 0.000125442
0.000167796 0.000126167

0.000167796 0.000126167
0.00016792 0.000126892

0.00016792 0.000126892
0.000168044 0.000127617

0.000168044 0.000127617
0.000168167 0.000128342

0.000168167 0.000128342
0.000168174 0.000128388

0.000168174 0.000128388
0.000168289 0.000129067

0.000168289 0.000129067
0.00016841 0.000129792

0.00016841 0.000129792
0.00016853 0.000130518

0.00016853 0.000130518
0.00016865 0.000131243

0.00016865 0.000131243
0.000168768 0.000131968

0.000168768 0.000131968
0.000168886 0.000132693

0.000168886 0.000132693
0.000168899 0.000132777

0.000168899 0.000132777
0.000169003 0.000133418

0.000169003 0.000133418
0.000169119 0.000134143

0.000169119 0.000134143
0.000169235 0.000134868

0.000169235 0.000134868
0.000169349 0.000135593

0.000169349 0.000135593
0.000169463 0.000136318

0.000169463 0.000136318
0.000169576 0.000137043

0.000169576 0.000137043
0.000169625 0.000137358

0.000169625 0.000137359
0.000169688 0.000137769

0.000169688 0.000137769
0.0001698 0.000138494

0.0001698 0.000138494
0.000169911 0.000139219

0.000169911 0.000139219
0.000170021 0.000139944

0.000170021 0.000139944
0.00017013 0.000140669

0.00017013 0.000140669
0.000170238 0.000141394

0.000170238 0.000141394
0.000170346 0.000142119

0.000170346 0.000142119
0.00017035 0.000142141

0.00017035 0.000142141
0.000170454 0.000142844

0.000170454 0.000142844
0.00017056 0.000143569

0.00017056 0.000143569
0.000170666 0.000144294

0.000170666 0.000144294
0.000170772 0.00014502

0.000170772 0.00014502
0.000170876 0.000145745

0.000170876 0.000145745
0.00017098 0.00014647

0.00017098 0.00014647
0.000171075 0.000147131

0.000171075 0.000147131
0.000171084 0.000147195

0.000171084 0.000147195
0.000171187 0.00014792

0.000171187 0.00014792
0.000171289 0.000148645

0.000171289 0.000148645
0.0001713910256685
0.000182434 0.00025741

0.000182433 0.00025741
0.000182621 0.000258135

0.000182619 0.000258135
0.000182676 0.00025834

0.000182676 0.000258339
0.000182822 0.00025886

0.000182826 0.00025886
0.000183039 0.000259585

0.000183037 0.000259585
0.000183256 0.00026031

0.000183253 0.00026031
0.000183401 0.000260767

0.000183401 0.000260766
0.000183489 0.000261035

0.000183494 0.000261035
0.000183741 0.00026176

0.000183738 0.00026176
0.000183992 0.000262485

0.000183989 0.000262485
0.000184126 0.000262855

0.000184126 0.000262853
0.00018426 0.00026321

0.000184265 0.00026321
0.000184545 0.000263936

0.00018454 0.000263936
0.000184828 0.000264661

0.000184829 0.000264661
0.000184852 0.000264716

0.000184852 0.000264711
0.000185132 0.000265386

0.000185133 0.000265386
0.000185442 0.000266111

0.000185439 0.000266111
0.000185577 0.000266422

0.000185577 0.000266422
0.00018576 0.000266836

0.000185766 0.000266836
0.000186095 0.000267561

0.000186088 0.000267561
0.000186302 0.000268017

0.000186302 0.000268017
0.000186428 0.000268286

0.000186435 0.000268286
0.000186783 0.000269011

0.000186774 0.000269011
0.000187027 0.000269522

0.000187027 0.000269522
0.000187133 0.000269736

0.00018714 0.000269736
0.000187511 0.000270461

0.000187502 0.000270461
0.000187752 0.00027093

0.000187752 0.000270929
0.000187889 0.000271187

0.000187893 0.000271187
0.000188305 0.000271912

0.000188297 0.000271912
0.000188477 0.000272206

0.000188477 0.0002722
0.000188744 0.000272637

0.000188733 0.000272637
0.000189202 0.000273313

0.000189202 0.000273313
0.000189237 0.000273362

0.000189233 0.000273362
0.000189823 0.000274087

0.000189822 0.000274087
0.000189927 0.000274204

0.000189927 0.000274208
0.000190518 0.000274812

0.000190519 0.000274812
0.000190652 0.000274935

0.000190652 0.000274937
0.000191377 0.000275528

0.000191377 0.000275528
0.00019139 0.000275537

0.000191405 0.000275537
0.000192103 0.000276002

0.000192103 0.000276006
0.000192579 0.000276262

0.000192588 0.000276262
0.000192828 0.000276391

0.000192828 0.00027639
0.000193553 0.000276688

0.000193553 0.000276687
0.000194278 0.000276907

0.000194278 0.000276907
0.000194682 0.000276987

0.000194689 0.000276987
0.000195003 0.00027705

0.000195003 0.000277049
0.000195728 0.000277124

0.000195728 0.000277123
0.000196453 0.000277133

0.000196453 0.000242683
0.000196663 0.000242908

0.000196661 0.000242908
0.000197178 0.000243416

0.000197178 0.000243418
0.000197418 0.000243633

0.000197418 0.000243633
0.000197903 0.000244043

0.000197903 0.000244048
0.000198322 0.000244358

0.000198324 0.000244358
0.000198628 0.000244575

0.000198628 0.000244576
0.000199354 0.000245038

0.000199354 0.000245041
0.000199431 0.000245083

0.000199437 0.000245083
0.000200079 0.000245435

0.000200079 0.000245431
0.000200804 0.000245772

0.000200804 0.000245774
0.000200888 0.000245808

0.000200898 0.000245808
0.000201529 0.000246064

0.000201529 0.000246063
0.000202254 0.000246317

0.000202254 0.000246315
0.000202969 0.000246533

0.00020297 0.000246533
0.000202979 0.000246536

0.000202979 0.000246535
0.000203704 0.00024673

0.000203704 0.000246729
0.000204429 0.000246902

0.000204429 0.000246901
0.000205154 0.000247056

0.000205154 0.000247055
0.000205879 0.000247197

0.000205879 0.000247196
0.000206218 0.000247258

0.000206222 0.000247258
0.000206604 0.000247329

0.000206604 0.000247328
0.00020733 0.000247456

0.00020733 0.000247455
0.000208055 0.00024758

0.000208055 0.000247579
0.00020878 0.000247704

0.00020878 0.000247703
0.000209505 0.000247831

0.000209505 0.00024783
0.00021023 0.000247964

0.00021023 0.000247964
0.000210328 0.000247983

0.000210332 0.000247983
0.000210955 0.000248108

0.000210955 0.000248108
0.00021168 0.000248265

0.00021168 0.000248264
0.000212405 0.000248434

0.000212405 0.000248432
0.00021313 0.000248621

0.00021313 0.000248619
0.000213435 0.000248708

0.000213435 0.000248708
0.000213855 0.000248833

0.000213855 0.000248834
0.000214581 0.000249076

0.000214581 0.000249071
0.000215306 0.000249347

0.000215306 0.000249344
0.000215508 0.000249434

0.000215504 0.000249434
0.00021 0.00014937

0.000171391 0.00014937
0.000171492 0.000150095

0.000171492 0.000150095
0.000171593 0.00015082

0.000171593 0.00015082
0.000171693 0.000151545

0.000171693 0.000151545
0.000171793 0.000152271

0.000171793 0.000152271
0.0001718 0.00015232

0.0001718 0.00015232
0.000171892 0.000152996

0.000171892 0.000152996
0.000171991 0.000153721

0.000171991 0.000153721
0.00017209 0.000154446

0.00017209 0.000154446
0.000172188 0.000155171

0.000172188 0.000155171
0.000172285 0.000155896

0.000172285 0.000155896
0.000172382 0.000156621

0.000172382 0.000156621
0.000172478 0.000157346

0.000172478 0.000157346
0.000172525 0.000157698

0.000172525 0.000157698
0.000172574 0.000158071

0.000172574 0.000158071
0.00017267 0.000158796

0.00017267 0.000158796
0.000172766 0.000159521

0.000172766 0.000159521
0.000172861 0.000160247

0.00017286 0.000160247
0.000172955 0.000160972

0.000172955 0.000160972
0.000173049 0.000161697

0.000173049 0.000161697
0.000173143 0.000162422

0.000173143 0.000162422
0.000173236 0.000163147

0.000173236 0.000163147
0.00017325 0.000163257

0.00017325 7.09847e-05
0.000173262 7.10596e-05

0.000173262 7.10596e-05
0.000173376 7.17847e-05

0.000173376 7.17847e-05
0.000173491 7.25098e-05

0.000173491 7.25098e-05
0.000173606 7.32349e-05

0.000173606 7.32349e-05
0.000173721 7.396e-05

0.000173721 7.396e-05
0.000173837 7.46851e-05

0.000173837 7.46851e-05
0.000173954 7.54102e-05

0.000173955 7.54102e-05
0.000173975 7.55368e-05

0.000173975 7.55372e-05
0.000174072 7.61353e-05

0.000174072 7.61353e-05
0.000174189 7.68604e-05

0.000174189 7.68604e-05
0.000174306 7.75854e-05

0.000174307 7.75854e-05
0.000174425 7.83105e-05

0.000174425 7.83105e-05
0.000174543 7.90356e-05

0.000174543 7.90356e-05
0.000174663 7.97607e-05

0.000174663 7.97607e-05
0.0001747 7.99863e-05

0.0001747 7.99866e-05
0.000174783 8.04858e-05

0.000174783 8.04858e-05
0.000174903 8.12109e-05

0.000174902 8.12109e-05
0.000175023 8.1936e-05

0.000175023 8.1936e-05
0.000175144 8.26611e-05

0.000175144 8.26611e-05
0.000175265 8.33862e-05

0.000175265 8.33862e-05
0.000175388 8.41113e-05

0.000175388 8.41113e-05
0.000175425 8.43305e-05

0.000175425 8.43308e-05
0.000175511 8.48364e-05

0.000175511 8.48364e-05
0.000175634 8.55615e-05

0.000175634 8.55615e-05
0.000175757 8.62866e-05

0.000175757 8.62866e-05
0.000175882 8.70117e-05

0.000175882 8.70117e-05
0.000176007 8.77368e-05

0.000176007 8.77368e-05
0.000176133 8.84619e-05

0.000176133 8.84619e-05
0.00017615 8.85617e-05

0.00017615 8.8562e-05
0.000176259 8.9187e-05

0.000176259 8.9187e-05
0.000176386 8.99121e-05

0.000176386 8.99121e-05
0.000176513 9.06372e-05

0.000176513 9.06372e-05
0.00017664 9.13623e-05

0.00017664 9.13623e-05
0.000176769 9.20874e-05

0.000176769 9.20874e-05
0.000176875 9.2686e-05

0.000176875 9.26861e-05
0.000176898 9.28125e-05

0.000176898 9.28125e-05
0.000177027 9.35376e-05

0.000177027 9.35376e-05
0.000177157 9.42627e-05

0.000177157 9.42627e-05
0.000177286 9.49878e-05

0.000177286 9.49878e-05
0.000177417 9.57129e-05

0.000177417 9.57129e-05
0.000177548 9.6438e-05

0.000177548 9.6438e-05
0.000177601 9.67262e-05

0.000177601 9.67265e-05
0.00017768 9.71631e-05

0.00017768 9.71631e-05
0.000177811 9.78882e-05

0.000177811 9.78882e-05
0.000177943 9.86133e-05

0.000177943 9.86133e-05
0.000178075 9.93384e-05

0.000178075 9.93384e-05
0.000178208 0.000100063

0.000178208 0.000100063
0.000178326 0.000100701

0.000178326 0.000100701
0.000178342 0.000100789

0.000178342 0.000100789
0.000178475 0.000101514

0.000178475 0.000101514
0.000178609 0.000102239

0.000178609 0.000102239
0.000178743 0.000102964

0.000178743 0.000102964
0.000178877 0.000103689

0.000178877 0.000103689
0.000179012 0.000104414

0.000179013 0.000104414
0.000179051 0.000104618

0.000179051 0.000104619
0.000179148 0.000105139

0.000179148 0.000105139
0.000179283 0.000105864

0.000179282 0.000105864
0.000179418 0.000106589

0.000179418 0.000106589
0.000179553 0.000107314

0.000179553 0.000107314
0.000179689 0.00010804

0.00017969 0.00010804
0.000179776 0.000108496

0.000179776 0.000108497
0.000179826 0.000108765

0.000179826 0.000108765
0.000179962 0.00010949

0.000179962 0.00010949
0.000180097 0.000110215

0.000180097 0.000110215
0.000180232 0.00011094

0.000180232 0.00011094
0.000180367 0.000111665

0.000180367 0.000111665
0.000180501 0.000112384

0.000180501 0.000112384
0.000180502 0.00011239

0.000180502 0.00011239
0.000180637 0.000113115

0.000180636 0.000113115
0.00018077 0.00011384

0.00018077 0.00011384
0.000180903 0.000114565

0.000180903 0.000114565
0.000181035 0.000115291

0.000181035 0.000115291
0.000181168 0.000116016

6031 0.000249667

0.000216031 0.000249665
0.000216756 0.000250042

0.000216756 0.000250035
0.000216961 0.000250159

0.000216952 0.000250159
0.000217481 0.000250484

0.000217481 0.000250468
0.000218029 0.000250884

0.000218025 0.000250884
0.000218206 0.000251028

0.000218206 0.000251024
0.000218821 0.000251609

0.000218823 0.000251609
0.000218931 0.000251726

0.000218931 0.00025174
0.00021944 0.000252334

0.000219453 0.000252334
0.000219656 0.000252626

0.000197903 0.000276977
0.00019783 0.000276987

0.000196453 0.000277132
0.000197178 0.000277084

0.000197178 0.000277083
0.000197842 0.000276987

0.000197903 0.000276977
0.000198628 0.00027682

0.000198628 0.00027682
0.000199354 0.000276613

0.000202254 0.000275335
0.000201866 0.000275537

0.000199354 0.000276613
0.000200079 0.000276359

0.000200804 0.000276056
0.000200306 0.000276262

0.000200079 0.000276358
0.000200311 0.000276262

0.000200804 0.000276057
0.000201529 0.000275716

0.000201529 0.000275716
0.000201873 0.000275537

0.000206604 0.000272571
0.000206506 0.000272637

0.000206604 0.000272573
0.00020733 0.00027208

0.000208055 0.000271587
0.000207576 0.000271912

0.00020733 0.000272079
0.000207579 0.000271912

0.000202254 0.000275336
0.000202979 0.000274926

0.000203704 0.000274486
0.000203164 0.000274812

0.000202979 0.000274925
0.000203168 0.000274812

0.000204429 0.000274024
0.000204327 0.000274087

0.000204429 0.000274025
0.000205154 0.000273551

0.000203704 0.000274486
0.000204336 0.000274087

0.000205879 0.000273064
0.000205434 0.000273362

0.000205154 0.00027355
0.000205438 0.000273362

0.000205879 0.000273064
0.000206511 0.000272637

0.000215306 0.000266429
0.000214807 0.000266836

0.000216756 0.000265117
0.000216476 0.000265386

0.000216031 0.0002658
0.000215673 0.000266111

0.000215306 0.000266429
0.000215682 0.000266111

0.000216031 0.000265802
0.000216485 0.000265386

0.000218206 0.000263522
0.000217871 0.000263936

0.000219656 0.000261374
0.000219444 0.00026176

0.000219448 0.00026176
0.000218987 0.000262485

0.000218931 0.000262562
0.000218461 0.00026321

0.000218206 0.000263535
0.00021846 0.00026321

0.000218931 0.000262566
0.000218986 0.000262485

0.000217481 0.000264366
0.000217208 0.000264661

0.000216756 0.000265127
0.000217215 0.000264661

0.000217481 0.000264378
0.00021787 0.000263936

0.000210955 0.000269627
0.00021079 0.000269736

0.00020878 0.000271096
0.000208642 0.000271187

0.00020878 0.000271097
0.000209505 0.000270607

0.000208055 0.000271587
0.000208647 0.000271187

0.00021023 0.000270118
0.000209721 0.000270461

0.000209505 0.000270607
0.000209723 0.000270461

0.00021023 0.000270119
0.000210795 0.000269736

0.000210955 0.000269628
0.00021168 0.000269132

0.000212405 0.000268627
0.000211854 0.000269011

0.00021168 0.000269131
0.000211858 0.000269011

0.00021313 0.000268111
0.000212881 0.000268286

0.00021313 0.000268113
0.000213855 0.000267577

0.000212405 0.00026863
0.000212887 0.000268286

0.000214581 0.000267019
0.000213878 0.000267561

0.000213855 0.000267578
0.000213878 0.000267561

0.000214581 0.000267019
0.000214812 0.000266836

0.000219656 0.000252644
0.000219942 0.000253059

0.000219945 0.000253059
0.000220332 0.000253784

0.000220336 0.000253784
0.000220381 0.0002539

0.000220381 0.000253917
0.000220613 0.000254509

0.00022061 0.000254509
0.000220801 0.000255234

0.000220798 0.000255234
0.00022091 0.000255959

0.000220908 0.000255959
0.000220947 0.000256685

0.000220946 0.000256685
0.000220917 0.00025741

0.000220917 0.00025741
0.000220824 0.000258135

0.000220824 0.000258135
0.000220671 0.00025886

0.000220671 0.00025886
0.000220456 0.000259585

0.000220381 0.000259779
0.00022018 0.00026031

0.000220182 0.00026031
0.000219846 0.000261035

0.000220381 0.000259784
0.000220457 0.000259585

0.000219656 0.000261382
0.000219847 0.000261035

