-2.30338e-05 0
-2.30334e-05 7.25098e-07

-2.30334e-05 7.25098e-07
-2.30319e-05 1.4502e-06

-2.30319e-05 1.4502e-06
-2.30292e-05 2.17529e-06

-2.30292e-05 2.17529e-06
-2.30254e-05 2.90039e-06

-2.30253e-05 2.90039e-06
-2.30203e-05 3.62549e-06

-2.30203e-05 3.62549e-06
-2.30144e-05 4.35059e-06

-2.30143e-05 4.35059e-06
-2.30075e-05 5.07568e-06

-2.30075e-05 5.07568e-06
-2.29997e-05 5.80078e-06

-2.29998e-05 5.80078e-06
-2.29908e-05 6.52588e-06

-2.29908e-05 6.52588e-06
-2.29806e-05 7.25098e-06

-2.29806e-05 7.25098e-06
-2.29689e-05 7.97607e-06

-2.29689e-05 7.97607e-06
-2.29558e-05 8.70117e-06

-2.29558e-05 8.70117e-06
-2.29413e-05 9.42627e-06

-2.29413e-05 9.42627e-06
-2.29253e-05 1.01514e-05

-2.29253e-05 1.01514e-05
-2.29078e-05 1.08765e-05

-2.29078e-05 1.08765e-05
-2.28888e-05 1.16016e-05

-2.28888e-05 1.16016e-05
-2.28682e-05 1.23267e-05

-2.28682e-05 1.23267e-05
-2.28462e-05 1.30518e-05

-2.28462e-05 1.30518e-05
-2.28228e-05 1.37769e-05

-2.28228e-05 1.37769e-05
-2.27981e-05 1.4502e-05

-2.27981e-05 1.4502e-05
-2.27721e-05 1.52271e-05

-2.27721e-05 1.52271e-05
-2.27448e-05 1.59521e-05

-2.27448e-05 1.59521e-05
-2.27161e-05 1.66772e-05

-2.27161e-05 1.66772e-05
-2.26862e-05 1.74023e-05

-2.26862e-05 1.74023e-05
-2.26549e-05 1.81274e-05

-2.26549e-05 1.81274e-05
-2.26224e-05 1.88525e-05

-2.26224e-05 1.88525e-05
-2.25885e-05 1.95776e-05

-2.25885e-05 1.95776e-05
-2.25534e-05 2.03027e-05

-2.25534e-05 2.03027e-05
-2.25264e-05 2.08404e-05

-2.25264e-05 2.08405e-05
-2.2517e-05 2.10278e-05

-2.2517e-05 2.10278e-05
-2.24792e-05 2.17529e-05

-2.24792e-05 2.17529e-05
-2.24402e-05 2.2478e-05

-2.24402e-05 2.2478e-05
-2.23999e-05 2.32031e-05

-2.23999e-05 2.32031e-05
-2.23583e-05 2.39282e-05

-2.23583e-05 2.39282e-05
-2.23154e-05 2.46533e-05

-2.23154e-05 2.46533e-05
-2.22712e-05 2.53784e-05

-2.22713e-05 2.53784e-05
-2.22258e-05 2.61035e-05

-2.22258e-05 2.61035e-05
-2.21791e-05 2.68286e-05

-2.21791e-05 2.68286e-05
-2.21311e-05 2.75537e-05

-2.21311e-05 2.75537e-05
-2.20818e-05 2.82788e-05

-2.20818e-05 2.82788e-05
-2.20312e-05 2.90039e-05

-2.20312e-05 2.90039e-05
-2.19794e-05 2.9729e-05

-2.19794e-05 2.9729e-05
-2.19263e-05 3.04541e-05

-2.19263e-05 3.04541e-05
-2.1872e-05 3.11792e-05

-2.1872e-05 3.11792e-05
-2.18164e-05 3.19043e-05

-2.18164e-05 3.19043e-05
-2.18013e-05 3.20972e-05

-2.18013e-05 3.20975e-05
-2.17595e-05 3.26294e-05

-2.17595e-05 3.26294e-05
-2.17013e-05 3.33545e-05

-2.17013e-05 3.33545e-05
-2.16419e-05 3.40796e-05

-2.16419e-05 3.40796e-05
-2.15813e-05 3.48047e-05

-2.15813e-05 3.48047e-05
-2.15194e-05 3.55298e-05

-2.15195e-05 3.55298e-05
-2.14564e-05 3.62549e-05

-2.14563e-05 3.62549e-05
-2.1392e-05 3.698e-05

-2.1392e-05 3.698e-05
-2.13265e-05 3.77051e-05

-2.13264e-05 3.77051e-05
-2.12597e-05 3.84302e-05

-2.12597e-05 3.84302e-05
-2.11917e-05 3.91553e-05

-2.11917e-05 3.91553e-05
-2.11226e-05 3.98804e-05

-2.11227e-05 3.98804e-05
-2.10762e-05 4.03583e-05

-2.10762e-05 4.03586e-05
-2.10521e-05 4.06055e-05

-2.1052e-05 4.06055e-05
-2.098e-05 4.13306e-05

-2.098e-05 4.13306e-05
-2.09068e-05 4.20557e-05

-2.09068e-05 4.20557e-05
-2.08323e-05 4.27808e-05

-2.08324e-05 4.27808e-05
-2.07566e-05 4.35059e-05

-2.07565e-05 4.35059e-05
-2.06794e-05 4.4231e-05

-2.06793e-05 4.4231e-05
-2.06009e-05 4.49561e-05

-2.06009e-05 4.49561e-05
-2.05212e-05 4.56812e-05

-2.05212e-05 4.56812e-05
-2.04402e-05 4.64062e-05

-2.04403e-05 4.64062e-05
-2.03578e-05 4.71313e-05

-2.03578e-05 4.71313e-05
-2.03511e-05 4.71892e-05

-2.03511e-05 4.71898e-05
-2.02736e-05 4.78564e-05

-2.02734e-05 4.78564e-05
-2.01877e-05 4.85815e-05

-2.01878e-05 4.85815e-05
-2.01008e-05 4.93066e-05

-2.01008e-05 4.93066e-05
-2.00124e-05 5.00317e-05

-2.00124e-05 5.00317e-05
-1.99227e-05 5.07568e-05

-1.99227e-05 5.07568e-05
-1.98315e-05 5.14819e-05

-1.98315e-05 5.14819e-05
-1.9739e-05 5.2207e-05

-1.97391e-05 5.2207e-05
-1.96451e-05 5.29321e-05

-1.96452e-05 5.29321e-05
-1.9626e-05 5.30772e-05

-1.9626e-05 5.30779e-05
-1.95493e-05 5.36572e-05

-1.95489e-05 5.36572e-05
-1.94513e-05 5.43823e-05

-1.94514e-05 5.43823e-05
-1.93525e-05 5.51074e-05

-1.938.04375e-05 7.67019e-05
8.04726e-05 7.68604e-05

8.04758e-05 7.68604e-05
8.0611e-05 7.75854e-05

8.06128e-05 7.75854e-05
8.07463e-05 7.83105e-05

8.07486e-05 7.83105e-05
8.0872e-05 7.90356e-05

8.08737e-05 7.90356e-05
8.09792e-05 7.97607e-05

8.09815e-05 7.97607e-05
8.10611e-05 8.04858e-05

8.10632e-05 8.04858e-05
8.11081e-05 8.12109e-05

8.11086e-05 8.12109e-05
8.11137e-05 8.1936e-05

8.11127e-05 8.1936e-05
8.10791e-05 8.26611e-05

8.10783e-05 8.26611e-05
8.10098e-05 8.33862e-05

8.10108e-05 8.33862e-05
8.09071e-05 8.41113e-05

8.09111e-05 8.41113e-05
8.07625e-05 8.48364e-05

8.07667e-05 8.48364e-05
8.05567e-05 8.55615e-05

8.04375e-05 8.58934e-05
8.05623e-05 8.55615e-05

525e-05 5.51074e-05
-1.92523e-05 5.58325e-05

-1.92523e-05 5.58325e-05
-1.91507e-05 5.65576e-05

-1.91507e-05 5.65576e-05
-1.90477e-05 5.72827e-05

-1.90478e-05 5.72827e-05
-1.89433e-05 5.80078e-05

-1.89434e-05 5.80078e-05
-1.89009e-05 5.82969e-05

-1.89009e-05 5.82975e-05
-1.88368e-05 5.87329e-05

-1.88364e-05 5.87329e-05
-1.87277e-05 5.9458e-05

-1.87277e-05 5.9458e-05
-1.86177e-05 6.01831e-05

-1.86178e-05 6.01831e-05
-1.85066e-05 6.09082e-05

-1.85065e-05 6.09082e-05
-1.8394e-05 6.16333e-05

-1.83941e-05 6.16333e-05
-1.82802e-05 6.23584e-05

-1.82805e-05 6.23584e-05
-1.81758e-05 6.30123e-05

-1.81758e-05 6.30126e-05
-1.81644e-05 6.30835e-05

-1.81642e-05 6.30835e-05
-1.80456e-05 6.38086e-05

-1.80452e-05 6.38086e-05
-1.7925e-05 6.45337e-05

-1.79251e-05 6.45337e-05
-1.78039e-05 6.52588e-05

-1.78039e-05 6.52588e-05
-1.76814e-05 6.59839e-05

-1.76815e-05 6.59839e-05
-1.75575e-05 6.6709e-05

-1.7558e-05 6.6709e-05
-1.74507e-05 6.73237e-05

-1.74507e-05 6.7324e-05
-1.74315e-05 6.74341e-05

-1.74311e-05 6.74341e-05
-1.73018e-05 6.81592e-05

-1.73014e-05 6.81592e-05
-1.71706e-05 6.88843e-05

-1.71707e-05 6.88843e-05
-1.70389e-05 6.96094e-05

-1.7039e-05 6.96094e-05
-1.69059e-05 7.03345e-05

-1.69062e-05 7.03345e-05
-1.67711e-05 7.10596e-05

-1.67715e-05 7.10596e-05
-1.67256e-05 7.12997e-05

-1.67256e-05 7.13005e-05
-1.66331e-05 7.17847e-05

-1.6632e-05 7.17847e-05
-1.64912e-05 7.25098e-05

-1.64914e-05 7.25098e-05
-1.63501e-05 7.32349e-05

-1.63502e-05 7.32349e-05
-1.62078e-05 7.396e-05

-1.6208e-05 7.396e-05
-1.60637e-05 7.46851e-05

-1.60643e-05 7.46851e-05
-1.60005e-05 7.49974e-05

-1.60005e-05 7.49982e-05
-1.59163e-05 7.54102e-05

-1.59148e-05 7.54102e-05
-1.5764e-05 7.61353e-05

-1.57643e-05 7.61353e-05
-1.5613e-05 7.68604e-05

-1.56131e-05 7.68604e-05
-1.54606e-05 7.75854e-05

-1.54611e-05 7.75854e-05
-1.53059e-05 7.83105e-05

-1.53061e-05 7.83105e-05
-1.52754e-05 7.84504e-05

-1.52754e-05 7.84515e-05
-1.51469e-05 7.90356e-05

-1.51454e-05 7.90356e-05
-1.49838e-05 7.97607e-05

-1.49843e-05 7.97607e-05
-1.48226e-05 8.04858e-05

-1.4823e-05 8.04858e-05
-1.46596e-05 8.12109e-05

-1.46605e-05 8.12109e-05
-1.45503e-05 8.16866e-05

-1.45503e-05 8.16872e-05
-1.44926e-05 8.1936e-05

-1.4491e-05 8.1936e-05
-1.43194e-05 8.26611e-05

-1.43193e-05 8.26611e-05
-1.41475e-05 8.33862e-05

-1.4148e-05 8.33862e-05
-1.39751e-05 8.41113e-05

-1.39762e-05 8.41113e-05
-1.38252e-05 8.4729e-05

-1.38252e-05 8.47294e-05
-1.3799e-05 8.48364e-05

-1.37976e-05 8.48364e-05
-1.36163e-05 8.55615e-05

-1.36157e-05 8.55615e-05
-1.34341e-05 8.62866e-05

-1.34349e-05 8.62866e-05
-1.32526e-05 8.70117e-05

-1.32539e-05 8.70117e-05
-1.31001e-05 8.76076e-05

-1.31001e-05 8.76081e-05
-1.30669e-05 8.77368e-05

-1.30652e-05 8.77368e-05
-1.2874e-05 8.84619e-05

-1.28736e-05 8.84619e-05
-1.26824e-05 8.9187e-05

-1.26834e-05 8.9187e-05
-1.24911e-05 8.99121e-05

-1.24925e-05 8.99121e-05
-1.2375e-05 9.03415e-05

-1.2375e-05 9.0342e-05
-1.22942e-05 9.06372e-05

-1.22913e-05 9.06372e-05
-1.20895e-05 9.13623e-05

-1.20901e-05 9.13623e-05
-1.18892e-05 9.20874e-05

-1.18905e-05 9.20874e-05
-1.16867e-05 9.28125e-05

6.65006e-05 0
6.65017e-05 7.25098e-07

6.65016e-05 7.25098e-07
6.65051e-05 1.4502e-06

6.65019e-05 1.4502e-06
6.6527e-05 2.90039e-06

6.65304e-05 2.90039e-06
6.6552e-05 3.62549e-06

6.65532e-05 3.62549e-06
6.65748e-05 4.35059e-06

6.65706e-05 4.35059e-06
6.66258e-05 5.80078e-06

6.66282e-05 5.80078e-06
6.66606e-05 6.48518e-06

6.66606e-05 6.48709e-06
6.66625e-05 6.52588e-06

6.66634e-05 6.52588e-06
6.66983e-05 7.25098e-06

6.66979e-05 7.25098e-06
6.67324e-05 7.97607e-06

6.67324e-05 7.97607e-06
6.67673e-05 8.70117e-06

6.67672e-05 8.70117e-06
6.68025e-05 9.42627e-06

6.68024e-05 9.42627e-06
6.68382e-05 1.01514e-05

6.68382e-05 1.01514e-05
6.68747e-05 1.08765e-05

6.68746e-05 1.08765e-05
6.6912e-05 1.16016e-05

6.69119e-05 1.16016e-05
6.69503e-05 1.23267e-05

6.69503e-05 1.23267e-05
6.69897e-05 1.30518e-05

6.69896e-05 1.30518e-05
6.70305e-05 1.37769e-05

6.70305e-05 1.37769e-05
6.7073e-05 1.4502e-05

6.7073e-05 1.4502e-05
6.71171e-05 1.52271e-05

6.71171e-05 1.52271e-05
6.71629e-05 1.59521e-05

6.71629e-05 1.59521e-05
6.72105e-05 1.66772e-05

6.72105e-05 1.66772e-05
6.726e-05 1.74023e-05

6.72602e-05 1.74023e-05
6.73112e-05 1.81274e-05

6.73113e-05 1.81274e-05
6.73632e-05 1.88525e-05

6.73624e-05 1.88525e-05
6.73857e-05 1.9164e-05

6.73857e-05 1.91649e-05
6.74167e-05 1.95776e-05

6.74168e-05 1.95776e-05
6.74752e-05 2.03027e-05

6.74754e-05 2.03027e-05
6.7537e-05 2.10278e-05

6.75371e-05 2.10278e-05
6.76011e-05 2.17529e-05

6.76011e-05 2.17529e-05
6.76675e-05 2.2478e-05

6.76674e-05 2.2478e-05
6.77362e-05 2.32031e-05

6.77362e-05 2.32031e-05
6.78076e-05 2.39282e-05

6.78075e-05 2.39282e-05
6.78816e-05 2.46533e-05

6.78817e-05 2.46533e-05
6.79585e-05 2.53784e-05

6.79592e-05 2.53784e-05
6.80368e-05 2.61035e-05

6.80362e-05 2.61035e-05
6.81108e-05 2.67927e-05

6.81108e-05 2.67985e-05
6.81141e-05 2.68286e-05

6.81131e-05 2.68286e-05
6.81969e-05 2.75537e-05

6.81975e-05 2.75537e-05
6.82885e-05 2.82788e-05

6.82889e-05 2.82788e-05
6.83851e-05 2.90039e-05

6.83853e-05 2.90039e-05
6.84856e-05 2.9729e-05

6.84856e-05 2.9729e-05
6.85895e-05 3.04541e-05

6.85902e-05 3.04541e-05
6.8696e-05 3.11792e-05

6.86975e-05 3.11792e-05
6.8801e-05 3.19043e-05

6.87984e-05 3.19043e-05
6.88359e-05 3.21638e-05

6.88359e-05 3.21709e-05
6.89022e-05 3.26294e-05

6.89024e-05 3.26294e-05
6.90151e-05 3.33545e-05

6.90156e-05 3.33545e-05
6.91352e-05 3.40796e-05

6.91355e-05 3.40796e-05
6.92604e-05 3.48047e-05

6.92613e-05 3.48047e-05
6.9389e-05 3.55298e-05

6.93915e-05 3.55298e-05
6.95149e-05 3.62549e-05

6.95119e-05 3.62549e-05
6.9561e-05 3.65459e-05

6.9561e-05 3.65579e-05
6.96323e-05 3.698e-05

6.96328e-05 3.698e-05
6.97637e-05 3.77051e-05

6.9764e-05 3.77051e-05
6.99033e-05 3.84302e-05

6.99041e-05 3.84302e-05
7.00496e-05 3.91553e-05

7.00532e-05 3.91553e-05
7.01965e-05 3.98804e-05

7.01954e-05 3.98804e-05
7.02861e-05 4.03539e-05

7.02861e-05 4.03741e-05
7.03305e-05 4.06055e-05

7.03307e-05 4.06055e-05
7.0475e-05 4.13306e-05

7.04754e-05 4.13306e-05
7.06291e-05 4.20557e-05

7.06302e-05 4.20557e-05
7.07904e-05 4.27808e-05

7.07949e-05 4.27808e-05
7.09503e-05 4.35059e-05

7.09479e-05 4.35059e-05
7.10112e-05 4.38095e-05

7.10112e-05 4.38294e-05
7.1095e-05 4.4231e-05

7.10951e-05 4.4231e-05
7.1255e-05 4.49561e-05

7.12553e-05 4.49561e-05
7.14266e-05 4.56812e-05

7.1431e-05 4.56812e-05
7.16044e-05 4.64062e-05

7.16058e-05 4.64062e-05
7.17363e-05 4.6975e-05

7.17363e-05 4.70056e-05
7.17652e-05 4.71313e-05

7.17655e-05 4.71313e-05
7.19355e-05 4.78564e-05

7.19357e-05 4.78564e-05
7.21193e-05 4.85815e-05

7.21238e-05 4.85815e-05
7.23113e-05 4.93066e-05

7.23143e-05 4.93066e-05
7.24614e-05 4.99026e-05

7.24614e-05 4.99388e-05
7.24844e-05 5.00317e-05

7.24849e-05 5.00317e-05
7.26665e-05 5.07568e-05

7.26669e-05 5.07568e-05
7.28645e-05 5.14819e-05

7.28715e-05 5.14819e-05
7.30701e-05 5.2207e-05

7.30715e-05 5.2207e-05
7.31865e-05 5.26462e-05

7.31865e-05 5.26833e-05
7.32517e-05 5.29321e-05

7.3252e-05 5.29321e-05
7.34494e-05 5.36572e-05

7.34513e-05 5.36572e-05
7.3664e-05 5.43823e-05

7.36736e-05 5.43823e-05
7.38788e-05 5.51074e-05

7.38756e-05 5.51074e-05
7.39116e-05 5.5239e-05

7.39116e-05 5.52707e-05
7.40653e-05 5.58325e-05

7.40651e-05 5.58325e-05
7.4281e-05 5.65576e-05

7.42899e-05 5.65576e-05
7.45097e-05 5.72827e-05

7.45136e-05 5.72827e-05
7.46367e-05 5.7711e-05

7.46367e-05 5.77594e-05
7.47081e-05 5.80078e-05

7.47083e-05 5.80078e-05
7.49248e-05 5.87329e-05

7.49297e-05 5.87329e-05
7.51614e-05 5.9458e-05

7.51722e-05 5.9458e-05
7.53618e-05 6.00868e-05

7.53618e-05 6.01466e-05
7.53728e-05 6.01831e-05

7.53745e-05 6.01831e-05
7.55912e-05 6.09082e-05

7.55934e-05 6.09082e-05
7.58332e-05 6.16333e-05

7.58484e-05 6.16333e-05
7.60767e-05 6.23584e-05

7.60734e-05 6.23584e-05
7.60869e-05 6.24031e-05

7.60869e-05 6.24504e-05
7.62781e-05 6.30835e-05

7.62785e-05 6.30835e-05
7.65223e-05 6.38086e-05

7.65397e-05 6.38086e-05
7.67753e-05 6.45337e-05

7.67764e-05 6.45337e-05
7.6812e-05 6.46506e-05

7.6812e-05 6.4714e-05
7.69778e-05 6.52588e-05

7.69767e-05 6.52588e-05
7.72211e-05 6.59839e-05

7.72401e-05 6.59839e-05
7.74805e-05 6.6709e-05

7.74857e-05 6.6709e-05
7.75371e-05 6.68772e-05

7.75371e-05 6.69535e-05
7.7684e-05 6.74341e-05

7.76822e-05 6.74341e-05
7.79251e-05 6.81592e-05

7.79443e-05 6.81592e-05
7.81869e-05 6.88843e-05

7.81952e-05 6.88843e-05
7.82622e-05 6.91059e-05

7.82622e-05 6.91896e-05
7.83892e-05 6.96094e-05

7.83869e-05 6.96094e-05
7.86219e-05 7.03345e-05

7.86385e-05 7.03345e-05
7.88789e-05 7.10596e-05

7.88913e-05 7.10596e-05
7.89873e-05 7.13859e-05

7.89873e-05 7.1474e-05
7.90787e-05 7.17847e-05

7.90773e-05 7.17847e-05
7.92931e-05 7.25098e-05

7.93e-05 7.25098e-05
7.95335e-05 7.32349e-05

7.95542e-05 7.32349e-05
7.97124e-05 7.37982e-05

7.97124e-05 7.38822e-05
7.97342e-05 7.396e-05

7.97343e-05 7.396e-05
7.9914e-05 7.46851e-05

7.99121e-05 7.46851e-05
8.01109e-05 7.54102e-05

8.01223e-05 7.54102e-05
8.03211e-05 7.61353e-05

8.03357e-05 7.61353e-05
8.04375e-05 7.6594e-05

7.46367e-05 9.24671e-05
7.40746e-05 9.28125e-05

8.04375e-05 8.58506e-05
8.02736e-05 8.62866e-05

8.02809e-05 8.62866e-05
7.99522e-05 8.70117e-05

7.53618e-05 9.19842e-05
7.52055e-05 9.20874e-05

7.46367e-05 9.24702e-05
7.52098e-05 9.20874e-05

7.53618e-05 9.19879e-05
7.60869e-05 9.14547e-05

7.6812e-05 9.08654e-05
7.62026e-05 9.13623e-05

7.75371e-05 9.02057e-05
7.70669e-05 9.06372e-05

7.6812e-05 9.08664e-05
7.70745e-05 9.06372e-05

7.60869e-05 9.14554e-05
7.62065e-05 9.13623e-05

7.82622e-05 8.94398e-05
7.78296e-05 8.99121e-05

7.89873e-05 8.85605e-05
7.84931e-05 8.9187e-05

7.82622e-05 8.94617e-05
7.85007e-05 8.9187e-05

7.97124e-05 8.743e-05
7.95418e-05 8.77368e-05

7.95552e-05 8.77368e-05
7.90655e-05 8.84619e-05

7.97124e-05 8.74775e-05
7.99714e-05 8.70117e-05

7.89873e-05 8.85732e-05
7.90696e-05 8.84619e-05

7.75371e-05 9.02124e-05
7.78382e-05 8.99121e-05

-1.16868e-05 9.28125e-05
-1.16499e-05 9.294e-05

-1.16499e-05 9.29407e-05
-1.14773e-05 9.35376e-05

-1.14748e-05 9.35376e-05
-1.12638e-05 9.42627e-05

-1.12656e-05 9.42627e-05
-1.10549e-05 9.49878e-05

-1.10566e-05 9.49878e-05
-1.09248e-05 9.54272e-05

-1.09248e-05 9.54275e-05
-1.08392e-05 9.57129e-05

-1.08357e-05 9.57129e-05
-1.06151e-05 9.6438e-05

-1.06165e-05 9.6438e-05
-1.03971e-05 9.71631e-05

-1.0399e-05 9.71631e-05
-1.01997e-05 9.78054e-05

-1.01997e-05 9.78057e-05
-1.01741e-05 9.78882e-05

-1.01715e-05 9.78882e-05
-9.94206e-06 9.86133e-05

-9.9421e-06 9.86133e-05
-9.71328e-06 9.93384e-05

-9.71549e-06 9.93384e-05
-9.48278e-06 0.000100063

-9.48181e-06 0.000100063
-9.47461e-06 0.000100085

-9.47461e-06 0.000100084
-9.2431e-06 0.000100789

-9.24182e-06 0.000100789
-9.00324e-06 0.000101514

-9.00593e-06 0.000101514
-8.76431e-06 0.000102239

-8.76339e-06 0.000102239
-8.74951e-06 0.000102279

-8.74951e-06 0.000102278
-8.51553e-06 0.000102964

-8.51411e-06 0.000102964
-8.26616e-06 0.000103689

-8.26927e-06 0.000103689
-8.02441e-06 0.000104394

-8.02441e-06 0.000104394
-8.0176e-06 0.000104414

-8.01498e-06 0.000104414
-7.75813e-06 0.000105139

-7.75819e-06 0.000105139
-7.50115e-06 0.000105864

-7.50415e-06 0.000105864
-7.29932e-06 0.000106428

-7.29932e-06 0.000106428
-7.24085e-06 0.000106589

-7.23648e-06 0.000106589
-6.96931e-06 0.000107314

-6.97168e-06 0.000107314
-6.70457e-06 0.00010804

-6.70645e-06 0.00010804
-6.57422e-06 0.000108388

-6.57422e-06 0.000108387
-6.43091e-06 0.000108765

-6.42639e-06 0.000108765
-6.14862e-06 0.00010949

-6.15304e-06 0.00010949
-5.87326e-06 0.000110215

-5.87216e-06 0.000110215
-5.84912e-06 0.000110273

-5.84912e-06 0.000110271
-5.58454e-06 0.00011094

-5.58395e-06 0.00011094
-5.29566e-06 0.000111665

-5.29898e-06 0.000111665
-5.12402e-06 0.000112095

-5.12402e-06 0.000112095
-5.00376e-06 0.00011239

-4.99871e-06 0.00011239
-4.70014e-06 0.000113115

-4.70517e-06 0.000113115
-4.40332e-06 0.00011384

-4.40239e-06 0.00011384
-4.39893e-06 0.000113848

-4.39893e-06 0.000113842
-4.09156e-06 0.000114565

-4.09288e-06 0.000114565
-3.78252e-06 0.000115291

-3.78416e-06 0.000115291
-3.67383e-06 0.000115542

-3.67383e-06 0.000115541
-3.46589e-06 0.000116016

-3.46237e-06 0.000116016
-3.14118e-06 0.000116741

-3.14619e-06 0.000116741
-2.94873e-06 0.000117178

-2.94873e-06 0.000117178
-2.819e-06 0.000117466

-2.81321e-06 0.000117466
-2.48181e-06 0.000118191

-2.48818e-06 0.000118191
-2.22363e-06 0.000118761

-2.22363e-06 0.00011876
-2.15135e-06 0.000118916

-2.14497e-06 0.000118916
-1.80328e-06 0.000119641

-1.80977e-06 0.000119641
-1.49854e-06 0.000120292

-1.49854e-06 0.000120292
-1.46297e-06 0.000120366

-1.45677e-06 0.000120366
-1.10479e-06 0.000121091

-1.11094e-06 0.000121091
-7.73437e-07 0.000121777

-7.73437e-07 0.000121777
-7.53911e-07 0.000121816

-7.47812e-07 0.000121816
-3.85941e-07 0.000122542

-3.92226e-07 0.000122542
-4.83398e-08 0.000123221

-4.83398e-08 0.000123221
-2.50884e-08 0.000123267

-1.8528e-08 0.000123267
3.52789e-07 0.000123992

3.45668e-07 0.000123992
6.76758e-07 0.000124629

6.76758e-07 0.000124629
7.22424e-07 0.000124717

7.29879e-07 0.000124717
1.11005e-06 0.000125442

1.10186e-06 0.000125442
1.40186e-06 0.000126008

1.40186e-06 0.000126007
1.48694e-06 0.000126167

1.49492e-06 0.000126167
1.88322e-06 0.000126892

1.87511e-06 0.000126892
2.12695e-06 0.000127359

2.12695e-06 0.000127358
2.26675e-06 0.000127617

2.27388e-06 0.000127617
2.66896e-06 0.000128342

2.66295e-06 0.000128342
2.85205e-06 0.000128689

2.85205e-06 0.000128688
3.05909e-06 0.000129067

3.06341e-06 0.000129067
3.46347e-06 0.000129792

3.46166e-06 0.000129792
3.57715e-06 0.000130002

3.57715e-06 0.000130003
3.8607e-06 0.000130518

3.86024e-06 0.000130518
4.26348e-06 0.000131243

4.26602e-06 0.000131243
4.30225e-06 0.000131308

4.30225e-06 0.000131306
4.66813e-06 0.000131968

4.66175e-06 0.000131968
5.02734e-06 0.000132625

5.02734e-06 0.000132624
5.06531e-06 0.000132693

5.07366e-06 0.000132693
5.47495e-06 0.000133418

5.46572e-06 0.000133418
5.75244e-06 0.000133937

5.75244e-06 0.000133937
5.86645e-06 0.000134143

5.8751e-06 0.000134143
6.27507e-06 0.000134868

6.26784e-06 0.000134868
6.47754e-06 0.000135252

6.47754e-06 0.000135252
6.66402e-06 0.000135593

6.66986e-06 0.000135593
7.06667e-06 0.000136318

7.06384e-06 0.000136318
7.20264e-06 0.000136575

7.20264e-06 0.000136576
7.45554e-06 0.000137043

7.45699e-06 0.000137043
7.85033e-06 0.000137769

7.85198e-06 0.000137769
7.92773e-06 0.00013791

7.92773e-06 0.000137911
8.24081e-06 0.000138494

8.23668e-06 0.000138494
8.62817e-06 0.000139219

3.40312e-05 0.00012388
3.39917e-05 0.000123992

3.39921e-05 0.000123992
3.37405e-05 0.000124717

3.33062e-05 0.000126003
3.32515e-05 0.000126167

3.37407e-05 0.000124717
3.34941e-05 0.000125442

3.33062e-05 0.000126005
3.34943e-05 0.000125442

3.32521e-05 0.000126167
3.30137e-05 0.000126892

3.3014e-05 0.000126892
3.27788e-05 0.000127617

3.11309e-05 0.000132799
3.09302e-05 0.000133418

3.25811e-05 0.000128232
3.25456e-05 0.000128342

3.25463e-05 0.000128342
3.23155e-05 0.000129067

3.23158e-05 0.000129067
3.20861e-05 0.000129792

3.20862e-05 0.000129792
3.18569e-05 0.000130518

3.25811e-05 0.000128234
3.27791e-05 0.000127617

3.1856e-05 0.000130521
3.16275e-05 0.000131243

3.16278e-05 0.000131243
3.13974e-05 0.000131968

3.1856e-05 0.000130521
3.1857e-05 0.000130518

3.13976e-05 0.000131968
3.11652e-05 0.000132693

3.11309e-05 0.000132799
3.11654e-05 0.000132693

3.09309e-05 0.000133418
3.06919e-05 0.000134143

3.0692e-05 0.000134143
3.04473e-05 0.000134868

3.04058e-05 0.000134989
3.01966e-05 0.000135593

3.01975e-05 0.000135593
2.99383e-05 0.000136318

3.04058e-05 0.000134989
3.04477e-05 0.000134868

2.96807e-05 0.000137007
2.96673e-05 0.000137043

2.96695e-05 0.000137043
2.93887e-05 0.000137769

2.89556e-05 0.000138815
2.8782e-05 0.000139219

2.93896e-05 0.000137769
2.90942e-05 0.000138494

2.89556e-05 0.000138817
2.90947e-05 0.000138494

2.96807e-05 0.000137012
2.99384e-05 0.000136318

8.63108e-06 0.000139219
8.65283e-06 0.000139259

8.65283e-06 0.000139253
9.02405e-06 0.000139944

9.01415e-06 0.000139944
9.37793e-06 0.000140613

9.37793e-06 0.000140613
9.40813e-06 0.000140669

9.41785e-06 0.000140669
9.81619e-06 0.000141394

9.80432e-06 0.000141394
1.0103e-05 0.000141926

1.0103e-05 0.000141926
1.02113e-05 0.000142119

1.02171e-05 0.000142119
1.06443e-05 0.000142844

1.06372e-05 0.000142844
1.08281e-05 0.000143154

1.08281e-05 0.00014315
1.10871e-05 0.000143569

1.10776e-05 0.000143569
1.15532e-05 0.000144265

1.15532e-05 0.000144265
1.15735e-05 0.000144294

1.15754e-05 0.000144294
1.21331e-05 0.00014502

1.21329e-05 0.00014502
1.22783e-05 0.000145196

1.22783e-05 0.000145194
1.27539e-05 0.000145745

1.27551e-05 0.000145745
1.30034e-05 0.000146006

1.30034e-05 0.00014602
1.34829e-05 0.00014647

1.34864e-05 0.00014647
1.37285e-05 0.000146679

1.37285e-05 0.000146691
1.44095e-05 0.000147195

1.4408e-05 0.000147195
1.44536e-05 0.000147225

1.44536e-05 0.000147217
1.51787e-05 0.000147639

1.51787e-05 0.000147643
1.58023e-05 0.00014792

1.58069e-05 0.00014792
1.59038e-05 0.000147963

1.59038e-05 0.00014796
1.66289e-05 0.000148185

1.66289e-05 0.000148183
1.7354e-05 0.000148326

1.7354e-05 0.000148325
1.80791e-05 0.00014839

1.80791e-05 0.000148389
1.88042e-05 0.000148378

1.88042e-05 0.000148377
1.95293e-05 0.000148293

2.09795e-05 0.000147908
2.09417e-05 0.00014792

2.09795e-05 0.000147914
2.17046e-05 0.000147618

2.17046e-05 0.000147624
2.24297e-05 0.00014725

1.95293e-05 0.000148294
2.02544e-05 0.00014814

2.02544e-05 0.000148141
2.09663e-05 0.00014792

2.53301e-05 0.000144846
2.51736e-05 0.00014502

2.82305e-05 0.000140397
2.80976e-05 0.000140669

2.75054e-05 0.000141769
2.73059e-05 0.000142119

2.81006e-05 0.000140669
2.77195e-05 0.000141394

2.75054e-05 0.000141772
2.77211e-05 0.000141394

2.67803e-05 0.000142959
2.63606e-05 0.000143569

2.60552e-05 0.000143969
2.58066e-05 0.000144294

2.53301e-05 0.000144854
2.58105e-05 0.000144294

2.60552e-05 0.000143977
2.63627e-05 0.000143569

2.73093e-05 0.000142119
2.68576e-05 0.000142844

2.67803e-05 0.000142963
2.68579e-05 0.000142844

2.38799e-05 0.000146241
2.35747e-05 0.00014647

2.31548e-05 0.000146788
2.25114e-05 0.000147195

2.24297e-05 0.000147249
2.25205e-05 0.000147195

2.31548e-05 0.000146795
2.35956e-05 0.00014647

2.4605e-05 0.000145594
2.4443e-05 0.000145745

2.38799e-05 0.000146252
2.44616e-05 0.000145745

2.4605e-05 0.000145611
2.51852e-05 0.00014502

2.87841e-05 0.000139219
2.84529e-05 0.000139944

2.82305e-05 0.000140401
2.84537e-05 0.000139944

3.9832e-05 0.000111546
3.97551e-05 0.000111665

3.91069e-05 0.000112696
3.88522e-05 0.000113115

3.97534e-05 0.000111665
3.92918e-05 0.00011239

3.91069e-05 0.000112695
3.9292e-05 0.00011239

3.83818e-05 0.000113933
3.80321e-05 0.000114565

3.76567e-05 0.000115274
3.76483e-05 0.000115291

3.76487e-05 0.000115291
3.72807e-05 0.000116016

3.76567e-05 0.000115275
3.80323e-05 0.000114565

3.88525e-05 0.000113115
3.84327e-05 0.00011384

3.83818e-05 0.000113933
3.84331e-05 0.00011384

4.12822e-05 0.000109497
4.07484e-05 0.000110215

4.20073e-05 0.000108583
4.18596e-05 0.000108765

4.27324e-05 0.000107729
4.24638e-05 0.00010804

4.20073e-05 0.000108583
4.24599e-05 0.00010804

4.1857e-05 0.000108765
4.12869e-05 0.00010949

4.12822e-05 0.000109497
4.12877e-05 0.00010949

4.34575e-05 0.000106933
4.31049e-05 0.000107314

4.41826e-05 0.000106191
4.37872e-05 0.000106589

4.34575e-05 0.000106933
4.37849e-05 0.000106589

4.49077e-05 0.000105498
4.4517e-05 0.000105864

4.56328e-05 0.00010485
4.53016e-05 0.000105139

4.49077e-05 0.000105494
4.53038e-05 0.000105139

4.41826e-05 0.000106188
4.45166e-05 0.000105864

4.27324e-05 0.000107731
4.31e-05 0.000107314

4.05571e-05 0.000110487
4.0238e-05 0.00011094

3.9832e-05 0.000111546
4.0238e-05 0.00011094

4.05571e-05 0.000110487
4.07481e-05 0.000110215

4.63579e-05 0.000104244
4.61486e-05 0.000104414

4.7083e-05 0.000103676
4.70664e-05 0.000103689

4.63579e-05 0.000104241
4.70645e-05 0.000103689

4.85332e-05 0.00010265
4.80744e-05 0.000102964

4.7083e-05 0.000103675
4.78081e-05 0.000103146

4.78081e-05 0.000103146
4.80749e-05 0.000102964

5.07085e-05 0.000101351
5.04176e-05 0.000101514

5.07085e-05 0.000101353
5.14336e-05 0.000100975

4.92583e-05 0.000102189
4.91777e-05 0.000102239

4.85332e-05 0.000102651
4.91796e-05 0.000102239

4.92583e-05 0.000102189
4.99834e-05 0.000101756

4.99834e-05 0.000101757
5.04189e-05 0.000101514

5.21587e-05 0.000100621
5.18143e-05 0.000100789

5.14336e-05 0.000100975
5.18155e-05 0.000100789

5.21587e-05 0.000100622
5.28838e-05 0.000100291

5.36089e-05 9.99801e-05
5.34142e-05 0.000100063

5.36089e-05 9.99816e-05
5.4334e-05 9.96908e-05

5.28838e-05 0.000100291
5.3416e-05 0.000100063

5.4334e-05 9.96913e-05
5.50591e-05 9.9417e-05

5.57842e-05 9.91585e-05
5.52789e-05 9.93384e-05

5.50591e-05 9.94168e-05
5.52793e-05 9.93384e-05

5.57842e-05 9.91599e-05
5.65093e-05 9.89157e-05

5.65093e-05 9.89157e-05
5.72344e-05 9.86826e-05

4.56328e-05 0.000104846
4.61495e-05 0.000104414

3.69316e-05 0.000116732
3.69273e-05 0.000116741

3.69279e-05 0.000116741
3.65881e-05 0.000117466

3.62065e-05 0.000118317
3.59456e-05 0.000118916

3.65883e-05 0.000117466
3.6261e-05 0.000118191

3.62065e-05 0.000118317
3.62613e-05 0.000118191

3.54814e-05 0.000120033
3.53458e-05 0.000120366

3.53461e-05 0.000120366
3.50601e-05 0.000121091

3.50603e-05 0.000121091
3.47825e-05 0.000121816

3.59458e-05 0.000118916
3.56408e-05 0.000119641

3.54814e-05 0.000120034
3.56412e-05 0.000119641

3.69316e-05 0.000116732
3.7281e-05 0.000116016

3.47563e-05 0.000121887
3.45124e-05 0.000122542

3.45126e-05 0.000122542
3.42492e-05 0.000123267

3.47563e-05 0.000121887
3.47827e-05 0.000121816

3.40313e-05 0.000123882
3.42495e-05 0.000123267

5.79595e-05 9.84605e-05
5.74606e-05 9.86133e-05

5.79595e-05 9.84618e-05
5.86846e-05 9.82485e-05

5.86846e-05 9.82487e-05
5.94097e-05 9.80413e-05

6.01348e-05 9.78394e-05
5.99596e-05 9.78882e-05

5.94097e-05 9.80412e-05
5.99598e-05 9.78882e-05

6.01348e-05 9.78404e-05
6.08599e-05 9.76428e-05

6.08599e-05 9.76434e-05
6.1585e-05 9.7447e-05

6.30352e-05 9.70542e-05
6.26333e-05 9.71631e-05

6.1585e-05 9.7447e-05
6.23101e-05 9.72507e-05

6.23101e-05 9.72507e-05
6.26331e-05 9.71631e-05

5.72344e-05 9.86826e-05
5.74607e-05 9.86133e-05

6.30352e-05 9.70552e-05
6.37603e-05 9.68563e-05

6.37603e-05 9.68566e-05
6.44854e-05 9.66525e-05

6.44854e-05 9.66524e-05
6.52104e-05 9.64428e-05

6.59355e-05 9.62275e-05
6.52279e-05 9.6438e-05

6.52104e-05 9.64432e-05
6.52279e-05 9.6438e-05

6.81108e-05 9.55213e-05
6.75471e-05 9.57129e-05

6.81108e-05 9.55229e-05
6.88359e-05 9.5263e-05

6.59355e-05 9.62287e-05
6.66606e-05 9.60039e-05

6.66606e-05 9.60037e-05
6.73857e-05 9.57678e-05

6.73857e-05 9.57677e-05
6.75471e-05 9.57129e-05

6.9561e-05 9.49872e-05
6.95594e-05 9.49878e-05

6.88359e-05 9.52626e-05
6.95591e-05 9.49878e-05

6.9561e-05 9.49874e-05
7.02861e-05 9.46963e-05

7.17363e-05 9.40548e-05
7.12809e-05 9.42627e-05

7.02861e-05 9.46979e-05
7.10112e-05 9.43871e-05

7.10112e-05 9.43862e-05
7.12817e-05 9.42627e-05

7.17363e-05 9.40578e-05
7.24614e-05 9.37032e-05

7.31865e-05 9.33205e-05
7.27733e-05 9.35376e-05

7.24614e-05 9.37022e-05
7.27748e-05 9.35376e-05

7.31865e-05 9.33239e-05
7.39116e-05 9.29133e-05

7.39116e-05 9.29126e-05
7.40766e-05 9.28125e-05

