0.00013527 0
0.00013527 7.25098e-07

0.000135271 7.25098e-07
0.000135273 1.4502e-06

0.000135272 1.4502e-06
0.000135279 2.90039e-06

0.00013528 2.90039e-06
0.000135285 3.62549e-06

0.000135284 3.62549e-06
0.00013529 4.35059e-06

0.00013529 4.35059e-06
0.000135297 5.07568e-06

0.000135297 5.07568e-06
0.000135304 5.80078e-06

0.000135304 5.80078e-06
0.000135313 6.52588e-06

0.000135313 6.52588e-06
0.000135323 7.25098e-06

0.000135324 7.25098e-06
0.000135335 7.97607e-06

0.000135335 7.97607e-06
0.000135348 8.70117e-06

0.000135348 8.70117e-06
0.000135361 9.42627e-06

0.000135361 9.42627e-06
0.000135375 1.01514e-05

0.000135374 1.01514e-05
0.000135388 1.08765e-05

0.000135387 1.08765e-05
0.000135403 1.16016e-05

0.000135404 1.16016e-05
0.00013544 1.30518e-05

0.00013544 1.30518e-05
0.000135459 1.37769e-05

0.000135458 1.37769e-05
0.000135478 1.4502e-05

0.000135479 1.4502e-05
0.000135502 1.52271e-05

0.000135501 1.52271e-05
0.000135524 1.59521e-05

0.000135525 1.59521e-05
0.000135545 1.6596e-05

0.000135545 1.65962e-05
0.000135547 1.66772e-05

0.000135546 1.66772e-05
0.000135571 1.74023e-05

0.000135572 1.74023e-05
0.000135598 1.81274e-05

0.000135598 1.81274e-05
0.000135625 1.88525e-05

0.000135626 1.88525e-05
0.000135653 1.95776e-05

0.000135652 1.95776e-05
0.000135681 2.03027e-05

0.000135681 2.03027e-05
0.000135712 2.10278e-05

0.000135712 2.10278e-05
0.000135743 2.17529e-05

0.000135744 2.17529e-05
0.000135776 2.2478e-05

0.000135775 2.2478e-05
0.000135808 2.32031e-05

0.000135808 2.32031e-05
0.000135843 2.39282e-05

0.000135843 2.39282e-05
0.000135879 2.46533e-05

0.00013588 2.46533e-05
0.000135916 2.53784e-05

0.000135916 2.53784e-05
0.000135953 2.61035e-05

0.000135953 2.61035e-05
0.000135993 2.68286e-05

0.000135993 2.68286e-05
0.000136034 2.75537e-05

0.000136034 2.75537e-05
0.000136077 2.82788e-05

0.000136077 2.82788e-05
0.000136121 2.90039e-05

0.000136121 2.90039e-05
0.000136168 2.9729e-05

0.000136168 2.9729e-05
0.000136216 3.04541e-05

0.000136216 3.04541e-05
0.000136266 3.11792e-05

0.000136266 3.11792e-05
0.00013627 3.12411e-05

0.00013627 3.12413e-05
0.000136317 3.19043e-05

0.000136317 3.19043e-05
0.00013637 3.26294e-05

0.00013637 3.26294e-05
0.000136425 3.33545e-05

0.000136425 3.33545e-05
0.000136482 3.40796e-05

0.000136482 3.40796e-05
0.000136541 3.48047e-05

0.000136541 3.48047e-05
0.000136601 3.55298e-05

0.000136601 3.55298e-05
0.000136662 3.62549e-05

0.000136662 3.62549e-05
0.000136725 3.698e-05

0.000136725 3.698e-05
0.00013679 3.77051e-05

0.00013679 3.77051e-05
0.000136856 3.84302e-05

0.000136856 3.84302e-05
0.000136924 3.91553e-05

0.000136924 3.91553e-05
0.000136994 3.98804e-05

0.000136994 3.98804e-05
0.000136995 3.98964e-05

0.000136995 3.98966e-05
0.000137064 4.06055e-05

0.000137064 4.06055e-05
0.000137137 4.13306e-05

0.000137137 4.13306e-05
0.00013721 4.20557e-05

0.00013721 4.20557e-05
0.000137285 4.27808e-05

0.000137285 4.27808e-05
0.000137362 4.35059e-05

0.000137362 4.35059e-05
0.00013744 4.4231e-05

0.00013744 4.4231e-05
0.000137519 4.49561e-05

0.000137519 4.49561e-05
0.0001376 4.56812e-05

0.0001376 4.56812e-05
0.000137681 4.64062e-05

0.000152891 0
0.000152892 7.25098e-07

0.000152892 7.25098e-07
0.000152894 1.4502e-06

0.000152894 1.4502e-06
0.000152897 2.17529e-06

0.000152897 2.17529e-06
0.000152902 2.90039e-06

0.000152902 2.90039e-06
0.000152908 3.62549e-06

0.000152908 3.62549e-06
0.000152915 4.35059e-06

0.000152915 4.35059e-06
0.000152924 5.07568e-06

0.000152924 5.07568e-06
0.000152933 5.80078e-06

0.000152933 5.80078e-06
0.000152944 6.52588e-06

0.000152944 6.52588e-06
0.000152947 6.73936e-06

0.000152947 6.73951e-06
0.000152956 7.25098e-06

0.000152956 7.25098e-06
0.000152969 7.97607e-06

0.000152969 7.97607e-06
0.000152983 8.70117e-06

0.000152983 8.70117e-06
0.000152998 9.42627e-06

0.000152998 9.42627e-06
0.000153015 1.01514e-05

0.000153015 1.01514e-05
0.000153032 1.08765e-05

0.000153032 1.08765e-05
0.000153051 1.16016e-05

0.000153051 1.16016e-05
0.000153072 1.23267e-05

0.000153072 1.23267e-05
0.000153093 1.30518e-05

0.000153093 1.30518e-05
0.000153116 1.30.000164125 0.000232031
0.000164267 0.000232756

0.000164267 0.000232756
0.000164412 0.000233481

0.000164411 0.000233481
0.000164549 0.000234141

0.000164549 0.000234142
0.000164562 0.000234207

0.000164563 0.000234207
0.000164722 0.000234932

0.000164723 0.000234932
0.000164887 0.000235657

0.000164886 0.000235657
0.000165054 0.000236382

0.000165053 0.000236382
0.000165227 0.000237107

0.000165226 0.000237107
0.000165274 0.000237297

0.000165274 0.000237297
0.00016541 0.000237832

0.000165413 0.000237832
0.000165604 0.000238557

0.000165603 0.000238557
0.000165798 0.000239282

0.000165796 0.000239282
0.000165999 0.000240002

0.000165999 0.000240003
0.000166 0.000240007

0.000166001 0.000240007
0.000166217 0.000240732

0.000166219 0.000240732
0.00016644 0.000241458

0.000166438 0.000241458
0.000166667 0.000242183

0.000166666 0.000242183
0.000166724 0.000242358

0.000166724 0.000242357
0.000166908 0.000242908

0.000166912 0.000242908
0.000167162 0.000243633

0.000167159 0.000243633
0.000167417 0.000244358

0.000167416 0.000244358
0.000167449 0.000244446

0.000167449 0.000244443
0.000167689 0.000245083

0.000167691 0.000245083
0.000167971 0.000245808

0.000167966 0.000245808
0.000168174 0.000246324

0.000168174 0.000246324
0.000168259 0.000246533

0.000168264 0.000246533
0.000168567 0.000247258

0.000168562 0.000247258
0.000168874 0.000247983

0.000168875 0.000247983
0.000168899 0.000248038

0.000168899 0.000248033
0.000169203 0.000248708

0.000169202 0.000248708
0.000169536 0.000249434

0.000169535 0.000249434
0.000169625 0.00024962

0.000169625 0.000249618
0.000169883 0.000250159

0.000169885 0.000250159
0.000170242 0.000250884

0.00017024 0.000250884
0.00017035 0.0002511

0.00017035 0.000251099
0.000170608 0.000251609

0.000170609 0.000251609
0.000170988 0.000252334

0.000170988 0.000252334
0.000171075 0.000252497

0.000171075 0.000252495
0.000171375 0.000253059

0.000171372 0.000253059
0.000171771 0.000253784

0.000171773 0.000253784
0.0001718 0.000253832

0.0001718 0.000253824
0.000172183 0.000254509

0.000172174 0.000254509
0.000172525 0.00025512

0.000172525 0.000255118
0.000172591 0.000255234

0.0001726 0.000255234
0.000173027 0.000255959

0.000173019 0.000255959
0.00017325 0.000256344

0.00017325 0.000214185
0.000173344 0.000214629

0.000173343 0.000214629
0.000173506 0.000215354

0.000173505 0.000215354
0.000173677 0.000216079

0.000173677 0.000216079
0.00017386 0.000216804

0.00017386 0.000216804
0.000173975 0.000217236

0.000173975 0.000217235
0.000174054 0.000217529

0.000174053 0.000217529
0.000174259 0.000218254

0.000174259 0.000218254
0.000174478 0.000218979

0.000174477 0.000218979
0.0001747 0.000219673

0.0001747 0.000219673
0.00017471 0.000219705

0.00017471 0.000219705
0.000174958 0.00022043

0.000174958 0.00022043
0.000175223 0.000221155

0.000175223 0.000221155
0.000175425 0.000221673

0.000175425 0.000221672
0.000175507 0.00022188

0.000175506 0.00022188
0.000175809 0.000222605

0.000175809 0.000222605
0.000176135 0.00022333

0.000176133 0.00022333
0.00017615 0.000223366

0.00017615 0.000223364
0.000176484 0.000224055

0.000176484 0.000224055
0.000176862 0.00022478

0.00017686 0.00022478
0.000176875 0.000224808

0.000176875 0.000224807
0.00017727 0.000225505

0.000177268 0.000225505
0.000177601 0.000226047

0.000177601 0.000226044
0.000177715 0.00022623

0.000177712 0.00022623
0.000178197 0.000226956

0.000178197 0.000226956
0.000178326 0.000227138

0.000178326 0.000227133
0.000178729 0.000227681

0.000178729 0.000227681
0.000179051 0.000228086

0.000179051 0.000228078
0.000179318 0.000228406

0.00017932 0.000228406
0.000179776 0.000228918

0.000179776 0.000228916
0.000179977 0.000229131

0.000179976 0.000229131
0.000180501 0.000229654

0.000180501 0.000229654
0.000180719 0.000229856

0.000180717 0.000229856
0.000181226 0.000230302

0.000181226 0.000230309
0.000181575 0.000230581

0.000181575 0.000230581
0.000181951 0.000230868

0.000181951 0.000230868
0.000182589 0.000231306

0.000182588 0.000231306
0.000182676 0.000231363

0.000182676 0.000231367
0.000183401 0.000231803

0.000183401 0.0002318017769e-05

0.000153116 1.37769e-05
0.000153139 1.4502e-05

0.000153139 1.4502e-05
0.000153164 1.52271e-05

0.000153164 1.52271e-05
0.00015319 1.59521e-05

0.00015319 1.59521e-05
0.000153218 1.66772e-05

0.000153218 1.66772e-05
0.000153246 1.74023e-05

0.000153246 1.74023e-05
0.000153276 1.81274e-05

0.000153276 1.81274e-05
0.000153307 1.88525e-05

0.000153307 1.88525e-05
0.000153339 1.95776e-05

0.000153339 1.95776e-05
0.000153372 2.03027e-05

0.000153372 2.03027e-05
0.000153407 2.10278e-05

0.000153407 2.10278e-05
0.000153443 2.17529e-05

0.000153443 2.17529e-05
0.00015348 2.2478e-05

0.00015348 2.2478e-05
0.000153518 2.32031e-05

0.000153518 2.32031e-05
0.000153557 2.39282e-05

0.000153557 2.39282e-05
0.000153598 2.46533e-05

0.000153598 2.46533e-05
0.00015364 2.53784e-05

0.00015364 2.53784e-05
0.000153672 2.59322e-05

0.000153672 2.59324e-05
0.000153683 2.61035e-05

0.000153683 2.61035e-05
0.000153727 2.68286e-05

0.000153727 2.68286e-05
0.000153772 2.75537e-05

0.000153772 2.75537e-05
0.000153819 2.82788e-05

0.000153819 2.82788e-05
0.000153867 2.90039e-05

0.000153867 2.90039e-05
0.000153916 2.9729e-05

0.000153916 2.9729e-05
0.000153966 3.04541e-05

0.000153966 3.04541e-05
0.000154017 3.11792e-05

0.000154017 3.11792e-05
0.00015407 3.19043e-05

0.00015407 3.19043e-05
0.000154123 3.26294e-05

0.000154123 3.26294e-05
0.000154178 3.33545e-05

0.000154178 3.33545e-05
0.000154234 3.40796e-05

0.000154234 3.40796e-05
0.000154291 3.48047e-05

0.000154291 3.48047e-05
0.000154349 3.55298e-05

0.000154349 3.55298e-05
0.000154397 3.61224e-05

0.000154397 3.61225e-05
0.000154408 3.62549e-05

0.000154408 3.62549e-05
0.000154469 3.698e-05

0.000154469 3.698e-05
0.00015453 3.77051e-05

0.00015453 3.77051e-05
0.000154592 3.84302e-05

0.000154592 3.84302e-05
0.000154655 3.91553e-05

0.000154655 3.91553e-05
0.00015472 3.98804e-05

0.00015472 3.98804e-05
0.000154785 4.06055e-05

0.000154785 4.06055e-05
0.000154852 4.13306e-05

0.000154852 4.13306e-05
0.000154919 4.20557e-05

0.000154919 4.20557e-05
0.000154987 4.27808e-05

0.000154987 4.27808e-05
0.000155057 4.35059e-05

0.000155057 4.35059e-05
0.000155123 4.41866e-05

0.000155123 4.41867e-05
0.000155127 4.4231e-05

0.000155127 4.4231e-05
0.000155198 4.49561e-05

0.000155198 4.49561e-05
0.00015527 4.56812e-05

0.00015527 4.56812e-05
0.000155343 4.64062e-05

0.000137681 4.64062e-05
0.00013772 4.67442e-05

0.00013772 4.67445e-05
0.000137765 4.71313e-05

0.000137765 4.71313e-05
0.000137849 4.78564e-05

0.000137849 4.78564e-05
0.000137935 4.85815e-05

0.000137935 4.85815e-05
0.000138022 4.93066e-05

0.000138022 4.93066e-05
0.00013811 5.00317e-05

0.00013811 5.00317e-05
0.000138199 5.07568e-05

0.000138199 5.07568e-05
0.00013829 5.14819e-05

0.00013829 5.14819e-05
0.000138382 5.2207e-05

0.000138382 5.2207e-05
0.000138445 5.27044e-05

0.000138445 5.27045e-05
0.000138474 5.29321e-05

0.000138474 5.29321e-05
0.000138568 5.36572e-05

0.000138569 5.36572e-05
0.000138664 5.43823e-05

0.000138664 5.43823e-05
0.00013876 5.51074e-05

0.00013876 5.51074e-05
0.000138857 5.58325e-05

0.000138857 5.58325e-05
0.000138955 5.65576e-05

0.000138955 5.65576e-05
0.000139054 5.72827e-05

0.000139054 5.72827e-05
0.000139154 5.80078e-05

0.000139154 5.80078e-05
0.00013917 5.81241e-05

0.00013917 5.81245e-05
0.000139255 5.87329e-05

0.000139255 5.87329e-05
0.000139358 5.9458e-05

0.000139358 5.9458e-05
0.00013946 6.01831e-05

0.00013946 6.01831e-05
0.000139564 6.09082e-05

0.000139564 6.09082e-05
0.000139669 6.16333e-05

0.000139669 6.16333e-05
0.000139775 6.23584e-05

0.000139775 6.23584e-05
0.000139881 6.30835e-05

0.000139881 6.30835e-05
0.000139896 6.31808e-05

0.000139896 6.31812e-05
0.000139988 6.38086e-05

0.000139988 6.38086e-05
0.000140097 6.45337e-05

0.000140097 6.45337e-05
0.000140205 6.52588e-05

0.000140205 6.52588e-05
0.000140315 6.59839e-05

0.000140315 6.59839e-05
0.000140425 6.6709e-05

0.000140425 6.6709e-05
0.000140536 6.74341e-05

0.000140536 6.74341e-05
0.000140621 6.79828e-05

0.000140621 6.7983e-05
0.000140648 6.81592e-05

0.000140648 6.81592e-05
0.00014076 6.88843e-05

0.00014076 6.888
0.000183841 0.000232031

0.000183847 0.000232031
0.000184126 0.000232178

0.000184126 0.000232179
0.000184852 0.000232509

0.000184852 0.000232506
0.000185489 0.000232756

0.000185491 0.000232756
0.000185577 0.00023279

0.000185577 0.00023279
0.000186302 0.000233035

0.000186302 0.000233034
0.000187027 0.000233243

0.000187027 0.000233242
0.000187752 0.000233421

0.000187752 0.000233421
0.00018804 0.000233481

0.000188045 0.000233481
0.000188477 0.000233573

0.000188477 0.000233572
0.000189202 0.000233703

0.000189202 0.000233702
0.000189927 0.000233813

0.000189927 0.000233812
0.000190652 0.000233907

0.000190652 0.000233906
0.000191377 0.000233988

0.000191377 0.000233987
0.000192103 0.000234059

0.000192103 0.000234058
0.000192828 0.000234123

0.000192828 0.000234122
0.000193553 0.000234182

0.000193553 0.000234181
0.000193874 0.000234207

0.000193876 0.000234207
0.000194278 0.000234238

0.000194278 0.000234238
0.000195003 0.000234294

0.000195003 0.000234294
0.000195728 0.000234352

0.000195728 0.000234352
0.000196453 0.000234414

0.00017325 0.000256342
0.000173456 0.000256685

0.000173455 0.000256685
0.000173913 0.00025741

0.000173915 0.00025741
0.000173975 0.000257505

0.000173975 0.000257501
0.00017439 0.000258135

0.000174378 0.000258135
0.0001747 0.000258597

0.0001747 0.00025859
0.000174888 0.00025886

0.000174878 0.00025886
0.000175425 0.000259558

0.000175425 0.000259559
0.000175446 0.000259585

0.00017544 0.000259585
0.000176097 0.00026031

0.000176098 0.00026031
0.00017615 0.000260364

0.00017615 0.000260368
0.000176862 0.000261035

0.000176862 0.000261035
0.000176875 0.000261047

0.000176875 0.000261039
0.000177601 0.000261619

0.000177601 0.000261625
0.000177797 0.00026176

0.000177813 0.00026176
0.000178326 0.000262115

0.000178326 0.000262123
0.000178951 0.000262485

0.000178953 0.000262485
0.000179051 0.000262541

0.000179051 0.000262539
0.000179776 0.000262876

0.000179776 0.000262875
0.000180501 0.000263139

0.000180501 0.00026314
0.000180765 0.00026321

0.000180774 0.00026321
0.000181226 0.000263331

0.000181226 0.00026333
0.000181951 0.000263456

0.000181951 0.000263455
0.000182676 0.000263521

0.000182676 0.00026352
0.000183401 0.00026353

0.000183401 0.000263529
0.000184126 0.000263485

0.000184126 0.000263484
0.000184852 0.000263391

0.000184852 0.00026339
0.000185577 0.000263249

0.000186302 0.000263063
0.000185724 0.00026321

0.000185577 0.000263249
0.000185727 0.00026321

0.000186302 0.000263062
0.000187027 0.000262835

0.000187027 0.000262835
0.000187752 0.000262568

0.000188477 0.000262262
0.000187943 0.000262485

0.000188477 0.000262262
0.000189202 0.000261925

0.000187752 0.000262567
0.000187948 0.000262485

0.000189927 0.000261556
0.000189523 0.00026176

0.000189202 0.000261925
0.000189528 0.00026176

0.000189927 0.000261556
0.000190652 0.000261164

0.000191377 0.000260748
0.000190874 0.000261035

0.000191377 0.000260748
0.000192103 0.000260317

0.000193553 0.000259414
0.00019328 0.000259585

0.000192828 0.000259871
0.000192111 0.00026031

0.000192103 0.000260317
0.000192114 0.00026031

0.000192828 0.000259871
0.000193284 0.000259585

0.000195728 0.000258019
0.000195547 0.000258135

0.000195728 0.00025802
0.000196453 0.00025755

0.000193553 0.000259415
0.000194278 0.000258954

0.000195003 0.000258488
0.000194424 0.00025886

0.000194278 0.000258954
0.000194426 0.00025886

0.000195003 0.000258489
0.000195551 0.000258135

0.000190652 0.000261164
0.000190878 0.000261035

0.000196453 0.000234414
0.000197178 0.000234482

0.000197178 0.000234482
0.000197903 0.000234559

0.000197903 0.000234559
0.000198628 0.000234646

0.000198628 0.000234645
0.000199354 0.000234745

0.000199354 0.000234744
0.000200079 0.000234859

0.000200079 0.000234857
0.000200477 0.000234932

0.000200479 0.000234932
0.000200804 0.000234993

0.000200804 0.000234994
0.000201529 0.000235153

0.000201529 0.000235152
0.000202254 0.000235337

0.000202254 0.000235333
0.000202979 0.000235551

0.000202979 0.000235546
0.000203283 0.000235657

0.000203279 0.000235657
0.000203704 0.000235811

0.000203704 0.000235812
0.000204429 0.000243e-05
0.000140873 6.96094e-05

0.000140873 6.96094e-05
0.000140987 7.03345e-05

0.000140987 7.03345e-05
0.000141101 7.10596e-05

0.000141101 7.10596e-05
0.000141215 7.17847e-05

0.000141215 7.17847e-05
0.00014133 7.25098e-05

0.000141331 7.25098e-05
0.000141346 7.2605e-05

0.000141346 7.26054e-05
0.000141446 7.32349e-05

0.000141446 7.32349e-05
0.000141562 7.396e-05

0.000141562 7.396e-05
0.000141679 7.46851e-05

0.000141679 7.46851e-05
0.000141796 7.54102e-05

0.000141796 7.54102e-05
0.000141913 7.61353e-05

0.000141913 7.61353e-05
0.000142031 7.68604e-05

0.000142031 7.68604e-05
0.000142071 7.71048e-05

0.000142071 7.71051e-05
0.000142149 7.75854e-05

0.000142149 7.75854e-05
0.000142268 7.83105e-05

0.000142268 7.83105e-05
0.000142387 7.90356e-05

0.000142387 7.90356e-05
0.000142506 7.97607e-05

0.000142506 7.97607e-05
0.000142626 8.04858e-05

0.000142626 8.04858e-05
0.000142745 8.12109e-05

0.000142745 8.12109e-05
0.000142796 8.15158e-05

0.000142796 8.15162e-05
0.000142865 8.1936e-05

0.000142866 8.1936e-05
0.000142986 8.26611e-05

0.000142986 8.26611e-05
0.000143107 8.33862e-05

0.000143107 8.33862e-05
0.000143227 8.41113e-05

0.000143227 8.41113e-05
0.000143348 8.48364e-05

0.000143348 8.48364e-05
0.000143469 8.55615e-05

0.000143469 8.55615e-05
0.000143521 8.58692e-05

0.000143521 8.58696e-05
0.000143591 8.62866e-05

0.000143591 8.62866e-05
0.000143713 8.70117e-05

0.000143713 8.70117e-05
0.000143834 8.77368e-05

0.000143834 8.77368e-05
0.000143956 8.84619e-05

0.000143956 8.84619e-05
0.000144078 8.9187e-05

0.000144078 8.9187e-05
0.0001442 8.99121e-05

0.0001442 8.99121e-05
0.000144246 9.01846e-05

0.000144246 9.01849e-05
0.000144322 9.06372e-05

0.000144323 9.06372e-05
0.000144445 9.13623e-05

0.000144445 9.13623e-05
0.000144568 9.20874e-05

0.000144568 9.20874e-05
0.00014469 9.28125e-05

0.000155343 4.64062e-05
0.000155417 4.71313e-05

0.000155417 4.71313e-05
0.000155492 4.78564e-05

0.000155492 4.78564e-05
0.000155567 4.85815e-05

0.000155567 4.85815e-05
0.000155644 4.93066e-05

0.000155644 4.93066e-05
0.000155721 5.00317e-05

0.000155721 5.00317e-05
0.000155799 5.07568e-05

0.000155799 5.07568e-05
0.000155848 5.12026e-05

0.000155848 5.12029e-05
0.000155878 5.14819e-05

0.000155878 5.14819e-05
0.000155958 5.2207e-05

0.000155958 5.2207e-05
0.000156038 5.29321e-05

0.000156038 5.29321e-05
0.000156119 5.36572e-05

0.00015612 5.36572e-05
0.000156202 5.43823e-05

0.000156202 5.43823e-05
0.000156284 5.51074e-05

0.000156284 5.51074e-05
0.000156368 5.58325e-05

0.000156368 5.58325e-05
0.000156452 5.65576e-05

0.000156452 5.65576e-05
0.000156537 5.72827e-05

0.000156538 5.72827e-05
0.000156573 5.75791e-05

0.000156573 5.75795e-05
0.000156624 5.80078e-05

0.000156624 5.80078e-05
0.00015671 5.87329e-05

0.00015671 5.87329e-05
0.000156797 5.9458e-05

0.000156797 5.9458e-05
0.000156885 6.01831e-05

0.000156885 6.01831e-05
0.000156974 6.09082e-05

0.000156974 6.09082e-05
0.000157063 6.16333e-05

0.000157063 6.16333e-05
0.000157153 6.23584e-05

0.000157153 6.23584e-05
0.000157244 6.30835e-05

0.000157244 6.30835e-05
0.000157298 6.35084e-05

0.000157298 6.35087e-05
0.000157336 6.38086e-05

0.000157336 6.38086e-05
0.000157428 6.45337e-05

0.000157428 6.45337e-05
0.00015752 6.52588e-05

0.00015752 6.52588e-05
0.000157614 6.59839e-05

0.000157614 6.59839e-05
0.000157708 6.6709e-05

0.000157708 6.6709e-05
0.000157803 6.74341e-05

0.000157803 6.74341e-05
0.000157898 6.81592e-05

0.000157898 6.81592e-05
0.000157995 6.88843e-05

0.000157995 6.88843e-05
0.000158023 6.90949e-05

0.000158023 6.90953e-05
0.000158092 6.96094e-05

0.000158092 6.96094e-05
0.000158189 7.03345e-05

0.000158189 7.03345e-05
0.000158287 7.10596e-05

0.000158287 7.10596e-05
0.000158386 7.17847e-05

0.000158386 7.17847e-05
0.000158485 7.25098e-05

0.000158485 7.25098e-05
0.000158584 7.32349e-05

0.000158584 7.32349e-05
0.000158685 7.396e-05

0.000158685 7.396e-05
0.000158748 7.44159e-05

0.000158748 7.44163e-05
0.000158785 7.46851e-05

0.000158785 7.46851e-05
0.000158886 7.54102e-05

0.000158886 7.54102e-05
0.000158987 7.61353e-05

0.000158987 7.61353e-05
0.036126

0.000204429 0.000236115
0.000204937 0.000236382

0.000204931 0.000236382
0.000205154 0.000236499

0.000205154 0.000236496
0.000205879 0.000236969

0.000205879 0.000236968
0.000206068 0.000237107

0.00020606 0.000237107
0.000206604 0.000237539

0.000206604 0.000237538
0.000206923 0.000237832

0.000206933 0.000237832
0.00020733 0.000238259

0.00020733 0.000238259
0.000207577 0.000238557

0.000207582 0.000238557
0.000208055 0.000239242

0.000200079 0.000255148
0.000199949 0.000255234

0.000200079 0.00025515
0.000200804 0.000254644

0.000202254 0.000253579
0.000201977 0.000253784

0.000201529 0.000254122
0.000200992 0.000254509

0.000200804 0.000254643
0.000200995 0.000254509

0.000201529 0.000254124
0.000201983 0.000253784

0.000206604 0.00024935
0.000206543 0.000249434

0.000208055 0.000246969
0.000207921 0.000247258

0.000207925 0.000247258
0.000207529 0.000247983

0.00020733 0.000248296
0.00020707 0.000248708

0.000206604 0.000249362
0.000207074 0.000248708

0.00020733 0.000248304
0.000207531 0.000247983

0.000204429 0.000251754
0.000203785 0.000252334

0.000205154 0.000251045
0.000204583 0.000251609

0.000204429 0.000251755
0.000204585 0.000251609

0.000202979 0.000253004
0.00020291 0.000253059

0.000202254 0.000253582
0.000202917 0.000253059

0.000202979 0.000253012
0.000203704 0.000252404

0.000203704 0.000252405
0.000203786 0.000252334

0.000205879 0.000250255
0.000205312 0.000250884

0.000206552 0.000249434
0.000205966 0.000250159

0.000205879 0.000250259
0.000205966 0.000250159

0.000205154 0.000251047
0.000205312 0.000250884

0.000208055 0.00023924
0.000208081 0.000239282

0.000208076 0.000239282
0.000208452 0.000240007

0.000208448 0.000240007
0.000208722 0.000240732

0.000208722 0.000240732
0.00020878 0.000240959

0.00020878 0.000240972
0.000208903 0.000241458

0.000208901 0.000241458
0.000209006 0.000242183

0.000209004 0.000242183
0.000209037 0.000242908

0.000209036 0.000242908
0.000209003 0.000243633

0.00020878 0.000244933
0.000208747 0.000245083

0.000209003 0.000243633
0.000208907 0.000244358

0.00020878 0.000244946
0.000208907 0.000244358

0.00020875 0.000245083
0.000208534 0.000245808

0.000208535 0.000245808
0.00020826 0.000246533

0.000208055 0.000246979
0.000208261 0.000246533

0.000197903 0.000256604
0.000197777 0.000256685

0.000197178 0.000257078
0.000196669 0.00025741

0.000196453 0.00025755
0.000196671 0.00025741

0.000197178 0.000257079
0.000197781 0.000256685

0.000197903 0.000256605
0.000198628 0.000256126

0.000199354 0.000255642
0.000198878 0.000255959

0.000198628 0.000256127
0.00019888 0.000255959

0.000199354 0.000255643
0.000199954 0.000255234

00159089 7.68604e-05

0.000159089 7.68604e-05
0.000159191 7.75854e-05

0.000159191 7.75854e-05
0.000159294 7.83105e-05

0.000159294 7.83105e-05
0.000159396 7.90356e-05

0.000159397 7.90356e-05
0.000159473 7.9574e-05

0.000159473 7.95743e-05
0.0001595 7.97607e-05

0.0001595 7.97607e-05
0.000159603 8.04858e-05

0.000159603 8.04858e-05
0.000159706 8.12109e-05

0.000159706 8.12109e-05
0.000159809 8.1936e-05

0.000159809 8.1936e-05
0.000159913 8.26611e-05

0.000159913 8.26611e-05
0.000160017 8.33862e-05

0.000160017 8.33862e-05
0.000160122 8.41113e-05

0.000160122 8.41113e-05
0.000160198 8.46369e-05

0.000160198 8.46372e-05
0.000160227 8.48364e-05

0.000160227 8.48364e-05
0.000160333 8.55615e-05

0.000160333 8.55615e-05
0.000160439 8.62866e-05

0.000160439 8.62866e-05
0.000160545 8.70117e-05

0.000160545 8.70117e-05
0.000160652 8.77368e-05

0.000160652 8.77368e-05
0.00016076 8.84619e-05

0.000160759 8.84619e-05
0.000160868 8.9187e-05

0.000160868 8.9187e-05
0.000160923 8.9552e-05

0.000160923 8.95523e-05
0.000160978 8.99121e-05

0.000160977 8.99121e-05
0.000161087 9.06372e-05

0.000161087 9.06372e-05
0.000161197 9.13623e-05

0.000161197 9.13623e-05
0.000161308 9.20874e-05

0.000161308 9.20874e-05
0.00016142 9.28125e-05

0.00014469 9.28125e-05
0.000144813 9.35376e-05

0.000144813 9.35376e-05
0.000144935 9.42627e-05

0.000144935 9.42627e-05
0.000144971 9.44748e-05

0.000144971 9.44752e-05
0.000145058 9.49878e-05

0.000145058 9.49878e-05
0.000145181 9.57129e-05

0.000145181 9.57129e-05
0.000145304 9.6438e-05

0.000145304 9.6438e-05
0.000145427 9.71631e-05

0.000145427 9.71631e-05
0.00014555 9.78882e-05

0.00014555 9.78882e-05
0.000145673 9.86133e-05

0.000145673 9.86133e-05
0.000145696 9.87527e-05

0.000145696 9.87531e-05
0.000145796 9.93384e-05

0.000145796 9.93384e-05
0.000145919 0.000100063

0.000145919 0.000100063
0.000146042 0.000100789

0.000146042 0.000100789
0.000146164 0.000101514

0.000146164 0.000101514
0.000146287 0.000102239

0.000146287 0.000102239
0.00014641 0.000102964

0.00014641 0.000102964
0.000146421 0.000103034

0.000146421 0.000103034
0.000146532 0.000103689

0.000146532 0.000103689
0.000146655 0.000104414

0.000146655 0.000104414
0.000146777 0.000105139

0.000146777 0.000105139
0.000146899 0.000105864

0.000146899 0.000105864
0.000147021 0.000106589

0.000147021 0.000106589
0.000147142 0.000107314

0.000147142 0.000107314
0.000147146 0.000107341

0.000147146 0.000107341
0.000147264 0.00010804

0.000147264 0.00010804
0.000147385 0.000108765

0.000147385 0.000108765
0.000147506 0.00010949

0.000147506 0.00010949
0.000147626 0.000110215

0.000147626 0.000110215
0.000147746 0.00011094

0.000147746 0.00011094
0.000147865 0.000111665

0.000147865 0.000111665
0.000147872 0.000111702

0.000147872 0.000111702
0.000147985 0.00011239

0.000147985 0.00011239
0.000148104 0.000113115

0.000148104 0.000113115
0.000148222 0.00011384

0.000148222 0.00011384
0.00014834 0.000114565

0.00014834 0.000114565
0.000148458 0.000115291

0.000148457 0.000115291
0.000148574 0.000116016

0.000148574 0.000116016
0.000148597 0.000116155

0.000148597 0.000116156
0.000148691 0.000116741

0.000148691 0.000116741
0.000148807 0.000117466

0.000148807 0.000117466
0.000148922 0.000118191

0.000148922 0.000118191
0.000149036 0.000118916

0.000149036 0.000118916
0.00014915 0.000119641

0.00014915 0.000119641
0.000149263 0.000120366

0.000149263 0.000120366
0.000149322 0.000120743

0.000149322 0.000120743
0.000149376 0.000121091

0.000149376 0.000121091
0.000149488 0.000121816

0.000149488 0.000121816
0.0001496 0.000122542

0.000149599 0.000122542
0.00014971 0.000123267

0.00014971 0.000123267
0.00014982 0.000123992

0.00014982 0.000123992
0.000149929 0.000124717

0.000149929 0.000124717
0.000150038 0.000125442

0.000150038 0.000125442
0.000150047 0.000125505

0.000161419 9.28125e-05
0.000161532 9.35376e-05

0.000161532 9.35376e-05
0.000161645 9.42627e-05

0.000161645 9.42627e-05
0.000161648 9.42816e-05

0.000161648 9.42819e-05
0.000161759 9.49878e-05

0.000161759 9.49878e-05
0.000161873 9.57129e-05

0.000161873 9.57129e-05
0.000161987 9.6438e-05

0.000161987 9.6438e-05
0.000162102 9.71631e-05

0.000162102 9.71631e-05
0.000162218 9.78882e-05

0.000162218 9.78882e-05
0.000162335 9.86133e-05

0.000162335 9.86133e-05
0.000162374 9.88518e-05

0.000162374 9.88521e-05
0.000162452 9.93384e-05

0.000162452 9.93384e-05
0.000162569 0.000100063

0.000162569 0.000100063
0.000162686 0.000100789

0.000162686 0.000100789
0.000162804 0.000101514

0.000162804 0.000101514
0.000162923 0.000102239

0.000162923 0.000102239
0.000163042 0.000102964

0.000163042 0.000102964
0.000163099 0.000103304

0.000163099 0.000103305
0.000163162 0.000103689

0.000163162 0.000103689
0.000163281 0.000104414

0.000163281 0.000104414
0.000163401 0.000105139

0.000163401 0.000105139
0.000163521 0.000105864

0.000163521 0.000105864
0.000163642 0.000106589

0.000163642 0.000106589
0.000163764 0.000107314

0.000163764 0.000107314
0.000163824 0.000107668

0.000163824 0.000107669
0.000163886 0.00010804

0.000163886 0.00010804
0.000164007 0.000108765

0.000164007 0.000108765
0.000164128 0.00010949

0.000164128 0.00010949
0.000164248 0.000110215

0.000164248 0.000110215
0.000164369 0.00011094

0.000164369 0.00011094
0.00016449 0.000111665

0.000164491 0.000111665
0.000164549 0.000112015

0.000164549 0.000112015
0.000164611 0.00011239

0.000164611 0.00011239
0.000164731 0.000113115

0.000164731 0.000113115
0.00016485 0.00011384

0.00016485 0.00011384
0.000164968 0.000114565

0.000164968 0.000114565
0.000165086 0.000115291

0.000165086 0.000115291
0.000165204 0.000116016

0.000150047 0.000125505
0.000150145 0.000126167

0.000150146 0.000126167
0.000150253 0.000126892

0.000150253 0.000126892
0.000150359 0.000127617

0.000150359 0.000127617
0.000150465 0.000128342

0.000150465 0.000128342
0.00015057 0.000129067

0.00015057 0.000129067
0.000150674 0.000129792

0.000150674 0.000129792
0.000150772 0.000130481

0.000150772 0.000130481
0.000150777 0.000130518

0.000150777 0.000130518
0.00015088 0.000131243

0.00015088 0.000131243
0.000150982 0.000131968

0.000150982 0.000131968
0.000151084 0.000132693

0.000151084 0.000132693
0.000151184 0.000133418

0.000151184 0.000133418
0.000151284 0.000134143

0.000151284 0.000134143
0.000151383 0.000134868

0.000151383 0.000134868
0.000151482 0.000135593

0.000151482 0.000135593
0.000151497 0.000135705

0.000151497 0.000135706
0.00015158 0.000136318

0.00015158 0.000136318
0.000151677 0.000137043

0.000151677 0.000137043
0.000151774 0.000137769

0.000151774 0.000137769
0.00015187 0.000138494

0.00015187 0.000138494
0.000151965 0.000139219

0.000165205 0.000116016
0.000165274 0.000116444

0.000165274 0.000116444
0.000165322 0.000116741

0.000165322 0.000116741
0.000165438 0.000117466

0.000165438 0.000117466
0.000165553 0.000118191

0.000165553 0.000118191
0.000165667 0.000118916

0.000165667 0.000118916
0.00016578 0.000119641

0.00016578 0.000119641
0.000165893 0.000120366

0.000165893 0.000120366
0.000165999 0.000121054

0.000165999 0.000121054
0.000166005 0.000121091

0.000166005 0.000121091
0.000166115 0.000121816

0.000166115 0.000121816
0.000166224 0.000122542

0.000166224 0.000122542
0.000166331 0.000123267

0.000166331 0.000123267
0.000166438 0.000123992

0.000166438 0.000123992
0.000166543 0.000124717

0.000166543 0.000124717
0.000166647 0.000125442

0.000166647 0.000125442
0.000166724 0.000125983

0.000166724 0.000125983
0.00016675 0.000126167

0.00016675 0.000126167
0.000166851 0.000126892

0.000166851 0.000126892
0.000166951 0.000127617

0.00016695 0.000127617
0.000167048 0.000128342

0.000167048 0.000128342
0.000167145 0.000129067

0.000167145 0.000129067
0.00016724 0.000129792

0.00016724 0.000129792
0.000167333 0.000130518

0.000167333 0.000130518
0.000167425 0.000131243

0.000167426 0.000131243
0.000167449 0.000131431

0.000167449 0.000131432
0.000167516 0.000131968

0.000167516 0.000131968
0.000167604 0.000132693

0.000167604 0.000132693
0.000167691 0.000133418

0.000167691 0.000133418
0.000167776 0.000134143

0.000167776 0.000134143
0.00016786 0.000134868

0.00016786 0.000134868
0.000167942 0.000135593

0.000167942 0.000135593
0.000168022 0.000136318

0.000168022 0.000136318
0.000168101 0.000137043

0.000168101 0.000137043
0.000168174 0.000137734

0.000168174 0.000137734
0.000168178 0.000137769

0.000168178 0.000137769
0.000168254 0.000138494

0.000168253 0.000138494
0.000168327 0.000139219

0.000151965 0.000139219
0.00015206 0.000139944

0.00015206 0.000139944
0.000152154 0.000140669

0.000152154 0.000140669
0.000152222 0.000141199

0.000152222 0.0001412
0.000152247 0.000141394

0.000152247 0.000141394
0.00015234 0.000142119

0.00015234 0.000142119
0.000152433 0.000142844

0.000152433 0.000142844
0.000152524 0.000143569

0.000152524 0.000143569
0.000152616 0.000144294

0.000152616 0.000144294
0.000152706 0.00014502

0.000152706 0.00014502
0.000152797 0.000145745

0.000152796 0.000145745
0.000152886 0.00014647

0.000152886 0.00014647
0.000152947 0.000146967

0.000152947 0.000146967
0.000152975 0.000147195

0.000152975 0.000147195
0.000153064 0.00014792

0.000153064 0.00014792
0.000153153 0.000148645

0.000153153 0.000148645
0.000153241 0.00014937

0.000153241 0.00014937
0.000153328 0.000150095

0.000153328 0.000150095
0.000153416 0.00015082

0.000153416 0.00015082
0.000153502 0.000151545

0.000153502 0.000151545
0.000153589 0.000152271

0.000153589 0.000152271
0.000153672 0.000152973

0.000153672 0.000152973
0.000153675 0.000152996

0.000153675 0.000152996
0.000153761 0.000153721

0.000153761 0.000153721
0.000153847 0.000154446

0.000153847 0.000154446
0.000153933 0.000155171

0.000153933 0.000155171
0.000154018 0.000155896

0.000154018 0.000155896
0.000154103 0.000156621

0.000154103 0.000156621
0.000154188 0.000157346

0.000154188 0.000157346
0.000154273 0.000158071

0.000154273 0.000158071
0.000154358 0.000158796

0.000154358 0.000158796
0.000154397 0.00015913

0.000154397 0.00015913
0.000154443 0.000159521

0.000154444 0.000159521
0.000154529 0.000160247

0.000154529 0.000160247
0.000154614 0.000160972

0.000154614 0.000160972
0.000154699 0.000161697

0.000154699 0.000161697
0.000154784 0.000162422

0.000168327 0.000139219
0.000168399 0.000139944

0.000168399 0.000139944
0.000168469 0.000140669

0.000168469 0.000140669
0.000168538 0.000141394

0.000168538 0.000141394
0.000168605 0.000142119

0.000168605 0.000142119
0.000168671 0.000142844

0.000168671 0.000142844
0.000168735 0.000143569

0.000168735 0.000143569
0.000168796 0.000144294

0.000168796 0.000144294
0.000168857 0.00014502

0.000168857 0.00014502
0.000168899 0.000145542

0.000168899 0.000145542
0.000168916 0.000145745

0.000168916 0.000145745
0.000168973 0.00014647

0.000168973 0.00014647
0.000169028 0.000147195

0.000169028 0.000147195
0.000169082 0.00014792

0.000169082 0.00014792
0.000169133 0.000148645

0.000169133 0.000148645
0.000169183 0.00014937

0.000169183 0.00014937
0.00016923 0.000150095

0.00016923 0.000150095
0.000169277 0.00015082

0.000169277 0.00015082
0.000169321 0.000151545

0.000169321 0.000151545
0.000169364 0.000152271

0.000169364 0.000152271
0.000169405 0.000152996

0.000169405 0.000152996
0.000169445 0.000153721

0.000169445 0.000153721
0.000169483 0.000154446

0.000169483 0.000154446
0.000169521 0.000155171

0.00016952 0.000155171
0.000169556 0.000155896

0.000169556 0.000155896
0.000169591 0.000156621

0.000169591 0.000156621
0.000169625 0.000157345

0.000169625 0.000157346
0.000169657 0.000158071

0.000169657 0.000158071
0.000169689 0.000158796

0.000169689 0.000158796
0.00016972 0.000159521

0.00016972 0.000159521
0.00016975 0.000160247

0.00016975 0.000160247
0.00016978 0.000160972

0.00016978 0.000160972
0.00016981 0.000161697

0.00016981 0.000161697
0.000169838 0.000162422

0.000154784 0.000162422
0.000154869 0.000163147

0.000154869 0.000163147
0.000154955 0.000163872

0.000154955 0.000163872
0.00015504 0.000164597

0.00015504 0.000164597
0.000155123 0.000165297

0.000155123 0.000165297
0.000155126 0.000165322

0.000155126 0.000165322
0.000155211 0.000166047

0.000155211 0.000166047
0.000155298 0.000166772

0.000155298 0.000166772
0.000155384 0.000167498

0.000155384 0.000167498
0.00015547 0.000168223

0.00015547 0.000168223
0.000155556 0.000168948

0.000155556 0.000168948
0.000155643 0.000169673

0.000155643 0.000169673
0.00015573 0.000170398

0.00015573 0.000170398
0.000155816 0.000171123

0.000155816 0.000171123
0.000155848 0.000171384

0.000155848 0.000171384
0.000155903 0.000171848

0.000155904 0.000171848
0.000155991 0.000172573

0.000155991 0.000172573
0.000156078 0.000173298

0.000156078 0.000173298
0.000156166 0.000174023

0.000156166 0.000174023
0.000156253 0.000174749

0.000156253 0.000174749
0.000156341 0.000175474

0.000156341 0.000175474
0.000156429 0.000176199

0.000156429 0.000176199
0.000156517 0.000176924

0.000156516 0.000176924
0.000156573 0.000177387

0.000156573 0.000177387
0.000156605 0.000177649

0.000156605 0.000177649
0.000156693 0.000178374

0.000156693 0.000178374
0.000156782 0.000179099

0.000156782 0.000179099
0.00015687 0.000179824

0.00015687 0.000179824
0.000156959 0.000180549

0.000156959 0.000180549
0.000157048 0.000181274

0.000157048 0.000181274
0.000157136 0.000182

0.000157136 0.000182
0.000157225 0.000182725

0.000157225 0.000182725
0.000157298 0.000183314

0.000157298 0.000183314
0.000157315 0.00018345

0.000157315 0.00018345
0.000157404 0.000184175

0.000157404 0.000184175
0.000157494 0.0001849

0.000157494 0.0001849
0.000157584 0.000185625

0.000169838 0.000162422
0.000169867 0.000163147

0.000169867 0.000163147
0.000169895 0.000163872

0.000169895 0.000163872
0.000169922 0.000164597

0.000169922 0.000164597
0.000169949 0.000165322

0.000169949 0.000165322
0.000169976 0.000166047

0.000169976 0.000166047
0.000170003 0.000166772

0.000170003 0.000166772
0.000170029 0.000167498

0.000170029 0.000167498
0.000170055 0.000168223

0.000170055 0.000168223
0.00017008 0.000168948

0.00017008 0.000168948
0.000170106 0.000169673

0.000170106 0.000169673
0.000170131 0.000170398

0.000170131 0.000170398
0.000170156 0.000171123

0.000170156 0.000171123
0.00017018 0.000171848

0.00017018 0.000171848
0.000170205 0.000172573

0.000170205 0.000172573
0.00017023 0.000173298

0.00017023 0.000173298
0.000170254 0.000174023

0.000170254 0.000174023
0.000170278 0.000174749

0.000170278 0.000174749
0.000170303 0.000175474

0.000170303 0.000175474
0.000170327 0.000176199

0.000170327 0.000176199
0.00017035 0.000176874

0.00017035 0.000176874
0.000170351 0.000176924

0.000170351 0.000176924
0.000170376 0.000177649

0.000170376 0.000177649
0.0001704 0.000178374

0.0001704 0.000178374
0.000170425 0.000179099

0.000170425 0.000179099
0.000170449 0.000179824

0.000170449 0.000179824
0.000170474 0.000180549

0.000170474 0.000180549
0.000170499 0.000181274

0.000170499 0.000181274
0.000170524 0.000182

0.000170524 0.000182
0.00017055 0.000182725

0.00017055 0.000182725
0.000170576 0.00018345

0.000170576 0.00018345
0.000170602 0.000184175

0.000170602 0.000184175
0.000170629 0.0001849

0.000170629 0.0001849
0.000170656 0.000185625

0.000157584 0.000185625
0.000157674 0.00018635

0.000157674 0.00018635
0.000157764 0.000187075

0.000157764 0.000187075
0.000157854 0.0001878

0.000157854 0.0001878
0.000157944 0.000188525

0.000157944 0.000188525
0.000158023 0.000189161

0.000158023 0.000189162
0.000158034 0.00018925

0.000158034 0.00018925
0.000158125 0.000189976

0.000158125 0.000189976
0.000158216 0.000190701

0.000158216 0.000190701
0.000158307 0.000191426

0.000158307 0.000191426
0.000158399 0.000192151

0.000158399 0.000192151
0.00015849 0.000192876

0.00015849 0.000192876
0.000158582 0.000193601

0.000158582 0.000193601
0.000158674 0.000194326

0.000158674 0.000194326
0.000158748 0.000194906

0.000158748 0.000194906
0.000158767 0.000195051

0.000158767 0.000195051
0.00015886 0.000195776

0.00015886 0.000195776
0.000158953 0.000196501

0.000158953 0.000196501
0.000159046 0.000197227

0.000159046 0.000197227
0.00015914 0.000197952

0.00015914 0.000197952
0.000159234 0.000198677

0.000159234 0.000198677
0.000159328 0.000199402

0.000159328 0.000199402
0.000159423 0.000200127

0.000159423 0.000200127
0.000159473 0.000200513

0.000159473 0.000200513
0.000159518 0.000200852

0.000159518 0.000200852
0.000159614 0.000201577

0.000159614 0.000201577
0.00015971 0.000202302

0.00015971 0.000202302
0.000159806 0.000203027

0.000159806 0.000203027
0.000159903 0.000203752

0.000159903 0.000203752
0.00016 0.000204478

0.00016 0.000204478
0.000160097 0.000205203

0.000160097 0.000205203
0.000160195 0.000205928

0.000160195 0.000205928
0.000160198 0.000205952

0.000160198 0.000205952
0.000160294 0.000206653

0.000160294 0.000206653
0.000160393 0.000207378

0.000160393 0.000207378
0.000160493 0.000208103

0.000160493 0.000208103
0.000160593 0.000208828

0.000170656 0.000185625
0.000170684 0.00018635

0.000170684 0.00018635
0.000170712 0.000187075

0.000170712 0.000187075
0.000170742 0.0001878

0.000170742 0.0001878
0.000170771 0.000188525

0.000170771 0.000188525
0.000170802 0.00018925

0.000170802 0.00018925
0.000170834 0.000189976

0.000170834 0.000189976
0.000170866 0.000190701

0.000170866 0.000190701
0.0001709 0.000191426

0.0001709 0.000191426
0.000170934 0.000192151

0.000170934 0.000192151
0.00017097 0.000192876

0.00017097 0.000192876
0.000171008 0.000193601

0.000171008 0.000193601
0.000171046 0.000194326

0.000171046 0.000194326
0.000171075 0.000194834

0.000171075 0.000194834
0.000171087 0.000195051

0.000171087 0.000195051
0.000171129 0.000195776

0.000171129 0.000195776
0.000171172 0.000196501

0.000171172 0.000196501
0.000171218 0.000197227

0.000171218 0.000197227
0.000171265 0.000197952

0.000171265 0.000197952
0.000171315 0.000198677

0.000171315 0.000198677
0.000171366 0.000199402

0.000171366 0.000199402
0.000171421 0.000200127

0.000171421 0.000200127
0.000171478 0.000200852

0.000171478 0.000200852
0.000171537 0.000201577

0.000171537 0.000201577
0.0001716 0.000202302

0.0001716 0.000202302
0.000171665 0.000203027

0.000171665 0.000203027
0.000171734 0.000203752

0.000171734 0.000203752
0.0001718 0.00020441

0.0001718 0.00020441
0.000171807 0.000204478

0.000171807 0.000204478
0.000171883 0.000205203

0.000171883 0.000205203
0.000171963 0.000205928

0.000171963 0.000205928
0.000172047 0.000206653

0.000172047 0.000206653
0.000172136 0.000207378

0.000172136 0.000207378
0.000172229 0.000208103

0.000172229 0.000208103
0.000172328 0.000208828

0.000160593 0.000208828
0.000160693 0.000209553

0.000160693 0.000209553
0.000160793 0.000210278

0.000160793 0.000210278
0.000160894 0.000211003

0.000160893 0.000211003
0.000160923 0.000211218

0.000160923 0.000211218
0.000160995 0.000211729

0.000160995 0.000211729
0.000161098 0.000212454

0.000161097 0.000212454
0.0001612 0.000213179

0.0001612 0.000213179
0.000161302 0.000213904

0.000161302 0.000213904
0.000161404 0.000214629

0.000161404 0.000214629
0.000161506 0.000215354

0.000161506 0.000215354
0.000161609 0.000216079

0.000161608 0.000216079
0.000161648 0.00021636

0.000161648 0.00021636
0.000161712 0.000216804

0.000161712 0.000216804
0.000161817 0.000217529

0.000161816 0.000217529
0.000161921 0.000218254

0.000161921 0.000218254
0.000162025 0.000218979

0.000162025 0.000218979
0.00016213 0.000219705

0.00016213 0.000219705
0.000162235 0.00022043

0.000172328 0.000208828
0.000172432 0.000209553

0.000172432 0.000209553
0.000172525 0.000210167

0.000172525 0.000210167
0.000172542 0.000210278

0.000172542 0.000210278
0.000172658 0.000211003

0.000172657 0.000211003
0.00017278 0.000211729

0.00017278 0.000211729
0.000172909 0.000212454

0.000172909 0.000212454
0.000173046 0.000213179

0.000173046 0.000213179
0.00017319 0.000213904

0.00017319 0.000213904
0.00017325 0.000214186

0.000162235 0.00022043
0.000162341 0.000221155

0.000162341 0.000221155
0.000162374 0.000221376

0.000162374 0.000221376
0.000162448 0.00022188

0.000162449 0.00022188
0.000162558 0.000222605

0.000162558 0.000222605
0.000162667 0.00022333

0.000162667 0.00022333
0.000162777 0.000224055

0.000162777 0.000224055
0.000162888 0.00022478

0.000162888 0.00022478
0.000163 0.000225505

0.000163 0.000225505
0.000163099 0.000226133

0.000163099 0.000226134
0.000163114 0.00022623

0.000163114 0.00022623
0.000163231 0.000226956

0.000163232 0.000226956
0.000163351 0.000227681

0.000163351 0.000227681
0.000163472 0.000228406

0.000163472 0.000228406
0.000163596 0.000229131

0.000163596 0.000229131
0.000163721 0.000229856

0.000163721 0.000229856
0.000163824 0.00023043

0.000163824 0.000230431
0.000163851 0.000230581

0.000163851 0.000230581
0.000163986 0.000231306

0.000163987 0.000231306
0.000164126 0.000232031

