0.000473369 0
0.00047337 7.25098e-07

0.00047337 7.25098e-07
0.000473372 1.4502e-06

0.000473372 1.4502e-06
0.000473376 2.17529e-06

0.000473376 2.17529e-06
0.000473382 2.90039e-06

0.000473382 2.90039e-06
0.000473389 3.62549e-06

0.000473389 3.62549e-06
0.000473398 4.35059e-06

0.000473398 4.35059e-06
0.000473409 5.07568e-06

0.000473409 5.07568e-06
0.000473421 5.80078e-06

0.000473421 5.80078e-06
0.000473435 6.52588e-06

0.000473435 6.52588e-06
0.00047344 6.80898e-06

0.00047344 6.80886e-06
0.00047345 7.25098e-06

0.00047345 7.25098e-06
0.000473466 7.97607e-06

0.000473466 7.97607e-06
0.000473481 8.70117e-06

0.000473481 8.70117e-06
0.000473498 9.42627e-06

0.000473498 9.42627e-06
0.000473514 1.01514e-05

0.000473514 1.01514e-05
0.000473531 1.08765e-05

0.000473531 1.08765e-05
0.000473548 1.16016e-05

0.000473548 1.16016e-05
0.000473566 1.23267e-05

0.000473566 1.23267e-05
0.000473585 1.30518e-05

0.000473585 1.30518e-05
0.000473604 1.37769e-05

0.000473604 1.37769e-05
0.000473625 1.4502e-05

0.000473625 1.4502e-05
0.000473646 1.52271e-05

0.000473646 1.52271e-05
0.000473669 1.59521e-05

0.000473669 1.59521e-05
0.000473692 1.66772e-05

0.000473692 1.66772e-05
0.000473717 1.74023e-05

0.000473717 1.74023e-05
0.000473743 1.81274e-05

0.000473743 1.81274e-05
0.00047377 1.88525e-05

0.00047377 1.88525e-05
0.000473798 1.95776e-05

0.000473798 1.95776e-05
0.000473827 2.03027e-05

0.000473827 2.03027e-05
0.000473858 2.10278e-05

0.000473858 2.10278e-05
0.00047389 2.17529e-05

0.00047389 2.17529e-05
0.000473923 2.2478e-05

0.000473923 2.2478e-05
0.000473957 2.32031e-05

0.000473957 2.32031e-05
0.000473992 2.39282e-05

0.000473992 2.39282e-05
0.000474028 2.46533e-05

0.000474028 2.46533e-05
0.000474066 2.53784e-05

0.000474066 2.53784e-05
0.000474105 2.61035e-05

0.000474105 2.61035e-05
0.000474145 2.68286e-05

0.000474145 2.68286e-05
0.000474166 2.71889e-05

0.000474166 2.71889e-05
0.000474186 2.75537e-05

0.000474186 2.75537e-05
0.000474229 2.82788e-05

0.000474229 2.82788e-05
0.000474273 2.90039e-05

0.000474273 2.90039e-05
0.000474318 2.9729e-05

0.000474318 2.9729e-05
0.000474365 3.04541e-05

0.000474365 3.04541e-05
0.000474412 3.11792e-05

0.000474412 3.11792e-05
0.000474462 3.19043e-05

0.000474462 3.19043e-05
0.000474512 3.26294e-05

0.000474512 3.26294e-05
0.000474564 3.33545e-05

0.000474564 3.33545e-05
0.000474617 3.40796e-05

0.000474617 3.40796e-05
0.000474672 3.48047e-05

0.000474672 3.48047e-05
0.000474728 3.55298e-05

0.000474728 3.55298e-05
0.000474785 3.62549e-05

0.000474785 3.62549e-05
0.000474844 3.698e-05

0.000474844 3.698e-05
0.000474891 3.75415e-05

0.00048193 0
0.000481931 7.25098e-07

0.000481931 7.25098e-07
0.000481934 1.4502e-06

0.000481934 1.4502e-06
0.000481944 2.90039e-06

0.000481944 2.90039e-06
0.000481958 4.35059e-06

0.000481958 4.35059e-06
0.000481976 5.80078e-06

0.000481976 5.80078e-06
0.000481995 7.25098e-06

0.000481995 7.25098e-06
0.000482016 8.70117e-06

0.000482015 8.70117e-06
0.000482038 1.01514e-05

0.000482038 1.01514e-05
0.000482062 1.16016e-05

0.000482062 1.16016e-05
0.00048209 1.30518e-05

0.00048209 1.30518e-05
0.000482123 1.4502e-05

0.000482123 1.4502e-05
0.000482142 1.52364e-05

0.000482138 1.59521e-05
0.000482142 1.6095e-05

0.000482142 1.52323e-05
0.00048216 1.59521e-05

0.00048216 1.59521e-05
0.00048218 1.66772e-05

0.00048218 1.66772e-05
0.000482201 1.74023e-05

0.000482141 1.74023e-05
0.000482142 1.74225e-05

0.0004822 1.74023e-05
0.000482222 1.81274e-05

0.000482223 1.81274e-05
0.000482246 1.88525e-05

0.000482246 1.88525e-05
0.00048227 1.95776e-05

0.000482271 1.95776e-05
0.000482297 2.03027e-05

0.000482296 2.03027e-05
0.000482323 2.10278e-05

0.000482323 2.10278e-05
0.000482351 2.17529e-05

0.000482351 2.17529e-05
0.00048238 2.2478e-05

0.000482381 2.2478e-05
0.000482411 2.32031e-05

0.000482411 2.32031e-05
0.000482443 2.39282e-05

0.000482443 2.39282e-05
0.000482476 2.46533e-05

0.000482476 2.46533e-05
0.00048251 2.53784e-05

0.000482511 2.53784e-05
0.000482547 2.61035e-05

0.000482546 2.61035e-05
0.000482583 2.68286e-05

0.000482584 2.68286e-05
0.000482622 2.75537e-05

0.000482622 2.75537e-05
0.000482661 2.82788e-05

0.000482662 2.82788e-05
0.000482703 2.90039e-05

0.000482702 2.90039e-05
0.000482744 2.9729e-05

0.000482745 2.9729e-05
0.000482788 3.04541e-05

0.000482788 3.04541e-05
0.000482833 3.11792e-05

0.000482833 3.11792e-05
0.000482867 3.17094e-05

0.000482867 3.17093e-05
0.000482879 3.19043e-05

0.000482879 3.19043e-05
0.000482926 3.26294e-05

0.000482926 3.26294e-05
0.000482975 3.33545e-05

0.000482975 3.33545e-05
0.000483025 3.40796e-05

0.000483025 3.40796e-05
0.000483077 3.48047e-05

0.000474891 3.75415e-05
0.000474904 3.77051e-05

0.000474904 3.77051e-05
0.000474966 3.84302e-05

0.000474966 3.84302e-05
0.000475029 3.91553e-05

0.000475029 3.91553e-05
0.000475093 3.98804e-05

0.000475093 3.98804e-05
0.000475159 4.06055e-05

0.000475159 4.06055e-05
0.000475227 4.13306e-05

0.000475227 4.13306e-05
0.000475295 4.20557e-05

0.000475295 4.20557e-05
0.000475366 4.27808e-05

0.000475366 4.27808e-05
0.000475437 4.35059e-05

0.000475437 4.35059e-05
0.000475511 4.4231e-05

0.000475511 4.4231e-05
0.000475585 4.49561e-05

0.000475585 4.49561e-05
0.000475616 4.52447e-05

0.000475616 4.52446e-05
0.000475662 4.56812e-05

0.000475662 4.56812e-05
0.000475739 4.64062e-05

0.000483076 3.48047e-05
0.000483129 3.55298e-05

0.000483129 3.55298e-05
0.000483183 3.62549e-05

0.000483183 3.62549e-05
0.000483239 3.698e-05

0.000483239 3.698e-05
0.000483296 3.77051e-05

0.000483296 3.77051e-05
0.000483354 3.84302e-05

0.000483354 3.84302e-05
0.000483414 3.91553e-05

0.000483414 3.91553e-05
0.000483475 3.98804e-05

0.000483476 3.98804e-05
0.000483539 4.06055e-05

0.000483538 4.06055e-05
0.000483592 4.12085e-05

0.000483592 4.12084e-05
0.000483603 4.13306e-05

0.000483603 4.13306e-05
0.000483669 4.20557e-05

0.000483669 4.20557e-05
0.000483736 4.27808e-05

0.000483736 4.27808e-05
0.000483806 4.35059e-05

0.000483806 4.35059e-05
0.000483877 4.4231e-05

0.000483877 4.4231e-05
0.000483949 4.49561e-05

0.000483949 4.49561e-05
0.000484024 4.56812e-05

0.000484024 4.56812e-05
0.0004841 4.64062e-05

0.00047574 4.64062e-05
0.000475819 4.71313e-05

0.000475819 4.71313e-05
0.0004759 4.78564e-05

0.0004759 4.78564e-05
0.000475982 4.85815e-05

0.000475982 4.85815e-05
0.000476067 4.93066e-05

0.000476067 4.93066e-05
0.000476153 5.00317e-05

0.000476153 5.00317e-05
0.00047624 5.07568e-05

0.00047624 5.07568e-05
0.000476329 5.14819e-05

0.000476329 5.14819e-05
0.000476341 5.15757e-05

0.000476341 5.15756e-05
0.00047642 5.2207e-05

0.00047642 5.2207e-05
0.000476513 5.29321e-05

0.000476513 5.29321e-05
0.000476607 5.36572e-05

0.000476607 5.36572e-05
0.000476703 5.43823e-05

0.000476703 5.43823e-05
0.000476802 5.51074e-05

0.000476802 5.51074e-05
0.000476902 5.58325e-05

0.000476902 5.58325e-05
0.000477004 5.65576e-05

0.000477004 5.65576e-05
0.000477066 5.69921e-05

0.000477066 5.69921e-05
0.000477108 5.72827e-05

0.000477108 5.72827e-05
0.000477214 5.80078e-05

0.0004841 4.64062e-05
0.000484178 4.71313e-05

0.000484178 4.71313e-05
0.000484258 4.78564e-05

0.000484258 4.78564e-05
0.000484317 4.83784e-05

0.000484317 4.83783e-05
0.00048434 4.85815e-05

0.00048434 4.85815e-05
0.000484424 4.93066e-05

0.000484424 4.93066e-05
0.000484509 5.00317e-05

0.000484509 5.00317e-05
0.000484597 5.07568e-05

0.000484597 5.07568e-05
0.000484686 5.14819e-05

0.000484686 5.14819e-05
0.000484778 5.2207e-05

0.000484778 5.2207e-05
0.000484872 5.29321e-05

0.000484872 5.29321e-05
0.000484968 5.36572e-05

0.000484967 5.36572e-05
0.000485042 5.42095e-05

0.000485042 5.42057e-05
0.000485066 5.43823e-05

0.000485066 5.43823e-05
0.000485166 5.51074e-05

0.000485165 5.51074e-05
0.000485268 5.58325e-05

0.000485268 5.58325e-05
0.000485373 5.65576e-05

0.000485372 5.65576e-05
0.000485479 5.72827e-05

0.000485479 5.72827e-05
0.000485588 5.80078e-05

0.000477214 5.80078e-05
0.000477322 5.87329e-05

0.000477322 5.87329e-05
0.000477432 5.9458e-05

0.000477432 5.9458e-05
0.000477545 6.01831e-05

0.000477545 6.01831e-05
0.00047766 6.09082e-05

0.00047766 6.09082e-05
0.000477777 6.16333e-05

0.000477777 6.16333e-05
0.000477791 6.17169e-05

0.000477791 6.17168e-05
0.000477897 6.23584e-05

0.000477897 6.23584e-05
0.000478019 6.30835e-05

0.000478019 6.30835e-05
0.000478144 6.38086e-05

0.000478144 6.38086e-05
0.000478272 6.45337e-05

0.000478271 6.45337e-05
0.000478402 6.52588e-05

0.000478402 6.52588e-05
0.000478516 6.58841e-05

0.000478516 6.58841e-05
0.000478534 6.59839e-05

0.000478534 6.59839e-05
0.00047867 6.6709e-05

0.00047867 6.6709e-05
0.000478809 6.74341e-05

0.000478809 6.74341e-05
0.000478951 6.81592e-05

0.000478951 6.81592e-05
0.000479095 6.88843e-05

0.000479095 6.88843e-05
0.000479241 6.96003e-05

0.000479241 6.96003e-05
0.000479243 6.96094e-05

0.000485588 5.80078e-05
0.000485699 5.87329e-05

0.000485699 5.87329e-05
0.000485767 5.91652e-05

0.000485767 5.91652e-05
0.000485813 5.9458e-05

0.000485812 5.9458e-05
0.000485928 6.01831e-05

0.000485929 6.01831e-05
0.000486047 6.09082e-05

0.000486046 6.09082e-05
0.000486167 6.16333e-05

0.000486167 6.16333e-05
0.00048629 6.23584e-05

0.000486289 6.23584e-05
0.000486414 6.30835e-05

0.000486415 6.30835e-05
0.000486492 6.35253e-05

0.000486492 6.35253e-05
0.000486542 6.38086e-05

0.000486542 6.38086e-05
0.000486671 6.45337e-05

0.000486672 6.45337e-05
0.000486804 6.52588e-05

0.000486804 6.52588e-05
0.000486938 6.59839e-05

0.000486939 6.59839e-05
0.000487076 6.6709e-05

0.000487076 6.6709e-05
0.000487215 6.74341e-05

0.000487215 6.74341e-05
0.000487217 6.74445e-05

0.000487217 6.74444e-05
0.000487357 6.81592e-05

0.000487357 6.81592e-05
0.000487502 6.88843e-05

0.000487503 6.88843e-05
0.00048765 6.96094e-05

0.000479243 6.96094e-05
0.000479394 7.03345e-05

0.000479394 7.03345e-05
0.000479549 7.10596e-05

0.000479549 7.10596e-05
0.000479706 7.17847e-05

0.000479706 7.17847e-05
0.000479867 7.25098e-05

0.000479867 7.25098e-05
0.000479966 7.29465e-05

0.000479966 7.29465e-05
0.000480032 7.32349e-05

0.000480032 7.32349e-05
0.0004802 7.396e-05

0.0004802 7.396e-05
0.000480371 7.46851e-05

0.000480371 7.46851e-05
0.000480546 7.54102e-05

0.000480546 7.54102e-05
0.000480691 7.59999e-05

0.000480691 7.59999e-05
0.000480725 7.61353e-05

0.000480725 7.61353e-05
0.000480907 7.68604e-05

0.000480907 7.68604e-05
0.000481093 7.75854e-05

0.000481093 7.75854e-05
0.000481283 7.83105e-05

0.000481283 7.83105e-05
0.000481417 7.88128e-05

0.000481417 7.88128e-05
0.000481476 7.90356e-05

0.000481476 7.90356e-05
0.000481673 7.97607e-05

0.000481673 7.97607e-05
0.000481874 8.04858e-05

0.000481874 8.04858e-05
0.000482079 8.12109e-05

0.000482079 8.12109e-05
0.000482142 8.143e-05

0.000482142 8.143e-05
0.000482287 8.1936e-05

0.000482287 8.1936e-05
0.0004825 8.26611e-05

0.0004825 8.26611e-05
0.000482716 8.33862e-05

0.000482716 8.33862e-05
0.000482867 8.38849e-05

0.000482867 8.38849e-05
0.000482935 8.41113e-05

0.000482935 8.41113e-05
0.000483159 8.48364e-05

0.000483159 8.48364e-05
0.000483386 8.55615e-05

0.000483386 8.55615e-05
0.000483592 8.62073e-05

0.000483592 8.62073e-05
0.000483617 8.62866e-05

0.000483617 8.62866e-05
0.000483851 8.70117e-05

0.000483852 8.70117e-05
0.00048409 8.77368e-05

0.00048409 8.77368e-05
0.000484317 8.84191e-05

0.000484317 8.84191e-05
0.000484331 8.84619e-05

0.000484331 8.84619e-05
0.000484576 8.9187e-05

0.000484576 8.9187e-05
0.000484825 8.99121e-05

0.000484825 8.99121e-05
0.000485042 9.05378e-05

0.000485042 9.05379e-05
0.000485076 9.06372e-05

0.000485077 9.06372e-05
0.000485332 9.13623e-05

0.000485332 9.13623e-05
0.00048559 9.20874e-05

0.00048559 9.20874e-05
0.000485767 9.25783e-05

0.000485767 9.25783e-05
0.000485852 9.28125e-05

0.00048765 6.96094e-05
0.0004878 7.03345e-05

0.0004878 7.03345e-05
0.000487942 7.10094e-05

0.00048794 7.10596e-05
0.000487942 7.10728e-05

0.000487942 7.10094e-05
0.000487953 7.10596e-05

0.000487952 7.10596e-05
0.000488108 7.17847e-05

0.000488109 7.17847e-05
0.000488268 7.25098e-05

0.000488268 7.25098e-05
0.000488429 7.32349e-05

0.000488429 7.32349e-05
0.000488593 7.396e-05

0.000488592 7.396e-05
0.000488667 7.42855e-05

0.000488667 7.42854e-05
0.00048876 7.46851e-05

0.00048876 7.46851e-05
0.00048893 7.54102e-05

0.00048893 7.54102e-05
0.000489102 7.61353e-05

0.000489102 7.61353e-05
0.000489277 7.68604e-05

0.000489277 7.68604e-05
0.000489393 7.73293e-05

0.000489393 7.73292e-05
0.000489456 7.75854e-05

0.000489456 7.75854e-05
0.000489637 7.83105e-05

0.000489637 7.83105e-05
0.000489821 7.90356e-05

0.000489821 7.90356e-05
0.000490007 7.97607e-05

0.000490007 7.97607e-05
0.000490118 8.01827e-05

0.000490118 8.01827e-05
0.000490197 8.04858e-05

0.000490197 8.04858e-05
0.00049039 8.12109e-05

0.000490389 8.12109e-05
0.000490584 8.1936e-05

0.000490585 8.1936e-05
0.000490782 8.26611e-05

0.000490781 8.26611e-05
0.000490843 8.28826e-05

0.000490843 8.28791e-05
0.000490983 8.33862e-05

0.000490984 8.33862e-05
0.000491188 8.41113e-05

0.000491187 8.41113e-05
0.000491394 8.48364e-05

0.000491394 8.48364e-05
0.000491568 8.54398e-05

0.000491568 8.54398e-05
0.000491603 8.55615e-05

0.000491603 8.55615e-05
0.000491815 8.62866e-05

0.000491816 8.62866e-05
0.00049203 8.70117e-05

0.00049203 8.70117e-05
0.000492248 8.77368e-05

0.000492248 8.77368e-05
0.000492293 8.7886e-05

0.000492293 8.78859e-05
0.000492468 8.84619e-05

0.000492468 8.84619e-05
0.000492691 8.9187e-05

0.000492691 8.9187e-05
0.000492917 8.99121e-05

0.000492917 8.99121e-05
0.000493018 9.02337e-05

0.000493018 9.02337e-05
0.000493145 9.06372e-05

0.000493145 9.06372e-05
0.000493376 9.13623e-05

0.000493376 9.13623e-05
0.00049361 9.20874e-05

0.00049361 9.20874e-05
0.000493743 9.24965e-05

0.000493743 9.24964e-05
0.000493846 9.28125e-05

0.000485852 9.28125e-05
0.000486117 9.35376e-05

0.000486117 9.35376e-05
0.000486384 9.42627e-05

0.000486384 9.42627e-05
0.000486492 9.45524e-05

0.000486492 9.45523e-05
0.000486655 9.49878e-05

0.000486655 9.49878e-05
0.000486929 9.57129e-05

0.000486928 9.57129e-05
0.000487205 9.6438e-05

0.000487205 9.6438e-05
0.000487217 9.64707e-05

0.000487217 9.64704e-05
0.000487484 9.71631e-05

0.000487484 9.71631e-05
0.000487766 9.78882e-05

0.000487766 9.78882e-05
0.000487942 9.8338e-05

0.000487942 9.8338e-05
0.00048805 9.86133e-05

0.000488051 9.86133e-05
0.000488338 9.93384e-05

0.000488338 9.93384e-05
0.000488627 0.000100063

0.000488627 0.000100063
0.000488667 0.000100164

0.000488667 0.000100164
0.000488919 0.000100789

0.000488919 0.000100789
0.000489213 0.000101514

0.000489213 0.000101514
0.000489393 0.000101952

0.000489393 0.000101952
0.00048951 0.000102239

0.00048951 0.000102239
0.000489809 0.000102964

0.000489809 0.000102964
0.000490109 0.000103689

0.000490109 0.000103689
0.000490118 0.000103709

0.000490118 0.000103709
0.000490412 0.000104414

0.000493846 9.28125e-05
0.000494085 9.35376e-05

0.000494085 9.35376e-05
0.000494326 9.42627e-05

0.000494326 9.42627e-05
0.000494468 9.46867e-05

0.000494468 9.46866e-05
0.00049457 9.49878e-05

0.00049457 9.49878e-05
0.000494816 9.57129e-05

0.000494816 9.57129e-05
0.000495064 9.6438e-05

0.000495064 9.6438e-05
0.000495193 9.68119e-05

0.000495193 9.68118e-05
0.000495315 9.71631e-05

0.000495315 9.71631e-05
0.000495568 9.78882e-05

0.000495568 9.78882e-05
0.000495823 9.86133e-05

0.000495823 9.86133e-05
0.000495918 9.88812e-05

0.000495918 9.88812e-05
0.000496081 9.93384e-05

0.000496081 9.93384e-05
0.000496341 0.000100063

0.000496341 0.000100063
0.000496603 0.000100789

0.000496603 0.000100789
0.000496644 0.000100901

0.000496644 0.000100901
0.000496867 0.000101514

0.000496867 0.000101514
0.000497133 0.000102239

0.000497133 0.000102239
0.000497369 0.000102877

0.000497369 0.000102877
0.000497401 0.000102964

0.000497401 0.000102964
0.000497671 0.000103689

0.000497671 0.000103689
0.000497943 0.000104414

0.000490413 0.000104414
0.000490717 0.000105139

0.000490717 0.000105139
0.000490843 0.000105436

0.000490843 0.000105436
0.000491024 0.000105864

0.000491024 0.000105864
0.000491333 0.000106589

0.000491333 0.000106589
0.000491568 0.000107138

0.000491568 0.000107138
0.000491643 0.000107314

0.000491644 0.000107314
0.000491956 0.00010804

0.000491956 0.00010804
0.00049227 0.000108765

0.00049227 0.000108765
0.000492293 0.000108817

0.000492293 0.000108816
0.000492586 0.00010949

0.000492586 0.00010949
0.000492904 0.000110215

0.000497943 0.000104414
0.000498094 0.000104814

0.000492904 0.000110215
0.000493018 0.000110474

0.000493018 0.000110474
0.000493224 0.00011094

0.000493224 0.00011094
0.000493545 0.000111665

0.000493545 0.000111665
0.000493743 0.000112111

0.000493743 0.000112111
0.000493867 0.00011239

0.000493867 0.00011239
0.000494192 0.000113115

0.000494192 0.000113115
0.000494468 0.00011373

0.000494468 0.00011373
0.000494518 0.00011384

0.000494518 0.00011384
0.000494845 0.000114565

0.000494845 0.000114565
0.000495174 0.000115291

0.000495173 0.000115291
0.000495193 0.000115334

0.000495193 0.000115334
0.000495504 0.000116016

0.000495504 0.000116016
0.000495836 0.000116741

0.000495836 0.000116741
0.000495918 0.000116921

0.000495918 0.000116921
0.000496169 0.000117466

0.000496169 0.000117466
0.000496503 0.000118191

0.000496503 0.000118191
0.000496644 0.000118495

0.000496644 0.000118495
0.000496838 0.000118916

0.000496839 0.000118916
0.000497175 0.000119641

0.000497175 0.000119641
0.000497369 0.000120056

0.000497369 0.000120056
0.000497513 0.000120366

0.000497514 0.000120366
0.000497853 0.000121091

0.000497852 0.000121091
0.000498094 0.000121606

0.000498094 0.000104814
0.000498217 0.000105139

0.000498217 0.000105139
0.000498493 0.000105864

0.000498493 0.000105864
0.000498771 0.000106589

0.000498771 0.000106589
0.000498819 0.000106714

0.000498819 0.000106714
0.000499051 0.000107314

0.000499051 0.000107314
0.000499333 0.00010804

0.000499333 0.00010804
0.000499544 0.000108579

0.000499544 0.000108579
0.000499616 0.000108765

0.000499617 0.000108765
0.000499902 0.00010949

0.000499902 0.00010949
0.00050019 0.000110215

0.00050019 0.000110215
0.000500269 0.000110414

0.000500269 0.000110414
0.000500479 0.00011094

0.000500479 0.00011094
0.00050077 0.000111665

0.00050077 0.000111665
0.000500994 0.00011222

0.000500994 0.00011222
0.000501063 0.00011239

0.000501063 0.00011239
0.000501358 0.000113115

0.000501358 0.000113115
0.000501654 0.00011384

0.000501654 0.00011384
0.000501719 0.000113999

0.000501719 0.000113999
0.000501952 0.000114565

0.000501952 0.000114565
0.000502251 0.000115291

0.000502251 0.000115291
0.000502444 0.000115756

0.000502444 0.000115755
0.000502552 0.000116016

0.000498094 0.000121606
0.000498193 0.000121816

0.000502552 0.000116016
0.000502855 0.000116741

0.000502855 0.000116741
0.000503159 0.000117466

0.000503159 0.000117466
0.000503169 0.000117491

0.000503169 0.00011749
0.000503465 0.000118191

0.000503465 0.000118191
0.000503771 0.000118916

0.000503771 0.000118916
0.000503895 0.000119205

0.000498193 0.000121816
0.000498535 0.000122542

0.000498535 0.000122542
0.000498819 0.000123143

0.000498819 0.000123143
0.000498877 0.000123267

0.000498877 0.000123267
0.000499221 0.000123992

0.000499221 0.000123992
0.000499544 0.000124671

0.000499544 0.000124671
0.000499566 0.000124717

0.000499566 0.000124717
0.000499912 0.000125442

0.000499912 0.000125442
0.00050026 0.000126167

0.000500259 0.000126167
0.000500269 0.000126187

0.000500269 0.000126187
0.000500608 0.000126892

0.000500608 0.000126892
0.000500958 0.000127617

0.000503895 0.000119205
0.00050408 0.000119641

0.00050408 0.000119641
0.000504389 0.000120366

0.000504389 0.000120366
0.00050462 0.000120903

0.00050462 0.000120903
0.0005047 0.000121091

0.0005047 0.000121091
0.000505013 0.000121816

0.000505013 0.000121816
0.000505326 0.000122542

0.000505326 0.000122542
0.000505345 0.000122584

0.000505345 0.000122584
0.000505641 0.000123267

0.000505641 0.000123267
0.000505957 0.000123992

0.000505957 0.000123992
0.00050607 0.000124249

0.00050607 0.000124249
0.000506274 0.000124717

0.000506274 0.000124717
0.000506593 0.000125442

0.000506593 0.000125442
0.000506795 0.0001259

0.000506795 0.0001259
0.000506913 0.000126167

0.000506913 0.000126167
0.000507233 0.000126892

0.000507233 0.000126892
0.00050752 0.000127537

0.00050752 0.000127537
0.000507555 0.000127617

0.000500957 0.000127617
0.000500994 0.000127694

0.000500994 0.000127693
0.000501308 0.000128342

0.000501308 0.000128342
0.000501659 0.000129067

0.000501659 0.000129067
0.000501719 0.000129192

0.000501719 0.000129192
0.000502011 0.000129792

0.000502011 0.000129792
0.000502364 0.000130518

0.000502364 0.000130518
0.000502444 0.000130683

0.000502444 0.000130683
0.000502717 0.000131243

0.000502718 0.000131243
0.000503072 0.000131968

0.000503072 0.000131968
0.000503169 0.000132167

0.000503169 0.000132167
0.000503427 0.000132693

0.000503427 0.000132693
0.000503783 0.000133418

0.000503783 0.000133418
0.000503895 0.000133645

0.000507555 0.000127617
0.000507879 0.000128342

0.000507879 0.000128342
0.000508203 0.000129067

0.000508203 0.000129067
0.000508245 0.000129161

0.000508245 0.000129161
0.000508528 0.000129792

0.000508528 0.000129792
0.000508855 0.000130518

0.000508855 0.000130518
0.00050897 0.000130773

0.00050897 0.000130773
0.000509182 0.000131243

0.000509182 0.000131243
0.000509511 0.000131968

0.000509511 0.000131968
0.000509695 0.000132374

0.000503895 0.000133645
0.00050414 0.000134143

0.00050414 0.000134143
0.000504497 0.000134868

0.000504497 0.000134868
0.00050462 0.000135116

0.00050462 0.000135116
0.000504855 0.000135593

0.000504856 0.000135593
0.000505214 0.000136318

0.000505214 0.000136318
0.000505345 0.000136582

0.000505345 0.000136582
0.000505573 0.000137043

0.000505574 0.000137043
0.000505934 0.000137769

0.000505934 0.000137769
0.00050607 0.000138042

0.00050607 0.000138042
0.000506295 0.000138494

0.000506295 0.000138494
0.000506656 0.000139219

0.000509695 0.000132374
0.00050984 0.000132693

0.00050984 0.000132693
0.000510171 0.000133418

0.000510171 0.000133418
0.00051042 0.000133964

0.00051042 0.000133964
0.000510502 0.000134143

0.000510502 0.000134143
0.000510835 0.000134868

0.000510835 0.000134868
0.000511146 0.000135544

0.000511146 0.000135544
0.000511168 0.000135593

0.000511168 0.000135593
0.000511502 0.000136318

0.000511502 0.000136318
0.000511838 0.000137043

0.000511838 0.000137043
0.000511871 0.000137114

0.000511871 0.000137114
0.000512174 0.000137769

0.000512174 0.000137769
0.000512511 0.000138494

0.000512511 0.000138494
0.000512596 0.000138675

0.000512596 0.000138675
0.000512849 0.000139219

0.000506656 0.000139219
0.000506795 0.000139497

0.000506795 0.000139496
0.000507019 0.000139944

0.000507019 0.000139944
0.000507382 0.000140669

0.000507381 0.000140669
0.00050752 0.000140945

0.00050752 0.000140945
0.000507745 0.000141394

0.000507746 0.000141394
0.00050811 0.000142119

0.00050811 0.000142119
0.000508245 0.000142388

0.000508245 0.000142388
0.000508475 0.000142844

0.000508475 0.000142844
0.000508841 0.000143569

0.000508841 0.000143569
0.00050897 0.000143826

0.00050897 0.000143826
0.000509207 0.000144294

0.000509207 0.000144294
0.000509575 0.00014502

0.000509574 0.00014502
0.000509695 0.000145258

0.000512849 0.000139219
0.000513188 0.000139944

0.000513188 0.000139944
0.000513321 0.000140227

0.000513321 0.000140227
0.000513528 0.000140669

0.000513528 0.000140669
0.000513869 0.000141394

0.000513869 0.000141394
0.000514046 0.00014177

0.000514046 0.00014177
0.000514211 0.000142119

0.000514211 0.000142119
0.000514553 0.000142844

0.000514553 0.000142844
0.000514771 0.000143304

0.000514771 0.000143304
0.000514897 0.000143569

0.000514897 0.000143569
0.000515241 0.000144294

0.000515241 0.000144294
0.000515496 0.00014483

0.000509695 0.000145258
0.000509942 0.000145745

0.000509942 0.000145745
0.000510311 0.00014647

0.00051031 0.00014647
0.00051042 0.000146686

0.00051042 0.000146685
0.00051068 0.000147195

0.00051068 0.000147195
0.00051105 0.00014792

0.000511049 0.00014792
0.000511146 0.000148108

0.000511146 0.000148108
0.00051142 0.000148645

0.00051142 0.000148645
0.000511791 0.00014937

0.000511791 0.00014937
0.000511871 0.000149525

0.000511871 0.000149525
0.000512163 0.000150095

0.000512163 0.000150095
0.000512536 0.00015082

0.000515496 0.00014483
0.000515586 0.00014502

0.000515586 0.00014502
0.000515932 0.000145745

0.000515932 0.000145745
0.000516221 0.000146349

0.000516221 0.000146349
0.000516279 0.00014647

0.000516279 0.00014647
0.000516627 0.000147195

0.000516627 0.000147195
0.000516946 0.00014786

0.000516946 0.00014786
0.000516975 0.00014792

0.000516975 0.00014792
0.000517325 0.000148645

0.000517325 0.000148645
0.000517671 0.000149363

0.000517671 0.000149363
0.000517675 0.00014937

0.000517675 0.00014937
0.000518026 0.000150095

0.000518026 0.000150095
0.000518378 0.00015082

0.000512535 0.00015082
0.000512596 0.000150938

0.000512596 0.000150938
0.000512908 0.000151545

0.000512908 0.000151545
0.000513282 0.000152271

0.000513282 0.000152271
0.000513321 0.000152346

0.000513321 0.000152346
0.000513656 0.000152996

0.000513656 0.000152996
0.000514031 0.000153721

0.000514031 0.000153721
0.000514046 0.00015375

0.000514046 0.000153749
0.000514407 0.000154446

0.000514407 0.000154446
0.000514771 0.000155148

0.000514771 0.000155148
0.000514783 0.000155171

0.000514783 0.000155171
0.00051516 0.000155896

0.00051516 0.000155896
0.000515496 0.000156542

0.000518378 0.00015082
0.000518396 0.000150859

0.000515496 0.000156542
0.000515537 0.000156621

0.000518396 0.000150859
0.000518731 0.000151545

0.000518731 0.000151545
0.000519084 0.000152271

0.000519084 0.000152271
0.000519122 0.000152347

0.000519122 0.000152347
0.000519438 0.000152996

0.000519438 0.000152996
0.000519793 0.000153721

0.000519793 0.000153721
0.000519847 0.000153829

0.000519847 0.000153829
0.000520149 0.000154446

0.000520149 0.000154446
0.000520506 0.000155171

0.000520506 0.000155171
0.000520572 0.000155304

0.000520572 0.000155304
0.000520864 0.000155896

0.000520864 0.000155896
0.000521222 0.000156621

0.000515537 0.000156621
0.000515915 0.000157346

0.000515915 0.000157346
0.000516221 0.000157933

0.000516221 0.000157933
0.000516294 0.000158071

0.000516294 0.000158071
0.000516673 0.000158796

0.000516673 0.000158796
0.000516946 0.000159318

0.000516946 0.000159318
0.000517053 0.000159521

0.000517053 0.000159521
0.000517434 0.000160247

0.000517433 0.000160247
0.000517671 0.000160699

0.000517671 0.000160699
0.000517815 0.000160972

0.000517815 0.000160972
0.000518197 0.000161697

0.000518196 0.000161697
0.000518396 0.000162076

0.000521222 0.000156621
0.000521297 0.000156772

0.000518396 0.000162076
0.000518579 0.000162422

0.000518579 0.000162422
0.000518963 0.000163147

0.000518962 0.000163147
0.000519122 0.000163448

0.000519122 0.000163447
0.000519347 0.000163872

0.000519347 0.000163872
0.000519732 0.000164597

0.000519731 0.000164597
0.000519847 0.000164815

0.000519847 0.000164814
0.000520117 0.000165322

0.000520117 0.000165322
0.000520503 0.000166047

0.000520503 0.000166047
0.000520572 0.000166177

0.000520572 0.000166176
0.00052089 0.000166772

0.00052089 0.000166772
0.000521278 0.000167498

0.000521278 0.000167498
0.000521297 0.000167534

0.000521297 0.000156772
0.000521581 0.000157346

0.000521581 0.000157346
0.000521941 0.000158071

0.000521941 0.000158071
0.000522022 0.000158233

0.000522022 0.000158233
0.000522302 0.000158796

0.000522302 0.000158796
0.000522664 0.000159521

0.000522664 0.000159521
0.000522747 0.000159688

0.000522747 0.000159688
0.000523026 0.000160247

0.000523026 0.000160247
0.00052339 0.000160972

0.00052339 0.000160972
0.000523472 0.000161136

0.000523472 0.000161136
0.000523754 0.000161697

0.000523754 0.000161697
0.000524119 0.000162422

0.000524119 0.000162422
0.000524197 0.000162576

0.000521297 0.000167533
0.000521666 0.000168223

0.000524197 0.000162576
0.000524485 0.000163147

0.000524485 0.000163147
0.000524852 0.000163872

0.000524852 0.000163872
0.000524922 0.00016401

0.000524922 0.00016401
0.00052522 0.000164597

0.00052522 0.000164597
0.000525589 0.000165322

0.000525589 0.000165322
0.000525647 0.000165437

0.000525647 0.000165437
0.000525959 0.000166047

0.000525958 0.000166047
0.000526329 0.000166772

0.000526329 0.000166772
0.000526373 0.000166857

0.000526373 0.000166857
0.000526701 0.000167498

0.000526701 0.000167498
0.000527074 0.000168223

0.000521667 0.000168223
0.000522022 0.000168884

0.000522022 0.000168884
0.000522056 0.000168948

0.000522056 0.000168948
0.000522446 0.000169673

0.000522446 0.000169673
0.000522747 0.000170231

0.000522747 0.000170231
0.000522837 0.000170398

0.000522837 0.000170398
0.000523229 0.000171123

0.000523229 0.000171123
0.000523472 0.000171571

0.000523472 0.000171571
0.000523622 0.000171848

0.000523623 0.000171848
0.000524016 0.000172573

0.000524016 0.000172573
0.000524197 0.000172906

0.000527074 0.000168223
0.000527098 0.000168269

0.000524197 0.000172906
0.000524411 0.000173298

0.000524411 0.000173298
0.000524807 0.000174023

0.000527098 0.000168269
0.000527447 0.000168948

0.000527447 0.000168948
0.000527822 0.000169673

0.000527822 0.000169673
0.000527823 0.000169674

0.000527823 0.000169674
0.000528198 0.000170398

0.000528198 0.000170398
0.000528548 0.000171072

0.000528548 0.000171072
0.000528575 0.000171123

0.000528575 0.000171123
0.000528953 0.000171848

0.000528953 0.000171848
0.000529273 0.000172461

0.000529273 0.000172461
0.000529332 0.000172573

0.000529332 0.000172573
0.000529712 0.000173298

0.000529712 0.000173298
0.000529998 0.000173842

0.000529998 0.000173842
0.000530093 0.000174023

0.000524807 0.000174023
0.000524922 0.000174235

0.000524922 0.000174234
0.000525204 0.000174749

0.000525204 0.000174749
0.000525602 0.000175474

0.000525602 0.000175474
0.000525647 0.000175557

0.000525647 0.000175557
0.000526001 0.000176199

0.000526001 0.000176199
0.000526373 0.000176872

0.000526373 0.000176872
0.000526401 0.000176924

0.000526401 0.000176924
0.000526802 0.000177649

0.000526802 0.000177649
0.000527098 0.000178182

0.000527098 0.000178182
0.000527204 0.000178374

0.000527204 0.000178374
0.000527608 0.000179099

0.000527608 0.000179099
0.000527823 0.000179485

0.000527823 0.000179484
0.000528012 0.000179824

0.000530093 0.000174023
0.000530476 0.000174749

0.000530476 0.000174749
0.000530723 0.000175216

0.000530723 0.000175216
0.00053086 0.000175474

0.00053086 0.000175474
0.000531245 0.000176199

0.000531245 0.000176199
0.000531448 0.000176581

0.000531448 0.000176581
0.000531631 0.000176924

0.000531631 0.000176924
0.000532018 0.000177649

0.000532018 0.000177649
0.000532173 0.000177938

0.000532173 0.000177938
0.000532407 0.000178374

0.000532407 0.000178374
0.000532797 0.000179099

0.000532797 0.000179099
0.000532898 0.000179286

0.000528013 0.000179824
0.000528419 0.000180549

0.000528418 0.000180549
0.000528548 0.00018078

0.000528548 0.00018078
0.000528826 0.000181274

0.000528826 0.000181274
0.000529234 0.000182

0.000529234 0.000182
0.000529273 0.000182069

0.000529273 0.000182068
0.000529644 0.000182725

0.000529644 0.000182725
0.000529998 0.000183349

0.000529998 0.000183349
0.000530055 0.00018345

0.000530055 0.00018345
0.000530468 0.000184175

0.000530468 0.000184175
0.000530723 0.000184622

0.000530723 0.000184622
0.000530882 0.0001849

0.000530882 0.0001849
0.000531298 0.000185625

0.000532898 0.000179286
0.000533189 0.000179824

0.000533189 0.000179824
0.000533582 0.000180549

0.000533582 0.000180549
0.000533624 0.000180626

0.000533624 0.000180626
0.000533976 0.000181274

0.000533976 0.000181274
0.000534349 0.000181957

0.000534349 0.000181957
0.000534372 0.000182

0.000534372 0.000182
0.000534769 0.000182725

0.000534769 0.000182725
0.000535074 0.000183278

0.000535074 0.000183278
0.000535168 0.00018345

0.000535168 0.00018345
0.000535568 0.000184175

0.000535568 0.000184175
0.000535799 0.000184591

0.000535799 0.000184591
0.00053597 0.0001849

0.00053597 0.0001849
0.000536373 0.000185625

0.000531297 0.000185625
0.000531448 0.000185887

0.000531448 0.000185887
0.000531715 0.00018635

0.000531715 0.00018635
0.000532134 0.000187075

0.000532133 0.000187075
0.000532173 0.000187145

0.000532173 0.000187144
0.000532554 0.0001878

0.000532554 0.0001878
0.000532898 0.000188392

0.000532898 0.000188392
0.000532976 0.000188525

0.000532976 0.000188525
0.000533399 0.00018925

0.000533399 0.00018925
0.000533624 0.000189633

0.000533624 0.000189633
0.000533825 0.000189976

0.000533825 0.000189976
0.000534252 0.000190701

0.000534251 0.000190701
0.000534349 0.000190865

0.000534349 0.000190865
0.000534681 0.000191426

0.000536373 0.000185625
0.000536524 0.000185895

0.000536524 0.000185895
0.000536778 0.00018635

0.000536778 0.00018635
0.000537185 0.000187075

0.000537185 0.000187075
0.000537249 0.000187189

0.000537249 0.000187189
0.000537593 0.0001878

0.000537593 0.0001878
0.000537974 0.000188474

0.000537974 0.000188474
0.000538003 0.000188525

0.000538003 0.000188525
0.000538415 0.00018925

0.000538415 0.00018925
0.000538699 0.000189748

0.000534681 0.000191426
0.000535074 0.000192087

0.000535074 0.000192087
0.000535111 0.000192151

0.000535111 0.000192151
0.000535544 0.000192876

0.000535544 0.000192876
0.000535799 0.000193302

0.000535799 0.000193301
0.000535978 0.000193601

0.000535979 0.000193601
0.000536415 0.000194326

0.000536415 0.000194326
0.000536524 0.000194507

0.000536524 0.000194507
0.000536853 0.000195051

0.000536853 0.000195051
0.000537249 0.000195703

0.000537249 0.000195702
0.000537293 0.000195776

0.000537294 0.000195776
0.000537736 0.000196501

0.000537736 0.000196501
0.000537974 0.000196889

0.000537974 0.000196889
0.000538181 0.000197227

0.000538699 0.000189748
0.000538829 0.000189976

0.000538829 0.000189976
0.000539244 0.000190701

0.000539244 0.000190701
0.000539424 0.000191013

0.000539424 0.000191013
0.000539662 0.000191426

0.000539662 0.000191426
0.000540081 0.000192151

0.000540081 0.000192151
0.000540149 0.000192269

0.000540149 0.000192269
0.000540502 0.000192876

0.000540502 0.000192876
0.000540875 0.000193514

0.000540875 0.000193514
0.000540925 0.000193601

0.000540925 0.000193601
0.00054135 0.000194326

0.00054135 0.000194326
0.0005416 0.000194749

0.0005416 0.000194749
0.000541777 0.000195051

0.000541777 0.000195051
0.000542207 0.000195776

0.000542207 0.000195776
0.000542325 0.000195975

0.000542325 0.000195975
0.000542638 0.000196501

0.000542638 0.000196501
0.00054305 0.00019719

0.00054305 0.00019719
0.000543071 0.000197227

0.000538181 0.000197227
0.000538628 0.000197952

0.000538628 0.000197952
0.000538699 0.000198068

0.000538699 0.000198067
0.000539077 0.000198677

0.000539077 0.000198677
0.000539424 0.000199235

0.000539424 0.000199234
0.000539528 0.000199402

0.000539528 0.000199402
0.000539982 0.000200127

0.000539981 0.000200127
0.000540149 0.000200394

0.000540149 0.000200394
0.000540438 0.000200852

0.000540438 0.000200852
0.000540875 0.000201543

0.000540875 0.000201543
0.000540896 0.000201577

0.000540896 0.000201577
0.000541357 0.000202302

0.000541356 0.000202302
0.0005416 0.000202683

0.000543072 0.000197227
0.000543507 0.000197952

0.000543507 0.000197952
0.000543775 0.000198395

0.000543775 0.000198395
0.000543945 0.000198677

0.000543945 0.000198677
0.000544385 0.000199402

0.000544386 0.000199402
0.0005445 0.00019959

0.0005416 0.000202683
0.00054182 0.000203027

0.00054182 0.000203027
0.000542285 0.000203752

0.000542286 0.000203752
0.000542325 0.000203814

0.000542325 0.000203814
0.000542753 0.000204478

0.000542753 0.000204478
0.00054305 0.000204934

0.00054305 0.000204934
0.000543224 0.000205203

0.000543224 0.000205203
0.000543698 0.000205928

0.000543698 0.000205928
0.000543775 0.000206047

0.000543775 0.000206046
0.000544173 0.000206653

0.000544173 0.000206653
0.0005445 0.000207148

0.0005445 0.00019959
0.000544828 0.000200127

0.000544828 0.000200127
0.000545225 0.000200774

0.000545225 0.000200774
0.000545272 0.000200852

0.000545273 0.000200852
0.00054572 0.000201577

0.00054572 0.000201577
0.00054595 0.000201948

0.00054595 0.000201948
0.00054617 0.000202302

0.00054617 0.000202302
0.000546622 0.000203027

0.000546622 0.000203027
0.000546675 0.000203113

0.000546675 0.000203113
0.000547076 0.000203752

0.000547076 0.000203752
0.0005474 0.000204267

0.0005445 0.000207147
0.000544652 0.000207378

0.000544652 0.000207378
0.000545133 0.000208103

0.000545134 0.000208103
0.000545225 0.000208242

0.000545225 0.000208241
0.000545617 0.000208828

0.0005474 0.000204266
0.000547533 0.000204478

0.000547533 0.000204478
0.000547993 0.000205203

0.000547994 0.000205203
0.000548125 0.000205411

0.000548125 0.00020541
0.000548455 0.000205928

0.000548455 0.000205928
0.000548851 0.000206544

0.000548851 0.000206543
0.00054892 0.000206653

0.00054892 0.000206653
0.000549388 0.000207378

0.000549388 0.000207378
0.000549576 0.000207667

0.000549576 0.000207667
0.000549858 0.000208103

0.000549858 0.000208103
0.000550301 0.000208781

0.000550301 0.00020878
0.000550331 0.000208828

0.000545617 0.000208828
0.00054595 0.000209324

0.00054595 0.000209323
0.000546104 0.000209553

0.000546104 0.000209553
0.000546594 0.000210278

0.000546595 0.000210278
0.000546675 0.000210399

0.000546675 0.000210398
0.000547086 0.000211003

0.000547087 0.000211003
0.0005474 0.000211463

0.0005474 0.000211462
0.000547582 0.000211729

0.000547582 0.000211729
0.000548081 0.000212454

0.000548082 0.000212454
0.000548125 0.000212518

0.000548125 0.000212519
0.000548582 0.000213179

0.000548582 0.000213179
0.000548851 0.000213565

0.000548851 0.000213565
0.000549086 0.000213904

0.000549086 0.000213904
0.000549576 0.000214603

0.000549576 0.000214603
0.000549594 0.000214629

0.000549594 0.000214629
0.000550104 0.000215354

0.000550105 0.000215354
0.000550301 0.000215633

0.000550331 0.000208828
0.000550807 0.000209553

0.000550808 0.000209553
0.000551026 0.000209884

0.000551026 0.000209884
0.000551286 0.000210278

0.000551286 0.000210278
0.000551751 0.000210978

0.000551751 0.000210978
0.000551768 0.000211003

0.000551768 0.000211003
0.000552252 0.000211729

0.000552253 0.000211729
0.000552476 0.000212061

0.000552476 0.000212061
0.00055274 0.000212454

0.00055274 0.000212454
0.000553201 0.000213135

0.000553201 0.000213135
0.00055323 0.000213179

0.00055323 0.000213179
0.000553724 0.000213904

0.000553725 0.000213904
0.000553926 0.0002142

0.000553926 0.000214199
0.000554221 0.000214629

0.000550301 0.000215632
0.000550618 0.000216079

0.000550618 0.000216079
0.000551026 0.000216651

0.000551026 0.00021665
0.000551134 0.000216804

0.000551135 0.000216804
0.000551655 0.000217529

0.000551656 0.000217529
0.000551751 0.000217663

0.000551751 0.000217663
0.000552178 0.000218254

0.000552178 0.000218254
0.000552476 0.000218665

0.000552476 0.000218663
0.000552704 0.000218979

0.000552705 0.000218979
0.000553201 0.000219659

0.000554221 0.000214629
0.000554651 0.000215254

0.000554651 0.000215253
0.00055472 0.000215354

0.00055472 0.000215354
0.000555223 0.000216079

0.000555225 0.000216079
0.000555376 0.0002163

0.000555376 0.000216299
0.000555729 0.000216804

0.000555729 0.000216804
0.000556102 0.000217334

0.000553201 0.000219659
0.000553234 0.000219705

0.000553234 0.000219705
0.000553767 0.00022043

0.00055377 0.00022043
0.000553926 0.000220646

0.000553926 0.000220645
0.000554304 0.000221155

0.000554304 0.000221155
0.000554651 0.000221621

0.000554651 0.000221618
0.000554842 0.00022188

0.000554844 0.00022188
0.000555376 0.00022259

0.000555376 0.00022259
0.000555388 0.000222605

0.000555388 0.000222605
0.000555935 0.00022333

0.000555937 0.00022333
0.000556102 0.000223551

0.000556102 0.000217332
0.000556237 0.000217529

0.000556238 0.000217529
0.000556751 0.000218254

0.000556753 0.000218254
0.000556827 0.00021836

0.000556827 0.000218361
0.000557267 0.000218979

0.000557267 0.000218979
0.000557552 0.000219377

0.000557552 0.000219376
0.000557786 0.000219705

0.000557786 0.000219705
0.000558277 0.000220385

0.000558277 0.000220385
0.000558309 0.00022043

0.000558309 0.00022043
0.000558835 0.000221155

0.000558837 0.000221155
0.000559002 0.000221386

0.000556102 0.00022355
0.000556485 0.000224055

0.000556486 0.000224055
0.000556827 0.000224502

0.000556827 0.000224499
0.000557038 0.00022478

0.00055704 0.00022478
0.000557552 0.000225446

0.000557552 0.000225446
0.000557597 0.000225505

0.000557597 0.000225505
0.000558159 0.00022623

0.000559002 0.000221384
0.000559364 0.00022188

0.000559364 0.00022188
0.000559727 0.000222373

0.000559727 0.000222371
0.000559896 0.000222605

0.000559898 0.000222605
0.000560434 0.00022333

0.000560436 0.00022333
0.000560452 0.000223352

0.000560452 0.000223354
0.000560975 0.000224055

0.000560977 0.000224055
0.000561177 0.000224328

0.000561177 0.000224325
0.000561518 0.00022478

0.000561519 0.00022478
0.000561902 0.000225288

0.000558161 0.00022623
0.000558277 0.000226381

0.000558277 0.000226382
0.000558724 0.000226956

0.000558726 0.000226956
0.000559002 0.000227312

0.000559002 0.000227308
0.000559292 0.000227681

0.000559294 0.000227681
0.000559727 0.000228229

0.000559727 0.000228228
0.000559866 0.000228406

0.000559867 0.000228406
0.000560444 0.000229131

0.000560445 0.000229131
0.000560452 0.00022914

0.000560452 0.000229142
0.000561024 0.000229856

0.000561026 0.000229856
0.000561177 0.000230045

0.000561177 0.000230046
0.000561609 0.000230581

0.000561612 0.000230581
0.000561902 0.000230945

0.000561902 0.000225287
0.000562065 0.000225505

0.000562066 0.000225505
0.000562618 0.00022623

0.00056262 0.00022623
0.000562627 0.00022624

0.000562627 0.000226243
0.000563173 0.000226956

0.000563176 0.000226956
0.000563353 0.000227189

0.000563353 0.000227189
0.000563732 0.000227681

0.000563733 0.000227681
0.000564078 0.000228126

0.000564078 0.000228123
0.000564294 0.000228406

0.000564296 0.000228406
0.000564803 0.000229054

0.000561902 0.000230939
0.000562196 0.000231306

0.000562199 0.000231306
0.000562627 0.000231831

0.000562627 0.00023183
0.000562791 0.000232031

0.000564803 0.000229054
0.000564862 0.000229131

0.000564863 0.000229131
0.000565434 0.000229856

0.000565436 0.000229856
0.000565528 0.000229973

0.000565528 0.000229975
0.000566009 0.000230581

0.000566012 0.000230581
0.000566253 0.000230889

0.000566253 0.000230886
0.000566587 0.000231306

0.000566589 0.000231306
0.000566978 0.000231791

0.000566978 0.00023179
0.000567171 0.000232031

0.000562792 0.000232031
0.000563353 0.000232712

0.000563353 0.000232712
0.000563389 0.000232756

0.000563389 0.000232756
0.00056399 0.000233481

0.000563992 0.000233481
0.000564078 0.000233585

0.000564078 0.000233586
0.000564596 0.000234207

0.000564598 0.000234207
0.000564803 0.000234452

0.000564803 0.000234452
0.000565205 0.000234932

0.000567172 0.000232031
0.000567703 0.000232687

0.000565209 0.000234932
0.000565528 0.000235314

0.000565528 0.000235309
0.000565819 0.000235657

0.000565822 0.000235657
0.000566253 0.000236164

0.000566253 0.000236162
0.000566439 0.000236382

0.00056644 0.000236382
0.000566978 0.000237008

0.000566978 0.000237008
0.000567063 0.000237107

0.000567063 0.000237107
0.000567692 0.000237832

0.000567693 0.000237832
0.000567703 0.000237843

0.000567703 0.000232687
0.000567759 0.000232756

0.000567759 0.000232756
0.000568351 0.000233481

0.000568353 0.000233481
0.000568428 0.000233573

0.000568428 0.000233576
0.000568947 0.000234207

0.00056895 0.000234207
0.000569153 0.000234455

0.000569153 0.000234455
0.000569546 0.000234932

0.000569551 0.000234932
0.000569878 0.000235331

0.000569878 0.000235326
0.000570151 0.000235657

0.000570153 0.000235657
0.000570604 0.000236194

0.000570604 0.000236193
0.000570762 0.000236382

0.000570762 0.000236382
0.000571329 0.000237051

0.000571329 0.000237051
0.000571376 0.000237107

0.000571376 0.000237107
0.000571994 0.000237832

0.000567703 0.000237845
0.000568324 0.000238557

0.000568326 0.000238557
0.000568428 0.000238674

0.000568428 0.000238676
0.000568961 0.000239282

0.000568964 0.000239282
0.000569153 0.000239498

0.000569153 0.000239498
0.000569602 0.000240007

0.000569606 0.000240007
0.000569878 0.000240315

0.000569878 0.000240314
0.000570248 0.000240732

0.000570253 0.000240732
0.000570604 0.000241127

0.000571996 0.000237832
0.000572054 0.000237899

0.000572054 0.000237902
0.000572617 0.000238557

0.000572619 0.000238557
0.000572779 0.000238743

0.000572779 0.000238744
0.000573243 0.000239282

0.000573247 0.000239282
0.000573504 0.00023958

0.000570604 0.000241125
0.000570901 0.000241458

0.000570906 0.000241458
0.000571329 0.000241931

0.000571329 0.000241928
0.000571558 0.000242183

0.000571561 0.000242183
0.000572054 0.000242726

0.000572054 0.000242725
0.000572221 0.000242908

0.000572221 0.000242908
0.000572779 0.000243515

0.000572779 0.000243515
0.000572888 0.000243633

0.000573504 0.000239578
0.000573873 0.000240007

0.00057388 0.000240007
0.000574229 0.000240411

0.000574229 0.000240408
0.000574512 0.000240732

0.000574515 0.000240732
0.000574954 0.000241233

0.000574954 0.000241231
0.000575154 0.000241458

0.000575155 0.000241458
0.000575679 0.000242046

0.000575679 0.000242046
0.000575801 0.000242183

0.000575801 0.000242183
0.000576404 0.000242854

0.000576404 0.000242854
0.000576452 0.000242908

0.000576452 0.000242908
0.000577108 0.000243633

0.000572888 0.000243633
0.000573504 0.000244298

0.000573504 0.000244298
0.000573559 0.000244358

0.000573559 0.000244358
0.000574229 0.000245075

0.000574229 0.000245076
0.000574236 0.000245083

0.000574236 0.000245083
0.000574918 0.000245808

0.00057492 0.000245808
0.000574954 0.000245844

0.000574954 0.000245846
0.000575605 0.000246533

0.000575607 0.000246533
0.000575679 0.000246609

0.000575679 0.00024661
0.000576298 0.000247258

0.000576299 0.000247258
0.000576404 0.000247368

0.00057711 0.000243633
0.000577129 0.000243654

0.000577129 0.000243656
0.000577769 0.000244358

0.000577771 0.000244358
0.000577854 0.000244449

0.000577854 0.000244451
0.000578435 0.000245083

0.000578437 0.000245083
0.00057858 0.000245238

0.00057858 0.000245239
0.000579104 0.000245808

0.000579107 0.000245808
0.000579305 0.000246021

0.000576404 0.000247368
0.000576995 0.000247983

0.000576997 0.000247983
0.000577129 0.00024812

0.000577129 0.00024812
0.000577697 0.000248708

0.0005777 0.000248708
0.000577854 0.000248867

0.000577854 0.000248867
0.000578406 0.000249434

0.000578409 0.000249434
0.00057858 0.000249608

0.00057858 0.000249608
0.000579121 0.000250159

0.000579123 0.000250159
0.000579305 0.000250343

0.000579305 0.00024602
0.000579778 0.000246533

0.000579783 0.000246533
0.00058003 0.000246797

0.00058003 0.000246797
0.00058046 0.000247258

0.000580464 0.000247258
0.000580755 0.000247568

0.000580755 0.000247568
0.000581146 0.000247983

0.00058115 0.000247983
0.00058148 0.000248332

0.00058148 0.000248332
0.000581837 0.000248708

0.00058184 0.000248708
0.000582205 0.000249091

0.000582205 0.000249091
0.000582533 0.000249434

0.000579305 0.000250343
0.000579841 0.000250884

0.000579842 0.000250884
0.00058003 0.000251072

0.00058003 0.000251073
0.000580566 0.000251609

0.000580567 0.000251609
0.000580755 0.000251796

0.000580755 0.000251797
0.000581297 0.000252334

0.000581297 0.000252334
0.00058148 0.000252515

0.00058148 0.000252516
0.000582034 0.000253059

0.000582033 0.000253059
0.000582205 0.000253228

0.000582536 0.000249434
0.00058293 0.000249844

0.00058293 0.000249844
0.000583234 0.000250159

0.000583237 0.000250159
0.000583655 0.00025059

0.000583655 0.000250591
0.000583941 0.000250884

0.000583943 0.000250884
0.00058438 0.000251332

0.00058438 0.000251332
0.000584652 0.000251609

0.000584653 0.000251609
0.000585105 0.000252068

0.000582205 0.000253229
0.000582776 0.000253784

0.000582774 0.000253784
0.00058293 0.000253936

0.00058293 0.000253938
0.000583523 0.000254509

0.000583521 0.000254509
0.000583655 0.000254639

0.000583655 0.00025464
0.000584274 0.000255234

0.000585105 0.000252068
0.000585368 0.000252334

0.000585369 0.000252334
0.000585831 0.000252799

0.000585831 0.000252799
0.00058609 0.000253059

0.00058609 0.000253059
0.000586556 0.000253524

0.000586556 0.000253524
0.000586817 0.000253784

0.000586816 0.000253784
0.000587281 0.000254245

0.000587281 0.000254245
0.000587548 0.000254509

0.000587547 0.000254509
0.000588006 0.00025496

0.000588006 0.000254961
0.000588285 0.000255234

0.000584273 0.000255234
0.00058438 0.000255337

0.00058438 0.000255337
0.000585032 0.000255959

0.000585031 0.000255959
0.000585105 0.00025603

0.000585105 0.00025603
0.000585795 0.000256685

0.000585794 0.000256685
0.000585831 0.000256719

0.000585831 0.000256719
0.000586556 0.000257402

0.000586556 0.000257402
0.000586563 0.00025741

0.000586563 0.00025741
0.000587281 0.000258082

0.000587281 0.000258082
0.000587337 0.000258135

0.000587338 0.000258135
0.000588006 0.000258757

0.000588284 0.000255234
0.000588731 0.000255671

0.000588731 0.000255672
0.000589026 0.000255959

0.000589025 0.000255959
0.000589456 0.000256377

0.000589456 0.000256378
0.000589773 0.000256685

0.000589771 0.000256685
0.000590181 0.000257079

0.000590181 0.00025708
0.000590525 0.00025741

0.000590523 0.00025741
0.000590906 0.000257777

0.000588006 0.000258757
0.000588117 0.00025886

0.000588117 0.00025886
0.000588731 0.000259427

0.000588731 0.000259428
0.000588902 0.000259585

0.000588901 0.000259585
0.000589456 0.000260093

0.000589456 0.000260095
0.000589692 0.00026031

0.000589689 0.00026031
0.000590181 0.000260754

0.000590181 0.000260758
0.000590488 0.000261035

0.000590484 0.000261035
0.000590906 0.000261414

0.000590906 0.000257777
0.000591281 0.000258135

0.000591279 0.000258135
0.000591631 0.00025847

0.000591631 0.000258471
0.000592043 0.00025886

0.00059204 0.00025886
0.000592356 0.000259159

0.000592356 0.00025916
0.000592809 0.000259585

0.000592806 0.000259585
0.000593082 0.000259844

0.000593082 0.000259845
0.000593581 0.00026031

0.000593577 0.00026031
0.000593807 0.000260525

0.000593807 0.000260526
0.000594355 0.000261035

0.000590906 0.000261417
0.000591289 0.00026176

0.000591285 0.00026176
0.000591631 0.00026207

0.000591631 0.000262073
0.000592096 0.000262485

0.000592091 0.000262485
0.000592356 0.000262722

0.000592356 0.000262723
0.000592904 0.00026321

0.000592901 0.00026321
0.000593082 0.000263371

0.000593082 0.00026337
0.000593717 0.000263936

0.000593716 0.000263936
0.000593807 0.000264016

0.000594352 0.000261035
0.000594532 0.000261202

0.000594532 0.000261202
0.000595134 0.00026176

0.000595132 0.00026176
0.000595257 0.000261876

0.000595257 0.000261875
0.000595917 0.000262485

0.000595916 0.000262485
0.000595982 0.000262546

0.000595982 0.000262545
0.000596705 0.00026321

0.000596704 0.00026321
0.000596707 0.000263213

0.000593807 0.000264015
0.000594532 0.000264657

0.000594532 0.000264657
0.000594536 0.000264661

0.000594536 0.000264661
0.000595257 0.000265295

0.000595257 0.000265295
0.00059536 0.000265386

0.00059536 0.000265386
0.000595982 0.00026593

0.000595982 0.000265931
0.000596189 0.000266111

0.000596187 0.000266111
0.000596707 0.000266562

0.000596707 0.000263212
0.000597432 0.000263876

0.000597432 0.000263876
0.000597498 0.000263936

0.000597498 0.000263936
0.000598157 0.000264536

0.000596707 0.000266565
0.000597022 0.000266836

0.000598157 0.000264536
0.000598294 0.000264661

0.000598294 0.000264661
0.000598882 0.000265194

0.000598882 0.000265194
0.000599095 0.000265386

0.000599092 0.000265386
0.000599607 0.000265847

0.000599607 0.00026585
0.000599899 0.000266111

0.000599895 0.000266111
0.000600333 0.000266499

0.000600333 0.000266503
0.000600707 0.000266836

0.000597018 0.000266836
0.000597432 0.000267191

0.000597432 0.000267196
0.000597861 0.000267561

0.000597855 0.000267561
0.000598157 0.00026782

0.000598157 0.000267821
0.000598698 0.000268286

0.000598696 0.000268286
0.000598882 0.000268446

0.000598882 0.000268445
0.000599541 0.000269011

0.00059954 0.000269011
0.000599607 0.000269069

0.000600703 0.000266836
0.000601058 0.000267151

0.000599607 0.000269068
0.000600333 0.000269689

0.000600333 0.00026969
0.000600387 0.000269736

0.000601058 0.000267154
0.000601519 0.000267561

0.000601514 0.000267561
0.000601783 0.0002678

0.000601783 0.0002678
0.00060233 0.000268286

0.000602327 0.000268286
0.000602508 0.000268446

0.000600387 0.000269736
0.000601058 0.000270308

0.000601058 0.000270309
0.000601238 0.000270461

0.000601237 0.000270461
0.000601783 0.000270925

0.000601783 0.000270927
0.000602091 0.000271187

0.000602086 0.000271187
0.000602508 0.000271539

0.000602508 0.000268445
0.000603144 0.000269011

0.000603143 0.000269011
0.000603233 0.000269091

0.000603233 0.00026909
0.000603958 0.000269733

0.000603958 0.000269733
0.000603962 0.000269736

0.000602508 0.000271544
0.000602947 0.000271912

0.000602942 0.000271912
0.000603233 0.000272156

0.000603233 0.000272156
0.000603801 0.000272637

0.000603962 0.000269736
0.000604683 0.000270374

0.000604683 0.000270374
0.000604782 0.000270461

0.000604782 0.000270461
0.000605408 0.000271015

0.000605408 0.000271015
0.000605603 0.000271187

0.000605602 0.000271187
0.000606133 0.000271654

0.000606133 0.000271656
0.000606426 0.000271912

0.000606421 0.000271912
0.000606858 0.000272291

0.000606858 0.000272296
0.00060725 0.000272637

0.000603799 0.000272637
0.000603958 0.00027277

0.000603958 0.000272769
0.000604659 0.000273362

0.000604658 0.000273362
0.000604683 0.000273383

0.000604683 0.000273382
0.000605408 0.000273994

0.000605408 0.000273995
0.000605518 0.000274087

0.000605518 0.000274087
0.000606133 0.000274606

0.000606133 0.000274607
0.000606378 0.000274812

0.000606376 0.000274812
0.000606858 0.000275217

0.000607245 0.000272637
0.000607583 0.000272932

0.000607583 0.000272934
0.000608073 0.000273362

0.000608069 0.000273362
0.000608309 0.000273572

0.000606858 0.00027522
0.00060724 0.000275537

0.000607234 0.000275537
0.000607583 0.000275828

0.000607583 0.00027583
0.000608097 0.000276262

0.000608094 0.000276262
0.000608309 0.000276442

0.000608309 0.000273572
0.000608894 0.000274087

0.000608891 0.000274087
0.000609034 0.000274212

0.000609034 0.000274211
0.000609715 0.000274812

0.000609713 0.000274812
0.000609759 0.000274852

0.000609759 0.000274851
0.000610484 0.000275492

0.000610484 0.000275492
0.000610535 0.000275537

0.000608309 0.000276441
0.000608954 0.000276987

0.000608953 0.000276987
0.000609034 0.000277056

0.000609034 0.000277055
0.000609759 0.000277669

0.000610535 0.000275537
0.000611209 0.000276135

0.000609759 0.000277669
0.00060981 0.000277712

0.00060981 0.000277712
0.000610484 0.000278284

0.000610484 0.000278285
0.000610665 0.000278437

0.000611209 0.000276135
0.000611353 0.000276262

0.000611352 0.000276262
0.000611934 0.000276778

0.000611934 0.000276779
0.000612169 0.000276987

0.000612166 0.000276987
0.000612659 0.000277423

0.000612659 0.000277426
0.000612982 0.000277712

0.000612978 0.000277712
0.000613384 0.000278072

0.000613384 0.000278076
0.000613792 0.000278437

0.000610664 0.000278437
0.000611209 0.000278901

0.000611209 0.000278903
0.000611517 0.000279163

0.000611512 0.000279163
0.000611934 0.000279518

0.000611934 0.000279523
0.000612366 0.000279888

0.00061236 0.000279888
0.000612659 0.000280142

0.000613787 0.000278437
0.000614109 0.000278726

0.000612659 0.000280142
0.000613206 0.000280613

0.000613203 0.000280613
0.000613384 0.000280769

0.000613384 0.000280767
0.000614042 0.000281338

0.00061404 0.000281338
0.000614109 0.000281398

0.000614109 0.000278729
0.000614596 0.000279163

0.00061459 0.000279163
0.000614834 0.000279383

0.000614834 0.000279383
0.00061539 0.000279888

0.000615387 0.000279888
0.00061556 0.000280046

0.00061556 0.000280044
0.000616177 0.000280613

0.000616175 0.000280613
0.000616285 0.000280714

0.000616285 0.000280712
0.000616955 0.000281338

0.000614109 0.000281397
0.000614834 0.000282032

0.000614834 0.000282032
0.00061487 0.000282063

0.00061487 0.000282063
0.00061556 0.000282673

0.00061556 0.000282673
0.000615689 0.000282788

0.000616953 0.000281338
0.00061701 0.000281391

0.000615688 0.000282788
0.000616285 0.000283323

0.000616285 0.000283324
0.000616494 0.000283513

0.000616491 0.000283513
0.00061701 0.000283984

0.00061701 0.000281389
0.000617719 0.000282063

0.000617718 0.000282063
0.000617735 0.000282079

0.000617735 0.000282077
0.00061846 0.000282782

0.00061701 0.000283986
0.000617282 0.000284238

0.00061846 0.000282782
0.000618467 0.000282788

0.000618468 0.000282788
0.000619185 0.000283506

0.000619185 0.000283506
0.000619192 0.000283513

0.000619194 0.000283513
0.000619892 0.000284238

0.000617279 0.000284238
0.000617735 0.000284665

0.000617735 0.000284665
0.000618047 0.000284963

0.000618045 0.000284963
0.00061846 0.000285368

0.00061846 0.000285367
0.000618781 0.000285688

0.000619892 0.000284238
0.00061991 0.000284257

0.000618782 0.000285688
0.000619185 0.000286105

0.000619185 0.000286103
0.000619477 0.000286414

0.000619483 0.000286414
0.00061991 0.000286891

0.00061991 0.000284257
0.000620559 0.000284963

0.00062056 0.000284963
0.000620635 0.000285049

0.000620635 0.00028505
0.000621188 0.000285688

0.00061991 0.000286886
0.000620131 0.000287139

0.00062119 0.000285688
0.00062136 0.000285898

0.00062136 0.0002859
0.000621774 0.000286414

0.000621777 0.000286414
0.000622085 0.000286832

0.000622085 0.000286827
0.000622311 0.000287139

0.000620136 0.000287139
0.000620635 0.000287741

0.000620635 0.000287738
0.000620734 0.000287864

0.000620738 0.000287864
0.000621281 0.000288589

0.000621282 0.000288589
0.00062136 0.000288706

0.000622315 0.000287139
0.000622803 0.000287864

0.00062136 0.000288707
0.000621764 0.000289314

0.000621765 0.000289314
0.000622085 0.000289869

0.000622085 0.000289856
0.000622177 0.000290039

0.000622811 0.000287876
0.000623241 0.000288589

0.000623243 0.000288589
0.000623536 0.000289144

0.000623536 0.000289141
0.000623628 0.000289314

0.000623628 0.000289314
0.000623966 0.000290039

0.000622179 0.000290039
0.00062254 0.000290764

0.000622539 0.000290764
0.000622811 0.000291386

0.000622811 0.00029137
0.00062285 0.000291489

0.000623965 0.000290039
0.000624259 0.000290764

0.000622856 0.000291489
0.000623129 0.000292214

0.000623127 0.000292214
0.000623358 0.000292939

0.000624261 0.000290765
0.000624517 0.000291489

0.000624517 0.000291489
0.000624734 0.000292214

0.000624733 0.000292214
0.000624915 0.000292939

0.000623355 0.000292939
0.000623536 0.000293601

0.000623536 0.00029358
0.000623549 0.000293665

0.000623556 0.000293665
0.00062372 0.00029439

0.000623722 0.00029439
0.000623871 0.000295115

0.000623869 0.000295115
0.000624002 0.00029584

0.000624932 0.000292939
0.000624986 0.000293319

0.000624986 0.000293305
0.000625062 0.000293665

0.000625068 0.000293665
0.000625197 0.00029439

0.000625196 0.00029439
0.000625302 0.000295115

0.000625299 0.000295115
0.000625388 0.00029584

0.000624003 0.00029584
0.000624119 0.000296565

0.000624118 0.000296565
0.000624216 0.00029729

0.000624217 0.00029729
0.000624261 0.000297693

0.000625393 0.00029584
0.000625462 0.000296565

0.000625462 0.000296565
0.0006255 0.00029729

0.000624261 0.000297676
0.000624294 0.000298015

0.000624286 0.000298015
0.000624359 0.00029874

0.000625515 0.00029729
0.000625497 0.000298015

0.000625534 0.000298015
0.000625481 0.00029874

0.00062433 0.00029874
0.000624385 0.000299465

0.000624342 0.000299465
0.000624467 0.00030019

0.000625508 0.00029874
0.00062547 0.000299465

0.000625445 0.000299465
0.000625583 0.00030019

0.000624496 0.00030019
0.000624827 0.000300916

0.00062486 0.000300916
0.000624986 0.00030108

0.000625573 0.00030019
0.000625711 0.000300248

0.000624986 0.000301073
0.000625496 0.000301641

0.000625711 0.0003003
0.000626254 0.000300916

0.000626351 0.000300916
0.000626436 0.000300971

0.000626445 0.000300916
0.000627161 0.000301568

0.000627161 0.00030156
0.000627232 0.000301641

0.000625591 0.000301641
0.000625711 0.000301744

0.000625711 0.000301688
0.000626373 0.000302366

0.000626424 0.000302366
0.000626436 0.000302388

0.000626476 0.000302366
0.000626742 0.000303091

0.000626711 0.000303091
0.000626805 0.000303816

0.000626712 0.000303816
0.000626786 0.000304541

0.000627256 0.000301641
0.000627686 0.000302366

0.000627732 0.000302366
0.000627872 0.000303091

0.000627886 0.000303159
0.0006278 0.000303816

0.000627823 0.000303816
0.000627689 0.000304541

0.000627886 0.000303188
0.000627889 0.000303091

0.000626722 0.000304541
0.00062678 0.000305266

0.000626757 0.000305266
0.000626817 0.000305991

0.000626814 0.000305991
0.000626846 0.000306716

0.000626794 0.000306716
0.000626935 0.000307441

0.000627736 0.000304541
0.000627649 0.000305266

0.000627705 0.000305266
0.000627652 0.000305991

0.000627666 0.000305991
0.000627689 0.000306716

0.000627668 0.000306716
0.000627809 0.000307441

0.000627046 0.000307441
0.000627161 0.000307929

0.000627161 0.000307896
0.000627407 0.000307441

0.000627391 0.000308167
0.000627202 0.000308892

0.000627894 0.000307441
0.000628241 0.000308167

0.000628244 0.000308167
0.000628611 0.000308746

0.000627296 0.000308892
0.000627436 0.000309617

0.000627456 0.000309617
0.000627816 0.000310342

0.000627831 0.000310342
0.000627886 0.00031043

0.000627886 0.000310399
0.000628324 0.000311067

0.000628352 0.000311067
0.000628611 0.000311428

0.000628611 0.000308758
0.000628691 0.000308892

0.000628683 0.000308892
0.000629177 0.000309617

0.000629152 0.000309617
0.000629336 0.000309858

0.000629336 0.000309869
0.000629806 0.000310342

0.000628611 0.000311405
0.000628879 0.000311792

0.000629803 0.000310342
0.000630062 0.000310545

0.000628864 0.000311792
0.000629336 0.000312445

0.000629336 0.000312442
0.000629391 0.000312517

0.000629336 0.000312569
0.00063005 0.000313242

0.000630062 0.000310544
0.000630787 0.000310954

0.000630787 0.000310891
0.000631149 0.000311067

0.00063126 0.000311067
0.000631512 0.000311189

0.000631512 0.000311099
0.000632218 0.000311792

0.00063222 0.000311792
0.000632237 0.000311893

0.000632237 0.00031267
0.000631781 0.000313242

0.000632237 0.000311826
0.000632341 0.000312517

0.000632237 0.000312691
0.000632322 0.000312517

0.000630121 0.000313242
0.000630787 0.000313526

0.000630787 0.000313591
0.000631512 0.000313465

0.000631512 0.000313484
0.000631855 0.000313242

0.000635862 0.000314388
0.000635406 0.000314692

0.000635137 0.000314865
0.000634681 0.000315417

0.000634684 0.000315417
0.000634458 0.000316143

0.000635137 0.000314846
0.000635332 0.000314692

0.000635862 0.000314372
0.000636587 0.000314182

0.000636587 0.000314169
0.000637312 0.000314308

0.000634462 0.000316143
0.000634601 0.000316868

0.000634571 0.000316868
0.000635129 0.000317593

0.000635188 0.000317593
0.000635862 0.000318054

0.000635862 0.000318053
0.000636587 0.000318239

0.000636587 0.00031824
0.000637312 0.000318119

0.000630787 0.000350499
0.000630253 0.000350947

0.000630787 0.000350459
0.000631512 0.000350322

0.000630062 0.000351247
0.000629845 0.000351672

0.0006298 0.000351672
0.000629965 0.000352397

0.000629976 0.000352397
0.000630062 0.000352521

0.000630062 0.000351219
0.000630231 0.000350947

0.000630062 0.000352487
0.00063076 0.000353123

0.00063078 0.000353123
0.000630787 0.000353126

0.000630787 0.000353126
0.000631512 0.000353231

0.000631512 0.000350296
0.000632237 0.000350783

0.000632237 0.000350784
0.000632376 0.000350947

0.00063236 0.000350947
0.000632699 0.000351672

0.000632696 0.000351672
0.00063253 0.000352397

0.000632237 0.000352769
0.000631747 0.000353123

0.000631512 0.000353252
0.000631779 0.000353123

0.000632237 0.000352794
0.000632532 0.000352397

0.000637312 0.000314289
0.000637904 0.000314692

0.000637826 0.000314692
0.000638038 0.00031487

0.000638038 0.000314829
0.000638504 0.000315417

0.000638517 0.000315417
0.000638734 0.000316143

0.000638707 0.000316143
0.000638564 0.000316868

0.000638591 0.000316868
0.000638087 0.000317593

0.000637312 0.000318156
0.000638038 0.000317652

0.000638038 0.000317652
0.000638096 0.000317593

0.000663416 0.000324711
0.00066336 0.000324844

0.000664866 0.00032174
0.000664724 0.000321943

0.000665591 0.000320968
0.00066531 0.000321218

0.000664866 0.000321711
0.000665287 0.000321218

0.000665591 0.000320945
0.000666316 0.0003205

0.000664141 0.000323103
0.000664001 0.000323394

0.000664737 0.000321943
0.00066433 0.000322668

0.000664141 0.000323101
0.00066435 0.000322668

0.000664 0.000323394
0.000663669 0.000324119

0.000663416 0.000324711
0.000663668 0.000324119

0.000667042 0.00032034
0.000666389 0.000320493

0.000667042 0.000320348
0.000667767 0.000320415

0.000666316 0.000320503
0.000666356 0.000320493

0.000667767 0.000320419
0.000667979 0.000320493

0.000667932 0.000320493
0.000668492 0.000320689

0.000668492 0.000320694
0.000669217 0.000321082

0.000669217 0.000321089
0.000669423 0.000321218

0.000669388 0.000321218
0.000669942 0.00032157

0.000669942 0.000321568
0.000670511 0.000321943

0.000670494 0.000321943
0.000670667 0.000322055

0.000670667 0.00032205
0.000671392 0.000322528

0.000671392 0.000322526
0.000671607 0.000322668

0.000671611 0.000322668
0.000672117 0.000323011

0.000672117 0.000322999
0.000672648 0.000323394

0.000672635 0.000323394
0.000672842 0.000323549

0.000672842 0.00032353
0.00067352 0.000324119

0.000673511 0.000324119
0.000673567 0.000324171

0.000673567 0.000324156
0.000674225 0.000324844

0.000663354 0.000324844
0.000663078 0.000325569

0.000663075 0.000325569
0.000662849 0.000326294

0.000662691 0.000326977
0.000662681 0.000327019

0.000662681 0.000327019
0.00066257 0.000327744

0.000662691 0.000326974
0.000662849 0.000326294

0.000662572 0.000327744
0.000662513 0.000328469

0.000662515 0.000328469
0.000662498 0.000329194

0.0006625 0.000329194
0.000662519 0.000329919

0.000662517 0.000329919
0.000662572 0.000330645

0.000662566 0.000330645
0.000662672 0.00033137

0.000662658 0.00033137
0.000662691 0.000331493

0.000662691 0.000331484
0.000662854 0.000332095

0.000662825 0.000332095
0.000663191 0.00033282

0.000663199 0.00033282
0.000663416 0.000333106

0.000663416 0.000333142
0.000663835 0.000333545

0.000663862 0.000333545
0.000664141 0.000333748

0.000664141 0.000333757
0.000664866 0.000334075

0.000664866 0.000334057
0.000665591 0.000334154

0.000665591 0.000334131
0.000666316 0.000334089

0.000666316 0.00033407
0.000667042 0.000333971

0.000667042 0.00033396
0.000667767 0.000333864

0.000667767 0.000333863
0.000668492 0.000333793

0.000668492 0.000333799
0.000669217 0.000333747

0.000671392 0.000333466
0.000671 0.000333545

0.000671392 0.000333472
0.000672117 0.000333257

0.000669217 0.000333754
0.000669942 0.000333695

0.000669942 0.000333701
0.000670667 0.000333608

0.000670667 0.000333612
0.000671004 0.000333545

0.000674221 0.000324844
0.000674292 0.00032493

0.000674292 0.000324932
0.000674781 0.000325569

0.000674779 0.000325569
0.000675018 0.000325976

0.000675018 0.000325976
0.000675203 0.000326294

0.000675201 0.000326294
0.000675504 0.000327019

0.000675503 0.000327019
0.000675689 0.000327744

0.000675689 0.000327744
0.000675743 0.000328284

0.000675743 0.00032879
0.000675718 0.000329194

0.000675743 0.000328284
0.000675761 0.000328469

0.000675743 0.000328789
0.000675762 0.000328469

0.00067572 0.000329194
0.000675554 0.000329919

0.000675558 0.000329919
0.000675256 0.000330645

0.000672117 0.000333265
0.000672842 0.000332953

0.000673567 0.000332523
0.00067307 0.00033282

0.000672842 0.000332959
0.000673082 0.00033282

0.000674292 0.000331922
0.000674103 0.000332095

0.000675018 0.000331029
0.000674798 0.00033137

0.000674292 0.000331945
0.000674806 0.00033137

0.000673567 0.00033254
0.000674121 0.000332095

0.000675018 0.000331035
0.000675263 0.000330645

0.000566253 0.000514458
0.000565841 0.000514819

0.000565528 0.00051518
0.000565266 0.000515544

0.000565271 0.000515544
0.000564949 0.00051627

0.000565528 0.000515176
0.000565818 0.000514819

0.000566978 0.000514054
0.000566903 0.000514094

0.000566253 0.000514438
0.000566835 0.000514094

0.000566978 0.00051403
0.000567703 0.000513836

0.000564803 0.00051734
0.000564781 0.00051772

0.000564785 0.00051772
0.000564803 0.000518014

0.000564968 0.00051627
0.000564813 0.000516995

0.000564803 0.000517329
0.000564822 0.000516995

0.000564803 0.000518008
0.000564829 0.000518445

0.000564832 0.000518445
0.000564948 0.00051917

0.00056495 0.00051917
0.000565131 0.000519895

0.000565134 0.000519895
0.000565371 0.00052062

0.000565375 0.00052062
0.000565528 0.000521016

0.000565528 0.000521015
0.000565656 0.000521345

0.000565658 0.000521345
0.000565969 0.00052207

0.000565973 0.00052207
0.000566253 0.000522684

0.000566253 0.000522684
0.000566304 0.000522795

0.000566307 0.000522795
0.000566642 0.000523521

0.000566645 0.000523521
0.000566971 0.000524246

0.000566974 0.000524246
0.000566978 0.000524256

0.000566978 0.000524257
0.000567279 0.000524971

0.000567281 0.000524971
0.00056756 0.000525696

0.000567561 0.000525696
0.000567703 0.00052611

0.000567703 0.000542015
0.000567666 0.000542373

0.000567666 0.000542373
0.000567605 0.000543098

0.000567604 0.000543098
0.000567559 0.000543823

0.000567559 0.000543823
0.000567532 0.000544548

0.000567531 0.000544548
0.000567522 0.000545273

0.000567522 0.000545273
0.000567533 0.000545999

0.000567533 0.000545999
0.000567565 0.000546724

0.000567564 0.000546724
0.000567617 0.000547449

0.000567617 0.000547449
0.00056769 0.000548174

0.00056769 0.000548174
0.000567703 0.000548273

0.000567703 0.000513834
0.000568428 0.000513851

0.000568428 0.000513834
0.000569135 0.000514094

0.000569113 0.000514094
0.000569153 0.000514109

0.00056916 0.000514094
0.000569878 0.000514665

0.000569878 0.000514665
0.000570026 0.000514819

0.000570011 0.000514819
0.000570563 0.000515544

0.000570548 0.000515544
0.000570604 0.000515658

0.000570604 0.000515684
0.000570889 0.00051627

0.000570875 0.00051627
0.00057111 0.000516995

0.000571101 0.000516995
0.000571268 0.00051772

0.000571261 0.00051772
0.000571329 0.000518097

0.000571329 0.000518097
0.00057139 0.000518445

0.000571387 0.000518445
0.000571498 0.00051917

0.000571496 0.00051917
0.0005716 0.000519895

0.000571598 0.000519895
0.000571704 0.00052062

0.000571702 0.00052062
0.000571815 0.000521345

0.000571814 0.000521345
0.000571938 0.00052207

0.000567703 0.000526112
0.00056781 0.000526421

0.00056781 0.000526421
0.000568028 0.000527146

0.000568028 0.000527146
0.000568216 0.000527871

0.000571937 0.00052207
0.000572054 0.000522672

0.000572054 0.000522672
0.000572078 0.000522795

0.000572077 0.000522795
0.000572236 0.000523521

0.000572235 0.000523521
0.000572415 0.000524246

0.000572415 0.000524246
0.000572615 0.000524971

0.000572615 0.000524971
0.000572779 0.000525508

0.000572779 0.000525507
0.000572836 0.000525696

0.000572837 0.000525696
0.000573076 0.000526421

0.000573077 0.000526421
0.000573333 0.000527146

0.000573334 0.000527146
0.000573504 0.000527602

0.000568216 0.000527871
0.000568374 0.000528596

0.000568374 0.000528596
0.000568428 0.000528899

0.000568428 0.000528901
0.000568503 0.000529321

0.000568503 0.000529321
0.000568605 0.000530046

0.000568605 0.000530046
0.00056868 0.000530771

0.000568679 0.000530771
0.000568728 0.000531497

0.000568728 0.000531497
0.000568751 0.000532222

0.000568751 0.000532222
0.00056875 0.000532947

0.00056875 0.000532947
0.000568727 0.000533672

0.000573504 0.000527601
0.000573604 0.000527871

0.000573605 0.000527871
0.000573885 0.000528596

0.000573886 0.000528596
0.000574174 0.000529321

0.000574174 0.000529321
0.000574229 0.000529456

0.000574229 0.000529456
0.000574467 0.000530046

0.000574468 0.000530046
0.000574764 0.000530771

0.000574764 0.000530771
0.000574954 0.000531234

0.000574954 0.000531235
0.000575062 0.000531497

0.000575061 0.000531497
0.000575361 0.000532222

0.000575361 0.000532222
0.000575661 0.000532947

0.000575661 0.000532947
0.000575679 0.00053299

0.000575679 0.00053299
0.000575964 0.000533672

0.000568726 0.000533672
0.000568682 0.000534397

0.000568682 0.000534397
0.00056862 0.000535122

0.000568619 0.000535122
0.000568542 0.000535847

0.000568541 0.000535847
0.000568451 0.000536572

0.000568428 0.000536737
0.000568352 0.000537297

0.000568351 0.000537297
0.000568246 0.000538022

0.000568428 0.000536737
0.000568451 0.000536572

0.000568245 0.000538022
0.000568137 0.000538748

0.000568136 0.000538748
0.000568029 0.000539473

0.000568029 0.000539473
0.000567926 0.000540198

0.000567925 0.000540198
0.000567829 0.000540923

0.000567828 0.000540923
0.000567742 0.000541648

0.000567703 0.000542015
0.000567741 0.000541648

0.000575963 0.000533672
0.000576269 0.000534397

0.000576269 0.000534397
0.000576404 0.000534712

0.000576404 0.000534712
0.00057658 0.000535122

0.000576579 0.000535122
0.000576897 0.000535847

0.000576897 0.000535847
0.000577129 0.000536364

0.000577129 0.000536364
0.000577223 0.000536572

0.000577222 0.000536572
0.000577558 0.000537297

0.000577558 0.000537297
0.000577854 0.000537916

0.000577854 0.000537916
0.000577906 0.000538022

0.000577905 0.000538022
0.000578264 0.000538748

0.000578265 0.000538748
0.00057858 0.000539363

0.00057858 0.000539363
0.000578636 0.000539473

0.000578636 0.000539473
0.000579018 0.000540198

0.000579019 0.000540198
0.000579305 0.000540726

0.000567703 0.000548272
0.000567785 0.000548899

0.000567785 0.000548899
0.000567902 0.000549624

0.000567902 0.000549624
0.000568039 0.000550349

0.000568039 0.000550349
0.000568197 0.000551074

0.000568197 0.000551074
0.000568375 0.000551799

0.000568375 0.000551799
0.000568428 0.000551993

0.000568428 0.000551992
0.000568575 0.000552524

0.000568576 0.000552524
0.000568797 0.00055325

0.000568797 0.00055325
0.000569039 0.000553975

0.000569037 0.000553975
0.000569153 0.000554289

0.000569153 0.000554289
0.000569305 0.0005547

0.000569305 0.0005547
0.000569598 0.000555425

0.000569595 0.000555425
0.000569878 0.000556061

0.000569878 0.000556062
0.000569918 0.00055615

0.000569917 0.00055615
0.000570278 0.000556875

0.000579305 0.000540725
0.000579412 0.000540923

0.000579412 0.000540923
0.000579812 0.000541648

0.000579813 0.000541648
0.00058003 0.000542037

0.00058003 0.000542037
0.000580217 0.000542373

0.000580218 0.000542373
0.000580623 0.000543098

0.000580624 0.000543098
0.000580755 0.000543334

0.000580755 0.000543335
0.000581026 0.000543823

0.000581027 0.000543823
0.000581421 0.000544548

0.000581422 0.000544548
0.00058148 0.000544657

0.00058148 0.000544659
0.000581804 0.000545273

0.000581805 0.000545273
0.00058217 0.000545999

0.000582172 0.000545999
0.000582205 0.000546068

0.000582205 0.000546069
0.000582516 0.000546724

0.000582516 0.000546724
0.000582836 0.000547449

0.000582838 0.000547449
0.00058293 0.000547678

0.00058293 0.000547681
0.000583128 0.000548174

0.000583129 0.000548174
0.000583388 0.000548899

0.000583388 0.000548899
0.000583612 0.000549624

0.000583614 0.000549624
0.000583655 0.000549786

0.000583655 0.00054979
0.000583799 0.000550349

0.000583799 0.000550349
0.000583945 0.000551074

0.000583946 0.000551074
0.00058405 0.000551799

0.00058405 0.000551799
0.00058411 0.000552524

0.000584111 0.000552524
0.000584124 0.00055325

0.000584125 0.00055325
0.000584089 0.000553975

0.000583655 0.000556138
0.000583652 0.00055615

0.000583655 0.000556151
0.000583387 0.000556875

0.00058409 0.000553975
0.000584001 0.0005547

0.000584001 0.0005547
0.000583857 0.000555425

0.000583655 0.000556145
0.000583858 0.000555425

0.000723599 0.000397311
0.00072354 0.000397354

0.000723599 0.000397287
0.000724324 0.000396897

0.000722874 0.000397938
0.00072275 0.000398079

0.000722732 0.000398079
0.000722238 0.000398804

0.000722149 0.000399075
0.000721969 0.000399529

0.000721979 0.000399529
0.000721838 0.000400254

0.000722149 0.000399063
0.000722252 0.000398804

0.000722874 0.00039791
0.000723489 0.000397354

0.000721843 0.000400254
0.000721814 0.000400979

0.000721812 0.000400979
0.000721891 0.000401704

0.000721879 0.000401704
0.000722097 0.000402429

0.000722079 0.000402429
0.000722149 0.000402558

0.000722149 0.000402553
0.000722498 0.000403154

0.000722509 0.000403154
0.000722874 0.000403579

0.000722874 0.000403603
0.000723197 0.000403879

0.000723223 0.000403879
0.000723599 0.000404159

0.000723599 0.000404172
0.000724324 0.000404509

0.000724324 0.000396896
0.000725049 0.000396721

0.000725049 0.000396716
0.000725774 0.000396767

0.000725774 0.000396752
0.0007265 0.000397068

0.0007265 0.000397064
0.000726883 0.000397354

0.000726847 0.000397354
0.000727225 0.000397719

0.000727225 0.00039771
0.000727512 0.000398079

0.000727506 0.000398079
0.000727904 0.000398804

0.000727892 0.000398804
0.00072795 0.000398993

0.00072795 0.000399005
0.00072811 0.000399529

0.000728102 0.000399529
0.000728194 0.000400254

0.000724324 0.00040451
0.000724927 0.000404604

0.000725774 0.000404514
0.000725166 0.000404604

0.00072499 0.000404604
0.000725049 0.000404614

0.000725049 0.000404627
0.000725204 0.000404604

0.000725774 0.000404531
0.0007265 0.000404169

0.000727225 0.000403467
0.00072684 0.000403879

0.0007265 0.000404171
0.000726863 0.000403879

0.000728191 0.000400254
0.000728176 0.000400979

0.000728177 0.000400979
0.000728057 0.000401704

0.00072795 0.000402041
0.000727822 0.000402429

0.000727834 0.000402429
0.000727448 0.000403154

0.00072795 0.000402044
0.000728061 0.000401704

0.000727225 0.000403485
0.000727468 0.000403154

0.000720699 0.000527039
0.000720592 0.000527146

0.000720564 0.000527146
0.00072002 0.000527871

0.000720699 0.000527015
0.000721424 0.000526465

0.000722149 0.00052623
0.000721625 0.000526421

0.000722149 0.000526209
0.000722874 0.000526215

0.000721424 0.00052647
0.000721558 0.000526421

0.000722874 0.000526177
0.000723377 0.000526421

0.000723301 0.000526421
0.000723599 0.000526575

0.000723599 0.000526552
0.00072416 0.000527146

0.000724143 0.000527146
0.000724324 0.000527518

0.000719974 0.000528077
0.0007198 0.000528596

0.000719791 0.000528596
0.00071982 0.000529321

0.000719792 0.000529321
0.000719974 0.000529688

0.000719974 0.000528078
0.000720043 0.000527871

0.000719974 0.000529671
0.00072017 0.000530046

0.000720197 0.000530046
0.000720699 0.00053055

0.000720699 0.000530584
0.000721022 0.000530771

0.000721094 0.000530771
0.000721424 0.000530951

0.000723599 0.000530439
0.00072312 0.000530771

0.000724324 0.000529415
0.000723953 0.000530046

0.000723599 0.000530445
0.000723967 0.000530046

0.000721424 0.000530957
0.000722149 0.000531067

0.000722149 0.000531072
0.000722874 0.00053091

0.000722874 0.000530922
0.000723132 0.000530771

0.000724324 0.000527526
0.000724485 0.000527871

0.00072447 0.000527871
0.000724534 0.000528596

0.000724528 0.000528596
0.00072436 0.000529321

0.000724324 0.000529422
0.000724376 0.000529321

0.000570273 0.000556875
0.000570604 0.000557461

0.000570604 0.00055746
0.000570682 0.0005576

0.00057068 0.0005576
0.000571153 0.000558325

0.00057115 0.000558325
0.000571329 0.000558573

0.000571329 0.000558565
0.000571704 0.00055905

0.000571708 0.00055905
0.000572054 0.000559437

0.000572054 0.000559441
0.000572385 0.000559775

0.000572393 0.000559775
0.000572779 0.000560125

0.000572779 0.000560142
0.000573245 0.0005605

0.000573249 0.0005605
0.000573504 0.000560683

0.000573504 0.000560689
0.000574229 0.000561124

0.000574229 0.000561132
0.000574441 0.000561226

0.00057446 0.000561226
0.000574954 0.000561445

0.000574954 0.000561444
0.000575679 0.000561656

0.000575679 0.000561655
0.000576404 0.000561767

0.000576404 0.000561766
0.000577129 0.00056178

0.000577129 0.000561779
0.000577854 0.000561697

0.000577854 0.000561698
0.00057858 0.000561522

0.00057858 0.000561523
0.000579305 0.000561251

0.00058148 0.000559746
0.00058145 0.000559775

0.000582205 0.000558919
0.000582107 0.00055905

0.00058148 0.000559765
0.000582127 0.00055905

0.00058003 0.000560878
0.000579358 0.000561226

0.000580755 0.00056038
0.000580579 0.0005605

0.00058003 0.000560885
0.000580599 0.0005605

0.000579305 0.000561251
0.000579354 0.000561226

0.000580755 0.000560401
0.00058147 0.000559775

0.00058293 0.000557809
0.00058263 0.000558325

0.00058339 0.000556875
0.000583049 0.0005576

0.00058293 0.000557812
0.000583052 0.0005576

0.000582205 0.000558925
0.000582636 0.000558325

0.000793208 0.000631598
0.000792758 0.000632285

0.000793934 0.000630916
0.000793232 0.00063156

0.000793208 0.000631598
0.000793236 0.00063156

0.000792776 0.000632285
0.000792567 0.00063301

0.000792579 0.00063301
0.000792579 0.000633735

0.000792571 0.000633735
0.000792775 0.00063446

0.000792752 0.00063446
0.000793208 0.000635161

0.000793208 0.000635161
0.000793226 0.000635186

0.000793232 0.000635186
0.000793934 0.000635838

0.000794659 0.000630558
0.000794132 0.000630835

0.000794659 0.000630552
0.000795384 0.000630421

0.000793934 0.00063091
0.000794077 0.000630835

0.000795384 0.000630411
0.000796109 0.000630549

0.000796109 0.000630529
0.000796615 0.000630835

0.000796555 0.000630835
0.000796834 0.000631014

0.000796834 0.000630998
0.000797356 0.00063156

0.000797347 0.00063156
0.000797559 0.000631926

0.000797559 0.000631928
0.000797758 0.000632285

0.000793934 0.000635845
0.000794055 0.000635911

0.000794084 0.000635911
0.000794659 0.000636223

0.000794659 0.000636217
0.000795384 0.000636361

0.000795384 0.000636369
0.000796109 0.000636263

0.000796834 0.000635843
0.000796718 0.000635911

0.000796109 0.000636287
0.000796776 0.000635911

0.000797749 0.000632285
0.000797939 0.00063301

0.000797931 0.00063301
0.000797939 0.000633735

0.000797559 0.000634943
0.000797439 0.000635186

0.000797939 0.000633735
0.000797782 0.00063446

0.000797559 0.000634952
0.000797801 0.00063446

0.000796834 0.000635887
0.000797481 0.000635186

0.00098971 0.00054624
0.000989275 0.000546724

0.000988985 0.000547297
0.000988915 0.000547449

0.00098891 0.000547449
0.000988886 0.000548174

0.000988985 0.000547277
0.000989258 0.000546724

0.000990435 0.000545763
0.000990062 0.000545999

0.00098971 0.000546226
0.000990033 0.000545999

0.000990435 0.000545741
0.00099116 0.000545585

0.000988869 0.000548174
0.000988985 0.000548441

0.000988985 0.00054842
0.000989201 0.000548899

0.000989222 0.000548899
0.00098971 0.000549441

0.00098971 0.000549461
0.000989944 0.000549624

0.000989973 0.000549624
0.000990435 0.000549924

0.000990435 0.000549934
0.00099116 0.00055011

0.00099116 0.00054557
0.000991885 0.000545779

0.000991885 0.000545786
0.000992194 0.000545999

0.000992164 0.000545999
0.00099261 0.000546415

0.00099261 0.000546409
0.000992844 0.000546724

0.000992842 0.000546724
0.000993157 0.000547449

0.000993143 0.000547449
0.000993182 0.000548174

0.00099261 0.0005494
0.000992373 0.000549624

0.00099116 0.000550123
0.000991885 0.00054997

0.000991885 0.000549983
0.000992402 0.000549624

0.000993191 0.000548174
0.000992966 0.000548899

0.00099261 0.000549423
0.000992995 0.000548899

0.00113328 0.00056389
0.0011331 0.000564126

0.00113305 0.000564126
0.00113281 0.000564851

0.00113279 0.000564851
0.00113308 0.000565576

0.00113313 0.000565576
0.00113328 0.00056575

0.001134 0.000563345
0.00113391 0.000563401

0.00113328 0.000563869
0.00113382 0.000563401

0.001134 0.000563321
0.00113473 0.000563118

0.00113473 0.000563145
0.00113545 0.000563186

0.00113545 0.000563211
0.00113618 0.000563389

0.00113617 0.000563401
0.00113618 0.000563403

0.00113328 0.000565748
0.00113392 0.000566301

0.00113396 0.000566301
0.001134 0.000566327

0.001134 0.000566312
0.00113473 0.000566602

0.00113473 0.00056658
0.00113545 0.000566694

0.00113545 0.000566691
0.00113618 0.000566678

0.00113624 0.000563401
0.0011369 0.000563665

0.0011369 0.000563617
0.00113761 0.000564126

0.00113767 0.000564126
0.00113815 0.000564851

0.00113816 0.000564851
0.00113808 0.000565576

0.00113618 0.000566701
0.0011369 0.000566522

0.00113763 0.000566079
0.00113734 0.000566301

0.0011369 0.000566552
0.00113732 0.000566301

0.00113763 0.000566109
0.00113805 0.000565576

0.00123914 0.000620678
0.00123987 0.000620194

0.00123987 0.000620178
0.00124059 0.000620152

0.00123913 0.000620684
0.0012386 0.000621409

0.00123859 0.000621409
0.00123852 0.000622134

0.0012385 0.000622134
0.00123895 0.000622859

0.00123898 0.000622859
0.00123914 0.000623018

0.00123914 0.000620685
0.00123915 0.000620684

0.00123914 0.000623026
0.00123987 0.00062351

0.00123987 0.000623512
0.00124059 0.000623564

0.00122609 0.000636815
0.00122567 0.000637361

0.00122564 0.000637361
0.00122554 0.000638086

0.00122682 0.000636336
0.00122632 0.000636636

0.00122682 0.000636301
0.00122754 0.000636347

0.00122609 0.0006368
0.00122631 0.000636636

0.00122754 0.000636355
0.00122796 0.000636636

0.00122791 0.000636636
0.00122827 0.000637014

0.00122827 0.000637
0.0012285 0.000637361

0.0012285 0.000637361
0.00122861 0.000638086

0.00122554 0.000638086
0.001226 0.000638811

0.00122604 0.000638811
0.00122609 0.000638862

0.00122609 0.000638874
0.00122682 0.000639349

0.00122682 0.000639364
0.00122754 0.000639364

0.00122827 0.000638761
0.00122824 0.000638811

0.00122754 0.000639386
0.00122827 0.000638839

0.00122863 0.000638086
0.00122827 0.000638811

0.00122827 0.000638827
0.00122828 0.000638811

0.00126235 0.00056038
0.00126224 0.0005605

0.00126211 0.0005605
0.00126201 0.000561226

0.00126214 0.000561226
0.00126235 0.000561508

0.00126235 0.000560308
0.00126307 0.000559917

0.00126307 0.000559879
0.0012638 0.000560413

0.00126376 0.0005605
0.0012638 0.000560655

0.00126235 0.000561546
0.001263 0.000561951

0.0012638 0.000561433
0.00126318 0.000561951

0.00126307 0.000561982
0.00126316 0.000561951

0.0012638 0.000560409
0.00126385 0.0005605

0.0012638 0.0005605
0.00126388 0.000561226

0.0012638 0.000561447
0.00126391 0.000561226

0.00124059 0.00062014
0.00124132 0.000620628

0.00124132 0.000620648
0.00124135 0.000620684

0.00124135 0.000620684
0.00124182 0.000621409

0.00124181 0.000621409
0.00124188 0.000622134

0.00124132 0.000623136
0.00124063 0.000623584

0.0012419 0.000622134
0.00124156 0.000622859

0.00124132 0.000623135
0.00124156 0.000622859

0.000958531 0.000816113
0.000958328 0.00081646

0.000959256 0.000815355
0.000958815 0.000815735

0.000958531 0.000816108
0.00095879 0.000815735

0.00095831 0.00081646
0.000958277 0.000817185

0.000958279 0.000817185
0.000958531 0.000817643

0.000958531 0.000817632
0.000958702 0.00081791

0.000959981 0.000814998
0.000960039 0.00081501

0.000959256 0.000815322
0.000959981 0.000815024

0.000959981 0.000815015
0.000960706 0.000815167

0.000960706 0.000815164
0.000961378 0.000815735

0.000961356 0.000815735
0.000961431 0.000815855

0.000961431 0.000815865
0.000961768 0.00081646

0.000961759 0.00081646
0.000961823 0.000817185

0.000961847 0.000817185
0.000961535 0.00081791

0.000958736 0.00081791
0.000959256 0.000818369

0.000959256 0.000818393
0.000959813 0.000818635

0.000959888 0.000818635
0.000959981 0.000818674

0.000960706 0.000818604
0.000960465 0.000818635

0.000959981 0.000818723
0.000960665 0.000818635

0.000961431 0.000818056
0.00096074 0.000818635

0.000961431 0.000818061
0.000961547 0.00081791

0.00106222 0.000859594
0.00106182 0.000859966

0.00106149 0.000860454
0.00106137 0.000860691

0.00106135 0.000860691
0.00106133 0.000861416

0.00106149 0.00086044
0.0010618 0.000859966

0.00106222 0.000859567
0.00106285 0.000859241

0.00106294 0.00085918
0.00106367 0.000859239

0.00106339 0.000859241
0.00106367 0.000859264

0.00106133 0.000861416
0.00106149 0.000861742

0.00106149 0.000861725
0.00106174 0.000862141

0.00106177 0.000862141
0.00106222 0.000862556

0.00106222 0.00086258
0.00106276 0.000862866

0.00106282 0.000862866
0.00106294 0.000862928

0.00106294 0.000862962
0.00106367 0.000862968

0.00106368 0.000859241
0.0010644 0.000859775

0.0010644 0.000859782
0.00106456 0.000859966

0.00106455 0.000859966
0.00106497 0.000860691

0.00106495 0.000860691
0.00106501 0.000861416

0.0010644 0.000862534
0.0010639 0.000862866

0.00106503 0.000861416
0.00106473 0.000862141

0.0010644 0.000862538
0.00106473 0.000862141

0.00106367 0.000862985
0.00106391 0.000862866

0.00112893 0.000769762
0.00112858 0.000770054

0.0011282 0.000770496
0.00112802 0.000770779

0.001128 0.000770779
0.00112783 0.000771504

0.0011282 0.000770486
0.00112855 0.000770054

0.00112893 0.000769732
0.00112965 0.000769385

0.00112965 0.000769379
0.00113038 0.000769408

0.00112783 0.000771504
0.00112804 0.000772229

0.00112806 0.000772229
0.0011282 0.000772449

0.0011282 0.000772458
0.00112864 0.000772954

0.00112867 0.000772954
0.00112893 0.000773157

0.00112893 0.000773178
0.00112965 0.000773544

0.00112965 0.000773551
0.00113038 0.000773595

0.00113038 0.000769394
0.0011311 0.000769838

0.0011311 0.000769848
0.00113132 0.000770054

0.00113131 0.000770054
0.00113183 0.000770774

0.00113181 0.000770779
0.00113183 0.000770874

0.00113183 0.000770874
0.00113199 0.000771504

0.00113183 0.000772372
0.00113143 0.000772954

0.00113038 0.000773625
0.0011311 0.000773273

0.0011311 0.000773268
0.00113145 0.000772954

0.00113198 0.000771504
0.00113188 0.000772229

0.00113183 0.000772383
0.00113191 0.000772229

0.00130513 0.000544577
0.00130489 0.000545273

0.00130585 0.000544248
0.00130522 0.000544548

0.00130513 0.00054461
0.00130518 0.000544548

0.00130585 0.000544204
0.00130647 0.000544548

0.00130632 0.000544548
0.00130658 0.000544926

0.00130658 0.000544854
0.00130672 0.000545273

0.00130496 0.000545273
0.00130513 0.000545559

0.00130513 0.000545618
0.00130561 0.000545999

0.00130568 0.000545999
0.00130585 0.000546069

0.00130658 0.000545596
0.00130613 0.000545999

0.00130585 0.000546134
0.0013062 0.000545999

0.00130658 0.000545617
0.00130674 0.000545273

0.00141969 0.000425715
0.00141898 0.000426357

0.00142042 0.000425488
0.00141998 0.000425632

0.00141969 0.0004257
0.0014199 0.000425632

0.00141894 0.000426357
0.00141863 0.000427083

0.00141867 0.000427083
0.00141882 0.000427808

0.00141882 0.000427808
0.00141897 0.000428034

0.00141897 0.000428059
0.00141943 0.000428533

0.00141956 0.000428533
0.00141969 0.00042862

0.00141969 0.000428673
0.00142042 0.000428907

0.00142042 0.000425458
0.00142105 0.000425632

0.00142092 0.000425632
0.00142114 0.000425694

0.00142114 0.000425641
0.00142187 0.000426352

0.00142183 0.000426357
0.00142187 0.000426469

0.00142042 0.000428952
0.00142114 0.000428761

0.00142187 0.000427993
0.00142141 0.000428533

0.00142114 0.000428754
0.00142144 0.000428533

0.00142187 0.000426462
0.00142209 0.000427083

0.00142208 0.000427083
0.00142196 0.000427808

0.00142187 0.000428003
0.00142198 0.000427808

0.00141244 0.000533259
0.00141198 0.000533672

0.00141244 0.000533225
0.00141309 0.000532947

0.00141329 0.000532947
0.00141389 0.000533023

0.00141389 0.000532988
0.00141462 0.00053352

0.00141462 0.000533522
0.00141475 0.000533672

0.00141172 0.000534055
0.00141154 0.000534397

0.00141156 0.000534397
0.00141154 0.000535122

0.0014115 0.000535122
0.00141172 0.000535527

0.00141172 0.000534057
0.00141195 0.000533672

0.00141172 0.00053552
0.00141192 0.000535847

0.001412 0.000535847
0.00141244 0.000536228

0.00141244 0.000536266
0.00141308 0.000536572

0.00141389 0.000536567
0.00141367 0.000536572

0.00141462 0.000536159
0.00141402 0.000536572

0.00141317 0.000536617
0.00141389 0.000536599

0.00141389 0.000536578
0.0014139 0.000536572

0.00141475 0.000533672
0.00141516 0.000534397

0.00141513 0.000534397
0.00141518 0.000535122

0.0014152 0.000535122
0.00141488 0.000535847

0.00141462 0.000536162
0.00141489 0.000535847

0.00153353 0.00049683
0.00153289 0.000497417

0.00153283 0.000497417
0.00153285 0.000498142

0.0015329 0.000498142
0.00153353 0.000498712

0.00153353 0.000496684
0.00153365 0.000496692

0.00153353 0.000496724
0.00153426 0.000496909

0.00153426 0.000496885
0.00153469 0.000497417

0.00153353 0.000498817
0.00153426 0.000498625

0.00153469 0.000497417
0.00153467 0.000498142

0.00153426 0.000498625
0.00153466 0.000498142

0.00151106 0.000661282
0.00151108 0.000661289

0.00151033 0.000661779
0.00151016 0.000662014

0.00151007 0.000662014
0.00151002 0.000662739

0.00151013 0.000662739
0.00151033 0.00066303

0.00151033 0.000661752
0.001511 0.000661289

0.0015112 0.000661289
0.00151178 0.000661633

0.00151033 0.000663068
0.00151085 0.000663464

0.00151094 0.000663464
0.00151106 0.000663516

0.00151178 0.000663237
0.0015114 0.000663464

0.00151106 0.0006636
0.00151149 0.000663464

0.00151178 0.000661627
0.00151206 0.000662014

0.00151205 0.000662014
0.00151212 0.000662739

0.00151178 0.000663268
0.00151214 0.000662739

0.00158574 0.000609732
0.00158565 0.000609807

0.0015856 0.000609807
0.00158504 0.000610532

0.00158503 0.000610532
0.00158512 0.000611257

0.00158517 0.000611257
0.00158574 0.000611883

0.00158574 0.000609678
0.00158647 0.000609401

0.00158647 0.000609372
0.00158719 0.000609731

0.00158574 0.000611894
0.00158596 0.000611982

0.00158719 0.000611812
0.0015869 0.000611982

0.00158719 0.000609758
0.00158724 0.000609807

0.00158723 0.000609807
0.0015877 0.000610532

0.00158769 0.000610532
0.00158763 0.000611257

0.00158719 0.000611837
0.00158764 0.000611257

0.00158593 0.000611982
0.00158647 0.000612172

0.00158647 0.000612188
0.00158696 0.000611982

0.00141462 0.000775801
0.00141456 0.000775854

0.00141451 0.000775854
0.00141401 0.00077658

0.001414 0.00077658
0.00141408 0.000777305

0.00141411 0.000777305
0.00141462 0.00077791

0.00141462 0.000775758
0.00141534 0.000775369

0.00141534 0.000775344
0.00141607 0.000775541

0.00141607 0.000775564
0.00141641 0.000775854

0.00141638 0.000775854
0.00141679 0.000776451

0.00141679 0.000776456
0.00141685 0.00077658

0.00141685 0.00077658
0.00141682 0.000777305

0.00141462 0.000777918
0.0014148 0.00077803

0.00141481 0.00077803
0.00141534 0.0007783

0.00141534 0.000778326
0.00141607 0.000778174

0.00141679 0.000777401
0.00141625 0.00077803

0.00141607 0.000778154
0.00141625 0.00077803

0.00141679 0.000777383
0.00141683 0.000777305

0.00144359 0.000751201
0.00144331 0.000751926

0.00144331 0.000751926
0.00144362 0.000752604

0.00144362 0.000751184
0.00144435 0.000750586

0.00144435 0.000750566
0.00144507 0.000750557

0.00144507 0.000750556
0.0014458 0.000751177

0.00144362 0.000752584
0.00144366 0.000752651

0.00144369 0.000752651
0.00144435 0.000753164

0.00144435 0.000753188
0.00144507 0.000753221

0.00144578 0.000751201
0.0014458 0.000751234

0.0014458 0.000752557
0.00144575 0.000752651

0.0014458 0.00075122
0.00144605 0.000751926

0.0014458 0.000752617
0.00144606 0.000751926

0.00144507 0.000753237
0.0014458 0.00075266

