0.000323518 0.000340071
0.00032407 0.000340205

0.00031827 0.000346181
0.000318995 0.000346151

0.000318995 0.000346151
0.00031972 0.000346131

0.00031972 0.000346131
0.000320445 0.000346121

0.000320445 0.000346122
0.00032117 0.000346121

0.00032117 0.000346121
0.000321895 0.000346129

0.000321895 0.000346129
0.00032262 0.000346145

0.00032262 0.000346145
0.000323345 0.000346168

0.000323345 0.000346168
0.00032407 0.000346198

0.00032407 0.000340205
0.000324795 0.000340385

0.000324795 0.000340385
0.000325521 0.000340568

0.000325521 0.000340568
0.000326246 0.000340753

0.000326246 0.000340754
0.000326409 0.000340796

0.000326411 0.000340796
0.000326971 0.000340941

0.000326971 0.000340941
0.000327696 0.00034113

0.000327696 0.00034113
0.000328421 0.000341321

0.000328421 0.000341321
0.000329146 0.000341513

0.000329146 0.000341513
0.000329176 0.000341521

0.000329176 0.000341521
0.000329871 0.000341706

0.00032407 0.000346198
0.000324795 0.000346235

0.000324795 0.000346235
0.000325521 0.000346277

0.000325521 0.000346277
0.000326246 0.000346326

0.000326246 0.000346326
0.000326971 0.00034638

0.000326971 0.00034638
0.000327696 0.000346439

0.000327696 0.000346439
0.000328421 0.000346503

0.000328421 0.000346503
0.000329146 0.000346572

0.000329146 0.000346572
0.00032939 0.000346597

0.000329391 0.000346597
0.000329871 0.000346645

0.000329871 0.000341706
0.000330596 0.000341899

0.000330596 0.000341899
0.000331321 0.000342093

0.000331321 0.000342093
0.000331893 0.000342246

0.000331894 0.000342246
0.000332046 0.000342287

0.000332046 0.000342287
0.000332771 0.000342481

0.000329871 0.000346645
0.000330596 0.000346722

0.000330596 0.000346722
0.000331321 0.000346803

0.000331321 0.000346803
0.000332046 0.000346888

0.000332046 0.000346888
0.000332771 0.000346976

0.000332771 0.000342481
0.000333497 0.000342675

0.000333497 0.000342675
0.000334222 0.000342868

0.000334222 0.000342869
0.000334606 0.000342971

0.000334607 0.000342971
0.000334947 0.000343062

0.000334947 0.000343062
0.000335672 0.000343255

0.000332771 0.000346976
0.000333497 0.000347068

0.000333497 0.000347068
0.000334222 0.000347163

0.000334222 0.000347163
0.000334947 0.000347261

0.000334947 0.000347261
0.000335385 0.000347322

0.000335387 0.000347322
0.000335672 0.000347361

0.000335672 0.000343255
0.000336397 0.000343447

0.000336397 0.000343447
0.000337122 0.000343639

0.000337122 0.00034364
0.000337336 0.000343696

0.000337338 0.000343696
0.000337847 0.000343831

0.000337847 0.000343831
0.000338572 0.000344022

0.000335672 0.000347361
0.000336397 0.000347465

0.000336397 0.000347465
0.000337122 0.000347571

0.000337122 0.000347571
0.000337847 0.00034768

0.000337847 0.00034768
0.000338572 0.000347791

0.000338572 0.000344022
0.000339297 0.000344212

0.000339297 0.000344212
0.000340022 0.000344402

0.000340022 0.000344403
0.000340094 0.000344421

0.000340095 0.000344421
0.000340748 0.000344592

0.000340748 0.000344592
0.000341473 0.00034478

0.000338572 0.000347791
0.000339297 0.000347904

0.000339297 0.000347904
0.000340022 0.00034802

0.000340022 0.00034802
0.000340188 0.000348047

0.000341473 0.00034478
0.000342198 0.000344968

0.000342198 0.000344969
0.000342885 0.000345146

0.000342886 0.000345146
0.000342923 0.000345156

0.000342923 0.000345156
0.000343648 0.000345343

0.000343648 0.000345343
0.000344373 0.000345529

0.000344373 0.000345529
0.000345098 0.000345715

0.000345098 0.000345715
0.000345712 0.000345872

0.000345713 0.000345872
0.000345823 0.0003459

0.000345823 0.0003459
0.000346548 0.000346084

0.000346548 0.000346084
0.000347273 0.000346267

0.000347273 0.000346267
0.000347999 0.00034645

0.000347999 0.00034645
0.000348583 0.000346597

0.000348584 0.000346597
0.000348724 0.000346632

0.000348724 0.000346632
0.000349449 0.000346812

0.000349449 0.000346812
0.000350174 0.000346992

0.000350174 0.000346992
0.000350899 0.00034717

0.000350899 0.000347171
0.000351517 0.000347322

0.000351518 0.000347322
0.000351624 0.000347348

0.000351624 0.000347348
0.000352349 0.000347524

0.000352349 0.000347524
0.000353074 0.000347698

0.000353070.000254525 0
0.000254527 1.4502e-06

0.000254527 1.4502e-06
0.000254531 2.17529e-06

0.000254531 2.17529e-06
0.000254537 2.90039e-06

0.000254537 2.90039e-06
0.000254546 3.62549e-06

0.000254546 3.62549e-06
0.000254556 4.35059e-06

0.000254556 4.35059e-06
0.000254569 5.07568e-06

0.000254569 5.07568e-06
0.000254583 5.80078e-06

0.000254583 5.80078e-06
0.000254599 6.52588e-06

0.000254599 6.52588e-06
0.000254615 7.25098e-06

0.000254615 7.25098e-06
0.000254632 7.97607e-06

0.000254632 7.97607e-06
0.000254651 8.70117e-06

0.000254651 8.70117e-06
0.000254673 9.42627e-06

0.000254673 9.42627e-06
0.000254697 1.01514e-05

0.000254697 1.01514e-05
0.000254723 1.08765e-05

0.000254723 1.08765e-05
0.000254752 1.16016e-05

0.000265006 0
0.000265008 7.25098e-07

0.000265009 7.25098e-07
0.000265013 1.4502e-06

0.000265012 1.4502e-06
0.000265018 2.17529e-06

0.000265019 2.17529e-06
0.000265027 2.90039e-06

0.000265027 2.90039e-06
0.000265037 3.62549e-06

0.000265038 3.62549e-06
0.000265051 4.35059e-06

0.00026505 4.35059e-06
0.000265065 5.07568e-06

0.000265066 5.07568e-06
0.000265084 5.80078e-06

0.000265083 5.80078e-06
0.000265103 6.52588e-06

0.000265103 6.52588e-06
0.000265125 7.25098e-06

0.000265124 7.25098e-06
0.000265148 7.97607e-06

0.000265149 7.97607e-06
0.000265174 8.70117e-06

0.000265174 8.70117e-06
0.000265202 9.42627e-06

0.000265202 9.42627e-06
0.000265232 1.01514e-05

0.000265231 1.01514e-05
0.000265263 1.08765e-05

0.000265264 1.08765e-05
0.000265298 1.16016e-05

0.000254752 1.16016e-05
0.000254782 1.23267e-05

0.000254782 1.23267e-05
0.000254814 1.30518e-05

0.000254814 1.30518e-05
0.000254849 1.37769e-05

0.000254849 1.37769e-05
0.000254885 1.4502e-05

0.000254885 1.4502e-05
0.000254924 1.52271e-05

0.000254924 1.52271e-05
0.000254965 1.59521e-05

0.000254965 1.59521e-05
0.000255007 1.66772e-05

0.000255007 1.66772e-05
0.000255052 1.74023e-05

0.000255052 1.74023e-05
0.000255099 1.81274e-05

0.000255099 1.81274e-05
0.000255148 1.88525e-05

0.000255148 1.88525e-05
0.000255186 1.93936e-05

0.000255186 1.93937e-05
0.000255199 1.95776e-05

0.000255199 1.95776e-05
0.000255252 2.03027e-05

0.000255252 2.03027e-05
0.000255307 2.10278e-05

0.000255307 2.10278e-05
0.000255364 2.17529e-05

0.000255364 2.17529e-05
0.000255424 2.2478e-05

0.000255424 2.2478e-05
0.000255485 2.32031e-05

0.000265297 1.16016e-05
0.000265333 1.23267e-05

0.000265334 1.23267e-05
0.000265337 1.23947e-05

0.000265337 1.23947e-05
0.000265372 1.30518e-05

0.000265372 1.30518e-05
0.000265412 1.37769e-05

0.000265412 1.37769e-05
0.000265455 1.4502e-05

0.000265455 1.4502e-05
0.000265499 1.52271e-05

0.000265499 1.52271e-05
0.000265546 1.59521e-05

0.000265546 1.59521e-05
0.000265594 1.66772e-05

0.000265595 1.66772e-05
0.000265645 1.74023e-05

0.000265645 1.74023e-05
0.000265697 1.81274e-05

0.000265697 1.81274e-05
0.000265752 1.88525e-05

0.000265752 1.88525e-05
0.000265807 1.95776e-05

0.000265808 1.95776e-05
0.000265865 2.03027e-05

0.000265865 2.03027e-05
0.000265924 2.10278e-05

0.000265924 2.10278e-05
0.000265985 2.17529e-05

0.000265985 2.17529e-05
0.000266048 2.2478e-05

0.000266048 2.2478e-05
0.000266063 2.26453e-05

0.000255485 2.32031e-05
0.000255549 2.39282e-05

0.000255549 2.39282e-05
0.000255614 2.46533e-05

0.000255614 2.46533e-05
0.000255682 2.53784e-05

0.000255682 2.53784e-05
0.000255752 2.61035e-05

0.000255752 2.61035e-05
0.000255823 2.68286e-05

0.000255823 2.68286e-05
0.000255897 2.75537e-05

0.000255897 2.75537e-05
0.000255911 2.76857e-05

0.000255911 2.76859e-05
0.000255973 2.82788e-05

0.000255973 2.82788e-05
0.000256051 2.90039e-05

0.000256051 2.90039e-05
0.000256131 2.9729e-05

0.000256131 2.9729e-05
0.000256213 3.04541e-05

0.000256213 3.04541e-05
0.000256297 3.11792e-05

0.000256297 3.11792e-05
0.000256383 3.19043e-05

0.000256383 3.19043e-05
0.000256472 3.26294e-05

0.000256472 3.26294e-05
0.000256562 3.33545e-05

0.000256562 3.33545e-05
0.000256636 3.39407e-05

0.000256636 3.39407e-05
0.000256654 3.40796e-05

0.000256654 3.40796e-05
0.000256748 3.48047e-05

0.000256748 3.48047e-05
0.000256844 3.55298e-05

0.000256844 3.54 0.000347698
0.000353799 0.000347871

0.000353799 0.000347871
0.000354524 0.000348043

0.000354524 0.000348043
0.000354542 0.000348047

0.00034019 0.000348047
0.000340748 0.000348137

0.000340748 0.000348137
0.000341473 0.000348257

0.000341473 0.000348257
0.000342198 0.000348378

0.000342198 0.000348378
0.000342923 0.000348501

0.000342923 0.000348501
0.000343648 0.000348626

0.000343648 0.000348626
0.000344373 0.000348752

0.000344373 0.000348752
0.000344485 0.000348772

0.000344487 0.000348772
0.000345098 0.000348879

0.000345098 0.000348879
0.000345823 0.000349008

0.000345823 0.000349008
0.000346548 0.000349138

0.000346548 0.000349138
0.000347273 0.000349269

0.000347273 0.000349269
0.000347999 0.000349401

0.000347999 0.000349401
0.000348527 0.000349497

0.000348528 0.000349497
0.000348724 0.000349533

0.000348724 0.000349533
0.000349449 0.000349666

0.000349449 0.000349666
0.000350174 0.000349799

0.000350174 0.000349799
0.000350899 0.000349933

0.000350899 0.000349933
0.000351624 0.000350067

0.000351624 0.000350068
0.000352349 0.000350202

0.000352349 0.000350202
0.000352459 0.000350222

0.000352461 0.000350222
0.000353074 0.000350335

0.000353074 0.000350335
0.000353799 0.000350469

0.000353799 0.000350469
0.000354524 0.000350603

0.000354542 0.000348047
0.00035525 0.000348212

0.00035525 0.000348212
0.000355975 0.000348379

0.000354524 0.000350603
0.00035525 0.000350736

0.00035525 0.000350736
0.000355975 0.000350868

0.000355975 0.000348379
0.0003567 0.000348545

0.0003567 0.000348545
0.000357425 0.000348708

0.000355975 0.000350868
0.000356413 0.000350947

0.000357425 0.000348709
0.00035771 0.000348772

0.000357712 0.000348772
0.00035815 0.000348869

0.00035815 0.000348869
0.000358875 0.000349027

0.000356414 0.000350947
0.0003567 0.000350999

0.0003567 0.000350999
0.000357425 0.000351129

0.000357425 0.000351129
0.00035815 0.000351258

0.00035815 0.000351258
0.000358875 0.000351385

0.000358875 0.000217242
0.00035917 0.000217529

0.000359169 0.000217529
0.0003596 0.000217947

0.0003596 0.000217948
0.000359918 0.000218254

0.000359917 0.000218254
0.000360325 0.000218645

0.000360325 0.000218647
0.000360675 0.000218979

0.000360673 0.000218979
0.00036105 0.000219337

0.00036105 0.000219339
0.000361438 0.000219705

0.000361437 0.000219705
0.000361775 0.000220023

0.000361775 0.000220025
0.00036221 0.00022043

0.000358875 0.000225028
0.000359451 0.000225505

0.000359451 0.000225505
0.0003596 0.000225627

0.0003596 0.000225629
0.000360325 0.000226223

0.000360325 0.000226223
0.000360334 0.00022623

0.000362208 0.00022043
0.0003625 0.000220702

0.0003625 0.000220705
0.000362991 0.000221155

0.000362988 0.000221155
0.000363226 0.000221374

0.000363226 0.000221376
0.000363777 0.00022188

0.000363776 0.00022188
0.000363951 0.00022204

0.000363951 0.000222041
0.000364571 0.000222605

0.000364572 0.000222605
0.000364676 0.000222699

0.000360334 0.00022623
0.00036105 0.000226812

0.00036105 0.000226813
0.000361229 0.000226956

0.00036123 0.000226956
0.000361775 0.000227394

0.000361775 0.000227398
0.000362136 0.000227681

0.000362133 0.000227681
0.0003625 0.000227969

0.0003625 0.000227973
0.00036305 0.000228406

0.00036305 0.000228406
0.000363226 0.000228542

0.000363226 0.000228544
0.000363951 0.00022911

0.000363951 0.00022911
0.000363977 0.000229131

0.000363978 0.000229131
0.000364676 0.000229671

0.000364676 0.0002227
0.000365374 0.00022333

0.000365376 0.00022333
0.000365401 0.000223353

0.000365401 0.000223354
0.000366126 0.000224001

0.000366126 0.000224001
0.000366187 0.000224055

0.000366187 0.000224055
0.000366851 0.000224642

0.000366851 0.000224643
0.000367008 0.00022478

0.000367008 0.00022478
0.000367576 0.000225277

0.000367576 0.000225279
0.000367838 0.000225505

0.000367836 0.000225505
0.000368301 0.000225905

0.000368301 0.00022591
0.000368678 0.00022623

0.000364676 0.000229673
0.000364918 0.000229856

0.000364918 0.000229856
0.000365401 0.000230226

0.000365401 0.000230228
0.000365866 0.000230581

0.000365866 0.000230581
0.000366126 0.000230774

0.000366126 0.000230778
0.000366828 0.000231306

05298e-05
0.000256943 3.62549e-05

0.000256943 3.62549e-05
0.000257043 3.698e-05

0.000257043 3.698e-05
0.000257145 3.77051e-05

0.000257145 3.77051e-05
0.000257249 3.84302e-05

0.000257249 3.84302e-05
0.000257355 3.91553e-05

0.000257355 3.91553e-05
0.000257361 3.91964e-05

0.000257361 3.91966e-05
0.000257463 3.98804e-05

0.000257463 3.98804e-05
0.000257573 4.06055e-05

0.000257573 4.06055e-05
0.000257686 4.13306e-05

0.000257685 4.13306e-05
0.0002578 4.20557e-05

0.0002578 4.20557e-05
0.000257916 4.27808e-05

0.000257916 4.27808e-05
0.000258034 4.35059e-05

0.000258033 4.35059e-05
0.000258086 4.38258e-05

0.000258086 4.3826e-05
0.000258153 4.4231e-05

0.000258153 4.4231e-05
0.000258276 4.49561e-05

0.000258276 4.49561e-05
0.0002584 4.56812e-05

0.0002584 4.56812e-05
0.000258525 4.64062e-05

0.000258525 4.64062e-05
0.000258653 4.71313e-05

0.000258653 4.71313e-05
0.000258783 4.78564e-05

0.000258783 4.78564e-05
0.000258812 4.80121e-05

0.000258812 4.80123e-05
0.000258915 4.85815e-05

0.000258915 4.85815e-05
0.000259049 4.93066e-05

0.000259049 4.93066e-05
0.000259185 5.00317e-05

0.000259185 5.00317e-05
0.000259323 5.07568e-05

0.000259323 5.07568e-05
0.000259463 5.14819e-05

0.000259463 5.14819e-05
0.000259537 5.18569e-05

0.000259537 5.18571e-05
0.000259605 5.2207e-05

0.000259605 5.2207e-05
0.00025975 5.29321e-05

0.00025975 5.29321e-05
0.000259896 5.36572e-05

0.000259896 5.36572e-05
0.000260044 5.43823e-05

0.000260044 5.43823e-05
0.000260194 5.51074e-05

0.000260194 5.51074e-05
0.000260262 5.54273e-05

0.000260262 5.54275e-05
0.000260347 5.58325e-05

0.000260347 5.58325e-05
0.000260502 5.65576e-05

0.000260502 5.65576e-05
0.000260659 5.72827e-05

0.000260659 5.72827e-05
0.000260818 5.80078e-05

0.000260818 5.80078e-05
0.000260979 5.87329e-05

0.000260979 5.87329e-05
0.000260987 5.87695e-05

0.000260987 5.87698e-05
0.000261142 5.9458e-05

0.000261142 5.9458e-05
0.000261308 6.01831e-05

0.000261308 6.01831e-05
0.000261475 6.09082e-05

0.000261475 6.09082e-05
0.000261645 6.16333e-05

0.000261645 6.16333e-05
0.000261712 6.19139e-05

0.000261712 6.19142e-05
0.000261817 6.23584e-05

0.000261818 6.23584e-05
0.000261992 6.30835e-05

0.000261992 6.30835e-05
0.000262169 6.38086e-05

0.000262169 6.38086e-05
0.000262348 6.45337e-05

0.000262348 6.45337e-05
0.000262437 6.48902e-05

0.000262437 6.48905e-05
0.000262529 6.52588e-05

0.000262529 6.52588e-05
0.000262713 6.59839e-05

0.000262713 6.59839e-05
0.000262899 6.6709e-05

0.000262899 6.6709e-05
0.000263087 6.74341e-05

0.000263087 6.74341e-05
0.000263162 6.77187e-05

0.000263162 6.77189e-05
0.000263278 6.81592e-05

0.000263278 6.81592e-05
0.000263472 6.88843e-05

0.000263472 6.88843e-05
0.000263667 6.96094e-05

0.000263667 6.96094e-05
0.000263865 7.03345e-05

0.000263865 7.03345e-05
0.000263887 7.04163e-05

0.000263887 7.04166e-05
0.000264065 7.10596e-05

0.000264065 7.10596e-05
0.000264268 7.17847e-05

0.000264268 7.17847e-05
0.000264473 7.25098e-05

0.000264473 7.25098e-05
0.000264612 7.29958e-05

0.000264612 7.2996e-05
0.000264681 7.32349e-05

0.000264681 7.32349e-05
0.000264891 7.396e-05

0.000264891 7.396e-05
0.000265104 7.46851e-05

0.000265104 7.46851e-05
0.000265319 7.54102e-05

0.000265319 7.54102e-05
0.000265337 7.54717e-05

0.000265337 7.5472e-05
0.000265537 7.61353e-05

0.000265537 7.61353e-05
0.000265757 7.68604e-05

0.000265757 7.68604e-05
0.00026598 7.75854e-05

0.000265979 7.75854e-05
0.000266063 7.78532e-05

0.000266063 2.26455e-05
0.000266112 2.32031e-05

0.000266112 2.32031e-05
0.000266178 2.39282e-05

0.000266178 2.39282e-05
0.000266247 2.46533e-05

0.000266247 2.46533e-05
0.000266317 2.53784e-05

0.000266317 2.53784e-05
0.000266389 2.61035e-05

0.000266389 2.61035e-05
0.000266463 2.68286e-05

0.000266463 2.68286e-05
0.000266539 2.75537e-05

0.000266539 2.75537e-05
0.000266617 2.82788e-05

0.000266617 2.82788e-05
0.000266696 2.90039e-05

0.000266697 2.90039e-05
0.000266778 2.9729e-05

0.000266778 2.9729e-05
0.000266788 2.981e-05

0.000266788 2.98102e-05
0.000266862 3.04541e-05

0.000266862 3.04541e-05
0.000266947 3.11792e-05

0.000266947 3.11792e-05
0.000.000366828 0.000231306
0.000366851 0.000231323

0.000366851 0.000231323
0.000367576 0.000231864

0.000368674 0.00022623
0.000369026 0.000226529

0.000369026 0.000226533
0.000369525 0.000226956

0.000369523 0.000226956
0.000369751 0.000227149

0.000369751 0.00022715
0.00037038 0.000227681

0.00037038 0.000227681
0.000370477 0.000227762

0.000367576 0.000231866
0.000367803 0.000232031

0.000370477 0.000227763
0.000371202 0.00022837

0.000371202 0.00022837
0.000371245 0.000228406

0.000371245 0.000228406
0.000371927 0.000228972

0.000371927 0.000228973
0.000372119 0.000229131

0.000372119 0.000229131
0.000372652 0.000229569

0.000372652 0.000229573
0.000373004 0.000229856

0.000373 0.000229856
0.000373377 0.000230159

0.000373377 0.000230163
0.000373894 0.000230581

0.000373893 0.000230581
0.000374102 0.000230748

0.000374102 0.000230749
0.000374796 0.000231306

0.000374796 0.000231306
0.000374827 0.000231331

0.000374827 0.000231331
0.000375552 0.000231909

0.000375552 0.00023191
0.000375706 0.000232031

0.000367803 0.000232031
0.000368301 0.0002324

0.000368301 0.000232401
0.000368786 0.000232756

0.000368786 0.000232756
0.000369026 0.000232928

0.000369026 0.000232932
0.000369751 0.000233459

0.000369751 0.000233459
0.000369782 0.000233481

0.000369783 0.000233481
0.000370477 0.000233981

0.000370477 0.000233983
0.000370791 0.000234207

0.000370793 0.000234207
0.000371202 0.000234499

0.000371202 0.000234501
0.000371809 0.000234932

0.00037181 0.000234932
0.000371927 0.000235013

0.000371927 0.000235014
0.000372652 0.000235524

0.000372652 0.000235527
0.000372842 0.000235657

0.000372843 0.000235657
0.000373377 0.00023603

0.000375707 0.000232031
0.000376277 0.000232482

0.000373377 0.000236031
0.000373883 0.000236382

0.000373885 0.000236382
0.000374102 0.00023653

0.000374102 0.000236533
0.000374827 0.000237032

0.000374827 0.000237033
0.000374938 0.000237107

0.000374938 0.000237107
0.000375552 0.000237526

0.000375552 0.000237527
0.000376002 0.000237832

0.000376005 0.000237832
0.000376277 0.000238016

0.000376277 0.000232485
0.000376628 0.000232756

0.000376626 0.000232756
0.000377002 0.000233049

0.000377002 0.000233052
0.000377554 0.000233481

0.000377554 0.000233481
0.000377728 0.000233614

0.000377728 0.000233615
0.000378453 0.000234175

0.000378453 0.000234175
0.000378494 0.000234207

0.000378494 0.000234207
0.000379178 0.000234731

0.000379178 0.000234733
0.000379443 0.000234932

0.000379443 0.000234932
0.000379903 0.000235282

0.000379903 0.000235283
0.000380398 0.000235657

0.000380397 0.000235657
0.000380628 0.000235827

0.000380628 0.00023583
0.000381353 0.000236373

0.000381353 0.000236373
0.000381366 0.000236382

0.000381365 0.000236382
0.000382078 0.000236912

0.000376277 0.000238018
0.000377002 0.000238506

0.000377002 0.000238507
0.000377079 0.000238557

0.00037708 0.000238557
0.000377728 0.00023899

0.000377728 0.000238991
0.000378166 0.000239282

0.00037817 0.000239282
0.000378453 0.00023947

0.000378453 0.000239472
0.000379178 0.00023995

0.000379178 0.000239951
0.000379266 0.000240007

0.000379267 0.000240007
0.000379903 0.000240424

0.000379903 0.000240425
0.000380375 0.000240732

0.000380379 0.000240732
0.000380628 0.000240894

0.000380628 0.000240897
0.000381353 0.000241365

0.000381353 0.000241367
0.000381496 0.000241458

0.000381498 0.000241458
0.000382078 0.00024183

0.000382078 0.000236914
0.000382344 0.000237107

0.000382343 0.000237107
0.000382803 0.000237447

0.000382803 0.000237448
0.000383327 0.000237832

0.000383326 0.000237832
0.000383528 0.000237977

0.000383528 0.000237979
0.000384253 0.000238506

0.000384253 0.000238507
0.000384323 0.000238557

0.000384323 0.000238557
0.000384979 0.000239031

0.000382078 0.000241832
0.000382628 0.000242183

0.000382631 0.000242183
0.000382803 0.000242292

0.000382803 0.000242294
0.000383528 0.000242754

0.000383528 0.000242756
0.00038377 0.000242908

0.000383773 0.000242908
0.000384253 0.000243211

0.000384253 0.000243213
0.000384923 0.000243633

0.000384979 0.000239032
0.000385328 0.000239282

0.00038533 0.000239282
0.000385704 0.00023955

0.0003267035 3.19043e-05

0.000267035 3.19043e-05
0.000267124 3.26294e-05

0.000267124 3.26294e-05
0.000267216 3.33545e-05

0.000267216 3.33545e-05
0.000267309 3.40796e-05

0.000267309 3.40796e-05
0.000267404 3.48047e-05

0.000267404 3.48047e-05
0.000267501 3.55298e-05

0.000267501 3.55298e-05
0.000267513 3.56172e-05

0.000267513 3.56174e-05
0.0002676 3.62549e-05

0.0002676 3.62549e-05
0.0002677 3.698e-05

0.0002677 3.698e-05
0.000267803 3.77051e-05

0.000267803 3.77051e-05
0.000267907 3.84302e-05

0.000267907 3.84302e-05
0.000268014 3.91553e-05

0.000268014 3.91553e-05
0.000268122 3.98804e-05

0.000268122 3.98804e-05
0.000268232 4.06055e-05

0.000268232 4.06055e-05
0.000268238 4.06426e-05

0.000268238 4.06428e-05
0.000268344 4.13306e-05

0.000268344 4.13306e-05
0.000268458 4.20557e-05

0.000268458 4.20557e-05
0.000268573 4.27808e-05

0.000268573 4.27808e-05
0.000268691 4.35059e-05

0.000268691 4.35059e-05
0.00026881 4.4231e-05

0.00026881 4.4231e-05
0.000268931 4.49561e-05

0.000268931 4.49561e-05
0.000268963 4.5144e-05

0.000268963 4.51442e-05
0.000269054 4.56812e-05

0.000269054 4.56812e-05
0.000269179 4.64062e-05

0.000269179 4.64062e-05
0.000269305 4.71313e-05

0.000269305 4.71313e-05
0.000269434 4.78564e-05

0.000269434 4.78564e-05
0.000269564 4.85815e-05

0.000269564 4.85815e-05
0.000269688 4.92628e-05

0.000269688 4.92628e-05
0.000269696 4.93066e-05

0.000269696 4.93066e-05
0.00026983 5.00317e-05

0.00026983 5.00317e-05
0.000269966 5.07568e-05

0.000269966 5.07568e-05
0.000270103 5.14819e-05

0.000270103 5.14819e-05
0.000270243 5.2207e-05

0.000270243 5.2207e-05
0.000270384 5.29321e-05

0.000270384 5.29321e-05
0.000270413 5.30776e-05

0.000270413 5.30778e-05
0.000270528 5.36572e-05

0.000270528 5.36572e-05
0.000270673 5.43823e-05

0.000270673 5.43823e-05
0.00027082 5.51074e-05

0.00027082 5.51074e-05
0.000270969 5.58325e-05

0.000270969 5.58325e-05
0.00027112 5.65576e-05

0.00027112 5.65576e-05
0.000271138 5.66452e-05

0.000271138 5.66455e-05
0.000271273 5.72827e-05

0.000271272 5.72827e-05
0.000271427 5.80078e-05

0.000271427 5.80078e-05
0.000271584 5.87329e-05

0.000271584 5.87329e-05
0.000271743 5.9458e-05

0.000271743 5.9458e-05
0.000271863 6.00016e-05

0.000271863 6.00017e-05
0.000271904 6.01831e-05

0.000271903 6.01831e-05
0.000272066 6.09082e-05

0.000272066 6.09082e-05
0.000272231 6.16333e-05

0.000272231 6.16333e-05
0.000272398 6.23584e-05

0.000272398 6.23584e-05
0.000272567 6.30835e-05

0.000272567 6.30835e-05
0.000272588 6.31758e-05

0.000272588 6.31761e-05
0.000272737 6.38086e-05

0.000272737 6.38086e-05
0.00027291 6.45337e-05

0.00027291 6.45337e-05
0.000273085 6.52588e-05

0.000273085 6.52588e-05
0.000273263 6.59839e-05

0.000273263 6.59839e-05
0.000273313 6.6189e-05

0.000273313 6.61893e-05
0.000273442 6.6709e-05

0.000273442 6.6709e-05
0.000273623 6.74341e-05

0.000273623 6.74341e-05
0.000273807 6.81592e-05

0.000273807 6.81592e-05
0.000273993 6.88843e-05

0.000273993 6.88843e-05
0.000274039 6.90604e-05

0.000274039 6.90607e-05
0.000274181 6.96094e-05

0.000266063 7.78534e-05
0.000266205 7.83105e-05

0.000266205 7.83105e-05
0.000266433 7.90356e-05

0.000266433 7.90356e-05
0.000266663 7.97607e-05

0.000266663 7.97607e-05
0.000266788 8.01495e-05

0.000266788 8.01497e-05
0.000266896 8.04858e-05

0.000266896 8.04858e-05
0.000267132 8.12109e-05

0.000274181 6.96094e-05
0.000274371 7.03345e-05

0.000274371 7.03345e-05
0.000274563 7.10596e-05

0.000274563 7.10596e-05
0.000274758 7.17847e-05

0.000274758 7.17847e-05
0.000274764 7.18043e-05

0.000274764 7.18048e-05
0.000274955 7.25098e-05

0.000274955 7.25098e-05
0.000275154 7.32349e-05

0.000275154 7.32349e-05
0.000275356 7.396e-05

0.000275356 7.396e-05
0.000275489 7.44324e-05

0.000275489 7.44326e-05
0.00027556 7.46851e-05

0.00027556 7.46851e-05
0.000275766 7.54102e-05

0.000275766 7.54102e-05
0.000275974 7.61353e-05

0.000275974 7.61353e-05
0.000276185 7.68604e-05

0.000276185 7.68604e-05
0.000276214 7.69577e-05

0.000276214 7.69582e-05
0.000276398 7.75854e-05

0.000276398 7.75854e-05
0.000276614 7.83105e-05

0.000276614 7.83105e-05
0.000276832 7.90356e-0585704 0.000239552
0.000386342 0.000240007

0.000386342 0.000240007
0.000386429 0.000240068

0.000386429 0.000240068
0.000387154 0.000240582

0.000387154 0.000240584
0.000387369 0.000240732

0.000387368 0.000240732
0.000387879 0.000241092

0.000387879 0.000241093
0.000388401 0.000241458

0.0003884 0.000241458
0.000388604 0.000241597

0.000388604 0.000241599
0.000389329 0.000242103

0.000389329 0.000242104
0.000389445 0.000242183

0.000389445 0.000242183
0.000390054 0.000242603

0.000390054 0.000242604
0.000390497 0.000242908

0.000390498 0.000242908
0.000390779 0.0002431

0.000390779 0.000243101
0.000391504 0.000243596

0.000391504 0.000243596
0.000391559 0.000243633

0.000384924 0.000243633
0.000384979 0.000243666

0.000384979 0.000243667
0.000385704 0.000244119

0.000385704 0.000244121
0.000386086 0.000244358

0.00038609 0.000244358
0.000386429 0.000244568

0.000386429 0.00024457
0.000387154 0.000245018

0.000387154 0.000245019
0.000387259 0.000245083

0.000387261 0.000245083
0.000387879 0.000245462

0.000387879 0.000245464
0.000388442 0.000245808

0.000388446 0.000245808
0.000388604 0.000245904

0.000388604 0.000245906
0.000389329 0.000246347

0.000389329 0.000246348
0.000389634 0.000246533

0.000389638 0.000246533
0.000390054 0.000246785

0.000390054 0.000246787
0.000390779 0.000247224

0.000391559 0.000243633
0.000392229 0.000244088

0.000392229 0.000244088
0.000392629 0.000244358

0.000392631 0.000244358
0.000392955 0.000244576

0.000392955 0.000244577
0.00039368 0.000245064

0.000390779 0.000247225
0.000390836 0.000247258

0.000390838 0.000247258
0.000391504 0.000247658

0.000391504 0.00024766
0.000392046 0.000247983

0.00039205 0.000247983
0.000392229 0.000248091

0.000392229 0.000248092
0.000392955 0.000248524

0.000392955 0.000248525
0.000393263 0.000248708

0.000393267 0.000248708
0.00039368 0.000248954

0.00039368 0.000245064
0.000393709 0.000245083

0.000393709 0.000245083
0.000394405 0.000245548

0.000394405 0.000245548
0.000394795 0.000245808

0.000394798 0.000245808
0.00039513 0.000246029

0.00039513 0.00024603
0.000395855 0.00024651

0.000395855 0.00024651
0.000395891 0.000246533

0.00039368 0.000248955
0.000394405 0.000249384

0.000394405 0.000249385
0.000394488 0.000249434

0.000395891 0.000246533
0.00039658 0.000246987

0.00039658 0.000246988
0.000396993 0.000247258

0.000396995 0.000247258
0.000397305 0.000247462

0.000397305 0.000247463
0.00039803 0.000247937

0.00039803 0.000247938
0.000398102 0.000247983

0.000398102 0.000247983
0.000398755 0.000248409

0.000398755 0.00024841
0.000399215 0.000248708

0.000399217 0.000248708
0.00039948 0.000248879

0.000394491 0.000249434
0.00039513 0.000249811

0.00039513 0.000249812
0.000395719 0.000250159

0.000395723 0.000250159
0.000395855 0.000250236

0.000395855 0.000250238
0.00039658 0.000250663

0.00039658 0.000250664
0.000396954 0.000250884

0.000396959 0.000250884
0.000397305 0.000251087

0.000397305 0.000251089
0.00039803 0.000251513

0.00039803 0.000251513
0.000398194 0.000251609

0.000398197 0.000251609
0.000398755 0.000251935

0.000398755 0.000251936
0.000399437 0.000252334

0.000399439 0.000252334
0.00039948 0.000252358

0.00039948 0.00024888
0.000400206 0.00024935

0.000400206 0.000249351
0.000400335 0.000249434

0.000400335 0.000249434
0.000400931 0.000249818

0.000400931 0.000249819
0.000401457 0.000250159

0.000401459 0.000250159
0.000401656 0.000250285

0.000401656 0.000250286
0.000402381 0.000250753

0.00039948 0.000252358
0.000400206 0.000252781

0.000400206 0.000252782
0.00040068 0.000253059

0.000400684 0.000253059
0.000400931 0.000253203

0.000400931 0.000253205
0.000401656 0.000253627

0.000401656 0.000253628
0.000401923 0.000253784

0.000401927 0.000253784
0.000402381 0.000254049

0.000402381 0.000250754
0.000402584 0.000250884

0.000402584 0.000250884
0.000403106 0.000251219

0.000403106 0.00025122
0.000403711 0.000251609

0.000403711 0.000251609
0.000403831 0.000251684

0.000403831 0.000251685
0.000404556 0.000252151

0.000404556 0.000252152
0.000404839 0.000252334

0.000402381 0.000254051
0.000403106 0.000254475

0.000403106 0.00025447

0.000276832 7.90356e-05
0.000276939 7.93884e-05

0.000276939 7.93887e-05
0.000277052 7.97607e-05

0.000277052 7.97607e-05
0.000277274 8.04858e-05

0.000277274 8.04858e-05
0.0002775 8.12109e-05

0.000267131 8.12109e-05
0.000267369 8.1936e-05

0.000267369 8.1936e-05
0.000267513 8.23691e-05

0.000267513 8.23692e-05
0.00026761 8.26611e-05

0.00026761 8.26611e-05
0.000267853 8.33862e-05

0.000267853 8.33862e-05
0.000268098 8.41113e-05

0.000268098 8.41113e-05
0.000268238 8.4519e-05

0.000268238 8.45192e-05
0.000268346 8.48364e-05

0.000268347 8.48364e-05
0.000268598 8.55615e-05

0.000268598 8.55615e-05
0.00026885 8.62866e-05

0.00026885 8.62866e-05
0.000268963 8.6606e-05

0.000268963 8.66063e-05
0.000269106 8.70117e-05

0.000269106 8.70117e-05
0.000269365 8.77368e-05

0.000269365 8.77368e-05
0.000269625 8.84619e-05

0.000269625 8.84619e-05
0.000269688 8.86342e-05

0.000269688 8.86345e-05
0.000269889 8.9187e-05

0.000269889 8.9187e-05
0.000270155 8.99121e-05

0.000270155 8.99121e-05
0.000270413 9.06098e-05

0.000270413 9.06099e-05
0.000270423 9.06372e-05

0.000270423 9.06372e-05
0.000270695 9.13623e-05

0.000270695 9.13623e-05
0.000270968 9.20874e-05

0.000270968 9.20874e-05
0.000271138 9.25353e-05

0.000271138 9.25355e-05
0.000271244 9.28125e-05

0.0002775 8.12109e-05
0.000277664 8.17344e-05

0.000277664 8.17345e-05
0.000277727 8.1936e-05

0.000277727 8.1936e-05
0.000277957 8.26611e-05

0.000277957 8.26611e-05
0.000278189 8.33862e-05

0.00027819 8.33862e-05
0.000278389 8.40023e-05

0.000278389 8.40024e-05
0.000278424 8.41113e-05

0.000278424 8.41113e-05
0.000278662 8.48364e-05

0.000278661 8.48364e-05
0.000278901 8.55615e-05

0.000278901 8.55615e-05
0.000279114 8.61989e-05

0.000279114 8.6199e-05
0.000279144 8.62866e-05

0.000279144 8.62866e-05
0.000279388 8.70117e-05

0.000279388 8.70117e-05
0.000279635 8.77368e-05

0.000279635 8.77368e-05
0.000279839 8.83302e-05

0.000279839 8.83304e-05
0.000279885 8.84619e-05

0.000279885 8.84619e-05
0.000280136 8.9187e-05

0.000280136 8.9187e-05
0.000280391 8.99121e-05

0.000280391 8.99121e-05
0.000280564 9.04017e-05

0.000280564 9.04019e-05
0.000280648 9.06372e-05

0.000280648 9.06372e-05
0.000280907 9.13623e-05

0.000280907 9.13623e-05
0.000281169 9.20874e-05

0.000281169 9.20874e-05
0.00028129 9.24182e-05

0.00028129 9.24186e-05
0.000281433 9.28125e-05

0.000271244 9.28125e-05
0.000271523 9.35376e-05

0.000271522 9.35376e-05
0.000271803 9.42627e-05

0.000271803 9.42627e-05
0.000271863 9.44165e-05

0.000271863 9.44167e-05
0.000272087 9.49878e-05

0.000272087 9.49878e-05
0.000272373 9.57129e-05

0.000272372 9.57129e-05
0.000272588 9.6256e-05

0.000272588 9.62561e-05
0.000272661 9.6438e-05

0.000272661 9.6438e-05
0.000272952 9.71631e-05

0.000272952 9.71631e-05
0.000273245 9.78882e-05

0.000273245 9.78882e-05
0.000273313 9.80563e-05

0.000273313 9.80565e-05
0.000273541 9.86133e-05

0.000273541 9.86133e-05
0.000273839 9.93384e-05

0.000273839 9.93384e-05
0.000274039 9.98211e-05

0.000274039 9.98213e-05
0.000274139 0.000100063

0.00027414 0.000100063
0.000274442 0.000100789

0.000274442 0.000100789
0.000274747 0.000101514

0.000274747 0.000101514
0.000274764 0.000101553

0.000274764 0.000101553
0.000275055 0.000102239

0.000275055 0.000102239
0.000275365 0.000102964

0.000275364 0.000102964
0.000275489 0.000103253

0.000275489 0.000103253
0.000275677 0.000103689

0.000275677 0.000103689
0.000275992 0.000104414

0.000275991 0.000104414
0.000276214 0.000104924

0.000276214 0.000104924
0.000276308 0.000105139

0.000276308 0.000105139
0.000276627 0.000105864

0.000276627 0.000105864
0.000276939 0.000106568

0.000276939 0.000106568
0.000276948 0.000106589

0.000276948 0.000106589
0.000277272 0.000107314

0.000277272 0.000107314
0.000277598 0.00010804

0.000277598 0.00010804
0.000277664 0.000108186

0.000281433 9.28125e-05
0.000281699 9.35376e-05

0.0002817 9.35376e-05
0.000281969 9.42627e-05

0.000281969 9.42627e-05
0.000282015 9.43846e-05

0.000282015 9.43853e-05
0.00028224 9.49878e-05

0.00028224 9.49878e-05
0.000282514 9.57129e-05

0.000282514 9.57129e-05
0.00028274 9.63048e-05

0.00028274 5
0.000403165 0.000254509

0.000403167 0.000254509
0.000403831 0.000254898

0.00040484 0.000252334
0.000405281 0.000252617

0.000403831 0.000254899
0.000404401 0.000255234

0.000404405 0.000255234
0.000404556 0.000255323

0.000404556 0.000255324
0.000405281 0.000255751

0.000405281 0.000252618
0.000405968 0.000253059

0.000405967 0.000253059
0.000406006 0.000253084

0.000406006 0.000253084
0.000406731 0.000253551

0.000406731 0.000253551
0.000407093 0.000253784

0.000407094 0.000253784
0.000407457 0.000254018

0.000407457 0.000254018
0.000408182 0.000254487

0.000408182 0.000254487
0.000408217 0.000254509

0.000408216 0.000254509
0.000408907 0.000254957

0.000408907 0.000254957
0.000409333 0.000255234

0.000405281 0.000255752
0.000405632 0.000255959

0.000405636 0.000255959
0.000406006 0.000256178

0.000406006 0.00025618
0.000406731 0.00025661

0.000406731 0.000256611
0.000406856 0.000256685

0.000406858 0.000256685
0.000407457 0.000257041

0.000407457 0.000257042
0.000408069 0.00025741

0.000408072 0.00025741
0.000408182 0.000257475

0.000409334 0.000255234
0.000409632 0.000255428

0.000408182 0.000257476
0.000408907 0.000257913

0.000408907 0.000257914
0.00040927 0.000258135

0.000409632 0.000255428
0.000410357 0.000255902

0.000410357 0.000255903
0.000410446 0.000255959

0.000410445 0.000255959
0.000411082 0.000256377

0.000409273 0.000258135
0.000409632 0.000258353

0.000409632 0.000258354
0.000410357 0.000258797

0.000410357 0.000258798
0.000410458 0.00025886

0.00041046 0.00025886
0.000411082 0.000259243

0.000411082 0.000256377
0.000411548 0.000256685

0.000411549 0.000256685
0.000411807 0.000256854

0.000411807 0.000256855
0.000412532 0.000257336

0.000412532 0.000257337
0.000412645 0.00025741

0.000412643 0.00025741
0.000413257 0.000257819

0.000413257 0.000257819
0.000413727 0.000258135

0.000411082 0.000259244
0.000411629 0.000259585

0.000411632 0.000259585
0.000411807 0.000259694

0.000411807 0.000259695
0.000412532 0.00026015

0.000413727 0.000258135
0.000413982 0.000258305

0.000412532 0.000260151
0.000412783 0.00026031

0.000412785 0.00026031
0.000413257 0.00026061

0.000413257 0.000260611
0.000413918 0.000261035

0.000413982 0.000258306
0.000414708 0.000258797

0.000414708 0.000258798
0.000414801 0.00025886

0.000414799 0.00025886
0.000415433 0.000259292

0.000415433 0.000259292
0.000415857 0.000259585

0.000415857 0.000259585
0.000416158 0.000259791

0.000416158 0.000259792
0.000416883 0.000260297

0.000413918 0.000261035
0.000413982 0.000261076

0.000413982 0.000261076
0.000414708 0.000261547

0.000414708 0.000261548
0.00041503 0.00026176

0.000415032 0.00026176
0.000415433 0.000262024

0.000415433 0.000262025
0.000416121 0.000262485

0.00041612 0.000262485
0.000416158 0.00026251

0.000416158 0.000262509
0.000416883 0.000263001

0.000416883 0.000260296
0.000416902 0.00026031

0.000416902 0.00026031
0.000417608 0.000260807

0.000417608 0.000260808
0.000417928 0.000261035

0.000417928 0.000261035
0.000418333 0.000261324

0.000416883 0.000263002
0.000417186 0.00026321

0.000417187 0.00026321
0.000417608 0.000263501

0.000417608 0.000263501
0.000418226 0.000263936

0.000418333 0.000261324
0.000418938 0.00026176

0.000418935 0.00026176
0.000419058 0.000261848

0.000419058 0.000261847
0.000419783 0.000262378

0.000418225 0.000263936
0.000418333 0.00026401

0.000418333 0.00026401
0.000419058 0.000264528

0.000419058 0.00026453
0.000419241 0.000264661

0.00041924 0.000264661
0.000419783 0.000265057

0.000419783 0.000262379
0.000419929 0.000262485

0.000419927 0.000262485
0.000420508 0.000262917

0.000420508 0.000262918
0.000420898 0.00026321

0.000420895 0.00026321
0.000421233 0.000263463

0.000421233 0.000263464
0.000421847 0.000263936

0.000419783 0.000265058
0.000420224 0.000265386

0.000420223 0.000265386
0.000420508 0.000265595

0.000420508 0.000265597
0.000421183 0.000266111

0.000421182 0.000266111
0.000421233 0.00026615

0.000421845 0.000263936
0.000421958 0.000264023

0.000421958 0.000264021
0.000422684 0.000264589

0.000421233 0.000266149
0.000421958 0.000266715

0.000421958 0.000266716
0.000422111 09.63049e-05
0.00028279 9.6438e-05

0.00028279 9.6438e-05
0.000283069 9.71631e-05

0.000283069 9.71631e-05
0.00028335 9.78882e-05

0.000283351 9.78882e-05
0.000283465 9.81801e-05

0.000283465 9.81806e-05
0.000283634 9.86133e-05

0.000283634 9.86133e-05
0.00028392 9.93384e-05

0.00028392 9.93384e-05
0.00028419 0.000100017

0.00028419 0.000100017
0.000284208 0.000100063

0.000284208 0.000100063
0.000284499 0.000100789

0.000284499 0.000100789
0.000284792 0.000101514

0.000284793 0.000101514
0.000284915 0.000101814

0.000284915 0.000101815
0.000285088 0.000102239

0.000285088 0.000102239
0.000285385 0.000102964

0.000285386 0.000102964
0.00028564 0.000103579

0.00028564 0.000103579
0.000285686 0.000103689

0.000285686 0.000103689
0.000285988 0.000104414

0.000277664 0.000108187
0.000277926 0.000108765

0.000277926 0.000108765
0.000278256 0.00010949

0.000278256 0.00010949
0.000278389 0.000109781

0.000278389 0.000109782
0.000278588 0.000110215

0.000278588 0.000110215
0.000278923 0.00011094

0.000278922 0.00011094
0.000279114 0.000111354

0.000279114 0.000111354
0.000279259 0.000111665

0.000279259 0.000111665
0.000279598 0.00011239

0.000279597 0.00011239
0.000279839 0.000112905

0.000279839 0.000112905
0.000279938 0.000113115

0.000279939 0.000113115
0.000280281 0.00011384

0.000280281 0.00011384
0.000280564 0.000114437

0.000280564 0.000114437
0.000280625 0.000114565

0.000280626 0.000114565
0.000280973 0.000115291

0.000280972 0.000115291
0.00028129 0.000115951

0.00028129 0.000115951
0.000281321 0.000116016

0.000285988 0.000104414
0.000286293 0.000105139

0.000286293 0.000105139
0.000286365 0.000105309

0.000286365 0.00010531
0.0002866 0.000105864

0.0002866 0.000105864
0.000286909 0.000106589

0.000286909 0.000106589
0.00028709 0.000107011

0.00028709 0.000107011
0.000287221 0.000107314

0.00028722 0.000107314
0.000287534 0.00010804

0.000287534 0.00010804
0.000287815 0.000108685

0.000287815 0.000108685
0.00028785 0.000108765

0.00028785 0.000108765
0.000288168 0.00010949

0.000288168 0.00010949
0.000288488 0.000110215

0.000288489 0.000110215
0.000288541 0.000110331

0.000288541 0.000110332
0.000288811 0.00011094

0.00028881 0.00011094
0.000289135 0.000111665

0.000289136 0.000111665
0.000289266 0.000111954

0.000281321 0.000116016
0.000281671 0.000116741

0.000281671 0.000116741
0.000282015 0.000117447

0.000282015 0.000117447
0.000282024 0.000117466

0.000282024 0.000117466
0.000282379 0.000118191

0.000282378 0.000118191
0.000282735 0.000118916

0.000282735 0.000118916
0.00028274 0.000118926

0.00028274 0.000118926
0.000283093 0.000119641

0.000283093 0.000119641
0.000283453 0.000120366

0.000283453 0.000120366
0.000283465 0.00012039

0.000283465 0.00012039
0.000283815 0.000121091

0.000283814 0.000121091
0.000284178 0.000121816

0.000284178 0.000121816
0.00028419 0.00012184

0.00028419 0.00012184
0.000284543 0.000122542

0.000284543 0.000122542
0.000284911 0.000123267

0.000284911 0.000123267
0.000284915 0.000123275

0.000284915 0.000123275
0.00028528 0.000123992

0.000285279 0.000123992
0.00028564 0.000124698

0.00028564 0.000124698
0.00028565 0.000124717

0.00028565 0.000124717
0.000286022 0.000125442

0.000286022 0.000125442
0.000286365 0.000126107

0.000286365 0.000126107
0.000286396 0.000126167

0.000286396 0.000126167
0.000286772 0.000126892

0.000286771 0.000126892
0.00028709 0.000127505

0.00028709 0.000127505
0.000287149 0.000127617

0.000287149 0.000127617
0.000287528 0.000128342

0.000287527 0.000128342
0.000287815 0.000128891

0.000287815 0.000128891
0.000287908 0.000129067

0.000287908 0.000129067
0.00028829 0.000129792

0.00028829 0.000129792
0.000288541 0.000130266

0.000288541 0.000130266
0.000288674 0.000130518

0.000288674 0.000130518
0.000289059 0.000131243

0.000289059 0.000131243
0.000289266 0.000131631

0.000289266 0.000111955
0.000289462 0.00011239

0.000289462 0.00011239
0.00028979 0.000113115

0.000289791 0.000113115
0.000289991 0.000113554

0.000289991 0.000113554
0.000290121 0.00011384

0.000290121 0.00011384
0.000290454 0.000114565

0.000290454 0.000114565
0.000290716 0.000115132

0.0.000266836

0.000422684 0.000264589
0.000422775 0.000264661

0.000422774 0.000264661
0.000423409 0.000265168

0.000423409 0.000265169
0.000423679 0.000265386

0.000423676 0.000265386
0.000424134 0.000265758

0.000424134 0.000265761
0.00042456 0.000266111

0.000424555 0.000266111
0.000424859 0.000266363

0.000424859 0.000266363
0.000425415 0.000266836

0.000422111 0.000266836
0.000422684 0.000267295

0.000422684 0.000267297
0.000423011 0.000267561

0.000423006 0.000267561
0.000423409 0.000267889

0.000423409 0.000267892
0.000423879 0.000268286

0.000423875 0.000268286
0.000424134 0.000268505

0.000425412 0.000266836
0.000425584 0.000266983

0.000424134 0.000268504
0.000424717 0.000269011

0.000424715 0.000269011
0.000424859 0.000269137

0.000424859 0.000269135
0.000425526 0.000269736

0.000425525 0.000269736
0.000425584 0.00026979

0.000425584 0.000266981
0.000426246 0.000267561

0.000426245 0.000267561
0.000426309 0.000267618

0.000426309 0.000267616
0.000427034 0.000268269

0.000427034 0.000268268
0.000427054 0.000268286

0.000427053 0.000268286
0.000427759 0.000268941

0.000427759 0.000268941
0.000427834 0.000269011

0.000427833 0.000269011
0.000428484 0.000269634

0.000425584 0.000269788
0.000426305 0.000270461

0.000426305 0.000270461
0.000426309 0.000270465

0.000426309 0.000270464
0.000427034 0.000271166

0.000427034 0.000271167
0.000427054 0.000271187

0.000427056 0.000271187
0.000427759 0.000271895

0.000427759 0.000271896
0.000427775 0.000271912

0.000427776 0.000271912
0.000428468 0.000272637

0.000428469 0.000272637
0.000428484 0.000272653

0.000428484 0.000269635
0.000428588 0.000269736

0.000428588 0.000269736
0.000429209 0.000270351

0.000429209 0.000270352
0.000429318 0.000270461

0.000429319 0.000270461
0.000429935 0.000271096

0.000429935 0.000271096
0.000430021 0.000271187

0.000430022 0.000271187
0.00043066 0.000271868

0.00043066 0.000271868
0.0004307 0.000271912

0.0004307 0.000271912
0.000431354 0.000272637

0.000428484 0.000272655
0.000429133 0.000273362

0.000429134 0.000273362
0.000429209 0.000273446

0.000429209 0.000273449
0.000429772 0.000274087

0.000429773 0.000274087
0.000429935 0.000274276

0.000431356 0.000272637
0.000431385 0.00027267

0.000429935 0.000274279
0.000430384 0.000274812

0.000430387 0.000274812
0.00043066 0.000275151

0.00043066 0.000275148
0.00043097 0.000275537

0.000430974 0.000275537
0.000431385 0.000276064

0.000431385 0.000272673
0.000431982 0.000273362

0.000431984 0.000273362
0.00043211 0.000273511

0.00043211 0.000273516
0.000432585 0.000274087

0.000432589 0.000274087
0.000432835 0.000274398

0.000432835 0.000274397
0.000433163 0.000274812

0.000433166 0.000274812
0.00043356 0.000275326

0.00043356 0.000275325
0.000433718 0.000275537

0.000431385 0.000276062
0.000431537 0.000276262

0.000431539 0.000276262
0.000432082 0.000276987

0.000432085 0.000276987
0.00043211 0.000277022

0.00043211 0.000277026
0.000432603 0.000277712

0.000432604 0.000277712
0.000432835 0.000278047

0.000433721 0.000275537
0.000434253 0.000276262

0.000434256 0.000276262
0.000434285 0.000276303

0.000432835 0.000278049
0.000433103 0.000278437

0.000434285 0.000276309
0.000434762 0.000276987

0.000434763 0.000276987
0.00043501 0.000277356

0.00043501 0.000277358
0.000435248 0.000277712

0.000435248 0.000277712
0.000435711 0.000278437

0.000358875 0.000349027
0.0003596 0.000349183

0.0003596 0.000349183
0.000360325 0.000349336

0.000360325 0.000349336
0.00036105 0.000349486

0.00036105 0.000349486
0.000361106 0.000349497

0.000361107 0.000349497
0.000361775 0.000349632

0.000358875 0.000351385
0.0003596 0.00035151

0.0003596 0.00035151
0.000360325 0.000351634

0.000360325 0.000351634
0.000360554 0.000351672

0.000360557 0.000351672
0.00036105 0.000351755

0.00036105 0.000351755
0.000361775 0.000351873

0.000361775 0.000349632
0.0003625 0.000349774

0.0003625 0.000349774
0.000363226 0.000349913

0.000363226 0.000349913
0.000363951 0.000350048

0.000363951 0.000350048
0.000364676 0.000350179

0.000361775 0.000351873
0.0003625 0.000351989

0.0003625 0.000351989
0.000363226 0.000352102

0.0003632200290716 0.000115132
0.000290789 0.000115291

0.000290789 0.000115291
0.000291126 0.000116016

0.000291126 0.000116016
0.000291441 0.00011669

0.000291441 0.00011669
0.000291465 0.000116741

0.000291465 0.000116741
0.000291805 0.000117466

0.000291805 0.000117466
0.000292148 0.000118191

0.000292149 0.000118191
0.000292166 0.000118227

0.000292166 0.000118228
0.000292493 0.000118916

0.000292493 0.000118916
0.00029284 0.000119641

0.00029284 0.000119641
0.000292891 0.000119747

0.000292891 0.000119748
0.000293188 0.000120366

0.000293188 0.000120366
0.000293539 0.000121091

0.000293539 0.000121091
0.000293616 0.000121249

0.000293616 0.00012125
0.000293891 0.000121816

0.000293891 0.000121816
0.000294246 0.000122542

0.000294246 0.000122542
0.000294341 0.000122735

0.000294341 0.000122736
0.000294602 0.000123267

0.000294602 0.000123267
0.00029496 0.000123992

0.00029496 0.000123992
0.000295066 0.000124205

0.000295066 0.000124206
0.00029532 0.000124717

0.00029532 0.000124717
0.000295681 0.000125442

0.000295682 0.000125442
0.000295792 0.00012566

0.000295792 0.000125661
0.000296045 0.000126167

0.000296045 0.000126167
0.00029641 0.000126892

0.000296411 0.000126892
0.000296517 0.0001271

0.000296517 0.000127101
0.000296778 0.000127617

0.000289266 0.000131631
0.000289445 0.000131968

0.000289446 0.000131968
0.000289834 0.000132693

0.000289834 0.000132693
0.000289991 0.000132985

0.000289991 0.000132985
0.000290223 0.000133418

0.000290224 0.000133418
0.000290615 0.000134143

0.000290615 0.000134143
0.000290716 0.00013433

0.000290716 0.00013433
0.000291007 0.000134868

0.000291008 0.000134868
0.000291402 0.000135593

0.000291402 0.000135593
0.000291441 0.000135664

0.000291441 0.000135665
0.000291798 0.000136318

0.000291798 0.000136318
0.000292166 0.00013699

0.000292166 0.00013699
0.000292195 0.000137043

0.000292195 0.000137043
0.000292594 0.000137769

0.000292594 0.000137769
0.000292891 0.000138307

0.000292891 0.000138307
0.000292994 0.000138494

0.000292994 0.000138494
0.000293396 0.000139219

0.000296778 0.000127617
0.000297147 0.000128342

0.000297147 0.000128342
0.000297242 0.000128527

0.000297242 0.000128528
0.000297518 0.000129067

0.000297518 0.000129067
0.00029789 0.000129792

0.000297891 0.000129792
0.000297967 0.00012994

0.000297967 0.000129941
0.000298265 0.000130518

0.000298264 0.000130518
0.000298641 0.000131243

0.000298641 0.000131243
0.000298692 0.00013134

0.000298692 0.000131341
0.000299018 0.000131968

0.000299018 0.000131968
0.000299398 0.000132693

0.000299399 0.000132693
0.000299417 0.000132728

0.000299417 0.000132729
0.000299779 0.000133418

0.00029978 0.000133418
0.000300142 0.000134104

0.000300142 0.000134104
0.000300163 0.000134143

0.000300162 0.000134143
0.000300547 0.000134868

0.000300547 0.000134868
0.000300867 0.000135468

0.000300867 0.000135468
0.000300934 0.000135593

0.000300934 0.000135593
0.000301322 0.000136318

0.000301322 0.000136318
0.000301592 0.00013682

0.000301592 0.000136821
0.000301712 0.000137043

0.000301712 0.000137043
0.000302103 0.000137769

0.000302104 0.000137769
0.000302317 0.000138162

0.000302317 0.000138163
0.000302497 0.000138494

0.000302497 0.000138494
0.000302892 0.000139219

0.000293395 0.000139219
0.000293616 0.000139616

0.000293616 0.000139616
0.000293799 0.000139944

0.000293799 0.000139944
0.000294204 0.000140669

0.000294204 0.000140669
0.000294341 0.000140915

0.000294341 0.000140915
0.00029461 0.000141394

0.00029461 0.000141394
0.000295017 0.000142119

0.000295017 0.000142119
0.000295066 0.000142207

0.000295066 0.000142207
0.000295426 0.000142844

0.000295426 0.000142844
0.000295792 0.000143489

0.000295792 0.000143489
0.000295837 0.000143569

0.000295837 0.000143569
0.000296249 0.000144294

0.000296249 0.000144294
0.000296517 0.000144765

0.000296517 0.000144765
0.000296662 0.00014502

0.000296662 0.00014502
0.000297077 0.000145745

0.000297077 0.000145745
0.000297242 0.000146032

0.000297242 0.000146032
0.000297493 0.00014647

0.000297493 0.00014647
0.000297911 0.000147195

0.000297911 0.000147195
0.000297967 0.000147292

0.0002979676 0.000352102
0.000363951 0.000352211

0.000363951 0.000352211
0.000364676 0.000352317

0.000364676 0.000350179
0.000364923 0.000350222

0.000364925 0.000350222
0.000365401 0.000350305

0.000365401 0.000350305
0.000366126 0.000350426

0.000366126 0.000350426
0.000366851 0.000350542

0.000366851 0.000350542
0.000367576 0.000350653

0.000364676 0.000352317
0.000365249 0.000352397

0.000365252 0.000352397
0.000365401 0.000352418

0.000365401 0.000352419
0.000366126 0.000352516

0.000366126 0.000352516
0.000366851 0.000352609

0.000366851 0.000352609
0.000367576 0.000352697

0.000367576 0.000350653
0.000368301 0.000350759

0.000368301 0.000350759
0.000369026 0.000350858

0.000369026 0.000350859
0.000369714 0.000350947

0.000367576 0.000352697
0.000368301 0.00035278

0.000368301 0.00035278
0.000369026 0.000352858

0.000369717 0.000350947
0.000369751 0.000350952

0.000369751 0.000350952
0.000370477 0.000351039

0.000369026 0.000352858
0.000369751 0.00035293

0.000369751 0.00035293
0.000370477 0.000352996

0.000370477 0.000351039
0.000371202 0.000351119

0.000371202 0.000351119
0.000371927 0.000351192

0.000370477 0.000352996
0.000371202 0.000353055

0.000371202 0.000353055
0.000371927 0.000353108

0.000371927 0.000351192
0.000372652 0.000351258

0.000372652 0.000351258
0.000373377 0.000351316

0.000371927 0.000353108
0.000372154 0.000353123

0.000372161 0.000353123
0.000372652 0.000353154

0.000372652 0.000353154
0.000373377 0.000353192

0.000373377 0.000351316
0.000374102 0.000351366

0.000374102 0.000351366
0.000374827 0.000351408

0.000373377 0.000353192
0.000374102 0.000353224

0.000374102 0.000353224
0.000374827 0.000353247

0.000374827 0.000351408
0.000375552 0.000351441

0.000375552 0.000351441
0.000376277 0.000351466

0.000374827 0.000353247
0.000375552 0.000353262

0.000375552 0.000353262
0.000376277 0.000353269

0.000376277 0.000351466
0.000377002 0.000351482

0.000377002 0.000351482
0.000377728 0.000351488

0.000376277 0.000353269
0.000377002 0.000353267

0.000377002 0.000353267
0.000377728 0.000353257

0.000377728 0.000351488
0.000378453 0.000351485

0.000378453 0.000351485
0.000379178 0.000351472

0.000377728 0.000353257
0.000378453 0.000353237

0.000378453 0.000353237
0.000379178 0.000353209

0.000379178 0.000351472
0.000379903 0.000351449

0.000379903 0.000351449
0.000380628 0.000351416

0.000379178 0.000353209
0.000379903 0.00035317

0.000380628 0.000353122
0.000380619 0.000353123

0.000379903 0.00035317
0.000380621 0.000353123

0.000380628 0.000351416
0.000381353 0.000351372

0.000381353 0.000351372
0.000382078 0.000351318

0.000380628 0.000353122
0.000381353 0.000353064

0.000381353 0.000353064
0.000382078 0.000352996

0.000395855 0.000347949
0.000395678 0.000348047

0.000395855 0.000347941
0.00039658 0.00034752

0.000397305 0.000347073
0.000396896 0.000347322

0.00039658 0.000347503
0.000396945 0.000347322

0.000397305 0.000347054
0.00039803 0.000346643

0.000398755 0.00034618
0.000398072 0.000346597

0.00039948 0.000345743
0.000399267 0.000345872

0.000398755 0.00034616
0.000399312 0.000345872

0.00039803 0.000346639
0.000398114 0.000346597

0.000398755 0.000347786
0.000398257 0.000348047

0.000398755 0.000347759
0.000399472 0.000347322

0.000400931 0.000344864
0.000400465 0.000345146

0.000401656 0.000344421
0.000401654 0.000344421

0.000400931 0.000344843
0.000401656 0.000344442

0.000401656 0.000344416
0.000402381 0.000343986

0.000401656 0.000344442
0.000401698 0.000344421

0.00039948 0.000345733
0.000400206 0.00034531

0.000400206 0.000345294
0.000400507 0.000345146

0.000400931 0.000346448
0.000400635 0.000346597

0.00039948 0.000347299
0.000400206 0.000346893

0.000400206 0.000346866
0.000400645 0.000346597

0.000400931 0.000346421
0.000401656 0.000345991

0.000402381 0.000345562
0.000401793 0.000345872

0.000401656 0.00034597
0.000401817 0.000345872

0.000403106 0.000343571
0.000402888 0.000343696

0.000403106 0.000343564
0.000403831 0.000343171

0.000402381 0.000343963
0.000402942 0.000343696

0.000403106 0.00034511
0.000403032 0.000345146

0.000403106 0.000345085
0.000403831 0.000344693

0.0004045 0.000147292
0.00029833 0.00014792

0.00029833 0.00014792
0.000298692 0.000148544

0.000298692 0.000148544
0.00029875 0.000148645

0.000298751 0.000148645
0.000299173 0.00014937

0.000299173 0.00014937
0.000299417 0.000149788

0.000299417 0.000149788
0.000299596 0.000150095

0.000299597 0.000150095
0.000300022 0.00015082

0.000300021 0.00015082
0.000300142 0.000151026

0.000300142 0.000151026
0.000300448 0.000151545

0.000300448 0.000151545
0.000300867 0.000152255

0.000302892 0.000139219
0.000303042 0.000139493

0.000303042 0.000139494
0.000303289 0.000139944

0.000303289 0.000139944
0.000303687 0.000140669

0.000303688 0.000140669
0.000303768 0.000140814

0.000303768 0.000140815
0.000304087 0.000141394

0.000304087 0.000141394
0.000304489 0.000142119

0.000304489 0.000142119
0.000304493 0.000142125

0.000304493 0.000142127
0.000304892 0.000142844

0.000304892 0.000142844
0.000305218 0.000143427

0.000305218 0.000143427
0.000305297 0.000143569

0.000305297 0.000143569
0.000305703 0.000144294

0.000305704 0.000144294
0.000305943 0.000144719

0.000305943 0.000144719
0.000306112 0.00014502

0.000306112 0.00014502
0.000306522 0.000145745

0.000306522 0.000145745
0.000306668 0.000146001

0.000306668 0.000146002
0.000306933 0.00014647

0.000306933 0.00014647
0.000307346 0.000147195

0.000307347 0.000147195
0.000307393 0.000147275

0.000307393 0.000147277
0.000307761 0.00014792

0.000307761 0.00014792
0.000308118 0.000148541

0.000308118 0.000148541
0.000308177 0.000148645

0.000308177 0.000148645
0.000308595 0.00014937

0.000308596 0.00014937
0.000308843 0.000149798

0.000308843 0.000149798
0.000309015 0.000150095

0.000309015 0.000150095
0.000309436 0.00015082

0.000300867 0.000152255
0.000300876 0.000152271

0.000300876 0.000152271
0.000301306 0.000152996

0.000301305 0.000152996
0.000301592 0.000153478

0.000301592 0.000153478
0.000301736 0.000153721

0.000301737 0.000153721
0.000302169 0.000154446

0.000302169 0.000154446
0.000302317 0.000154694

0.000302317 0.000154694
0.000302603 0.000155171

0.000302603 0.000155171
0.000303039 0.000155896

0.00030304 0.000155896
0.000303042 0.000155901

0.000303042 0.000155902
0.000303476 0.000156621

0.000303476 0.000156621
0.000303768 0.000157104

0.000303768 0.000157104
0.000303914 0.000157346

0.000303915 0.000157346
0.000304355 0.000158071

0.000304355 0.000158071
0.000304493 0.000158298

0.000304493 0.000158298
0.000304796 0.000158796

0.000304797 0.000158796
0.000305218 0.000159485

0.000305218 0.000159485
0.00030524 0.000159521

0.00030524 0.000159521
0.000305685 0.000160247

0.000305685 0.000160247
0.000305943 0.000160666

0.000305943 0.000160666
0.000306131 0.000160972

0.000306132 0.000160972
0.00030658 0.000161697

0.00030658 0.000161697
0.000306668 0.000161839

0.000309437 0.00015082
0.000309568 0.000151046

0.000309568 0.000151047
0.000309859 0.000151545

0.000309859 0.000151545
0.000310284 0.000152271

0.000310285 0.000152271
0.000310293 0.000152286

0.000310293 0.000152288
0.00031071 0.000152996

0.00031071 0.000152996
0.000311019 0.000153519

0.000311019 0.000153519
0.000311137 0.000153721

0.000311137 0.000153721
0.000311567 0.000154446

0.000311567 0.000154446
0.000311744 0.000154743

0.000311744 0.000154744
0.000311998 0.000155171

0.000311998 0.000155171
0.00031243 0.000155896

0.000312432 0.000155896
0.000312469 0.000155959

0.000306668 0.000161839
0.00030703 0.000162422

0.00030703 0.000162422
0.000307393 0.000163005

0.000307393 0.000163004
0.000307481 0.000163147

0.000307482 0.000163147
0.000307935 0.000163872

0.000307935 0.000163872
0.000308118 0.000164164

0.000308118 0.000164164
0.00030839 0.000164597

0.000308391 0.000164597
0.000308843 0.000165315

0.000308843 0.000165315
0.000308848 0.000165322

0.000308848 0.000165322
0.000309306 0.000166047

0.000309306 0.000166047
0.000309568 0.00016646

0.000309568 0.00016646
0.000309767 0.000166772

0.000309768 0.000166772
0.00031023 0.000167498

0.000310231 0.000167498
0.000310293 0.000167597

0.000310293 0.000167597
0.000310694 0.000168223

0.000310695 0.000168223
0.000311019 0.000168726

0.000311019 0.000168725
56 0.000342753
0.000404172 0.000342971

0.000403831 0.000343149
0.000404238 0.000342971

0.000404556 0.00034274
0.000405281 0.00034235

0.000404556 0.000344276
0.000404242 0.000344421

0.000403831 0.000344668
0.000404252 0.000344421

0.000404556 0.000344243
0.000405281 0.000343838

0.000402381 0.000345532
0.000403025 0.000345146

0.000382078 0.000351318
0.000382803 0.000351253

0.000382803 0.000351253
0.000383528 0.000351177

0.000382078 0.000352996
0.000382803 0.000352917

0.000382803 0.000352917
0.000383528 0.000352828

0.000383528 0.000351177
0.000384253 0.000351091

0.000384253 0.000351091
0.000384979 0.000350994

0.000383528 0.000352828
0.000384253 0.000352729

0.000384253 0.000352729
0.000384979 0.000352619

0.000385704 0.000350885
0.000385287 0.000350947

0.000385704 0.000350885
0.000386429 0.000350766

0.000386429 0.000350766
0.000387154 0.000350636

0.000387154 0.000350636
0.000387879 0.000350495

0.000384979 0.000350993
0.000385292 0.000350947

0.000386429 0.000352369
0.000386263 0.000352397

0.000384979 0.000352619
0.000385704 0.000352499

0.000385704 0.000352499
0.000386269 0.000352397

0.000386429 0.000352369
0.000387154 0.000352228

0.000387154 0.000352228
0.000387879 0.000352075

0.000387879 0.000350495
0.000388604 0.000350343

0.000389329 0.00035018
0.000389143 0.000350222

0.000388604 0.000350336
0.00038918 0.000350222

0.000389329 0.000350181
0.000390054 0.000350007

0.000390054 0.000350007
0.000390779 0.000349822

0.000387879 0.000352074
0.000388604 0.00035191

0.000388604 0.00035191
0.000389329 0.000351736

0.000390054 0.000351559
0.00038955 0.000351672

0.000389329 0.000351736
0.000389577 0.000351672

0.000390054 0.000351552
0.000390779 0.000351354

0.000392229 0.000349423
0.000391968 0.000349497

0.000390779 0.000349821
0.000391504 0.000349627

0.000391504 0.000349608
0.000392067 0.000349497

0.000392229 0.000350943
0.000392205 0.000350947

0.000392229 0.000349424
0.000392955 0.000349205

0.000392955 0.000349207
0.00039368 0.00034897

0.000392229 0.000350919
0.000392955 0.000350708

0.000392955 0.000350695
0.00039368 0.00035044

0.000390779 0.000351353
0.000391504 0.000351144

0.000391504 0.000351141
0.000392149 0.000350947

0.000394405 0.000348695
0.000394205 0.000348772

0.00039368 0.000348947
0.000394312 0.000348772

0.000394405 0.000348697
0.00039513 0.000348356

0.000394405 0.000350193
0.000394278 0.000350222

0.00039368 0.000350438
0.000394246 0.000350222

0.000394405 0.000350162
0.00039513 0.000349865

0.00039513 0.000348328
0.00039575 0.000348047

0.000395855 0.000349467
0.00039658 0.000349107

0.00039513 0.000349843
0.00039582 0.000349497

0.000397305 0.000348671
0.000397091 0.000348772

0.00039658 0.000349075
0.000397094 0.000348772

0.000397305 0.000348641
0.00039803 0.000348224

0.00039803 0.000348199
0.000398277 0.000348047

0.000425584 0.000324383
0.000425249 0.000324844

0.000428484 0.000320289
0.000428348 0.000320493

0.000427759 0.000321339
0.000427334 0.000321943

0.000428332 0.000320493
0.000427864 0.000321218

0.000427759 0.000321349
0.000427842 0.000321218

0.000426309 0.000323383
0.000426301 0.000323394

0.000427034 0.000322359
0.000426816 0.000322668

0.000426794 0.000322668
0.000426321 0.000323394

0.000426291 0.000323394
0.000425787 0.000324119

0.000425584 0.000324401
0.000425768 0.000324119

0.000427034 0.000324567
0.000426848 0.000324844

0.000427034 0.000322388
0.000427314 0.000321943

0.000428484 0.000322583
0.000428427 0.000322668

0.000428394 0.000322668
0.000427906 0.000323394

0.000427759 0.000323548
0.000427388 0.000324119

0.000427034 0.00032456
0.000427359 0.000324119

0.000427759 0.000323562
0.000427879 0.000323394

0.000433103 0.000278437
0.00043356 0.000279127

0.00043356 0.000279127
0.000433583 0.000279163

0.000433583 0.000279163
0.000434044 0.000279888

0.000434044 0.000279888
0.000434285 0.000280284

0.000435714 0.000278437
0.000435735 0.000278473

0.000434285 0.000280286
0.000434484 0.000280613

0.000434484 0.000280613
0.000434905 0.000281338

0.000435735 0.000278477
0.000436153 0.000279163

0.000436154 0.000279163
0.00043646 0.000279693

0.00043646 0.0000.000311161 0.000168948

0.000311162 0.000168948
0.000311631 0.000169673

0.000311631 0.000169673
0.000311744 0.000169848

0.000311744 0.000169847
0.000312101 0.000170398

0.000312101 0.000170398
0.000312469 0.000170961

0.000312469 0.00015596
0.000312865 0.000156621

0.000312865 0.000156621
0.000313194 0.000157168

0.000313194 0.000157168
0.000313301 0.000157346

0.000313301 0.000157346
0.000313738 0.000158071

0.000313739 0.000158071
0.000313919 0.000158368

0.000313919 0.000158369
0.000314178 0.000158796

0.000314178 0.000158796
0.000314619 0.000159521

0.000314621 0.000159521
0.000314644 0.000159561

0.000314644 0.000159563
0.000315062 0.000160247

0.000315062 0.000160247
0.000315369 0.000160747

0.000315369 0.000160747
0.000315507 0.000160972

0.000315507 0.000160972
0.000315953 0.000161697

0.000315954 0.000161697
0.000316094 0.000161924

0.000316094 0.000161925
0.000316402 0.000162422

0.000316402 0.000162422
0.000316819 0.000163094

0.000316819 0.000163094
0.000316852 0.000163147

0.000316852 0.000163147
0.000317304 0.000163872

0.000317304 0.000163872
0.000317544 0.000164255

0.000317544 0.000164256
0.000317758 0.000164597

0.000317758 0.000164597
0.000318214 0.000165322

0.000318216 0.000165322
0.00031827 0.00016541

0.000312469 0.00017096
0.000312573 0.000171123

0.000312574 0.000171123
0.00031305 0.000171848

0.00031305 0.000171848
0.000313194 0.000172068

0.000313194 0.000172068
0.000313527 0.000172573

0.000313527 0.000172573
0.000313919 0.000173165

0.000313919 0.000173164
0.000314006 0.000173298

0.000314007 0.000173298
0.000314489 0.000174023

0.00031827 0.000165411
0.000318672 0.000166047

0.000318672 0.000166047
0.000318995 0.000166556

0.000318995 0.000166556
0.000319131 0.000166772

0.000319132 0.000166772
0.000319593 0.000167498

0.000319595 0.000167498
0.00031972 0.000167694

0.00031972 0.000167695
0.000320057 0.000168223

0.000320058 0.000168223
0.000320445 0.000168825

0.000320445 0.000168824
0.000320523 0.000168948

0.000320523 0.000168948
0.000320991 0.000169673

0.000320992 0.000169673
0.00032117 0.000169947

0.00032117 0.000169948
0.000321462 0.000170398

0.000321462 0.000170398
0.000321895 0.000171063

0.000321895 0.000171062
0.000321934 0.000171123

0.000321934 0.000171123
0.000322409 0.000171848

0.000322409 0.000171848
0.00032262 0.000172169

0.00032262 0.00017217
0.000322885 0.000172573

0.000322886 0.000172573
0.000323345 0.000173269

0.000323345 0.000173269
0.000323364 0.000173298

0.000323364 0.000173298
0.000323846 0.000174023

0.00031449 0.000174023
0.000314644 0.000174256

0.000314644 0.000174255
0.000314974 0.000174749

0.000314974 0.000174749
0.000315369 0.000175337

0.000315369 0.000175335
0.00031546 0.000175474

0.000315461 0.000175474
0.00031595 0.000176199

0.000315951 0.000176199
0.000316094 0.000176413

0.000316094 0.000176412
0.000316442 0.000176924

0.000316442 0.000176924
0.000316819 0.000177477

0.000316819 0.000177475
0.000316935 0.000177649

0.000316937 0.000177649
0.000317434 0.000178374

0.000317436 0.000178374
0.000317544 0.000178536

0.000317544 0.000178535
0.000317933 0.000179099

0.000317934 0.000179099
0.00031827 0.000179583

0.00031827 0.000179582
0.000318436 0.000179824

0.000323846 0.000174023
0.00032407 0.000174359

0.000318437 0.000179824
0.000318943 0.000180549

0.000318945 0.000180549
0.000318995 0.000180622

0.000318995 0.000180624
0.000319451 0.000181274

0.000319451 0.000181274
0.00031972 0.000181656

0.00031972 0.000181655
0.000319962 0.000182

0.000319963 0.000182
0.000320445 0.000182679

0.000320445 0.000182679
0.000320477 0.000182725

0.000320477 0.000182725
0.000320995 0.00018345

0.000320997 0.00018345
0.00032117 0.000183696

0.00032117 0.000183694
0.000321515 0.000184175

0.000321515 0.000184175
0.000321895 0.000184701

0.000321895 0.000184699
0.000322037 0.0001849

0.000322039 0.0001849
0.000322566 0.000185625

0.00032407 0.00017436
0.00032433 0.000174749

0.00032433 0.000174749
0.000324795 0.000175443

0.000324795 0.000175443
0.000324816 0.000175474

0.000324816 0.000175474
0.000325304 0.000176199

0.000325305 0.000176199
0.000325521 0.000176279694
0.000436572 0.000279888

0.000436572 0.000279888
0.00043697 0.000280613

0.000436971 0.000280613
0.000437186 0.000281026

0.000434906 0.000281338
0.00043501 0.000281526

0.00043501 0.000281528
0.000435306 0.000282063

0.000435306 0.000282063
0.000435688 0.000282788

0.000435689 0.000282788
0.000435735 0.00028288

0.000435735 0.000282883
0.00043605 0.000283513

0.00043605 0.000283513
0.000436392 0.000284238

0.000437186 0.000281027
0.000437347 0.000281338

0.000437346 0.000281338
0.000437701 0.000282063

0.000437702 0.000282063
0.000437911 0.000282518

0.000437911 0.000282519
0.000438034 0.000282788

0.000438034 0.000282788
0.000438345 0.000283513

0.000438345 0.000283513
0.000438634 0.000284238

0.000436393 0.000284238
0.00043646 0.000284391

0.00043646 0.000284393
0.000436713 0.000284963

0.000436713 0.000284963
0.000437013 0.000285688

0.000437014 0.000285688
0.000437186 0.000286135

0.000437186 0.000286136
0.000437292 0.000286414

0.000437293 0.000286414
0.00043755 0.000287139

0.000438636 0.00028424
0.000438902 0.000284963

0.000438902 0.000284963
0.000439147 0.000285688

0.000439147 0.000285688
0.000439361 0.000286382

0.000439361 0.000286383
0.00043937 0.000286414

0.000439371 0.000286414
0.000439574 0.000287139

0.00043755 0.000287139
0.000437784 0.000287864

0.000437784 0.000287864
0.000437911 0.0002883

0.000437911 0.000288302
0.000437994 0.000288589

0.000437994 0.000288589
0.000438181 0.000289314

0.000438181 0.000289314
0.000438343 0.000290039

0.000439573 0.000287139
0.000439753 0.000287864

0.000439753 0.000287864
0.000439912 0.000288589

0.000439912 0.000288589
0.000440051 0.000289314

0.000440052 0.000289314
0.000440086 0.000289523

0.000438343 0.000290039
0.000438482 0.000290764

0.000438481 0.000290764
0.000438596 0.000291489

0.000438596 0.000291489
0.000438636 0.000291806

0.000438636 0.000291808
0.000438687 0.000292214

0.000438687 0.000292214
0.000438755 0.000292939

0.000438755 0.000292939
0.0004388 0.000293665

0.0004388 0.000293665
0.000438823 0.00029439

0.000438823 0.00029439
0.000438823 0.000295115

0.000438823 0.000295115
0.000438802 0.00029584

0.000438636 0.000297799
0.000438611 0.000298015

0.00043861 0.000298015
0.000438509 0.00029874

0.000438802 0.00029584
0.000438759 0.000296565

0.000438759 0.000296565
0.000438695 0.00029729

0.000438636 0.000297817
0.000438693 0.00029729

0.000440086 0.000298403
0.000440039 0.00029874

0.000438508 0.00029874
0.000438391 0.000299465

0.000438392 0.000299465
0.000438257 0.00030019

0.000438258 0.00030019
0.000438102 0.000300916

0.000438092 0.000300916
0.00043793 0.000301641

0.000440037 0.00029874
0.000439911 0.000299465

0.000439911 0.000299465
0.000439768 0.00030019

0.000439768 0.00030019
0.000439608 0.000300916

0.000439608 0.000300916
0.000439431 0.000301641

0.000440086 0.000289525
0.00044017 0.000290039

0.00044017 0.000290039
0.000440268 0.000290764

0.000440268 0.000290764
0.000440346 0.000291489

0.000440345 0.000291489
0.000440403 0.000292214

0.000440403 0.000292214
0.00044044 0.000292939

0.00044044 0.000292939
0.000440456 0.000293665

0.000440456 0.000293665
0.000440452 0.00029439

0.000440452 0.00029439
0.000440428 0.000295115

0.000440427 0.000295115
0.000440384 0.00029584

0.000440384 0.00029584
0.000440322 0.000296565

0.000440322 0.000296565
0.000440243 0.00029729

0.000440243 0.00029729
0.000440148 0.000298015

0.000440086 0.00029842
0.000440148 0.000298015

0.000434285 0.00031088
0.000434179 0.000311067

0.000434176 0.000311067
0.00043376 0.000311792

0.00043356 0.000312138
0.000433342 0.000312517

0.000433334 0.000312517
0.000432935 0.000313242

0.00043356 0.000312179
0.000433739 0.000311792

0.000437186 0.000304165
0.000437067 0.000304541

0.000437067 0.000304541
0.000436826 0.000305266

0.000436822 0.000305266
0.000436576 0.000305991

0.00043646 0.000306306
0.000436311 0.000306716

0.000436313 0.000306716
0.000436028 0.000307441

0.00043646 0.00030639
0.000436555 0.000305991

0.000437911 0.000301669
0.000437721 0.000302366

0.00043772 0.000302366
0.000437512 0.000303091

0.000437911 0.000301681
0.000437916 0.000301641

0517

0.000325521 0.000176518
0.000325795 0.000176924

0.000325796 0.000176924
0.000326246 0.000177585

0.000326246 0.000177584
0.000326289 0.000177649

0.000326289 0.000177649
0.000326785 0.000178374

0.000326787 0.000178374
0.000326971 0.000178644

0.000326971 0.000178644
0.000327284 0.000179099

0.000327284 0.000179099
0.000327696 0.000179694

0.000327696 0.000179693
0.000327784 0.000179824

0.000327785 0.000179824
0.000328289 0.000180549

0.000328292 0.000180549
0.000328421 0.000180738

0.000328421 0.000180738
0.000328796 0.000181274

0.000328796 0.000181274
0.000329146 0.000181772

0.000329146 0.00018177
0.000329304 0.000182

0.000329306 0.000182
0.000329818 0.000182725

0.000329821 0.000182725
0.000329871 0.000182797

0.000329871 0.0001828
0.000330333 0.00018345

0.000330334 0.00018345
0.000330596 0.000183817

0.000330596 0.000183817
0.000330851 0.000184175

0.000330852 0.000184175
0.000331321 0.000184828

0.000331321 0.000184828
0.000331373 0.0001849

0.000331373 0.0001849
0.000331897 0.000185625

0.000322568 0.000185625
0.00032262 0.000185697

0.00032262 0.000185699
0.000323096 0.00018635

0.000323097 0.00018635
0.000323345 0.00018669

0.000323345 0.000186688
0.00032363 0.000187075

0.00032363 0.000187075
0.00032407 0.000187669

0.00032407 0.000187669
0.000324167 0.0001878

0.000324167 0.0001878
0.000324708 0.000188525

0.00032471 0.000188525
0.000324795 0.00018864

0.000324795 0.000188642
0.000325252 0.00018925

0.000325254 0.00018925
0.000325521 0.000189607

0.000325521 0.000189604
0.0003258 0.000189976

0.000325801 0.000189976
0.000326246 0.00019056

0.000326246 0.000190559
0.000326352 0.000190701

0.000326353 0.000190701
0.000326909 0.000191426

0.000326911 0.000191426
0.000326971 0.000191504

0.000326971 0.000191506
0.000327468 0.000192151

0.000327471 0.000192151
0.000327696 0.000192445

0.000327696 0.000192443
0.000328032 0.000192876

0.000328033 0.000192876
0.000328421 0.000193372

0.000328421 0.00019337
0.0003286 0.000193601

0.000328601 0.000193601
0.000329146 0.000194292

0.000329146 0.000194292
0.000329173 0.000194326

0.000329173 0.000194326
0.00032975 0.000195051

0.000329752 0.000195051
0.000329871 0.000195201

0.0003319 0.000185625
0.000332046 0.00018583

0.000332046 0.000185831
0.000332424 0.00018635

0.000332425 0.00018635
0.000332771 0.000186824

0.000332771 0.000186821
0.000332954 0.000187075

0.000332955 0.000187075
0.000333489 0.0001878

0.000333491 0.0001878
0.000333497 0.000187808

0.000333497 0.00018781
0.000334026 0.000188525

0.00033403 0.000188525
0.000334222 0.000188789

0.000334222 0.000188788
0.000334567 0.00018925

0.000334567 0.00018925
0.000334947 0.000189756

0.000334947 0.000189755
0.00033511 0.000189976

0.000335111 0.000189976
0.000335659 0.000190701

0.000335661 0.000190701
0.000335672 0.000190715

0.000329871 0.000195203
0.00033033 0.000195776

0.000330334 0.000195776
0.000330596 0.000196107

0.000330596 0.000196103
0.000330914 0.000196501

0.000330917 0.000196501
0.000331321 0.000196999

0.000331321 0.000196998
0.000331506 0.000197227

0.000331507 0.000197227
0.000332046 0.000197884

0.000332046 0.000197884
0.000332102 0.000197952

0.000332102 0.000197952
0.000332702 0.000198677

0.000332704 0.000198677
0.000332771 0.000198758

0.000332771 0.00019876
0.000333306 0.000199402

0.000333309 0.000199402
0.000333497 0.000199627

0.000333497 0.000199628
0.000333915 0.000200127

0.00033392 0.000200127
0.000334222 0.000200489

0.000334222 0.000200485
0.000334529 0.000200852

0.000334533 0.000200852
0.000334947 0.000201339

0.000334947 0.000201337
0.000335151 0.000201577

0.000335152 0.000201577
0.000335672 0.00020218

0.000335672 0.000190718
0.00033621 0.000191426

0.000336213 0.000191426
0.000336397 0.000191671

0.000336397 0.000191671
0.000336764 0.000192151

0.000336765 0.000192151
0.000337122 0.000192615

0.000337122 0.000192613
0.000337321 0.000192876

0.000337323 0.000192876
0.000337847 0.000193552

0.000337847 0.000193552
0.000337885 0.000193601

0.000337885 0.000193601
0.000338452 0.000194326

0.000338455 0.000194326
0.000338572 0.000194477

0.000338572 0.00019448
0.00033902.000437511 0.000303091
0.000437296 0.000303816

0.000437186 0.000304253
0.000437276 0.000303816

0.000438636 0.000304392
0.000438608 0.000304541

0.000439361 0.000301842
0.000439258 0.000302366

0.000439237 0.000302366
0.00043903 0.000303091

0.000439361 0.000301889
0.000439427 0.000301641

0.00043903 0.000303091
0.000438811 0.000303816

0.000438636 0.000304358
0.000438807 0.000303816

0.000438578 0.000304541
0.00043835 0.000305266

0.000438342 0.000305266
0.000438088 0.000305991

0.000437911 0.00030647
0.000437852 0.000306716

0.000437819 0.000306716
0.000437548 0.000307441

0.000437911 0.000306455
0.000438081 0.000305991

0.000435735 0.000308126
0.000435718 0.000308167

0.000435719 0.000308167
0.000435375 0.000308892

0.00043501 0.00030959
0.000434996 0.000309617

0.000434991 0.000309617
0.000434591 0.000310342

0.000435353 0.000308892
0.000435019 0.000309617

0.000436007 0.000307441
0.000435742 0.000308167

0.000437186 0.000308241
0.000436939 0.000308892

0.00043646 0.000309754
0.0004362 0.000310342

0.000436912 0.000308892
0.000436555 0.000309617

0.00043646 0.000309765
0.000436539 0.000309617

0.000434285 0.000310925
0.000434568 0.000310342

0.000435735 0.000311094
0.000435381 0.000311792

0.00043501 0.000312417
0.000434965 0.000312517

0.000434928 0.000312517
0.000434532 0.000313242

0.00043501 0.000312384
0.000435351 0.000311792

0.000436169 0.000310342
0.00043577 0.000311067

0.000435735 0.000311106
0.000435758 0.000311067

0.00043754 0.000307441
0.000437237 0.000308167

0.000437186 0.000308264
0.00043723 0.000308167

0.000431385 0.000315792
0.000431165 0.000316143

0.000429935 0.000318085
0.000429786 0.000318318

0.000429772 0.000318318
0.000429326 0.000319043

0.00043066 0.000316936
0.000430245 0.000317593

0.000431148 0.000316143
0.000430721 0.000316868

0.00043066 0.00031694
0.000430698 0.000316868

0.000429935 0.000318125
0.000430227 0.000317593

0.000431362 0.000318318
0.000430928 0.000319043

0.00043211 0.000314624
0.00043207 0.000314692

0.000432835 0.000313399
0.000432503 0.000313967

0.00043211 0.000314662
0.000432483 0.000313967

0.000432068 0.000314692
0.000431622 0.000315417

0.000431385 0.000315828
0.000431601 0.000315417

0.000432835 0.00031606
0.000432792 0.000316143

0.000432835 0.000313426
0.000432919 0.000313242

0.000434285 0.00031363
0.000434126 0.000313967

0.000434095 0.000313967
0.000433669 0.000314692

0.00043356 0.000314835
0.000433249 0.000315417

0.000432835 0.000316032
0.000433218 0.000315417

0.00043356 0.000314843
0.000433652 0.000314692

0.00043211 0.000317156
0.000431873 0.000317593

0.000432755 0.000316143
0.000432326 0.000316868

0.00043211 0.000317161
0.000432297 0.000316868

0.000431385 0.000318314
0.000431847 0.000317593

0.000429209 0.000319201
0.000428835 0.000319768

0.000428484 0.000320327
0.000428815 0.000319768

0.000429209 0.000319225
0.000429311 0.000319043

0.000429209 0.000321536
0.000428957 0.000321943

0.000429921 0.000320493
0.000429464 0.000321218

0.000429209 0.000321538
0.000429434 0.000321218

0.00043066 0.000319407
0.000430454 0.000319768

0.000430424 0.000319768
0.000429943 0.000320493

0.00043066 0.000319404
0.000430899 0.000319043

0.000428484 0.000322568
0.000428928 0.000321943

0.000434285 0.000313625
0.000434509 0.000313242

0.000414708 0.000336092
0.000414234 0.000336445

0.000415433 0.000335533
0.000415189 0.00033572

0.000414708 0.00033608
0.000415218 0.00033572

0.000416158 0.000334939
0.00041609 0.000334995

0.000416158 0.000334926
0.000416883 0.000334345

0.000415433 0.000335517
0.000416122 0.000334995

0.000416883 0.000335982
0.000416259 0.000336445

0.000406006 0.000341897
0.000405418 0.000342246

0.000406731 0.000341458
0.000406626 0.000341521

0.000406006 0.000341873
0.000406691 0.000341521

0.000408182 0.000340574
0.000407817 0.000340796

0.000406731 0.000341447
0.000407457 0.000341027

0.000407457 0.000341003
0.000407877 0.000340796

0.000408182 0.000342071
0.000407828 0.000342246

0.000410357 0.000339201
0.000410133 0.000339346

0.000410357 0.000339185
0.000411082 0.00033874

0.000408182 0.000340556
0.000408907 0.00034015

0.000409632 0.001 0.000195051

0.000339025 0.000195051
0.000339297 0.000195401

0.000339297 0.000195398
0.000339594 0.000195776

0.000339596 0.000195776
0.000340022 0.000196311

0.000340022 0.00019631
0.000340174 0.000196501

0.000340175 0.000196501
0.000340748 0.000197215

0.000340748 0.000197215
0.000340757 0.000197227

0.000335672 0.00020218
0.000335777 0.000202302

0.000335778 0.000202302
0.000336397 0.000203014

0.000336397 0.000203014
0.000336409 0.000203027

0.000340757 0.000197227
0.000341344 0.000197952

0.000341347 0.000197952
0.000341473 0.000198107

0.000336409 0.000203027
0.000337045 0.000203752

0.000337047 0.000203752
0.000337122 0.000203837

0.000337122 0.000203839
0.000337688 0.000204478

0.00033769 0.000204478
0.000337847 0.000204654

0.000337847 0.000204656
0.000338335 0.000205203

0.000338338 0.000205203
0.000338572 0.000205464

0.000338572 0.000205463
0.000338987 0.000205928

0.000338993 0.000205928
0.000339297 0.000206265

0.000339297 0.000206265
0.000339648 0.000206653

0.000339654 0.000206653
0.000340022 0.000207058

0.000340022 0.000207058
0.000340316 0.000207378

0.000340321 0.000207378
0.000340748 0.000207843

0.000340748 0.000207843
0.000340989 0.000208103

0.000340994 0.000208103
0.000341473 0.00020862

0.000341473 0.00019811
0.000341935 0.000198677

0.000341939 0.000198677
0.000342198 0.000198998

0.000342198 0.000198995
0.000342528 0.000199402

0.000342532 0.000199402
0.000342923 0.000199876

0.000342923 0.000199875
0.00034313 0.000200127

0.000343131 0.000200127
0.000343648 0.000200746

0.000343648 0.000200747
0.000343736 0.000200852

0.000343736 0.000200852
0.000344346 0.000201577

0.000344348 0.000201577
0.000344373 0.000201607

0.000344373 0.00020161
0.00034496 0.000202302

0.000344963 0.000202302
0.000345098 0.000202462

0.000345098 0.000202464
0.000345579 0.000203027

0.000341473 0.000208619
0.000341669 0.000208828

0.000345583 0.000203027
0.000345823 0.00020331

0.000345823 0.000203309
0.000346201 0.000203752

0.000346208 0.000203752
0.000346548 0.000204151

0.000346548 0.000204149
0.000346831 0.000204478

0.000346835 0.000204478
0.000347273 0.000204981

0.000347273 0.00020498
0.000347468 0.000205203

0.000347469 0.000205203
0.000347999 0.000205803

0.000347999 0.000205803
0.000348109 0.000205928

0.000348109 0.000205928
0.000348724 0.000206618

0.000348724 0.000206618
0.000348754 0.000206653

0.000348754 0.000206653
0.000349406 0.000207378

0.000349408 0.000207378
0.000349449 0.000207424

0.000349449 0.000207426
0.000350062 0.000208103

0.000350065 0.000208103
0.000350174 0.000208223

0.000350174 0.000208225
0.000350725 0.000208828

0.000341672 0.000208828
0.000342198 0.000209388

0.000342198 0.000209387
0.000342356 0.000209553

0.000342358 0.000209553
0.000342923 0.000210148

0.000342923 0.000210147
0.000343049 0.000210278

0.00034305 0.000210278
0.000343648 0.0002109

0.000343648 0.000210899
0.000343749 0.000211003

0.00034375 0.000211003
0.000344373 0.000211644

0.000344373 0.000211644
0.000344456 0.000211729

0.000344457 0.000211729
0.000345098 0.000212381

0.000345098 0.000212381
0.00034517 0.000212454

0.000345171 0.000212454
0.000345823 0.00021311

0.000345823 0.00021311
0.000345892 0.000213179

0.000345892 0.000213179
0.000346548 0.000213831

0.000346548 0.000213832
0.000346621 0.000213904

0.000346621 0.000213904
0.000347273 0.000214545

0.000347273 0.000214546
0.000347358 0.000214629

0.000350727 0.000208828
0.000350899 0.000209015

0.000350899 0.000209015
0.000351392 0.000209553

0.000351396 0.000209553
0.000351624 0.0002098

0.000351624 0.0002098
0.000352065 0.000210278

0.000352071 0.000210278
0.000352349 0.000210577

0.000352349 0.000210577
0.000352747 0.000211003

0.000352752 0.000211003
0.000353074 0.000211346

0.000347358 0.000214629
0.000347999 0.000215252

0.000347999 0.000215253
0.000348103 0.000215354

0.000348103 0.000215354
0.000348724 0.000215951

0.000348724 0.000215952
0.000348856 0.000216079

0.000348855 0.000216079
0.000349449 0.000216643

0.000349449 0.000216645
0.000349617 0.000216804

0.000349616 0.000216804
0.000350174 0.000217327

0.000350174 0.00021733
0.000350387 0339677
0.000408995 0.000340071

0.000408907 0.000340137
0.000409033 0.000340071

0.000408182 0.000342036
0.000408907 0.000341619

0.000409632 0.000341172
0.000408992 0.000341521

0.000408907 0.000341599
0.000409032 0.000341521

0.000409632 0.00033965
0.000410189 0.000339346

0.000410357 0.000340683
0.000410158 0.000340796

0.000410357 0.000340657
0.000411082 0.000340212

0.000409632 0.00034114
0.000410166 0.000340796

0.000405281 0.000342327
0.000405452 0.000342246

0.000406006 0.000343411
0.000405446 0.000343696

0.000406731 0.00034294
0.000406673 0.000342971

0.000406006 0.000343377
0.000406675 0.000342971

0.000405281 0.000343812
0.000405471 0.000343696

0.000406731 0.000342913
0.000407457 0.000342513

0.000407457 0.000342486
0.000407849 0.000342246

0.000412532 0.000337704
0.00041226 0.000337896

0.000411807 0.000338225
0.000411219 0.000338621

0.000411082 0.000338719
0.000411242 0.000338621

0.000411807 0.000338203
0.000412301 0.000337896

0.000412532 0.000339205
0.000412308 0.000339346

0.000412532 0.00033768
0.000413257 0.000337199

0.000413257 0.000337154
0.000413982 0.000336651

0.000413257 0.0003372
0.000413299 0.00033717

0.000412532 0.000339179
0.000413257 0.000338702

0.000413982 0.000338182
0.0004133 0.000338621

0.000413257 0.000338694
0.000413361 0.000338621

0.000411807 0.000339725
0.000411218 0.000340071

0.000411082 0.000340184
0.000411252 0.000340071

0.000411807 0.000339696
0.000412319 0.000339346

0.000413982 0.000336635
0.000414255 0.000336445

0.000414708 0.000337643
0.000414318 0.000337896

0.000415433 0.000337099
0.000415328 0.00033717

0.000414708 0.000337628
0.000415349 0.00033717

0.000413982 0.000338159
0.000414348 0.000337896

0.000415433 0.000337085
0.000416158 0.000336567

0.000416158 0.000336551
0.000416292 0.000336445

0.000421233 0.000330059
0.000420743 0.000330645

0.000422684 0.000328326
0.000422571 0.000328469

0.000422555 0.000328469
0.000421993 0.000329194

0.000421954 0.000329194
0.000421368 0.000329919

0.000421233 0.000330065
0.000421353 0.000329919

0.000422684 0.000330295
0.000422416 0.000330645

0.000418333 0.000333093
0.000417798 0.000333545

0.000419783 0.000331727
0.000419427 0.000332095

0.000419058 0.000332451
0.000418647 0.00033282

0.000418333 0.000333094
0.000418657 0.00033282

0.000419058 0.000332456
0.000419435 0.000332095

0.000419783 0.000333488
0.000419721 0.000333545

0.000417608 0.000333719
0.000416935 0.00033427

0.000416883 0.000334345
0.000416972 0.00033427

0.000417608 0.000333707
0.000417803 0.000333545

0.000418333 0.000334752
0.000418025 0.000334995

0.000417608 0.000335367
0.000417157 0.00033572

0.000416883 0.000335966
0.000417183 0.00033572

0.000417608 0.000335352
0.000418041 0.000334995

0.000419058 0.000334136
0.000418898 0.00033427

0.000418333 0.000334749
0.000418908 0.00033427

0.000419058 0.000334133
0.000419739 0.000333545

0.000420508 0.000330913
0.000420112 0.00033137

0.000419783 0.000331734
0.000420111 0.00033137

0.000420508 0.000330919
0.000420737 0.000330645

0.000421233 0.000332031
0.000421176 0.000332095

0.000420508 0.000332794
0.000420481 0.00033282

0.000419783 0.000333494
0.000420494 0.00033282

0.000420508 0.000332808
0.000421175 0.000332095

0.000421958 0.000331182
0.000421808 0.00033137

0.000421233 0.00033204
0.000421799 0.00033137

0.000421958 0.000331182
0.0004224 0.000330645

0.000423409 0.00032738
0.000423138 0.000327744

0.000424134 0.000326374
0.000423677 0.000327019

0.000423409 0.000327397
0.00042366 0.000327019

0.000424859 0.000325375
0.000424721 0.000325569

0.000424701 0.000325569
0.000424214 0.000326294

0.000424859 0.000325409
0.000425225 0.000324844

0.000424134 0.000326366
0.000424181 0.000326294

0.000424859 0.000327515
0.000424702 0.000327744

0.000425584 0.000326497
0.000425243 0.000327019

0.000424859 0.000327507
0.000425217 0.000327019

0.000422684 0.000328353
0.000423118 0.000327744

0.000424125 0.000328469
0.000423603 0.000329194

0.000423409 0.000329387
0.000423014 0.000329919

0.000422684 0.000330298
0.000422987 0.000329919

0.000423409 0.000329405
0.000423575 0.000329194

0.000424674 0.000327744
0.00.000217529

0.000350384 0.000217529
0.000350899 0.000218005

0.000350899 0.000218008
0.000351165 0.000218254

0.000351163 0.000218254
0.000351624 0.000218677

0.000351624 0.00021868
0.000351953 0.000218979

0.00035195 0.000218979
0.000352349 0.000219341

0.000352349 0.000219345
0.000352749 0.000219705

0.000352746 0.000219705
0.000353074 0.00022

0.000353074 0.000211347
0.000353434 0.000211729

0.000353438 0.000211729
0.000353799 0.000212109

0.000353799 0.00021211
0.000354128 0.000212454

0.000354131 0.000212454
0.000354524 0.000212863

0.000354524 0.000212865
0.000354828 0.000213179

0.000354831 0.000213179
0.00035525 0.000213611

0.00035525 0.000213612
0.000355534 0.000213904

0.000355537 0.000213904
0.000355975 0.000214351

0.000355975 0.000214352
0.000356247 0.000214629

0.000353074 0.000220004
0.000353555 0.00022043

0.000356249 0.000214629
0.0003567 0.000215084

0.0003567 0.000215085
0.000356967 0.000215354

0.000356968 0.000215354
0.000357425 0.00021581

0.000357425 0.000215811
0.000357694 0.000216079

0.000357695 0.000216079
0.00035815 0.000216529

0.00035815 0.00021653
0.000358428 0.000216804

0.000358428 0.000216804
0.000358875 0.000217241

0.000353551 0.00022043
0.000353799 0.000220651

0.000353799 0.000220652
0.000354366 0.000221155

0.000354366 0.000221155
0.000354524 0.000221295

0.000354524 0.000221296
0.000355188 0.00022188

0.000355189 0.00022188
0.00035525 0.000221933

0.00035525 0.000221934
0.000355975 0.000222565

0.000355975 0.000222565
0.00035602 0.000222605

0.000356021 0.000222605
0.0003567 0.00022319

0.0003567 0.000223191
0.000356863 0.00022333

0.000356864 0.00022333
0.000357425 0.000223808

0.000357425 0.000223811
0.000357716 0.000224055

0.000357714 0.000224055
0.00035815 0.000224419

0.00035815 0.000224424
0.00035858 0.00022478

0.000358577 0.00022478
0.000358875 0.000225026

0.000289266 0.000350623
0.000289084 0.000350947

0.000287815 0.000353652
0.000287735 0.000353848

0.000288541 0.000352016
0.000288357 0.000352397

0.00028908 0.000350947
0.000288703 0.000351672

0.000288541 0.00035201
0.000288704 0.000351672

0.000288354 0.000352397
0.00028803 0.000353123

0.000287815 0.000353643
0.00028803 0.000353123

0.000286365 0.00035837
0.000286251 0.000358923

0.00028625 0.000358923
0.000286118 0.000359648

0.000287732 0.000353848
0.000287455 0.000354573

0.000287453 0.000354573
0.0002872 0.000355298

0.00028709 0.000355653
0.000286972 0.000356023

0.00028697 0.000356023
0.000286758 0.000356748

0.00028709 0.000355648
0.000287202 0.000355298

0.000286757 0.000356748
0.000286567 0.000357473

0.000286568 0.000357473
0.0002864 0.000358198

0.000286365 0.000358369
0.000286401 0.000358198

0.000286118 0.000359648
0.000286006 0.000360374

0.000286006 0.000360374
0.000285913 0.000361099

0.000285913 0.000361099
0.000285838 0.000361824

0.000285838 0.000361824
0.00028578 0.000362549

0.00028578 0.000362549
0.00028574 0.000363274

0.00028574 0.000363274
0.000285715 0.000363999

0.000285716 0.000363999
0.000285707 0.000364724

0.000285707 0.000364724
0.000285715 0.000365449

0.000285715 0.000365449
0.000285738 0.000366174

0.000285738 0.000366174
0.000285777 0.000366899

0.000285777 0.000366899
0.000285832 0.000367625

0.000285832 0.000367625
0.000285903 0.00036835

0.000285902 0.00036835
0.00028599 0.000369075

0.00028599 0.000369075
0.000286095 0.0003698

0.000286095 0.0003698
0.00028622 0.000370525

0.000286218 0.000370525
0.000286365 0.000371231

0.000286365 0.000371233
0.000286369 0.00037125

0.000292166 0.000346452
0.000292043 0.000346597

0.000291441 0.000347329
0.000290901 0.000348047

0.000292035 0.000346597
0.000291445 0.000347322

0.000291441 0.000347329
0.000291447 0.000347322

0.000293616 0.000344904
0.000293371 0.000345146

0.000295066 0.000343609
0.000294961 0.000343696

0.000294341 0.000344229
0.000294128 0.000344421

0.000293616 0.000344894
0.000294124 0.000344421

0.000294341 0.000344221
0.000294953 0.000343696

0.000292891 0.000345643
0.000292679 0.000345872

0.000292166 0.000346445
0.000292671 0.000345872

0.000292891 0.000345637
0.000293362 0.000345146

0.000297242 0.000342019
0.000200424162 0.000328469

0.000426309 0.000325561
0.000426304 0.000325569

0.000426269 0.000325569
0.000425772 0.000326294

0.000426309 0.000325556
0.000426821 0.000324844

0.000425584 0.000326514
0.000425743 0.000326294

0.000286368 0.00037125
0.000286552 0.000371975

0.00028655 0.000371975
0.000286774 0.0003727

0.000286767 0.0003727
0.000287044 0.000373425

0.000287035 0.000373425
0.00028709 0.000373538

0.00028709 0.00037353
0.000287395 0.00037415

0.000287373 0.00037415
0.000287815 0.000374807

0.000287815 0.000374805
0.000287865 0.000374875

0.000287854 0.000374875
0.000288532 0.000375601

0.000288533 0.000375601
0.000288541 0.000375607

0.000288541 0.000375601
0.000289266 0.000376185

0.000289266 0.000376194
0.000289493 0.000376326

0.00028952 0.000376326
0.000289991 0.000376598

0.000289991 0.000376595
0.000290716 0.000376866

0.000290716 0.000376863
0.000291441 0.00037701

0.000291441 0.000377007
0.000292166 0.000377043

0.000292166 0.000377041
0.000292891 0.000376977

0.000292891 0.000376976
0.000293616 0.000376816

0.000293616 0.000376818
0.000294341 0.000376563

0.000295066 0.000376204
0.000294818 0.000376326

0.000294341 0.000376566
0.000294832 0.000376326

0.000297967 0.000373455
0.000297453 0.00037415

0.000296517 0.000375154
0.000295972 0.000375601

0.000295066 0.000376212
0.000295792 0.000375745

0.000295792 0.000375744
0.000295983 0.000375601

0.000297242 0.000374397
0.000296806 0.000374875

0.000296517 0.000375156
0.00029681 0.000374875

0.000297242 0.000374407
0.000297457 0.00037415

0.000298692 0.000372191
0.000298427 0.0003727

0.000299122 0.00037125
0.000298803 0.000371975

0.000298692 0.000372193
0.000298805 0.000371975

0.000298431 0.0003727
0.000297983 0.000373425

0.000297967 0.000373456
0.000297988 0.000373425

96902 0.000342246

0.000297242 0.000342016
0.000297967 0.000341568

0.000299417 0.000340786
0.000299398 0.000340796

0.000298692 0.000341159
0.000298053 0.000341521

0.000297967 0.000341569
0.000298051 0.000341521

0.000298692 0.000341158
0.000299388 0.000340796

0.000299417 0.000340782
0.000300142 0.000340437

0.000300142 0.000340436
0.000300867 0.000340121

0.000295066 0.000343601
0.000295792 0.000343028

0.000296517 0.000342502
0.000295872 0.000342971

0.000295792 0.000343029
0.00029587 0.000342971

0.000296517 0.000342501
0.000296896 0.000342246

0.000303042 0.000339345
0.000303039 0.000339346

0.000303042 0.000339343
0.000303768 0.000339133

0.000301592 0.000339836
0.000300999 0.000340071

0.000300867 0.000340122
0.000300997 0.000340071

0.000301592 0.000339834
0.000302317 0.000339574

0.000302317 0.000339575
0.000303031 0.000339346

0.000303768 0.000339132
0.000304493 0.000338946

0.000304493 0.000338946
0.000305218 0.000338784

0.000305218 0.000338785
0.000305943 0.000338645

0.000306668 0.000338526
0.000306093 0.000338621

0.000305943 0.000338645
0.000306091 0.000338621

0.000306668 0.000338526
0.000307393 0.000338427

0.000307393 0.000338427
0.000308118 0.000338349

0.000308118 0.000338349
0.000308843 0.00033829

0.000308843 0.00033829
0.000309568 0.000338249

0.000309568 0.00033825
0.000310293 0.000338227

0.000310293 0.000338227
0.000311019 0.000338221

0.000311019 0.000338221
0.000311744 0.000338231

0.000311744 0.000338232
0.000312469 0.000338258

0.000309568 0.000347817
0.000309015 0.000348047

0.000309568 0.000347818
0.000310293 0.000347552

0.000310293 0.000347553
0.00031101 0.000347322

0.000311019 0.00034732
0.000311744 0.000347114

0.000311744 0.000347114
0.000312469 0.000346934

0.000289991 0.000349401
0.00028993 0.000349497

0.000290716 0.000348314
0.000290395 0.000348772

0.000289991 0.000349392
0.000290394 0.000348772

0.000289924 0.000349497
0.000289487 0.000350222

0.000289266 0.000350616
0.000289486 0.000350222

0.000290716 0.00034831
0.000290899 0.000348047

0.000300867 0.000358576
0.000300813 0.000358923

0.000300814 0.000358923
0.000300722 0.000359648

0.000300723 0.000359648
0.000300649 0.000360374

0.00030065 0.000360374
0.00030059 0.000361099

0.000300591 0.000361099
0.000300541 0.000361824

0.000300542 0.000361824
0.000300498 0.000362549

0.000300499 0.000362549
0.000300459 0.000363274

0.00030046 0.000363274
0.000300419 0.000363999

0.00030042 0.000363999
0.000300374 0.000364724

0.000300375 0.000364724
0.000300321 0.000365449

0.000300322 0.000365449
0.000300256 0.000366174

0.000300257 0.000366174
0.000300175 0.000366899

0.000300142 0.000367144
0.000300075 0.000367625

0.000300076 0.000367625
0.000299951 0.00036835

0.000300142 0.000367146
0.000300177 0.000366899

0.000299417 0.000370424
0.000299386 0.000370525

0.000299389 0.000370525
0.00029912 0.00037125

0.000299952 0.00036835
0.000299797 0.000369075

0.000299799 0.000369075
0.000299611 0.0003698

0.000299417 0.00037043
0.000299613 0.0003698

0.000303768 0.000351783
0.000303269 0.000352397

0.000303042 0.00035273
0.000302772 0.000353123

0.000302772 0.000353123
0.000302347 0.000353848

0.000303042 0.000352725
0.000303269 0.000352397

0.000305218 0.000350339
0.000304549 0.000350947

0.000306668 0.000349279
0.000306348 0.000349497

0.000305943 0.000349772
0.000305371 0.000350222

0.000305218 0.000350341
0.000305364 0.000350222

0.000305943 0.000349772
0.000306342 0.000349497

0.000304493 0.000351
0.000303855 0.000351672

0.000303768 0.000351778
0.000303857 0.000351672

0.000304493 0.000351
0.000304547 0.000350947

0.000302317 0.000353913
0.000301991 0.000354573

0.000301993 0.000354573
0.000301692 0.000355298

0.000301592 0.000355591
0.000301442 0.000356023

0.000301444 0.000356023
0.000301235 0.000356748

0.000301592 0.000355587
0.000301693 0.000355298

0.000302317 0.000353911
0.000302349 0.000353848

0.000301236 0.000356748
0.000301064 0.000357473

0.000301066 0.000357473
0.000300925 0.000358198

0.000300867 0.000358572
0.000300926 0.000358198

0.000306668 0.000349277
0.000307393 0.000348839

0.000308118 0.000348456
0.000307524 0.000348772

0.000307393 0.00034884
0.000307521 0.000348772

0.000308118 0.000348457
0.000308843 0.000348116

0.000308843 0.000348117
0.000309012 0.000348047

0.000312469 0.000338258
0.000313194 0.000338299

0.000313194 0.0003383
0.000313919 0.000338355

0.000313919 0.000338355
0.000314644 0.000338424

0.000314644 0.000338424
0.000315369 0.000338506

0.000315369 0.000338506
0.000316094 0.0003386

0.000316094 0.0003386
0.000316236 0.000338621

0.000316236 0.000338621
0.000316819 0.000338705

0.000316819 0.000338705
0.000317544 0.000338821

0.000317544 0.000338821
0.00031827 0.000338946

0.000312469 0.000346934
0.000313194 0.000346777

0.000313194 0.000346778
0.000313919 0.000346642

0.000314644 0.000346526
0.000314203 0.000346597

0.000314644 0.000346526
0.000315369 0.000346426

0.000313919 0.000346642
0.000314201 0.000346597

0.000315369 0.000346427
0.000316094 0.000346344

0.000316094 0.000346344
0.000316819 0.000346276

0.000316819 0.000346276
0.000317544 0.000346222

0.000317544 0.000346222
0.00031827 0.00034618

0.00031827 0.000338946
0.000318995 0.00033908

0.000318995 0.00033908
0.00031972 0.000339222

0.00031972 0.000339222
0.000320322 0.000339346

0.000320322 0.000339346
0.000320445 0.000339371

0.000320445 0.000339371
0.00032117 0.000339527

0.00032117 0.000339527
0.000321895 0.000339689

0.000321895 0.000339689
0.00032262 0.000339857

0.00032262 0.000339857
0.000323345 0.000340029

0.000323345 0.000340029
0.000323517 0.000340071

