0.00031972 0.000200629
0.000319869 0.000200852

0.00031987 0.000200852
0.000320363 0.000201577

0.000320366 0.000201577
0.000320445 0.000201694

0.000320445 0.000201697
0.00032086 0.000202302

0.000320861 0.000202302
0.00032117 0.00020275

0.00032117 0.00020275
0.00032136 0.000203027

0.000321361 0.000203027
0.000321864 0.000203752

0.000321867 0.000203752
0.000321895 0.000203793

0.000321895 0.000203797
0.00032237 0.000204478

0.000322372 0.000204478
0.00032262 0.000204832

0.00032262 0.000204832
0.00032288 0.000205203

0.000322881 0.000205203
0.000323345 0.000205859

0.000323345 0.000205859
0.000323394 0.000205928

0.000323394 0.000205928
0.00032391 0.000206653

0.000323914 0.000206653
0.00032407 0.000206876

0.00032407 0.000206877
0.00032443 0.000207378

0.000324431 0.000207378
0.000324795 0.000207883

0.000324795 0.000207881
0.000324952 0.000208103

0.000324954 0.000208103
0.000325481 0.000208828

0.000316263 0.000208828
0.000316819 0.000209545

0.000316819 0.000209545
0.000316826 0.000209553

0.000316826 0.000209553
0.000317393 0.000210278

0.000317396 0.000210278
0.000317544 0.000210469

0.000317544 0.000210471
0.000317965 0.000211003

0.000317968 0.000211003
0.00031827 0.000211388

0.00031827 0.000211383
0.00031854 0.000211729

0.000318542 0.000211729
0.000318995 0.000212293

0.000318995 0.000212292
0.000319123 0.000212454

0.000319124 0.000212454
0.00031971 0.000213179

0.000319712 0.000213179
0.00031972 0.000213188

0.00031972 0.00021319
0.000320302 0.000213904

0.000320304 0.000213904
0.000320445 0.000214076

0.000320445 0.000214079
0.000320897 0.000214629

0.000320901 0.000214629
0.00032117 0.000214958

0.00032117 0.000214955
0.000321496 0.000215354

0.000321501 0.000215354
0.000321895 0.000215828

0.000321895 0.000215827
0.000322105 0.000216079

0.000322106 0.000216079
0.00032262 0.000216689

0.00032262 0.000216689
0.000322717 0.000216804

0.000322717 0.000216804
0.000323334 0.000217529

0.000323336 0.000217529
0.000323345 0.00021754

0.000323345 0.000217543
0.000323955 0.000218254

0.000323958 0.000218254
0.00032407 0.000218385

0.000325484 0.000208828
0.000325521 0.000208879

0.000325521 0.000208883
0.000326011 0.000209553

0.000326014 0.000209553
0.000326246 0.000209872

0.000326246 0.000209871
0.000326545 0.000210278

0.000326546 0.000210278
0.000326971 0.000210851

0.000326971 0.000210851
0.000327082 0.000211003

0.000327083 0.000211003
0.000327624 0.000211729

0.000327628 0.000211729
0.000327696 0.00021182

0.000327696 0.000211824
0.000328169 0.000212454

0.000328172 0.000212454
0.000328421 0.000212787

0.000328421 0.000212786
0.000328717 0.000213179

0.000328718 0.000213179
0.000329146 0.00021374

0.000329146 0.00021374
0.000329269 0.000213904

0.00032927 0.000213904
0.000329826 0.000214629

0.00032407 0.000218388
0.000324581 0.000218979

0.000324585 0.000218979
0.000324795 0.000219223

0.000324795 0.000219224
0.000325211 0.000219705

0.000325217 0.000219705
0.000325521 0.000220054

0.000325521 0.000220053
0.000325848 0.00022043

0.000329829 0.000214629
0.000329871 0.000214684

0.000329871 0.000214688
0.000330385 0.000215354

0.000330389 0.000215354
0.000330596 0.000215625

0.000330596 0.000215626
0.000330948 0.000216079

0.00033095 0.000216079
0.000331321 0.000216555

0.000331321 0.000216554
0.000331515 0.000216804

0.000331516 0.000216804
0.000332046 0.000217478

0.000332046 0.000217478
0.000332087 0.000217529

0.000332087 0.000217529
0.000332661 0.000218254

0.000332664 0.000218254
0.000332771 0.00021839

0.000332771 0.000218394
0.000333239 0.000218979

0.000333243 0.000218979
0.000333497 0.000219302

0.000333497 0.0002193
0.000333819 0.000219705

0.000333822 0.000219705
0.000334222 0.000220201

0.000334222 0.0002202
0.000334405 0.00022043

0.000325855 0.00022043
0.000326246 0.000220879

0.000326246 0.000220876
0.000326492 0.000221155

0.000326494 0.000221155
0.000326971 0.000221691

0.000326971 0.00022169
0.00032714 0.00022188

0.00032714 0.00022188
0.000327696 0.000222497

0.000327696 0.000222497
0.000327793 0.000222605

0.000327793 0.000222605
0.000328421 0.000223297

0.000328421 0.000223298
0.000.000238012 0
0.000238013 7.25098e-07

0.000238013 7.25098e-07
0.000238014 1.4502e-06

0.000238014 1.4502e-06
0.000238016 2.17529e-06

0.000238016 2.17529e-06
0.000238022 2.90039e-06

0.000238022 2.90039e-06
0.000238029 3.62549e-06

0.000238029 3.62549e-06
0.000238038 4.35059e-06

0.000238039 4.35059e-06
0.00023805 5.07568e-06

0.00023805 5.07568e-06
0.000238062 5.80078e-06

0.000238062 5.80078e-06
0.000238076 6.52588e-06

0.000238076 6.52588e-06
0.00023809 7.25098e-06

0.00023809 7.25098e-06
0.000238106 7.97607e-06

0.000238106 7.97607e-06
0.000238123 8.70117e-06

0.000238124 8.70117e-06
0.000238144 9.42627e-06

0.000238144 9.42627e-06
0.000238166 1.01514e-05

0.000238166 1.01514e-05
0.000238189 1.08765e-05

0.000238189 1.08765e-05
0.000238215 1.16016e-05

0.000238215 1.16016e-05
0.000238242 1.23267e-05

0.000238242 1.23267e-05
0.000238272 1.30518e-05

0.000238272 1.30518e-05
0.000238304 1.37769e-05

0.000238304 1.37769e-05
0.000238339 1.4502e-05

0.000238339 1.4502e-05
0.000238375 1.52271e-05

0.000238375 1.52271e-05
0.000238413 1.59521e-05

0.000238413 1.59521e-05
0.000238454 1.66772e-05

0.000238454 1.66772e-05
0.000238496 1.74023e-05

0.000238496 1.74023e-05
0.000238509 1.76188e-05

0.000238509 1.76189e-05
0.00023854 1.81274e-05

0.00023854 1.81274e-05
0.000238585 1.88525e-05

0.000238585 1.88525e-05
0.000238633 1.95776e-05

0.000238633 1.95776e-05
0.000238683 2.03027e-05

0.000238683 2.03027e-05
0.000238734 2.10278e-05

0.000238734 2.10278e-05
0.000238788 2.17529e-05

0.000238788 2.17529e-05
0.000238844 2.2478e-05

0.000238844 2.2478e-05
0.000238902 2.32031e-05

0.000238902 2.32031e-05
0.000238962 2.39282e-05

0.000238962 2.39282e-05
0.000239024 2.46533e-05

0.000239024 2.46533e-05
0.000239088 2.53784e-05

0.000239088 2.53784e-05
0.000239155 2.61035e-05

0.000239155 2.61035e-05
0.000239224 2.68286e-05

0.000239224 2.68286e-05
0.000239234 2.69347e-05

0.000239234 2.69348e-05
0.000239294 2.75537e-05

0.000239294 2.75537e-05
0.000239367 2.82788e-05

0.000239367 2.82788e-05
0.000239442 2.90039e-05

0.000239442 2.90039e-05
0.000239519 2.9729e-05

0.000239519 2.9729e-05
0.000239599 3.04541e-05

0.000239599 3.04541e-05
0.00023968 3.11792e-05

0.00023968 3.11792e-05
0.000239764 3.19043e-05

0.000239764 3.19043e-05
0.000239849 3.26294e-05

0.000239849 3.26294e-05
0.000239937 3.33545e-05

0.000239937 3.33545e-05
0.000239959 3.35309e-05

0.000239959 3.35311e-05
0.000240027 3.40796e-05

0.000240027 3.40796e-05
0.000240119 3.48047e-05

0.000240119 3.48047e-05
0.000240213 3.55298e-05

0.000240213 3.55298e-05
0.000240309 3.62549e-05

0.00024031 3.62549e-05
0.000240408 3.698e-05

0.000240408 3.698e-05
0.000240508 3.77051e-05

0.000240508 3.77051e-05
0.000240611 3.84302e-05

0.000240611 3.84302e-05
0.000240684 3.89382e-05

0.000240684 3.89383e-05
0.000240715 3.91553e-05

0.000240715 3.91553e-05
0.000240822 3.98804e-05

0.000240822 3.98804e-05
0.000240931 4.06055e-05

0.000240931 4.06055e-05
0.000241042 4.13306e-05

0.000241042 4.13306e-05
0.000241155 4.20557e-05

0.000241155 4.20557e-05
0.00024127 4.27808e-05

0.00024127 4.27808e-05
0.000241386 4.35059e-05

0.000241386 4.35059e-05
0.000241409 4.36441e-05

0.000241409 4.36443e-05
0.000241505 4.4231e-05

0.000241506 4.4231e-05
0.000241627 4.49561e-05

0.000241627 4.49561e-05
0.00024175 4.56812e-05

0.00024175 4.56812e-05
0.000241875 4.64062e-05

0.000249231 0
0.000249233 7.25098e-07

0.000249233 7.25098e-07
0.000249236 1.4502e-06

0.000249235 1.4502e-06
0.00024924 2.17529e-06

0.00024924 2.17529e-06
0.000249248 2.90039e-06

0.000249248 2.90039e-06
0.000249258 3.62549e-06

0.000249258 3.62549e-06
0.00024927 4.35059e-06

0.00024927 4.35059e-06
0.000249284 5.07568e-06

0.000249284 5.07568e-06
0.0002493 5.80078e-06

0.0002493 5.80078e-06
0.000249318 6.52588e-06

0.000249318 6.52588e-06
0.000249339 7.25098e-06

0.000249339 7.25098e-06
0.000249361 7.97607e-06

0.000249361 7.97607e-06
0.000249385 8.6935e-06

0.000249385 8.69356e-06
0.000249386 8.70117e-06

0.000249385 8.70117e-06
0.000249412 9.42627e-06

0.000249412 9.42627e-06
0.000249441 1.01514e-05

0.000249441 1.01514e-05
0.000249472 1.0328451 0.00022333

0.000328451 0.00022333
0.000329114 0.000224055

0.000329116 0.000224055
0.000329146 0.000224088

0.000329146 0.00022409
0.000329782 0.00022478

0.000329784 0.00022478
0.000329871 0.000224874

0.000329871 0.000224876
0.000330455 0.000225505

0.000330458 0.000225505
0.000330596 0.000225654

0.000330596 0.000225655
0.000331133 0.00022623

0.000334407 0.00022043
0.000334947 0.000221095

0.000334947 0.000221095
0.000334995 0.000221155

0.000334996 0.000221155
0.000335588 0.00022188

0.000335592 0.00022188
0.000335672 0.000221978

0.000331137 0.00022623
0.000331321 0.000226427

0.000331321 0.000226427
0.000331816 0.000226956

0.000331821 0.000226956
0.000332046 0.000227194

0.000332046 0.000227194
0.000332506 0.000227681

0.00033251 0.000227681
0.000332771 0.000227955

0.000332771 0.000227956
0.0003332 0.000228406

0.000333204 0.000228406
0.000333497 0.000228711

0.000333497 0.000228712
0.000333899 0.000229131

0.000333903 0.000229131
0.000334222 0.000229461

0.000334222 0.000229463
0.000334602 0.000229856

0.000334606 0.000229856
0.000334947 0.000230207

0.000334947 0.000230208
0.00033531 0.000230581

0.000335313 0.000230581
0.000335672 0.000230949

0.000335672 0.000221982
0.000336185 0.000222605

0.000336188 0.000222605
0.000336397 0.00022286

0.000336397 0.000222861
0.000336783 0.00022333

0.000336788 0.00022333
0.000337122 0.000223737

0.000337122 0.000223734
0.000337386 0.000224055

0.000337389 0.000224055
0.000337847 0.000224603

0.000337847 0.000224603
0.000337995 0.00022478

0.000337996 0.00022478
0.000338572 0.000225465

0.000338572 0.000225465
0.000338606 0.000225505

0.000338606 0.000225505
0.000339219 0.00022623

0.000335672 0.00023095
0.000336021 0.000231306

0.000336023 0.000231306
0.000336397 0.000231686

0.000336397 0.000231688
0.000336735 0.000232031

0.000339223 0.00022623
0.000339297 0.000226319

0.000339297 0.000226323
0.000339835 0.000226956

0.000339839 0.000226956
0.000340022 0.000227172

0.000340022 0.000227174
0.000340453 0.000227681

0.000340459 0.000227681
0.000340748 0.000228022

0.000340748 0.000228021
0.000341073 0.000228406

0.00034108 0.000228406
0.000341473 0.000228867

0.000341473 0.000228865
0.0003417 0.000229131

0.000341702 0.000229131
0.000342198 0.000229705

0.000342198 0.000229706
0.000342327 0.000229856

0.000342328 0.000229856
0.000342923 0.000230542

0.000342923 0.000230542
0.000342957 0.000230581

0.000342957 0.000230581
0.000343587 0.000231306

0.00034359 0.000231306
0.000343648 0.000231373

0.000343648 0.000231376
0.000344219 0.000232031

0.000336738 0.000232031
0.000337122 0.000232421

0.000337122 0.000232422
0.000337453 0.000232756

0.000337455 0.000232756
0.000337847 0.000233152

0.000337847 0.000233153
0.000338173 0.000233481

0.000338175 0.000233481
0.000338572 0.000233881

0.000338572 0.000233882
0.000338896 0.000234207

0.000338897 0.000234207
0.000339297 0.000234608

0.000339297 0.000234609
0.00033962 0.000234932

0.000339621 0.000234932
0.000340022 0.000235333

0.000340022 0.000235334
0.000340345 0.000235657

0.000340347 0.000235657
0.000340748 0.000236057

0.000340748 0.000236058
0.000341072 0.000236382

0.000341073 0.000236382
0.000341473 0.00023678

0.000344222 0.000232031
0.000344373 0.000232204

0.000341473 0.000236782
0.000341799 0.000237107

0.0003418 0.000237107
0.000342198 0.000237504

0.000342198 0.000237505
0.000342525 0.000237832

0.000344373 0.000232208
0.000344852 0.000232756

0.000344856 0.000232756
0.000345098 0.000233035

0.000345098 0.000233035
0.000345484 0.000233481

0.000345491 0.000233481
0.000345823 0.000233865

0.000345823 0.000233864
0.00034612 0.000234207

0.000346126 0.000234207
0.000346548 0.000234693

0.000346548 0.000234692
0.000346758 0.000234932

0.00034676 0.000234932
0.000347273 0.000235518

0.000342526 0.000237832
0.000342923 0.000238228

0.000342923 0.000238229
0.000343251 0.000238557

0.000343253 0.000238557
0.000343648 0.000238952

0.000343648 0.000238953
0.000343977 0.000239282

0.000343978 0.000239282
0.000344373 0.000239678

0.000344373 0.000239679
0.0003447 0.000240007

0.000344701 0.000240007
0.000345098 0.000208765e-05

0.000249472 1.08765e-05
0.000249505 1.16016e-05

0.000249504 1.16016e-05
0.000249539 1.23267e-05

0.000249539 1.23267e-05
0.000249576 1.30518e-05

0.000249576 1.30518e-05
0.000249614 1.37769e-05

0.000249614 1.37769e-05
0.000249654 1.4502e-05

0.000249654 1.4502e-05
0.000249696 1.52271e-05

0.000249696 1.52271e-05
0.000249739 1.59521e-05

0.000249739 1.59521e-05
0.000249785 1.66772e-05

0.000249785 1.66772e-05
0.000249831 1.74023e-05

0.000249831 1.74023e-05
0.00024988 1.81274e-05

0.00024988 1.81274e-05
0.000249931 1.88525e-05

0.000249931 1.88525e-05
0.000249983 1.95776e-05

0.000249983 1.95776e-05
0.000250037 2.03027e-05

0.000250037 2.03027e-05
0.000250093 2.10278e-05

0.000250093 2.10278e-05
0.00025011 2.12394e-05

0.00025011 2.12395e-05
0.000250152 2.17529e-05

0.000250152 2.17529e-05
0.000250212 2.2478e-05

0.000250212 2.2478e-05
0.000250274 2.32031e-05

0.000250274 2.32031e-05
0.000250337 2.39282e-05

0.000250337 2.39282e-05
0.000250403 2.46533e-05

0.000250403 2.46533e-05
0.000250471 2.53784e-05

0.000250471 2.53784e-05
0.000250541 2.61035e-05

0.000250541 2.61035e-05
0.000250613 2.68286e-05

0.000250613 2.68286e-05
0.000250687 2.75537e-05

0.000250687 2.75537e-05
0.000250763 2.82788e-05

0.000250763 2.82788e-05
0.000250835 2.89552e-05

0.000250835 2.89553e-05
0.000250841 2.90039e-05

0.000250841 2.90039e-05
0.00025092 2.9729e-05

0.00025092 2.9729e-05
0.000251002 3.04541e-05

0.000251002 3.04541e-05
0.000251086 3.11792e-05

0.000251086 3.11792e-05
0.000251172 3.19043e-05

0.000251172 3.19043e-05
0.000251259 3.26294e-05

0.000251259 3.26294e-05
0.000251349 3.33545e-05

0.000251349 3.33545e-05
0.000251441 3.40796e-05

0.000251441 3.40796e-05
0.000251535 3.48047e-05

0.000251535 3.48047e-05
0.000251561 3.50018e-05

0.000251561 3.50019e-05
0.00025163 3.55298e-05

0.00025163 3.55298e-05
0.000251728 3.62549e-05

0.000251728 3.62549e-05
0.000251827 3.698e-05

0.000251827 3.698e-05
0.000251928 3.77051e-05

0.000251928 3.77051e-05
0.000252032 3.84302e-05

0.000252032 3.84302e-05
0.000252137 3.91553e-05

0.000252137 3.91553e-05
0.000252244 3.98804e-05

0.000252244 3.98804e-05
0.000252286 4.01569e-05

0.000252286 4.01571e-05
0.000252353 4.06055e-05

0.000252353 4.06055e-05
0.000252464 4.13306e-05

0.000252464 4.13306e-05
0.000252577 4.20557e-05

0.000252577 4.20557e-05
0.000252691 4.27808e-05

0.000252691 4.27808e-05
0.000252808 4.35059e-05

0.000252808 4.35059e-05
0.000252926 4.4231e-05

0.000252926 4.4231e-05
0.000253011 4.47392e-05

0.000253011 4.47393e-05
0.000253047 4.49561e-05

0.000253047 4.49561e-05
0.000253169 4.56812e-05

0.000253169 4.56812e-05
0.000253293 4.64062e-05

0.000241875 4.64062e-05
0.000242002 4.71313e-05

0.000242002 4.71313e-05
0.000242131 4.78564e-05

0.000242131 4.78564e-05
0.000242134 4.78751e-05

0.000242134 4.78754e-05
0.000242262 4.85815e-05

0.000242262 4.85815e-05
0.000242395 4.93066e-05

0.000242395 4.93066e-05
0.000242531 5.00317e-05

0.000242531 5.00317e-05
0.000242668 5.07568e-05

0.000242668 5.07568e-05
0.000242807 5.14819e-05

0.000242807 5.14819e-05
0.000242859 5.17505e-05

0.000242859 5.17508e-05
0.000242948 5.2207e-05

0.000242948 5.2207e-05
0.000243092 5.29321e-05

0.000243092 5.29321e-05
0.000243237 5.36572e-05

0.000243237 5.36572e-05
0.000243385 5.43823e-05

0.000243385 5.43823e-05
0.000243534 5.51074e-05

0.000243534 5.51074e-05
0.000243584 5.53468e-05

0.000243584 5.5347e-05
0.000243686 5.58325e-05

0.000243686 5.58325e-05
0.00024384 5.65576e-05

0.00024384 5.65576e-05
0.000243996 5.72827e-05

0.000243996 5.72827e-05
0.000244154 5.80078e-05

0.000253293 4.64062e-05
0.000253418 4.71313e-05

0.000253418 4.71313e-05
0.000253546 4.78564e-05

0.000253546 4.78564e-05
0.000253675 4.85815e-05

0.000253676 4.85815e-05
0.000253736 4.89147e-05

0.000253736 4.89149e-05
0.000253807 4.93066e-05

0.000253807 4.93066e-05
0.00025394 5.00317e-05

0.00025394 5.00317e-05
0.000254075 5.07568e-05

0.000254075 5.07568e-05
0.000254211 5.14819e-05

0.000254211 5.14819e-05
0.00025435 5.2207e-05

0.00025435 5.2207e-05
0.000254461 5.27808e-05

0.000244154 5.80078e-05
0.00024431 5.87134e-05

040406

0.000345098 0.000240407
0.000345421 0.000240732

0.000345423 0.000240732
0.000345823 0.000241137

0.000345823 0.000241138
0.00034614 0.000241458

0.000346142 0.000241458
0.000346548 0.00024187

0.000346548 0.000241871
0.000346855 0.000242183

0.000346858 0.000242183
0.000347273 0.000242606

0.000347273 0.000235518
0.000347394 0.000235657

0.000347395 0.000235657
0.000347999 0.000236345

0.000347999 0.000236345
0.000348031 0.000236382

0.000348031 0.000236382
0.000348666 0.000237107

0.00034867 0.000237107
0.000348724 0.000237169

0.000348724 0.000237172
0.000349301 0.000237832

0.000349304 0.000237832
0.000349449 0.000237998

0.000349449 0.000238001
0.000349934 0.000238557

0.000349938 0.000238557
0.000350174 0.00023883

0.000347273 0.000242607
0.000347567 0.000242908

0.00034757 0.000242908
0.000347999 0.000243348

0.000347999 0.000243349
0.000348274 0.000243633

0.000350174 0.00023883
0.000350563 0.000239282

0.00035057 0.000239282
0.000350899 0.000239666

0.000350899 0.000239665
0.000351193 0.000240007

0.000351198 0.000240007
0.000351624 0.000240502

0.000351624 0.000240502
0.000351822 0.000240732

0.000351824 0.000240732
0.000352349 0.000241342

0.000352349 0.000241343
0.000352447 0.000241458

0.000352448 0.000241458
0.000353069 0.000242183

0.000353072 0.000242183
0.000353074 0.000242185

0.000353074 0.000242188
0.000353687 0.000242908

0.00035369 0.000242908
0.000353799 0.000243037

0.000353799 0.000243041
0.000354299 0.000243633

0.000348278 0.000243633
0.000348724 0.000244094

0.000348724 0.000244095
0.000348977 0.000244358

0.000348981 0.000244358
0.000349449 0.000244847

0.000349449 0.000244847
0.000349675 0.000245083

0.000349679 0.000245083
0.000350174 0.000245606

0.000350174 0.000245605
0.000350367 0.000245808

0.00035037 0.000245808
0.000350899 0.000246372

0.000350899 0.000246371
0.000351051 0.000246533

0.000351053 0.000246533
0.000351624 0.000247147

0.000351624 0.000247146
0.000351728 0.000247258

0.000351729 0.000247258
0.000352349 0.000247932

0.000352349 0.000247932
0.000352396 0.000247983

0.000352397 0.000247983
0.000353054 0.000248708

0.000353056 0.000248708
0.000353074 0.000248728

0.000354304 0.000243633
0.000354524 0.000243898

0.000354524 0.0002439
0.000354906 0.000244358

0.000354912 0.000244358
0.00035525 0.00024477

0.00035525 0.000244767
0.000355508 0.000245083

0.000355512 0.000245083
0.000355975 0.000245646

0.000353074 0.000248731
0.000353701 0.000249434

0.000355975 0.000245647
0.000356106 0.000245808

0.000356108 0.000245808
0.000356697 0.000246533

0.0003567 0.000246537
0.000357279 0.000247258

0.000357283 0.000247258
0.000357425 0.000247439

0.000357425 0.000247443
0.000357853 0.000247983

0.000357856 0.000247983
0.00035815 0.000248363

0.00035815 0.000248361
0.000358416 0.000248708

0.00035842 0.000248708
0.000358875 0.000249303

0.000353704 0.000249434
0.000353799 0.000249542

0.000353799 0.000249545
0.000354337 0.000250159

0.00035434 0.000250159
0.000354524 0.000250374

0.000354524 0.000250376
0.000354959 0.000250884

0.000354964 0.000250884
0.00035525 0.000251227

0.00035525 0.000251224
0.000355566 0.000251609

0.000355571 0.000251609
0.000355975 0.000252101

0.000355975 0.0002521
0.000356164 0.000252334

0.000356166 0.000252334
0.0003567 0.000253002

0.0003567 0.000253002
0.000356745 0.000253059

0.000356746 0.000253059
0.000357309 0.000253784

0.000357312 0.000253784
0.000357425 0.000253935

0.000357425 0.000253938
0.000357855 0.000254509

0.000357856 0.000254509
0.00035815 0.000254914

0.00035815 0.000254913
0.000358381 0.000255234

0.000358383 0.000255234
0.000358875 0.000255936

0.000274762 0.000324119
0.000274098 0.000324844

0.000277664 0.000321494
0.000277106 0.000321943

0.000275489 0.000323392
0.000275487 0.000323394

0.000275489 0.000323383
0.000276214 0.000322705

0.000274764 0.000324115
0.000275477 0.000323394

0.000276939 0.000322077
0.000276258 0.000322668

0.000276214 0.000322706
0.000276255 0.000322668

0.000276939 0.000322077
0.000277103 0.000321943

0.000282015 0.000318756
0.000281464 0.000319043

0.000282015 0.000318755
0.00028274 0.000318403

0.00.00024431 5.87134e-05
0.000244314 5.87329e-05

0.000244314 5.87329e-05
0.000244476 5.9458e-05

0.000244476 5.9458e-05
0.000244641 6.01831e-05

0.000244641 6.01831e-05
0.000244807 6.09082e-05

0.000244807 6.09082e-05
0.000244976 6.16333e-05

0.000244976 6.16333e-05
0.000245035 6.18825e-05

0.000245035 6.18828e-05
0.000245147 6.23584e-05

0.000245147 6.23584e-05
0.00024532 6.30835e-05

0.00024532 6.30835e-05
0.000245496 6.38086e-05

0.000245496 6.38086e-05
0.000245673 6.45337e-05

0.000245673 6.45337e-05
0.00024576 6.4884e-05

0.00024576 6.48842e-05
0.000245853 6.52588e-05

0.000245853 6.52588e-05
0.000246035 6.59839e-05

0.000246035 6.59839e-05
0.000246219 6.6709e-05

0.000246219 6.6709e-05
0.000246406 6.74341e-05

0.000246406 6.74341e-05
0.000246485 6.77385e-05

0.000246485 6.77387e-05
0.000246594 6.81592e-05

0.000246595 6.81592e-05
0.000246786 6.88843e-05

0.000246786 6.88843e-05
0.000246979 6.96094e-05

0.000254461 5.27809e-05
0.00025449 5.29321e-05

0.00025449 5.29321e-05
0.000254632 5.36572e-05

0.000254632 5.36572e-05
0.000254776 5.43823e-05

0.000254776 5.43823e-05
0.000254922 5.51074e-05

0.000254922 5.51074e-05
0.00025507 5.58325e-05

0.00025507 5.58325e-05
0.000255186 5.63958e-05

0.000255186 5.63959e-05
0.000255219 5.65576e-05

0.000255219 5.65576e-05
0.000255371 5.72827e-05

0.000255371 5.72827e-05
0.000255524 5.80078e-05

0.000255524 5.80078e-05
0.000255679 5.87329e-05

0.000255679 5.87329e-05
0.000255836 5.9458e-05

0.000255836 5.9458e-05
0.000255911 5.97996e-05

0.000255911 5.97998e-05
0.000255995 6.01831e-05

0.000255995 6.01831e-05
0.000256156 6.09082e-05

0.000256156 6.09082e-05
0.000256319 6.16333e-05

0.000256318 6.16333e-05
0.000256483 6.23584e-05

0.000256483 6.23584e-05
0.000256636 6.30232e-05

0.000256636 6.30232e-05
0.00025665 6.30835e-05

0.00025665 6.30835e-05
0.000256819 6.38086e-05

0.000256819 6.38086e-05
0.000256989 6.45337e-05

0.000256989 6.45337e-05
0.000257162 6.52588e-05

0.000257162 6.52588e-05
0.000257337 6.59839e-05

0.000257337 6.59839e-05
0.000257361 6.60849e-05

0.000257361 6.60852e-05
0.000257513 6.6709e-05

0.000257513 6.6709e-05
0.000257692 6.74341e-05

0.000257692 6.74341e-05
0.000257873 6.81592e-05

0.000257873 6.81592e-05
0.000258056 6.88843e-05

0.000258056 6.88843e-05
0.000258086 6.90048e-05

0.000258086 6.90052e-05
0.000258241 6.96094e-05

0.000246979 6.96094e-05
0.000247175 7.03345e-05

0.000247175 7.03345e-05
0.00024721 7.04643e-05

0.00024721 7.04645e-05
0.000247373 7.10596e-05

0.000247373 7.10596e-05
0.000247573 7.17847e-05

0.000247573 7.17847e-05
0.000247775 7.25098e-05

0.000247775 7.25098e-05
0.000247935 7.30752e-05

0.000247935 7.30753e-05
0.00024798 7.32349e-05

0.00024798 7.32349e-05
0.000248188 7.396e-05

0.000248188 7.396e-05
0.000248397 7.46851e-05

0.000248397 7.46851e-05
0.000248609 7.54102e-05

0.000248609 7.54102e-05
0.00024866 7.5584e-05

0.00024866 7.55842e-05
0.000248823 7.61353e-05

0.000248823 7.61353e-05
0.00024904 7.68604e-05

0.00024904 7.68604e-05
0.000249259 7.75854e-05

0.000249259 7.75854e-05
0.000249385 7.80005e-05

0.000249385 7.80007e-05
0.00024948 7.83105e-05

0.00024948 7.83105e-05
0.000249704 7.90356e-05

0.000249704 7.90356e-05
0.00024993 7.97607e-05

0.00024993 7.97607e-05
0.00025011 8.03344e-05

0.00025011 8.03346e-05
0.000250158 8.04858e-05

0.000250158 8.04858e-05
0.000250389 8.12109e-05

0.000250389 8.12109e-05
0.000250622 8.1936e-05

0.000250622 8.1936e-05
0.000250835 8.25939e-05

0.000250835 8.2594e-05
0.000250857 8.26611e-05

0.000250857 8.26611e-05
0.000251095 8.33862e-05

0.000251095 8.33862e-05
0.000251335 8.41113e-05

0.000251335 8.41113e-05
0.000251561 8.47853e-05

0.000251561 8.47854e-05
0.000251578 8.48364e-05

0.000251578 8.48364e-05
0.000251823 8.55615e-05

0.000251823 8.55615e-05
0.00025207 8.62866e-05

0.00025207 8.62866e-05
0.000252286 8.69149e-05

0.000252286 8.6915e-05
0.000252319 8.70117e-05

0.000252319 8.70117e-05
0.000252571 8.77368e-05

0.000252571 8.77368e-05
0.000252825 8.84619e-05

0.000252825 8.84619e-05
0.000253011 8.89875e-05

0.000253011 8.89877e-05
0.000253081 8.9187e-05

0.000253081 8.9187e-05
0.000283465 0.000318078
0.000282932 0.000318318

0.00028274 0.000318403
0.000282929 0.000318318

0.000279114 0.000320453
0.000279054 0.000320493

0.000278389 0.000320955
0.000278033 0.000321218

0.000277664 0.000321492
0.00027803 0.000321218

0.000278389 0.000320951
0.000279046 0.000320493

0.000279114 0.000320447
0.000279839 0.000319977

0.000280564 0.000319541
0.000280189 0.000319768

0.000279839 0.000319976
0.000280184 0.000319768

0.000280564 0.00031954
0.00028129 0.000319133

0.00028129 0.000319133
0.000281461 0.000319043

0.000284915 0.000317496
0.000284665 0.000317593

0.000283465 0.000318077
0.00028419 0.000317774

0.00028419 0.000317774
0.000284659 0.000317593

0.000284915 0.000317494
0.00028564 0.000317235

0.00028564 0.000317234
0.000286365 0.000316995

0.00028709 0.000316777
0.000286791 0.000316868

0.000286365 0.000316996
0.000286787 0.000316868

0.00028709 0.000316776
0.000287815 0.000316573

0.000287815 0.000316573
0.000288541 0.000316387

0.000288541 0.000316387
0.000289266 0.000316218

0.000289991 0.000316064
0.000289622 0.000316143

0.000289991 0.000316064
0.000290716 0.000315922

0.000290716 0.000315923
0.000291441 0.000315795

0.000291441 0.000315795
0.000292166 0.00031568

0.000289266 0.000316218
0.00028962 0.000316143

0.000292166 0.00031568
0.000292891 0.000315576

0.000292891 0.000315576
0.000293616 0.000315483

0.000294341 0.000315399
0.000294182 0.000315417

0.000293616 0.000315483
0.00029418 0.000315417

0.000294341 0.000315399
0.000295066 0.000315323

0.000294341 0.000324605
0.000293867 0.000324844

0.000294341 0.000324605
0.000295066 0.000324263

0.000295066 0.000315323
0.000295792 0.000315255

0.000295792 0.000315255
0.000296517 0.000315194

0.000296517 0.000315194
0.000297242 0.000315139

0.000297242 0.000315139
0.000297967 0.000315089

0.000297967 0.000315089
0.000298692 0.000315043

0.000298692 0.000315044
0.000299417 0.000315002

0.000299417 0.000315002
0.000300142 0.000314964

0.000300142 0.000314964
0.000300867 0.000314929

0.000295792 0.000323944
0.000295397 0.000324119

0.000295066 0.000324263
0.000295394 0.000324119

0.000295792 0.000323944
0.000296517 0.000323643

0.000297242 0.000323361
0.000297158 0.000323394

0.000297242 0.00032336
0.000297967 0.000323092

0.000296517 0.000323643
0.000297154 0.000323394

0.000297967 0.000323092
0.000298692 0.000322837

0.000299417 0.000322597
0.000299203 0.000322668

0.000298692 0.000322838
0.0002992 0.000322668

0.000299417 0.000322597
0.000300142 0.000322367

0.000300142 0.000322367
0.000300867 0.000322148

0.000300867 0.000314929
0.000301592 0.000314895

0.000301592 0.000314895
0.000302317 0.000314863

0.000302317 0.000314863
0.000303042 0.000314832

0.000303042 0.000314832
0.000303768 0.000314802

0.000303768 0.000314802
0.000304493 0.000314771

0.000304493 0.000314771
0.000305218 0.000314741

0.000306668 0.000314678
0.00030634 0.000314692

0.000305218 0.000314741
0.000305943 0.00031471

0.000305943 0.00031471
0.000306342 0.000314692

0.000301592 0.00032194
0.00030158 0.000321943

0.000301592 0.000321939
0.000302317 0.000321738

0.000302317 0.000321738
0.000303042 0.000321545

0.000303042 0.000321545
0.000303768 0.000321358

0.000300867 0.000322148
0.000301577 0.000321943

0.000304493 0.000321179
0.000304335 0.000321218

0.000303768 0.000321358
0.000304333 0.000321218

0.000304493 0.000321179
0.000305218 0.000321005

0.000305218 0.000321005
0.000305943 0.000320835

0.000305943 0.000320835
0.000306668 0.00032067

0.000306668 0.000314678
0.000307393 0.000314644

0.000307393 0.000314644
0.000308118 0.000314609

0.000308118 0.000314609
0.000308843 0.000314572

0.000308843 0.000314572
0.000309568 0.000314532

0.000309568 0.000314532
0.000310293 0.00031449

0.000310293 0.00031449
0.000311019 0.000314445

0.000311019 0.000314445
0.000311744 0.000314397

0.000311744 0.000314397
0.000312469 0.000314345

0.000308118 0.000320351
0.000307467 0.000320493

0.000306668 0.00032067
0.000307393 0.000320509

0.000307393 0.000320509
0.000307466 0.000320493

0.000308118 0.000320352
0.000308843 0.000320196

0.000308843 0.000320196
0.000309568 0.000320043

0.000309568025334 8.99121e-05

0.00025334 8.99121e-05
0.000253601 9.06372e-05

0.000253601 9.06372e-05
0.000253736 9.10092e-05

0.000253736 9.10094e-05
0.000253864 9.13623e-05

0.000253864 9.13623e-05
0.00025413 9.20874e-05

0.00025413 9.20874e-05
0.000254397 9.28125e-05

0.00025824 6.96094e-05
0.000258427 7.03345e-05

0.000258427 7.03345e-05
0.000258616 7.10596e-05

0.000258616 7.10596e-05
0.000258808 7.17847e-05

0.000258808 7.17847e-05
0.000258812 7.17981e-05

0.000258812 7.17985e-05
0.000259001 7.25098e-05

0.000259001 7.25098e-05
0.000259196 7.32349e-05

0.000259196 7.32349e-05
0.000259394 7.396e-05

0.000259394 7.396e-05
0.000259537 7.44764e-05

0.000259537 7.44765e-05
0.000259594 7.46851e-05

0.000259594 7.46851e-05
0.000259796 7.54102e-05

0.000259796 7.54102e-05
0.00026 7.61353e-05

0.00026 7.61353e-05
0.000260207 7.68604e-05

0.000260207 7.68604e-05
0.000260262 7.70513e-05

0.000260262 7.70517e-05
0.000260415 7.75854e-05

0.000260415 7.75854e-05
0.000260626 7.83105e-05

0.000260626 7.83105e-05
0.000260839 7.90356e-05

0.000260839 7.90356e-05
0.000260987 7.95334e-05

0.000260987 7.95336e-05
0.000261054 7.97607e-05

0.000261054 7.97607e-05
0.000261271 8.04858e-05

0.000261271 8.04858e-05
0.000261491 8.12109e-05

0.000261491 8.12109e-05
0.000261712 8.19321e-05

0.000261712 8.19322e-05
0.000261713 8.1936e-05

0.000261713 8.1936e-05
0.000261937 8.26611e-05

0.000261937 8.26611e-05
0.000262163 8.33862e-05

0.000262163 8.33862e-05
0.000262392 8.41113e-05

0.000262392 8.41113e-05
0.000262437 8.42517e-05

0.000262437 8.42522e-05
0.000262623 8.48364e-05

0.000262623 8.48364e-05
0.000262856 8.55615e-05

0.000262856 8.55615e-05
0.000263091 8.62866e-05

0.000263092 8.62866e-05
0.000263162 8.6502e-05

0.000263162 8.65025e-05
0.000263329 8.70117e-05

0.000263329 8.70117e-05
0.000263568 8.77368e-05

0.000263568 8.77368e-05
0.000263811 8.84619e-05

0.000263811 8.84619e-05
0.000263887 8.86882e-05

0.000263887 8.86887e-05
0.000264055 8.9187e-05

0.000264055 8.9187e-05
0.000264301 8.99121e-05

0.000264301 8.99121e-05
0.00026455 9.06372e-05

0.000264551 9.06372e-05
0.000264612 9.08152e-05

0.000264612 9.08158e-05
0.000264802 9.13623e-05

0.000264801 9.13623e-05
0.000265054 9.20874e-05

0.000265054 9.20874e-05
0.00026531 9.28125e-05

0.000254397 9.28125e-05
0.000254461 9.29838e-05

0.000254461 9.2984e-05
0.000254667 9.35376e-05

0.000254667 9.35376e-05
0.00025494 9.42627e-05

0.000254939 9.42627e-05
0.000255186 9.49146e-05

0.000255186 9.49147e-05
0.000255214 9.49878e-05

0.000255214 9.49878e-05
0.00025549 9.57129e-05

0.000255491 9.57129e-05
0.000255769 9.6438e-05

0.000255769 9.6438e-05
0.000255911 9.68046e-05

0.000255911 9.68048e-05
0.00025605 9.71631e-05

0.00025605 9.71631e-05
0.000256334 9.78882e-05

0.000256333 9.78882e-05
0.000256618 9.86133e-05

0.000256618 9.86133e-05
0.000256636 9.86582e-05

0.000256636 9.86585e-05
0.000256906 9.93384e-05

0.000256906 9.93384e-05
0.000257195 0.000100063

0.000257195 0.000100063
0.000257361 0.000100477

0.000257361 0.000100478
0.000257486 0.000100789

0.000257487 0.000100789
0.00025778 0.000101514

0.00025778 0.000101514
0.000258075 0.000102239

0.000258075 0.000102239
0.000258086 0.000102265

0.000258086 0.000102266
0.000258373 0.000102964

0.000258373 0.000102964
0.000258673 0.000103689

0.000258672 0.000103689
0.000258812 0.000104024

0.000258812 0.000104024
0.000258974 0.000104414

0.00026531 9.28125e-05
0.000265337 9.28885e-05

0.000265337 9.28892e-05
0.000265568 9.35376e-05

0.000265568 9.35376e-05
0.000265827 9.42627e-05

0.000265828 9.42627e-05
0.000266063 9.49119e-05

0.000258974 0.000104414
0.000259277 0.000105139

0.000259277 0.000105139
0.000259537 0.000105756

0.000259537 0.000105756
0.000259582 0.000105864

0.000259582 0.000105864
0.000259889 0.000106589

0.000259889 0.000106589
0.000260198 0.000107314

0.000260198 0.000107314
0.000260262 0.000107463

0.000260262 0.000107464
0.000260508 0.00010804

0.000260509 0.00010804
0.000260821 0.000108765

0.000260821 0.000108765
0.000260987 0.000109148

0.000260987 0.000109148
0.000261135 0.00010949

0.000261135 0.00010949
0.000261451 0.00011021 0.000320043
0.000310293 0.000319891

0.000311019 0.000319741
0.00031089 0.000319768

0.000310293 0.000319891
0.000310889 0.000319768

0.000311019 0.000319742
0.000311744 0.000319593

0.000311744 0.000319593
0.000312469 0.000319443

0.000270413 0.000330199
0.000270179 0.000330645

0.000271138 0.000328913
0.000270968 0.000329194

0.000271863 0.000327753
0.000271402 0.000328469

0.000271138 0.000328904
0.0002714 0.000328469

0.000270964 0.000329194
0.000270556 0.000329919

0.000270413 0.000330193
0.000270556 0.000329919

0.000268963 0.000333412
0.000268911 0.000333545

0.000268908 0.000333545
0.000268646 0.00033427

0.000268643 0.00033427
0.000268405 0.000334995

0.000268238 0.000335571
0.000268193 0.00033572

0.000268191 0.00033572
0.000267992 0.000336445

0.000268238 0.000335562
0.000268407 0.000334995

0.000269688 0.000331675
0.000269497 0.000332095

0.000270176 0.000330645
0.000269822 0.00033137

0.000269688 0.000331668
0.000269824 0.00033137

0.000269494 0.000332095
0.000269188 0.00033282

0.000268963 0.000333401
0.000269189 0.00033282

0.000273313 0.000325781
0.000272907 0.000326294

0.000272588 0.000326726
0.000272376 0.000327019

0.000272369 0.000327019
0.000271868 0.000327744

0.000272588 0.000326721
0.000272905 0.000326294

0.000274039 0.000324915
0.000273481 0.000325569

0.000273313 0.000325777
0.00027348 0.000325569

0.000274039 0.000324912
0.000274098 0.000324844

0.000271863 0.000327753
0.000271869 0.000327744

0.000267513 0.000338687
0.000267406 0.000339346

0.000267991 0.000336445
0.000267812 0.00033717

0.000267812 0.00033717
0.000267657 0.000337896

0.000267658 0.000337896
0.000267523 0.000338621

0.000267513 0.000338688
0.000267524 0.000338621

0.000267405 0.000339346
0.000267307 0.000340071

0.000267307 0.000340071
0.000267228 0.000340796

0.000267229 0.000340796
0.000267169 0.000341521

0.000267169 0.000341521
0.000267127 0.000342246

0.000267127 0.000342246
0.000267103 0.000342971

0.000267103 0.000342971
0.000267095 0.000343696

0.000267096 0.000343696
0.000267105 0.000344421

0.000267105 0.000344421
0.000267131 0.000345146

0.000267131 0.000345146
0.000267172 0.000345872

0.000267173 0.000345872
0.000267229 0.000346597

0.00026723 0.000346597
0.000267301 0.000347322

0.000267301 0.000347322
0.000267387 0.000348047

0.00028709 0.000330147
0.00028672 0.000330645

0.000287815 0.000329271
0.00028726 0.000329919

0.00028709 0.000330143
0.000287259 0.000329919

0.000288541 0.000328517
0.000287881 0.000329194

0.000289266 0.000327855
0.000288593 0.000328469

0.000288541 0.000328518
0.000288591 0.000328469

0.000287815 0.000329268
0.000287882 0.000329194

0.000286365 0.000331198
0.000286257 0.00033137

0.000286254 0.00033137
0.000285855 0.000332095

0.00028564 0.000332564
0.000285521 0.00033282

0.000285521 0.00033282
0.00028524 0.000333545

0.00028564 0.000332557
0.000285855 0.000332095

0.000284915 0.000334647
0.000284825 0.000334995

0.000284826 0.000334995
0.000284677 0.00033572

0.000284679 0.00033572
0.000284563 0.000336445

0.000285241 0.000333545
0.00028501 0.00033427

0.000284915 0.000334642
0.000285011 0.00033427

0.000286365 0.000331192
0.000286718 0.000330645

0.000284564 0.000336445
0.000284475 0.00033717

0.000284476 0.00033717
0.000284409 0.000337896

0.000284411 0.000337896
0.000284361 0.000338621

0.000284362 0.000338621
0.000284325 0.000339346

0.000284326 0.000339346
0.000284298 0.000340071

0.000284299 0.000340071
0.000284275 0.000340796

0.000284276 0.000340796
0.000284253 0.000341521

0.000284254 0.000341521
0.000284228 0.000342246

0.00028419 0.0003431
0.000284156 0.000343696

0.000284228 0.000342246
0.000284197 0.000342971

0.00028419 0.000343101
0.000284197 0.000342971

0.000284157 0.000343696
0.000284104 0.000344421

0.000284105 0.000344421
0.000284037 0.000345146

0.000284038 0.000345146
0.000283953 0.000345872

0.000283954 0.000345872
0.000283849 0.000346597

0.00028385 0.000346597
0.000283723 0.000347322

0.000283724 0.000347322
0.000283573 0.000348047

0.000267387 0.000348047
0.000267486 0.000348772

0.000267485 0.000348772
0.000267513 0.000348945

0.000267513 0.000348944
0.0005

0.000261451 0.000110215
0.000261712 0.000110811

0.000261712 0.000110811
0.000261768 0.00011094

0.000261768 0.00011094
0.000262088 0.000111665

0.000262088 0.000111665
0.000262408 0.00011239

0.000262408 0.00011239
0.000262437 0.000112455

0.000262437 0.000112455
0.00026273 0.000113115

0.000262731 0.000113115
0.000263054 0.00011384

0.000263054 0.00011384
0.000263162 0.000114081

0.000263162 0.000114081
0.000263379 0.000114565

0.00026338 0.000114565
0.000263706 0.000115291

0.000263706 0.000115291
0.000263887 0.000115691

0.000263887 0.000115691
0.000264034 0.000116016

0.000264034 0.000116016
0.000264364 0.000116741

0.000264364 0.000116741
0.000264612 0.000117285

0.000264612 0.000117285
0.000264695 0.000117466

0.000264695 0.000117466
0.000265028 0.000118191

0.000265027 0.000118191
0.000265337 0.000118865

0.000265337 0.000118865
0.000265361 0.000118916

0.000265361 0.000118916
0.000265696 0.000119641

0.000265696 0.000119641
0.000266032 0.000120366

0.000266032 0.000120366
0.000266063 0.000120431

0.000266063 9.4912e-05
0.00026609 9.49878e-05

0.00026609 9.49878e-05
0.000266354 9.57129e-05

0.000266354 9.57129e-05
0.00026662 9.6438e-05

0.000266621 9.6438e-05
0.000266788 9.68883e-05

0.000266788 9.68886e-05
0.000266889 9.71631e-05

0.000266889 9.71631e-05
0.00026716 9.78882e-05

0.00026716 9.78882e-05
0.000267433 9.86133e-05

0.000267433 9.86133e-05
0.000267513 9.88236e-05

0.000267513 9.88243e-05
0.000267708 9.93384e-05

0.000267707 9.93384e-05
0.000267984 0.000100063

0.000267985 0.000100063
0.000268238 0.000100721

0.000268238 0.000100722
0.000268264 0.000100789

0.000268264 0.000100789
0.000268544 0.000101514

0.000268544 0.000101514
0.000268827 0.000102239

0.000268828 0.000102239
0.000268963 0.000102583

0.000268963 0.000102583
0.000269113 0.000102964

0.000269112 0.000102964
0.000269399 0.000103689

0.000269399 0.000103689
0.000269688 0.000104414

0.000269688 0.000104414
0.000269979 0.000105139

0.000269979 0.000105139
0.000270271 0.000105864

0.000270272 0.000105864
0.000270413 0.000106213

0.000270413 0.000106213
0.000270566 0.000106589

0.000270566 0.000106589
0.000270862 0.000107314

0.000270862 0.000107314
0.000271138 0.000107987

0.000271138 0.000107987
0.00027116 0.00010804

0.00027116 0.00010804
0.000271459 0.000108765

0.000271459 0.000108765
0.000271761 0.00010949

0.000271761 0.00010949
0.000271863 0.000109734

0.000271863 0.000109735
0.000272064 0.000110215

0.000272063 0.000110215
0.000272368 0.00011094

0.000272369 0.00011094
0.000272588 0.00011146

0.000272588 0.00011146
0.000272675 0.000111665

0.000272675 0.000111665
0.000272983 0.00011239

0.000272983 0.00011239
0.000273292 0.000113115

0.000273293 0.000113115
0.000273313 0.000113163

0.000273313 0.000113164
0.000273603 0.00011384

0.000273603 0.00011384
0.000273916 0.000114565

0.000273917 0.000114565
0.000274039 0.000114847

0.000274039 0.000114848
0.00027423 0.000115291

0.00027423 0.000115291
0.000274546 0.000116016

0.000266063 0.000120432
0.000266369 0.000121091

0.000266369 0.000121091
0.000266708 0.000121816

0.000266708 0.000121816
0.000266788 0.000121987

0.000266788 0.000121987
0.000267048 0.000122542

0.000267048 0.000122542
0.000267389 0.000123267

0.000267389 0.000123267
0.000267513 0.000123529

0.000267513 0.00012353
0.000267731 0.000123992

0.000267731 0.000123992
0.000268074 0.000124717

0.000268074 0.000124717
0.000268238 0.000125062

0.000268238 0.000125062
0.000268418 0.000125442

0.000268418 0.000125442
0.000268764 0.000126167

0.000268763 0.000126167
0.000268963 0.000126585

0.000268963 0.000126585
0.00026911 0.000126892

0.00026911 0.000126892
0.000269457 0.000127617

0.000274546 0.000116016
0.000274764 0.000116513

0.000274764 0.000116513
0.000274863 0.000116741

0.000274863 0.000116741
0.000275181 0.000117466

0.000275182 0.000117466
0.000275489 0.000118161

0.000275489 0.000118161
0.000275502 0.000118191

0.000275502 0.000118191
0.000275823 0.000118916

0.000275823 0.000118916
0.000276146 0.000119641

0.000276147 0.000119641
0.000276214 0.000119792

0.000276214 0.000119793
0.00027647 0.000120366

0.00027647 0.267601 0.000349497

0.000267602 0.000349497
0.000267734 0.000350222

0.000267733 0.000350222
0.000267879 0.000350947

0.000267878 0.000350947
0.00026804 0.000351672

0.000268038 0.000351672
0.000268222 0.000352397

0.00026822 0.000352397
0.000268238 0.000352459

0.000268238 0.000352458
0.000268433 0.000353123

0.000268433 0.000353123
0.000268681 0.000353848

0.000268673 0.000353848
0.000268963 0.000354551

0.000268963 0.000354552
0.000268972 0.000354573

0.000268971 0.000354573
0.000269338 0.000355298

0.000269315 0.000355298
0.000269688 0.000355858

0.000269688 0.000355848
0.000269806 0.000356023

0.000269794 0.000356023
0.000270413 0.000356706

0.000270413 0.000356707
0.000270456 0.000356748

0.000270464 0.000356748
0.000271138 0.000357321

0.000271138 0.000357332
0.000271365 0.000357473

0.000271391 0.000357473
0.000271863 0.000357766

0.000271863 0.000357763
0.000272588 0.000358064

0.000272588 0.000358061
0.000273149 0.000358198

0.000273156 0.000358198
0.000273313 0.000358237

0.000273313 0.000358234
0.000274039 0.000358302

0.000274039 0.0003583
0.000274764 0.000358269

0.000275489 0.000358145
0.000275172 0.000358198

0.000275489 0.000358146
0.000276214 0.000357938

0.000274764 0.000358268
0.000275183 0.000358198

0.000276214 0.00035794
0.000276939 0.000357643

0.000277664 0.000357252
0.000277251 0.000357473

0.000276939 0.000357645
0.00027726 0.000357473

0.000283465 0.000348488
0.000283395 0.000348772

0.000283397 0.000348772
0.00028319 0.000349497

0.00028274 0.000350775
0.000282674 0.000350947

0.000283191 0.000349497
0.000282951 0.000350222

0.00028274 0.00035078
0.000282952 0.000350222

0.000282015 0.00035237
0.000282001 0.000352397

0.00028129 0.000353607
0.000281136 0.000353848

0.000282007 0.000352397
0.0002816 0.000353123

0.00028129 0.000353614
0.000281603 0.000353123

0.000282678 0.000350947
0.000282363 0.000351672

0.000282015 0.00035238
0.000282364 0.000351672

0.000279114 0.000356183
0.000278419 0.000356748

0.000280564 0.000354636
0.000280006 0.000355298

0.000279839 0.00035548
0.000279287 0.000356023

0.000279114 0.000356184
0.000279293 0.000356023

0.000279839 0.000355482
0.00028001 0.000355298

0.000277664 0.000357257
0.000278389 0.000356772

0.000278389 0.000356772
0.000278421 0.000356748

0.000281142 0.000353848
0.000280613 0.000354573

0.000280564 0.000354637
0.000280615 0.000354573

0.000283465 0.000348492
0.000283574 0.000348047

0.000289991 0.000327264
0.000289405 0.000327744

0.000290716 0.000326729
0.000290322 0.000327019

0.000289991 0.000327263
0.000290319 0.000327019

0.000291441 0.000326239
0.000291357 0.000326294

0.000291441 0.000326234
0.000292166 0.00032578

0.000290716 0.000326726
0.00029135 0.000326294

0.000289266 0.000327857
0.000289399 0.000327744

0.000292891 0.000325361
0.000292533 0.000325569

0.000292166 0.000325779
0.000292528 0.000325569

0.000292891 0.00032536
0.000293616 0.000324969

0.000293616 0.000324969
0.000293864 0.000324844

0.000321895 0.000313238
0.000321868 0.000313242

0.000321895 0.000313238
0.00032262 0.00031311

0.00032262 0.00031311
0.000323345 0.000312975

0.000323345 0.000312975
0.00032407 0.000312833

0.000312469 0.000314345
0.000313194 0.00031429

0.000313194 0.00031429
0.000313919 0.00031423

0.000313919 0.00031423
0.000314644 0.000314166

0.000314644 0.000314166
0.000315369 0.000314098

0.000314644 0.000318994
0.000314408 0.000319043

0.000314644 0.000318995
0.000315369 0.000318843

0.000315369 0.000314098
0.000316094 0.000314025

0.000316819 0.000313947
0.00031663 0.000313967

0.000316094 0.000314025
0.000316631 0.000313967

0.000316819 0.000313947
0.000317544 0.000313863

0.000317544 0.000313863
0.00031827 0.000313774

0.000315369 0.000318843
0.000316094 0.000318689

0.000316094 0.000318689
0.000316819 0.000318533

0.000316819 0.000318533
0.000317544 0.000318375

0.00031827 0.000318215
0.000317804 0.000318318

0.000317544 0.000318375
0.000317805 0.000318318

0.000312469 0.000319443
0.000313194 0.000319294

0.000313194 0.000319294
0.000313919 0.000319144

0.000313919 0.000319144
0.000314408 0.000319043

0.00031827 0.000313774
0.000318995 0.00031000120366
0.000276796 0.000121091

0.000276796 0.000121091
0.000276939 0.000121407

0.000276939 0.000121408
0.000277123 0.000121816

0.000277123 0.000121816
0.000277451 0.000122542

0.000277451 0.000122542
0.000277664 0.000123009

0.000269457 0.000127617
0.000269688 0.000128098

0.000269688 0.000128098
0.000269805 0.000128342

0.000269806 0.000128342
0.000270155 0.000129067

0.000270155 0.000129067
0.000270413 0.000129602

0.000270413 0.000129602
0.000270505 0.000129792

0.000270505 0.000129792
0.000270856 0.000130518

0.000270856 0.000130518
0.000271138 0.000131098

0.000271138 0.000131098
0.000271208 0.000131243

0.000271208 0.000131243
0.000271561 0.000131968

0.000271561 0.000131968
0.000271863 0.000132586

0.000271863 0.000132586
0.000271915 0.000132693

0.000271915 0.000132693
0.00027227 0.000133418

0.00027227 0.000133418
0.000272588 0.000134068

0.000272588 0.000134068
0.000272625 0.000134143

0.000272626 0.000134143
0.000272982 0.000134868

0.000272982 0.000134868
0.000273313 0.000135541

0.000273313 0.000135541
0.000273339 0.000135593

0.000273339 0.000135593
0.000273697 0.000136318

0.000273697 0.000136318
0.000274039 0.000137008

0.000274039 0.000137008
0.000274056 0.000137043

0.000274056 0.000137043
0.000274416 0.000137769

0.000274416 0.000137769
0.000274764 0.000138468

0.000274764 0.000138468
0.000274776 0.000138494

0.000274776 0.000138494
0.000275137 0.000139219

0.000277664 0.00012301
0.000277781 0.000123267

0.000277781 0.000123267
0.000278111 0.000123992

0.000278112 0.000123992
0.000278389 0.000124597

0.000278389 0.000124597
0.000278444 0.000124717

0.000278444 0.000124717
0.000278777 0.000125442

0.000278777 0.000125442
0.000279112 0.000126167

0.000279113 0.000126167
0.000279114 0.000126171

0.000279114 0.000126172
0.000279448 0.000126892

0.000279448 0.000126892
0.000279785 0.000127617

0.000279786 0.000127617
0.000279839 0.000127732

0.000279839 0.000127734
0.000280123 0.000128342

0.000280123 0.000128342
0.000280462 0.000129067

0.000280463 0.000129067
0.000280564 0.000129283

0.000280564 0.000129284
0.000280803 0.000129792

0.000280803 0.000129792
0.000281145 0.000130518

0.000281145 0.000130518
0.00028129 0.000130822

0.00028129 0.000130823
0.000281488 0.000131243

0.000281487 0.000131243
0.000281831 0.000131968

0.000281832 0.000131968
0.000282015 0.000132352

0.000282015 0.000132352
0.000282177 0.000132693

0.000282176 0.000132693
0.000282522 0.000133418

0.000282523 0.000133418
0.00028274 0.000133872

0.00028274 0.000133872
0.000282869 0.000134143

0.000282869 0.000134143
0.000283217 0.000134868

0.000283218 0.000134868
0.000283465 0.000135382

0.000283465 0.000135382
0.000283566 0.000135593

0.000283566 0.000135593
0.000283916 0.000136318

0.000283916 0.000136318
0.00028419 0.000136884

0.00028419 0.000136884
0.000284267 0.000137043

0.000284267 0.000137043
0.000284618 0.000137769

0.000284619 0.000137769
0.000284915 0.000138378

0.000284915 0.000138378
0.000284971 0.000138494

0.000284971 0.000138494
0.000285325 0.000139219

0.000275137 0.000139219
0.000275489 0.000139923

0.000275489 0.000139923
0.000275499 0.000139944

0.000275499 0.000139944
0.000275862 0.000140669

0.000275862 0.000140669
0.000276214 0.00014137

0.000276214 0.00014137
0.000276226 0.000141394

0.000276226 0.000141394
0.00027659 0.000142119

0.00027659 0.000142119
0.000276939 0.000142813

0.000276939 0.000142813
0.000276954 0.000142844

0.000276955 0.000142844
0.00027732 0.000143569

0.00027732 0.000143569
0.000277664 0.00014425

0.000277664 0.00014425
0.000277686 0.000144294

0.000277686 0.000144294
0.000278053 0.00014502

0.000278053 0.00014502
0.000278389 0.000145682

0.000278389 0.000145682
0.000278421 0.000145745

0.000278421 0.000145745
0.00027879 0.00014647

0.000278789 0.00014647
0.000279114 0.000147108

0.000279114 0.000147108
0.000279159 0.000147195

0.000279159 0.000147195
0.000279528 0.00014792

0.000279528 0.00014792
0.000279839 0.000148529

0.000279839 0.000148529
0.000279899 0.000148645

0.000279899 0.000148645
0.00028027 0.00014937

0.00028027 0.00014937
0.000280564 0.000149944

0.000280564 0.000149944
0.000280642 0.000150095

0.000280642 0.000150095
0.000281015 0.00015082

0.000285325 0.000139219
0.00028564 0.000139864

0.00028564 0.000139864
0.000285679 0.000139944

0.000285679 0.000139944
0.000286034 0.000140669

0.000286035 0.000140669
0.000286365 0.000141342

0.000286365 0.000141342
0.000286391 0.000141394

0.00028639 0.000141394
0.000286747 0.000142119

0.000286748 0.000142119
0.00028709 0.000142814

0.00028709 0.000142814
0.000287105 0.000142844

0.000287105 0.000142844
0.000287464 0.000143569

0.000287464 0.000143569
0.000287815 0.000144278

0.000287815 0.000144278
0.000287823 0.000144294

0.000287823 0.000144294
0.000288183 0.00014502

0.000288184 0.00014502
0.000288541 0.000145736

0.000288541 0.000145736
0.000288545 0.000145745

0.000288544 0.000145745
0.000288906 0.00014647

0.000288907 0.00014647
0.000289266 0.000147187

0.000281015 0.00015082
0.00028129 0.000151354

0.00028129 0.000151354
0.000281388 0.000151545

0.000281388 0.000151545
0.000281763 0.000152271

0.000281763 0.000152271
0.000282015 0.000152758

0.000282015 0.000152758
0.000282138 0.000152996

0.000282138 0.000152996
0.000282514 0.000153721

0.000282513 0.000153721
0.00028274 0.000154156

0.00028274 0.000154157
0.00028289 0.000154446

0.00028289 0.000154446
0.000283268 0.000155171

0.000283268 0.000155171
0.000283465 0.000155548

0.000283465 0.000155549
0.000283646 0.000155896

0.000283646 0.000155896
0.000284026 0.000156621

0.000284025 0.000156621
0.00028419 0.000156935

0.00028419 0.000156935
0.000284405 0.000157346

0.000284406 0.000157346
0.000284787 0.000158071

0.000284787 0.000158071
0.000284915 0.000158314

0.000284915 0.000158314
0.000285169 0.000158796

0.000285169 0.000158796
0.000285552 0.000159521

0.000285552 0.000159521
0.00028564 0.000159687

0.00028564 0.000159688
0.000285936 0.000160247

0.000285936 0.000160247
0.000286322 0.000160972

0.000286322 0.000160972
0.000286365 0.000161053

0.000286365 0.000161053
0.000286708 0.000161697

0.000286708 0.000161697
0.00028709 0.000162413

0.00028709 0.000162413
0.000287095 0.000162422

0.000287095 0.000162422
0.000287484 0.000163147

0.000287484 0.000163147
0.000287815 0.000163764

0.000287815 0.000163764
0.000287874 0.000163872

0.000287874 0.000163872
0.000288265 0.000164597

0.000288264 0.000164597
0.000288541 0.000165108

0.000288541 0.000165108
0.000288656 0.000165322

0.000288657 0.000165322
0.00028905 0.000166047

0.00028905 0.000166047
0.000289266 0.000166443

0.000289266 0.000147187
0.000289269 0.000147195

0.000289269 0.000147195
0.000289633 0.00014792

0.000289633 0.00014792
0.000289991 0.000148632

0.000289991 0.000148632
0.000289997 0.000148645

0.000289997 0.000148645
0.000290363 0.00014937

0.000290363 0.00014937
0.000290716 0.000150069

0.000290716 0.000150069
0.000290729 0.000150095

0.000290729 0.000150095
0.000291096 0.00015082

0.000291096 0.00015082
0.000291441 0.0001515

0.000291441 0.0001515
0.000291464 0.000151545

0.000291464 0.000151545
0.000291833 0.000152271

0.000291833 0.000152271
0.000292166 0.000152923

0.000292166 0.000152923
0.000292203 0.000152996

0.000292203 0.000152996
0.000292574 0.000153721

0.000292574 0.000153721
0.000292891 0.000154339

0.000292891 0.00015434
0.000292946 0.000154446

0.000292945 0.000154446
0.000293318 0.000155171

0.000293319 0.000155171
0.000293616 0.000155748

0.000293616 0.000155749
0.000293692 0.000155896

0.000293692 0.000155896
0.000294067 0.000156621

0.000294067 0.000156621
0.000294341 0.00015715

0.000294341 0.00015715
0.000294443 0.000157346

0.000294442 0.000157346
0.000294819 0.000158071

0.00029482 0.000158071
0.000295066 0.000158544

0.000295066 0.000158544
0.000295198 0.000158796

0.000295197 0.000158796
0.000295576 0.000159521

0.000295577 0.000159521
0.000295792 0.00015993

0.000295792 0.000159931
0.000295957 0.000160247

0.000295956 0.000160247
0.000296338 0.000160972

0.000296338 0.000160972
0.000296517 0.000161309

0.000296517 0.00016131
0.00029672 0.000161697

0.00029672 0.000161697
0.000297103 0.000162422

0.000289266 0.000166444
0.000289445 0.000166772

0.000289445 0.000166772
0.000289841 0.00016743679

0.000318995 0.000313679
0.00031972 0.000313578

0.00031972 0.000313578
0.000320445 0.000313471

0.000320445 0.000313471
0.00032117 0.000313358

0.00031827 0.000318215
0.000318995 0.000318051

0.000318995 0.000318051
0.00031972 0.000317883

0.00032117 0.000317536
0.000320936 0.000317593

0.00031972 0.000317883
0.000320445 0.000317712

0.000320445 0.000317712
0.000320936 0.000317593

0.00032117 0.000313358
0.000321869 0.000313242

0.00032117 0.000317537
0.000321895 0.000317357

0.000321895 0.000317357
0.00032262 0.000317171

0.00032262 0.000317171
0.000323345 0.00031698

0.00032407 0.000316785
0.000323763 0.000316868

0.000323345 0.00031698
0.000323763 0.000316868

0.00032407 0.000312833
0.000324795 0.000312683

0.000324795 0.000312684
0.000325521 0.000312526

0.000326246 0.000312359
0.000325559 0.000312517

0.000325521 0.000312526
0.000325559 0.000312517

0.000326246 0.000312359
0.000326971 0.000312184

0.000326971 0.000312184
0.000327696 0.000312

0.000327696 0.000312001
0.000328421 0.000311808

0.000329146 0.000311606
0.000328479 0.000311792

0.000329146 0.000311606
0.000329871 0.000311394

0.000328421 0.000311808
0.000328479 0.000311792

0.000329871 0.000311394
0.000330596 0.000311172

0.000331321 0.000310941
0.000330928 0.000311067

0.000330596 0.000311173
0.000330928 0.000311067

0.000331321 0.00031094
0.000332046 0.000310698

0.000332046 0.000310698
0.000332771 0.000310445

0.000333497 0.000310181
0.000333056 0.000310342

0.000333497 0.000310181
0.000334222 0.000309905

0.000334222 0.000309905
0.000334947 0.000309618

0.000335672 0.000309318
0.00033495 0.000309617

0.000334947 0.000309618
0.000334949 0.000309617

0.000332771 0.000310445
0.000333056 0.000310342

0.000334947 0.000312975
0.00033433 0.000313242

0.000334947 0.000312975
0.000335672 0.00031265

0.000326971 0.00031594
0.000326304 0.000316143

0.00032407 0.000316785
0.000324795 0.000316584

0.000324795 0.000316583
0.000325521 0.000316375

0.000325521 0.000316375
0.000326246 0.00031616

0.000326246 0.00031616
0.000326304 0.000316143

0.000326971 0.00031594
0.000327696 0.000315711

0.000327696 0.000315711
0.000328421 0.000315475

0.000329146 0.000315232
0.000328592 0.000315417

0.000328421 0.000315475
0.000328592 0.000315417

0.000329146 0.000315232
0.000329871 0.00031498

0.000331321 0.000314452
0.000330672 0.000314692

0.000329871 0.00031498
0.000330596 0.00031472

0.000330596 0.00031472
0.000330672 0.000314692

0.000331321 0.000314453
0.000332046 0.000314175

0.000332771 0.000313889
0.000332573 0.000313967

0.000332046 0.000314175
0.000332574 0.000313967

0.000332771 0.00031389
0.000333497 0.000313594

0.000333497 0.000313594
0.000334222 0.000313289

0.000334222 0.000313289
0.00033433 0.000313242

0.000358875 0.000289694
0.000358661 0.000290039

0.000348724 0.000301385
0.000348411 0.000301641

0.000350174 0.00030012
0.000350096 0.00030019

0.000349449 0.000300764
0.000349273 0.000300916

0.000348724 0.000301384
0.000349274 0.000300916

0.000349449 0.000300766
0.000350096 0.00030019

0.000353074 0.000297264
0.00035305 0.00029729

0.000352349 0.000298027
0.00035164 0.00029874

0.000353051 0.00029729
0.00035236 0.000298015

0.000352349 0.000298026
0.00035236 0.000298015

0.000350899 0.000299451
0.000350883 0.000299465

0.000350174 0.000300122
0.000350885 0.000299465

0.000350899 0.000299453
0.000351624 0.000298755

0.000351624 0.000298755
0.000351639 0.00029874

0.000352349 0.000301547
0.000352249 0.000301641

0.000353074 0.000300856
0.000353013 0.000300916

0.000352349 0.000301548
0.000353014 0.000300916

0.000354524 0.000295637
0.000354352 0.00029584

0.000355975 0.000293855
0.000355555 0.00029439

0.00035525 0.000294764
0.000354967 0.000295115

0.000354524 0.000295636
0.000354964 0.000295115

0.00035525 0.000294769
0.000355552 0.00029439

0.0003567 0.000292901
0.000356672 0.000292939

0.000357425 0.000291888
0.000357197 0.000292214

0.0003567 0.000292899
0.000357197 0.000292214

0.00035815 0.000290826
0.000357704 0.000291489

0.00035866 0.000290039
0.000358191 0.000290764

0.00035815 0.000290827
0.000358191 0.000290764

0.000357425 0.000291888
0.000398

0.000289841 0.000167498
0.000289991 0.00016777

0.000289991 0.000167771
0.000290239 0.000168223

0.000290239 0.000168223
0.000290638 0.000168948

0.000290638 0.000168948
0.000290716 0.000169088

0.000290716 0.000169089
0.000291038 0.000169673

0.000291039 0.000169673
0.000291441 0.000170398

0.000291441 0.000170398
0.000291844 0.000171123

0.000291844 0.000171123
0.000292166 0.000171698

0.000292166 0.000171699
0.00029225 0.000171848

0.00029225 0.000171848
0.000292657 0.000172573

0.000292657 0.000172573
0.000292891 0.000172989

0.000292891 0.00017299
0.000293065 0.000173298

0.000293065 0.000173298
0.000293476 0.000174023

0.000297104 0.000162422
0.000297242 0.000162681

0.000297242 0.000162682
0.000297489 0.000163147

0.000297488 0.000163147
0.000297874 0.000163872

0.000297875 0.000163872
0.000297967 0.000164044

0.000297967 0.000164045
0.000298262 0.000164597

0.000298261 0.000164597
0.00029865 0.000165322

0.000298651 0.000165322
0.000298692 0.000165399

0.000298692 0.000165401
0.000299039 0.000166047

0.00029904 0.000166047
0.000299417 0.000166747

0.000299417 0.000166747
0.00029943 0.000166772

0.00029943 0.000166772
0.000299823 0.000167498

0.000299823 0.000167498
0.000300142 0.000168085

0.000300142 0.000168085
0.000300217 0.000168223

0.000300216 0.000168223
0.000300611 0.000168948

0.000300612 0.000168948
0.000300867 0.000169415

0.000293476 0.000174023
0.000293616 0.000174271

0.000293616 0.000174271
0.000293888 0.000174749

0.000293888 0.000174749
0.000294302 0.000175474

0.000294302 0.000175474
0.000294341 0.000175542

0.000294341 0.000175542
0.000294718 0.000176199

0.000294718 0.000176199
0.000295066 0.000176804

0.000295066 0.000176804
0.000295135 0.000176924

0.000295136 0.000176924
0.000295556 0.000177649

0.000295555 0.000177649
0.000295792 0.000178055

0.000295792 0.000178055
0.000295977 0.000178374

0.000295977 0.000178374
0.000296401 0.000179099

0.000296401 0.000179099
0.000296517 0.000179295

0.000296517 0.000179296
0.000296827 0.000179824

0.000296827 0.000179824
0.000297242 0.000180526

0.000297242 0.000180525
0.000297256 0.000180549

0.000297256 0.000180549
0.000297686 0.000181274

0.000297686 0.000181274
0.000297967 0.000181745

0.000297967 0.000181745
0.000298119 0.000182

0.000298119 0.000182
0.000298554 0.000182725

0.000298554 0.000182725
0.000298692 0.000182953

0.000298692 0.000182953
0.000298992 0.00018345

0.000298992 0.00018345
0.000299417 0.00018415

0.000299417 0.00018415
0.000299432 0.000184175

0.000299432 0.000184175
0.000299874 0.0001849

0.000299874 0.0001849
0.000300142 0.000185336

0.000300142 0.000185336
0.000300319 0.000185625

0.000300867 0.000169415
0.000301008 0.000169673

0.000301007 0.000169673
0.000301405 0.000170398

0.000301406 0.000170398
0.000301592 0.000170736

0.000301592 0.000170737
0.000301805 0.000171123

0.000301805 0.000171123
0.000302205 0.000171848

0.000302206 0.000171848
0.000302317 0.000172048

0.000302317 0.000172049
0.000302608 0.000172573

0.000302608 0.000172573
0.000303012 0.000173298

0.000303013 0.000173298
0.000303042 0.000173352

0.000303042 0.000173353
0.000303417 0.000174023

0.000303418 0.000174023
0.000303768 0.000174647

0.000303768 0.000174647
0.000303824 0.000174749

0.000303824 0.000174749
0.000304233 0.000175474

0.000304234 0.000175474
0.000304493 0.000175931

0.000304493 0.000175932
0.000304644 0.000176199

0.000304643 0.000176199
0.000305055 0.000176924

0.000305056 0.000176924
0.000305218 0.000177207

0.000305218 0.000177208
0.000305469 0.000177649

0.000305469 0.000177649
0.000305885 0.000178374

0.000305886 0.000178374
0.000305943 0.000178473

0.000305943 0.000178475
0.000306302 0.000179099

0.000306303 0.000179099
0.000306668 0.000179731

0.000306668 0.000179731
0.000306722 0.000179824

0.000306721 0.000179824
0.000307143 0.000180549

0.000307143 0.000180549
0.000307393 0.000180977

0.000307393 0.000180978
0.000307566 0.000181274

0.000307566 0.000181274
0.000307991 0.000182

0.000307992 0.000182
0.000308118 0.000182214

0.000308118 0.000182215
0.000308418 0.000182725

0.000308418 0.000182725
0.000308843 0.000183443

0.0057704 0.000291489

0.000356671 0.000292939
0.000356124 0.000293665

0.000355975 0.000293857
0.000356122 0.000293665

0.000358875 0.000294285
0.000358797 0.00029439

0.00035815 0.000295226
0.000357661 0.00029584

0.000358796 0.00029439
0.000358238 0.000295115

0.00035815 0.000295226
0.000358237 0.000295115

0.000353799 0.000296469
0.000353713 0.000296565

0.000353074 0.000297264
0.000353714 0.000296565

0.000353799 0.000296468
0.000354352 0.00029584

0.00035525 0.000298627
0.000355144 0.00029874

0.000355975 0.000297826
0.000355806 0.000298015

0.00035525 0.000298626
0.000355806 0.000298015

0.000353799 0.00030014
0.000353749 0.00030019

0.000354524 0.000299397
0.000354459 0.000299465

0.000353799 0.000300141
0.00035446 0.000299465

0.000353074 0.000300857
0.000353751 0.00030019

0.000354524 0.000299397
0.000355145 0.00029874

0.0003567 0.000296992
0.000356447 0.00029729

0.000357425 0.000296126
0.000357065 0.000296565

0.0003567 0.000296995
0.00035706 0.000296565

0.000355975 0.000297826
0.000356444 0.00029729

0.000357425 0.000296129
0.000357658 0.00029584

0.000340022 0.00030725
0.000339656 0.000307441

0.000340022 0.000307249
0.000340748 0.000306855

0.000341473 0.000306446
0.000340994 0.000306716

0.000340748 0.000306855
0.000340993 0.000306716

0.000337122 0.000308682
0.000336655 0.000308892

0.000335672 0.000309318
0.000336397 0.000309006

0.000336397 0.000309007
0.000336654 0.000308892

0.000337122 0.000308682
0.000337847 0.000308344

0.000338572 0.000307994
0.000338216 0.000308167

0.000337847 0.000308345
0.000338215 0.000308167

0.000336397 0.000312315
0.000335959 0.000312517

0.000335672 0.00031265
0.000335959 0.000312517

0.000336397 0.000312315
0.000337122 0.000311969

0.000337847 0.000311612
0.000337481 0.000311792

0.000337847 0.000311612
0.000338572 0.000311243

0.000337122 0.000311969
0.000337481 0.000311792

0.000338572 0.000307993
0.000339297 0.000307628

0.000339297 0.000307629
0.000339655 0.000307441

0.000340748 0.000310067
0.000340255 0.000310342

0.000340748 0.000310067
0.000341473 0.00030965

0.000339297 0.000310864
0.000338909 0.000311067

0.000338572 0.000311244
0.000338909 0.000311067

0.000339297 0.000310864
0.000340022 0.000310472

0.000340022 0.000310472
0.000340255 0.000310342

0.000342923 0.000305579
0.000342246 0.000305991

0.000341473 0.000306446
0.000342198 0.00030602

0.000342198 0.00030602
0.000342246 0.000305991

0.000343648 0.000305121
0.000343418 0.000305266

0.000342923 0.000305579
0.000343418 0.000305266

0.000343648 0.00030512
0.000344373 0.000304644

0.000345098 0.000304151
0.000344526 0.000304541

0.000345823 0.000303639
0.000345571 0.000303816

0.000345098 0.000304151
0.000345572 0.000303816

0.000347273 0.000302554
0.000346569 0.000303091

0.000345823 0.000303639
0.000346548 0.000303106

0.000346548 0.000303106
0.000346568 0.000303091

0.000344373 0.000304643
0.000344528 0.000304541

0.000345098 0.000307361
0.000344975 0.000307441

0.000345098 0.00030736
0.000345823 0.000306858

0.000347273 0.000305806
0.000347019 0.000305991

0.000346548 0.00030634
0.000346021 0.000306716

0.000345823 0.000306856
0.000346024 0.000306716

0.000346548 0.00030634
0.000347021 0.000305991

0.000342923 0.000308776
0.000342734 0.000308892

0.000342198 0.00030922
0.000341529 0.000309617

0.000341473 0.00030965
0.00034153 0.000309617

0.000342198 0.00030922
0.000342735 0.000308892

0.000342923 0.000308776
0.000343648 0.000308319

0.000344373 0.000307847
0.000343882 0.000308167

0.000343648 0.000308318
0.000343883 0.000308167

0.000344373 0.000307847
0.000344977 0.000307441

0.000347999 0.00030198
0.000347512 0.000302366

0.000347273 0.000302552
0.000347515 0.000302366

0.000347999 0.000301978
0.000348415 0.000301641

0.000349449 0.000304097
0.0003489 0.000304541

0.000350174 0.000303492
0.000349782 0.000303816

0.000349449 0.000304094
0.000349788 0.000303816

0.000347999 0.000305253
0.000347981 0.000305266

0.000347273 0.000305805
0.000347982 0.000305266

0.000347999 0.000305253
0.000348724 0.000304684

0.000348724 0.000304683
0.000348902 0.000304541

0.000350899 0.000302863
0.000350635 0.000303091
0308843 0.000183443
0.000308847 0.00018345

0.000308847 0.00018345
0.000309278 0.000184175

0.000309279 0.000184175
0.000309568 0.000184659

0.000309568 0.000184659
0.000309712 0.0001849

0.000309712 0.0001849
0.000310147 0.000185625

0.000300319 0.000185625
0.000300767 0.00018635

0.000300768 0.00018635
0.000300867 0.000186511

0.000300867 0.000186511
0.000301217 0.000187075

0.000301218 0.000187075
0.000301592 0.000187675

0.000301592 0.000187674
0.00030167 0.0001878

0.000301671 0.0001878
0.000302127 0.000188525

0.000302127 0.000188525
0.000302317 0.000188827

0.000302317 0.000188827
0.000302585 0.00018925

0.000302585 0.00018925
0.000303042 0.000189968

0.000303042 0.000189968
0.000303047 0.000189976

0.000303047 0.000189976
0.000303512 0.000190701

0.000303512 0.000190701
0.000303768 0.000191097

0.000303768 0.000191097
0.000303979 0.000191426

0.00030398 0.000191426
0.00030445 0.000192151

0.000304452 0.000192151
0.000304493 0.000192215

0.000304493 0.000192216
0.000304924 0.000192876

0.000304924 0.000192876
0.000305218 0.000193322

0.000305218 0.000193322
0.000305401 0.000193601

0.000305401 0.000193601
0.000305882 0.000194326

0.000305884 0.000194326
0.000305943 0.000194417

0.000305943 0.000194418
0.000306365 0.000195051

0.000306365 0.000195051
0.000306668 0.000195502

0.000310148 0.000185625
0.000310293 0.000185865

0.000310293 0.000185867
0.000310585 0.00018635

0.000310585 0.00018635
0.000311019 0.000187064

0.000311019 0.000187064
0.000311025 0.000187075

0.000311025 0.000187075
0.000311468 0.0001878

0.000311468 0.0001878
0.000311744 0.000188249

0.000311744 0.00018825
0.000311913 0.000188525

0.000311912 0.000188525
0.000312359 0.00018925

0.00031236 0.00018925
0.000312469 0.000189426

0.000306668 0.000195501
0.000306852 0.000195776

0.000306852 0.000195776
0.000307343 0.000196501

0.000307345 0.000196501
0.000307393 0.000196574

0.000307393 0.000196576
0.000307837 0.000197227

0.000307837 0.000197227
0.000308118 0.000197637

0.000308118 0.000197637
0.000308334 0.000197952

0.000308334 0.000197952
0.000308835 0.000198677

0.000308837 0.000198677
0.000308843 0.000198686

0.000308843 0.000198688
0.00030934 0.000199402

0.000309341 0.000199402
0.000309568 0.000199728

0.000309568 0.000199728
0.000309848 0.000200127

0.000309848 0.000200127
0.000310293 0.000200757

0.000310293 0.000200756
0.00031036 0.000200852

0.000310361 0.000200852
0.000310877 0.000201577

0.00031088 0.000201577
0.000311019 0.000201776

0.000311019 0.000201775
0.000311396 0.000202302

0.000311397 0.000202302
0.000311744 0.000202782

0.000311744 0.00020278
0.000311919 0.000203027

0.000311921 0.000203027
0.000312449 0.000203752

0.000312451 0.000203752
0.000312469 0.000203777

0.000312469 0.000189427
0.000312809 0.000189976

0.000312809 0.000189976
0.000313194 0.000190593

0.000313194 0.000190592
0.000313261 0.000190701

0.000313261 0.000190701
0.000313715 0.000191426

0.000313716 0.000191426
0.000313919 0.000191748

0.000313919 0.000191749
0.000314172 0.000192151

0.000314173 0.000192151
0.000314632 0.000192876

0.000314634 0.000192876
0.000314644 0.000192892

0.000314644 0.000192895
0.000315094 0.000193601

0.000315095 0.000193601
0.000315369 0.000194029

0.000315369 0.00019403
0.000315559 0.000194326

0.000315559 0.000194326
0.000316027 0.000195051

0.000316029 0.000195051
0.000316094 0.000195154

0.000316094 0.000195156
0.000316497 0.000195776

0.000316498 0.000195776
0.000316819 0.000196269

0.000316819 0.000196269
0.00031697 0.000196501

0.00031697 0.000196501
0.000317446 0.000197227

0.000317448 0.000197227
0.000317544 0.000197375

0.000317544 0.000197376
0.000317925 0.000197952

0.000317925 0.000197952
0.00031827 0.00019847

0.000312469 0.00020378
0.000312981 0.000204478

0.000312983 0.000204478
0.000313194 0.000204767

0.000313194 0.000204766
0.000313517 0.000205203

0.000313517 0.000205203
0.000313919 0.000205742

0.000313919 0.000205741
0.000314056 0.000205928

0.000314058 0.000205928
0.000314602 0.000206653

0.000314605 0.000206653
0.000314644 0.000206705

0.000314644 0.000206708
0.000315151 0.000207378

0.000315155 0.000207378
0.000315369 0.000207665

0.000315369 0.000207663
0.000315705 0.000208103

0.000315705 0.000208103
0.000316094 0.000208608

0.000316094 0.000208607
0.000316262 0.000208828

0.00031827 0.000198469
0.000318406 0.000198677

0.000318407 0.000198677
0.000318891 0.000199402

0.000318894 0.000199402
0.000318995 0.000199555

0.000318995 0.000199556
0.000319379 0.000200127

0.00031938 0.000200127
0.00031972 0.00020063


0.000351624 0.000302215
0.000351457 0.000302366

0.000350899 0.000302863
0.000351458 0.000302366

0.000350174 0.000303487
0.000350639 0.000303091

0.000351624 0.000302216
0.00035225 0.000301641

0.000358875 0.000249303
0.000358974 0.000249434

0.000358975 0.000249434
0.00035952 0.000250159

0.000359524 0.000250159
0.0003596 0.000250262

0.0003596 0.000250268
0.000360054 0.000250884

0.000360057 0.000250884
0.000360325 0.000251257

0.000360325 0.000251258
0.000360577 0.000251609

0.000360578 0.000251609
0.00036105 0.00025228

0.00036105 0.00025228
0.000361087 0.000252334

0.000361087 0.000252334
0.000361584 0.000253059

0.000361587 0.000253059
0.000361775 0.000253342

0.000361775 0.000253345
0.000362068 0.000253784

0.000362069 0.000253784
0.0003625 0.000254453

0.0003625 0.000254452
0.000362536 0.000254509

0.000362536 0.000254509
0.00036299 0.000255234

0.000358875 0.000255936
0.000358891 0.000255959

0.000358892 0.000255959
0.000359381 0.000256685

0.000359382 0.000256685
0.0003596 0.000257022

0.0003596 0.000257024
0.000359849 0.00025741

0.00035985 0.00025741
0.000360298 0.000258135

0.0003603 0.000258135
0.000360325 0.000258178

0.000360325 0.000258181
0.000360725 0.00025886

0.000360725 0.00025886
0.00036105 0.000259442

0.00036105 0.000259443
0.00036113 0.000259585

0.00036113 0.000259585
0.000361513 0.00026031

0.000361514 0.00026031
0.000361775 0.000260835

0.000362992 0.000255234
0.000363226 0.000255621

0.000363226 0.000255623
0.000363429 0.000255959

0.000363428 0.000255959
0.000363849 0.000256685

0.000363852 0.000256685
0.000363951 0.000256861

0.000363951 0.000256864
0.000364255 0.00025741

0.000364254 0.00025741
0.000364641 0.000258135

0.000361775 0.000260836
0.000361874 0.000261035

0.000364644 0.000258135
0.000364676 0.000258197

0.000361875 0.000261035
0.000362214 0.00026176

0.000362214 0.00026176
0.0003625 0.000262414

0.0003625 0.000262415
0.000362531 0.000262485

0.000362532 0.000262485
0.000362827 0.00026321

0.000362827 0.00026321
0.000363101 0.000263936

0.000363101 0.000263936
0.000363226 0.000264293

0.000363226 0.000264295
0.000363353 0.000264661

0.000363353 0.000264661
0.000363583 0.000265386

0.000363583 0.000265386
0.000363792 0.000266111

0.000363792 0.000266111
0.000363951 0.000266727

0.000363951 0.000266727
0.000363979 0.000266836

0.000364676 0.000258201
0.000365011 0.00025886

0.00036501 0.00025886
0.00036536 0.000259585

0.000365363 0.000259585
0.000365401 0.000259669

0.000365401 0.000259671
0.000365692 0.00026031

0.00036569 0.00026031
0.000366001 0.000261035

0.000366003 0.000261035
0.000366126 0.000261341

0.000366126 0.000261342
0.000366294 0.00026176

0.000366293 0.00026176
0.000366562 0.000262485

0.000366562 0.000262485
0.000366811 0.00026321

0.000366813 0.00026321
0.000366851 0.000263333

0.000366851 0.000263334
0.00036704 0.000263936

0.000367039 0.000263936
0.000367243 0.000264661

0.000367243 0.000264661
0.000367425 0.000265386

0.000367425 0.000265386
0.000367576 0.000266072

0.000367576 0.000266072
0.000367585 0.000266111

0.000367585 0.000266111
0.000367722 0.000266836

0.000363979 0.000266836
0.000364143 0.000267561

0.000364143 0.000267561
0.000364284 0.000268286

0.000364284 0.000268286
0.000364402 0.000269011

0.000364402 0.000269011
0.000364497 0.000269736

0.000364497 0.000269736
0.000364568 0.000270461

0.000364568 0.000270461
0.000364616 0.000271187

0.000364616 0.000271187
0.00036464 0.000271912

0.00036464 0.000271912
0.00036464 0.000272637

0.00036464 0.000272637
0.000364618 0.000273362

0.000364618 0.000273362
0.000364572 0.000274087

0.000364571 0.000274087
0.000364502 0.000274812

0.000364502 0.000274812
0.000364411 0.000275537

0.000364411 0.000275537
0.000364298 0.000276262

0.000364298 0.000276262
0.000364163 0.000276987

0.000363951 0.000277952
0.000363834 0.000278437

0.000364163 0.000276987
0.000364009 0.000277712

0.000363951 0.000277952
0.000364008 0.000277712

0.000367721 0.000266836
0.000367834 0.000267561

0.000367834 0.000267561
0.000367924 0.000268286

0.000367924 0.000268286
0.000367991 0.000269011

0.000367991 0.000269011
0.000368035 0.000269736

0.000368035 0.000269736
0.000368057 0.000270461

0.000368056 0.000270461
0.000368055 0.000271187

0.000368055 0.000271187
0.000368033 0.000271912

0.000368033 0.000271912
0.000367989 0.000272637

0.000367576 0.000275747
0.000367477 0.000276262

0.000367477 0.000276262
0.000367321 0.000276987

0.00036732 0.000276987
0.000367147 0.000277712

0.000367147 0.000277712
0.000366956 0.000278437

0.000367989 0.000272637
0.000367925 0.000273362

0.000367925 0.000273362
0.000367841 0.000274087

0.000367841 0.000274087
0.000367738 0.000274812

0.000367738 0.000274812
0.000367617 0.000275537

0.000367576 0.000275747
0.000367616 0.000275537

0.000363226 0.000280523
0.000363197 0.000280613

0.000363197 0.000280613
0.000362949 0.000281338

0.000363834 0.000278437
0.00036364 0.000279163

0.00036364 0.000279163
0.000363427 0.000279888

0.000363226 0.000280523
0.000363427 0.000279888

0.0003625 0.000282532
0.000362401 0.000282788

0.000362948 0.000281338
0.000362683 0.000282063

0.0003625 0.000282532
0.000362683 0.000282063

0.000362401 0.000282788
0.000362101 0.000283513

0.000362102 0.000283513
0.000361786 0.000284238

0.000361775 0.000284261
0.000361454 0.000284963

0.000361454 0.000284963
0.000361105 0.000285688

0.00036105 0.000285798
0.000360741 0.000286414

0.00036074 0.000286414
0.000360359 0.000287139

0.00036105 0.000285798
0.000361105 0.000285688

0.0003596 0.000288492
0.000359545 0.000288589

0.000360325 0.0002872
0.00035996 0.000287864

0.0003596 0.000288492
0.00035996 0.000287864

0.000359544 0.000288589
0.000359111 0.000289314

0.000358875 0.000289694
0.000359111 0.000289314

0.000360325 0.0002872
0.000360359 0.000287139

0.000361775 0.000284261
0.000361786 0.000284238

0.000364676 0.000284635
0.000364526 0.000284963

0.000364525 0.000284963
0.000364179 0.000285688

0.000363951 0.000286145
0.000363817 0.000286414

0.000363816 0.000286414
0.000363439 0.000287139

0.000363951 0.000286145
0.000364179 0.000285688

0.000363226 0.000287534
0.000363047 0.000287864

0.000363047 0.000287864
0.000362639 0.000288589

0.0003625 0.000288826
0.000362216 0.000289314

0.000362216 0.000289314
0.000361777 0.000290039

0.0003625 0.000288826
0.000362639 0.000288589

0.000363226 0.000287533
0.000363439 0.000287139

0.000366126 0.00028107
0.000366032 0.000281338

0.000366851 0.000278806
0.000366749 0.000279163

0.00036675 0.000279163
0.000366526 0.000279888

0.000366851 0.000278806
0.000366956 0.000278437

0.000366526 0.000279888
0.000366287 0.000280613

0.000366126 0.00028107
0.000366287 0.000280613

0.000366032 0.000281338
0.000365761 0.000282063

0.000365761 0.000282063
0.000365475 0.000282788

0.000365401 0.000282967
0.000365174 0.000283513

0.000365174 0.000283513
0.000364857 0.000284238

0.000365401 0.000282967
0.000365475 0.000282788

0.000364676 0.000284635
0.000364857 0.000284238

0.000360325 0.000292269
0.000359858 0.000292939

0.00036105 0.000291182
0.000360851 0.000291489

0.000361775 0.000290041
0.000361322 0.000290764

0.00036105 0.000291182
0.000361322 0.000290764

0.00036085 0.000291489
0.000360363 0.000292214

0.000360325 0.000292269
0.000360362 0.000292214

0.0003596 0.000293298
0.000359337 0.000293665

0.000358875 0.000294284
0.000359336 0.000293665

0.0003596 0.000293299
0.000359858 0.000292939

0.000361775 0.000290041
0.000361777 0.000290039

