9.10614e-05 0.000162422
9.12796e-05 0.000163147

9.12792e-05 0.000163147
9.1314e-05 0.000163259

9.1314e-05 0.000163259
9.15043e-05 0.000163872

9.15068e-05 0.000163872
9.17347e-05 0.000164597

9.17327e-05 0.000164597
9.19622e-05 0.000165322

9.19609e-05 0.000165322
9.20391e-05 0.000165561

9.20391e-05 0.00016556
9.21986e-05 0.000166047

9.22022e-05 0.000166047
9.24433e-05 0.000166772

9.24408e-05 0.000166772
9.26831e-05 0.000167498

9.26818e-05 0.000167498
9.27642e-05 0.000167736

9.27642e-05 0.000167735
9.29328e-05 0.000168223

9.29365e-05 0.000168223
9.3191e-05 0.000168948

9.3188e-05 0.000168948
9.34449e-05 0.000169673

9.34446e-05 0.000169673
9.34893e-05 0.000169795

9.34893e-05 0.000169794
9.37103e-05 0.000170398

9.37127e-05 0.000170398
9.39813e-05 0.000171123

9.39776e-05 0.000171123
9.42144e-05 0.000171749

9.42144e-05 0.000171749
9.42518e-05 0.000171848

9.42552e-05 0.000171848
9.45357e-05 0.000172573

9.45342e-05 0.000172573
9.48173e-05 0.000173298

9.48154e-05 0.000173298
9.49395e-05 0.000173606

9.49395e-05 0.000173605
9.51081e-05 0.000174023

9.5112e-05 0.000174023
9.5409e-05 0.000174749

9.54043e-05 0.000174749
9.56646e-05 0.000175372

9.56646e-05 0.000175372
9.57071e-05 0.000175474

9.57113e-05 0.000175474
9.60211e-05 0.000176199

9.60182e-05 0.000176199
9.63325e-05 0.000176924

9.63325e-05 0.000176924
9.63896e-05 0.000177052

9.63896e-05 0.00017705
9.66568e-05 0.000177649

9.6658e-05 0.000177649
9.6987e-05 0.000178374

9.6984e-05 0.000178374
9.71147e-05 0.000178655

9.71147e-05 0.000178654
9.73218e-05 0.000179099

9.73256e-05 0.000179099
9.76696e-05 0.000179824

9.76648e-05 0.000179824
9.78398e-05 0.000180185

9.78398e-05 0.000180184
9.80172e-05 0.000180549

9.8022e-05 0.000180549
9.83817e-05 0.000181274

9.83762e-05 0.000181274
9.85649e-05 0.000181647

9.85649e-05 0.000181646
9.87443e-05 0.000182

9.87492e-05 0.000182
9.91256e-05 0.000182725

9.91206e-05 0.000182725
9.929e-05 0.000183044

9.929e-05 0.000183043
9.95054e-05 0.00018345

9.95089e-05 0.00018345
9.99036e-05 0.000184175

9.9901e-05 0.000184175
0.000100015 0.000184381

0.000100015 0.00018438
0.000100304 0.0001849

0.000100303 0.0001849
0.000100717 0.000185625

0.000111154 0.000139219
0.000111169 0.000139944

0.000111168 0.000139944
0.000111185 0.000140669

0.000111185 0.000140669
0.000111204 0.000141394

0.000111204 0.000141394
0.000111226 0.000142119

0.000111225 0.000142119
0.000111251 0.000142844

0.000111251 0.000142844
0.00011128 0.000143569

0.00011128 0.000143569
0.000111313 0.000144294

0.000111313 0.000144294
0.000111351 0.00014502

0.000111351 0.00014502
0.000111394 0.000145745

0.000111394 0.000145745
0.000111443 0.00014647

0.000111442 0.00014647
0.000111496 0.000147195

0.000111496 0.000147195
0.000111556 0.00014792

0.000111556 0.00014792
0.000111617 0.000148577

0.000111617 0.000148577
0.000111623 0.000148645

0.000111623 0.000148645
0.000111696 0.00014937

0.000111696 0.00014937
0.000111776 0.000150095

0.000111776 0.000150095
0.000111864 0.00015082

0.000111864 0.00015082
0.00011196 0.000151545

0.000111959 0.000151545
0.000112063 0.000152271

0.000112063 0.000152271
0.000112176 0.000152996

0.000112176 0.000152996
0.000112297 0.000153721

0.000112297 0.000153721
0.000112342 0.000153966

0.000112342 0.000153965
0.000112429 0.000154446

0.000112428 0.000154446
0.000112569 0.000155171

0.000112569 0.000155171
0.00011272 0.000155896

0.000112719 0.000155896
0.000112882 0.000156621

0.000112882 0.000156621
0.000113056 0.000157346

0.000113055 0.000157346
0.000113067 0.000157391

0.000113067 0.00015739
0.000113241 0.000158071

0.00011324 0.000158071
0.000113438 0.000158796

0.000113438 0.000158796
0.000113649 0.000159521

0.000113649 0.000159521
0.000113792 0.000159982

0.000113792 0.000159981
0.000113874 0.000160247

0.000113873 0.000160247
0.000114112 0.000160972

0.000114112 0.000160972
0.000114367 0.000161697

0.000114367 0.000161697
0.000114517 0.000162099

0.000114517 0.000162097
0.000114638 0.000162422

0.000114637 0.000162422
0.000114925 0.000163147

0.000114925 0.000163147
0.000115231 0.000163872

0.00011523 0.000163872
0.07.11656e-05 0
7.11657e-05 7.25098e-07

7.11656e-05 7.25098e-07
7.11662e-05 1.4502e-06

7.11657e-05 1.4502e-06
7.11696e-05 2.90039e-06

7.11701e-05 2.90039e-06
7.11735e-05 3.62549e-06

7.11734e-05 3.62549e-06
7.11775e-05 4.35059e-06

7.11776e-05 4.35059e-06
7.11823e-05 5.07568e-06

7.11824e-05 5.07568e-06
7.11876e-05 5.80078e-06

7.11874e-05 5.80078e-06
7.11932e-05 6.52588e-06

7.11933e-05 6.52588e-06
7.12e-05 7.25098e-06

7.11999e-05 7.25098e-06
7.12154e-05 8.70117e-06

7.12161e-05 8.70117e-06
7.12246e-05 9.42627e-06

7.1224e-05 9.42627e-06
7.12333e-05 1.01514e-05

7.1234e-05 1.01514e-05
7.12535e-05 1.16016e-05

7.12544e-05 1.16016e-05
7.1264e-05 1.23267e-05

7.12635e-05 1.23267e-05
7.12725e-05 1.30518e-05

7.12724e-05 1.30518e-05
7.12823e-05 1.37769e-05

7.12818e-05 1.37769e-05
7.12939e-05 1.4502e-05

7.12949e-05 1.4502e-05
7.13083e-05 1.52271e-05

7.13082e-05 1.52271e-05
7.13214e-05 1.59521e-05

7.13216e-05 1.59521e-05
7.13346e-05 1.66772e-05

7.13335e-05 1.66772e-05
7.13483e-05 1.74023e-05

7.13493e-05 1.74023e-05
7.13662e-05 1.81274e-05

7.1366e-05 1.81274e-05
7.13832e-05 1.88525e-05

7.13836e-05 1.88525e-05
7.14006e-05 1.95776e-05

7.13995e-05 1.95776e-05
7.14177e-05 2.03027e-05

7.14184e-05 2.03027e-05
7.14387e-05 2.10278e-05

7.14387e-05 2.10278e-05
7.14597e-05 2.17529e-05

7.14601e-05 2.17529e-05
7.1481e-05 2.2478e-05

7.148e-05 2.2478e-05
7.1502e-05 2.32031e-05

7.15025e-05 2.32031e-05
7.15264e-05 2.39282e-05

7.15266e-05 2.39282e-05
7.1551e-05 2.46533e-05

7.15511e-05 2.46533e-05
7.15755e-05 2.53784e-05

7.1575e-05 2.53784e-05
7.16004e-05 2.61035e-05

7.16005e-05 2.61035e-05
7.16278e-05 2.68286e-05

7.16278e-05 2.68286e-05
7.16567e-05 2.75537e-05

7.16568e-05 2.75537e-05
7.1687e-05 2.82788e-05

7.1687e-05 2.82788e-05
7.17185e-05 2.90039e-05

7.17185e-05 2.90039e-05
7.17363e-05 2.93995e-05

7.17363e-05 2.93996e-05
7.17512e-05 2.9729e-05

7.17512e-05 2.9729e-05
7.1785e-05 3.04541e-05

7.17851e-05 3.04541e-05
7.18201e-05 3.11792e-05

7.182e-05 3.11792e-05
7.18561e-05 3.19043e-05

7.18561e-05 3.19043e-05
7.18934e-05 3.26294e-05

7.18934e-05 3.26294e-05
7.19317e-05 3.33545e-05

7.19318e-05 3.33545e-05
7.19712e-05 3.40796e-05

7.19711e-05 3.40796e-05
7.20115e-05 3.48047e-05

7.20116e-05 3.48047e-05
7.2053e-05 3.55298e-05

7.2053e-05 3.55298e-05
7.20955e-05 3.62549e-05

7.20955e-05 3.62549e-05
7.2139e-05 3.698e-05

7.2139e-05 3.698e-05
7.21834e-05 3.77051e-05

7.21834e-05 3.77051e-05
7.22289e-05 3.84302e-05

7.22289e-05 3.84302e-05
7.22753e-05 3.91553e-05

7.22753e-05 3.91553e-05
7.23226e-05 3.98804e-05

7.23226e-05 3.98804e-05
7.23708e-05 4.06055e-05

7.23708e-05 4.06055e-05
7.242e-05 4.13306e-05

7.242e-05 4.13306e-05
7.24614e-05 4.19307e-05

7.24614e-05 4.19309e-05
7.247e-05 4.20557e-05

7.247e-05 4.20557e-05
7.2521e-05 4.27808e-05

7.2521e-05 4.27808e-05
7.25729e-05 4.35059e-05

7.25729e-05 4.35059e-05
7.26257e-05 4.4231e-05

7.26257e-05 4.4231e-05
7.26793e-05 4.49561e-05

7.26793e-05 4.49561e-05
7.27338e-05 4.56812e-05

7.27338e-05 4.56812e-05
7.27891e-05 4.64062e-05

7.27891e-05 4.64062e-05
7.28453e-05 4.71313e-05

7.28453e-05 4.71313e-05
7.29023e-05 4.78564e-05

7.29023e-05 4.78564e-05
7.29602e-05 4.85815e-05

7.29602e-05 4.85815e-05
7.30189e-05 4.93066e-05

7.30189e-05 4.93066e-05
7.30785e-05 5.00317e-05

7.30785e-05 5.00317e-05
7.31388e-05 5.07568e-05

7.31388e-05 5.07568e-05
7.31865e-05 5.13218e-05

7.31865e-05 5.1322e-05
7.32e-05 5.14819e-05

7.32e-05 5.14819e-05
7.32621e-05 5.2207e-05

7.32622e-05 5.2207e-05
7.33251e-05 5.29321e-05

7.33251e-05 5.29321e-05
7.33888e-05 5.36572e-05

7.33888e-05 5.36572e-05
7.34534e-05 5.43823e-05

7.34534e-05 5.43823e-05
7.35188e-05 5.51074e-05

7.35188e-05 5.51074e-05
7.3585e-05 5.58325e-05

7.3585e-05 5.58325e-05
7.36521e-05 5.65576e-05

7.36521e-05 5.65576e-05
7.372e-05 5.72827e-05

7.372e-05 5.72827e-05
7.37887e-05 5.80078e-05

7.37887e-05 5.80078e-05
7.38582e-05 5.87329e-05

7.38582e-05 5.87329e-05
7.39116e-05 5.92831e-05

7.39116e-05 5.92833e-05
7.39286e-05 5.9458e-05

7.39286e-05 5.9458e-05
7.39999e-05 6.01831e-05

7.4e-05 6.01831e-05
7.40721e-05 6.09082e-05

7.40721e00115242 0.000163898

0.000115242 0.000163898
0.000115556 0.000164597

0.000115556 0.000164597
0.000115902 0.000165322

0.000115901 0.000165322
0.000115967 0.000165453

0.000115967 0.000165452
0.00011627 0.000166047

0.00011627 0.000166047
0.000116663 0.000166772

0.000116662 0.000166772
0.000116692 0.000166827

0.000116692 0.000166827
0.000117078 0.000167498

0.000117078 0.000167498
0.000117417 0.000168051

0.000117417 0.000168048
0.000117525 0.000168223

0.000117523 0.000168223
0.000117997 0.000168948

0.000117998 0.000168948
0.000118143 0.000169162

0.000118143 0.000169158
0.000118502 0.000169673

0.0001185 0.000169673
0.000118868 0.000170164

0.000118868 0.00017016
0.000119045 0.000170398

0.000119044 0.000170398
0.000119593 0.000171083

0.000119593 0.000171082
0.000119626 0.000171123

0.000119624 0.000171123
0.000120247 0.000171848

0.000120247 0.000171848
0.000120318 0.000171927

0.000120318 0.000171926
0.000120917 0.000172573

0.000120917 0.000172573
0.000121043 0.000172703

0.000121043 0.000172704
0.000121643 0.000173298

0.000121644 0.000173298
0.000121768 0.000173417

0.000121768 0.000173418
0.000122433 0.000174023

0.000122433 0.000174023
0.000122493 0.000174076

0.000122493 0.000174077
0.000123218 0.000174689

0.000123218 0.00017469
0.000123291 0.000174749

0.000123295 0.000174749
0.000123943 0.000175255

0.000123943 0.000175257
0.000124244 0.000175474

0.000124249 0.000175474
0.000124668 0.000175776

0.000124668 0.000175775
0.0001253 0.000176199

0.000125299 0.000176199
0.000125394 0.000176259

0.000125394 0.000176262
0.000126119 0.000176714

0.000126119 0.000176714
0.00012648 0.000176924

0.000126485 0.000176924
0.000126844 0.000177132

0.000126844 0.000177133
0.000127569 0.000177526

0.000127569 0.000177526
0.000127811 0.000177649

0.000127816 0.000177649
0.000128294 0.00017789

0.000128294 0.000177891
0.000129019 0.000178234

0.000129019 0.000178234
0.000129334 0.000178374

0.000129338 0.000178374
0.000129744 0.000178554

0.000129744 0.000178556
0.000130469 0.000178859

0.000130469 0.000178857
0.000131083 0.000179099

0.000131085 0.000179099
0.000131194 0.000179142

0.000131194 0.000179144
0.000131919 0.000179416

0.000131919 0.000179414
0.000132645 0.000179671

0.000132645 0.00017967
0.000133092 0.000179824

0.000133095 0.000179824
0.00013337 0.000179919

0.00013337 0.000179921
0.000134095 0.000180162

0.000134095 0.00018016
0.00013482 0.000180392

0.00013482 0.000180391
0.000135317 0.000180549

0.000135319 0.000180549
0.000135545 0.000180621

0.000135545 0.000180625
0.00013627 0.000180853

0.00013627 0.00018085
0.000136995 0.000181075

0.000136995 0.000181072
0.000137632 0.000181274

0.000137633 0.000181274
0.00013772 0.000181302

0.00013772 0.000181305
0.000138445 0.00018154

0.000138445 0.000181537
0.00013917 0.000181775

0.00013917 0.000181772
0.000139826 0.000182

0.000139826 0.000182
0.000139896 0.000182024

0.000139896 0.000182027
0.000140621 0.000182291

0.000140621 0.000182286
0.000141346 0.000182563

0.000141346 0.00018256
0.000141741 0.000182725

0.000141737 0.000182725
0.000142071 0.000182864

0.000142071 0.000182867
0.000142796 0.000183195

0.000142796 0.000183187
0.000143326 0.00018345

0.000143324 0.00018345
0.000143521 0.000183547

0.000143521 0.000183548
0.000144246 0.000183948

0.000144246 0.00018394
0.000144629 0.000184175

0.000144615 0.000184175
0.000144971 0.000184393

0.000144971 0.000184382
0.000145696 0.000184894

0.000145696 0.000184893
0.000145705 0.0001849

0.000145708 0.0001849
0.000146421 0.000185491

0.000146421 0.00018549
0.000146569 0.000185625

0.000100719 0.000185625
0.00010074 0.000185662

0.00010074 0.000185658
0.000101142 0.00018635

0.000101136 0.00018635
0.000101465 0.000186902

0.000101465 0.0001869
0.00010157 0.000187075

0.000101575 0.000187075
0.00010202 0.0001878

0.000102014 0.0001878
0.00010219 0.000188083

0.00010219 0.00018808
0.000102467 0.000188525

0.000102466 0.000188525
0.000102916 0.000189221

0.000102916 0.000189221
0.000102934 0.00018925

0.000102939 0.00018925
0.000103415 0.000189976

0.000103409 0.000189976
0.000103641 0.000190323

0.000103641 0.-05 6.09082e-05
7.4145e-05 6.16333e-05

7.4145e-05 6.16333e-05
7.42187e-05 6.23584e-05

7.42188e-05 6.23584e-05
7.42933e-05 6.30835e-05

7.42933e-05 6.30835e-05
7.43687e-05 6.38086e-05

7.43687e-05 6.38086e-05
7.44449e-05 6.45337e-05

7.44449e-05 6.45337e-05
7.45218e-05 6.52588e-05

7.45218e-05 6.52588e-05
7.45996e-05 6.59839e-05

7.45995e-05 6.59839e-05
7.46367e-05 6.63269e-05

7.46367e-05 6.63272e-05
7.46781e-05 6.6709e-05

7.46783e-05 6.6709e-05
7.47578e-05 6.74341e-05

7.47578e-05 6.74341e-05
7.48381e-05 6.81592e-05

7.48381e-05 6.81592e-05
7.49192e-05 6.88843e-05

7.49191e-05 6.88843e-05
7.5001e-05 6.96094e-05

7.5001e-05 6.96094e-05
7.50836e-05 7.03345e-05

7.50836e-05 7.03345e-05
7.5167e-05 7.10596e-05

7.5167e-05 7.10596e-05
7.52512e-05 7.17847e-05

7.52512e-05 7.17847e-05
7.53361e-05 7.25098e-05

7.5336e-05 7.25098e-05
7.53618e-05 7.27272e-05

7.53618e-05 7.27276e-05
7.54219e-05 7.32349e-05

7.54221e-05 7.32349e-05
7.55089e-05 7.396e-05

7.55089e-05 7.396e-05
7.55964e-05 7.46851e-05

7.55964e-05 7.46851e-05
7.56847e-05 7.54102e-05

7.56847e-05 7.54102e-05
7.57737e-05 7.61353e-05

7.57737e-05 7.61353e-05
7.58635e-05 7.68604e-05

7.58635e-05 7.68604e-05
7.5954e-05 7.75854e-05

7.5954e-05 7.75854e-05
7.60453e-05 7.83105e-05

7.60452e-05 7.83105e-05
7.60869e-05 7.86384e-05

7.60869e-05 7.86388e-05
7.61374e-05 7.90356e-05

7.61376e-05 7.90356e-05
7.62308e-05 7.97607e-05

7.62308e-05 7.97607e-05
7.63246e-05 8.04858e-05

7.63246e-05 8.04858e-05
7.64191e-05 8.12109e-05

7.64191e-05 8.12109e-05
7.65143e-05 8.1936e-05

7.65143e-05 8.1936e-05
7.66103e-05 8.26611e-05

7.66103e-05 8.26611e-05
7.67069e-05 8.33862e-05

7.67068e-05 8.33862e-05
7.68042e-05 8.41113e-05

7.68043e-05 8.41113e-05
7.6812e-05 8.41682e-05

7.6812e-05 8.41687e-05
7.69027e-05 8.48364e-05

7.69028e-05 8.48364e-05
7.70021e-05 8.55615e-05

7.70021e-05 8.55615e-05
7.71019e-05 8.62866e-05

7.71018e-05 8.62866e-05
7.72023e-05 8.70117e-05

7.72024e-05 8.70117e-05
7.73034e-05 8.77368e-05

7.73034e-05 8.77368e-05
7.74051e-05 8.84619e-05

7.7405e-05 8.84619e-05
7.75075e-05 8.9187e-05

7.75074e-05 8.9187e-05
7.75371e-05 8.93952e-05

7.75371e-05 8.93957e-05
7.76108e-05 8.99121e-05

7.76111e-05 8.99121e-05
7.77154e-05 9.06372e-05

7.77153e-05 9.06372e-05
7.782e-05 9.13623e-05

7.782e-05 9.13623e-05
7.79252e-05 9.20874e-05

7.79252e-05 9.20874e-05
7.8031e-05 9.28125e-05

7.8031e-05 9.28125e-05
7.81373e-05 9.35376e-05

7.81373e-05 9.35376e-05
7.82443e-05 9.42627e-05

7.82443e-05 9.42627e-05
7.82622e-05 9.43831e-05

7.82622e-05 9.43836e-05
7.83523e-05 9.49878e-05

7.83525e-05 9.49878e-05
7.84614e-05 9.57129e-05

7.84613e-05 9.57129e-05
7.85704e-05 9.6438e-05

7.85704e-05 9.6438e-05
7.868e-05 9.71631e-05

7.868e-05 9.71631e-05
7.87901e-05 9.78882e-05

7.879e-05 9.78882e-05
7.89005e-05 9.86133e-05

7.89004e-05 9.86133e-05
7.89873e-05 9.91793e-05

7.89873e-05 9.91795e-05
7.90117e-05 9.93384e-05

7.90119e-05 9.93384e-05
7.91241e-05 0.000100063

7.91242e-05 0.000100063
7.92369e-05 0.000100789

7.92368e-05 0.000100789
7.93497e-05 0.000101514

7.93497e-05 0.000101514
7.94629e-05 0.000102239

7.94629e-05 0.000102239
7.95764e-05 0.000102964

7.95763e-05 0.000102964
7.96903e-05 0.000103689

7.96901e-05 0.000103689
7.97124e-05 0.00010383

7.97124e-05 0.00010383
7.9805e-05 0.000104414

7.98055e-05 0.000104414
7.9921e-05 0.000105139

7.99208e-05 0.000105139
8.00362e-05 0.000105864

8.00363e-05 0.000105864
8.0152e-05 0.000106589

8.01519e-05 0.000106589
8.02678e-05 0.000107314

8.02677e-05 0.000107314
8.03838e-05 0.00010804

8.03836e-05 0.00010804
8.04375e-05 0.000108374

0.000100811 0
0.00010081 7.25098e-07

0.00010081 7.25098e-07
0.000100809 1.4502e-06

0.000100809 1.4502e-06
0.000100807 2.17529e-06

0.000100807 2.17529e-06
0.000100805 2.90039e-06

0.000100805 2.90039e-06
0.000100802 3.62549e-06

0.000100802 3.62549e-06
0.000100798 4.35059e-06

0.000100798 4.35059e-06
0.000100794 5.07568e-06

0.000100794 5.07568e-06
0.000100789 5.80078e-06

0.00010074 1.09541e-05
0.000100732 1.16016e-05

0.000100789 5.80078e-06
0.000100784 6.52588e-06

0.000100784 6.52588e-06
0.000100778 7.25098e-0000190319
0.000103896 0.000190701

0.000103895 0.000190701
0.000104366 0.000191379

0.000104366 0.000191379
0.000104398 0.000191426

0.000104403 0.000191426
0.000104915 0.000192151

0.000104912 0.000192151
0.000105091 0.000192406

0.000105091 0.000192401
0.00010543 0.000192876

0.000105427 0.000192876
0.000105816 0.000193402

0.000105816 0.000193398
0.000105964 0.000193601

0.000105966 0.000193601
0.000106519 0.000194326

0.000106519 0.000194326
0.000106541 0.000194355

0.000106541 0.000194352
0.000107079 0.000195051

0.000107078 0.000195051
0.000107266 0.000195298

0.000107266 0.000195296
0.000107639 0.000195776

0.000107636 0.000195776
0.000107991 0.000196224

0.000107991 0.000196218
0.000108216 0.000196501

0.000108216 0.000196501
0.000108716 0.000197107

0.000108716 0.000197106
0.000108816 0.000197227

0.000108818 0.000197227
0.000109427 0.000197952

0.000109427 0.000197952
0.000109441 0.000197969

0.000109441 0.000197966
0.000110039 0.000198677

0.000110038 0.000198677
0.000110167 0.000198831

0.000110167 0.000198831
0.000110644 0.000199402

0.000110644 0.000199402
0.000110892 0.000199699

0.000110892 0.000199695
0.000111252 0.000200127

0.000111256 0.000200127
0.000111617 0.000200554

0.000111617 0.000200548
0.000111877 0.000200852

0.00011188 0.000200852
0.000112342 0.000201383

0.000112342 0.00020138
0.000112514 0.000201577

0.000112515 0.000201577
0.000113067 0.000202206

0.000113067 0.000202206
0.000113152 0.000202302

0.000113153 0.000202302
0.000113786 0.000203027

0.000113786 0.000203027
0.000113792 0.000203034

0.000113792 0.000203033
0.000114413 0.000203752

0.000114412 0.000203752
0.000114517 0.000203875

0.000114517 0.000203877
0.000115034 0.000204478

0.000115033 0.000204478
0.000115242 0.000204721

0.000115242 0.000204717
0.000115664 0.000205203

0.000115666 0.000205203
0.000115967 0.000205542

0.000115967 0.000205538
0.000116319 0.000205928

0.000116322 0.000205928
0.000116692 0.000206326

0.000116692 0.000206325
0.000117004 0.000206653

0.000117005 0.000206653
0.000117417 0.000207074

0.000117417 0.000207076
0.000117722 0.000207378

0.000117722 0.000207378
0.000118143 0.000207781

0.000118143 0.000207786
0.000118486 0.000208103

0.000118488 0.000208103
0.000118868 0.000208441

0.000118868 0.000208452
0.000119314 0.000208828

0.000119318 0.000208828
0.000119593 0.000209053

0.000119593 0.000209065
0.000120235 0.000209553

0.000120234 0.000209553
0.000120318 0.000209614

0.000120318 0.000209613
0.000121043 0.000210102

0.000121043 0.00021011
0.00012133 0.000210278

0.000121345 0.000210278
0.000121768 0.000210527

0.000121768 0.000210528
0.000122493 0.00021089

0.000122493 0.000210895
0.000122756 0.000211003

0.000122767 0.000211003
0.000123218 0.00021119

0.000123218 0.000211189
0.000123943 0.00021143

0.000123943 0.000211429
0.000124668 0.000211616

0.000124668 0.000211617
0.000125276 0.000211729

0.000125279 0.000211729
0.000125394 0.00021175

0.000125394 0.000211749
0.000126119 0.000211828

0.000126119 0.000211828
0.000126844 0.000211857

0.000135545 0.000208764
0.000135444 0.000208828

0.000135545 0.000208768
0.00013627 0.000208277

0.000136995 0.000207762
0.000136513 0.000208103

0.00013627 0.000208276
0.00013652 0.000208103

0.00013772 0.000207231
0.000137516 0.000207378

0.00013772 0.000207232
0.000138445 0.000206691

0.000136995 0.000207763
0.000137524 0.000207378

0.00014657 0.000185625
0.000147146 0.000186197

0.000147146 0.000186197
0.000147287 0.00018635

0.000147288 0.00018635
0.000147872 0.000187057

0.000147872 0.000187056
0.000147886 0.000187075

0.000147882 0.000187075
0.000148381 0.0001878

0.000148386 0.0001878
0.000148597 0.00018818

0.000148597 0.000188188
0.000148784 0.000188525

0.00014878 0.000188525
0.000149093 0.00018925

0.000149091 0.00018925
0.000149322 0.000189954

0.000149322 0.000189954
0.000149329 0.000189976

0.000149328 0.000189976
0.000149495 0.000190701

0.000149493 0.000190701
0.000149592 0.000191426

0.000149592 0.000191426
0.000149628 0.000192151

0.000149627 0.000192151
0.000149602 0.000192876

0.000149602 0.000192876
0.000149518 0.000193601

0.000149517 0.000196

0.000100778 7.25098e-06
0.000100772 7.97607e-06

0.000100772 7.97607e-06
0.000100765 8.70117e-06

0.000100765 8.70117e-06
0.000100757 9.42627e-06

0.000100757 9.42627e-06
0.00010075 1.01514e-05

0.00010075 1.01514e-05
0.000100741 1.08765e-05

0.00010074 1.09546e-05
0.000100741 1.08765e-05

0.000100732 1.16016e-05
0.000100723 1.23267e-05

0.000100723 1.23267e-05
0.000100714 1.30518e-05

0.000100713 1.30518e-05
0.000100703 1.37769e-05

0.000100703 1.37769e-05
0.000100693 1.4502e-05

0.000100693 1.4502e-05
0.000100682 1.52271e-05

0.000100682 1.52271e-05
0.000100672 1.59521e-05

0.000100672 1.59521e-05
0.00010066 1.66772e-05

0.00010066 1.66772e-05
0.000100649 1.74023e-05

0.000100649 1.74023e-05
0.000100637 1.81274e-05

0.000100637 1.81274e-05
0.000100626 1.88525e-05

0.000100626 1.88525e-05
0.000100614 1.95776e-05

0.000100614 1.95776e-05
0.000100602 2.03027e-05

0.000100602 2.03027e-05
0.00010059 2.10278e-05

0.00010059 2.10278e-05
0.000100579 2.17529e-05

0.000100579 2.17529e-05
0.000100567 2.2478e-05

0.000100567 2.2478e-05
0.000100555 2.32031e-05

0.000100555 2.32031e-05
0.000100544 2.39282e-05

0.000100544 2.39282e-05
0.000100533 2.46533e-05

0.000100533 2.46533e-05
0.000100522 2.53784e-05

0.000100522 2.53784e-05
0.000100512 2.61035e-05

0.000100512 2.61035e-05
0.000100502 2.68286e-05

0.000100502 2.68286e-05
0.000100493 2.75537e-05

0.000100493 2.75537e-05
0.000100484 2.82788e-05

0.000100484 2.82788e-05
0.000100476 2.90039e-05

0.000100476 2.90039e-05
0.000100468 2.9729e-05

0.000100468 2.9729e-05
0.000100461 3.04541e-05

0.000100461 3.04541e-05
0.000100455 3.11792e-05

0.000100455 3.11792e-05
0.00010045 3.19043e-05

0.00010045 3.19043e-05
0.000100445 3.26294e-05

0.000100445 3.26294e-05
0.000100441 3.33545e-05

0.000100441 3.33545e-05
0.000100439 3.40796e-05

0.000100438 3.40796e-05
0.000100437 3.48047e-05

0.000100437 3.48047e-05
0.000100436 3.55298e-05

0.000100436 3.55298e-05
0.000100436 3.62549e-05

0.000100436 3.62549e-05
0.000100437 3.698e-05

0.000100437 3.698e-05
0.000100439 3.77051e-05

0.000100439 3.77051e-05
0.000100443 3.84302e-05

0.000100443 3.84302e-05
0.000100447 3.91553e-05

0.000100447 3.91553e-05
0.000100453 3.98804e-05

0.000100453 3.98804e-05
0.00010046 4.06055e-05

0.00010046 4.06055e-05
0.000100468 4.13306e-05

0.000100468 4.13306e-05
0.000100478 4.20557e-05

0.000100478 4.20557e-05
0.000100489 4.27808e-05

0.000100489 4.27808e-05
0.000100501 4.35059e-05

0.000100501 4.35059e-05
0.000100515 4.4231e-05

0.000100515 4.4231e-05
0.00010053 4.49561e-05

0.00010053 4.49561e-05
0.000100547 4.56812e-05

0.000100547 4.56812e-05
0.000100565 4.64062e-05

0.000100565 4.64062e-05
0.000100584 4.71313e-05

0.000100584 4.71313e-05
0.000100606 4.78564e-05

0.000100606 4.78564e-05
0.000100628 4.85815e-05

0.000100628 4.85815e-05
0.000100653 4.93066e-05

0.000100653 4.93066e-05
0.000100679 5.00317e-05

0.000100679 5.00317e-05
0.000100707 5.07568e-05

0.000100707 5.07568e-05
0.000100736 5.14819e-05

0.000100736 5.14819e-05
0.00010074 5.15759e-05

0.00010074 5.15762e-05
0.000100767 5.2207e-05

0.000100767 5.2207e-05
0.0001008 5.29321e-05

0.0001008 5.29321e-05
0.000100835 5.36572e-05

0.000100835 5.36572e-05
0.000100871 5.43823e-05

0.000100871 5.43823e-05
0.000100909 5.51074e-05

0.000100909 5.51074e-05
0.000100948 5.58325e-05

0.000100948 5.58325e-05
0.00010099 5.65576e-05

0.00010099 5.65576e-05
0.000101033 5.72827e-05

0.000101033 5.72827e-05
0.000101078 5.80078e-05

0.000101078 5.80078e-05
0.000101125 5.87329e-05

0.000101125 5.87329e-05
0.000101173 5.9458e-05

0.000101173 5.9458e-05
0.000101223 6.01831e-05

0.000101223 6.01831e-05
0.000101275 6.09082e-05

0.000101275 6.09082e-05
0.000101329 6.16333e-05

0.000101329 6.16333e-05
0.000101384 6.23584e-05

0.000101384 6.23584e-05
0.000101442 6.30835e-05

0.000101442 6.30835e-05
0.000101465 6.3373e-05

0.000101465 6.33733e-05
0.000101501 6.38086e-05

0.000101501 6.38086e-05
0.000101561 6.45337e-05

0.000101561 6.45337e-05
0.000101623 6.52588e-05

0.000101623 6.52588e-05
0.000101687 6.59839e-05

0.000101687 6.59839e-05
0.000101753 6.6709e-05

0.000101753 6.6709e-05
0.000101819 6.74341e-05

0.00010182 6.74341e-05
0.000101888 6.81592e-05

0.000101888 6.81592e-05
0.000101958 6.88843e-05

0.000101958 6.88843e-05
0.00010203 6.96094e-05

0.00010203 6.96094e-05
0.000102103 7.03345e-05

0.000102103 7.03345e-05
0.000102178 7.10596e-05

0.000102178 7.10596e-05
0.00010219 7.11785e-05

0.00010219 7.11787e-05
0.000102254 7.17847e-05

0.000102254 7.17847e-05
0.000102331 7.25098e-05

0.000102331 7.25098e-05
0.00010241 7.32349e-05

0.00010241 7.32349e-05
0.00010249 7.396e-05

0.00010249 7.396e-05
0.000102572 7.46851e-05

0.000102572 7.46851e-05
0.000102656 7.54102e-05

0.000102656 7.54102e-05
0.00010274 7.61353e-05

0.00010274 7.61353e-05
0.000102827 7.68604e-05

0.000102827 7.68604e-05
0.000102915 7.75854e-05

0.000102916 7.75868e-05
0.000103005 7.83105e-05

0.000103005 7.83105e-05
0.000103096 7.90356e-05

0.000103096 7.90356e-05
0.000103188 7.97607e-05

0.000103188 7.97607e-05
0.000103282 8.04858e-05

0.000103282 8.04858e-05
0.000103377 8.12109e-05

0.000103377 8.12109e-05
0.000103474 8.1936e-05

0.000103474 8.1936e-05
0.000103573 8.26611e-05

0.000103573 8.26611e-05
0.000103641 8.31475e-05

0.000103641 8.31478e-05
0.000103674 8.33862e-05

0.000103674 8.33862e-05
0.000103776 8.41113e-05

0.000103775 8.41113e-05
0.000103879 8.48364e-05

0.000103879 8.48364e-05
0.000103984 8.55615e-05

0.000103984 8.55615e-05
0.000104092 8.62866e-05

0.000104092 8.62866e-05
0.000104202 8.70117e-05

0.000104202 8.70117e-05
0.000104315 8.77368e-05

0.000104315 8.77368e-05
0.000104366 8.80547e-05

0.000104366 8.80549e-05
0.00010443 8.84619e-05

0.00010443 8.84619e-05
0.000104546 8.9187e-05

0.000104546 8.9187e-05
0.000104665 8.99121e-05

0.000104665 8.99121e-05
0.000104785 9.06372e-05

0.000104785 9.06372e-05
0.000104908 9.13623e-05

0.000104908 9.13623e-05
0.000105034 9.20874e-05

0.000105034 9.20874e-05
0.000105091 9.24093e-05

0.000105091 9.24095e-05
0.000105162 9.28125e-05

8.04375e-05 0.000108375
8.05004e-05 0.000108765

8.05008e-05 0.000108765
8.06183e-05 0.00010949

8.06183e-05 0.00010949
8.07358e-05 0.000110215

8.07358e-05 0.000110215
8.08532e-05 0.00011094

8.08532e-05 0.00011094
8.09707e-05 0.000111665

8.09706e-05 0.000111665
8.10881e-05 0.00011239

8.10879e-05 0.00011239
8.11626e-05 0.000112848

8.11626e-05 0.000112848
8.12061e-05 0.000113115

8.12065e-05 0.000113115
8.13254e-05 0.00011384

8.13255e-05 0.00011384
8.14444e-05 0.000114565

8.14443e-05 0.000114565
8.15631e-05 0.000115291

8.15631e-05 0.000115291
8.16817e-05 0.000116016

8.16816e-05 0.000116016
8.18003e-05 0.000116741

8.18001e-05 0.000116741
8.18877e-05 0.000117273

8.18877e-05 0.000117274
8.19193e-05 0.000117466

8.19196e-05 0.000117466
8.20396e-05 0.000118191

8.20397e-05 0.000118191
8.21596e-05 0.000118916

8.21596e-05 0.000118916
8.22792e-05 0.000119641

8.22792e-05 0.000119641
8.23987e-05 0.000120366

8.23986e-05 0.000120366
8.25181e-05 0.000121091

8.25178e-05 0.000121091
8.26128e-05 0.000121665

8.26128e-05 0.000121665
8.26379e-05 0.000121816

8.26383e-05 0.000121816
8.27592e-05 0.000122542

8.27593e-05 0.000122542
8.28802e-05 0.000123267

8.28803e-05 0.000123267
8.30011e-05 0.000123992

8.30011e-05 0.000123992
8.31218e-05 0.000124717

8.31217e-05 0.000124717
8.32424e-05 0.000125442

8.32421e-05 0.000125442
8.33379e-05 0.000126013

8.33379e-05 0.000126014
8.33636e-05 0.000126167

8.33639e-05 0.000126167
8.34865e-05 0.000126892

8.34867e-05 0.000126892
8.36094e-05 0.000127617

8.36093e-05 0.000127617
8.37319e-05 0.000128342

8.37318e-05 0.000128342
8.38543e-05 0.000129067

8.38542e-05 0.000129067
8.3977e-05 0.000129792

8.39766e-05 0.000129792
8.4063e-05 0.000130297

8.4063e-05 0.000130298
8.41006e-05 0.000130518

8.4101e-05 0.000130518
8.42262e-05 0.000131243

8.42263e-05 0.000131243
8.43518e-05 0.000131968

8.43517e-05 0.000131968
8.44772e-05 0.000132693

8.44771e-05 0.000132693
8.46029e-05 0.000133418

8.46028e-05 0.000133418
8.47291e-05 0.000134143

8.47287e-05 0.000134143
8.47881e-05 0.000134479

8.47881e-05 0.00013448
8.48567e-05 0.000134868

8.48575e-05 0.000134868
8.4987e-05 0.000135593

8.49869e-05 0.000135593
8.51166e3601
0.000149376 0.000194326

0.000148597 0.000196536
0.000148245 0.000197227

0.000149322 0.000194525
0.000149179 0.000195051

0.000149179 0.000195051
0.000148926 0.000195776

0.000149322 0.000194527
0.000149376 0.000194326

0.000148926 0.000195776
0.000148614 0.000196501

0.000148597 0.000196536
0.000148614 0.000196501

0.000143521 0.000202677
0.000143101 0.000203027

0.000144246 0.000202036
0.000143945 0.000202302

0.000143521 0.000202675
0.000143954 0.000202302

0.000139896 0.000205582
0.000139444 0.000205928

0.000141346 0.000204449
0.000141309 0.000204478

0.000140621 0.00020502
0.000140381 0.000205203

0.000139896 0.000205583
0.000140387 0.000205203

0.000140621 0.000205022
0.000141315 0.000204478

0.00013917 0.000206139
0.000138494 0.000206653

0.000138445 0.00020669
0.000138495 0.000206653

0.00013917 0.000206138
0.00013945 0.000205928

0.000141346 0.000204454
0.000142071 0.000203876

0.000142796 0.000203285
0.000142224 0.000203752

0.000142071 0.000203876
0.000142225 0.000203752

0.000142796 0.000203285
0.000143109 0.000203027

0.000146421 0.000199822
0.000146161 0.000200127

0.000147146 0.000198915
0.000146777 0.000199402

0.000146421 0.000199831
0.000146774 0.000199402

0.000144971 0.000201358
0.000144741 0.000201577

0.000145696 0.000200628
0.000145482 0.000200852

0.000144971 0.000201366
0.000145488 0.000200852

0.000144246 0.000202039
0.00014475 0.000201577

0.000145696 0.000200638
0.000146161 0.000200127

0.000147872 0.000197852
0.000147813 0.000197952

0.000147817 0.000197952
0.000147328 0.000198677

0.000147872 0.00019786
0.000148246 0.000197227

0.000147146 0.000198923
0.000147325 0.000198677

0.000129019 0.000211655
0.000128549 0.000211729

0.000129019 0.000211655
0.000129744 0.000211497

0.000126844 0.000211857
0.000127569 0.000211837

0.000127569 0.000211837
0.000128294 0.000211769

0.000128294 0.000211769
0.000128554 0.000211729

0.000129744 0.000211497
0.000130469 0.000211296

0.000130469 0.000211297
0.000131194 0.000211052

0.000131919 0.000210764
0.000131312 0.000211003

0.000131194 0.000211052
0.000131317 0.000211003

0.000131919 0.000210765
0.000132645 0.000210439

0.00013337 0.000210071
0.000132957 0.000210278

0.00013337 0.000210073
0.000134095 0.000209671

0.000132645 0.00021044
0.000132966 0.000210278

0.00013482 0.000209234
0.000134287 0.000209553

0.000134095 0.000209672
0.000134293 0.000209553

0.00013482 0.000209235
0.000135455 0.000208828

-05 0.000136318

8.51166e-05 0.000136318
8.52466e-05 0.000137043

8.52465e-05 0.000137043
8.53771e-05 0.000137769

8.53768e-05 0.000137769
8.5509e-05 0.000138494

8.5509e-05 0.000138494
8.55132e-05 0.000138516

8.55132e-05 0.000138517
8.56435e-05 0.000139219

0.000105161 9.28125e-05
0.000105289 9.35376e-05

0.000105289 9.35376e-05
0.000105419 9.42627e-05

0.000105419 9.42627e-05
0.000105552 9.49878e-05

0.000105551 9.49878e-05
0.000105686 9.57129e-05

0.000105687 9.57129e-05
0.000105816 9.63945e-05

0.000105816 9.63945e-05
0.000105824 9.6438e-05

0.000105824 9.6438e-05
0.000105962 9.71631e-05

0.000105962 9.71631e-05
0.000106101 9.78882e-05

0.000106101 9.78882e-05
0.000106241 9.86133e-05

0.000106241 9.86133e-05
0.000106384 9.93384e-05

0.000106384 9.93384e-05
0.000106529 0.000100063

0.00010653 0.000100063
0.000106541 0.000100119

0.000106541 0.000100119
0.000106675 0.000100789

0.000106675 0.000100789
0.00010682 0.000101514

0.00010682 0.000101514
0.000106966 0.000102239

0.000106966 0.000102239
0.000107114 0.000102964

0.000107115 0.000102964
0.000107265 0.000103689

0.000107265 0.000103689
0.000107266 0.000103694

0.000107266 0.000103694
0.000107414 0.000104414

0.000107414 0.000104414
0.000107562 0.000105139

0.000107562 0.000105139
0.00010771 0.000105864

0.000107709 0.000105864
0.000107858 0.000106589

0.000107859 0.000106589
0.000107991 0.000107232

0.000107991 0.000107232
0.000108008 0.000107314

0.000108008 0.000107314
0.000108154 0.00010804

0.000108154 0.00010804
0.000108299 0.000108765

0.000108299 0.000108765
0.000108443 0.00010949

0.000108442 0.00010949
0.000108586 0.000110215

0.000108587 0.000110215
0.000108716 0.000110878

0.000108716 0.000110878
0.000108728 0.00011094

0.000108729 0.00011094
0.000108867 0.000111665

0.000108866 0.000111665
0.000109001 0.00011239

0.000109001 0.00011239
0.000109132 0.000113115

0.000109132 0.000113115
0.000109261 0.00011384

0.000109261 0.00011384
0.000109388 0.000114565

0.000109389 0.000114565
0.000109441 0.000114876

0.000109441 0.000114877
0.000109511 0.000115291

0.000109511 0.000115291
0.000109628 0.000116016

0.000109628 0.000116016
0.000109741 0.000116741

0.000109741 0.000116741
0.00010985 0.000117466

0.000109851 0.000117466
0.000109955 0.000118191

0.000109955 0.000118191
0.000110056 0.000118916

0.000110056 0.000118916
0.000110152 0.000119641

0.000110153 0.000119641
0.000110167 0.000119752

0.000110167 0.000119752
0.000110244 0.000120366

0.000110243 0.000120366
0.000110329 0.000121091

0.000110329 0.000121091
0.00011041 0.000121816

0.00011041 0.000121816
0.000110487 0.000122542

0.000110487 0.000122542
0.000110558 0.000123267

0.000110558 0.000123267
0.000110625 0.000123992

0.000110625 0.000123992
0.000110686 0.000124717

0.000110686 0.000124717
0.000110742 0.000125442

0.000110742 0.000125442
0.000110793 0.000126167

0.000110793 0.000126167
0.000110839 0.000126892

0.000110839 0.000126892
0.000110881 0.000127617

0.000110881 0.000127617
0.000110892 0.000127828

0.000110892 0.000127829
0.000110918 0.000128342

0.000110918 0.000128342
0.00011095 0.000129067

0.00011095 0.000129067
0.000110978 0.000129792

0.000110978 0.000129792
0.000111003 0.000130518

0.000111003 0.000130518
0.000111024 0.000131243

0.000111024 0.000131243
0.000111042 0.000131968

0.000111042 0.000131968
0.000111057 0.000132693

0.000111057 0.000132693
0.000111071 0.000133418

0.000111071 0.000133418
0.000111082 0.000134143

0.000111082 0.000134143
0.000111093 0.000134868

0.000111093 0.000134868
0.000111103 0.000135593

0.000111103 0.000135593
0.000111112 0.000136318

0.000111112 0.000136318
0.000111121 0.000137043

0.000111121 0.000137043
0.000111131 0.000137769

0.000111131 0.000137769
0.000111142 0.000138494

0.000111142 0.000138494
0.000111155 0.000139219

8.56442e-05 0.000139219
8.57803e-05 0.000139944

8.57801e-05 0.000139944
8.59165e-05 0.000140669

8.59164e-05 0.000140669
8.60535e-05 0.000141394

8.60532e-05 0.000141394
8.61918e-05 0.000142119

8.61913e-05 0.000142119
8.62383e-05 0.000142359

8.62383e-05 0.00014236
8.63329e-05 0.000142844

8.63341e-05 0.000142844
8.64781e-05 0.000143569

8.64779e-05 0.000143569
8.66223e-05 0.000144294

8.66222e-05 0.000144294
8.67677e-05 0.00014502

8.67673e-05 0.00014502
8.69147e-05 0.000145745

8.69141e-05 0.000145745
8.69634e-05 0.000145981

8.69634e-05 0.000145981
8.70654e-05 0.00014647

8.70667e-05 0.00014647
8.72208e-05 0.000147195

8.72206e-05 0.000147195
8.73753e-05 0.00014792

8.73752e-05 0.00014792
8.75313e-05 0.000148645

8.75306e-05 0.000148645
8.76885e-05 0.000149364

8.76885e-05 0.000149364
8.76898e-05 0.00014937

8.769e-05 0.00014937
8.78536e-05 0.000150095

8.78547e-05 0.000150095
8.80202e-05 0.00015082

8.80198e-05 0.00015082
8.81858e-05 0.000151545

8.81852e-05 0.000151545
8.83538e-05 0.000152271

8.8353e-05 0.000152271
8.84136e-05 0.000152523

8.84136e-05 0.000152523
8.85268e-05 0.000152996

8.85288e-05 0.000152996
8.87059e-05 0.000153721

8.87054e-05 0.000153721
8.88829e-05 0.000154446

8.88823e-05 0.000154446
8.90623e-05 0.000155171

8.90612e-05 0.000155171
8.91387e-05 0.000155473

8.91387e-05 0.000155474
8.92469e-05 0.000155896

8.92493e-05 0.000155896
8.94387e-05 0.000156621

8.9438e-05 0.000156621
8.96277e-05 0.000157346

8.96269e-05 0.000157346
8.98199e-05 0.000158071

8.98193e-05 0.000158071
8.98638e-05 0.000158233

8.98638e-05 0.000158234
9.00186e-05 0.000158796

9.00211e-05 0.000158796
9.02235e-05 0.000159521

9.02223e-05 0.000159521
9.0425e-05 0.000160247

9.04233e-05 0.000160247
9.05889e-05 0.000160821

9.05889e-05 0.000160822
9.0632e-05 0.000160972

9.06342e-05 0.000160972
9.08481e-05 0.000161697

9.08482e-05 0.000161697
9.10628e-05 0.000162422

