5.72344e-05 8.07786e-05
5.66183e-05 8.12109e-05

4.78081e-05 8.6691e-05
4.72208e-05 8.70117e-05

4.78081e-05 8.6691e-05
4.85332e-05 8.62871e-05

4.99834e-05 8.54555e-05
4.98004e-05 8.55615e-05

4.92583e-05 8.58753e-05
4.8534e-05 8.62866e-05

4.85332e-05 8.62875e-05
4.85347e-05 8.62866e-05

4.92583e-05 8.58754e-05
4.98e-05 8.55615e-05

4.99834e-05 8.54551e-05
5.07085e-05 8.50268e-05

5.14336e-05 8.45905e-05
5.10252e-05 8.48364e-05

5.07085e-05 8.50272e-05
5.10253e-05 8.48364e-05

4.63579e-05 8.74751e-05
4.58592e-05 8.77368e-05

4.56328e-05 8.78557e-05
4.58594e-05 8.77368e-05

4.63579e-05 8.74749e-05
4.7083e-05 8.70867e-05

4.7083e-05 8.70872e-05
4.72212e-05 8.70117e-05

5.28838e-05 8.36914e-05
5.22127e-05 8.41113e-05

5.36089e-05 8.32291e-05
5.33623e-05 8.33862e-05

5.28838e-05 8.36915e-05
5.33622e-05 8.33862e-05

5.36089e-05 8.32287e-05
5.4334e-05 8.27571e-05

5.14336e-05 8.45903e-05
5.21587e-05 8.41451e-05

5.21587e-05 8.4145e-05
5.22141e-05 8.41113e-05

5.50591e-05 8.22767e-05
5.4479e-05 8.26611e-05

5.57842e-05 8.17877e-05
5.55625e-05 8.1936e-05

5.50591e-05 8.22768e-05
5.55633e-05 8.1936e-05

5.4334e-05 8.27564e-05
5.44812e-05 8.26611e-05

5.57842e-05 8.17867e-05
5.65093e-05 8.12873e-05

5.65093e-05 8.12868e-05
5.662e-05 8.12109e-05

8.04375e-05 5.77101e-05
8.0226e-05 5.80078e-05

7.10112e-05 6.89797e-05
7.03961e-05 6.96094e-05

7.17363e-05 6.82261e-05
7.11052e-05 6.88843e-05

7.10112e-05 6.89808e-05
7.11048e-05 6.88843e-05

7.31865e-05 6.66686e-05
7.31498e-05 6.6709e-05

7.46367e-05 6.50397e-05
7.44465e-05 6.52588e-05

7.39116e-05 6.58633e-05
7.38043e-05 6.59839e-05

7.31865e-05 6.66682e-05
7.38045e-05 6.59839e-05

7.39116e-05 6.58631e-05
7.44462e-05 6.52588e-05

7.24614e-05 6.74559e-05
7.18005e-05 6.81592e-05

7.31498e-05 6.6709e-05
7.24819e-05 6.74341e-05

7.24614e-05 6.74561e-05
7.24819e-05 6.74341e-05

7.17363e-05 6.82265e-05
7.18003e-05 6.81592e-05

7.60869e-05 6.33358e-05
7.56939e-05 6.38086e-05

7.75371e-05 6.15541e-05
7.74747e-05 6.16333e-05

7.74745e-05 6.16333e-05
7.6892e-05 6.23584e-05

7.6812e-05 6.24562e-05
7.62984e-05 6.30835e-05

7.60869e-05 6.33388e-05
7.62969e-05 6.30835e-05

7.6812e-05 6.2457e-05
7.68918e-05 6.23584e-05

7.82622e-05 6.06264e-05
7.80476e-05 6.09082e-05

7.89873e-05 5.96808e-05
7.86064e-05 6.01831e-05

7.82622e-05 6.0629e-05
7.86059e-05 6.01831e-05

7.97124e-05 5.87103e-05
7.9696e-05 5.87329e-05

7.96956e-05 5.87329e-05
7.91561e-05 5.9458e-05

7.97124e-05 5.87099e-05
8.0225e-05 5.80078e-05

7.89873e-05 5.96834e-05
7.91545e-05 5.9458e-05

7.75371e-05 6.15538e-05
7.80459e-05 6.09082e-05

7.53618e-05 6.41963e-05
7.50771e-05 6.45337e-05

7.46367e-05 6.50413e-05
7.50743e-05 6.45337e-05

7.53618e-05 6.42015e-05
7.56899e-05 6.38086e-05

5.86846e-05 7.97316e-05
5.86444e-05 7.97607e-05

5.79595e-05 8.02607e-05
5.7643e-05 8.04858e-05

5.72344e-05 8.07786e-05
5.76439e-05 8.04858e-05

5.79595e-05 8.026e-05
5.8644e-05 7.97607e-05

5.86846e-05 7.97312e-05
5.94097e-05 7.91924e-05

6.01348e-05 7.86434e-05
5.96168e-05 7.90356e-05

5.94097e-05 7.9191e-05
5.96192e-05 7.90356e-05

6.08599e-05 7.80855e-05
6.05636e-05 7.83105e-05

6.1585e-05 7.75131e-05
6.14931e-05 7.75854e-05

6.08599e-05 7.80836e-05
6.14927e-05 7.75854e-05

6.30352e-05 7.63383e-05
6.23968e-05 7.68604e-05

6.1585e-05 7.75129e-05
6.23101e-05 7.69312e-05

6.23101e-05 7.69311e-05
6.23975e-05 7.68604e-05

6.01348e-05 7.86427e-05
6.05668e-05 7.83105e-05

6.44854e-05 7.51188e-05
6.41394e-05 7.54102e-05

6.59355e-05 7.38475e-05
6.5809e-05 7.396e-05

6.52104e-05 7.44889e-05
6.49841e-05 7.46851e-05

6.44854e-05 7.51157e-05
6.49859e-05 7.46851e-05

6.52104e-05 7.44885e-05
6.58088e-05 7.396e-05

6.81108e-05 7.18463e-05
6.7404e-05 7.25098e-05

6.88359e-05 7.1152e-05
6.81753e-05 7.17847e-05

6.81108e-05 7.18462e-05
6.81756e-05 7.17847e-05

6.66606e-05 7.31938e-05
6.66155e-05 7.32349e-05

6.59355e-05 7.38477e-05
6.66151e-05 7.32349e-05

6.66606e-05 7.31939e-05
6.73857e-05 7.25268e-05

6.73857e-05 7.25269e-05
6.74042e-05 7.25098e-05

6.37603e-05 7.57345e-05
6.32779e-05 7.61353e-05

6.30352e-05 7.6337e-05
6.32806e-05 7.61353e-05

6.37603e-05 7.57308e-05
-5.8643e-05 7.97607e-05

-5.86434e-05 7.97607e-05
-5.80562e-05 8.01901e-05

-5.80562e-05 8.01901e-05
-5.76437e-05 8.04858e-05

-5.76453e-05 8.04858e-05
-5.73311e-05 8.07091e-05

-5.73311e-05 8.071e-05
-5.6619e-05 8.12109e-05

-5.66196e-05 8.12109e-05
-5.6606e-05 8.12204e-05

-5.6606e-05 8.12201e-05
-5.58809e-05 8.17207e-05

-5.58809e-05 8.1721e-05
-5.55631e-05 8.1936e-05

-5.55631e-05 8.1936e-05
-5.51558e-05 8.2212e-05

-5.51558e-05 8.22119e-05
-5.44796e-05 8.26611e-05

-5.44808e-05 8.26611e-05
-5.44307e-05 8.26936e-05

-5.44307e-05 8.26936e-05
-5.37056e-05 8.31664e-05

-5.37056e-05 8.31666e-05
-5.33622e-05 8.33862e-05

-5.33621e-05 8.33862e-05
-5.29805e-05 8.36304e-05

-5.29805e-05 8.36302e-05
-5.22554e-05 8.40851e-05

-5.22554e-05 8.40858e-05
-5.22129e-05 8.41113e-05

-5.22128e-05 8.41113e-05
-5.15303e-05 8.45315e-05

-5.15303e-05 8.45316e-05
-5.10253e-05 8.48364e-05

-5.10257e-05 8.48364e-05
-5.08052e-05 8.49694e-05

-5.08052e-05 8.49691e-05
-5.00801e-05 8.53985e-05

-5.00801e-05 8.53988e-05
-4.98e-05 8.55615e-05

-4.97998e-05 8.55615e-05
-4.9355e-05 8.58199e-05

-4.9355e-05 8.58196e-05
-4.86299e-05 8.62326e-05

-4.86299e-05 8.6233e-05
-4.85338e-05 8.62866e-05

-4.85333e-05 8.62866e-05
-4.79048e-05 8.66376e-05

-4.79048e-05 8.66376e-05
-4.72214e-05 8.70117e-05

-4.72221e-05 8.70117e-05
-4.71797e-05 8.70348e-05

-4.71797e-05 8.70345e-05
-4.64546e-05 8.74237e-05

-4.64546e-05 8.74238e-05
-4.58595e-05 8.77368e-05

-4.586e-05 8.77368e-05
-4.57295e-05 8.78055e-05

-4.57295e-05 8.7805e-05
-4.50044e-05 8.81789e-05

-4.50044e-05 8.81791e-05
-4.44446e-05 8.84619e-05

-4.4445e-05 8.84619e-05
-4.42793e-05 8.85456e-05

-4.42793e-05 8.85452e-05
-4.35542e-05 8.89041e-05

-4.35542e-05 8.89043e-05
-4.29712e-05 8.9187e-05

-4.29716e-05 8.9187e-05
-4.28291e-05 8.92561e-05

-4.28291e-05 8.92557e-05
-4.2104e-05 8.96e-05

-4.2104e-05 8.96002e-05
-4.14332e-05 8.99121e-05

-4.14338e-05 8.99121e-05
-4.13789e-05 8.99377e-05

-4.13789e-05 8.99373e-05
-4.06538e-05 9.02673e-05

-4.06538e-05 9.02673e-05
-3.99287e-05 9.05904e-05

-3.99287e-05 9.05908e-05
-3.98222e-05 9.06372e-05

-3.98217e-05 9.06372e-05
-3.92036e-05 9.09066e-05

-3.92036e-05 9.09064e-05
-3.84785e-05 9.12157e-05

-3.84785e-05 9.12161e-05
-3.8128e-05 9.13623e-05

-3.8128e-05 9.13623e-05
-3.77534e-05 9.15186e-05

-3.77534e-05 9.15182e-05
-3.70283e-05 9.18139e-05

-3.70283e-05 9.18141e-05
-3.63432e-05 9.20874e-05

-3.63438e-05 9.20874e-05
-3.63032e-05 9.21036e-05

-3.63032e-05 9.21033e-05
-3.55781e-05 9.23857e-05

-3.55781e-05 9.23855e-05
-3.4853e-05 9.26616e-05

-3.4853e-05 9.26619e-05
-3.44479e-05 9.28125e-05

-3.4448e-05 9.28125e-05
-3.41279e-05 9.29315e-05

-3.41279e-05 9.29311e-05
-3.34028e-05 9.31941e-05

-3.34028e-05 9.31941e-05
-3.26777e-05 9.3451e-05

-3.26777e-05 9.34513e-05
-3.24278e-05 9.35376e-05

-3.24276e-05 9.35376e-05
-3.19526e-05 9.37016e-05

-3.19526e-05 9.37013e-05
-3.12275e-05 9.39453e-05

-3.12275e-05 9.39454e-05
-3.05024e-05 9.41835e-05

-3.05024e-05 9.41838e-05
-3.02555e-05 9.42627e-05

-3.02552e-05 9.42627e-05
-2.97773e-05 9.44154e-05

-2.97773e-05 9.44151e-05
-2.90522e-05 9.46406e-05

-2.90522e-05 9.46406e-05
-2.83271e-05 9.48604e-05

-2.83271e-05 9.48606e-05
-2.78954e-05 9.49878e-05

-2.78955e-05 9.49878e-05
-2.76021e-05 9.50742e-05

-2.76021e-05 9.5074e-05
-2.6877e-05 9.52812e-05

-2.6877e-05 9.52812e-05
-2.61519e-05 9.54828e-05

-2.61519e-05 9.54829e-05
-2.54268e-05 9.56788e-05

-2.54268e-05 9.5679e-05
-2.52972e-05 9.57129e-05

-2.52968e-05 9.57129e-05
-2.47017e-05 9.58685e-05

-2.47017e-05 9.58683e-05
-2.39766e-05 9.6052e-05

-2.39766e-05 9.6052e-05
-2.32515e-05 9.62303e-05

-2.32515e-05 9.62304e-05
-2.25264e-05 9.64029e-05

-2.25264e-05 9.64031e-05
-2.23743e-05 9.6438e-05

-2.23739e-05 9.6438e-05
-2.18013e-05 9.65695e-05

-2.18013e-05 9.65693e-05
-2.10762e-05 9.67299e-05

-2.10762e-05 9.67299e-05
-2.03511e-05 9.6885e-05

-2.03511e-05 9.6885e-05
-1.9626e-05 9.70348e-05

-1.9626e-05 9.70349e-05
-1.89804e-05 9.71631e-05

-1.89809e-05 9.71631e-05
-1.89009e-05 9.7179e-05

-1.89009e-05 9.71788e-05
-1.81758e-05 9.73169e-05

-1.81758e-08 4.91387e-05 
8.89281e-05 4.35059e-05

8.76885e-05 4.59514e-05
8.74495e-05 4.64062e-05

8.84136e-05 4.45403e-05
8.82038e-05 4.49561e-05

8.89277e-05 4.35059e-05
8.85693e-05 4.4231e-05

8.84136e-05 4.45404e-05
8.85697e-05 4.4231e-05

8.82035e-05 4.49561e-05
8.78301e-05 4.56812e-05

8.76885e-05 4.59516e-05
8.78306e-05 4.56812e-05

8.98638e-05 4.15371e-05
8.96229e-05 4.20557e-05

9.0289e-05 4.06055e-05
8.99594e-05 4.13306e-05

8.98638e-05 4.15374e-05
8.99598e-05 4.13306e-05

8.96227e-05 4.20557e-05
8.92788e-05 4.27808e-05

8.91387e-05 4.3071e-05
8.92792e-05 4.27808e-05

9.49395e-05 2.806e-05
9.48751e-05 2.82788e-05

9.48749e-05 2.82788e-05
9.46555e-05 2.90039e-05

9.6242e-05 2.32031e-05
9.60641e-05 2.39282e-05

9.60641e-05 2.39282e-05
9.58807e-05 2.46533e-05

9.56646e-05 2.54793e-05
9.54963e-05 2.61035e-05

9.58808e-05 2.46533e-05
9.56916e-05 2.53784e-05

9.56646e-05 2.54797e-05
9.56919e-05 2.53784e-05

9.54961e-05 2.61035e-05
9.52948e-05 2.68286e-05

9.52948e-05 2.68286e-05
9.50879e-05 2.75537e-05

9.49395e-05 2.80597e-05
9.50881e-05 2.75537e-05

9.42144e-05 3.04075e-05
9.41995e-05 3.04541e-05

9.46554e-05 2.90039e-05
9.44303e-05 2.9729e-05

9.42144e-05 3.04069e-05
9.44305e-05 2.9729e-05

9.41993e-05 3.04541e-05
9.39616e-05 3.11792e-05

9.39614e-05 3.11792e-05
9.37177e-05 3.19043e-05

9.34893e-05 3.25685e-05
9.34683e-05 3.26294e-05

9.3468e-05 3.26294e-05
9.32115e-05 3.33545e-05

9.27642e-05 3.45783e-05
9.26802e-05 3.48047e-05

9.32114e-05 3.33545e-05
9.29488e-05 3.40796e-05

9.27642e-05 3.45781e-05
9.29491e-05 3.40796e-05

9.34893e-05 3.25679e-05
9.37179e-05 3.19043e-05

9.26799e-05 3.48047e-05
9.24041e-05 3.55298e-05

9.24042e-05 3.55298e-05
9.21222e-05 3.62549e-05

9.20391e-05 3.64646e-05
9.21226e-05 3.62549e-05

8.62383e-05 4.86195e-05
8.58475e-05 4.93066e-05

8.47881e-05 5.11055e-05
8.45611e-05 5.14819e-05

8.45609e-05 5.14819e-05
8.41151e-05 5.2207e-05

8.55132e-05 4.98835e-05
8.54273e-05 5.00317e-05

8.54268e-05 5.00317e-05
8.4998e-05 5.07568e-05

8.55132e-05 4.98831e-05
8.58476e-05 4.93066e-05

8.47881e-05 5.11055e-05
8.49983e-05 5.07568e-05

8.33379e-05 5.34377e-05
8.31981e-05 5.36572e-05

8.26128e-05 5.45522e-05
8.22443e-05 5.51074e-05

8.31975e-05 5.36572e-05
8.27254e-05 5.43823e-05

8.26128e-05 5.45542e-05
8.27247e-05 5.43823e-05

8.18877e-05 5.56335e-05
8.17549e-05 5.58325e-05

8.17537e-05 5.58325e-05
8.12537e-05 5.65576e-05

8.11626e-05 5.66874e-05
8.07444e-05 5.72827e-05

8.04375e-05 5.77112e-05
8.07444e-05 5.72827e-05

8.11626e-05 5.66895e-05
8.12529e-05 5.65576e-05

8.18877e-05 5.56346e-05
8.22444e-05 5.51074e-05

8.4063e-05 5.22903e-05
8.36609e-05 5.29321e-05

8.33379e-05 5.34377e-05
8.36609e-05 5.29321e-05

8.4063e-05 5.22918e-05
8.41149e-05 5.2207e-05

8.69634e-05 4.73095e-05
8.66644e-05 4.78564e-05

8.74493e-05 4.64062e-05
8.70606e-05 4.71313e-05

8.69634e-05 4.73099e-05
8.7061e-05 4.71313e-05

8.66643e-05 4.78564e-05
8.62598e-05 4.85815e-05

8.62383e-05 4.86204e-05
8.62601e-05 4.85815e-05

-9.89993e-05 0
-9.89967e-05 7.25098e-07

-9.89967e-05 7.25098e-07
-9.89887e-05 1.4502e-06

-9.89887e-05 1.4502e-06
-9.89754e-05 2.17529e-06

-9.89754e-05 2.17529e-06
-9.89569e-05 2.90039e-06

-9.89569e-05 2.90039e-06
-9.8933e-05 3.62549e-06

-9.8933e-05 3.62549e-06
-9.89038e-05 4.35059e-06

-9.89038e-05 4.35059e-06
-9.88693e-05 5.07568e-06

-9.88693e-05 5.07568e-06
-9.88294e-05 5.80078e-06

-9.88294e-05 5.80078e-06
-9.87843e-05 6.52588e-06

-9.87843e-05 6.52588e-06
-9.87339e-05 7.25098e-06

-9.87339e-05 7.25098e-06
-9.86781e-05 7.97607e-06

-9.86782e-05 7.97607e-06
-9.86616e-05 8.1715e-06

-9.86616e-05 8.17125e-06
-9.86168e-05 8.70117e-06

-9.86167e-05 8.70117e-06
-9.85499e-05 9.42627e-06

-9.85499e-05 9.42627e-06
-9.84777e-05 1.01514e-05

-9.84777e-05 1.01514e-05
-9.84001e-05 1.08765e-05

-9.84001e-05 1.08765e-05
-9.83172e-05 1.16016e-05

-9.83172e-05 1.16016e-05
-9.8229e-05 1.23267e-05

-9.8229e-05 1.23267e-05
-9.81354e-05 1.30518e-05

-9.81354e-05 1.30518e-05
-9.80364e-05 1.37769e-05

-9.80365e-05 1.37769e-05
-9.79365e-05 1.44705e-05

-9.79365e-05 1.44711e-05
-9.79321e-05 1.4502e-05

-9.7932e-05 1.4502e-05
-9.78217e-05 1.52271e-05

-9.78216e-05 1.52271e-05
-9.77058e-05 1.59521e-05

-9.77058e-05 1.59521e-05
-9.75845e-05 1.66772e-05

-9.75845e-05 1.66772e-05
-9.74579e-05 1.74023e-05

-9.74579e-05 1.74023e-05
-9.73259e-05 1.81274e-05

-9.7326e-05 1.81274e-05
-9.72114e-05 1.87306e-05

-9.72114e-05 1.87311e-05
-9.71884e-05 1.88525e-05

-9.71882e-05 1.88525e-05
-9.70445e-05 1.95776e-05

-9.70444e-05 1.95776e-05
-9.68951e-05 2.03027e-05

-9.68951e-05 2.03027e-05
-9.67404e-05 2.10278e-05

-9.67405e-05 2.10278e-05
-9.65803e-05 2.17529e-05

-9.65804e-05 2.17529e-05
-9.64863e-05 2.21636e-05

-9.64863e-05 2.21638e-05
-9.64143e-05 2.2478e-05

-9.64141e-05 2.2478e-05
-9.62419e-05 2.32031e-05

-9.62419e-05 2.32031e-05
-9.60641e-05 2.39282e-05

-9.60641e-05 2.39282e-05
-9.58808e-05 2.46533e-05

-9.58811e-05 2.46533e-05
-9.57612e-05 2.51123e-05

-9.57612e-05 2.51125e-05
-9.56918e-05 2.53784e-05

-9.56916e-05 2.53784e-05
-9.54961e-05 2.61035e-05

-9.5496e-05 2.61035e-05
-9.52948e-05 2.68286e-05

-9.52949e-05 2.68286e-05
-9.5088e-05 2.75537e-05

-9.50883e-05 2.75537e-05
-9.50361e-05 2.77311e-05

-9.50361e-05 2.77307e-05
-9.4875e-05 2.82788e-05

-9.48747e-05 2.82788e-05
-9.46554e-05 2.90039e-05

-9.46554e-05 2.90039e-05
-9.44304e-05 2.9729e-05

-9.44307e-05 2.9729e-05
-9.4311e-05 3.01041e-05

-9.4311e-05 3.01041e-05
-9.41994e-05 3.04541e-05

-9.41991e-05 3.04541e-05
-9.39614e-05 3.11792e-05

-9.39614e-05 3.11792e-05
-9.37178e-05 3.19043e-05

-9.37181e-05 3.19043e-05
-9.35859e-05 3.22877e-05

-9.35859e-05 3.22877e-05
-9.34681e-05 3.26294e-05

-9.34678e-05 3.26294e-05
-9.32114e-05 3.33545e-05

-9.32114e-05 3.33545e-05
-9.29489e-05 3.40796e-05

-9.29493e-05 3.40796e-05
-9.28608e-05 3.43178e-05

-9.28608e-05 3.43176e-05
-9.268e-05 3.48047e-05

-9.26797e-05 3.48047e-05
-9.24041e-05 3.55298e-05

-9.24044e-05 3.55298e-05
-9.21357e-05 3.62205e-05

-9.21357e-05 3.62212e-05
-9.21226e-05 3.62549e-05

-9.21224e-05 3.62549e-05
-9.18335e-05 3.698e-05

-9.18334e-05 3.698e-05
-9.15381e-05 3.77051e-05

-9.15385e-05 3.77051e-05
-9.14106e-05 3.8012e-05

-9.14106e-05 3.80119e-05
-9.12364e-05 3.84302e-05

-9.12361e-05 3.84302e-05
-9.09272e-05 3.91553e-05

-9.09275e-05 3.91553e-05
-9.06855e-05 3.97111e-05

-9.06855e-05 3.97115e-05
-9.0612e-05 3.98804e-05

-9.06117e-05 3.98804e-05
-9.0289e-05 4.06055e-05

-9.02891e-05 4.06055e-05
-8.99604e-05 4.13286e-05

-8.99596e-05 4.13306e-05
-8.96228e-05 4.20557e-05

-8.96228e-05 4.20557e-05
-8.92789e-05 4.27808e-05

-8.92793e-05 4.27808e-05
-8.92354e-05 4.28716e-05

-8.92354e-05 4.2871e-05
-8.89279e-05 4.35059e-05

-8.89278e-05 4.35059e-05
-8.85694e-05 4.4231e-05

-8.85698e-05 4.4231e-05
-8.85103e-05 4.4349e-05

-8.85103e-05 4.43485e-05
-8.82037e-05 4.49561e-05

-8.82036e-05 4.49561e-05
-8.78302e-05 4.56812e-05

-8.78307e-05 4.56812e-05
-8.77852e-05 4.57678e-05

-8.77852e-05 4.57672e-05
-8.74494e-05 4.64062e-05

-8.74494e-05 4.64062e-05
-8.70607e-05 4.71313e-05

-8.70611e-05 4.71313e-05
-8.70601e-05 4.71333e-05

-8.706015 9.73168e-05
-1.74507e-05 9.74492e-05

-1.74507e-05 9.74492e-05
-1.67256e-05 9.75763e-05

-1.67256e-05 9.75763e-05
-1.60005e-05 9.76979e-05

-1.60005e-05 9.76979e-05
-1.52754e-05 9.78142e-05

-1.52754e-05 9.78143e-05
-1.47907e-05 9.78882e-05

-1.47909e-05 9.78882e-05
-1.45503e-05 9.79249e-05

-1.45503e-05 9.79247e-05
-1.38252e-05 9.80295e-05

-1.38252e-05 9.80295e-05
-1.31001e-05 9.81288e-05

-1.31001e-05 9.81288e-05
-1.2375e-05 9.82229e-05

3.47563e-05 9.26983e-05
3.4448e-05 9.28125e-05

3.47563e-05 9.2698e-05
3.54814e-05 9.24227e-05

3.54814e-05 9.24228e-05
3.62065e-05 9.21413e-05

3.69316e-05 9.18531e-05
3.63424e-05 9.20874e-05

3.62065e-05 9.21416e-05
3.63429e-05 9.20874e-05

3.83818e-05 9.12569e-05
3.81283e-05 9.13623e-05

3.69316e-05 9.18528e-05
3.76567e-05 9.1558e-05

3.76567e-05 9.15583e-05
3.81281e-05 9.13623e-05

3.83818e-05 9.12565e-05
3.91069e-05 9.0948e-05

3.9832e-05 9.06334e-05
3.98232e-05 9.06372e-05

3.91069e-05 9.09482e-05
3.98225e-05 9.06372e-05

4.20073e-05 8.96456e-05
4.14326e-05 8.99121e-05

4.20073e-05 8.96453e-05
4.27324e-05 8.9302e-05

3.9832e-05 9.06331e-05
4.05571e-05 9.03108e-05

4.05571e-05 9.03107e-05
4.12822e-05 8.99816e-05

4.12822e-05 8.9982e-05
4.1433e-05 8.99121e-05

4.34575e-05 8.89517e-05
4.29708e-05 8.9187e-05

4.27324e-05 8.93024e-05
4.29711e-05 8.9187e-05

4.34575e-05 8.89514e-05
4.41826e-05 8.85934e-05

4.49077e-05 8.82284e-05
4.44443e-05 8.84619e-05

4.49077e-05 8.82281e-05
4.56328e-05 8.78553e-05

4.41826e-05 8.85939e-05
4.44445e-05 8.84619e-05


6.41446e-05 7.54102e-05

6.9561e-05 7.04439e-05
6.89299e-05 7.10596e-05

7.02861e-05 6.97194e-05
6.96706e-05 7.03345e-05

6.9561e-05 7.04428e-05
6.96706e-05 7.03345e-05

6.88359e-05 7.11516e-05
6.8931e-05 7.10596e-05

7.02861e-05 6.97194e-05
7.03951e-05 6.96094e-05

-1.2375e-05 9.82229e-05
-1.16499e-05 9.83115e-05

-1.16499e-05 9.83115e-05
-1.09248e-05 9.83948e-05

-1.09248e-05 9.83948e-05
-1.01997e-05 9.84728e-05

-1.01997e-05 9.84728e-05
-9.47461e-06 9.85454e-05

-9.47461e-06 9.85454e-05
-8.74951e-06 9.86125e-05

-8.74951e-06 9.86126e-05
-8.74155e-06 9.86133e-05

-8.74084e-06 9.86133e-05
-8.02441e-06 9.86741e-05

-8.02441e-06 9.86741e-05
-7.29932e-06 9.87302e-05

-7.29932e-06 9.87302e-05
-6.57422e-06 9.8781e-05

-6.57422e-06 9.8781e-05
-5.84912e-06 9.88265e-05

-5.84912e-06 9.88265e-05
-5.12402e-06 9.88667e-05

-5.12402e-06 9.88667e-05
-4.39893e-06 9.89016e-05

-4.39893e-06 9.89016e-05
-3.67383e-06 9.89312e-05

-3.67383e-06 9.89312e-05
-2.94873e-06 9.89554e-05

-2.94873e-06 9.89554e-05
-2.22363e-06 9.89744e-05

-2.22363e-06 9.89744e-05
-1.49854e-06 9.8988e-05

-1.49854e-06 9.8988e-05
-7.73437e-07 9.89963e-05

-7.73437e-07 9.89963e-05
-4.83398e-08 9.89993e-05

-4.83398e-08 9.89993e-05
6.76758e-07 9.8997e-05

6.76758e-07 9.8997e-05
1.40186e-06 9.89894e-05

1.40186e-06 9.89894e-05
2.12695e-06 9.89765e-05

2.12695e-06 9.89765e-05
2.85205e-06 9.89582e-05

2.85205e-06 9.89582e-05
3.57715e-06 9.89347e-05

3.57715e-06 9.89347e-05
4.30225e-06 9.89058e-05

4.30225e-06 9.89058e-05
5.02734e-06 9.88717e-05

9.37793e-06 9.85547e-05
8.73808e-06 9.86133e-05

9.37793e-06 9.85546e-05
1.0103e-05 9.84827e-05

1.0103e-05 9.84827e-05
1.08281e-05 9.84055e-05

5.02734e-06 9.88717e-05
5.75244e-06 9.88322e-05

5.75244e-06 9.88322e-05
6.47754e-06 9.87874e-05

6.47754e-06 9.87874e-05
7.20264e-06 9.87373e-05

7.20264e-06 9.87373e-05
7.92773e-06 9.86818e-05

7.92773e-06 9.86819e-05
8.65283e-06 9.86211e-05

8.65283e-06 9.86211e-05
8.73853e-06 9.86133e-05

1.08281e-05 9.84055e-05
1.15532e-05 9.83229e-05

1.15532e-05 9.83229e-05
1.22783e-05 9.8235e-05

1.22783e-05 9.8235e-05
1.30034e-05 9.81417e-05

1.30034e-05 9.81417e-05
1.37285e-05 9.8043e-05

1.37285e-05 9.80431e-05
1.44536e-05 9.7939e-05

1.51787e-05 9.78294e-05
1.47903e-05 9.78882e-05

1.44536e-05 9.79392e-05
1.47903e-05 9.78882e-05

1.51787e-05 9.78293e-05
1.59038e-05 9.77138e-05

1.59038e-05 9.77137e-05
1.66289e-05 9.75928e-05

1.66289e-05 9.75928e-05
1.7354e-05 9.74665e-05

1.7354e-05 9.74665e-05
1.80791e-05 9.73347e-05

1.95293e-05 9.70545e-05
1.89792e-05 9.71631e-05

1.80791e-05 9.73348e-05
1.88042e-05 9.71975e-05

1.88042e-05 9.71977e-05
1.89795e-05 9.71631e-05

1.95293e-05 9.70543e-05
2.02544e-05 9.69053e-05

2.02544e-05 9.69053e-05
2.09795e-05 9.67509e-05

2.09795e-05 9.67509e-05
2.17046e-05 9.6591e-05

2.24297e-05 9.64257e-05
2.23757e-05 9.6438e-05

2.17046e-05 9.65912e-05
2.23751e-05 9.6438e-05

2.53301e-05 9.57047e-05
2.52985e-05 9.57129e-05

2.24297e-05 9.64255e-05
2.31548e-05 9.62537e-05

2.31548e-05 9.62536e-05
2.38799e-05 9.60761e-05

2.38799e-05 9.60761e-05
2.4605e-05 9.58932e-05

2.4605e-05 9.58933e-05
2.52979e-05 9.57129e-05

2.53301e-05 9.57045e-05
2.60552e-05 9.55094e-05

2.60552e-05 9.55093e-05
2.67803e-05 9.53084e-05

2.67803e-05 9.53084e-05
2.75054e-05 9.51019e-05

2.82305e-05 9.48895e-05
2.78954e-05 9.49878e-05

2.75054e-05 9.51022e-05
2.78953e-05 9.49878e-05

2.82305e-05 9.48892e-05
2.89556e-05 9.46703e-05

2.89556e-05 9.46702e-05
2.96807e-05 9.44455e-05

3.04058e-05 9.42151e-05
3.02562e-05 9.42627e-05

3.04058e-05 9.42148e-05
3.11309e-05 9.39775e-05

2.96807e-05 9.44458e-05
3.02557e-05 9.42627e-05

3.11309e-05 9.39774e-05
3.1856e-05 9.37342e-05

3.25811e-05 9.34851e-05
3.24285e-05 9.35376e-05

3.1856e-05 9.37344e-05
3.24281e-05 9.35376e-05

3.25811e-05 9.34848e-05
3.33062e-05 9.32287e-05

3.33062e-05 9.32286e-05
3.40312e-05 9.29665e-05

3.40313e-05 9.29669e-05
3.44479e-05 9.28125e-05

9.89994e-05 0
9.89967e-05 7.25098e-07

9.89967e-05 7.25098e-07
9.89887e-05 1.4502e-06

9.89887e-05 1.4502e-06
9.89754e-05 2.17529e-06

9.89754e-05 2.17529e-06
9.89568e-05 2.90039e-06

9.8e-05 4.71325e-05
-8.66643e-05 4.78564e-05

-8.66644e-05 4.78564e-05
-8.6335e-05 4.8447e-05

-8.6335e-05 4.84475e-05
-8.62602e-05 4.85815e-05

-8.62598e-05 4.85815e-05
-8.58474e-05 4.93066e-05

-8.58477e-05 4.93066e-05
-8.56099e-05 4.97166e-05

-8.56099e-05 4.97167e-05
-8.54271e-05 5.00317e-05

-8.54268e-05 5.00317e-05
-8.4998e-05 5.07568e-05

-8.49982e-05 5.07568e-05
-8.48848e-05 5.09455e-05

-8.48848e-05 5.0945e-05
-8.4561e-05 5.14819e-05

-8.4561e-05 5.14819e-05
-8.41597e-05 5.21346e-05

-8.41597e-05 5.21346e-05
-8.41159e-05 5.2207e-05

-8.41151e-05 5.2207e-05
-8.36607e-05 5.29321e-05

-8.3661e-05 5.29321e-05
-8.34346e-05 5.32866e-05

-8.34346e-05 5.32866e-05
-8.31978e-05 5.36572e-05

-8.31976e-05 5.36572e-05
-8.27254e-05 5.43823e-05

-8.27256e-05 5.43823e-05
-8.27095e-05 5.44073e-05

-8.27095e-05 5.44064e-05
-8.22443e-05 5.51074e-05

-8.22444e-05 5.51074e-05
-8.19844e-05 5.54918e-05

-8.19844e-05 5.54918e-05
-8.17539e-05 5.58325e-05

-8.17538e-05 5.58325e-05
-8.12593e-05 5.65496e-05

-8.12593e-05 5.65501e-05
-8.12542e-05 5.65576e-05

-8.12538e-05 5.65576e-05
-8.07443e-05 5.72827e-05

-8.07432e-05 5.72827e-05
-8.05342e-05 5.75781e-05

-8.05342e-05 5.75762e-05
-8.02251e-05 5.80078e-05

-8.02251e-05 5.80078e-05
-7.98091e-05 5.85775e-05

-7.98091e-05 5.85769e-05
-7.96966e-05 5.87329e-05

-7.96956e-05 5.87329e-05
-7.91561e-05 5.9458e-05

-7.91558e-05 5.9458e-05
-7.9084e-05 5.95543e-05

-7.9084e-05 5.95532e-05
-7.86063e-05 6.01831e-05

-7.8604e-05 6.01831e-05
-7.83589e-05 6.05066e-05

-7.83589e-05 6.05025e-05
-7.80466e-05 6.09082e-05

-7.80459e-05 6.09082e-05
-7.76338e-05 6.14312e-05

-7.76338e-05 6.14307e-05
-7.74752e-05 6.16333e-05

-7.74745e-05 6.16333e-05
-7.69087e-05 6.23376e-05

-7.69087e-05 6.23381e-05
-7.68923e-05 6.23584e-05

-7.68921e-05 6.23584e-05
-7.62983e-05 6.30835e-05

-7.62979e-05 6.30835e-05
-7.61836e-05 6.3222e-05

-7.61836e-05 6.3221e-05
-7.5693e-05 6.38086e-05

-7.56915e-05 6.38086e-05
-7.54585e-05 6.40862e-05

-7.54585e-05 6.40822e-05
-7.50775e-05 6.45337e-05

-7.50729e-05 6.45337e-05
-7.47334e-05 6.49317e-05

-7.47334e-05 6.49272e-05
-7.44474e-05 6.52588e-05

-7.44441e-05 6.52588e-05
-7.40083e-05 6.57563e-05

-7.40083e-05 6.57539e-05
-7.38045e-05 6.59839e-05

-7.38037e-05 6.59839e-05
-7.32832e-05 6.65622e-05

-7.32832e-05 6.65617e-05
-7.31495e-05 6.6709e-05

-7.31497e-05 6.6709e-05
-7.25581e-05 6.73515e-05

-7.25581e-05 6.73518e-05
-7.24817e-05 6.74341e-05

-7.2482e-05 6.74341e-05
-7.1833e-05 6.81246e-05

-7.1833e-05 6.81248e-05
-7.18004e-05 6.81592e-05

-7.18006e-05 6.81592e-05
-7.11079e-05 6.88814e-05

-7.11079e-05 6.88815e-05
-7.11052e-05 6.88843e-05

-7.11052e-05 6.88843e-05
-7.03955e-05 6.96094e-05

-7.03955e-05 6.96094e-05
-7.03828e-05 6.96222e-05

-7.03828e-05 6.96222e-05
-6.96711e-05 7.03345e-05

-6.9671e-05 7.03345e-05
-6.96577e-05 7.03477e-05

-6.96577e-05 7.03477e-05
-6.89326e-05 7.10584e-05

-6.89326e-05 7.10584e-05
-6.89314e-05 7.10596e-05

-6.89313e-05 7.10596e-05
-6.82075e-05 7.17546e-05

-6.82075e-05 7.17545e-05
-6.81758e-05 7.17847e-05

-6.81755e-05 7.17847e-05
-6.74824e-05 7.2437e-05

-6.74824e-05 7.24367e-05
-6.74039e-05 7.25098e-05

-6.74036e-05 7.25098e-05
-6.67573e-05 7.31056e-05

-6.67573e-05 7.31054e-05
-6.66149e-05 7.32349e-05

-6.66153e-05 7.32349e-05
-6.60322e-05 7.37605e-05

-6.60322e-05 7.37612e-05
-6.58083e-05 7.396e-05

-6.58106e-05 7.396e-05
-6.53071e-05 7.44019e-05

-6.53071e-05 7.44049e-05
-6.49829e-05 7.46851e-05

-6.49874e-05 7.46851e-05
-6.4582e-05 7.50312e-05

-6.4582e-05 7.50362e-05
-6.41388e-05 7.54102e-05

-6.41432e-05 7.54102e-05
-6.38569e-05 7.56506e-05

-6.38569e-05 7.56523e-05
-6.32791e-05 7.61353e-05

-6.32802e-05 7.61353e-05
-6.31318e-05 7.62578e-05

-6.31318e-05 7.62583e-05
-6.24067e-05 7.68528e-05

-6.24067e-05 7.68531e-05
-6.23977e-05 7.68604e-05

-6.23973e-05 7.68604e-05
-6.16816e-05 7.74361e-05

-6.16816e-05 7.74366e-05
-6.14919e-05 7.75854e-05

-6.14922e-05 7.75854e-05
-6.09565e-05 7.80082e-05

-6.09565e-05 7.8009e-05
-6.05647e-05 7.83105e-05

-6.05688e-05 7.83105e-05
-6.02314e-05 7.85672e-05

-6.02314e-05 7.85693e-05
-5.96172e-05 7.90356e-05

-5.96185e-05 7.90356e-05
-5.95063e-05 7.91194e-05

-5.95063e-05 7.91197e-05
-5.87812e-05 7.966e-05

9568e-05 2.90039e-06
9.89329e-05 3.62549e-06

9.89329e-05 3.62549e-06
9.89037e-05 4.35059e-06

9.89037e-05 4.35059e-06
9.88692e-05 5.07568e-06

9.88692e-05 5.07568e-06
9.88293e-05 5.80078e-06

9.88293e-05 5.80078e-06
9.87841e-05 6.52588e-06

9.87841e-05 6.52588e-06
9.87336e-05 7.25098e-06

9.87336e-05 7.25098e-06
9.86778e-05 7.97607e-06

9.86778e-05 7.97607e-06
9.86167e-05 8.70117e-06

9.85649e-05 9.2658e-06
9.85502e-05 9.42627e-06

9.85501e-05 9.42627e-06
9.84779e-05 1.01514e-05

9.85649e-05 9.26538e-06
9.86168e-05 8.70117e-06

9.84779e-05 1.01514e-05
9.84003e-05 1.08765e-05

9.84003e-05 1.08765e-05
9.83173e-05 1.16016e-05

9.78398e-05 1.51091e-05
9.78219e-05 1.52271e-05

9.78218e-05 1.52271e-05
9.7706e-05 1.59521e-05

9.77059e-05 1.59521e-05
9.75846e-05 1.66772e-05

9.75846e-05 1.66772e-05
9.74578e-05 1.74023e-05

9.74578e-05 1.74023e-05
9.73257e-05 1.81274e-05

9.73257e-05 1.81274e-05
9.71881e-05 1.88525e-05

9.71147e-05 1.92242e-05
9.70448e-05 1.95776e-05

9.70446e-05 1.95776e-05
9.68953e-05 2.03027e-05

9.71147e-05 1.92241e-05
9.71883e-05 1.88525e-05

9.63896e-05 2.25818e-05
9.62422e-05 2.32031e-05

9.68952e-05 2.03027e-05
9.67404e-05 2.10278e-05

9.67404e-05 2.10278e-05
9.65801e-05 2.17529e-05

9.65802e-05 2.17529e-05
9.64142e-05 2.2478e-05

9.63896e-05 2.25823e-05
9.64144e-05 2.2478e-05

9.83173e-05 1.16016e-05
9.82289e-05 1.23267e-05

9.82289e-05 1.23267e-05
9.81352e-05 1.30518e-05

9.81352e-05 1.30518e-05
9.80362e-05 1.37769e-05

9.80362e-05 1.37769e-05
9.79318e-05 1.4502e-05

9.78398e-05 1.51086e-05
9.79319e-05 1.4502e-05

9.20391e-05 3.64643e-05
9.18337e-05 3.698e-05

9.18334e-05 3.698e-05
9.15381e-05 3.77051e-05

9.05889e-05 3.9932e-05
9.02891e-05 4.06055e-05

9.1314e-05 3.82443e-05
9.12365e-05 3.84302e-05

9.12362e-05 3.84302e-05
9.09272e-05 3.91553e-05

9.1314e-05 3.82439e-05
9.15384e-05 3.77051e-05

9.09274e-05 3.91553e-05
9.06118e-05 3.98804e-05

9.05889e-05 3.99326e-05
9.06121e-05 3.98804e-05

