1.15532e-05 0.00010286
1.11433e-05 0.000102964

1.15532e-05 0.000102859
1.22783e-05 0.00010267

1.08281e-05 0.000103044
1.11423e-05 0.000102964

1.22783e-05 0.00010267
1.30034e-05 0.000102478

1.30034e-05 0.000102478
1.37285e-05 0.000102284

1.66289e-05 0.000101464
1.64568e-05 0.000101514

1.44536e-05 0.000102084
1.38943e-05 0.000102239

1.37285e-05 0.000102284
1.38936e-05 0.000102239

1.44536e-05 0.000102083
1.51787e-05 0.000101879

1.51787e-05 0.000101879
1.59038e-05 0.000101672

1.59038e-05 0.000101673
1.64529e-05 0.000101514

1.66289e-05 0.000101463
1.7354e-05 0.000101248

1.7354e-05 0.000101247
1.80791e-05 0.000101028

1.80791e-05 0.000101028
1.88042e-05 0.000100808

1.95293e-05 0.000100582
1.88701e-05 0.000100789

1.88042e-05 0.000100809
1.88696e-05 0.000100789

1.95293e-05 0.00010058
2.02544e-05 0.000100349

2.02544e-05 0.000100349
2.09795e-05 0.000100116

2.17046e-05 9.98796e-05
2.11457e-05 0.000100063

2.17046e-05 9.98769e-05
2.24297e-05 9.96333e-05

2.09795e-05 0.000100118
2.11446e-05 0.000100063

2.60552e-05 9.83683e-05
2.53782e-05 9.86133e-05

2.60552e-05 9.83655e-05
2.67803e-05 9.80978e-05

2.75054e-05 9.78322e-05
2.7355e-05 9.78882e-05

2.67803e-05 9.80981e-05
2.73448e-05 9.78882e-05

2.75054e-05 9.78302e-05
2.82305e-05 9.75544e-05

2.24297e-05 9.96335e-05
2.31548e-05 9.93894e-05

2.38799e-05 9.9142e-05
2.331e-05 9.93384e-05

2.31548e-05 9.93915e-05
2.3309e-05 9.93384e-05

2.38799e-05 9.91393e-05
2.4605e-05 9.88841e-05

2.4605e-05 9.88845e-05
2.53301e-05 9.86283e-05

2.53301e-05 9.86305e-05
2.53778e-05 9.86133e-05

2.96807e-05 9.69914e-05
2.92426e-05 9.71631e-05

2.82305e-05 9.75523e-05
2.89556e-05 9.72725e-05

2.89556e-05 9.7274e-05
2.92385e-05 9.71631e-05

2.96807e-05 9.6989e-05
3.04058e-05 9.6699e-05

3.11309e-05 9.64122e-05
3.10669e-05 9.6438e-05

3.04058e-05 9.66984e-05
3.10512e-05 9.6438e-05

3.33062e-05 9.54979e-05
3.28014e-05 9.57129e-05

3.33062e-05 9.54949e-05
3.40312e-05 9.51799e-05

3.11309e-05 9.64083e-05
3.1856e-05 9.61095e-05

3.1856e-05 9.61068e-05
3.25811e-05 9.58032e-05

3.25811e-05 9.58051e-05
3.27975e-05 9.57129e-05

3.47563e-05 9.48665e-05
3.44802e-05 9.49878e-05

3.40313e-05 9.51788e-05
3.44659e-05 9.49878e-05

3.47563e-05 9.48627e-05
3.54814e-05 9.45376e-05

3.62065e-05 9.42151e-05
3.61018e-05 9.42627e-05

3.62065e-05 9.42092e-05
3.69316e-05 9.38734e-05

3.54814e-05 9.45351e-05
3.6081e-05 9.42627e-05

3.76567e-05 9.35355e-05
3.76524e-05 9.35376e-05

3.69316e-05 9.38708e-05
3.76398e-05 9.35376e-05

3.76567e-05 9.35331e-05
3.83818e-05 9.3185e-05

3.83818e-05 9.31813e-05
3.91069e-05 9.28268e-05

3.91069e-05 9.28306e-05
3.91431e-05 9.28125e-05

9.0786e-05 0
9.07856e-05 7.25098e-07

9.07856e-05 7.25098e-07
9.07842e-05 1.4502e-06

9.07842e-05 1.4502e-06
9.07818e-05 2.17529e-06

9.07818e-05 2.17529e-06
9.07784e-05 2.90039e-06

9.07784e-05 2.90039e-06
9.07741e-05 3.62549e-06

9.07741e-05 3.62549e-06
9.07688e-05 4.35059e-06

9.07688e-05 4.35059e-06
9.07626e-05 5.07568e-06

9.07626e-05 5.07568e-06
9.07556e-05 5.80078e-06

9.07556e-05 5.80078e-06
9.07477e-05 6.52588e-06

9.07477e-05 6.52588e-06
9.0739e-05 7.25098e-06

9.0739e-05 7.25098e-06
9.07295e-05 7.97607e-06

9.07295e-05 7.97607e-06
9.07192e-05 8.70117e-06

9.07192e-05 8.70117e-06
9.07081e-05 9.42627e-06

9.07081e-05 9.42627e-06
9.06962e-05 1.01514e-05

9.06962e-05 1.01514e-05
9.06835e-05 1.08765e-05

9.06835e-05 1.08765e-05
9.06701e-05 1.16016e-05

9.06701e-05 1.16016e-05
9.06559e-05 1.23267e-05

9.06559e-05 1.23267e-05
9.06409e-05 1.30518e-05

9.06409e-05 1.30518e-05
9.06252e-05 1.37769e-05

9.06252e-05 1.37769e-05
9.06088e-05 1.4502e-05

9.05889e-05 1.53391e-05
9.05736e-05 1.59521e-05

9.05735e-05 1.59521e-05
9.05546e-05 1.66772e-05

9.05546e-05 1.66772e-05
9.05351e-05 1.74023e-05

9.06088e-05 1.4502e-05
9.05916e-05 1.52271e-05

9.05889e-05 1.53394e-05
9.05917e-05 1.52271e-05

9.05351e-05 1.74023e-05
9.05148e-05 1.81274e-05

9.05148e-05 1.81274e-05
9.04939e-05 1.88525e-05

9.04939e-05 1.88525e-05
9.04723e-05 1.95776e-05

9.04723e-05 1.95776e-05
9.045e-05 2.03027e-05

9.045e-05 2.03027e-05
9.04269e-05 2.10278e-05

9.04269e-05 2.10278e-05-8.17061e-05 0
-8.17044e-05 7.25098e-07

-8.17045e-05 7.25098e-07
-8.16992e-05 1.4502e-06

-8.16992e-05 1.4502e-06
-8.16903e-05 2.17529e-06

-8.16903e-05 2.17529e-06
-8.16779e-05 2.90039e-06

-8.16779e-05 2.90039e-06
-8.16619e-05 3.62549e-06

-8.16619e-05 3.62549e-06
-8.16425e-05 4.35059e-06

-8.16425e-05 4.35059e-06
-8.16195e-05 5.07568e-06

-8.16195e-05 5.07568e-06
-8.15929e-05 5.80078e-06

-8.15929e-05 5.80078e-06
-8.15627e-05 6.52588e-06

-8.15628e-05 6.52588e-06
-8.1529e-05 7.25098e-06

-8.1529e-05 7.25098e-06
-8.14916e-05 7.97607e-06

-8.14916e-05 7.97607e-06
-8.14506e-05 8.70117e-06

-8.14506e-05 8.70117e-06
-8.1406e-05 9.42627e-06

-8.1406e-05 9.42627e-06
-8.13577e-05 1.01514e-05

-8.13577e-05 1.01514e-05
-8.13059e-05 1.08765e-05

-8.1306e-05 1.08765e-05
-8.12593e-05 1.14864e-05

-8.12593e-05 1.14867e-05
-8.12505e-05 1.16016e-05

-8.12505e-05 1.16016e-05
-8.1191e-05 1.23267e-05

-8.11909e-05 1.23267e-05
-8.11276e-05 1.30518e-05

-8.11276e-05 1.30518e-05
-8.10605e-05 1.37769e-05

-8.10605e-05 1.37769e-05
-8.09895e-05 1.4502e-05

-8.09895e-05 1.4502e-05
-8.09147e-05 1.52271e-05

-8.09147e-05 1.52271e-05
-8.08359e-05 1.59521e-05

-8.08359e-05 1.59521e-05
-8.07534e-05 1.66772e-05

-8.07534e-05 1.66772e-05
-8.06672e-05 1.74023e-05

-8.06673e-05 1.74023e-05
-8.05771e-05 1.81274e-05

-8.05774e-05 1.81274e-05
-8.05342e-05 1.84573e-05

-8.05342e-05 1.84583e-05
-8.04825e-05 1.88525e-05

-8.0482e-05 1.88525e-05
-8.03823e-05 1.95776e-05

-8.03823e-05 1.95776e-05
-8.02788e-05 2.03027e-05

-8.02788e-05 2.03027e-05
-8.01716e-05 2.10278e-05

-8.01715e-05 2.10278e-05
-8.00608e-05 2.17529e-05

-8.00609e-05 2.17529e-05
-7.99465e-05 2.2478e-05

-7.9947e-05 2.2478e-05
-7.98277e-05 2.32031e-05

-7.98276e-05 2.32031e-05
-7.98091e-05 2.33105e-05

-7.98091e-05 2.33122e-05
-7.97026e-05 2.39282e-05

-7.97017e-05 2.39282e-05
-7.95717e-05 2.46533e-05

-7.95717e-05 2.46533e-05
-7.94389e-05 2.53784e-05

-7.9439e-05 2.53784e-05
-7.9303e-05 2.61035e-05

-7.93035e-05 2.61035e-05
-7.9163e-05 2.68286e-05

-7.91639e-05 2.68286e-05
-7.9084e-05 2.72202e-05

-7.9084e-05 2.72214e-05
-7.90162e-05 2.75537e-05

-7.90142e-05 2.75537e-05
-7.88607e-05 2.82788e-05

-7.88606e-05 2.82788e-05
-7.87053e-05 2.90039e-05

-7.87058e-05 2.90039e-05
-7.85477e-05 2.9729e-05

-7.85488e-05 2.9729e-05
-7.83847e-05 3.04541e-05

-7.83843e-05 3.04541e-05
-7.83589e-05 3.05611e-05

-7.83589e-05 3.05626e-05
-7.82123e-05 3.11792e-05

-7.82098e-05 3.11792e-05
-7.80341e-05 3.19043e-05

-7.80353e-05 3.19043e-05
-7.78588e-05 3.26294e-05

-7.78602e-05 3.26294e-05
-7.76777e-05 3.33545e-05

-7.76776e-05 3.33545e-05
-7.76338e-05 3.35205e-05

-7.76338e-05 3.35213e-05
-7.74863e-05 3.40796e-05

-7.7483e-05 3.40796e-05
-7.72886e-05 3.48047e-05

-7.72905e-05 3.48047e-05
-7.7096e-05 3.55298e-05

-7.70982e-05 3.55298e-05
-7.69087e-05 3.62076e-05

-7.69087e-05 3.6208e-05
-7.68956e-05 3.62549e-05

-7.68928e-05 3.62549e-05
-7.66828e-05 3.698e-05

-7.66822e-05 3.698e-05
-7.64716e-05 3.77051e-05

-7.64743e-05 3.77051e-05
-7.6259e-05 3.84302e-05

-7.62595e-05 3.84302e-05
-7.61836e-05 3.86734e-05

-7.61836e-05 3.86735e-05
-7.60333e-05 3.91553e-05

-7.60285e-05 3.91553e-05
-7.57998e-05 3.98804e-05

-7.58036e-05 3.98804e-05
-7.55745e-05 4.06055e-05

-7.55761e-05 4.06055e-05
-7.54585e-05 4.09604e-05

-7.54585e-05 4.09603e-05
-7.53358e-05 4.13306e-05

-7.53302e-05 4.13306e-05
-7.50867e-05 4.20557e-05

-7.50909e-05 4.20557e-05
-7.48471e-05 4.27808e-05

-7.48487e-05 4.27808e-05
-7.47334e-05 4.31084e-05

-7.47334e-05 4.31077e-05
-7.45933e-05 4.35059e-05

-7.45875e-05 4.35059e-05
-7.43297e-05 4.4231e-05

-7.4335e-05 4.4231e-05
-7.40757e-05 4.49561e-05

-7.40756e-05 4.49561e-05
-7.40083e-05 4.51368e-05

-7.40083e-05 4.51349e-05
-7.38048e-05 4.56812e-05

-7.38011e-05 4.56812e-05
-7.35292e-05 4.64062e-05

-7.35352e-05 4.64062e-05
-7.32832e-05 4.70636e-05

-7.32832e-05 4.70638e-05
-7.32573e-05 4.71313e-05

-7.32515e-05 4.71313e-05
-7.29669e-05 4.78564e-05

-7.29697e-05 4.78564e-05
-7.26841e-05 4.85815e-05

-7.26865e-05 4.85815e-05
-7.25581e-05 4.88957e-05

-7.25581e-05 4.88943e-05
-7.23896e-05 4.93066e-05

-7.2384
9.04031e-05 2.17529e-05

9.0403e-05 2.17529e-05
9.03785e-05 2.2478e-05

9.03785e-05 2.2478e-05
9.03534e-05 2.32031e-05

9.03534e-05 2.32031e-05
9.03278e-05 2.39282e-05

9.03277e-05 2.39282e-05
9.03017e-05 2.46533e-05

9.03017e-05 2.46533e-05
9.02753e-05 2.53784e-05

9.02754e-05 2.53784e-05
9.02486e-05 2.61035e-05

9.02486e-05 2.61035e-05
9.02212e-05 2.68286e-05

9.02212e-05 2.68286e-05
9.0193e-05 2.75537e-05

9.0193e-05 2.75537e-05
9.01639e-05 2.82788e-05

9.01639e-05 2.82788e-05
9.01337e-05 2.90039e-05

9.01336e-05 2.90039e-05
9.01027e-05 2.9729e-05

9.01026e-05 2.9729e-05
9.00711e-05 3.04541e-05

9.0071e-05 3.04541e-05
9.00393e-05 3.11792e-05

9.00392e-05 3.11792e-05
9.00079e-05 3.19043e-05

9.00079e-05 3.19043e-05
8.99771e-05 3.26294e-05

8.99774e-05 3.26294e-05
8.99464e-05 3.33545e-05

8.9947e-05 3.33545e-05
8.99142e-05 3.40796e-05

8.99159e-05 3.40796e-05
8.98768e-05 3.48047e-05

8.98638e-05 3.50018e-05
8.98279e-05 3.55298e-05

8.98251e-05 3.55298e-05
8.97707e-05 3.62549e-05

8.98638e-05 3.49991e-05
8.9877e-05 3.48047e-05

8.97706e-05 3.62549e-05
8.97168e-05 3.698e-05

8.97169e-05 3.698e-05
8.96634e-05 3.77051e-05

8.96636e-05 3.77051e-05
8.96098e-05 3.84302e-05

8.96101e-05 3.84302e-05
8.95547e-05 3.91553e-05

8.95552e-05 3.91553e-05
8.94966e-05 3.98804e-05

8.94972e-05 3.98804e-05
8.94334e-05 4.06055e-05

8.91387e-05 4.30248e-05
8.90648e-05 4.35059e-05

8.90622e-05 4.35059e-05
8.89544e-05 4.4231e-05

8.89601e-05 4.4231e-05
8.88529e-05 4.49561e-05

8.88549e-05 4.49561e-05
8.87326e-05 4.56812e-05

8.87337e-05 4.56812e-05
8.85899e-05 4.64062e-05

8.94342e-05 4.06055e-05
8.93624e-05 4.13306e-05

8.93635e-05 4.13306e-05
8.92799e-05 4.20557e-05

8.9281e-05 4.20557e-05
8.91812e-05 4.27808e-05

8.91387e-05 4.30539e-05
8.91806e-05 4.27808e-05

8.62383e-05 5.35826e-05
8.62034e-05 5.36572e-05

8.55132e-05 5.49769e-05
8.54432e-05 5.51074e-05

8.61997e-05 5.36572e-05
8.58357e-05 5.43823e-05

8.55132e-05 5.50342e-05
8.58625e-05 5.43823e-05

8.47881e-05 5.62093e-05
8.45752e-05 5.65576e-05

8.4063e-05 5.73415e-05
8.35968e-05 5.80078e-05

8.45953e-05 5.65576e-05
8.41132e-05 5.72827e-05

8.4063e-05 5.73619e-05
8.41166e-05 5.72827e-05

8.54526e-05 5.51074e-05
8.50286e-05 5.58325e-05

8.47881e-05 5.62653e-05
8.50526e-05 5.58325e-05

8.84018e-05 4.71313e-05
8.82275e-05 4.78564e-05

8.85929e-05 4.64062e-05
8.84194e-05 4.71313e-05

8.84136e-05 4.71551e-05
8.84193e-05 4.71313e-05

8.82412e-05 4.78564e-05
8.80738e-05 4.85815e-05

8.80777e-05 4.85815e-05
8.78823e-05 4.93066e-05

8.76885e-05 4.98703e-05
8.7636e-05 5.00317e-05

8.76305e-05 5.00317e-05
8.73866e-05 5.07568e-05

8.69634e-05 5.19075e-05
8.68428e-05 5.2207e-05

8.7404e-05 5.07568e-05
8.71538e-05 5.14819e-05

8.69634e-05 5.1983e-05
8.7165e-05 5.14819e-05

8.76885e-05 4.99188e-05
8.78875e-05 4.93066e-05

8.68494e-05 5.2207e-05
8.65413e-05 5.29321e-05

8.62383e-05 5.36268e-05
8.65629e-05 5.29321e-05

8.18877e-05 6.02238e-05
8.13065e-05 6.09082e-05

8.26128e-05 5.93009e-05
8.24909e-05 5.9458e-05

8.33379e-05 5.8353e-05
8.30627e-05 5.87329e-05

8.26128e-05 5.9344e-05
8.30841e-05 5.87329e-05

8.25172e-05 5.9458e-05
8.19255e-05 6.01831e-05

8.18877e-05 6.02325e-05
8.19289e-05 6.01831e-05

8.11626e-05 6.10711e-05
8.06691e-05 6.16333e-05

8.04375e-05 6.19021e-05
8.06786e-05 6.16333e-05

8.11626e-05 6.10848e-05
8.13149e-05 6.09082e-05

8.33379e-05 5.83945e-05
8.36153e-05 5.80078e-05

1e-05 4.93066e-05
-7.20848e-05 5.00317e-05

-7.20921e-05 5.00317e-05
-7.1833e-05 5.0647e-05

-7.1833e-05 5.06469e-05
-7.17867e-05 5.07568e-05

-7.17796e-05 5.07568e-05
-7.14681e-05 5.14819e-05

-7.14736e-05 5.14819e-05
-7.1159e-05 5.2207e-05

-7.11577e-05 5.2207e-05
-7.11079e-05 5.23185e-05

-7.11079e-05 5.23157e-05
-7.08325e-05 5.29321e-05

-7.0832e-05 5.29321e-05
-7.05048e-05 5.36572e-05

-7.05084e-05 5.36572e-05
-7.03828e-05 5.39286e-05

-7.03828e-05 5.3927e-05
-7.01721e-05 5.43823e-05

-7.01672e-05 5.43823e-05
-6.98271e-05 5.51074e-05

-6.9834e-05 5.51074e-05
-6.96577e-05 5.54754e-05

-6.96577e-05 5.54738e-05
-6.94859e-05 5.58325e-05

-6.9479e-05 5.58325e-05
-6.9126e-05 5.65576e-05

-6.91344e-05 5.65576e-05
-6.89326e-05 5.69641e-05

-6.89326e-05 5.69623e-05
-6.87735e-05 5.72827e-05

-6.87658e-05 5.72827e-05
-6.83993e-05 5.80078e-05

-6.84081e-05 5.80078e-05
-6.82075e-05 5.83977e-05

-6.82075e-05 5.83954e-05
-6.80338e-05 5.87329e-05

-6.80266e-05 5.87329e-05
-6.76462e-05 5.9458e-05

-6.76541e-05 5.9458e-05
-6.74824e-05 5.97805e-05

-6.74824e-05 5.97778e-05
-6.72666e-05 6.01831e-05

-6.72617e-05 6.01831e-05
-6.68669e-05 6.09082e-05

-6.68714e-05 6.09082e-05
-6.67573e-05 6.11153e-05

-6.67573e-05 6.11126e-05
-6.64706e-05 6.16333e-05

-6.64711e-05 6.16333e-05
-6.60604e-05 6.23584e-05

-6.60578e-05 6.23584e-05
-6.60322e-05 6.24036e-05

-6.60322e-05 6.24006e-05
-6.56422e-05 6.30835e-05

-6.56502e-05 6.30835e-05
-6.53071e-05 6.36691e-05

-6.53071e-05 6.36665e-05
-6.52239e-05 6.38086e-05

-6.52157e-05 6.38086e-05
-6.4784e-05 6.45337e-05

-6.47942e-05 6.45337e-05
-6.4582e-05 6.48858e-05

-6.4582e-05 6.48803e-05
-6.43541e-05 6.52588e-05

-6.43519e-05 6.52588e-05
-6.39006e-05 6.59839e-05

-6.38985e-05 6.59839e-05
-6.38569e-05 6.60522e-05

-6.38569e-05 6.60494e-05
-6.34447e-05 6.6709e-05

-6.34528e-05 6.6709e-05
-6.31318e-05 6.72106e-05

-6.31318e-05 6.72059e-05
-6.29862e-05 6.74341e-05

-6.29814e-05 6.74341e-05
-6.25057e-05 6.81592e-05

-6.2508e-05 6.81592e-05
-6.24067e-05 6.83163e-05

-6.24067e-05 6.83109e-05
-6.20293e-05 6.88843e-05

-6.20352e-05 6.88843e-05
-6.16816e-05 6.94062e-05

-6.16816e-05 6.94014e-05
-6.15423e-05 6.96094e-05

-6.1538e-05 6.96094e-05
-6.10342e-05 7.03345e-05

-6.10341e-05 7.03345e-05
-6.09565e-05 7.04484e-05

-6.09565e-05 7.04459e-05
-6.05284e-05 7.10596e-05

-6.0535e-05 7.10596e-05
-6.02314e-05 7.1485e-05

-6.02314e-05 7.14775e-05
-6.00134e-05 7.17847e-05

-6.00144e-05 7.17847e-05
-5.95063e-05 7.24704e-05

-5.95063e-05 7.24704e-05
-5.94771e-05 7.25098e-05

-5.94715e-05 7.25098e-05
-5.89282e-05 7.32349e-05

-5.89317e-05 7.32349e-05
-5.87812e-05 7.34394e-05

-5.87812e-05 7.34346e-05
-5.83857e-05 7.396e-05

-5.83897e-05 7.396e-05
-5.80562e-05 7.43929e-05

-5.80562e-05 7.43842e-05
-5.78258e-05 7.46851e-05

-5.78267e-05 7.46851e-05
-5.73311e-05 7.53013e-05

-5.73311e-05 7.53004e-05
-5.72424e-05 7.54102e-05

-5.72389e-05 7.54102e-05
-5.66443e-05 7.61353e-05

-5.66436e-05 7.61353e-05
-5.6606e-05 7.61813e-05

-5.6606e-05 7.61807e-05
-5.6048e-05 7.68604e-05

-5.60512e-05 7.68604e-05
-5.58809e-05 7.70689e-05

-5.58809e-05 7.70657e-05
-5.54503e-05 7.75854e-05

-5.54502e-05 7.75854e-05
-5.51558e-05 7.79371e-05

-5.51558e-05 7.79307e-05
-5.4834e-05 7.83105e-05

-5.4829e-05 7.83105e-05
-5.44307e-05 7.87686e-05

-5.44307e-05 7.87644e-05
-5.41897e-05 7.90356e-05

-5.41863e-05 7.90356e-05
-5.37056e-05 7.95678e-05

-5.37056e-05 7.95661e-05
-5.35271e-05 7.97607e-05

-5.3525e-05 7.97607e-05
-5.29805e-05 8.03488e-05

-5.29805e-05 8.03483e-05
-5.28519e-05 8.04858e-05

-5.28509e-05 8.04858e-05
-5.22554e-05 8.11182e-05

-5.22554e-05 8.11183e-05
-5.21675e-05 8.12109e-05

-5.21674e-05 8.12109e-05
-5.15303e-05 8.18782e-05

-5.15303e-05 8.18785e-05
-5.14749e-05 8.1936e-05

-5.14754e-05 8.1936e-05
-5.08052e-05 8.26273e-05

-5.08052e-05 8.26276e-05
-5.07724e-05 8.26611e-05

-5.07732e-05 8.26611e-05
-5.00801e-05 8.33621e-05

-5.00801e-05 8.33622e-05
-5.00561e-05 8.33862e-05

-5.00568e-05 8.33862e-05
-4.9355e-05 8.40785e-05

-4.9355e-05 8.40787e-05
-4.93215e-05 8.41113e-05

-4.93215e-05 8.41113e-05
-4.86299e-05 8.47738e-05

-4.86299e-05 8.47744e-05
-4.8564e-05 8.48364e-05

-4.8562e-05 8.48364e-05
-4.79048e-05 8.54469e-05

-4.79048e-05 8.54486e-05
-4.7781e-05 8.55615e-05

-4.77771e-05 8.55615e-05
-4.71797e-05 8.61012e-05

-4.71797e-05 8.61049e-05
-4.69753e-05 8.62866e-05

-4.69711e-05 8.62866e-05
-4.64546e-05 8.67423e-05

-4.64546e-05 8.67487e-05
-4.61534e-05 8.70117e-05

-4.61515e-05 8.70117e-05
-4.57295e-05 8.73763e-05

-4.57295e-05 8.73868e-05
-4.53221e-05 8.77368e-05

-4.53183e-05 8.77368e-05
-4.50044e-05 8.8007e-05

-4.50044e-05 8.80167e-05
-4.44852e-05 8.84619e-05

-4.448e-05 8.84619e-05
-4.42793e-05 8.86326e-05

-4.42793e-05 8.86405e-05
-4.36247e-05 8.9187e-05

-4.36237e-05 8.9187e-05
-4.35542e-05 8.92441e-05

-4.35542e-05 8.92452e-05
-4.28291e-05 8.98287e-05

-4.28291e-05 8.98306e-05
-4.27255e-05 8.99121e-05

-4.27164e-05 8.99121e-05
-4.2104e-05 9.03947e-05

-4.2104e-05 9.04055e-05
-4.18024e-05 9.06372e-05

-4.17897e-05 9.06372e-05
-4.13789e-05 9.09573e-05

-4.13789e-05 9.09677e-05
-4.08674e-05 9.13623e-05

-4.08629e-05 9.13623e-05
-4.06538e-05 9.15209e-05

-4.06538e-05 9.15285e-05
-3.99287e-05 9.20688e-05

-3.99287e-05 9.20698e-05
-3.99043e-05 9.20874e-05

-3.98954e-05 9.20874e-05
-3.92036e-05 9.25891e-05

-3.92036e-05 9.25978e-05
-3.89038e-05 9.28125e-05

-3.88852e-05 9.28125e-05
-3.84785e-05 9.31059e-05

-3.84785e-05 9.31173e-05
-3.78826e-05 9.35376e-05

-3.78836e-05 9.35376e-05
-3.77534e-05 9.36271e-05

-3.77534e-05 9.36265e-05
-3.70283e-05 9.41198e-05

-3.70283e-05 9.41259e-05
-3.68233e-05 9.42627e-05

-3.68027e-05 9.42627e-05
-3.63032e-05 9.45997e-05

-3.63032e-05 9.46114e-05
-3.5735e-05 9.49878e-05

-3.57358e-05 9.49878e-05
-3.55781e-05 9.50901e-05

-3.55781e-05 9.50883e-05
-3.4853e-05 9.5552e-05

-3.4853e-05 9.55571e-05
-3.46079e-05 9.57129e-05

-3.45867e-05 9.57129e-05
-3.41279e-05 9.60049e-05

-3.41279e-05 9.60191e-05
-3.34497e-05 9.6438e-05

-3.34509e-05 9.6438e-05
-3.34028e-05 9.64668e-05

-3.34028e-05 9.64558e-05
-3.26777e-05 9.68933e-05

-3.26777e-05 9.69028e-05
-3.22425e-05 9.71631e-05

-3.22362e-05 9.71631e-05
-3.19526e-05 9.73327e-05

-3.19526e-05 9.73322e-05
-3.12275e-05 9.77517e-05

-3.12275e-05 9.77563e-05
-3.09974e-05 9.78882e-05

-3.09796e-05 9.78882e-05
-3.05024e-05 9.81616e-05

-3.05024e-05 9.81714e-05
-2.97773e-05 9.85746e-05

-2.97773e-05 9.85762e-05
-2.97098e-05 9.86133e-05

-2.96855e-05 9.86133e-05
-2.90522e-05 9.89611e-05

-2.90522e-05 9.89759e-05
-2.83739e-05 9.93384e-05

-2.83741e-05 9.93384e-05
-2.83271e-05 9.93634e-05

-2.83271e-05 9.93482e-05
-2.76021e-05 9.97283e-05

-2.76021e-05 9.97442e-05
-2.69787e-05 0.000100063

-2.69791e-05 0.000100063
-2.6877e-05 0.000100116

-2.6877e-05 0.0001001
-2.61519e-05 0.000100462

-2.61519e-05 0.000100478
-2.5515e-05 0.000100789

-2.55155e-05 0.000100789
-2.54268e-05 0.000100832

-2.54268e-05 0.000100818
-2.47017e-05 0.000101161

-2.47017e-05 0.000101172
-2.39766e-05 0.000101508

-2.39766e-05 0.000101508
-2.39647e-05 0.000101514

-2.39464e-05 0.000101514
-2.32515e-05 0.000101822

-2.32515e-05 0.000101824
-2.25264e-05 0.000102141

-2.25264e-05 0.000102147
-2.23056e-05 0.000102239

-2.22995e-05 0.000102239
-2.18013e-05 0.000102446

-2.18013e-05 0.000102437
-2.10762e-05 0.000102733

-2.10762e-05 0.000102747
-2.05175e-05 0.000102964

-2.05181e-05 0.000102964
-2.03511e-05 0.000103029

-2.03511e-05 0.000103019
-1.9626e-05 0.000103279

-1.9626e-05 0.000103275
-1.89009e-05 0.000103536

-1.89009e-05 0.000103548
-1.84846e-05 0.000103689

-1.84863e-05 0.000103689
-1.81758e-05 0.000103794

-1.81758e-05 0.000103787
-1.74507e-05 0.000104007

-1.74507e-05 0.000104002
-1.67256e-05 0.00010422

-1.67256e-05 0.00010423
-1.60784e-05 0.000104414

-1.6079e-05 0.000104414
-1.60005e-05 0.000104436

-1.60005e-05 0.000104433
-1.52754e-05 0.000104613

-1.52754e-05 0.000104612
-1.45503e-05 0.000104777

-1.45503e-05 0.000104776
-1.38252e-05 0.000104931

-1.38252e-05 0.000104932
-1.31001e-05 0.000105077

-1.31001e-05 0.00010508
-1.27586e-05 0.000105139

-1.27607e-05 0.000105139
-1.2375e-05 0.000105206

3.9832e-05 9.24693e-05
3.91437e-05 9.28125e-05

3.9832e-05 9.24651e-05
4.05571e-05 9.20967e-05

4.12822e-05 9.17256e-05
4.05833e-05 9.20874e-05

4.05571e-05 9.21006e-05
4.05827e-05 9.20874e-05

4.20073e-05 9.13482e-05
4.19806e-05 9.13623e-05

4.20073e-05 9.13425e-05
4.27324e-05 9.09533e-05

4.12822e-05 9.17211e-05
4.1962e-05 9.13623e-05

4.49077e-05 8.97483e-05
4.4619e-05 8.99121e-05

4.49077e-05 8.97393e-05
4.56328e-05 8.93224e-05

4.34575e-05 9.05652e-05
4.3326e-05 9.06372e-05

4.27324e-05 9.09475e-05
4.32989e-05 9.06372e-05

4.34575e-05 9.05551e-05
4.41826e-05 9.01519e-05

4.41826e-05 9.0145e-05
4.45932e-05 8.99121e-05

4.99834e-05 8.66806e-05
4.94569e-05 8.70117e-05

5.07085e-05 8.62322e-05
5.06216e-05 8.62866e-05

4.99834e-05 8.66741e-05
5.05915e-05 8.62866e-05

5.07085e-05 8.6216e-05
5.14336e-05 8.57493e-05

4.63579e-05 8.89015e-05
4.58709e-05 8.9187e-05

4.56328e-05 8.93189e-05
4.58578e-05 8.9187e-05

4.63579e-05 8.88962e-05
4.7083e-05 8.84648e-05

4.78081e-05 8.80297e-05
4.70924e-05 8.84619e-05

4.85332e-05 8.75981e-05
4.83073e-05 8.77368e-05

4.78081e-05 8.80194e-05
4.82682e-05 8.77368e-05

4.7083e-05 8.84674e-05
4.70923e-05 8.84619e-05

4.85332e-05 8.75826e-05
4.92583e-05 8.71335e-05

4.92583e-05 8.71293e-05
4.94459e-05 8.70117e-05

5.4334e-05 8.38254e-05
5.39128e-05 8.41113e-05

5.21587e-05 8.52825e-05
5.1732e-05 8.55615e-05

5.28838e-05 8.48059e-05
5.28369e-05 8.48364e-05

5.21587e-05 8.52734e-05
5.28191e-05 8.48364e-05

5.14336e-05 8.57381e-05
5.17039e-05 8.55615e-05

5.28838e-05 8.47953e-05
5.36089e-05 8.431e-05

5.36089e-05 8.42979e-05
5.38844e-05 8.41113e-05

5.50591e-05 8.3337e-05
5.49864e-05 8.33862e-05

5.4334e-05 8.38149e-05
5.49578e-05 8.33862e-05

5.50591e-05 8.33192e-05
5.57842e-05 8.28151e-05

5.65093e-05 8.2308e-05
5.60079e-05 8.26611e-05

5.72344e-05 8.18116e-05
5.70562e-05 8.1936e-05

5.65093e-05 8.22957e-05
5.70139e-05 8.1936e-05

5.57842e-05 8.28056e-05
5.59924e-05 8.26611e-05

7.24614e-05 6.95939e-05
7.2444e-05 6.96094e-05

7.24614e-05 6.96069e-05
7.31865e-05 6.89582e-05

7.46367e-05 6.76361e-05
7.40638e-05 6.81592e-05

7.39116e-05 6.8302e-05
7.32694e-05 6.88843e-05

7.31865e-05 6.89604e-05
7.32712e-05 6.88843e-05

7.39116e-05 6.83016e-05
7.40677e-05 6.81592e-05

7.89873e-05 6.34281e-05
7.86174e-05 6.38086e-05

8.04375e-05 6.18819e-05
8.00066e-05 6.23584e-05

7.97124e-05 6.26678e-05
7.93216e-05 6.30835e-05

7.89873e-05 6.34459e-05
7.93349e-05 6.30835e-05

7.97124e-05 6.26868e-05
8.00172e-05 6.23584e-05

7.60869e-05 6.62876e-05
7.56343e-05 6.6709e-05

7.75371e-05 6.489e-05
7.71585e-05 6.52588e-05

7.6812e-05 6.5596e-05
7.64042e-05 6.59839e-05

7.60869e-05 6.62924e-05
7.64141e-05 6.59839e-05

7.6812e-05 6.56034e-05
7.717e-05 6.52588e-05

7.53618e-05 6.69685e-05
7.48524e-05 6.74341e-05

7.46367e-05 6.764e-05
7.48613e-05 6.74341e-05

7.53618e-05 6.69704e-05
7.56433e-05 6.6709e-05

7.82622e-05 6.41681e-05
7.78967e-05 6.45337e-05

7.75371e-05 6.49011e-05
7.79098e-05 6.45337e-05

7.82622e-05 6.41823e-05
7.86313e-05 6.38086e-05

5.86846e-05 8.07348e-05
5.80254e-05 8.12109e-05

6.01348e-05 7.96918e-05
6.0041e-05 7.97607e-05

5.94097e-05 8.02105e-05
5.90355e-05 8.04858e-05

5.86846e-05 8.07233e-05
5.90081e-05 8.04858e-05

5.94097e-05 8.01902e-05
5.99873e-05 7.97607e-05

6.23101e-05 7.80146e-05
6.19216e-05 7.83105e-05

6.30352e-05 7.74559e-05
6.28665e-05 7.75854e-05

6.23101e-05 7.8008e-05
6.28554e-05 7.75854e-05

6.01348e-05 7.96613e-05
6.08599e-05 7.91178e-05

6.1585e-05 7.85645e-05
6.09647e-05 7.90356e-05

6.08599e-05 7.91175e-05
6.09686e-05 7.90356e-05

6.1585e-05 7.85598e-05
6.19148e-05 7.83105e-05

6.59355e-05 7.51397e-05
6.55953e-05 7.54102e-05

6.73857e-05 7.39417e-05
6.73635e-05 7.396e-05

6.66606e-05 7.45429e-05
6.64855e-05 7.46851e-05

6.59355e-05 7.51431e-05
6.64974e-05 7.46851e-05

6.66606e-05 7.455e-05
6.73767e-05 7.396e-05

6.73857e-05 7.39518e-05
6.81108e-05 7.33488e-05

6.88359e-05 7.27406e-05
6.82464e-05 7.32349e-05

6.81108e-05 7.33501e-05
6.82495e-05 7.32349e-05

6.44854e-05 7.63053e-05
6.37847e-05 7.68604e-05

6.30352e-05 7.74486e-05
6.37603e-05 7.68802e-05

6.37603e-05 7.68799e-05
6.37852e-05 7.68604e-05

6.52104e-05 7.57254e-05
6.46975e-05 7.61353e-05

6.44854e-05 7.63051e-05
6.47011e-05 7.61353e-05

6.52104e-05 7.57265e-05
6.56083e-05 7.54102e-05

5.72344e-05 8.17886e-05
5.79595e-05 8.12637e-05

5.79595e-05 8.12508e-05
5.80144e-05 8.12109e-05

6.9561e-05 7.21276e-05
6.91052e-05 7.25098e-05

7.02861e-05 7.15056e-05
6.99565e-05 7.17847e-05

6.9561e-05 7.21281e-05
6.99705e-05 7.17847e-05

7.10112e-05 7.08758e-05
7.0798e-05 7.10596e-05

7.17363e-05 7.02379e-05
7.1626e-05 7.03345e-05

7.10112e-05 7.08841e-05
7.16403e-05 7.03345e-05

7.02861e-05 7.15101e-05
7.08107e-05 7.10596e-05

6.88359e-05 7.27427e-05
6.9115e-05 7.25098e-05

7.17363e-05 7.02493e-05
7.24596e-05 6.96094e-05

-1.2375e-05 0.000105204
-1.16499e-05 0.000105309

-1.16499e-05 0.000105309
-1.09248e-05 0.000105399

-1.09248e-05 0.0001054
-1.01997e-05 0.000105476

-1.01997e-05 0.000105477
-9.47461e-06 0.000105539

-9.47461e-06 0.000105539
-8.74951e-06 0.000105588

-8.74951e-06 0.000105587
-8.02441e-06 0.000105622

-8.02441e-06 0.000105621
-7.29932e-06 0.000105642

-7.29932e-06 0.000105642
-6.57422e-06 0.000105648

-6.57422e-06 0.000105648
-5.84912e-06 0.000105642

-5.84912e-06 0.000105641
-5.12402e-06 0.000105622

-5.12402e-06 0.000105622
-4.39893e-06 0.000105591

-4.39893e-06 0.000105591
-3.67383e-06 0.000105548

-3.67383e-06 0.000105548
-2.94873e-06 0.000105495

-2.94873e-06 0.000105494
-2.22363e-06 0.000105431

-2.22363e-06 0.000105431
-1.49854e-06 0.000105358

-1.49854e-06 0.000105358
-7.73437e-07 0.000105276

5.02734e-06 0.000104347
4.677e-06 0.000104414

5.02734e-06 0.000104347
5.75244e-06 0.000104202

5.75244e-06 0.000104202
6.47754e-06 0.000104052

6.47754e-06 0.000104052
7.20264e-06 0.000103896

7.20264e-06 0.000103895
7.92773e-06 0.000103734

8.65283e-06 0.000103568
8.12544e-06 0.000103689

7.92773e-06 0.000103734
8.12493e-06 0.000103689

8.65283e-06 0.000103568
9.37793e-06 0.000103397

9.37793e-06 0.000103397
1.0103e-05 0.000103222

1.0103e-05 0.000103222
1.08281e-05 0.000103043

-7.73437e-07 0.000105275
-4.83398e-08 0.000105185

6.76758e-07 0.000105088
2.9287e-07 0.000105139

-4.83398e-08 0.000105185
2.91553e-07 0.000105139

6.76758e-07 0.000105088
1.40186e-06 0.000104984

1.40186e-06 0.000104983
2.12695e-06 0.000104871

2.12695e-06 0.00010487
2.85205e-06 0.00010475

2.85205e-06 0.00010475
3.57715e-06 0.000104622

3.57715e-06 0.000104621
4.30225e-06 0.000104487

4.30225e-06 0.000104486
4.67551e-06 0.000104414

