0.000619937 0
0.000619939 7.25098e-07

0.000619939 7.25098e-07
0.000619944 1.4502e-06

0.000619944 1.4502e-06
0.000619952 2.17529e-06

0.000619952 2.17529e-06
0.000619963 2.90039e-06

0.000619963 2.90039e-06
0.000619977 3.62549e-06

0.000619977 3.62549e-06
0.000619994 4.35059e-06

0.000619994 4.35059e-06
0.000620013 5.07568e-06

0.000620013 5.07568e-06
0.000620036 5.80078e-06

0.000620036 5.80078e-06
0.00062006 6.52588e-06

0.00062006 6.52588e-06
0.000620086 7.25098e-06

0.000620087 7.25098e-06
0.000620113 7.97607e-06

0.000620113 7.97607e-06
0.000620139 8.70117e-06

0.000620139 8.70117e-06
0.000620166 9.42627e-06

0.000620166 9.42627e-06
0.000620192 1.01514e-05

0.000620192 1.01514e-05
0.000620218 1.08765e-05

0.000620218 1.08765e-05
0.000620244 1.16016e-05

0.000620244 1.16016e-05
0.00062027 1.23267e-05

0.00062027 1.23267e-05
0.000620296 1.30518e-05

0.000620296 1.30518e-05
0.000620322 1.37769e-05

0.000620322 1.37769e-05
0.000620348 1.4502e-05

0.000620348 1.4502e-05
0.000620375 1.52271e-05

0.000620375 1.52271e-05
0.000620401 1.59521e-05

0.000620401 1.59521e-05
0.000620428 1.66772e-05

0.000620428 1.66772e-05
0.000620455 1.74023e-05

0.000620455 1.74023e-05
0.000620483 1.81274e-05

0.000620483 1.81274e-05
0.00062051 1.88525e-05

0.00062051 1.88525e-05
0.000620538 1.95776e-05

0.000620538 1.95776e-05
0.000620566 2.03027e-05

0.000620566 2.03027e-05
0.000620595 2.10278e-05

0.000620595 2.10278e-05
0.000620624 2.17529e-05

0.000620624 2.17529e-05
0.000620635 2.20424e-05

0.000620635 2.20424e-05
0.000620653 2.2478e-05

0.000620653 2.2478e-05
0.000620682 2.32031e-05

0.00063006 0
0.000630062 7.21485e-07

0.000630059 1.4502e-06
0.000630062 1.86767e-06

0.000630068 0
0.000630069 7.25098e-07

0.000630069 7.25098e-07
0.000630072 1.4502e-06

0.000630073 1.4502e-06
0.000630077 2.17529e-06

0.000630077 2.17529e-06
0.000630082 2.90039e-06

0.000630058 2.90039e-06
0.000630062 3.22398e-06

0.000630058 4.35059e-06
0.000630062 4.60353e-06

0.000630082 2.90039e-06
0.000630088 3.62549e-06

0.000630088 3.62549e-06
0.000630096 4.35059e-06

0.000630096 4.35059e-06
0.000630106 5.07568e-06

0.000630106 5.07568e-06
0.000630116 5.80078e-06

0.000630061 5.80078e-06
0.000630062 5.85774e-06

0.000630061 7.25098e-06
0.000630062 7.29287e-06

0.000630115 5.80078e-06
0.000630127 6.52588e-06

0.000630127 6.52588e-06
0.00063014 7.25098e-06

0.000630139 7.25098e-06
0.000630153 7.97607e-06

0.000630154 7.97607e-06
0.000630169 8.70117e-06

0.000630168 8.70117e-06
0.000630184 9.42627e-06

0.000630185 9.42627e-06
0.000630202 1.01514e-05

0.000630202 1.01514e-05
0.00063022 1.08765e-05

0.000630221 1.08765e-05
0.00063024 1.16016e-05

0.00063024 1.16016e-05
0.00063026 1.23267e-05

0.000630261 1.23267e-05
0.000630282 1.30518e-05

0.000630281 1.30518e-05
0.000630303 1.37769e-05

0.000630304 1.37769e-05
0.000630327 1.4502e-05

0.000630326 1.4502e-05
0.00063035 1.52271e-05

0.000630351 1.52271e-05
0.000630376 1.59521e-05

0.000630375 1.59521e-05
0.000630401 1.66772e-05

0.000630401 1.66772e-05
0.000630428 1.74023e-05

0.000630428 1.74023e-05
0.000630455 1.81274e-05

0.000630456 1.81274e-05
0.000630484 1.88525e-05

0.000630483 1.88525e-05
0.000630512 1.95776e-05

0.000630513 1.95776e-05
0.000630542 2.03027e-05

0.000630542 2.03027e-05
0.000630572 2.10278e-05

0.000630572 2.10278e-05
0.000630603 2.17529e-05

0.000630603 2.17529e-05
0.000630635 2.2478e-05

0.000630635 2.2478e-05
0.000630668 2.32031e-05

0.000620682 2.32031e-05
0.000620712 2.39282e-05

0.000620712 2.39282e-05
0.000620743 2.46533e-05

0.000620743 2.46533e-05
0.000620774 2.53784e-05

0.000620774 2.53784e-05
0.000620805 2.61035e-05

0.000620805 2.61035e-05
0.000620837 2.68286e-05

0.000620837 2.68286e-05
0.000620869 2.75537e-05

0.000620869 2.75537e-05
0.000620903 2.82788e-05

0.000620903 2.82788e-05
0.000620936 2.90039e-05

0.000620936 2.90039e-05
0.000620971 2.9729e-05

0.000620971 2.9729e-05
0.000621006 3.04541e-05

0.000621006 3.04541e-05
0.000621041 3.11792e-05

0.000621041 3.11792e-05
0.000621078 3.19043e-05

0.000621078 3.19043e-05
0.000621115 3.26294e-05

0.000621115 3.26294e-05
0.000621153 3.33545e-05

0.000621153 3.33545e-05
0.000621192 3.40796e-05

0.000621192 3.40796e-05
0.000621232 3.48047e-05

0.000621231 3.48047e-05
0.000621272 3.55298e-05

0.000621272 3.55298e-05
0.000621313 3.62549e-05

0.000621313 3.62549e-05
0.000621356 3.698e-05

0.000621356 3.698e-05
0.00062136 3.70561e-05

0.00062136 3.7056e-05
0.000621399 3.77051e-05

0.000621399 3.77051e-05
0.000621444 3.84302e-05

0.000621444 3.84302e-05
0.000621489 3.91553e-05

0.000621489 3.91553e-05
0.000621536 3.98804e-05

0.000621536 3.98804e-05
0.000621584 4.06055e-05

0.000621584 4.06055e-05
0.000621633 4.13306e-05

0.000621633 4.13306e-05
0.000621684 4.20557e-05

0.000621684 4.20557e-05
0.000621736 4.27808e-05

0.000621736 4.27808e-05
0.000621789 4.35059e-05

0.000621789 4.35059e-05
0.000621844 4.4231e-05

0.000621844 4.4231e-05
0.000621901 4.49561e-05

0.000621901 4.49561e-05
0.000621959 4.56812e-05

0.000621959 4.56812e-05
0.000622019 4.64062e-05

0.000630668 2.32031e-05
0.000630702 2.39282e-05

0.000630702 2.39282e-05
0.000630737 2.46533e-05

0.000630737 2.46533e-05
0.000630773 2.53784e-05

0.000630773 2.53784e-05
0.000630787 2.56362e-05

0.000630787 2.56362e-05
0.000630811 2.61035e-05

0.00063081 2.61035e-05
0.000630848 2.68286e-05

0.000630849 2.68286e-05
0.000630888 2.75537e-05

0.000630888 2.75537e-05
0.000630929 2.82788e-05

0.000630929 2.82788e-05
0.000630972 2.90039e-05

0.000630972 2.90039e-05
0.000631016 2.9729e-05

0.000631016 2.9729e-05
0.000631062 3.04541e-05

0.000631062 3.04541e-05
0.000631109 3.11792e-05

0.00063111 3.11792e-05
0.000631159 3.19043e-05

0.000631158 3.19043e-05
0.000631209 3.26294e-05

0.000631209 3.26294e-05
0.000631261 3.33545e-05

0.000631261 3.33545e-05
0.000631315 3.40796e-05

0.000631315 3.40796e-05
0.00063137 3.48047e-05

0.00063137 3.48047e-05
0.000631427 3.55298e-05

0.000631428 3.55298e-05
0.000631487 3.62549e-05

0.000631486 3.62549e-05
0.000631512 3.65588e-05

0.000631512 3.65588e-05
0.000631547 3.698e-05

0.000631547 3.698e-05
0.00063161 3.77051e-05

0.00063161 3.77051e-05
0.000631674 3.84302e-05

0.000631674 3.84302e-05
0.000631741 3.91553e-05

0.00063174 3.91553e-05
0.000631809 3.98804e-05

0.000631809 3.98804e-05
0.000631879 4.06055e-05

0.000631879 4.06055e-05
0.000631952 4.13306e-05

0.000631952 4.13306e-05
0.000632027 4.20557e-05

0.000632027 4.20557e-05
0.000632104 4.27808e-05

0.000632105 4.27808e-05
0.000632185 4.35059e-05

0.000632185 4.35059e-05
0.000632237 4.39599e-05

0.000632237 4.39599e-05
0.000632268 4.4231e-05

0.000632268 4.4231e-05
0.000632355 4.49561e-05

0.000632354 4.49561e-05
0.000632444 4.56812e-05

0.000632444 4.56812e-05
0.000632536 4.64062e-05

0.000622019 4.64062e-05
0.000622081 4.71313e-05

0.000622081 4.71313e-05
0.000622085 4.71807e-05

0.000622085 4.71806e-05
0.000622145 4.78564e-05

0.000622145 4.78564e-05
0.000622211 4.85815e-05

0.000622211 4.85815e-05
0.00062228 4.93066e-05

0.00062228 4.93066e-05
0.00062235 5.00317e-05

0.00062235 5.00317e-05
0.000622423 5.07568e-05

0.000622423 5.07568e-05
0.000622499 5.14819e-05

0.000622499 5.14819e-05
0.000622577 5.2207e-05

0.000622577 5.2207e-05
0.000622658 5.29321e-05

0.000622658 5.29321e-05
0.000622742 5.36572e-05

0.000622742 5.36572e-05
0.000622811 5.42235e-05

0.000622811 5.42235e-05
0.00062283 5.43823e-05

0.00062283 5.43823e-05
0.00062292 5.51074e-05

0.00062292 5.51074e-05
0.000623015 5.58325e-05

0.000623014 5.58325e-05
0.000623112 5.65576e-05

0.000623112 5.65576e-05
0.000623214 5.72827e-05

0.000623214 5.72827e-05
0.00062332 5.80078e-05

0.00062332 5.80078e-05
0.00062343 5.87329e-05

0.000623429 5.87329e-05
0.000623536 5.94065e-05

0.000623536 5.94065e-05
0.000623544 5.9458e-05

0.000623544 5.9458e-05
0.000623663 6.01831e-05

0.000623663 6.01831e-05
0.000623787 6.09082e-05

0.000623787 6.09082e-05
0.000623916 6.16333e-05

0.000623916 6.16333e-05
0.00062405 6.23584e-05

0.00062405 6.23584e-05
0.00062419 6.30835e-05

0.00062419 6.30835e-05
0.000624261 6.34367e-05

0.000624261 6.34367e-05
0.000624335 6.38086e-05

0.000624335 6.38086e-05
0.000624487 6.45337e-05

0.000624487 6.45337e-05
0.000624645 6.52588e-05

0.000624645 6.52588e-05
0.000624809 6.59839e-05

0.000624809 6.59839e-05
0.000624979 6.6709e-05

0.000624979 6.6709e-05
0.000624986 6.67362e-05

0.000624986 6.67361e-05
0.000625157 6.74341e-05

0.000625157 6.74341e-05
0.000625341 6.81592e-05

0.000625341 6.81592e-05
0.000625533 6.88843e-05

0.000625533 6.88843e-05
0.000625711 6.95348e-05

0.000632536 4.64062e-05
0.000632632 4.71313e-05

0.000632632 4.71313e-05
0.00063273 4.78564e-05

0.00063273 4.78564e-05
0.000632832 4.85815e-05

0.000632832 4.85815e-05
0.000632936 4.93066e-05

0.000632934 4.93066e-05
0.000632962 4.94913e-05

0.000632962 4.94819e-05
0.000633043 5.00317e-05

0.000633044 5.00317e-05
0.000633154 5.07568e-05

0.000633154 5.07568e-05
0.000633267 5.14819e-05

0.000633268 5.14819e-05
0.000633385 5.2207e-05

0.000633384 5.2207e-05
0.000633504 5.29321e-05

0.000633504 5.29321e-05
0.000633627 5.36572e-05

0.000633626 5.36572e-05
0.000633687 5.40085e-05

0.000633687 5.40084e-05
0.000633752 5.43823e-05

0.000633752 5.43823e-05
0.000633881 5.51074e-05

0.000633881 5.51074e-05
0.000634012 5.58325e-05

0.000634013 5.58325e-05
0.000634148 5.65576e-05

0.000634147 5.65576e-05
0.000634285 5.72827e-05

0.000634285 5.72827e-05
0.000634412 5.79356e-05

0.000634412 5.79355e-05
0.000634426 5.80078e-05

0.000625711 6.95348e-05
0.000625731 6.96094e-05

0.000634426 5.80078e-05
0.00063457 5.87329e-05

0.00063457 5.87329e-05
0.000634717 5.9458e-05

0.000634717 5.9458e-05
0.000634867 6.01831e-05

0.000634867 6.01831e-05
0.000635021 6.09082e-05

0.00063502 6.09082e-05
0.000635137 6.14487e-05

0.000635137 6.14486e-05
0.000635177 6.16333e-05

0.000635177 6.16333e-05
0.000635337 6.23584e-05

0.000635337 6.23584e-05
0.0006355 6.30835e-05

0.0006355 6.30835e-05
0.000635667 6.38086e-05

0.000635667 6.38086e-05
0.000635836 6.45337e-05

0.000635836 6.45337e-05
0.000635862 6.46418e-05

0.000635862 6.46417e-05
0.00063601 6.52588e-05

0.000636009 6.52588e-05
0.000636187 6.59839e-05

0.000636188 6.59839e-05
0.00063637 6.6709e-05

0.000636369 6.6709e-05
0.000636554 6.74341e-05

0.000636554 6.74341e-05
0.000636587 6.75617e-05

0.000636587 6.75616e-05
0.000636743 6.81592e-05

0.000636743 6.81592e-05
0.000636937 6.88843e-05

0.000636938 6.88843e-05
0.000637136 6.96094e-05

0.000625731 6.96094e-05
0.000625938 7.03345e-05

0.000625938 7.03345e-05
0.000626152 7.10596e-05

0.000626152 7.10596e-05
0.000626373 7.17847e-05

0.000626372 7.17847e-05
0.000626436 7.19859e-05

0.000626436 7.19858e-05
0.000626602 7.25098e-05

0.000626602 7.25098e-05
0.000626839 7.32349e-05

0.000626839 7.32349e-05
0.000627083 7.396e-05

0.000627083 7.396e-05
0.000627161 7.41855e-05

0.000627161 7.41854e-05
0.000627335 7.46851e-05

0.000627335 7.46851e-05
0.000627595 7.54102e-05

0.000627595 7.54102e-05
0.000627863 7.61353e-05

0.000627863 7.61353e-05
0.000627886 7.61969e-05

0.000627886 7.61967e-05
0.000628139 7.68604e-05

0.000628139 7.68604e-05
0.000628422 7.75854e-05

0.000628422 7.75854e-05
0.000628611 7.80578e-05

0.000628611 7.80577e-05
0.000628713 7.83105e-05

0.000628713 7.83105e-05
0.000629012 7.90356e-05

0.000629012 7.90356e-05
0.000629318 7.97607e-05

0.000629317 7.97607e-05
0.000629336 7.98048e-05

0.000629336 7.98045e-05
0.000629631 8.04858e-05

0.000629631 8.04858e-05
0.000629952 8.12109e-05

0.000637135 6.96094e-05
0.000637312 7.02472e-05

0.000629952 8.12109e-05
0.000630062 8.14536e-05

0.000630062 8.14533e-05
0.00063028 8.1936e-05

0.00063028 8.1936e-05
0.000630615 8.26611e-05

0.000630615 8.26611e-05
0.000630787 8.3026e-05

0.000630787 8.30258e-05
0.000630956 8.33862e-05

0.000630957 8.33862e-05
0.000631305 8.41113e-05

0.000631305 8.41113e-05
0.000631512 8.4534e-05

0.000631512 8.45338e-05
0.00063166 8.48364e-05

0.00063166 8.48364e-05
0.000632021 8.55615e-05

0.000632021 8.55615e-05
0.000632237 8.59884e-05

0.000632237 8.59882e-05
0.000632388 8.62866e-05

0.000632388 8.62866e-05
0.000632761 8.70117e-05

0.00063276 8.70117e-05
0.000632962 8.73981e-05

0.000632962 8.73978e-05
0.000633139 8.77368e-05

0.000633139 8.77368e-05
0.000633522 8.84619e-05

0.000633522 8.84619e-05
0.000633687 8.87705e-05

0.000633687 8.87701e-05
0.00063391 8.9187e-05

0.00063391 8.9187e-05
0.000634303 8.99121e-05

0.000634303 8.99121e-05
0.000634412 9.01115e-05

0.000634412 9.0111e-05
0.0006347 9.06372e-05

0.000634701 9.06372e-05
0.000635102 9.13623e-05

0.000635102 9.13623e-05
0.000635137 9.14261e-05

0.000635137 9.14254e-05
0.000635507 9.20874e-05

0.000635507 9.20874e-05
0.000635862 9.2717e-05

0.000635862 9.2717e-05
0.000635916 9.28125e-05

0.000635916 9.28125e-05
0.000636328 9.35376e-05

0.000636328 9.35376e-05
0.000636587 9.39899e-05

0.000636587 9.39896e-05
0.000636744 9.42627e-05

0.000636744 9.42627e-05
0.000637162 9.49878e-05

0.000637162 9.49878e-05
0.000637312 9.52477e-05

0.000637312 7.02471e-05
0.000637337 7.03345e-05

0.000637337 7.03345e-05
0.000637543 7.10596e-05

0.000637543 7.10596e-05
0.000637754 7.17847e-05

0.000637754 7.17847e-05
0.000637969 7.25098e-05

0.000637969 7.25098e-05
0.000638038 7.27376e-05

0.000638038 7.27375e-05
0.000638188 7.32349e-05

0.000638188 7.32349e-05
0.000638412 7.396e-05

0.000638412 7.396e-05
0.00063864 7.46851e-05

0.00063864 7.46851e-05
0.000638763 7.50676e-05

0.000638763 7.50675e-05
0.000638873 7.54102e-05

0.000638872 7.54102e-05
0.000639109 7.61353e-05

0.000639109 7.61353e-05
0.00063935 7.68604e-05

0.00063935 7.68604e-05
0.000639488 7.72666e-05

0.000639488 7.72664e-05
0.000639596 7.75854e-05

0.000639597 7.75854e-05
0.000639847 7.83105e-05

0.000639847 7.83105e-05
0.000640101 7.90356e-05

0.000640101 7.90356e-05
0.000640213 7.93473e-05

0.000640213 7.93472e-05
0.000640361 7.97607e-05

0.000640361 7.97607e-05
0.000640625 8.04858e-05

0.000640625 8.04858e-05
0.000640893 8.12109e-05

0.000640893 8.12109e-05
0.000640938 8.13319e-05

0.000640938 8.13317e-05
0.000641165 8.1936e-05

0.000641165 8.1936e-05
0.000641442 8.26611e-05

0.000641441 8.26611e-05
0.000641663 8.32299e-05

0.000641663 8.32318e-05
0.000641723 8.33862e-05

0.000641723 8.33862e-05
0.000642008 8.41113e-05

0.000642008 8.41113e-05
0.000642298 8.48364e-05

0.000642298 8.48364e-05
0.000642388 8.50604e-05

0.000642388 8.50602e-05
0.000642591 8.55615e-05

0.000642591 8.55615e-05
0.000642889 8.62866e-05

0.000642889 8.62866e-05
0.000643113 8.6826e-05

0.000643113 8.68259e-05
0.000643191 8.70117e-05

0.00064319 8.70117e-05
0.000643496 8.77368e-05

0.000643496 8.77368e-05
0.000643805 8.84619e-05

0.000643805 8.84619e-05
0.000643838 8.85393e-05

0.000643838 8.8539e-05
0.000644118 8.9187e-05

0.000644118 8.9187e-05
0.000644435 8.99121e-05

0.000644435 8.99121e-05
0.000644563 9.02042e-05

0.000644563 9.02041e-05
0.000644755 9.06372e-05

0.000644755 9.06372e-05
0.000645078 9.13623e-05

0.000645078 9.13623e-05
0.000645289 9.18286e-05

0.000645289 9.18286e-05
0.000645405 9.20874e-05

0.000645405 9.20874e-05
0.000645736 9.28125e-05

0.000637312 9.52472e-05
0.000637583 9.57129e-05

0.000637583 9.57129e-05
0.000638006 9.6438e-05

0.000638006 9.6438e-05
0.000638038 9.64923e-05

0.000638038 9.64914e-05
0.000638432 9.71631e-05

0.000638432 9.71631e-05
0.000638763 9.77246e-05

0.000638763 9.77244e-05
0.000638859 9.78882e-05

0.000638859 9.78882e-05
0.000639288 9.86133e-05

0.000639288 9.86133e-05
0.000639488 9.89488e-05

0.000639488 9.89485e-05
0.00063972 9.93384e-05

0.00063972 9.93384e-05
0.000640152 0.000100063

0.000640152 0.000100063
0.000640213 0.000100166

0.000640213 0.000100165
0.000640586 0.000100789

0.000640586 0.000100789
0.000640938 0.000101376

0.000640938 0.000101376
0.00064102 0.000101514

0.000641021 0.000101514
0.000641457 0.000102239

0.000641456 0.000102239
0.000641663 0.000102582

0.000641663 0.000102581
0.000641893 0.000102964

0.000641894 0.000102964
0.000642331 0.000103689

0.000642331 0.000103689
0.000642388 0.000103785

0.000642388 0.000103784
0.000642769 0.000104414

0.000645736 9.28125e-05
0.000646014 9.34175e-05

0.000646014 9.34174e-05
0.000646069 9.35376e-05

0.000646069 9.35376e-05
0.000646405 9.42627e-05

0.000646405 9.42627e-05
0.000646739 9.49747e-05

0.000646739 9.49747e-05
0.000646745 9.49878e-05

0.000646745 9.49878e-05
0.000647087 9.57129e-05

0.000647087 9.57129e-05
0.000647432 9.6438e-05

0.000647432 9.6438e-05
0.000647464 9.65036e-05

0.000647464 9.65034e-05
0.00064778 9.71631e-05

0.00064778 9.71631e-05
0.000648131 9.78882e-05

0.000648131 9.78882e-05
0.000648189 9.80083e-05

0.000648189 9.80082e-05
0.000648483 9.86133e-05

0.000648483 9.86133e-05
0.000648838 9.93384e-05

0.000648838 9.93384e-05
0.000648914 9.94919e-05

0.000642769 0.000104414
0.000643113 0.000104982

0.000643113 0.000104982
0.000643208 0.000105139

0.000643208 0.000105139
0.000643648 0.000105864

0.000643647 0.000105864
0.000643838 0.000106179

0.000643838 0.000106179
0.000644087 0.000106589

0.000644087 0.000106589
0.000644527 0.000107314

0.000644528 0.000107314
0.000644563 0.000107375

0.000644563 0.000107374
0.000644968 0.00010804

0.000644968 0.00010804
0.000645289 0.000108568

0.000645289 0.000108568
0.000645408 0.000108765

0.000645408 0.000108765
0.000645848 0.00010949

0.000645848 0.00010949
0.000646014 0.000109763

0.000646014 0.000109762
0.000646289 0.000110215

0.000646289 0.000110215
0.000646729 0.00011094

0.000646729 0.00011094
0.000646739 0.000110956

0.000646739 0.000110956
0.000647169 0.000111665

0.000647169 0.000111665
0.000647464 0.000112151

0.000647464 0.000112151
0.000647609 0.00011239

0.000647609 0.00011239
0.000648049 0.000113115

0.000648049 0.000113115
0.000648189 0.000113346

0.000648189 0.000113346
0.000648489 0.00011384

0.000648489 0.00011384
0.000648914 0.000114542

0.000648914 9.94918e-05
0.000649196 0.000100063

0.000649196 0.000100063
0.000649555 0.000100789

0.000649555 0.000100789
0.000649639 0.000100957

0.000649639 0.000100957
0.000649917 0.000101514

0.000649917 0.000101514
0.00065028 0.000102239

0.00065028 0.000102239
0.000650364 0.000102406

0.000650364 0.000102406
0.000650645 0.000102964

0.000650645 0.000102964
0.000651012 0.000103689

0.000651012 0.000103689
0.000651089 0.000103841

0.000651089 0.000103841
0.00065138 0.000104414

0.00065138 0.000104414
0.00065175 0.000105139

0.00065175 0.000105139
0.000651814 0.000105264

0.000651814 0.000105264
0.000652122 0.000105864

0.000652122 0.000105864
0.000652494 0.000106589

0.000652494 0.000106589
0.00065254 0.000106677

0.00065254 0.000106677
0.000652868 0.000107314

0.000652868 0.000107314
0.000653243 0.00010804

0.000653243 0.00010804
0.000653265 0.000108081

0.000653265 0.000108081
0.000653619 0.000108765

0.000653619 0.000108765
0.00065399 0.000109477

0.00065399 0.000109477
0.000653996 0.00010949

0.000653996 0.00010949
0.000654374 0.000110215

0.000648914 0.000114542
0.000648928 0.000114565

0.000648928 0.000114565
0.000649368 0.000115291

0.000649367 0.000115291
0.000649639 0.000115739

0.000649639 0.000115739
0.000649807 0.000116016

0.000654374 0.000110215
0.000654715 0.000110867

0.000654715 0.000110867
0.000654753 0.00011094

0.000654753 0.00011094
0.000655132 0.000111665

0.000655132 0.000111665
0.00065544 0.000112252

0.00065544 0.000112252
0.000655512 0.00011239

0.000655512 0.00011239
0.000655893 0.000113115

0.000655893 0.000113115
0.000656165 0.000113633

0.000656165 0.000113633
0.000656274 0.00011384

0.000656274 0.00011384
0.000656656 0.000114565

0.000656656 0.000114565
0.00065689 0.00011501

0.00065689 0.00011501
0.000657038 0.000115291

0.000657038 0.000115291
0.00065742 0.000116016

0.000649807 0.000116016
0.000650246 0.000116741

0.000650245 0.000116741
0.000650364 0.000116938

0.000650364 0.000116937
0.000650684 0.000117466

0.000650684 0.000117466
0.000651089 0.000118137

0.000651089 0.000118137
0.000651121 0.000118191

0.000651122 0.000118191
0.000651559 0.000118916

0.000651559 0.000118916
0.000651814 0.000119341

0.000651814 0.000119341
0.000651995 0.000119641

0.000651995 0.000119641
0.000652431 0.000120366

0.000652431 0.000120366
0.00065254 0.000120548

0.00065254 0.000120547
0.000652866 0.000121091

0.000652866 0.000121091
0.000653265 0.000121756

0.000653265 0.000121756
0.0006533 0.000121816

0.000653301 0.000121816
0.000653734 0.000122542

0.000653734 0.000122542
0.00065399 0.00012297

0.00065399 0.00012297
0.000654167 0.000123267

0.000654167 0.000123267
0.000654599 0.000123992

0.000654598 0.000123992
0.000654715 0.000124188

0.00065742 0.000116016
0.000657615 0.000116384

0.000657615 0.000116384
0.000657803 0.000116741

0.000657803 0.000116741
0.000658186 0.000117466

0.000658186 0.000117466
0.00065834 0.000117757

0.00065834 0.000117757
0.00065857 0.000118191

0.00065857 0.000118191
0.000658953 0.000118916

0.000658953 0.000118916
0.000659065 0.000119128

0.000659065 0.000119128
0.000659337 0.000119641

0.000659337 0.000119641
0.000659721 0.000120366

0.000659721 0.000120366
0.000659791 0.000120497

0.000659791 0.000120497
0.000660105 0.000121091

0.000660105 0.000121091
0.000660489 0.000121816

0.000654715 0.000124188
0.000655029 0.000124717

0.000655029 0.000124717
0.00065544 0.000125409

0.00065544 0.000125409
0.000655459 0.000125442

0.000655459 0.000125442
0.000655888 0.000126167

0.000655888 0.000126167
0.000656165 0.000126635

0.000656165 0.000126635
0.000656317 0.000126892

0.000656317 0.000126892
0.000656744 0.000127617

0.000660489 0.000121816
0.000660516 0.000121866

0.000656744 0.000127617
0.00065689 0.000127866

0.00065689 0.000127866
0.00065717 0.000128342

0.00065717 0.000128342
0.000657595 0.000129067

0.000657595 0.000129067
0.000657615 0.000129102

0.000657615 0.000129101
0.00065802 0.000129792

0.00065802 0.000129792
0.00065834 0.000130342

0.00065834 0.000130341
0.000658443 0.000130518

0.000658443 0.000130518
0.000658866 0.000131243

0.000658865 0.000131243
0.000659065 0.000131587

0.000659065 0.000131587
0.000659287 0.000131968

0.000659287 0.000131968
0.000659708 0.000132693

0.000659707 0.000132693
0.000659791 0.000132837

0.000659791 0.000132836
0.000660127 0.000133418

0.000660127 0.000133418
0.000660516 0.000134091

0.000660516 0.000121866
0.000660873 0.000122542

0.000660873 0.000122542
0.000661241 0.000123235

0.000661241 0.000123235
0.000661257 0.000123267

0.000661257 0.000123267
0.000661641 0.000123992

0.000661641 0.000123992
0.000661966 0.000124604

0.000661966 0.000124604
0.000662025 0.000124717

0.000662025 0.000124717
0.000662409 0.000125442

0.000662409 0.000125442
0.000662691 0.000125974

0.000662691 0.000125974
0.000662793 0.000126167

0.000662793 0.000126167
0.000663177 0.000126892

0.000663177 0.000126892
0.000663416 0.000127344

0.000663416 0.000127344
0.00066356 0.000127617

0.00066356 0.000127617
0.000663944 0.000128342

0.000663944 0.000128342
0.000664141 0.000128716

0.000664141 0.000128716
0.000664327 0.000129067

0.000664327 0.000129067
0.00066471 0.000129792

0.00066471 0.000129792
0.000664866 0.000130089

0.000664866 0.000130089
0.000665092 0.000130518

0.000665092 0.000130518
0.000665475 0.000131243

0.000665475 0.000131243
0.000665591 0.000131464

0.000665591 0.000131464
0.000665857 0.000131968

0.000665857 0.000131968
0.000666239 0.000132693

0.000666239 0.000132693
0.000666316 0.000132841

0.000660516 0.000134091
0.000660545 0.000134143

0.000660545 0.000134143
0.000660963 0.000134868

0.000660963 0.000134868
0.000661241 0.000135351

0.000661241 0.000135351
0.00066138 0.000135593

0.00066138 0.000135593
0.000661795 0.000136318

0.000661795 0.000136318
0.000661966 0.000136617

0.000661966 0.000136616
0.00066221 0.000137043

0.00066221 0.000137043
0.000662624 0.000137769

0.000662624 0.000137769
0.000662691 0.000137887

0.000662691 0.000137886
0.000663037 0.000138494

0.000663037 0.000138494
0.000663416 0.000139161

0.000663416 0.000139161
0.000663449 0.000139219

0.000666316 0.000132841
0.00066662 0.000133418

0.00066662 0.000133418
0.000667001 0.000134143

0.000667001 0.000134143
0.000667042 0.00013422

0.000667042 0.00013422
0.000667382 0.000134868

0.000667382 0.000134868
0.000667763 0.000135593

0.000667763 0.000135593
0.000667767 0.000135601

0.000667767 0.000135601
0.000668143 0.000136318

0.000668143 0.000136318
0.000668492 0.000136984

0.000668492 0.000136984
0.000668523 0.000137043

0.000668523 0.000137043
0.000668902 0.000137769

0.000668902 0.000137769
0.000669217 0.00013837

0.000669217 0.00013837
0.000669282 0.000138494

0.000669281 0.000138494
0.00066966 0.000139219

0.000663449 0.000139219
0.00066386 0.000139944

0.00066386 0.000139944
0.000664141 0.000140441

0.000664141 0.000140441
0.00066427 0.000140669

0.00066427 0.000140669
0.000664679 0.000141394

0.000664679 0.000141394
0.000664866 0.000141726

0.000664866 0.000141726
0.000665087 0.000142119

0.000665088 0.000142119
0.000665495 0.000142844

0.000665495 0.000142844
0.000665591 0.000143016

0.000665591 0.000143016
0.000665902 0.000143569

0.000665902 0.000143569
0.000666308 0.000144294

0.000666308 0.000144294
0.000666316 0.000144311

0.000666316 0.00014431
0.000666713 0.00014502

0.00066966 0.000139219
0.000669942 0.000139758

0.000669942 0.000139758
0.000670039 0.000139944

0.000670039 0.000139944
0.000670417 0.000140669

0.000670417 0.000140669
0.000670667 0.000141149

0.000670667 0.000141149
0.000670795 0.000141394

0.000670795 0.000141394
0.000671172 0.000142119

0.000671172 0.000142119
0.000671392 0.000142542

0.000671392 0.000142541
0.00067155 0.000142844

0.00067155 0.000142844
0.000671926 0.000143569

0.000671926 0.000143569
0.000672117 0.000143937

0.000666713 0.00014502
0.000667042 0.000145609

0.000667042 0.000145609
0.000667117 0.000145745

0.000667117 0.000145745
0.000667521 0.00014647

0.000667521 0.00014647
0.000667767 0.000146912

0.000667767 0.000146912
0.000667924 0.000147195

0.000667924 0.000147195
0.000668326 0.00014792

0.000668326 0.00014792
0.000668492 0.00014822

0.000668492 0.00014822
0.000668727 0.000148645

0.000668727 0.000148645
0.000669128 0.00014937

0.000669128 0.00014937
0.000669217 0.000149532

0.000669217 0.000149531
0.000669528 0.000150095

0.000669528 0.000150095
0.000669928 0.00015082

0.000669927 0.00015082
0.000669942 0.000150847

0.000669942 0.000150846
0.000670327 0.000151545

0.000670327 0.000151545
0.000670667 0.000152165

0.000670667 0.000152165
0.000670725 0.000152271

0.000670725 0.000152271
0.000671123 0.000152996

0.000671123 0.000152996
0.000671392 0.000153487

0.000671392 0.000153487
0.00067152 0.000153721

0.00067152 0.000153721
0.000671917 0.000154446

0.000671917 0.000154446
0.000672117 0.000154811

0.000672117 0.000143937
0.000672303 0.000144294

0.000672303 0.000144294
0.000672679 0.00014502

0.000672679 0.00014502
0.000672842 0.000145334

0.000672842 0.000145334
0.000673055 0.000145745

0.000673055 0.000145745
0.000673431 0.00014647

0.000673431 0.00014647
0.000673567 0.000146732

0.000673567 0.000146732
0.000673807 0.000147195

0.000673807 0.000147195
0.000674182 0.00014792

0.000674182 0.00014792
0.000674292 0.000148133

0.000674292 0.000148133
0.000674557 0.000148645

0.000674557 0.000148645
0.000674932 0.00014937

0.000674932 0.00014937
0.000675018 0.000149535

0.000675018 0.000149535
0.000675307 0.000150095

0.000675307 0.000150095
0.000675682 0.00015082

0.000672117 0.000154811
0.000672314 0.000155171

0.000672314 0.000155171
0.00067271 0.000155896

0.00067271 0.000155896
0.000672842 0.000156138

0.000672842 0.000156138
0.000673106 0.000156621

0.000675682 0.00015082
0.000675743 0.000150938

0.000675743 0.000150938
0.000676057 0.000151545

0.000676057 0.000151545
0.000676431 0.000152271

0.000676431 0.000152271
0.000676468 0.000152342

0.000676468 0.000152342
0.000676805 0.000152996

0.000676805 0.000152996
0.00067718 0.000153721

0.00067718 0.000153721
0.000677193 0.000153746

0.000677193 0.000153746
0.000677554 0.000154446

0.000677554 0.000154446
0.000677918 0.000155151

0.000673106 0.000156621
0.000673501 0.000157346

0.000673501 0.000157346
0.000673567 0.000157468

0.000673567 0.000157467
0.000673896 0.000158071

0.000673897 0.000158071
0.000674292 0.000158796

0.000674291 0.000158796
0.000674292 0.000158799

0.000674292 0.000158798
0.000674686 0.000159521

0.000674686 0.000159521
0.000675018 0.000160131

0.000675018 0.000160131
0.000675081 0.000160247

0.000675081 0.000160247
0.000675475 0.000160972

0.000675475 0.000160972
0.000675743 0.000161464

0.000675743 0.000161464
0.000675869 0.000161697

0.00067587 0.000161697
0.000676264 0.000162422

0.000677918 0.000155151
0.000677928 0.000155171

0.000677928 0.000155171
0.000678303 0.000155896

0.000678303 0.000155896
0.000678643 0.000156555

0.000678643 0.000156555
0.000678677 0.000156621

0.000678677 0.000156621
0.000679052 0.000157346

0.000679052 0.000157346
0.000679368 0.000157959

0.000679368 0.000157959
0.000679426 0.000158071

0.000679426 0.000158071
0.000679801 0.000158796

0.000679801 0.000158796
0.000680093 0.000159362

0.000680093 0.000159362
0.000680176 0.000159521

0.000680176 0.000159521
0.000680551 0.000160247

0.000680551 0.000160247
0.000680818 0.000160763

0.000680818 0.000160763
0.000680926 0.000160972

0.000680926 0.000160972
0.000681302 0.000161697

0.000681302 0.000161697
0.000681543 0.000162163

0.000681543 0.000162163
0.000681678 0.000162422

0.000676264 0.000162422
0.000676468 0.000162797

0.000676468 0.000162797
0.000676658 0.000163147

0.000676658 0.000163147
0.000677052 0.000163872

0.000677052 0.000163872
0.000677193 0.000164131

0.000677193 0.000164131
0.000677446 0.000164597

0.000677447 0.000164597
0.000677841 0.000165322

0.000677841 0.000165322
0.000677918 0.000165464

0.000677918 0.000165464
0.000678235 0.000166047

0.000678235 0.000166047
0.00067863 0.000166772

0.00067863 0.000166772
0.000678643 0.000166796

0.000678643 0.000166796
0.000679025 0.000167498

0.000679025 0.000167498
0.000679368 0.000168126

0.000679368 0.000168126
0.000679421 0.000168223

0.000681678 0.000162422
0.000682054 0.000163147

0.000682054 0.000163147
0.000682269 0.00016356

0.000682269 0.00016356
0.000682431 0.000163872

0.000682431 0.000163872
0.000682808 0.000164597

0.000682808 0.000164597
0.000682994 0.000164955

0.000682994 0.000164954
0.000683185 0.000165322

0.000683185 0.000165322
0.000683563 0.000166047

0.000683563 0.000166047
0.000683719 0.000166346

0.000679421 0.000168223
0.000679816 0.000168948

0.000679816 0.000168948
0.000680093 0.000169455

0.000680093 0.000169454
0.000680213 0.000169673

0.000680213 0.000169673
0.000680609 0.000170398

0.000680609 0.000170398
0.000680818 0.00017078

0.000680818 0.00017078
0.000681006 0.000171123

0.000681006 0.000171123
0.000681404 0.000171848

0.000681404 0.000171848
0.000681543 0.000172102

0.000681543 0.000172102
0.000681802 0.000172573

0.000681802 0.000172573
0.000682202 0.000173298

0.000682201 0.000173298
0.000682269 0.000173421

0.000682269 0.00017342
0.000682601 0.000174023

0.000682601 0.000174023
0.000682994 0.000174734

0.000682994 0.000174734
0.000683002 0.000174749

0.000683002 0.000174749
0.000683403 0.000175474

0.000683403 0.000175474
0.000683719 0.000176042

0.000683719 0.000166346
0.000683941 0.000166772

0.000683941 0.000166772
0.00068432 0.000167498

0.00068432 0.000167498
0.000684444 0.000167733

0.000684444 0.000167733
0.0006847 0.000168223

0.0006847 0.000168223
0.00068508 0.000168948

0.00068508 0.000168948
0.000685169 0.000169116

0.000685169 0.000169116
0.000685461 0.000169673

0.000685461 0.000169673
0.000685843 0.000170398

0.000685843 0.000170398
0.000685894 0.000170495

0.000685894 0.000170495
0.000686225 0.000171123

0.000686225 0.000171123
0.000686609 0.000171848

0.000686609 0.000171848
0.000686619 0.000171868

0.000686619 0.000171868
0.000686993 0.000172573

0.000686993 0.000172573
0.000687344 0.000173235

0.000687344 0.000173235
0.000687378 0.000173298

0.000687378 0.000173298
0.000687764 0.000174023

0.000683719 0.000176042
0.000683806 0.000176199

0.000683806 0.000176199
0.000684209 0.000176924

0.000684209 0.000176924
0.000684444 0.000177345

0.000684444 0.000177345
0.000684613 0.000177649

0.000684614 0.000177649
0.000685019 0.000178374

0.000685019 0.000178374
0.000685169 0.000178642

0.000685169 0.000178642
0.000685426 0.000179099

0.000685426 0.000179099
0.000685834 0.000179824

0.000687764 0.000174023
0.000688069 0.000174596

0.000688069 0.000174596
0.000688151 0.000174749

0.000688151 0.000174749
0.000688539 0.000175474

0.000688539 0.000175474
0.000688794 0.00017595

0.000688794 0.00017595
0.000688928 0.000176199

0.000688928 0.000176199
0.000689318 0.000176924

0.000689318 0.000176924
0.00068952 0.000177296

0.000685833 0.000179824
0.000685894 0.000179932

0.000685894 0.000179931
0.000686243 0.000180549

0.000686243 0.000180549
0.000686619 0.000181214

0.000686619 0.000181213
0.000686654 0.000181274

0.000686654 0.000181274
0.000687066 0.000182

0.000687066 0.000182
0.000687344 0.000182488

0.000687344 0.000182488
0.000687479 0.000182725

0.00068748 0.000182725
0.000687895 0.00018345

0.000687895 0.00018345
0.000688069 0.000183754

0.000688069 0.000183753
0.000688312 0.000184175

0.000688312 0.000184175
0.000688731 0.0001849

0.00068873 0.0001849
0.000688794 0.000185011

0.000688794 0.00018501
0.000689151 0.000185625

0.00068952 0.000177296
0.00068971 0.000177649

0.00068971 0.000177649
0.000690103 0.000178374

0.000690103 0.000178374
0.000690245 0.000178634

0.000690245 0.000178634
0.000690497 0.000179099

0.000690497 0.000179099
0.000690893 0.000179824

0.000690893 0.000179824
0.00069097 0.000179964

0.00069097 0.000179964
0.000691291 0.000180549

0.000691291 0.000180549
0.00069169 0.000181274

0.00069169 0.000181274
0.000691695 0.000181284

0.000691695 0.000181284
0.00069209 0.000182

0.00069209 0.000182
0.00069242 0.000182593

0.00069242 0.000182593
0.000692493 0.000182725

0.000692493 0.000182725
0.000692897 0.00018345

0.000692897 0.00018345
0.000693145 0.000183892

0.000693145 0.000183892
0.000693303 0.000184175

0.000693303 0.000184175
0.000693712 0.0001849

0.000693712 0.0001849
0.00069387 0.00018518

0.00069387 0.00018518
0.000694122 0.000185625

0.000689151 0.000185625
0.00068952 0.000186256

0.00068952 0.000186256
0.000689574 0.00018635

0.000689574 0.00018635
0.000689999 0.000187075

0.000689999 0.000187075
0.000690245 0.000187492

0.000690245 0.000187492
0.000690426 0.0001878

0.000690426 0.0001878
0.000690855 0.000188525

0.000690855 0.000188525
0.00069097 0.000188718

0.00069097 0.000188718
0.000691287 0.00018925

0.000691287 0.00018925
0.000691695 0.000189931

0.000691695 0.000189931
0.000691721 0.000189976

0.000691721 0.000189976
0.000692158 0.000190701

0.000692158 0.000190701
0.00069242 0.000191133

0.000694122 0.000185625
0.000694535 0.00018635

0.000694535 0.00018635
0.000694595 0.000186456

0.000694595 0.000186456
0.00069495 0.000187075

0.00069495 0.000187075
0.00069532 0.000187718

0.00069242 0.000191133
0.000692597 0.000191426

0.000692597 0.000191426
0.00069304 0.000192151

0.00069304 0.000192151
0.000693145 0.000192323

0.000693145 0.000192323
0.000693485 0.000192876

0.000693485 0.000192876
0.00069387 0.000193499

0.00069387 0.000193498
0.000693933 0.000193601

0.000693933 0.000193601
0.000694385 0.000194326

0.000694385 0.000194326
0.000694595 0.000194662

0.000694595 0.000194662
0.00069484 0.000195051

0.00069484 0.000195051
0.000695298 0.000195776

0.000695298 0.000195776
0.00069532 0.000195812

0.00069532 0.000187718
0.000695367 0.0001878

0.000695367 0.0001878
0.000695787 0.000188525

0.000695787 0.000188525
0.000696045 0.000188968

0.000696045 0.000188968
0.00069621 0.00018925

0.00069621 0.00018925
0.000696636 0.000189976

0.000696636 0.000189976
0.000696771 0.000190204

0.000696771 0.000190204
0.000697064 0.000190701

0.000697064 0.000190701
0.000697495 0.000191426

0.000697496 0.000191426
0.00069793 0.000192151

0.00069793 0.000192151
0.000698221 0.000192632

0.00069532 0.000195812
0.00069576 0.000196501

0.00069576 0.000196501
0.000696045 0.000196946

0.000696045 0.000196946
0.000696225 0.000197227

0.000698221 0.000192632
0.000698368 0.000192876

0.000698368 0.000192876
0.000698809 0.000193601

0.000698809 0.000193601
0.000698946 0.000193824

0.000698946 0.000193824
0.000699254 0.000194326

0.000699254 0.000194326
0.000699671 0.000195

0.000699671 0.000194999
0.000699702 0.000195051

0.000699703 0.000195051
0.000700155 0.000195776

0.000700155 0.000195776
0.000700396 0.000196159

0.000700396 0.000196159
0.000700612 0.000196501

0.000700612 0.000196501
0.000701073 0.000197227

0.000696226 0.000197227
0.000696695 0.000197952

0.000696696 0.000197952
0.000696771 0.000198069

0.000696771 0.000198067
0.000697169 0.000198677

0.000697169 0.000198677
0.000697496 0.000199173

0.000697496 0.000199172
0.000697646 0.000199402

0.000697647 0.000199402
0.000698129 0.000200127

0.00069813 0.000200127
0.000698221 0.000200265

0.000701074 0.000197227
0.000701121 0.000197303

0.000698221 0.000200264
0.000698616 0.000200852

0.000698616 0.000200852
0.000698946 0.000201338

0.000698946 0.000201337
0.000699107 0.000201577

0.000699108 0.000201577
0.000699605 0.000202302

0.000699606 0.000202302
0.000699671 0.000202398

0.000699671 0.000202398
0.000700106 0.000203027

0.000700106 0.000203027
0.000700396 0.000203441

0.000700396 0.00020344
0.000700614 0.000203752

0.000700614 0.000203752
0.000701121 0.000204469

0.000701121 0.000197302
0.000701538 0.000197952

0.000701538 0.000197952
0.000701846 0.000198428

0.000701846 0.000198427
0.000702008 0.000198677

0.000702008 0.000198677
0.000702482 0.000199402

0.000702484 0.000199402
0.000702571 0.000199537

0.000702571 0.000199536
0.000702962 0.000200127

0.000702962 0.000200127
0.000703296 0.000200626

0.000703296 0.000200625
0.000703447 0.000200852

0.000703447 0.000200852
0.000703938 0.000201577

0.00070394 0.000201577
0.000704021 0.0002017

0.000704021 0.0002017
0.000704434 0.000202302

0.000704434 0.000202302
0.000704747 0.000202753

0.000704747 0.000202752
0.000704936 0.000203027

0.000701121 0.000204469
0.000701127 0.000204478

0.000701127 0.000204478
0.000701646 0.000205203

0.000701648 0.000205203
0.000701846 0.000205481

0.000701846 0.000205479
0.000702171 0.000205928

0.000702171 0.000205928
0.000702571 0.000206473

0.000702571 0.000206472
0.000702702 0.000206653

0.000702703 0.000206653
0.000703241 0.000207378

0.000703243 0.000207378
0.000703296 0.00020745

0.000703296 0.000207451
0.000703787 0.000208103

0.000703789 0.000208103
0.000704021 0.000208414

0.000704937 0.000203027
0.000705445 0.000203752

0.000705447 0.000203752
0.000705472 0.000203788

0.000705472 0.00020379
0.00070596 0.000204478

0.000705961 0.000204478
0.000706197 0.000204807

0.000706197 0.000204806
0.000706482 0.000205203

0.000706482 0.000205203
0.000706922 0.000205805

0.000704021 0.000208411
0.000704339 0.000208828

0.00070434 0.000208828
0.000704747 0.000209354

0.000704747 0.000209353
0.0007049 0.000209553

0.0007049 0.000209553
0.000705469 0.000210278

0.000705471 0.000210278
0.000705472 0.00021028

0.000705472 0.000210282
0.000706046 0.000211003

0.000706048 0.000211003
0.000706197 0.00021119

0.000706197 0.000211191
0.000706631 0.000211729

0.000706635 0.000211729
0.000706922 0.000212085

0.000706922 0.000205804
0.000707011 0.000205928

0.000707011 0.000205928
0.000707548 0.000206653

0.00070755 0.000206653
0.000707647 0.000206784

0.000707647 0.000206785
0.000708093 0.000207378

0.000708094 0.000207378
0.000708372 0.000207746

0.000708372 0.000207743
0.000708645 0.000208103

0.000708646 0.000208103
0.000709097 0.000208686

0.000709097 0.000208686
0.000709207 0.000208828

0.000709207 0.000208828
0.000709778 0.000209553

0.00070978 0.000209553
0.000709822 0.000209607

0.000706922 0.00021208
0.000707224 0.000212454

0.000707228 0.000212454
0.000707647 0.000212958

0.000707647 0.000212957
0.000707831 0.000213179

0.000707832 0.000213179
0.000708372 0.000213816

0.000708372 0.000213816
0.000708447 0.000213904

0.000708447 0.000213904
0.000709073 0.000214629

0.000709822 0.000209609
0.000710358 0.000210278

0.00071036 0.000210278
0.000710547 0.000210512

0.000710547 0.000210512
0.000710947 0.000211003

0.000710951 0.000211003
0.000711272 0.000211398

0.000711272 0.000211394
0.000711547 0.000211729

0.000711549 0.000211729
0.000711998 0.000212261

0.000711998 0.000212261
0.00071216 0.000212454

0.00071216 0.000212454
0.000712723 0.000213108

0.000709074 0.000214629
0.000709097 0.000214655

0.000709097 0.000214657
0.000709709 0.000215354

0.000709712 0.000215354
0.000709822 0.000215479

0.000709822 0.00021548
0.000710358 0.000216079

0.000710361 0.000216079
0.000710547 0.000216286

0.000710547 0.000216285
0.000711017 0.000216804

0.000711022 0.000216804
0.000711272 0.000217076

0.000711272 0.000217075
0.000711692 0.000217529

0.000711697 0.000217529
0.000711998 0.000217849

0.000711998 0.000217849
0.000712382 0.000218254

0.000712385 0.000218254
0.000712723 0.000218605

0.000712723 0.000213109
0.000712783 0.000213179

0.000712783 0.000213179
0.000713418 0.000213904

0.000713421 0.000213904
0.000713448 0.000213935

0.000713448 0.000213937
0.000714066 0.000214629

0.000714069 0.000214629
0.000714173 0.000214744

0.000714173 0.000214746
0.000714727 0.000215354

0.00071473 0.000215354
0.000714898 0.000215536

0.000714898 0.000215536
0.000715402 0.000216079

0.000715406 0.000216079
0.000715623 0.000216309

0.000712723 0.000218606
0.000713086 0.000218979

0.000713088 0.000218979
0.000713448 0.000219345

0.000713448 0.000219346
0.000713806 0.000219705

0.000713807 0.000219705
0.000714173 0.000220067

0.000714173 0.000220068
0.000714543 0.00022043

0.000715623 0.000216309
0.000716093 0.000216804

0.000716097 0.000216804
0.000716348 0.000217065

0.000716348 0.000217066
0.0007168 0.000217529

0.000716803 0.000217529
0.000717073 0.000217803

0.000717073 0.000217804
0.000717525 0.000218254

0.000717525 0.000218254
0.000717798 0.000218523

0.000717798 0.000218525
0.000718267 0.000218979

0.000718267 0.000218979
0.000718523 0.000219226

0.000714542 0.00022043
0.000714898 0.000220773

0.000714898 0.000220775
0.000715297 0.000221155

0.000715296 0.000221155
0.000715623 0.000221463

0.000715623 0.000221466
0.00071607 0.00022188

0.000716068 0.00022188
0.000716348 0.000222138

0.000716348 0.000222141
0.000716863 0.000222605

0.00071686 0.000222605
0.000717073 0.000222797

0.000717073 0.000222798
0.000717673 0.00022333

0.000717673 0.00022333
0.000717798 0.00022344

0.000717798 0.000223441
0.000718507 0.000224055

0.000718508 0.000224055
0.000718523 0.000224068

0.000718523 0.000219229
0.000719029 0.000219705

0.000719027 0.000219705
0.000719249 0.000219912

0.000719249 0.000219915
0.000719808 0.00022043

0.000719807 0.00022043
0.000719974 0.000220582

0.000719974 0.000220583
0.000720608 0.000221155

0.000720608 0.000221155
0.000720699 0.000221236

0.000720699 0.000221236
0.000721424 0.000221874

0.000718523 0.000224069
0.000719249 0.000224682

0.000719249 0.000224682
0.000719367 0.00022478

0.000719368 0.00022478
0.000719974 0.00022528

0.000719974 0.000225282
0.000720254 0.000225505

0.000720253 0.000225505
0.000720699 0.000225862

0.000720699 0.000225864
0.000721166 0.00022623

0.000721424 0.000221873
0.000721431 0.00022188

0.000721431 0.00022188
0.000722149 0.000222495

0.000722149 0.000222495
0.000722279 0.000222605

0.00072228 0.000222605
0.000722874 0.000223101

0.000722874 0.000223103
0.000723155 0.00022333

0.000723153 0.00022333
0.000723599 0.000223691

0.000723599 0.000223694
0.000724055 0.000224055

0.000724053 0.000224055
0.000724324 0.000224266

0.000721164 0.00022623
0.000721424 0.00022643

0.000721424 0.000226433
0.000722107 0.000226956

0.000722108 0.000226956
0.000722149 0.000226986

0.000722149 0.000226987
0.000722874 0.000227528

0.000722874 0.00022753
0.000723085 0.000227681

0.000723085 0.000227681
0.000723599 0.000228055

0.000723599 0.000228056
0.000724093 0.000228406

0.000724093 0.000228406
0.000724324 0.000228566

0.000724324 0.000224269
0.000724984 0.00022478

0.000724985 0.00022478
0.000725049 0.000224829

0.000725049 0.00022483
0.000725774 0.000225377

0.000725774 0.000225379
0.000725949 0.000225505

0.000725948 0.000225505
0.0007265 0.000225911

0.0007265 0.000225912
0.000726944 0.00022623

0.000724324 0.000228569
0.000725049 0.000229069

0.000725049 0.00022907
0.000725141 0.000229131

0.000726944 0.00022623
0.000727225 0.000226429

0.000725142 0.000229131
0.000725774 0.000229556

0.000725774 0.000229557
0.000726231 0.000229856

0.000726233 0.000229856
0.0007265 0.00023003

0.0007265 0.000230032
0.000727225 0.000230494

0.000727225 0.000226431
0.00072795 0.000226938

0.00072795 0.000226938
0.000727976 0.000226956

0.000727977 0.000226956
0.000728675 0.000227431

0.000728675 0.000227431
0.000729051 0.000227681

0.000729053 0.000227681
0.0007294 0.000227911

0.0007294 0.000227912
0.000730125 0.00022838

0.000727225 0.000230494
0.000727365 0.000230581

0.000727366 0.000230581
0.00072795 0.000230943

0.00072795 0.000230944
0.000728548 0.000231306

0.000728551 0.000231306
0.000728675 0.00023138

0.000728675 0.000231382
0.0007294 0.000231809

0.0007294 0.000231809
0.000729787 0.000232031

0.00072979 0.000232031
0.000730125 0.000232223

0.000730125 0.000228381
0.000730166 0.000228406

0.000730166 0.000228406
0.00073085 0.000228837

0.00073085 0.000228837
0.000731328 0.000229131

0.00073133 0.000229131
0.000731575 0.000229281

0.000731575 0.000229282
0.0007323 0.000229716

0.0007323 0.000229717
0.000732539 0.000229856

0.00073254 0.000229856
0.000733025 0.00023014

0.000733025 0.00023014
0.00073375 0.000230554

0.00073375 0.000230554
0.0007338 0.000230581

0.000733801 0.000230581
0.000734476 0.000230957

0.000734476 0.000230958
0.000735114 0.000231306

0.000735117 0.000231306
0.000735201 0.000231352

0.000735201 0.000231353
0.000735926 0.00023174

0.000735926 0.000231741
0.000736479 0.000232031

0.000730125 0.000232224
0.00073085 0.000232629

0.00073085 0.000232629
0.000731084 0.000232756

0.000731086 0.000232756
0.000731575 0.000233022

0.000731575 0.000233023
0.0007323 0.000233407

0.0007323 0.000233407
0.000732445 0.000233481

0.000732446 0.000233481
0.000733025 0.00023378

0.000733025 0.000233781
0.00073375 0.000234146

0.00073375 0.000234146
0.000733873 0.000234207

0.000733875 0.000234207
0.000734476 0.000234502

0.000734476 0.000234503
0.000735201 0.000234852

0.000735201 0.000234852
0.000735368 0.000234932

0.00073537 0.000234932
0.000735926 0.000235195

0.000736481 0.000232031
0.000736651 0.000232121

0.000736651 0.000232121
0.000737376 0.000232496

0.000737376 0.000232496
0.000737886 0.000232756

0.000737887 0.000232756
0.000738101 0.000232866

0.000738101 0.000232866
0.000738826 0.000233233

0.000735926 0.000235195
0.000736651 0.000235532

0.000736651 0.000235532
0.000736921 0.000235657

0.000736922 0.000235657
0.000737376 0.000235865

0.000737376 0.000235865
0.000738101 0.000236196

0.000738101 0.000236196
0.000738511 0.000236382

0.000738511 0.000236382
0.000738826 0.000236525

0.000738826 0.000233233
0.000739318 0.000233481

0.000739318 0.000233481
0.000739551 0.000233599

0.000739551 0.000233599
0.000740276 0.000233966

0.000740276 0.000233965
0.000740749 0.000234207

0.000740749 0.000234207
0.000741001 0.000234336

0.000741001 0.000234335
0.000741727 0.00023471

0.000738826 0.000236525
0.000739551 0.000236855

0.000739551 0.000236855
0.000740098 0.000237107

0.000740097 0.000237107
0.000740276 0.00023719

0.000740276 0.000237188
0.000741001 0.000237529

0.000741001 0.000237528
0.000741633 0.000237832

0.000741629 0.000237832
0.000741727 0.000237879

0.000741727 0.000234709
0.000742147 0.000234932

0.000742146 0.000234932
0.000742452 0.000235094

0.000742452 0.000235092
0.000743177 0.000235487

0.000743177 0.000235486
0.000743479 0.000235657

0.000743477 0.000235657
0.000743902 0.000235897

0.000743902 0.000235894
0.000744627 0.000236323

0.000744627 0.000236323
0.000744724 0.000236382

0.000744722 0.000236382
0.000745352 0.000236774

0.000745352 0.000236771
0.000745861 0.000237107

0.000745854 0.000237107
0.000746077 0.000237253

0.000746077 0.000237249
0.000746802 0.000237761

0.000746802 0.000237761
0.000746899 0.000237832

0.000741727 0.000237877
0.000742452 0.000238239

0.000742452 0.000238237
0.000743063 0.000238557

0.000743057 0.000238557
0.000743177 0.00023862

0.000743177 0.000238616
0.000743902 0.000239017

0.000743902 0.000239015
0.000744355 0.000239282

0.000744349 0.000239282
0.000744627 0.000239446

0.000744627 0.000239442
0.000745352 0.000239904

0.000745352 0.000239905
0.000745506 0.000240007

0.000745502 0.000240007
0.000746077 0.000240407

0.000746897 0.000237832
0.000747527 0.000238312

0.000746077 0.000240404
0.000746512 0.000240732

0.000746501 0.000240732
0.000746802 0.000240961

0.000746802 0.000240954
0.0007474 0.000241458

0.000747391 0.000241458
0.000747527 0.000241577

0.000747527 0.000238312
0.000747835 0.000238557

0.000747826 0.000238557
0.000748252 0.000238907

0.000748252 0.000238908
0.000748681 0.000239282

0.000748671 0.000239282
0.000748978 0.000239562

0.000748978 0.000239557
0.000749444 0.000240007

0.000749438 0.000240007
0.000749703 0.000240277

0.000749703 0.000240271
0.000750132 0.000240732

0.000747527 0.000241565
0.000748187 0.000242183

0.000748178 0.000242183
0.000748252 0.000242256

0.000748252 0.000242248
0.000748886 0.000242908

0.000748879 0.000242908
0.000748978 0.000243016

0.000750133 0.000240732
0.000750428 0.000241068

0.000748978 0.000243015
0.000749518 0.000243633

0.000750428 0.000241063
0.000750762 0.000241458

0.000750765 0.000241458
0.000751153 0.00024194

0.000751153 0.000241936
0.000751345 0.000242183

0.000751346 0.000242183
0.000751878 0.000242893

0.000751878 0.000242892
0.000751889 0.000242908

0.000751887 0.000242908
0.000752399 0.000243633

0.000749514 0.000243633
0.000749703 0.000243864

0.000749703 0.000243864
0.000750099 0.000244358

0.000750097 0.000244358
0.000750428 0.000244795

0.000750428 0.000244791
0.000750643 0.000245083

0.000750643 0.000245083
0.000751153 0.000245791

0.000751153 0.00024579
0.000751165 0.000245808

0.000751163 0.000245808
0.000751668 0.000246533

0.000752397 0.000243633
0.000752603 0.000243938

0.000752603 0.000243938
0.000752886 0.000244358

0.000752884 0.000244358
0.000753328 0.000245041

0.000751667 0.000246533
0.000751878 0.000246843

0.000751878 0.000246843
0.000752161 0.000247258

0.00075216 0.000247258
0.000752603 0.000247913

0.000752603 0.000247913
0.00075265 0.000247983

0.000752649 0.000247983
0.000753141 0.000248708

0.000753141 0.000248708
0.000753328 0.000248985

0.000753328 0.00024504
0.000753355 0.000245083

0.000753354 0.000245083
0.000753814 0.000245808

0.000753813 0.000245808
0.000754053 0.00024619

0.000754053 0.00024619
0.000754269 0.000246533

0.000754268 0.000246533
0.000754722 0.000247258

0.000754722 0.000247258
0.000754778 0.000247349

0.000753328 0.000248984
0.000753635 0.000249434

0.000754778 0.000247349
0.000755179 0.000247983

0.000755178 0.000247983
0.000755503 0.000248493

0.000755503 0.000248493
0.00075564 0.000248708

0.000755641 0.000248708
0.000756109 0.000249434

0.000753635 0.000249434
0.000754053 0.00025004

0.000754053 0.000250039
0.000754134 0.000250159

0.000754135 0.000250159
0.00075464 0.000250884

0.000754643 0.000250884
0.000754778 0.000251081

0.000756111 0.000249434
0.000756229 0.000249617

0.000754778 0.00025108
0.000755149 0.000251609

0.000755151 0.000251609
0.000755503 0.000252113

0.000755503 0.00025211
0.000755657 0.000252334

0.00075566 0.000252334
0.000756162 0.000253059

0.000756165 0.000253059
0.000756229 0.000253155

0.000756229 0.000249616
0.000756583 0.000250159

0.000756584 0.000250159
0.000756954 0.000250722

0.000756954 0.000250721
0.000757059 0.000250884

0.000757061 0.000250884
0.000757537 0.000251609

0.000757539 0.000251609
0.000757679 0.000251826

0.000757679 0.000251826
0.000758009 0.000252334

0.000756229 0.000253154
0.000756654 0.000253784

0.000756656 0.000253784
0.000756954 0.000254244

0.000756954 0.000254242
0.000757126 0.000254509

0.000757128 0.000254509
0.000757568 0.000255234

0.00075801 0.000252334
0.000758404 0.000252954

0.000758404 0.000252952
0.00075847 0.000253059

0.000758472 0.000253059
0.000758916 0.000253784

0.000758918 0.000253784
0.000759129 0.000254147

0.000759129 0.000254146
0.00075934 0.000254509

0.000759341 0.000254509
0.000759734 0.000255234

0.000757569 0.000255234
0.000757679 0.000255432

0.000757679 0.000255429
0.000757972 0.000255959

0.000757974 0.000255959
0.000758325 0.000256685

0.000758326 0.000256685
0.000758404 0.000256879

0.000758404 0.000256874
0.000758618 0.00025741

0.00075862 0.00025741
0.000758839 0.000258135

0.00075884 0.000258135
0.000758982 0.00025886

0.000758981 0.00025886
0.000759043 0.000259585

0.000759044 0.000259585
0.000759026 0.00026031

0.000759029 0.00026031
0.000758925 0.000261035

0.000756229 0.000265125
0.000756043 0.000265386

0.000755503 0.00026627
0.000755219 0.000266836

0.000756038 0.000265386
0.000755583 0.000266111

0.000755503 0.000266272
0.000755585 0.000266111

0.000757679 0.000263387
0.000757219 0.000263936

0.000758404 0.000262418
0.00075837 0.000262485

0.000758934 0.000261035
0.000758721 0.00026176

0.000758404 0.000262417
0.000758729 0.00026176

0.000758365 0.000262485
0.000757852 0.00026321

0.000757679 0.000263393
0.000757828 0.00026321

0.000756954 0.000264222
0.000756592 0.000264661

0.000756229 0.000265134
0.000756582 0.000264661

0.000756954 0.000264228
0.0007572 0.000263936

0.000759735 0.000255234
0.000759854 0.000255476

0.000759854 0.000255474
0.000760093 0.000255959

0.000760094 0.000255959
0.000760409 0.000256685

0.00076041 0.000256685
0.000760579 0.000257142

0.000760579 0.00025714
0.000760679 0.00025741

0.000760679 0.00025741
0.000760896 0.000258135

0.000760895 0.000258135
0.000761061 0.00025886

0.000761059 0.00025886
0.000761178 0.000259585

0.000761174 0.000259585
0.000761258 0.00026031

0.000761251 0.00026031
0.000761304 0.000260869

0.000761304 0.000260869
0.00076132 0.000261035

0.00076131 0.000261035
0.0007614 0.00026176

0.00076139 0.00026176
0.000761539 0.000262485

0.000761536 0.000262485
0.000761772 0.00026321

0.000761778 0.00026321
0.000762029 0.000263787

0.000762029 0.000263783
0.000762096 0.000263936

0.000762107 0.000263936
0.000762467 0.000264661

0.000762478 0.000264661
0.000762754 0.000265221

0.000762754 0.000265218
0.000762837 0.000265386

0.000762843 0.000265386
0.000763164 0.000266111

0.000763167 0.000266111
0.000763429 0.000266836

0.000754778 0.000268173
0.000754748 0.000268286

0.00075475 0.000268286
0.000754643 0.000269011

0.000754642 0.000269011
0.000754623 0.000269736

0.000755219 0.000266836
0.000754941 0.000267561

0.000754778 0.00026818
0.000754942 0.000267561

0.00075462 0.000269736
0.000754694 0.000270461

0.00075469 0.000270461
0.000754778 0.000270811

0.000754778 0.000270819
0.000754871 0.000271187

0.000754863 0.000271187
0.000755184 0.000271912

0.000755176 0.000271912
0.000755503 0.000272392

0.000755503 0.000272394
0.000755672 0.000272637

0.000755675 0.000272637
0.000756229 0.000273204

0.000756229 0.00027321
0.000756427 0.000273362

0.000756449 0.000273362
0.000756954 0.000273727

0.000756954 0.00027373
0.000757679 0.000274072

0.000757679 0.000274067
0.000757755 0.000274087

0.000757789 0.000274087
0.000758404 0.000274244

0.000758404 0.000274246
0.000759129 0.000274299

0.00076343 0.000266836
0.000763479 0.00026702

0.000763479 0.000267016
0.000763626 0.000267561

0.000763626 0.000267561
0.000763747 0.000268286

0.000763748 0.000268286
0.000763792 0.000269011

0.000763794 0.000269011
0.000763755 0.000269736

0.000763479 0.000270939
0.000763399 0.000271187

0.000762754 0.000272324
0.000762523 0.000272637

0.000763405 0.000271187
0.000763041 0.000271912

0.000762754 0.000272324
0.000763045 0.000271912

0.000763757 0.000269736
0.000763628 0.000270461

0.000763479 0.000270931
0.000763631 0.000270461

0.000760579 0.00027402
0.000760343 0.000274087

0.000759129 0.000274295
0.000759854 0.000274225

0.000759854 0.000274239
0.000760389 0.000274087

0.000760579 0.000274029
0.000761304 0.000273669

0.000762029 0.000273128
0.000761721 0.000273362

0.000761304 0.000273683
0.000761752 0.000273362

0.000762029 0.000273142
0.000762527 0.000272637

0.000802635 0.000301567
0.000803323 0.000300916

0.000804085 0.000300707
0.000803539 0.000300916

0.00080336 0.000300922
0.000803378 0.000300916

0.000804085 0.000300694
0.00080481 0.000300649

0.00080481 0.0003006
0.000805535 0.000300892

0.000805434 0.000300916
0.000805535 0.000300957

0.000805535 0.000300897
0.000805562 0.000300916

0.000805577 0.000300916
0.00080626 0.000301638

0.00080263 0.000301641
0.000802327 0.000302366

0.000802338 0.000302366
0.000802338 0.000303091

0.000802316 0.000303091
0.000802635 0.000303804

0.000802635 0.000303804
0.00080264 0.000303816

0.000802635 0.000303851
0.00080336 0.000304529

0.00080336 0.00030453
0.000803388 0.000304541

0.000805535 0.000304411
0.000805255 0.000304541

0.000803594 0.000304541
0.000804085 0.000304729

0.000804085 0.00030474
0.00080481 0.000304749

0.00080481 0.000304788
0.000805363 0.000304541

0.000806215 0.000301641
0.00080626 0.000301763

0.00080626 0.000301764
0.000806485 0.000302366

0.000806473 0.000302366
0.00080645 0.000303091

0.00080626 0.000303548
0.000806136 0.000303816

0.000805535 0.000304461
0.000806165 0.000303816

0.00080626 0.000303558
0.000806468 0.000303091

0.000792483 0.00034191
0.000792154 0.000342246

0.000793934 0.000340734
0.000793844 0.000340796

0.000793208 0.000341265
0.000792907 0.000341521

0.000792483 0.000341897
0.000792895 0.000341521

0.000793208 0.000341247
0.000793811 0.000340796

0.000791033 0.000343661
0.00079101 0.000343696

0.000790308 0.000344931
0.0007902 0.000345146

0.000791001 0.000343696
0.000790561 0.000344421

0.000790308 0.000344926
0.000790562 0.000344421

0.000789583 0.000347018
0.000789516 0.000347322

0.000789515 0.000347322
0.000789426 0.000348047

0.000790198 0.000345146
0.000789902 0.000345872

0.000789902 0.000345872
0.000789675 0.000346597

0.000789583 0.000347016
0.000789675 0.000346597

0.000791758 0.000342694
0.000791532 0.000342971

0.000791033 0.000343648
0.000791524 0.000342971

0.000791758 0.00034269
0.000792141 0.000342246

0.000793934 0.000340711
0.000794659 0.000340268

0.000795384 0.00033993
0.000795092 0.000340071

0.000794659 0.000340259
0.000795048 0.000340071

0.000795384 0.00033992
0.000796109 0.000339655

0.000796109 0.000339649
0.000796834 0.000339477

0.000796834 0.000339476
0.000797559 0.000339409

0.000797559 0.000339408
0.000798284 0.000339449

0.000798284 0.000339444
0.000799009 0.000339606

0.000799009 0.000339585
0.000799734 0.000339919

0.000789424 0.000348047
0.000789409 0.000348772

0.000789406 0.000348772
0.000789476 0.000349497

0.00078947 0.000349497
0.000789583 0.00034997

0.000789583 0.00034997
0.000789643 0.000350222

0.000789635 0.000350222
0.000789941 0.000350947

0.000789922 0.000350947
0.000790308 0.000351517

0.000790308 0.000351515
0.000790418 0.000351672

0.000790415 0.000351672
0.000791033 0.000352292

0.000791033 0.000352301
0.000791164 0.000352397

0.000791203 0.000352397
0.000791758 0.000352791

0.000791758 0.000352794
0.000792457 0.000353123

0.000792469 0.000353123
0.000792483 0.000353129

0.000792483 0.000353124
0.000793208 0.000353316

0.000793208 0.000353311
0.000793934 0.000353385

0.000793934 0.000353383
0.000794659 0.000353352

0.000794659 0.000353352
0.000795384 0.000353223

0.000796109 0.000352994
0.000795691 0.000353123

0.000795384 0.000353225
0.000795717 0.000353123

0.000796109 0.000353002
0.000796834 0.000352683

0.000799734 0.000350242
0.000799115 0.000350947

0.000797559 0.000352247
0.000797302 0.000352397

0.000797559 0.000352263
0.000798284 0.000351723

0.000796834 0.000352691
0.000797335 0.000352397

0.000799009 0.000351058
0.000798344 0.000351672

0.000798284 0.000351724
0.000798345 0.000351672

0.000799009 0.000351058
0.000799117 0.000350947

0.000799734 0.000339914
0.000799967 0.000340071

0.000799944 0.000340071
0.000800459 0.000340484

0.000800459 0.000340478
0.000800759 0.000340796

0.000800746 0.000340796
0.000801185 0.000341401

0.000801185 0.000341393
0.000801264 0.000341521

0.000801255 0.000341521
0.000801601 0.000342246

0.000801592 0.000342246
0.00080181 0.000342971

0.000801804 0.000342971
0.00080191 0.00034362

0.00080191 0.000343619
0.000801922 0.000343696

0.000801919 0.000343696
0.000801953 0.000344421

0.000801951 0.000344421
0.000801911 0.000345146

0.000801185 0.000347809
0.000801085 0.000348047

0.00080191 0.000345146
0.000801801 0.000345872

0.0008018 0.000345872
0.000801627 0.000346597

0.000801627 0.000346597
0.000801389 0.000347322

0.000801185 0.000347811
0.00080139 0.000347322

0.000800459 0.000349189
0.00080027 0.000349497

0.000801087 0.000348047
0.000800715 0.000348772

0.000800459 0.000349192
0.000800717 0.000348772

0.000800275 0.000349497
0.000799744 0.000350222

0.000799734 0.000350243
0.000799751 0.000350222

0.000746077 0.000591489
0.000745867 0.00059168

0.000746077 0.000591466
0.000746776 0.000590955

0.000746802 0.00059095
0.000747527 0.000590593

0.000747527 0.000590589
0.000748252 0.000590385

0.000748252 0.000590382
0.000748978 0.000590345

0.000748978 0.000590338
0.000749703 0.000590485

0.000749703 0.000590457
0.000750428 0.000590856

0.000750428 0.000590858
0.000750549 0.000590955

0.000750539 0.000590955
0.000751153 0.000591578

0.000751153 0.000591573
0.000751235 0.00059168

0.000744627 0.000593454
0.00074445 0.000593855

0.000744458 0.000593855
0.000744226 0.00059458

0.00074423 0.00059458
0.000744058 0.000595305

0.00074406 0.000595305
0.000743935 0.00059603

0.000743902 0.000596328
0.000743852 0.000596755

0.000743853 0.000596755
0.000743802 0.00059748

0.000743902 0.000596325
0.000743936 0.00059603

0.000745352 0.000592227
0.000745214 0.000592405

0.000745209 0.000592405
0.000744756 0.00059313

0.000745352 0.000592215
0.000745837 0.00059168

0.000744627 0.000593447
0.000744767 0.00059313

0.000743803 0.00059748
0.000743782 0.000598206

0.000743783 0.000598206
0.000743787 0.000598931

0.000743788 0.000598931
0.000743813 0.000599656

0.000743815 0.000599656
0.000743856 0.000600381

0.000743857 0.000600381
0.000743902 0.00060098

0.000743902 0.00060098
0.000743911 0.000601106

0.000743912 0.000601106
0.000743974 0.000601831

0.000743975 0.000601831
0.000744039 0.000602556

0.00074404 0.000602556
0.000744102 0.000603281

0.000751217 0.00059168
0.000751655 0.000592405

0.00075164 0.000592405
0.000751878 0.000593062

0.000751878 0.00059306
0.000751903 0.00059313

0.000751893 0.00059313
0.000752031 0.000593855

0.000752024 0.000593855
0.000752072 0.00059458

0.000751878 0.000596611
0.000751856 0.000596755

0.000751854 0.000596755
0.000751712 0.00059748

0.000752067 0.00059458
0.000752046 0.000595305

0.000752043 0.000595305
0.00075197 0.00059603

0.000751878 0.000596614
0.000751968 0.00059603

0.000750428 0.00060239
0.000750382 0.000602556

0.000750382 0.000602556
0.000750186 0.000603281

0.000751711 0.00059748
0.000751547 0.000598206

0.000751546 0.000598206
0.000751367 0.000598931

0.000751153 0.00059974
0.00075098 0.000600381

0.000751366 0.000598931
0.000751177 0.000599656

0.000751153 0.00059974
0.000751176 0.000599656

0.000750979 0.000600381
0.000750781 0.000601106

0.000750781 0.000601106
0.000750581 0.000601831

0.000750428 0.000602391
0.000750581 0.000601831

0.000735926 0.000623563
0.000735911 0.000623584

0.000734476 0.000625755
0.000734473 0.000625759

0.00073447 0.000625759
0.000734031 0.000626484

0.000735201 0.000624627
0.000734931 0.000625034

0.000735908 0.000623584
0.000735411 0.000624309

0.000735201 0.000624626
0.00073541 0.000624309

0.000734476 0.000625751
0.00073493 0.000625034

0.000738101 0.000620587
0.000738029 0.000620684

0.000738826 0.000619616
0.000738573 0.000619958

0.000738101 0.000620586
0.000738571 0.000619958

0.000740276 0.000617618
0.000740164 0.000617783

0.000741727 0.000615363
0.000741586 0.000615608

0.000741586 0.000615608
0.000741139 0.000616333

0.000741001 0.000616542
0.000740663 0.000617058

0.000740276 0.00061762
0.000740662 0.000617058

0.000741001 0.000616544
0.000741138 0.000616333

0.000739551 0.000618635
0.000739113 0.000619233

0.000740163 0.000617783
0.000739645 0.000618508

0.000739551 0.000618637
0.000739643 0.000618508

0.000738826 0.000619618
0.000739111 0.000619233

0.000737376 0.000621556
0.000736949 0.000622134

0.000736651 0.000622543
0.000736424 0.000622859

0.000735926 0.00062356
0.000736421 0.000622859

0.000736651 0.000622543
0.000736948 0.000622134

0.000738027 0.000620684
0.000737486 0.000621409

0.000737376 0.000621557
0.000737484 0.000621409

0.000744104 0.000603281
0.000744159 0.000604006

0.00074416 0.000604006
0.000744204 0.000604731

0.000744205 0.000604731
0.000744234 0.000605457

0.000744235 0.000605457
0.000744245 0.000606182

0.000744246 0.000606182
0.000744234 0.000606907

0.000744234 0.000606907
0.000744196 0.000607632

0.000744197 0.000607632
0.000744131 0.000608357

0.000744132 0.000608357
0.000744036 0.000609082

0.000743902 0.000609833
0.000743745 0.000610532

0.000744036 0.000609082
0.000743907 0.000609807

0.000743902 0.000609833
0.000743908 0.000609807

0.000743745 0.000610532
0.000743547 0.000611257

0.000743547 0.000611257
0.000743312 0.000611982

0.000743177 0.000612344
0.00074304 0.000612708

0.000743041 0.000612708
0.000742731 0.000613433

0.000742452 0.000614016
0.000742384 0.000614158

0.000742385 0.000614158
0.000742003 0.000614883

0.000742452 0.000614019
0.000742731 0.000613433

0.000743177 0.000612345
0.000743313 0.000611982

0.000747527 0.000613219
0.00074746 0.000613433

0.00074746 0.000613433
0.00074722 0.000614158

0.00074722 0.000614158
0.000746969 0.000614883

0.000750186 0.000603281
0.000749993 0.000604006

0.000749993 0.000604006
0.000749803 0.000604731

0.000749703 0.000605122
0.000749616 0.000605457

0.000749616 0.000605457
0.000749432 0.000606182

0.000749703 0.000605122
0.000749803 0.000604731

0.000748978 0.000607995
0.000748886 0.000608357

0.000748886 0.000608357
0.000748701 0.000609082

0.000749433 0.000606182
0.00074925 0.000606907

0.000749251 0.000606907
0.000749069 0.000607632

0.000748978 0.000607994
0.000749069 0.000607632

0.000748701 0.000609082
0.000748512 0.000609807

0.000748513 0.000609807
0.000748318 0.000610532

0.000748252 0.000610769
0.000748117 0.000611257

0.000748117 0.000611257
0.000747907 0.000611982

0.000748252 0.000610769
0.000748318 0.000610532

0.000747908 0.000611982
0.000747689 0.000612708

0.000747527 0.00061322
0.000747689 0.000612708

0.000741727 0.000615365
0.000742003 0.000614883

0.000744627 0.000620577
0.000744579 0.000620684

0.000746077 0.000617224
0.000745848 0.000617783

0.000746802 0.000615342
0.000746706 0.000615608

0.000746705 0.000615608
0.000746431 0.000616333

0.000746802 0.000615342
0.000746969 0.000614883

0.000746431 0.000616333
0.000746145 0.000617058

0.000746077 0.000617224
0.000746145 0.000617058

0.000745352 0.000618946
0.000745228 0.000619233

0.000745848 0.000617783
0.000745542 0.000618508

0.000745352 0.000618946
0.000745542 0.000618508

0.000745227 0.000619233
0.000744906 0.000619958

0.000744627 0.000620577
0.000744905 0.000619958

0.000744578 0.000620684
0.000744249 0.000621409

0.000744248 0.000621409
0.000743918 0.000622134

0.000743902 0.000622167
0.000743587 0.000622859

0.000743587 0.000622859
0.00074326 0.000623584

0.000743902 0.000622166
0.000743917 0.000622134

0.000743177 0.000623771
0.000742938 0.000624309

0.000742938 0.000624309
0.000742624 0.000625034

0.000742452 0.000625444
0.000742319 0.000625759

0.000742318 0.000625759
0.000742024 0.000626484

0.000742452 0.000625443
0.000742623 0.000625034

0.000743177 0.000623771
0.00074326 0.000623584

0.000733025 0.00062832
0.000732852 0.00062866

0.000732851 0.00062866
0.000732506 0.000629385

0.000731575 0.00063169
0.000731374 0.000632285

0.0007323 0.000629851
0.000732186 0.00063011

0.000732185 0.00063011
0.000731889 0.000630835

0.0007323 0.000629849
0.000732506 0.000629385

0.000731889 0.000630835
0.000731619 0.00063156

0.000731575 0.00063169
0.000731619 0.00063156

0.00073375 0.000626974
0.000733615 0.000627209

0.000733614 0.000627209
0.000733221 0.000627935

0.00073375 0.000626972
0.000734031 0.000626484

0.000733025 0.000628318
0.000733221 0.000627935

0.000731374 0.000632285
0.000731154 0.00063301

0.000731154 0.00063301
0.000730962 0.000633735

0.00073085 0.000634226
0.000730797 0.00063446

0.000730796 0.00063446
0.000730657 0.000635186

0.00073085 0.000634224
0.000730962 0.000633735

0.000730657 0.000635186
0.000730545 0.000635911

0.000730545 0.000635911
0.000730462 0.000636636

0.000730462 0.000636636
0.000730407 0.000637361

0.000730407 0.000637361
0.00073038 0.000638086

0.000741727 0.00062725
0.000741473 0.000627935

0.000741001 0.000629309
0.000740976 0.000629385

0.000741472 0.000627935
0.000741217 0.00062866

0.000741001 0.000629308
0.000741217 0.00062866

0.000740276 0.000631813
0.000740158 0.000632285

0.000740976 0.000629385
0.000740749 0.00063011

0.000740749 0.00063011
0.000740537 0.000630835

0.000740537 0.000630835
0.00074034 0.00063156

0.000740276 0.000631813
0.00074034 0.00063156

0.000740158 0.000632285
0.000739993 0.00063301

0.000739992 0.00063301
0.000739844 0.000633735

0.000739844 0.000633735
0.000739715 0.00063446

0.000739714 0.00063446
0.000739606 0.000635186

0.000739551 0.000635654
0.000739521 0.000635911

0.000739521 0.000635911
0.000739462 0.000636636

0.000739551 0.000635653
0.000739606 0.000635186

0.000739461 0.000636636
0.00073943 0.000637361

0.000739429 0.000637361
0.000739426 0.000638086

0.00073038 0.000638086
0.000730382 0.000638811

0.000730381 0.000638811
0.000730413 0.000639536

0.000730413 0.000639536
0.000730475 0.000640261

0.000730474 0.000640261
0.000730567 0.000640986

0.000730567 0.000640986
0.000730693 0.000641711

0.000730692 0.000641711
0.00073085 0.00064242

0.00073085 0.000642421
0.000730854 0.000642437

0.000730852 0.000642437
0.000731055 0.000643162

0.000731053 0.000643162
0.000731304 0.000643887

0.000731298 0.000643887
0.000731575 0.000644527

0.000731575 0.000644528
0.000731612 0.000644612

0.000731605 0.000644612
0.000732007 0.000645337

0.000731994 0.000645337
0.0007323 0.000645763

0.0007323 0.000645754
0.000732528 0.000646062

0.00073253 0.000646062
0.000733025 0.000646584

0.000733025 0.000646594
0.00073325 0.000646787

0.000733269 0.000646787
0.00073375 0.000647166

0.00073375 0.000647179
0.00073434 0.000647512

0.000734357 0.000647512
0.000734476 0.000647577

0.000734476 0.00064758
0.000735201 0.000647825

0.000735201 0.000647825
0.000735926 0.000647919

0.000739427 0.000638086
0.00073945 0.000638811

0.000739452 0.000638811
0.000739499 0.000639536

0.000739501 0.000639536
0.000739551 0.000640099

0.000739551 0.000640097
0.000739566 0.000640261

0.000739569 0.000640261
0.00073964 0.000640986

0.000739643 0.000640986
0.000739708 0.000641711

0.000739712 0.000641711
0.000739756 0.000642437

0.00073976 0.000642437
0.000739767 0.000643162

0.000739772 0.000643162
0.000739725 0.000643887

0.000738826 0.000646425
0.000738552 0.000646787

0.000735926 0.00064792
0.000736651 0.000647861

0.000736651 0.000647868
0.000737376 0.00064764

0.000738101 0.000647214
0.000737617 0.000647512

0.000737376 0.00064765
0.000737619 0.000647512

0.000738101 0.000647221
0.00073857 0.000646787

0.000739551 0.000644832
0.000739402 0.000645337

0.00073973 0.000643887
0.00073961 0.000644612

0.000739551 0.000644833
0.000739617 0.000644612

0.000739412 0.000645337
0.000739071 0.000646062

0.000738826 0.000646444
0.00073909 0.000646062

0.000742024 0.000626484
0.000741742 0.000627209

0.000741727 0.00062725
0.000741741 0.000627209

0.000946929 0.000486382
0.000946774 0.000486541

0.000946204 0.000487253
0.000946756 0.000486541

0.000946929 0.000486361
0.000947599 0.000485815

0.000947654 0.000485794
0.000948379 0.000485436

0.000948379 0.000485429
0.000949104 0.000485272

0.000949104 0.000485264
0.00094983 0.000485336

0.00094983 0.00048531
0.000950555 0.000485679

0.000950555 0.000485681
0.000950724 0.000485815

0.00095071 0.000485815
0.00095128 0.000486422

0.00095128 0.000486414
0.000951369 0.000486541

0.000951351 0.000486541
0.000951707 0.000487266

0.000946204 0.000487278
0.000945873 0.000487991

0.000945881 0.000487991
0.000945721 0.000488716

0.000945722 0.000488716
0.000945717 0.000489441

0.000945705 0.000489441
0.000945879 0.000490166

0.000946204 0.000487278
0.00094621 0.000487266

0.000945852 0.000490166
0.000946204 0.000490758

0.000946204 0.000490756
0.000946286 0.000490891

0.000946294 0.000490891
0.000946929 0.000491518

0.000946929 0.000491532
0.000947067 0.000491616

0.000947097 0.000491616
0.000947654 0.000491952

0.000947654 0.000491945
0.000948379 0.000492131

0.000948379 0.000492127
0.000949104 0.00049209

0.000950555 0.000491304
0.000950144 0.000491616

0.000949104 0.000492096
0.00094983 0.000491832

0.00094983 0.000491839
0.000950165 0.000491616

0.00095169 0.000487266
0.000951833 0.000487991

0.000951824 0.000487991
0.000951809 0.000488716

0.000951806 0.000488716
0.000951656 0.000489441

0.00095166 0.000489441
0.000951372 0.000490166

0.00095128 0.000490336
0.00095092 0.000490891

0.000950555 0.000491308
0.000950936 0.000490891

0.00095128 0.00049034
0.000951382 0.000490166

0.000925901 0.000529144
0.00092577 0.000529321

0.000925697 0.000529321
0.000925573 0.000530046

0.00092562 0.000530046
0.000925901 0.000530475

0.000925901 0.000529109
0.000926586 0.000528596

0.000926626 0.000528561
0.000926777 0.000528596

0.000926783 0.000528596
0.000927352 0.000528813

0.000925901 0.000530492
0.000926227 0.000530771

0.000927352 0.000530749
0.000927297 0.000530771

0.000926301 0.000530771
0.000926626 0.000530948

0.000926626 0.00053101
0.000927352 0.000530826

0.000927352 0.000528821
0.000927783 0.000529321

0.000927791 0.000529321
0.000927925 0.000530046

0.000927955 0.000530046
0.000927413 0.000530771

0.000927352 0.000530801
0.000927393 0.000530771

0.00100204 0.000620578
0.00100198 0.000620684

0.00100276 0.000619612
0.00100242 0.000619958

0.00100204 0.000620556
0.0010024 0.000619958

0.00100198 0.000620684
0.00100188 0.000621409

0.00100187 0.000621409
0.00100204 0.000621906

0.00100204 0.000621906
0.00100211 0.000622134

0.0010021 0.000622134
0.00100273 0.000622859

0.00100275 0.000622859
0.00100276 0.000622868

0.00100349 0.000619187
0.0010034 0.000619233

0.00100349 0.000619153
0.00100421 0.000619004

0.00100276 0.000619592
0.00100331 0.000619233

0.00100421 0.000618979
0.00100494 0.000619158

0.00100494 0.000619163
0.00100506 0.000619233

0.00100506 0.000619233
0.00100566 0.000619736

0.00100566 0.000619736
0.00100585 0.000619958

0.00100585 0.000619958
0.00100624 0.000620684

0.00100276 0.000622859
0.00100349 0.000623314

0.00100349 0.000623307
0.00100421 0.000623474

0.00100421 0.000623485
0.00100494 0.000623354

0.00100566 0.000622823
0.00100563 0.000622859

0.00100494 0.000623386
0.00100566 0.000622874

0.00100622 0.000620684
0.00100632 0.000621409

0.00100632 0.000621409
0.00100614 0.000622134

0.00100618 0.000622134
0.00100567 0.000622859

0.00100566 0.000622865
0.00100567 0.000622859

0.0011369 0.00071926
0.00113688 0.000719297

0.00113763 0.000718543
0.00113759 0.000718572

0.0011369 0.000719223
0.00113754 0.000718572

0.00113763 0.000718522
0.00113835 0.000718099

0.00113835 0.000718105
0.00113908 0.000717917

0.00113908 0.000717916
0.00113981 0.000717957

0.00113981 0.000717936
0.00114053 0.000718251

0.00114053 0.00071825
0.00114094 0.000718572

0.00114092 0.000718572
0.00114126 0.000718944

0.00114126 0.000718928
0.00114152 0.000719297

0.00113686 0.000719297
0.00113649 0.000720022

0.0011365 0.000720022
0.0011364 0.000720747

0.00113639 0.000720747
0.00113656 0.000721472

0.00113654 0.000721472
0.0011369 0.000722002

0.0011369 0.000721996
0.00113706 0.000722197

0.00113709 0.000722197
0.00113763 0.00072266

0.00113763 0.000722686
0.0011381 0.000722922

0.00113818 0.000722922
0.00113835 0.00072301

0.00113835 0.000723022
0.00113908 0.000723145

0.00114151 0.000719297
0.00114179 0.000720022

0.00114178 0.000720022
0.00114179 0.000720747

0.00114126 0.000721984
0.00114111 0.000722197

0.00114179 0.000720747
0.00114158 0.000721472

0.00114126 0.000722006
0.0011416 0.000721472

0.00113908 0.000723151
0.00113981 0.000723055

0.00114053 0.000722714
0.0011401 0.000722922

0.00113981 0.000723069
0.00114012 0.000722922

0.00114053 0.000722731
0.00114113 0.000722197

0.00141317 0.000668506
0.00141313 0.00066854

0.00141244 0.000669411
0.00141228 0.00066999

0.00141308 0.00066854
0.00141246 0.000669265

0.00141244 0.000669412
0.00141248 0.000669265

0.00141317 0.000668475
0.00141389 0.000668047

0.00141389 0.00066804
0.00141462 0.000667986

0.00141227 0.00066999
0.00141244 0.000670628

0.00141244 0.000670628
0.00141247 0.000670715

0.00141245 0.000670715
0.00141309 0.00067144

0.00141312 0.00067144
0.00141317 0.000671475

0.00141317 0.00067148
0.00141389 0.000671906

0.00141389 0.000671911
0.00141462 0.000672016

0.00141462 0.000667968
0.00141534 0.000668335

0.00141534 0.000668345
0.00141556 0.00066854

0.00141555 0.00066854
0.00141607 0.000669199

0.00141607 0.000669201
0.0014161 0.000669265

0.00141608 0.000669265
0.00141628 0.00066999

0.00141607 0.000670931
0.0014157 0.00067144

0.00141462 0.000672046
0.00141534 0.00067176

0.00141534 0.000671755
0.00141572 0.00067144

0.00141627 0.00066999
0.00141616 0.000670715

0.00141607 0.000670951
0.0014162 0.000670715

0.00161402 0.000651863
0.00161344 0.000652588

0.00161474 0.000651382
0.00161404 0.000651863

0.00161402 0.000651871
0.00161403 0.000651863

0.00161329 0.000653192
0.00161326 0.000653313

0.00161325 0.000653313
0.00161329 0.000653475

0.00161329 0.000653192
0.00161345 0.000652588

0.00161329 0.000653475
0.00161344 0.000654038

0.00161343 0.000654038
0.00161402 0.000654753

0.00161402 0.000654743
0.00161405 0.000654763

0.00161408 0.000654763
0.00161474 0.000655197

0.00161474 0.000651377
0.00161547 0.000651239

0.00161547 0.000651226
0.00161619 0.00065148

0.00161619 0.000651486
0.00161666 0.000651863

0.00161663 0.000651863
0.00161692 0.000652229

0.00161692 0.000652209
0.00161716 0.000652588

0.00161474 0.000655198
0.00161547 0.000655367

0.00161547 0.000655391
0.00161619 0.000655205

0.00161715 0.000652588
0.00161733 0.000653313

0.00161732 0.000653313
0.0016172 0.000654038

0.00161692 0.000654516
0.00161673 0.000654763

0.00161619 0.000655218
0.00161677 0.000654763

0.00161692 0.000654546
0.00161723 0.000654038

0.00168145 0.000549597
0.00168089 0.000549624

0.00168073 0.000549752
0.00168019 0.000550349

0.00168007 0.000550349
0.00168023 0.000551074

0.00168073 0.000549666
0.00168145 0.000549682

0.00168033 0.000551074
0.00168073 0.000551427

0.00168073 0.000551553
0.00168145 0.000551532

0.00168145 0.000549634
0.00168204 0.000550349

0.00168202 0.000550349
0.00168185 0.000551074

0.00168145 0.00055155
0.00168194 0.000551074

0.0016945 0.000566618
0.00169381 0.000567026

0.00169377 0.000567026
0.00169363 0.000567751

0.00169373 0.000567751
0.00169378 0.000567843

0.00169378 0.000567029
0.00169378 0.000567026

0.00169378 0.000567926
0.00169447 0.000568477

0.0016945 0.000566553
0.00169523 0.000567002

0.00169523 0.000566998
0.00169525 0.000567026

0.00169505 0.000567026
0.00169523 0.000567429

0.00169523 0.000568032
0.00169466 0.000568477

0.00169523 0.000567362
0.00169532 0.000567751

0.00169523 0.000568057
0.00169538 0.000567751

0.0016945 0.000568521
0.00169465 0.000568477

0.00173874 0.000717384
0.00173835 0.000717847

0.00173946 0.000716949
0.00173915 0.000717122

0.00173874 0.000717368
0.00173908 0.000717122

0.00173832 0.000717847
0.00173812 0.000718572

0.00173809 0.000718572
0.00173845 0.000719297

0.00173946 0.000716894
0.00174019 0.000716924

0.00174019 0.000716921
0.00174051 0.000717122

0.00174046 0.000717122
0.00174091 0.000717534

0.00174091 0.000717526
0.00174113 0.000717847

0.00174112 0.000717847
0.0017413 0.000718572

0.00174131 0.000718572
0.00174106 0.000719297

0.00173851 0.000719297
0.00173874 0.000719534

0.00173874 0.000719549
0.00173945 0.000720022

0.00173946 0.000720016
0.00174019 0.00072002

0.00173946 0.000720045
0.00174019 0.000720049

0.00174091 0.00071951
0.00174028 0.000720022

0.00174091 0.000719517
0.00174107 0.000719297

0.00177934 0.000735864
0.00177926 0.000735974

0.0017792 0.000735974
0.00177899 0.000736699

0.00177934 0.000735826
0.00178 0.000735249

0.00177898 0.000736699
0.00177934 0.0007374

0.00177934 0.000737381
0.00177937 0.000737424

0.00177941 0.000737424
0.00178007 0.000737929

0.00178007 0.000735206
0.00178079 0.000735161

0.00178079 0.000735167
0.00178095 0.000735249

0.00178095 0.000735249
0.00178152 0.00073572

0.00178152 0.000735717
0.00178169 0.000735974

0.00178169 0.000735974
0.00178188 0.000736699

0.00178007 0.000737955
0.00178079 0.000738029

0.00178079 0.000738065
0.00178152 0.000737535

0.0017819 0.000736699
0.00178159 0.000737424

0.00178152 0.000737531
0.0017816 0.000737424

0.00187723 0.000401812
0.00187673 0.000402429

0.00187674 0.000402429
0.0018766 0.000403154

0.00187795 0.000401395
0.00187745 0.000401704

0.00187795 0.000401375
0.00187868 0.00040129

0.00187723 0.000401806
0.00187737 0.000401704

0.0018766 0.000403154
0.00187689 0.000403879

0.00187691 0.000403879
0.00187723 0.00040426

0.00187723 0.000404285
0.00187767 0.000404604

0.00187783 0.000404604
0.00187795 0.000404673

0.00187795 0.000404736
0.00187868 0.000404803

0.00187868 0.000401247
0.0018794 0.000401622

0.0018794 0.000401633
0.00187948 0.000401704

0.00187948 0.000401704
0.00188002 0.000402429

0.00187998 0.000402429
0.0018801 0.000403154

0.0018794 0.000404422
0.00187909 0.000404604

0.0018801 0.000403154
0.00187986 0.000403879

0.0018794 0.000404445
0.00187988 0.000403879

0.00187868 0.000404843
0.00187917 0.000404604

0.00193596 0.000530276
0.00193564 0.000530771

0.00193669 0.000529729
0.00193626 0.000530046

0.00193596 0.000530274
0.00193616 0.000530046

0.00193568 0.000530771
0.0019356 0.000531497

0.00193558 0.000531497
0.00193588 0.000532222

0.00193589 0.000532222
0.00193596 0.000532315

0.00193596 0.000532358
0.00193661 0.000532947

0.0020063 0.000438668
0.00200629 0.000438684

0.00200702 0.000437765
0.00200675 0.000437959

0.00200702 0.000437673
0.00200775 0.000437663

0.00200775 0.000437675
0.00200813 0.000437959

0.0020063 0.000438562
0.00200669 0.000437959

0.0020063 0.000438796
0.00200671 0.000439409

0.00200679 0.000439409
0.00200702 0.000439575

0.00200702 0.000439696
0.00200775 0.000439681

0.00200806 0.000437959
0.00200847 0.000438678

0.00200845 0.000438684
0.002008 0.000439409

0.00200775 0.000439685
0.00200811 0.000439409

0.00193669 0.000529704
0.00193741 0.000529462

0.00193741 0.000529434
0.00193814 0.000529564

0.00193814 0.000529544
0.00193878 0.000530046

0.00193873 0.000530046
0.00193886 0.000530228

0.00193886 0.000530198
0.0019392 0.000530771

0.00193671 0.000532947
0.00193741 0.000533161

0.00193741 0.000533196
0.00193814 0.000533055

0.00193918 0.000530771
0.00193926 0.000531497

0.00193927 0.000531497
0.00193901 0.000532222

0.00193886 0.000532445
0.00193831 0.000532947

0.00193814 0.000533048
0.0019383 0.000532947

0.00193886 0.000532451
0.00193902 0.000532222

0.00191203 0.000666427
0.00191171 0.00066709

0.00191276 0.000666019
0.00191219 0.000666365

0.00191203 0.000666432
0.00191209 0.000666365

0.00191276 0.000665917
0.00191348 0.000666197

0.00191173 0.00066709
0.00191203 0.00066769

0.00191203 0.000667696
0.00191213 0.000667815

0.00191221 0.000667815
0.00191276 0.000668172

0.00191276 0.000668292
0.00191348 0.000668011

0.00191348 0.000666176
0.00191366 0.000666365

0.00191359 0.000666365
0.00191392 0.00066709

0.0019139 0.00066709
0.00191359 0.000667815

0.00191348 0.000668044
0.00191369 0.000667815

0.00143565 0.000940863
0.0014354 0.000941177

0.00143637 0.000940334
0.00143618 0.000940452

0.00143565 0.000940842
0.00143611 0.000940452

0.00143537 0.000941177
0.00143513 0.000941902

0.00143511 0.000941902
0.00143537 0.000942627

0.00143637 0.000940282
0.0014371 0.000940179

0.0014371 0.00094015
0.00143768 0.000940452

0.00143758 0.000940452
0.00143782 0.000940599

0.00143543 0.000942627
0.00143565 0.000942889

0.00143565 0.000942917
0.00143618 0.000943352

0.00143626 0.000943352
0.00143637 0.000943417

0.00143637 0.000943465
0.0014371 0.000943594

0.00143782 0.000943247
0.00143762 0.000943352

0.0014371 0.000943627
0.00143771 0.000943352

0.00143782 0.000940582
0.0014383 0.000941177

0.00143829 0.000941177
0.0014385 0.000941902

0.00143851 0.000941902
0.00143834 0.000942627

0.00143782 0.000943285
0.00143837 0.000942627

0.00158574 0.000894608
0.00158549 0.000894771

0.00158502 0.000895139
0.00158473 0.000895496

0.0015847 0.000895496
0.00158441 0.000896221

0.00158502 0.00089512
0.00158544 0.000894771

0.0015844 0.000896221
0.00158452 0.000896946

0.00158451 0.000896946
0.00158502 0.000897626

0.00158502 0.000897619
0.00158507 0.000897671

0.0015851 0.000897671
0.00158574 0.00089814

0.00158574 0.000894572
0.00158647 0.0008944

0.00158647 0.000894375
0.00158719 0.000894623

0.00158719 0.000894636
0.00158738 0.000894771

0.00158736 0.000894771
0.00158792 0.00089536

0.00158792 0.000895358
0.00158801 0.000895496

0.001588 0.000895496
0.00158826 0.000896221

0.00158574 0.000898141
0.00158647 0.000898339

0.00158647 0.000898362
0.00158719 0.000898185

0.00158792 0.000897474
0.00158779 0.000897671

0.00158825 0.000896221
0.0015882 0.000896946

0.00158792 0.000897508
0.00158823 0.000896946

0.00158719 0.000898201
0.00158783 0.000897671

0.00155239 0.000993363
0.00155235 0.000993384

0.00155166 0.000993984
0.00155157 0.000994109

0.00155153 0.000994109
0.00155125 0.000994834

0.00155166 0.00099395
0.00155227 0.000993384

0.00155239 0.000993312
0.00155311 0.000993102

0.00155311 0.000993069
0.00155384 0.000993333

0.00155382 0.000993384
0.00155384 0.000993388

0.00155124 0.000994834
0.00155144 0.000995559

0.00155149 0.000995559
0.00155166 0.000995797

0.00155166 0.000995822
0.00155215 0.000996284

0.00155221 0.000996284
0.00155239 0.0009964

0.00155239 0.00099644
0.00155311 0.000996658

0.00155311 0.000996685
0.00155384 0.000996471

0.00155384 0.00099336
0.00155387 0.000993384

0.00155387 0.000993384
0.00155454 0.000994109

0.00155452 0.000994109
0.00155456 0.000994243

0.00155456 0.000994249
0.00155475 0.000994834

0.00155456 0.000995716
0.00155407 0.000996284

0.00155475 0.000994834
0.00155462 0.000995559

0.00155456 0.000995723
0.00155465 0.000995559

0.00155384 0.000996462
0.00155408 0.000996284

0.00199397 0.000846363
0.00199332 0.000846914

0.00199397 0.000846319
0.0019947 0.000846296

0.00199325 0.000846992
0.00199302 0.000847639

0.00199303 0.000847639
0.00199325 0.00084809

0.00199325 0.000847006
0.00199329 0.000846914

0.00199325 0.0008481
0.00199343 0.000848364

0.00199349 0.000848364
0.00199397 0.000848724

0.00199397 0.000848775
0.0019947 0.000848811

0.0019947 0.0008463
0.0019954 0.000846914

0.00199534 0.000846914
0.00199542 0.000847131

0.00199542 0.000848065
0.00199524 0.000848364

0.00199542 0.000847094
0.00199559 0.000847639

0.00199542 0.000848111
0.00199561 0.000847639

0.0019947 0.000848821
0.0019953 0.000848364

0.00199905 0.000854588
0.00199889 0.00085489

0.00199884 0.00085489
0.001999 0.000855615

0.00199977 0.000853866
0.00199939 0.000854165

0.00199977 0.000853806
0.0020005 0.00085366

0.00199905 0.000854571
0.00199934 0.000854165

0.00199905 0.000855622
0.00199977 0.000856316

0.00199977 0.000856311
0.00199991 0.00085634

0.00199982 0.00085634
0.0020005 0.000856478

0.0020005 0.000853635
0.00200122 0.000854114

0.00200122 0.000854134
0.00200125 0.000854165

0.0020012 0.000854165
0.00200122 0.000854197

0.00200123 0.000854165
0.00200161 0.00085489

0.00200161 0.00085489
0.0020015 0.000855615

0.00200122 0.000856009
0.00200078 0.00085634

0.0020005 0.000856476
0.00200078 0.00085634

0.00200122 0.000856023
0.00200151 0.000855615

0.00219047 0.000647939
0.00219032 0.000648237

0.00219028 0.000648237
0.00219047 0.000648839

0.0021912 0.000647207
0.00219081 0.000647512

0.00219047 0.000647921
0.00219075 0.000647512

0.0021912 0.000647137
0.00219192 0.000647004

0.00219047 0.00064882
0.00219053 0.000648962

0.00219061 0.000648962
0.0021912 0.00064948

0.0021912 0.00064953
0.00219192 0.000649652

0.00219192 0.000646975
0.00219265 0.000647495

0.00219256 0.000647512
0.00219265 0.000647644

0.00219265 0.000647511
0.00219265 0.000647512

0.00219265 0.000647592
0.00219293 0.000648237

0.00219265 0.000649125
0.00219193 0.000649688

0.00219294 0.000648237
0.00219275 0.000648962

0.00219265 0.000649131
0.00219276 0.000648962

0.00219185 0.000649687
0.00219192 0.000649699

