-4.95077e-05 0
-4.95067e-05 7.25098e-07

-4.95068e-05 7.25098e-07
-4.95038e-05 1.4502e-06

-4.95037e-05 1.4502e-06
-4.94986e-05 2.17529e-06

-4.94986e-05 2.17529e-06
-4.94915e-05 2.90039e-06

-4.94915e-05 2.90039e-06
-4.94824e-05 3.62549e-06

-4.94824e-05 3.62549e-06
-4.94714e-05 4.35059e-06

-4.94714e-05 4.35059e-06
-4.94584e-05 5.07568e-06

-4.94584e-05 5.07568e-06
-4.94434e-05 5.80078e-06

-4.94434e-05 5.80078e-06
-4.94264e-05 6.52588e-06

-4.94264e-05 6.52588e-06
-4.94075e-05 7.25098e-06

-4.94075e-05 7.25098e-06
-4.93865e-05 7.97607e-06

-4.93865e-05 7.97607e-06
-4.93636e-05 8.70117e-06

-4.93636e-05 8.70117e-06
-4.9355e-05 8.9523e-06

-4.9355e-05 8.95235e-06
-4.93387e-05 9.42627e-06

-4.93387e-05 9.42627e-06
-4.93118e-05 1.01514e-05

-4.93118e-05 1.01514e-05
-4.92829e-05 1.08765e-05

-4.92829e-05 1.08765e-05
-4.9252e-05 1.16016e-05

-4.9252e-05 1.16016e-05
-4.92191e-05 1.23267e-05

-4.92191e-05 1.23267e-05
-4.91842e-05 1.30518e-05

-4.91842e-05 1.30518e-05
-4.91473e-05 1.37769e-05

-4.91473e-05 1.37769e-05
-4.91084e-05 1.4502e-05

-4.91084e-05 1.4502e-05
-4.90675e-05 1.52271e-05

-4.90675e-05 1.52271e-05
-4.90245e-05 1.59521e-05

-4.90245e-05 1.59521e-05
-4.89796e-05 1.66772e-05

-4.89796e-05 1.66772e-05
-4.89326e-05 1.74023e-05

-4.89326e-05 1.74023e-05
-4.88837e-05 1.81274e-05

-4.88837e-05 1.81274e-05
-4.88328e-05 1.88525e-05

-4.88328e-05 1.88525e-05
-4.87798e-05 1.95776e-05

-4.87798e-05 1.95776e-05
-4.87249e-05 2.03027e-05

-4.87248e-05 2.03027e-05
-4.86679e-05 2.10278e-05

-4.8668e-05 2.10278e-05
-4.86299e-05 2.14959e-05

-4.86299e-05 2.14962e-05
-4.8609e-05 2.17529e-05

-4.8609e-05 2.17529e-05
-4.85479e-05 2.2478e-05

-4.85479e-05 2.2478e-05
-4.84848e-05 2.32031e-05

-4.84848e-05 2.32031e-05
-4.84198e-05 2.39282e-05

-4.84198e-05 2.39282e-05
-4.83529e-05 2.46533e-05

-4.83529e-05 2.46533e-05
-4.82839e-05 2.53784e-05

-4.82839e-05 2.53784e-05
-4.82129e-05 2.61035e-05

-4.82129e-05 2.61035e-05
-4.81399e-05 2.68286e-05

-4.81399e-05 2.68286e-05
-4.80649e-05 2.75537e-05

-4.80649e-05 2.75537e-05
-4.79879e-05 2.82788e-05

-4.79879e-05 2.82788e-05
-4.79087e-05 2.90039e-05

-4.79087e-05 2.90039e-05
-4.79048e-05 2.90388e-05

-4.79048e-05 2.90394e-05
-4.78272e-05 2.9729e-05

-4.78271e-05 2.9729e-05
-4.77433e-05 3.04541e-05

-4.77432e-05 3.04541e-05
-4.76573e-05 3.11792e-05

-4.76574e-05 3.11792e-05
-4.75694e-05 3.19043e-05

-4.75694e-05 3.19043e-05
-4.74793e-05 3.26294e-05

-4.74793e-05 3.26294e-05
-4.73871e-05 3.33545e-05

-4.73871e-05 3.33545e-05
-4.72927e-05 3.40796e-05

-4.72928e-05 3.40796e-05
-4.71961e-05 3.48047e-05

-4.71962e-05 3.48047e-05
-4.71797e-05 3.49251e-05

-4.71797e-05 3.49259e-05
-4.70968e-05 3.55298e-05

-4.70965e-05 3.55298e-05
-4.69945e-05 3.62549e-05

-4.69946e-05 3.62549e-05
-4.68906e-05 3.698e-05

-4.68906e-05 3.698e-05
-4.67845e-05 3.77051e-05

-4.67845e-05 3.77051e-05
-4.66763e-05 3.84302e-05

-4.66764e-05 3.84302e-05
-4.6566e-05 3.91553e-05

-4.65663e-05 3.91553e-05
-4.64546e-05 3.98711e-05

-4.64546e-05 3.98714e-05
-4.64532e-05 3.98804e-05

-4.64532e-05 3.98804e-05
-4.63367e-05 4.06055e-05

-4.63363e-05 4.06055e-05
-4.62174e-05 4.13306e-05

-4.62175e-05 4.13306e-05
-4.60967e-05 4.20557e-05

-4.60967e-05 4.20557e-05
-4.59739e-05 4.27808e-05

-4.5974e-05 4.27808e-05
-4.5849e-05 4.35059e-05

-4.58494e-05 4.35059e-05
-4.57295e-05 4.41836e-05

-4.57295e-05 4.41839e-05
-4.57212e-05 4.4231e-05

-4.57209e-05 4.4231e-05
-4.55891e-05 4.49561e-05

-4.55885e-05 4.49561e-05
-4.54544e-05 4.56812e-05

-4.54545e-05 4.56812e-05
-4.53189e-05 4.64062e-05

-4.5319e-05 4.64062e-05
-4.51814e-05 4.71313e-05

-4.51818e-05 4.71313e-05
-4.50413e-05 4.78564e-05

-4.50415e-05 4.78564e-05
-4.50044e-05 4.80423e-05

-4.50044e-05 4.80433e-05
-4.48969e-05 4.85815e-05

-4.48957e-05 4.85815e-05
-4.4748e-05 4.93066e-05

-4.47481e-05 4.93066e-05
-4.45994e-05 5.00317e-05

-4.45997e-05 5.00317e-05
-4.4449e-05 5.07568e-05

-4.44496e-05 5.07568e-05
-4.42953e-05 5.14819e-05

-4.42951e-05 5.14819e-05
-4.42793e-05 5.15541e-05

-4.42793e-05 5.15551e-05
-4.41362e-05 5.2207e-05

-4.41349e-05 5.2207e-05
-4.39734e-05 5.29321e-05

-4.398.04375e-05 4.32513e-05
8.04931e-05 4.35059e-05

8.04927e-05 4.35059e-05
8.06593e-05 4.4231e-05

8.06602e-05 4.4231e-05
8.08424e-05 4.49561e-05

8.08498e-05 4.49561e-05
8.1031e-05 4.56812e-05

8.1033e-05 4.56812e-05
8.11626e-05 4.62497e-05

8.11626e-05 4.62962e-05
8.11877e-05 4.64062e-05

8.11876e-05 4.64062e-05
8.13544e-05 4.71313e-05

8.13547e-05 4.71313e-05
8.154e-05 4.78564e-05

8.1547e-05 4.78564e-05
8.17362e-05 4.85815e-05

8.17423e-05 4.85815e-05
8.18877e-05 4.92021e-05

8.18877e-05 4.92633e-05
8.18979e-05 4.93066e-05

8.18986e-05 4.93066e-05
8.20641e-05 5.00317e-05

8.20642e-05 5.00317e-05
8.22493e-05 5.07568e-05

8.22552e-05 5.07568e-05
8.24479e-05 5.14819e-05

8.24581e-05 5.14819e-05
8.26128e-05 5.21452e-05

8.26114e-05 5.2207e-05
8.26128e-05 5.22133e-05

8.26128e-05 5.22139e-05
8.27681e-05 5.29321e-05

8.2768e-05 5.29321e-05
8.29432e-05 5.36572e-05

8.29456e-05 5.36572e-05
8.31347e-05 5.43823e-05

8.31501e-05 5.43823e-05
8.33174e-05 5.51074e-05

8.33131e-05 5.51074e-05
8.33379e-05 5.52335e-05

8.33379e-05 5.52973e-05
8.34433e-05 5.58325e-05

8.34438e-05 5.58325e-05
8.35947e-05 5.65576e-05

8.35947e-05 5.65576e-05
8.37583e-05 5.72827e-05

8.37633e-05 5.72827e-05
8.39296e-05 5.80078e-05

8.39421e-05 5.80078e-05
8.4063e-05 5.86565e-05

8.40617e-05 5.87329e-05
8.4063e-05 5.8741e-05

8.4063e-05 5.87449e-05
8.41721e-05 5.9458e-05

8.41738e-05 5.9458e-05
8.42878e-05 6.01831e-05

8.42889e-05 6.01831e-05
8.44006e-05 6.09082e-05

8.4402e-05 6.09082e-05
8.4506e-05 6.16333e-05

8.45072e-05 6.16333e-05
8.4598e-05 6.23584e-05

8.46e-05 6.23584e-05
8.46714e-05 6.30835e-05

8.46735e-05 6.30835e-05
8.47173e-05 6.38086e-05

8.47179e-05 6.38086e-05
8.4729e-05 6.45337e-05

8.47278e-05 6.45337e-05
8.47075e-05 6.52588e-05

8.47062e-05 6.52588e-05
8.46592e-05 6.59839e-05

8.46594e-05 6.59839e-05
8.45877e-05 6.6709e-05

8.459e-05 6.6709e-05
8.44883e-05 6.74341e-05

8.44931e-05 6.74341e-05
8.43472e-05 6.81592e-05

8.4063e-05 6.90502e-05
8.38615e-05 6.96094e-05

8.4353e-05 6.81592e-05
8.41417e-05 6.88843e-05

8.4063e-05 6.91075e-05
8.41434e-05 6.88843e-05

8.33379e-05 7.07523e-05
8.31754e-05 7.10596e-05

8.26128e-05 7.19297e-05
8.21795e-05 7.25098e-05

8.31918e-05 7.10596e-05
8.27237e-05 7.17847e-05

8.26128e-05 7.19536e-05
8.27313e-05 7.17847e-05

8.11626e-05 7.36364e-05
8.08296e-05 7.396e-05

8.18877e-05 7.28452e-05
8.15484e-05 7.32349e-05

8.11626e-05 7.3653e-05
8.15636e-05 7.32349e-05

8.04375e-05 7.43285e-05
8.08429e-05 7.396e-05

8.18877e-05 7.28801e-05
8.2193e-05 7.25098e-05

8.38768e-05 6.96094e-05
8.35727e-05 7.03345e-05

8.33379e-05 7.08202e-05
8.35948e-05 7.03345e-05

739e-05 5.29321e-05
-4.38118e-05 5.36572e-05

-4.38123e-05 5.36572e-05
-4.36476e-05 5.43823e-05

-4.36484e-05 5.43823e-05
-4.35542e-05 5.47837e-05

-4.35542e-05 5.47844e-05
-4.34783e-05 5.51074e-05

-4.34764e-05 5.51074e-05
-4.33023e-05 5.58325e-05

-4.33025e-05 5.58325e-05
-4.31279e-05 5.65576e-05

-4.31285e-05 5.65576e-05
-4.29519e-05 5.72827e-05

-4.2953e-05 5.72827e-05
-4.28291e-05 5.77758e-05

-4.28291e-05 5.77764e-05
-4.2771e-05 5.80078e-05

-4.27688e-05 5.80078e-05
-4.25828e-05 5.87329e-05

-4.25828e-05 5.87329e-05
-4.23969e-05 5.9458e-05

-4.23978e-05 5.9458e-05
-4.22102e-05 6.01831e-05

-4.22116e-05 6.01831e-05
-4.2104e-05 6.0585e-05

-4.2104e-05 6.05856e-05
-4.20177e-05 6.09082e-05

-4.20148e-05 6.09082e-05
-4.18169e-05 6.16333e-05

-4.18175e-05 6.16333e-05
-4.162e-05 6.23584e-05

-4.16213e-05 6.23584e-05
-4.14203e-05 6.30835e-05

-4.14204e-05 6.30835e-05
-4.13789e-05 6.32286e-05

-4.13789e-05 6.32292e-05
-4.12133e-05 6.38086e-05

-4.12106e-05 6.38086e-05
-4.10021e-05 6.45337e-05

-4.10039e-05 6.45337e-05
-4.07961e-05 6.52588e-05

-4.07978e-05 6.52588e-05
-4.06538e-05 6.57459e-05

-4.06538e-05 6.57463e-05
-4.05836e-05 6.59839e-05

-4.05802e-05 6.59839e-05
-4.03622e-05 6.6709e-05

-4.03632e-05 6.6709e-05
-4.01459e-05 6.74341e-05

-4.01479e-05 6.74341e-05
-3.99287e-05 6.8149e-05

-3.99287e-05 6.81494e-05
-3.99257e-05 6.81592e-05

-3.99239e-05 6.81592e-05
-3.9696e-05 6.88843e-05

-3.96951e-05 6.88843e-05
-3.94668e-05 6.96094e-05

-3.94691e-05 6.96094e-05
-3.92378e-05 7.03345e-05

-3.92373e-05 7.03345e-05
-3.92036e-05 7.04372e-05

-3.92036e-05 7.0437e-05
-3.89992e-05 7.10596e-05

-3.89967e-05 7.10596e-05
-3.87578e-05 7.17847e-05

-3.87608e-05 7.17847e-05
-3.85199e-05 7.25098e-05

-3.85196e-05 7.25098e-05
-3.84785e-05 7.26301e-05

-3.84785e-05 7.26295e-05
-3.82716e-05 7.32349e-05

-3.82689e-05 7.32349e-05
-3.80202e-05 7.396e-05

-3.80238e-05 7.396e-05
-3.77726e-05 7.46851e-05

-3.77715e-05 7.46851e-05
-3.77534e-05 7.47358e-05

-3.77534e-05 7.47344e-05
-3.75133e-05 7.54102e-05

-3.7512e-05 7.54102e-05
-3.72539e-05 7.61353e-05

-3.72576e-05 7.61353e-05
-3.70283e-05 7.67669e-05

-3.70283e-05 7.67672e-05
-3.69945e-05 7.68604e-05

-3.69904e-05 7.68604e-05
-3.67228e-05 7.75854e-05

-3.67246e-05 7.75854e-05
-3.64572e-05 7.83105e-05

-3.64596e-05 7.83105e-05
-3.63032e-05 7.87222e-05

-3.63032e-05 7.87218e-05
-3.6184e-05 7.90356e-05

-3.61789e-05 7.90356e-05
-3.59009e-05 7.97607e-05

-3.59053e-05 7.97607e-05
-3.56261e-05 8.04858e-05

-3.56255e-05 8.04858e-05
-3.55781e-05 8.06055e-05

-3.55781e-05 8.06037e-05
-3.53379e-05 8.12109e-05

-3.53361e-05 8.12109e-05
-3.50477e-05 8.1936e-05

-3.5052e-05 8.1936e-05
-3.4853e-05 8.24257e-05

-3.4853e-05 8.24257e-05
-3.47574e-05 8.26611e-05

-3.47518e-05 8.26611e-05
-3.44536e-05 8.33862e-05

-3.44586e-05 8.33862e-05
-3.4158e-05 8.41113e-05

-3.41565e-05 8.41113e-05
-3.41279e-05 8.41787e-05

-3.41279e-05 8.41758e-05
-3.38475e-05 8.48364e-05

-3.38476e-05 8.48364e-05
-3.35378e-05 8.55615e-05

-3.35407e-05 8.55615e-05
-3.34028e-05 8.58766e-05

-3.34028e-05 8.5876e-05
-3.32232e-05 8.62866e-05

-3.32185e-05 8.62866e-05
-3.28982e-05 8.70117e-05

-3.29043e-05 8.70117e-05
-3.26777e-05 8.75156e-05

-3.26777e-05 8.75153e-05
-3.25781e-05 8.77368e-05

-3.25716e-05 8.77368e-05
-3.22412e-05 8.84619e-05

-3.22481e-05 8.84619e-05
-3.19526e-05 8.91007e-05

-3.19526e-05 8.91004e-05
-3.19126e-05 8.9187e-05

-3.19061e-05 8.9187e-05
-3.15651e-05 8.99121e-05

-3.15714e-05 8.99121e-05
-3.12275e-05 9.06332e-05

-3.12275e-05 9.06332e-05
-3.12257e-05 9.06372e-05

-3.12199e-05 9.06372e-05
-3.08681e-05 9.13623e-05

-3.08734e-05 9.13623e-05
-3.05163e-05 9.20874e-05

-3.05144e-05 9.20874e-05
-3.05024e-05 9.21113e-05

-3.05024e-05 9.21047e-05
-3.01483e-05 9.28125e-05

-3.01538e-05 9.28125e-05
-2.97848e-05 9.35376e-05

-2.97835e-05 9.35376e-05
-2.97773e-05 9.35495e-05

-2.97773e-05 9.35405e-05
-2.94048e-05 9.42627e-05

-2.94118e-05 9.42627e-05
-2.90522e-05 9.49467e-05

-2.90522e-05 9.49462e-05
-2.90304e-05 9.49878e-05

-2.90226e-05 9.49878e-05
-2.86364e-05 9.57129e-05

-2.86456e-05 9.57129e-05
-2.83271e-05 9.63001e-05

-2.83271e-05 9.62987e-05
-2.82516e-05 9.6438e-05

-2.82428e-05 9.6438e-05
-2.78433e-05 9.71631e-05

-2.78523e-05 9.71631e-05
-2.76021e-05 9.76117e-05

-2.76021e-05 9.76099e-05
-2.74468e-05 9.78882e-05

-2.74407e-05 9.78882e-05
-2.70274e-05 9.86133e-05

-2.70319e-05 9.86133e-05
-2.6877e-05 9.88834e-05

-2.6877e-05 9.88815e-05
-2.66148e-05 9.93384e-05

-2.66157e-05 9.93384e-05
-2.61882e-05 0.000100063

-2.61855e-05 0.000100063
-2.61519e-05 0.000100121

-2.61519e-05 0.000100116
-2.57531e-05 0.000100789

-2.57613e-05 0.000100789
-2.54268e-05 0.000101343

-2.54268e-05 0.000101341
-2.53224e-05 0.000101514

-2.53159e-05 0.000101514
-2.48696e-05 0.000102239

-2.48746e-05 0.000102239
-2.47017e-05 0.000102519

-2.47017e-05 0.000102516
-2.44248e-05 0.000102964

-2.44277e-05 0.000102964
-2.39766e-05 0.000103673

-2.39766e-05 0.000103673
-2.39668e-05 0.000103689

-2.39599e-05 0.000103689
-2.34948e-05 0.000104414

-2.35026e-05 0.000104414
-2.32515e-05 0.000104803

-2.32515e-05 0.000104798
-2.30311e-05 0.000105139

-2.30321e-05 0.000105139
-2.25482e-05 0.000105864

-2.25468e-05 0.000105864
-2.25264e-05 0.000105895

-2.25264e-05 0.000105889
-2.20553e-05 0.000106589

-2.20623e-05 0.000106589
-2.18013e-05 0.000106974

-2.18013e-05 0.000106969
-2.15669e-05 0.000107314

-2.15699e-05 0.000107314
-2.10762e-05 0.000108019

-2.10762e-05 0.000108019
-2.10618e-05 0.00010804

-2.10558e-05 0.00010804
-2.05407e-05 0.000108765

-2.05439e-05 0.000108765
-2.03511e-05 0.000109039

-2.03511e-05 0.000109033
-2.00262e-05 0.00010949

-2.00303e-05 0.00010949
-1.9626e-05 0.000110045

-1.9626e-05 0.000110041
-1.95012e-05 0.000110215

-1.94994e-05 0.000110215
-1.89587e-05 0.00011094

-1.89573e-05 0.00011094
-1.89009e-05 0.000111016

-1.89009e-05 0.000111012
-1.84135e-05 0.000111665

-1.84167e-05 0.000111665
-1.81758e-05 0.000111993

-1.81758e-05 0.000111987
-1.7877e-05 0.00011239

-1.78806e-05 0.00011239
-1.74507e-05 0.000112961

-1.74507e-05 0.000112958
-1.73334e-05 0.000113115

-1.73321e-05 0.000113115
-1.6777e-05 0.00011384

-1.67762e-05 0.00011384
-1.67256e-05 0.000113907

-1.67256e-05 0.000113902
-1.62208e-05 0.000114565

-1.62219e-05 0.000114565
-1.60005e-05 0.000114865

-1.60005e-05 0.000114861
-1.56781e-05 0.000115291

-1.56816e-05 0.000115291
-1.52754e-05 0.000115827

-1.52754e-05 0.000115823
-1.51311e-05 0.000116016

-1.51314e-05 0.000116016
-1.45729e-05 0.000116741

-1.45729e-05 0.000116741
-1.45503e-05 0.00011677

-1.45503e-05 0.000116763
-1.40108e-05 0.000117466

-1.40092e-05 0.000117466
-1.38252e-05 0.000117714

-1.38252e-05 0.000117713
-1.34655e-05 0.000118191

-1.34697e-05 0.000118191
-1.31001e-05 0.000118683

-1.31001e-05 0.000118677
-1.29234e-05 0.000118916

-1.29281e-05 0.000118916
-1.2375e-05 0.000119634

7.52128e-05 0
7.52135e-05 7.25098e-07

7.52137e-05 7.25098e-07
7.52156e-05 1.4502e-06

7.52119e-05 1.4502e-06
7.52326e-05 2.90039e-06

7.52352e-05 2.90039e-06
7.52544e-05 3.62549e-06

7.52553e-05 3.62549e-06
7.52761e-05 4.35059e-06

7.52756e-05 4.35059e-06
7.52969e-05 5.07568e-06

7.52968e-05 5.07568e-06
7.53197e-05 5.80078e-06

7.53196e-05 5.80078e-06
7.53448e-05 6.52588e-06

7.53446e-05 6.52588e-06
7.53618e-05 6.9741e-06

7.53618e-05 6.97393e-06
7.53724e-05 7.25098e-06

7.53723e-05 7.25098e-06
7.54031e-05 7.97607e-06

7.54032e-05 7.97607e-06
7.54371e-05 8.70117e-06

7.54371e-05 8.70117e-06
7.54742e-05 9.42627e-06

7.54742e-05 9.42627e-06
7.55143e-05 1.01514e-05

7.55143e-05 1.01514e-05
7.55575e-05 1.08765e-05

7.55575e-05 1.08765e-05
7.56037e-05 1.16016e-05

7.56037e-05 1.16016e-05
7.56526e-05 1.23267e-05

7.56526e-05 1.23267e-05
7.57043e-05 1.30518e-05

7.57043e-05 1.30518e-05
7.57587e-05 1.37769e-05

7.57587e-05 1.37769e-05
7.58157e-05 1.4502e-05

7.58158e-05 1.4502e-05
7.58754e-05 1.52271e-05

7.58755e-05 1.52271e-05
7.59376e-05 1.59521e-05

7.59377e-05 1.59521e-05
7.60019e-05 1.66772e-05

7.60018e-05 1.66772e-05
7.60679e-05 1.74023e-05

7.60673e-05 1.74023e-05
7.60869e-05 1.7607e-05

7.60869e-05 1.76075e-05
7.61369e-05 1.81274e-05

7.61373e-05 1.81274e-05
7.62111e-05 1.88525e-05

7.62113e-05 1.88525e-05
7.62882e-05 1.95776e-05

7.62882e-05 1.95776e-05
7.63679e-05 2.03027e-05

7.63678e-05 2.03027e-05
7.64503e-05 2.10278e-05

7.64503e-05 2.10278e-05
7.65358e-05 2.17529e-05

7.65359e-05 2.17529e-05
7.66241e-05 2.2478e-05

7.66246e-05 2.2478e-05
7.67143e-05 2.32031e-05

7.67138e-05 2.32031e-05
7.68053e-05 2.39282e-05

7.68042e-05 2.39282e-05
7.6812e-05 2.39868e-05

7.6812e-05 2.39876e-05
7.69012e-05 2.46533e-05

7.69021e-05 2.46533e-05
7.70055e-05 2.53784e-05

7.70058e-05 2.53784e-05
7.71132e-05 2.61035e-05

7.71133e-05 2.61035e-05
7.72237e-05 2.68286e-05

7.7224e-05 2.68286e-05
7.73365e-05 2.75537e-05

7.73376e-05 2.75537e-05
7.74491e-05 2.82788e-05

7.74472e-05 2.82788e-05
7.75371e-05 2.88583e-05

7.75371e-05 2.88646e-05
7.75587e-05 2.90039e-05

7.75585e-05 2.90039e-05
7.76784e-05 2.9729e-05

7.76795e-05 2.9729e-05
7.78068e-05 3.04541e-05

7.78074e-05 3.04541e-05
7.79387e-05 3.11792e-05

7.79397e-05 3.11792e-05
7.8072e-05 3.19043e-05

7.80735e-05 3.19043e-05
7.82017e-05 3.26294e-05

7.81982e-05 3.26294e-05
7.82622e-05 3.29883e-05

7.82622e-05 3.2996e-05
7.83261e-05 3.33545e-05

7.83266e-05 3.33545e-05
7.8466e-05 3.40796e-05

7.8467e-05 3.40796e-05
7.8615e-05 3.48047e-05

7.86166e-05 3.48047e-05
7.87678e-05 3.55298e-05

7.87713e-05 3.55298e-05
7.89155e-05 3.62549e-05

7.89115e-05 3.62549e-05
7.89873e-05 3.66456e-05

7.89873e-05 3.66603e-05
7.90493e-05 3.698e-05

7.90495e-05 3.698e-05
7.92e-05 3.77051e-05

7.92012e-05 3.77051e-05
7.93619e-05 3.84302e-05

7.93649e-05 3.84302e-05
7.95278e-05 3.91553e-05

7.95312e-05 3.91553e-05
7.96835e-05 3.98804e-05

7.9678e-05 3.98804e-05
7.97124e-05 4.00466e-05

7.97124e-05 4.00613e-05
7.98251e-05 4.06055e-05

7.98254e-05 4.06055e-05
7.99898e-05 4.13306e-05

7.99916e-05 4.13306e-05
8.01675e-05 4.20557e-05

8.01747e-05 4.20557e-05
8.0344e-05 4.27808e-05

8.03417e-05 4.27808e-05
8.04375e-05 4.32198e-05

4.49077e-05 9.25831e-05
4.45245e-05 9.28125e-05

4.49077e-05 9.25854e-05
4.56328e-05 9.21545e-05

4.7083e-05 9.13025e-05
4.69798e-05 9.13623e-05

4.63579e-05 9.17252e-05
4.57427e-05 9.20874e-05

4.56328e-05 9.21524e-05
4.57438e-05 9.20874e-05

4.63579e-05 9.1728e-05
4.69854e-05 9.13623e-05

4.7083e-05 9.13037e-05
4.78081e-05 9.08835e-05

4.85332e-05 9.04669e-05
4.82359e-05 9.06372e-05

4.78081e-05 9.08845e-05
4.82399e-05 9.06372e-05

4.99834e-05 8.96454e-05
4.95102e-05 8.99121e-05

4.99834e-05 8.96485e-05
5.07085e-05 8.9243e-05

5.14336e-05 8.88381e-05
5.08041e-05 8.9187e-05

5.07085e-05 8.92409e-05
5.08058e-05 8.9187e-05

4.85332e-05 9.04693e-05
4.92583e-05 9.00565e-05

4.92583e-05 9.00554e-05
4.95125e-05 8.99121e-05

5.50591e-05 8.68889e-05
5.48253e-05 8.70117e-05

5.50591e-05 8.68912e-05
5.57842e-05 8.65148e-05

5.65093e-05 8.61412e-05
5.62253e-05 8.62866e-05

5.57842e-05 8.65151e-05
5.62303e-05 8.62866e-05

5.65093e-05 8.61435e-05
5.72344e-05 8.57773e-05

5.21587e-05 8.84391e-05
5.2117e-05 8.84619e-05

5.21587e-05 8.84411e-05
5.28838e-05 8.80467e-05

5.14336e-05 8.8841e-05
5.21249e-05 8.84619e-05

5.36089e-05 8.76555e-05
5.34575e-05 8.77368e-05

5.28838e-05 8.80487e-05
5.34643e-05 8.77368e-05

5.36089e-05 8.76577e-05
5.4334e-05 8.72718e-05

5.4334e-05 8.72728e-05
5.4831e-05 8.70117e-05

6.73857e-05 8.12014e-05
6.73627e-05 8.12109e-05

6.73857e-05 8.12041e-05
6.81108e-05 8.09059e-05

6.81108e-05 8.09074e-05
6.88359e-05 8.06087e-05

5.79595e-05 8.54141e-05
5.76632e-05 8.55615e-05

5.79595e-05 8.54164e-05
5.86846e-05 8.50611e-05

5.72344e-05 8.57774e-05
5.76681e-05 8.55615e-05

5.94097e-05 8.47088e-05
5.91452e-05 8.48364e-05

5.86846e-05 8.50611e-05
5.91503e-05 8.48364e-05

5.94097e-05 8.4711e-05
6.01348e-05 8.43671e-05

6.08599e-05 8.4026e-05
6.06772e-05 8.41113e-05

6.08599e-05 8.40283e-05
6.1585e-05 8.36958e-05

6.23101e-05 8.33654e-05
6.2264e-05 8.33862e-05

6.1585e-05 8.36963e-05
6.22717e-05 8.33862e-05

6.23101e-05 8.3368e-05
6.30352e-05 8.30464e-05

6.01348e-05 8.43674e-05
6.06832e-05 8.41113e-05

6.44854e-05 8.2417e-05
6.39183e-05 8.26611e-05

6.30352e-05 8.30477e-05
6.37603e-05 8.27307e-05

6.37603e-05 8.27297e-05
6.39196e-05 8.26611e-05

6.44854e-05 8.24189e-05
6.52104e-05 8.21108e-05

6.59355e-05 8.18037e-05
6.56206e-05 8.1936e-05

6.52104e-05 8.21101e-05
6.56246e-05 8.1936e-05

6.59355e-05 8.1806e-05
6.66606e-05 8.15047e-05

6.66606e-05 8.15046e-05
6.737e-05 8.12109e-05

6.9561e-05 8.03075e-05
6.9129e-05 8.04858e-05

6.88359e-05 8.06078e-05
6.91313e-05 8.04858e-05

6.9561e-05 8.03101e-05
7.02861e-05 8.00088e-05

7.10112e-05 7.97001e-05
7.08674e-05 7.97607e-05

7.10112e-05 7.9703e-05
7.17363e-05 7.93926e-05

7.02861e-05 8.00084e-05
7.08732e-05 7.97607e-05

7.46367e-05 7.80569e-05
7.41142e-05 7.83105e-05

7.17363e-05 7.93934e-05
7.24614e-05 7.90748e-05

7.31865e-05 7.8747e-05
7.25463e-05 7.90356e-05

7.24614e-05 7.90742e-05
7.25469e-05 7.90356e-05

7.31865e-05 7.87496e-05
7.39116e-05 7.84109e-05

7.39116e-05 7.84097e-05
7.41158e-05 7.83105e-05

7.97124e-05 7.49335e-05
7.90893e-05 7.54102e-05

8.04375e-05 7.43246e-05
8.00079e-05 7.46851e-05

7.97124e-05 7.49345e-05
8.00202e-05 7.46851e-05

7.46367e-05 7.80604e-05
7.53618e-05 7.76922e-05

7.60869e-05 7.73025e-05
7.55577e-05 7.75854e-05

7.53618e-05 7.76912e-05
7.55596e-05 7.75854e-05

7.75371e-05 7.64583e-05
7.68714e-05 7.68604e-05

7.60869e-05 7.73059e-05
7.6812e-05 7.68962e-05

7.6812e-05 7.68961e-05
7.68728e-05 7.68604e-05

7.82622e-05 7.59879e-05
7.80338e-05 7.61353e-05

7.75371e-05 7.6461e-05
7.80414e-05 7.61353e-05

7.82622e-05 7.59941e-05
7.89873e-05 7.5487e-05

7.89873e-05 7.54877e-05
7.90931e-05 7.54102e-05

-1.2375e-05 0.000119634
-1.23694e-05 0.000119641

-1.23649e-05 0.000119641
-1.1792e-05 0.000120366

-1.17902e-05 0.000120366
-1.16499e-05 0.000120545

-1.16499e-05 0.000120544
-1.12146e-05 0.000121091

-1.12139e-05 0.000121091
-1.09248e-05 0.000121459

-1.09248e-05 0.000121451
-1.0637e-05 0.000121816

-1.06409e-05 0.000121816
-1.01997e-05 0.000122353

-1.01997e-05 0.00012235
-1.00414e-05 0.000122542

-1.00471e-05 0.000122542
-9.47461e-06 0.000123196

-9.47461e-06 0.000123196
-9.41115e-06 0.000123267

-9.41631e-06 0.000123267
-8.74951e-06 0.00012397

-8.74951e-06 0.000123971
-8.72882e-06 0.000123992

-8.73087e-06 0.000123992
-8.02441e-06 0.000124672

-8.02441e-06 0.000124673
-7.97666e-06 0.000124717

-7.97172e-06 0.000124717
-7.29932e-06 0.000125302

-7.29932e-06 0.00012531
-7.1341e-06 0.000125442

-7.11633e-06 0.000125442
-6.57422e-06 0.000125866

-6.57422e-06 0.000125881
-6.14902e-06 0.000126167

-6.14306e-06 0.000126167
-5.84912e-06 0.000126362

-5.84912e-06 0.00012636
-5.12402e-06 0.000126765

-5.12402e-06 0.000126771
-4.85724e-06 0.000126892

-4.84815e-06 0.000126892
-4.39893e-06 0.000127097

-4.39893e-06 0.000127094
-3.67383e-06 0.000127351

-3.67383e-06 0.00012735
-2.94873e-06 0.000127546

-2.94873e-06 0.000127548
-2.57203e-06 0.000127617

-2.56988e-06 0.000127617
-2.22363e-06 0.000127681

-2.22363e-06 0.000127678
-1.49854e-06 0.000127749

-1.49854e-06 0.000127748
-7.73437e-07 0.000127763

1.40186e-06 0.000127486
7.38236e-07 0.000127617

1.40186e-06 0.000127486
2.12695e-06 0.000127294

2.12695e-06 0.000127295
2.85205e-06 0.000127054

3.57715e-06 0.000126761
3.24901e-06 0.000126892

2.85205e-06 0.000127054
3.25854e-06 0.000126892

5.02734e-06 0.000126043
4.79132e-06 0.000126167

3.57715e-06 0.000126763
4.30225e-06 0.000126428

4.30225e-06 0.00012643
4.80354e-06 0.000126167

1.08281e-05 0.000121603
1.06001e-05 0.000121816

7.20264e-06 0.00012465
7.10612e-06 0.000124717

7.20264e-06 0.000124656
7.92773e-06 0.000124114

5.02734e-06 0.000126047
5.75244e-06 0.000125624

6.47754e-06 0.000125158
6.03388e-06 0.000125442

5.75244e-06 0.000125625
6.04096e-06 0.000125442

6.47754e-06 0.000125161
7.11737e-06 0.000124717

9.37793e-06 0.000122924
8.96751e-06 0.000123267

8.65283e-06 0.000123536
8.08019e-06 0.000123992

7.92773e-06 0.000124114
8.08538e-06 0.000123992

8.65283e-06 0.000123534
8.97841e-06 0.000123267

1.0103e-05 0.000122277
9.80589e-06 0.000122542

9.37793e-06 0.000122921
9.81609e-06 0.000122542

1.0103e-05 0.000122278
1.061e-05 0.000121816

-7.73437e-07 0.000127762
-4.83398e-08 0.000127723

-4.83398e-08 0.000127722
6.76758e-07 0.00012763

6.76758e-07 0.00012763
7.39478e-07 0.000127617

1.66289e-05 0.000115558
1.62124e-05 0.000116016

2.17046e-05 0.000110195
2.16846e-05 0.000110215

2.24297e-05 0.000109472
2.24114e-05 0.00010949

2.17046e-05 0.000110195
2.24118e-05 0.00010949

1.95293e-05 0.000112442
1.88938e-05 0.000113115

1.80791e-05 0.000113988
1.75465e-05 0.000114565

1.7354e-05 0.00011477
1.68796e-05 0.000115291

1.66289e-05 0.000115562
1.68778e-05 0.000115291

1.7354e-05 0.000114774
1.75462e-05 0.000114565

1.88042e-05 0.000113211
1.82173e-05 0.00011384

1.80791e-05 0.00011399
1.82178e-05 0.00011384

1.88042e-05 0.000113212
1.88945e-05 0.000113115

2.09795e-05 0.000110931
2.09706e-05 0.00011094

2.09721e-05 0.00011094
2.02696e-05 0.000111665

2.02544e-05 0.000111681
1.95774e-05 0.00011239

1.95293e-05 0.000112441
1.9578e-05 0.00011239

2.02544e-05 0.000111681
2.02699e-05 0.000111665

2.09795e-05 0.000110932
2.16856e-05 0.000110215

2.82305e-05 0.000104174
2.79443e-05 0.000104414

2.89556e-05 0.000103571
2.8812e-05 0.000103689

2.82305e-05 0.00010417
2.88087e-05 0.000103689

2.89556e-05 0.000103567
2.96807e-05 0.000102976

3.04058e-05 0.000102396
2.96962e-05 0.000102964

3.11309e-05 0.000101828
3.06069e-05 0.000102239

3.04058e-05 0.000102395
3.06063e-05 0.000102239

2.96807e-05 0.000102976
2.9696e-05 0.000102964

3.1856e-05 0.000101273
3.15367e-05 0.000101514

3.25811e-05 0.000100726
3.24967e-05 0.000100789

3.1856e-05 0.000101268
3.24912e-05 0.000100789

3.40312e-05 9.96552e-05
3.34713e-05 0.000100063

3.25811e-05 0.000100722
3.33062e-05 0.000100184

3.33062e-05 0.000100182
3.34712e-05 0.000100063

3.11309e-05 0.000101825
3.15371e-05 0.000101514

2.53301e-05 0.000106713
2.46784e-05 0.000107314

2.31548e-05 0.000108762
2.31519e-05 0.000108765

2.31548e-05 0.000108762
2.38799e-05 0.000108065

2.24297e-05 0.000109472
2.31517e-05 0.000108765

2.4605e-05 0.000107382
2.39069e-05 0.00010804

2.38799e-05 0.000108065
2.39067e-05 0.00010804

2.4605e-05 0.000107382
2.4678e-05 0.000107314

2.67803e-05 0.000105418
2.62722e-05 0.000105864

2.60552e-05 0.000106059
2.54666e-05 0.000106589

2.53301e-05 0.000106713
2.54665e-05 0.000106589

2.60552e-05 0.000106058
2.62732e-05 0.000105864

2.75054e-05 0.000104791
2.70968e-05 0.000105139

2.67803e-05 0.000105414
2.70993e-05 0.000105139

2.75054e-05 0.000104784
2.79453e-05 0.000104414

1.37285e-05 0.000118684
1.35083e-05 0.000118916

1.22783e-05 0.000120182
1.20956e-05 0.000120366

1.15532e-05 0.000120904
1.13609e-05 0.000121091

1.08281e-05 0.000121606
1.13693e-05 0.000121091

1.15532e-05 0.000120909
1.21019e-05 0.000120366

1.30034e-05 0.000119441
1.28099e-05 0.000119641

1.22783e-05 0.000120188
1.2814e-05 0.000119641

1.30034e-05 0.000119448
1.35105e-05 0.000118916

1.51787e-05 0.000117133
1.48719e-05 0.000117466

1.44536e-05 0.000117913
1.41945e-05 0.000118191

1.37285e-05 0.00011869
1.41955e-05 0.000118191

1.44536e-05 0.000117919
1.4872e-05 0.000117466

1.59038e-05 0.000116347
1.55437e-05 0.000116741

1.51787e-05 0.000117138
1.5543e-05 0.000116741

1.59038e-05 0.000116351
1.62109e-05 0.000116016

3.62065e-05 9.81218e-05
3.54983e-05 9.86133e-05

3.69316e-05 9.76271e-05
3.65492e-05 9.78882e-05

3.62065e-05 9.81209e-05
3.65474e-05 9.78882e-05

3.76567e-05 9.71426e-05
3.76255e-05 9.71631e-05

3.76567e-05 9.71392e-05
3.83818e-05 9.66579e-05

3.69316e-05 9.76268e-05
3.7621e-05 9.71631e-05

3.91069e-05 9.61838e-05
3.87181e-05 9.6438e-05

3.83818e-05 9.66571e-05
3.8717e-05 9.6438e-05

3.91069e-05 9.61844e-05
3.9832e-05 9.57164e-05

3.47563e-05 9.91384e-05
3.44736e-05 9.93384e-05

3.40313e-05 9.96541e-05
3.4472e-05 9.93384e-05

3.47563e-05 9.91359e-05
3.54814e-05 9.8625e-05

3.54814e-05 9.86248e-05
3.54982e-05 9.86133e-05

4.05571e-05 9.52533e-05
3.98366e-05 9.57129e-05

4.12822e-05 9.47972e-05
4.09792e-05 9.49878e-05

4.05571e-05 9.52534e-05
4.09794e-05 9.49878e-05

4.27324e-05 9.38985e-05
4.21414e-05 9.42627e-05

4.12822e-05 9.47985e-05
4.20073e-05 9.43467e-05

4.20073e-05 9.43449e-05
4.21418e-05 9.42627e-05

3.9832e-05 9.57159e-05
3.98368e-05 9.57129e-05

4.34575e-05 9.34573e-05
4.33247e-05 9.35376e-05

4.27324e-05 9.39001e-05
4.33272e-05 9.35376e-05

4.34575e-05 9.34576e-05
4.41826e-05 9.30184e-05

4.41826e-05 9.30181e-05
4.45261e-05 9.28125e-05

