8.71587e-05 9.28125e-05
8.73165e-05 9.35376e-05

8.73158e-05 9.35376e-05
8.74771e-05 9.42627e-05

8.74777e-05 9.42627e-05
8.76427e-05 9.49878e-05

8.76444e-05 9.49878e-05
8.76885e-05 9.51825e-05

8.76885e-05 9.51827e-05
8.78086e-05 9.57129e-05

8.78074e-05 9.57129e-05
8.79701e-05 9.6438e-05

8.79694e-05 9.6438e-05
8.81344e-05 9.71631e-05

8.81338e-05 9.71631e-05
8.83037e-05 9.78882e-05

8.83068e-05 9.78882e-05
8.84136e-05 9.83445e-05

8.84136e-05 9.83448e-05
8.84764e-05 9.86133e-05

8.8475e-05 9.86133e-05
8.86413e-05 9.93384e-05

8.86408e-05 9.93384e-05
8.88077e-05 0.000100063

8.88067e-05 0.000100063
8.89771e-05 0.000100789

8.89798e-05 0.000100789
8.91387e-05 0.000101464

8.91387e-05 0.000101464
8.91503e-05 0.000101514

8.91499e-05 0.000101514
8.9316e-05 0.000102239

8.93154e-05 0.000102239
8.94792e-05 0.000102964

8.94784e-05 0.000102964
8.96426e-05 0.000103689

8.96432e-05 0.000103689
8.98084e-05 0.000104414

8.98106e-05 0.000104414
8.98638e-05 0.000104654

8.98638e-05 0.000104654
8.99711e-05 0.000105139

8.99699e-05 0.000105139
9.0124e-05 0.000105864

9.01236e-05 0.000105864
9.02744e-05 0.000106589

9.0274e-05 0.000106589
9.04232e-05 0.000107314

9.04246e-05 0.000107314
9.05704e-05 0.00010804

9.05712e-05 0.00010804
9.05889e-05 0.000108132

9.05889e-05 0.000108132
9.07092e-05 0.000108765

9.07086e-05 0.000108765
9.08386e-05 0.00010949

9.08385e-05 0.00010949
9.0962e-05 0.000110215

9.09622e-05 0.000110215
9.10792e-05 0.00011094

9.10792e-05 0.00011094
9.11894e-05 0.000111665

9.11898e-05 0.000111665
9.12924e-05 0.00011239

9.12933e-05 0.00011239
9.1314e-05 0.000112552

9.1314e-05 0.000112553
9.13857e-05 0.000113115

9.13852e-05 0.000113115
9.14671e-05 0.00011384

9.14671e-05 0.00011384
9.15394e-05 0.000114565

9.15395e-05 0.000114565
9.16023e-05 0.000115291

9.16023e-05 0.000115291
9.16553e-05 0.000116016

9.16554e-05 0.000116016
9.16985e-05 0.000116741

9.16985e-05 0.000116741
9.17317e-05 0.000117466

9.17317e-05 0.000117466
9.17552e-05 0.000118191

9.17551e-05 0.000118191
9.17693e-05 0.000118916

9.17692e-05 0.000118916
9.17745e-05 0.000119641

9.17743e-05 0.000119641
9.17713e-05 0.000120366

9.17711e-05 0.000120366
9.17604e-05 0.000121091

9.17601e-05 0.000121091
9.17426e-05 0.000121816

9.17424e-05 0.000121816
9.17192e-05 0.000122542

9.17189e-05 0.000122542
9.16911e-05 0.000123267

9.16907e-05 0.000123267
9.16597e-05 0.000123992

9.16593e-05 0.000123992
9.16265e-05 0.000124717

9.16261e-05 0.000124717
9.1593e-05 0.000125442

9.15926e-05 0.000125442
9.15607e-05 0.000126167

9.15603e-05 0.000126167
9.15314e-05 0.000126892

9.1531e-05 0.000126892
9.15065e-05 0.000127617

9.15061e-05 0.000127617
9.14876e-05 0.000128342

9.14873e-05 0.000128342
9.14763e-05 0.000129067

9.14759e-05 0.000129067
9.14738e-05 0.000129792

9.14735e-05 0.000129792
9.14816e-05 0.000130518

9.14813e-05 0.000130518
9.15008e-05 0.000131243

9.15005e-05 0.000131243
9.15326e-05 0.000131968

9.15324e-05 0.000131968
9.15783e-05 0.000132693

9.15781e-05 0.000132693
9.16388e-05 0.000133418

9.16386e-05 0.000133418
9.1715e-05 0.000134143

9.17147e-05 0.000134143
9.18077e-05 0.000134868

9.18073e-05 0.000134868
9.19182e-05 0.000135593

9.19184e-05 0.000135593
9.20391e-05 0.00013627

9.20391e-05 0.00013627
9.20476e-05 0.000136318

9.20475e-05 0.000136318
9.21949e-05 0.000137043

9.21948e-05 0.000137043
9.23611e-05 0.000137769

9.23605e-05 0.000137769
9.25472e-05 0.000138494

9.25479e-05 0.000138494
9.27551e-05 0.000139219

9.27542e-05 0.000139219
9.27642e-05 0.00013925

9.27642e-05 0.000139249
9.29818e-05 0.000139944

9.2981e-05 0.000139944
9.323e-05 0.000140669

9.3231e-05 0.000140669
9.34893e-05 0.000141362

9.34893e-05 0.000141361
9.35014e-05 0.000141394

9.35002e-05 0.000141394
9.37923e-05 0.000142119

9.37926e-05 0.000142119
9.41083e-05 0.000142844

9.41073e-05 0.000142844
9.42144e-05 0.000143073

9.42144e-05 0.000143071
9.44472e-05 0.000143569

9.44473e-05 0.000143569
9.48091e-05 0.000144294

9.48078e-05 0.000144294
9.49395e-05 0.000144542

9.49395e-05 0.000144541
9.51945e-05 0.00014502

9.51959e-05 0.00014502
9.56058e-05 0.000145745

9.56057e-054.10962e-05 0
4.10965e-05 7.25098e-07

4.10964e-05 7.25098e-07
4.10973e-05 1.4502e-06

4.10971e-05 1.4502e-06
4.10991e-05 2.17529e-06

4.10991e-05 2.17529e-06
4.11025e-05 2.90039e-06

4.11026e-05 2.90039e-06
4.11074e-05 3.62549e-06

4.11074e-05 3.62549e-06
4.11132e-05 4.35059e-06

4.11132e-05 4.35059e-06
4.112e-05 5.07568e-06

4.11199e-05 5.07568e-06
4.11277e-05 5.80078e-06

4.11277e-05 5.80078e-06
4.11365e-05 6.52588e-06

4.11365e-05 6.52588e-06
4.11463e-05 7.25098e-06

4.11463e-05 7.25098e-06
4.1157e-05 7.97607e-06

4.1157e-05 7.97607e-06
4.11687e-05 8.70117e-06

4.11687e-05 8.70117e-06
4.11816e-05 9.42627e-06

4.11815e-05 9.42627e-06
4.11958e-05 1.01514e-05

4.11958e-05 1.01514e-05
4.12114e-05 1.08765e-05

4.12114e-05 1.08765e-05
4.12283e-05 1.16016e-05

4.12284e-05 1.16016e-05
4.12465e-05 1.23267e-05

4.12465e-05 1.23267e-05
4.12657e-05 1.30518e-05

4.12658e-05 1.30518e-05
4.12822e-05 1.36443e-05

4.12822e-05 1.36442e-05
4.12859e-05 1.37769e-05

4.12858e-05 1.37769e-05
4.13069e-05 1.4502e-05

4.13071e-05 1.4502e-05
4.13508e-05 1.59521e-05

4.13508e-05 1.59521e-05
4.13733e-05 1.66772e-05

4.13733e-05 1.66772e-05
4.13966e-05 1.74023e-05

4.13968e-05 1.74023e-05
4.14446e-05 1.88525e-05

4.14443e-05 1.88525e-05
4.14688e-05 1.95776e-05

4.14689e-05 1.95776e-05
4.14944e-05 2.03027e-05

4.14944e-05 2.03027e-05
4.15208e-05 2.10278e-05

4.15208e-05 2.10278e-05
4.15479e-05 2.17529e-05

4.15479e-05 2.17529e-05
4.15758e-05 2.2478e-05

4.15758e-05 2.2478e-05
4.16046e-05 2.32031e-05

4.16046e-05 2.32031e-05
4.16342e-05 2.39282e-05

4.16342e-05 2.39282e-05
4.16646e-05 2.46533e-05

4.16646e-05 2.46533e-05
4.16958e-05 2.53784e-05

4.16958e-05 2.53784e-05
4.17278e-05 2.61035e-05

4.17278e-05 2.61035e-05
4.17605e-05 2.68286e-05

4.17605e-05 2.68286e-05
4.17941e-05 2.75537e-05

4.17941e-05 2.75537e-05
4.18284e-05 2.82788e-05

4.18284e-05 2.82788e-05
4.18634e-05 2.90039e-05

4.18634e-05 2.90039e-05
4.18993e-05 2.9729e-05

4.18993e-05 2.9729e-05
4.1936e-05 3.04541e-05

4.1936e-05 3.04541e-05
4.19734e-05 3.11792e-05

4.19734e-05 3.11792e-05
4.20073e-05 3.18222e-05

4.20073e-05 3.18223e-05
4.20116e-05 3.19043e-05

4.20116e-05 3.19043e-05
4.20507e-05 3.26294e-05

4.20507e-05 3.26294e-05
4.20906e-05 3.33545e-05

4.20906e-05 3.33545e-05
4.21313e-05 3.40796e-05

4.21313e-05 3.40796e-05
4.21729e-05 3.48047e-05

4.21729e-05 3.48047e-05
4.22152e-05 3.55298e-05

4.22152e-05 3.55298e-05
4.22585e-05 3.62549e-05

4.22585e-05 3.62549e-05
4.23026e-05 3.698e-05

4.23026e-05 3.698e-05
4.23475e-05 3.77051e-05

4.23475e-05 3.77051e-05
4.23933e-05 3.84302e-05

4.23933e-05 3.84302e-05
4.244e-05 3.91553e-05

4.244e-05 3.91553e-05
4.24876e-05 3.98804e-05

4.24876e-05 3.98804e-05
4.2536e-05 4.06055e-05

4.2536e-05 4.06055e-05
4.25853e-05 4.13306e-05

4.25853e-05 4.13306e-05
4.26356e-05 4.20557e-05

4.26356e-05 4.20557e-05
4.26867e-05 4.27808e-05

4.26866e-05 4.27808e-05
4.27324e-05 4.34194e-05

4.27324e-05 4.34195e-05
4.27386e-05 4.35059e-05

4.27386e-05 4.35059e-05
4.27916e-05 4.4231e-05

4.27916e-05 4.4231e-05
4.28455e-05 4.49561e-05

4.28455e-05 4.49561e-05
4.29003e-05 4.56812e-05

4.29003e-05 4.56812e-05
4.2956e-05 4.64062e-05

8.04375e-05 2.92951e-05
8.04222e-05 2.9729e-05

8.04222e-05 2.9729e-05
8.04004e-05 3.04541e-05

8.04005e-05 3.04541e-05
8.03825e-05 3.11792e-05

8.03825e-05 3.11792e-05
8.03682e-05 3.19043e-05

8.03683e-05 3.19043e-05
8.03576e-05 3.26294e-05

8.03576e-05 3.26294e-05
8.03504e-05 3.33545e-05

8.03504e-05 3.33545e-05
8.03465e-05 3.40796e-05

8.03465e-05 3.40796e-05
8.03458e-05 3.48047e-05

8.03458e-05 3.48047e-05
8.03481e-05 3.55298e-05

8.03482e-05 3.55298e-05
8.03534e-05 3.62549e-05

8.03534e-05 3.62549e-05
8.03614e-05 3.698e-05

8.03614e-05 3.698e-05
8.0372e-05 3.77051e-05

8.0372e-05 3.77051e-05
8.03852e-05 3.84302e-05

8.03852e-05 3.84302e-05
8.04008e-05 3.91553e-05

8.04008e-05 3.91553e-05
8.04187e-05 3.98804e-05

8.04187e-05 3.98804e-05
8.04375e-05 4.0551e-05

4.2956e-05 4.64062e-05
4.30127e-05 4.71313e-05

4.30127e-05 4.71313e-05
4.30704e-05 4.78564e-05

4.30704e-05 4.78564e-05
4.3129e-05 4.85815e-05

4.3129e-05 4.85815e-05
4.318 0.000145745
9.56646e-05 0.000145844

9.56646e-05 0.000145847
9.60382e-05 0.00014647

9.60399e-05 0.00014647
9.63896e-05 0.00014702

9.63896e-05 0.000147018
9.65012e-05 0.000147195

9.65002e-05 0.000147195
9.69841e-05 0.00014792

9.69874e-05 0.00014792
9.71147e-05 0.000148107

9.71147e-05 0.000148108
9.74926e-05 0.000148645

9.7494e-05 0.000148645
9.78398e-05 0.000149113

9.78398e-05 0.000149111
9.80294e-05 0.00014937

9.80314e-05 0.00014937
9.85649e-05 0.00015006

9.85649e-05 0.000150061
9.8592e-05 0.000150095

9.85911e-05 0.000150095
9.91751e-05 0.00015082

9.91776e-05 0.00015082
9.929e-05 0.000150957

9.929e-05 0.000150958
9.97841e-05 0.000151545

9.97888e-05 0.000151545
0.000100015 0.000151808

0.000100015 0.000151807
0.000100417 0.000152271

0.000100424 0.000152271
0.00010074 0.000152624

0.00010074 0.000152625
0.000101077 0.000152996

0.000101084 0.000152996
0.000101465 0.000153407

0.000101465 0.00015341
0.000101758 0.000153721

0.000101765 0.000153721
0.00010219 0.000154167

0.00010219 0.00015417
0.000102457 0.000154446

0.000102463 0.000154446
0.000102916 0.00015491

0.000102916 0.000154914
0.000103169 0.000155171

0.000103174 0.000155171
0.000103641 0.000155641

8.04375e-05 0.00017924
8.08843e-05 0.000179824

8.08833e-05 0.000179824
8.11626e-05 0.000180194

8.11626e-05 0.000180188
8.14357e-05 0.000180549

8.14364e-05 0.000180549
8.18877e-05 0.00018114

8.18877e-05 0.000181139
8.19902e-05 0.000181274

8.19941e-05 0.000181274
8.25408e-05 0.000182

8.25418e-05 0.000182
8.26128e-05 0.000182097

8.26128e-05 0.000182099
8.30737e-05 0.000182725

8.30704e-05 0.000182725
8.33379e-05 0.000183091

8.33379e-05 0.000183087
8.36026e-05 0.00018345

8.36018e-05 0.00018345
8.4063e-05 0.000184072

8.4063e-05 0.000184072
8.41387e-05 0.000184175

8.41422e-05 0.000184175
8.46788e-05 0.0001849

8.46789e-05 0.0001849
8.47881e-05 0.000185051

8.47881e-05 0.000185053
8.52111e-05 0.000185625

0.000103641 0.000155644
0.000103892 0.000155896

0.000103896 0.000155896
0.000104366 0.000156364

0.000104366 0.000156367
0.000104622 0.000156621

0.000104625 0.000156621
0.000105091 0.000157082

0.000105091 0.000157086
0.000105353 0.000157346

0.000105358 0.000157346
0.000105816 0.000157802

0.000105816 0.000157806
0.000106081 0.000158071

0.000106087 0.000158071
0.000106541 0.000158531

0.000106541 0.000158535
0.000106796 0.000158796

0.000106804 0.000158796
0.000107266 0.00015928

0.000107266 0.000159284
0.000107491 0.000159521

0.0001075 0.000159521
0.000107991 0.000160058

0.000107991 0.00016006
0.000108159 0.000160247

0.000108166 0.000160247
0.000108716 0.00016088

0.000108716 0.00016088
0.000108794 0.000160972

0.000108796 0.000160972
0.000109389 0.000161697

0.000109394 0.000161697
0.000109441 0.000161757

0.000109441 0.000161765
0.000109943 0.000162422

0.000109952 0.000162422
0.000110167 0.00016273

0.000110167 0.00016274
0.000110449 0.000163147

0.000110452 0.000163147
0.000110892 0.000163857

0.000110892 0.000163856
0.000110901 0.000163872

0.0001109 0.000163872
0.0001113 0.000164597

0.000111302 0.000164597
0.000111617 0.000165254

0.000111617 0.000165255
0.000111649 0.000165322

0.000111649 0.000165322
0.000111939 0.000166047

0.000111937 0.000166047
0.000112175 0.000166772

0.000112176 0.000166772
0.000112342 0.000167425

0.000112342 0.000167426
0.00011236 0.000167498

0.00011236 0.000167498
0.000112489 0.000168223

0.000112342 0.000171929
0.000112192 0.000172573

0.000112192 0.000172573
0.000111978 0.000173298

0.000111977 0.000173298
0.000111721 0.000174023

0.000112489 0.000168223
0.000112564 0.000168948

0.000112564 0.000168948
0.000112588 0.000169673

0.000112588 0.000169673
0.000112562 0.000170398

0.000112561 0.000170398
0.000112485 0.000171123

0.000112485 0.000171123
0.000112361 0.000171848

0.000112342 0.00017193
0.000112361 0.000171848

0.000109441 0.000178324
0.000109411 0.000178374

0.000108716 0.000179424
0.000108448 0.000179824

0.000109412 0.000178374
0.000108937 0.000179099

0.000108716 0.000179427
0.000108936 0.000179099

0.000106541 0.00018262
0.000106472 0.000182725

0.000105091 0.000184751
0.00010499 0.0001849

86e-05 4.93066e-05

4.31886e-05 4.93066e-05
4.32491e-05 5.00317e-05

4.32491e-05 5.00317e-05
4.33106e-05 5.07568e-05

4.33106e-05 5.07568e-05
4.33731e-05 5.14819e-05

4.33731e-05 5.14819e-05
4.34365e-05 5.2207e-05

4.34365e-05 5.2207e-05
4.34575e-05 5.24439e-05

4.34575e-05 5.24443e-05
4.35009e-05 5.29321e-05

4.3501e-05 5.29321e-05
4.35665e-05 5.36572e-05

4.35665e-05 5.36572e-05
4.3633e-05 5.43823e-05

4.36329e-05 5.43823e-05
4.37003e-05 5.51074e-05

4.37003e-05 5.51074e-05
4.37687e-05 5.58325e-05

4.37687e-05 5.58325e-05
4.3838e-05 5.65576e-05

4.3838e-05 5.65576e-05
4.39083e-05 5.72827e-05

4.39083e-05 5.72827e-05
4.39795e-05 5.80078e-05

4.39795e-05 5.80078e-05
4.40517e-05 5.87329e-05

4.40517e-05 5.87329e-05
4.41248e-05 5.9458e-05

4.41247e-05 5.9458e-05
4.41826e-05 6.00243e-05

4.41826e-05 6.00245e-05
4.41988e-05 6.01831e-05

4.41989e-05 6.01831e-05
4.42741e-05 6.09082e-05

4.42742e-05 6.09082e-05
4.43503e-05 6.16333e-05

4.43503e-05 6.16333e-05
4.44274e-05 6.23584e-05

4.44274e-05 6.23584e-05
4.45054e-05 6.30835e-05

4.45054e-05 6.30835e-05
4.45843e-05 6.38086e-05

4.45843e-05 6.38086e-05
4.46642e-05 6.45337e-05

4.46642e-05 6.45337e-05
4.4745e-05 6.52588e-05

4.4745e-05 6.52588e-05
4.48268e-05 6.59839e-05

4.48267e-05 6.59839e-05
4.49077e-05 6.66933e-05

4.49077e-05 6.66935e-05
4.49095e-05 6.6709e-05

4.49095e-05 6.6709e-05
4.49935e-05 6.74341e-05

4.49936e-05 6.74341e-05
4.50785e-05 6.81592e-05

4.50786e-05 6.81592e-05
4.51644e-05 6.88843e-05

4.51643e-05 6.88843e-05
4.5251e-05 6.96094e-05

4.5251e-05 6.96094e-05
4.53387e-05 7.03345e-05

4.53387e-05 7.03345e-05
4.54272e-05 7.10596e-05

4.54271e-05 7.10596e-05
4.55165e-05 7.17847e-05

4.55165e-05 7.17847e-05
4.56068e-05 7.25098e-05

4.56068e-05 7.25098e-05
4.56328e-05 7.2716e-05

4.56328e-05 7.27166e-05
4.56983e-05 7.32349e-05

4.56985e-05 7.32349e-05
4.57912e-05 7.396e-05

4.57911e-05 7.396e-05
4.58844e-05 7.46851e-05

4.58844e-05 7.46851e-05
4.59786e-05 7.54102e-05

4.59786e-05 7.54102e-05
4.60736e-05 7.61353e-05

4.60737e-05 7.61353e-05
4.61695e-05 7.68604e-05

4.61694e-05 7.68604e-05
4.62661e-05 7.75854e-05

4.6266e-05 7.75854e-05
4.63579e-05 7.82675e-05

4.63579e-05 7.82678e-05
4.63637e-05 7.83105e-05

4.63637e-05 7.83105e-05
4.64628e-05 7.90356e-05

4.6463e-05 7.90356e-05
4.6563e-05 7.97607e-05

4.65629e-05 7.97607e-05
4.66636e-05 8.04858e-05

4.66636e-05 8.04858e-05
4.67651e-05 8.12109e-05

4.67651e-05 8.12109e-05
4.68674e-05 8.1936e-05

4.68674e-05 8.1936e-05
4.69704e-05 8.26611e-05

4.69704e-05 8.26611e-05
4.70745e-05 8.33862e-05

4.70745e-05 8.33862e-05
4.7083e-05 8.34449e-05

4.7083e-05 8.34456e-05
4.71799e-05 8.41113e-05

4.71802e-05 8.41113e-05
4.72867e-05 8.48364e-05

4.72866e-05 8.48364e-05
4.73936e-05 8.55615e-05

4.73936e-05 8.55615e-05
4.75013e-05 8.62866e-05

4.75013e-05 8.62866e-05
4.76097e-05 8.70117e-05

4.76097e-05 8.70117e-05
4.77188e-05 8.77368e-05

4.77185e-05 8.77368e-05
4.78081e-05 8.83253e-05

4.78081e-05 8.83256e-05
4.78289e-05 8.84619e-05

4.78291e-05 8.84619e-05
4.79409e-05 8.9187e-05

4.79409e-05 8.9187e-05
4.80534e-05 8.99121e-05

4.80534e-05 8.99121e-05
4.81664e-05 9.06372e-05

4.81663e-05 9.06372e-05
4.82797e-05 9.13623e-05

4.82797e-05 9.13623e-05
4.83939e-05 9.20874e-05

4.83938e-05 9.20874e-05
4.85089e-05 9.28125e-05

4.85088e-05 9.28125e-05
4.85332e-05 9.29643e-05

4.85332e-05 9.29651e-05
4.86253e-05 9.35376e-05

4.86258e-05 9.35376e-05
4.87434e-05 9.42627e-05

4.87433e-05 9.42627e-05
4.88612e-05 9.49878e-05

4.88612e-05 9.49878e-05
4.89796e-05 9.57129e-05

4.89796e-05 9.57129e-05
4.90986e-05 9.6438e-05

4.90985e-05 9.6438e-05
4.92183e-05 9.71631e-05

4.9218e-05 9.71631e-05
4.92583e-05 9.74035e-05

4.92583e-05 9.74042e-05
4.93394e-05 9.78882e-05

4.934e-05 9.78882e-05
4.94626e-05 9.86133e-05

4.94625e-05 9.86133e-05
4.95853e-05 9.93384e-05

4.95853e-05 9.93384e-05
4.97086e-05 0.000100063

4.97086e-05 0.000100063
4.98323e-05 0.000100789

4.98322e-05 0.000100789
4.99569e-05 0.000101514

4.99567e-05 0.000101514
4.99834e-05 0.000101666

4.99834e-05 0.000101667
5.00832e-05 0.000102239

5.00839e-05 0.000102239
5.02115e-05 0.000102964

5.02113e-05 0.000102964
5.03389e-05 0.000103689

5.03389e-05 0.000103689
5.04669e-05 0.000104414

5.04668e-05 0.000104414
5.05953e-05 0.000105139

5.05949e-05 0.000105139
5.07085e-05 0.000105772

5.07085e-05 0.000105773
5.07249e-05 0.000105864

5.07253e-05 0.000105864
5.08572e-05 0.000106589

5.08575e-05 0.000106589
5.099e-05 0.000107314

5.099e-05 0.000107314
5.11227e-05 0.00010804

5.11225e-05 0.00010804
5.12556e-05 0.000108765

5.12554e-05 0.000108765
5.13897e-05 0.00010949

5.13893e-05 0.00010949
5.14336e-05 0.000109725

5.14336e-05 0.000109725
5.15258e-05 0.000110215

5.15267e-05 0.000110215
5.16647e-05 0.00011094

5.16645e-05 0.00011094
5.18024e-05 0.000111665

5.18024e-05 0.000111665
5.19407e-05 0.00011239

5.19405e-05 0.00011239
5.20799e-05 0.000113115

5.20793e-05 0.000113115
5.21587e-05 0.000113521

5.21587e-05 0.000113521
5.22211e-05 0.00011384

5.22221e-05 0.00011384
5.2366e-05 0.000114565

5.2366e-05 0.000114565
5.25101e-05 0.000115291

5.251e-05 0.000115291
5.26546e-05 0.000116016

5.26544e-05 0.000116016
5.28001e-05 0.000116741

5.27995e-05 0.000116741
5.28838e-05 0.000117152

5.28838e-05 0.000117153
5.2948e-05 0.000117466

5.29491e-05 0.000117466
5.31001e-05 0.000118191

5.31001e-05 0.000118191
5.32513e-05 0.000118916

5.32512e-05 0.000118916
5.34028e-05 0.000119641

5.34024e-05 0.000119641
5.35557e-05 0.000120366

5.35552e-05 0.000120366
5.36089e-05 0.000120614

5.36089e-05 0.000120615
5.37121e-05 0.000121091

5.37135e-05 0.000121091
5.38727e-05 0.000121816

5.38725e-05 0.000121816
5.40318e-05 0.000122542

5.40316e-05 0.000122542
5.41921e-05 0.000123267

5.41912e-05 0.000123267
5.4334e-05 0.000123899

5.4334e-05 0.000123899
5.43548e-05 0.000123992

5.43556e-05 0.000123992
5.45231e-05 0.000124717

5.45237e-05 0.000124717
5.46923e-05 0.000125442

5.46919e-05 0.000125442
5.48612e-05 0.000126167

5.48604e-05 0.000126167
5.50326e-05 0.000126892

5.50325e-05 0.000126892
5.50591e-05 0.000127001

5.50591e-05 0.000127002
5.52095e-05 0.000127617

5.52113e-05 0.000127617
5.53908e-05 0.000128342

5.53901e-05 0.000128342
5.55697e-05 0.000129067

5.55688e-05 0.000129067
5.57515e-05 0.000129792

5.57513e-05 0.000129792
5.57842e-05 0.000129919

5.57842e-05 0.00012992
5.59393e-05 0.000130518

5.59414e-05 0.000130518
5.61318e-05 0.000131243

5.61308e-05 0.000131243
5.63214e-05 0.000131968

5.63201e-05 0.000131968
5.65093e-05 0.00013267

5.65093e-05 0.000132671
5.65152e-05 0.000132693

5.65161e-05 0.000132693
5.67167e-05 0.000133418

5.67178e-05 0.000133418
5.69198e-05 0.000134143

5.69187e-05 0.000134143
5.7122e-05 0.000134868

5.71204e-05 0.000134868
5.72344e-05 0.000135262

5.72344e-05 0.000135262
5.73302e-05 0.000135593

5.73333e-05 0.000135593
5.75471e-05 0.000136318

5.7546e-05 0.000136318
5.77598e-05 0.000137043

5.77581e-05 0.000137043
5.79595e-05 0.000137708

5.79595e-05 0.000137709
5.79776e-05 0.000137769

5.79794e-05 0.000137769
5.82046e-05 0.000138494

5.82051e-05 0.000138494
5.84316e-05 0.000139219

5.84298e-05 0.000139219
5.86601e-05 0.000139944

5.86603e-05 0.000139944
5.86846e-05 0.000140018

5.86846e-05 0.000140018
5.88976e-05 0.000140669

5.88996e-05 0.000140669
5.91391e-05 0.000141394

5.91366e-05 0.000141394
5.93791e-05 0.000142119

5.93792e-05 0.000142119
5.94097e-05 0.000142208

5.94097e-05 0.000142207
5.96291e-05 0.000142844

5.96312e-05 0.000142844
5.98835e-05 0.000143569

5.98805e-05 0.000143569
6.01348e-05 0.000144288

6.01348e-05 0.000144288
6.0137e-05 0.000144294

6.01389e-05 0.000144294
6.04023e-05 0.00014502

6.04026e-05 0.00014502
6.06684e-05 0.000145745

6.06656e-05 0.000145745
6.08599e-05 0.000146261

6.08599e-05 0.000146261
6.09385e-05 0.00014647

6.09425e-05 0.00014647
6.12204e-05 0.000147195

6.12178e-05 0.000147195
6.1498e-05 0.00014792

6.1497e-05 0.00014792
6.1585e-05 0.00014814

6.1585e-05 0.000148139
6.17867e-05 0.000148645

6.17897e-05 0.000148645
6.20829e-05 0.00014937

6.20787e-05 0.00014937
6.23101e-05 0.000149931

6.23101e-05 0.000149931
6.23779e-05 0.000150095

6.23822e-05 0.000150095
6.26875e-05 0.00015082

6.26842e-05 0.00015082
6.29936e-05 0.000151545

6.29941e-05 0.0.000104992 0.0001849
0.000104475 0.000185625

0.000105816 0.000183694
0.000105488 0.000184175

0.000106473 0.000182725
0.000105981 0.00018345

0.000105816 0.000183696
0.000105982 0.00018345

0.000105091 0.000184754
0.000105491 0.000184175

0.000107991 0.000180492
0.000107953 0.000180549

0.000107954 0.000180549
0.000107459 0.000181274

0.000107266 0.000181555
0.000106963 0.000182

0.000106541 0.000182623
0.000106964 0.000182

0.000107266 0.000181558
0.000107458 0.000181274

0.000107991 0.000180496
0.000108448 0.000179824

0.000110892 0.000175845
0.00011071 0.000176199

0.00011071 0.000176199
0.000110305 0.000176924

0.000111617 0.000174274
0.000111422 0.000174749

0.000111422 0.000174749
0.000111085 0.000175474

0.000111617 0.000174276
0.00011172 0.000174023

0.000110892 0.000175849
0.000111084 0.000175474

0.000110167 0.000177153
0.00010987 0.000177649

0.000109441 0.000178329
0.00010987 0.000177649

0.000110167 0.000177155
0.000110305 0.000176924

8.5207e-05 0.000185625
8.55132e-05 0.00018603

8.55132e-05 0.000186023
8.57597e-05 0.00018635

8.57575e-05 0.00018635
8.62383e-05 0.000186947

8.62383e-05 0.000186947
8.63428e-05 0.000187075

8.63408e-05 0.000187075
8.69609e-05 0.0001878

8.69608e-05 0.0001878
8.69634e-05 0.000187803

8.69634e-05 0.000187809
8.7624e-05 0.000188525

8.76247e-05 0.000188525
8.76885e-05 0.000188591

8.76885e-05 0.000188601
8.83646e-05 0.00018925

8.83653e-05 0.00018925
8.84136e-05 0.000189294

8.84136e-05 0.000189296
8.91387e-05 0.000189893

8.91387e-05 0.000189895
8.92506e-05 0.000189976

8.92694e-05 0.000189976
8.98638e-05 0.000190395

8.98638e-05 0.000190406
9.03606e-05 0.000190701

9.03732e-05 0.000190701
9.05889e-05 0.000190828

9.05889e-05 0.000190825
9.1314e-05 0.000191178

9.1314e-05 0.000191184
9.1939e-05 0.000191426

9.19437e-05 0.000191426
9.20391e-05 0.000191463

9.78398e-05 0.000191308
9.748e-05 0.000191426

9.20391e-05 0.000191461
9.27642e-05 0.000191666

9.27642e-05 0.000191664
9.34893e-05 0.000191802

9.34893e-05 0.000191802
9.42144e-05 0.000191876

9.42144e-05 0.000191876
9.49395e-05 0.000191887

9.49395e-05 0.000191886
9.56646e-05 0.000191835

9.56646e-05 0.000191835
9.63896e-05 0.000191723

9.63896e-05 0.000191724
9.71147e-05 0.000191549

9.71147e-05 0.000191551
9.74963e-05 0.000191426

9.78398e-05 0.000191311
9.85649e-05 0.00019101

9.929e-05 0.000190629
9.91503e-05 0.000190701

9.85649e-05 0.000191015
9.91796e-05 0.000190701

0.00010074 0.000189672
0.000100317 0.000189976

9.929e-05 0.00019064
0.000100015 0.000190195

0.000100015 0.000190199
0.000100334 0.000189976

0.00010219 0.000188374
0.000102039 0.000188525

0.000103641 0.000186723
0.000103363 0.000187075

0.000102916 0.000187596
0.000102735 0.0001878

0.00010219 0.000188384
0.000102739 0.0001878

0.000102916 0.000187599
0.000103363 0.000187075

0.000101465 0.000189063
0.000101246 0.00018925

0.00010074 0.000189678
0.000101262 0.00018925

0.000101465 0.000189074
0.000102052 0.000188525

0.000104366 0.000185774
0.000103936 0.00018635

0.000103641 0.000186729
0.000103936 0.00018635

0.000104366 0.000185777
0.000104476 0.000185625

000151545
6.30352e-05 0.000151639

6.30352e-05 0.000151637
6.33127e-05 0.000152271

6.33134e-05 0.000152271
6.36358e-05 0.000152996

6.36332e-05 0.000152996
6.37603e-05 0.000153275

6.37603e-05 0.000153274
6.39637e-05 0.000153721

6.39673e-05 0.000153721
6.43032e-05 0.000154446

6.42986e-05 0.000154446
6.44854e-05 0.00015484

6.44854e-05 0.00015484
6.4642e-05 0.000155171

6.46469e-05 0.000155171
6.49966e-05 0.000155896

6.4991e-05 0.000155896
6.52104e-05 0.000156342

6.52104e-05 0.000156341
6.53484e-05 0.000156621

6.53538e-05 0.000156621
6.57179e-05 0.000157346

6.57119e-05 0.000157346
6.59355e-05 0.000157782

6.59355e-05 0.000157782
6.6084e-05 0.000158071

6.60894e-05 0.000158071
6.64688e-05 0.000158796

6.64632e-05 0.000158796
6.66606e-05 0.000159167

6.66606e-05 0.000159166
6.68504e-05 0.000159521

6.68547e-05 0.000159521
6.72501e-05 0.000160247

6.72464e-05 0.000160247
6.73857e-05 0.000160498

6.73857e-05 0.000160497
6.76489e-05 0.000160972

6.76501e-05 0.000160972
6.80627e-05 0.000161697

6.80636e-05 0.000161697
6.81108e-05 0.000161779

6.81108e-05 0.000161778
6.84822e-05 0.000162422

6.84782e-05 0.000162422
6.88359e-05 0.000163026

6.88359e-05 0.000163025
6.89081e-05 0.000163147

6.89132e-05 0.000163147
6.93502e-05 0.000163872

6.9344e-05 0.000163872
6.9561e-05 0.000164226

6.9561e-05 0.000164224
6.97898e-05 0.000164597

6.97914e-05 0.000164597
7.02485e-05 0.000165322

7.02506e-05 0.000165322
7.02861e-05 0.00016538

7.02861e-05 0.000165379
7.07121e-05 0.000166047

7.07072e-05 0.000166047
7.10112e-05 0.000166514

7.10112e-05 0.000166511
7.11812e-05 0.000166772

7.11837e-05 0.000166772
7.16678e-05 0.000167498

7.16693e-05 0.000167498
7.17363e-05 0.0001676

7.17363e-05 0.000167599
7.21564e-05 0.000168223

7.21525e-05 0.000168223
7.24614e-05 0.000168671

7.24614e-05 0.000168668
7.26533e-05 0.000168948

7.26548e-05 0.000168948
7.3166e-05 0.000169673

7.3167e-05 0.000169673
7.31865e-05 0.000169701

7.31865e-05 0.000169699
7.36828e-05 0.000170398

7.36791e-05 0.000170398
7.39116e-05 0.000170724

7.39116e-05 0.000170719
7.4202e-05 0.000171123

7.42006e-05 0.000171123
7.46367e-05 0.000171714

7.46367e-05 0.000171712
7.47364e-05 0.000171848

7.474e-05 0.000171848
7.52827e-05 0.000172573

7.52837e-05 0.000172573
7.53618e-05 0.000172679

7.53618e-05 0.00017268
7.58253e-05 0.000173298

7.58237e-05 0.000173298
7.60869e-05 0.00017365

7.60869e-05 0.000173644
7.63735e-05 0.000174023

7.63731e-05 0.000174023
7.6812e-05 0.00017459

7.6812e-05 0.000174589
7.69349e-05 0.000174749

7.6938e-05 0.000174749
7.75033e-05 0.000175474

7.75041e-05 0.000175474
7.75371e-05 0.000175516

7.75371e-05 0.000175517
7.80655e-05 0.000176199

7.80649e-05 0.000176199
7.82622e-05 0.000176458

7.82622e-05 0.000176456
7.86245e-05 0.000176924

7.86241e-05 0.000176924
7.89873e-05 0.000177388

7.89873e-05 0.000177384
7.91923e-05 0.000177649

7.91945e-05 0.000177649
7.97124e-05 0.000178307

7.97124e-05 0.000178306
7.97652e-05 0.000178374

7.97683e-05 0.000178374
8.0332e-05 0.000179099

8.03319e-05 0.000179099
8.04375e-05 0.000179239

8.24424e-05 0
8.24403e-05 7.25098e-07

8.24403e-05 7.25098e-07
8.2434e-05 1.4502e-06

8.2434e-05 1.4502e-06
8.24237e-05 2.17529e-06

8.24237e-05 2.17529e-06
8.24093e-05 2.90039e-06

8.24093e-05 2.90039e-06
8.23908e-05 3.62549e-06

8.23909e-05 3.62549e-06
8.23682e-05 4.35059e-06

8.23681e-05 4.35059e-06
8.23411e-05 5.07568e-06

8.2341e-05 5.07568e-06
8.23096e-05 5.80078e-06

8.23096e-05 5.80078e-06
8.2274e-05 6.52588e-06

8.2274e-05 6.52588e-06
8.22346e-05 7.25098e-06

8.22346e-05 7.25098e-06
8.21913e-05 7.97607e-06

8.21913e-05 7.97607e-06
8.21442e-05 8.70117e-06

8.21442e-05 8.70117e-06
8.20934e-05 9.42627e-06

8.20933e-05 9.42627e-06
8.2039e-05 1.01514e-05

8.2039e-05 1.01514e-05
8.19814e-05 1.08765e-05

8.19813e-05 1.08765e-05
8.19206e-05 1.16016e-05

8.18877e-05 1.19756e-05
8.18569e-05 1.23267e-05

8.18568e-05 1.23267e-05
8.17905e-05 1.30518e-05

8.17904e-05 1.30518e-05
8.17218e-05 1.37769e-05

8.17217e-05 1.37769e-05
8.1651e-05 1.4502e-05

8.18877e-05 1.19753e-05
8.19205e-05 1.16016e-05

8.16509e-05 1.4502e-05
8.15786e-05 1.52271e-05

8.15785e-05 1.52271e-05
8.15049e-05 1.59521e-05

8.15049e-05 1.59521e-05
8.14304e-05 1.66772e-05

8.14303e-05 1.66772e-05
8.13554e-05 1.74023e-05

8.13552e-05 1.74023e-05
8.12803e-05 1.81274e-05

8.12802e-05 1.81274e-05
8.12059e-05 1.88525e-05

8.11626e-05 1.92808e-05
8.11326e-05 1.95776e-05

8.11326e-05 1.95776e-05
8.10609e-05 2.03027e-05

8.11626e-05 1.92804e-05
8.12058e-05 1.88525e-05

8.10607e-05 2.03027e-05
8.0991e-05 2.10278e-05

8.09909e-05 2.10278e-05
8.09237e-05 2.17529e-05

8.09236e-05 2.17529e-05
8.08593e-05 2.2478e-05

8.08592e-05 2.2478e-05
8.07982e-05 2.32031e-05

8.07981e-05 2.32031e-05
8.07405e-05 2.39282e-05

8.07404e-05 2.39282e-05
8.06866e-05 2.46533e-05

8.06866e-05 2.46533e-05
8.06366e-05 2.53784e-05

8.06366e-05 2.53784e-05
8.05907e-05 2.61035e-05

8.05907e-05 2.61035e-05
8.05488e-05 2.68286e-05

8.05488e-05 2.68286e-05
8.05111e-05 2.75537e-05

8.05111e-05 2.75537e-05
8.04774e-05 2.82788e-05

8.04774e-05 2.82788e-05
8.04478e-05 2.90039e-05

8.04375e-05 2.92948e-05
8.04478e-05 2.90039e-05

8.04375e-05 4.05513e-05
8.0439e-05 4.06055e-05

8.04391e-05 4.06055e-05
8.04616e-05 4.13306e-05

8.04616e-05 4.13306e-05
8.04863e-05 4.20557e-05

8.04863e-05 4.20557e-05
8.0513e-05 4.27808e-05

8.0513e-05 4.27808e-05
8.05419e-05 4.35059e-05

8.05419e-05 4.35059e-05
8.05729e-05 4.4231e-05

8.05729e-05 4.4231e-05
8.06059e-05 4.49561e-05

8.06059e-05 4.49561e-05
8.0641e-05 4.56812e-05

8.0641e-05 4.56812e-05
8.0678e-05 4.64062e-05

8.0678e-05 4.64062e-05
8.0717e-05 4.71313e-05

8.0717e-05 4.71313e-05
8.07578e-05 4.78564e-05

8.07579e-05 4.78564e-05
8.08006e-05 4.85815e-05

8.08006e-05 4.85815e-05
8.08452e-05 4.93066e-05

8.08452e-05 4.93066e-05
8.08916e-05 5.00317e-05

8.08916e-05 5.00317e-05
8.09397e-05 5.07568e-05

8.09398e-05 5.07568e-05
8.09898e-05 5.14819e-05

8.09897e-05 5.14819e-05
8.10416e-05 5.2207e-05

8.10416e-05 5.2207e-05
8.10955e-05 5.29321e-05

8.10954e-05 5.29321e-05
8.11517e-05 5.36572e-05

8.1152e-05 5.36572e-05
8.11626e-05 5.37896e-05

8.11626e-05 5.379e-05
8.12102e-05 5.43823e-05

8.121e-05 5.43823e-05
8.127e-05 5.51074e-05

8.127e-05 5.51074e-05
8.13322e-05 5.58325e-05

8.13322e-05 5.58325e-05
8.13966e-05 5.65576e-05

8.13965e-05 5.65576e-05
8.14632e-05 5.72827e-05

8.14632e-05 5.72827e-05
8.15322e-05 5.80078e-05

8.15322e-05 5.80078e-05
8.16036e-05 5.87329e-05

8.16036e-05 5.87329e-05
8.16773e-05 5.9458e-05

8.16773e-05 5.9458e-05
8.17536e-05 6.01831e-05

8.17534e-05 6.01831e-05
8.1833e-05 6.09082e-05

8.18336e-05 6.09082e-05
8.18877e-05 6.13863e-05

8.18877e-05 6.13865e-05
8.19156e-05 6.16333e-05

8.19155e-05 6.16333e-05
8.1999e-05 6.23584e-05

8.19989e-05 6.23584e-05
8.20843e-05 6.30835e-05

8.20842e-05 6.30835e-05
8.21718e-05 6.38086e-05

8.21719e-05 6.38086e-05
8.22617e-05 6.45337e-05

8.22617e-05 6.45337e-05
8.23536e-05 6.52588e-05

8.23536e-05 6.52588e-05
8.24477e-05 6.59839e-05

8.24474e-05 6.59839e-05
8.25445e-05 6.6709e-05

8.25453e-05 6.6709e-05
8.26128e-05 6.72024e-05

8.26128e-05 6.72028e-05
8.26444e-05 6.74341e-05

8.26442e-05 6.74341e-05
8.27442e-05 6.81592e-05

8.27441e-05 6.81592e-05
8.28457e-05 6.88843e-05

8.28457e-05 6.88843e-05
8.29494e-05 6.96094e-05

8.29494e-05 6.96094e-05
8.30552e-05 7.03345e-05

8.30551e-05 7.03345e-05
8.31633e-05 7.10596e-05

8.31631e-05 7.10596e-05
8.32745e-05 7.17847e-05

8.32756e-05 7.17847e-05
8.33379e-05 7.21852e-05

8.33379e-05 7.21857e-05
8.33883e-05 7.25098e-05

8.33878e-05 7.25098e-05
8.35006e-05 7.32349e-05

8.35005e-05 7.32349e-05
8.36145e-05 7.396e-05

8.36144e-05 7.396e-05
8.37301e-05 7.46851e-05

8.37299e-05 7.46851e-05
8.38476e-05 7.54102e-05

8.38472e-05 7.54102e-05
8.39681e-05 7.61353e-05

8.39693e-05 7.61353e-05
8.4063e-05 7.66903e-05

8.4063e-05 7.66908e-05
8.40916e-05 7.68604e-05

8.40913e-05 7.68604e-05
8.42134e-05 7.75854e-05

8.42132e-05 7.75854e-05
8.43361e-05 7.83105e-05

8.43359e-05 7.83105e-05
8.44604e-05 7.90356e-05

8.44602e-05 7.90356e-05
8.45871e-05 7.97607e-05

8.45868e-05 7.97607e-05
8.47171e-05 8.04858e-05

8.47187e-05 8.04858e-05
8.47881e-05 8.08696e-05

8.47881e-05 8.08701e-05
8.48497e-05 8.12109e-05

8.4849e-05 8.12109e-05
8.49794e-05 8.1936e-05

8.49791e-05 8.1936e-05
8.51107e-05 8.26611e-05

8.51104e-05 8.26611e-05
8.52441e-05 8.33862e-05

8.52435e-05 8.33862e-05
8.5381e-05 8.41113e-05

8.53823e-05 8.41113e-05
8.55132e-05 8.47899e-05

8.55132e-05 8.479e-05
8.55221e-05 8.48364e-05

8.55221e-05 8.48364e-05
8.56616e-05 8.55615e-05

8.56612e-05 8.55615e-05
8.58013e-05 8.62866e-05

8.58009e-05 8.62866e-05
8.59433e-05 8.70117e-05

8.59426e-05 8.70117e-05
8.6089e-05 8.77368e-05

8.60905e-05 8.77368e-05
8.62383e-05 8.84564e-05

8.62383e-05 8.84564e-05
8.62394e-05 8.84619e-05

8.62395e-05 8.84619e-05
8.63879e-05 8.9187e-05

8.63873e-05 8.9187e-05
8.65362e-05 8.99121e-05

8.65357e-05 8.99121e-05
8.66873e-05 9.06372e-05

8.66866e-05 9.06372e-05
8.68431e-05 9.13623e-05

8.68456e-05 9.13623e-05
8.69634e-05 9.19028e-05

8.69634e-05 9.19032e-05
8.70035e-05 9.20874e-05

8.70026e-05 9.20874e-05
8.71591e-05 9.28125e-05

