0.000197337 0.000185625
0.000197442 0.00018635

0.000197442 0.00018635
0.000197545 0.000187075

0.000197545 0.000187075
0.000197649 0.0001878

0.000197649 0.0001878
0.000197751 0.000188525

0.000197751 0.000188525
0.000197853 0.00018925

0.000197853 0.00018925
0.000197903 0.000189613

0.000197903 0.000189614
0.000197954 0.000189976

0.000197954 0.000189976
0.000198054 0.000190701

0.000198054 0.000190701
0.000198154 0.000191426

0.000198154 0.000191426
0.000198253 0.000192151

0.000198253 0.000192151
0.000198351 0.000192876

0.000198351 0.000192876
0.000198449 0.000193601

0.000198449 0.000193601
0.000198545 0.000194326

0.000198545 0.000194326
0.000198628 0.000194956

0.000198628 0.000194956
0.000198641 0.000195051

0.000198641 0.000195051
0.000198736 0.000195776

0.000198736 0.000195776
0.00019883 0.000196501

0.00019883 0.000196501
0.000198924 0.000197227

0.000198924 0.000197227
0.000199016 0.000197952

0.000199016 0.000197952
0.000199107 0.000198677

0.000199107 0.000198677
0.000199197 0.000199402

0.000199197 0.000199402
0.000199287 0.000200127

0.000199287 0.000200127
0.000199354 0.000200677

0.000199354 0.000200677
0.000199375 0.000200852

0.000199375 0.000200852
0.000199462 0.000201577

0.000199462 0.000201577
0.000199548 0.000202302

0.000199548 0.000202302
0.000199633 0.000203027

0.000199633 0.000203027
0.000199716 0.000203752

0.000199716 0.000203752
0.000199799 0.000204478

0.000199799 0.000204478
0.00019988 0.000205203

0.00019988 0.000205203
0.00019996 0.000205928

0.00019996 0.000205928
0.000200038 0.000206653

0.000200038 0.000206653
0.000200079 0.000207035

0.000200079 0.000207035
0.000200115 0.000207378

0.000200115 0.000207378
0.000200191 0.000208103

0.000200191 0.000208103
0.000200265 0.000208828

0.000209218 0.000185625
0.00020927 0.00018635

0.00020927 0.00018635
0.000209322 0.000187075

0.000209322 0.000187075
0.000209372 0.0001878

0.000209371 0.0001878
0.00020942 0.000188525

0.00020942 0.000188525
0.000209468 0.00018925

0.000209468 0.00018925
0.000209505 0.000189821

0.000209505 0.000189822
0.000209515 0.000189976

0.000209515 0.000189976
0.00020956 0.000190701

0.00020956 0.000190701
0.000209605 0.000191426

0.000209605 0.000191426
0.000209649 0.000192151

0.000209649 0.000192151
0.000209691 0.000192876

0.000209691 0.000192876
0.000209733 0.000193601

0.000209733 0.000193601
0.000209774 0.000194326

0.000209774 0.000194326
0.000209814 0.000195051

0.000209814 0.000195051
0.000209853 0.000195776

0.000209854 0.000195776
0.000209892 0.000196501

0.000209892 0.000196501
0.000209929 0.000197227

0.000209929 0.000197227
0.000209965 0.000197952

0.000209965 0.000197952
0.00021 0.000198677

0.00021 0.000198677
0.000210035 0.000199402

0.000210035 0.000199402
0.000210068 0.000200127

0.000210068 0.000200127
0.0002101 0.000200852

0.0002101 0.000200852
0.000210131 0.000201577

0.000210131 0.000201577
0.000210161 0.000202302

0.000210161 0.000202302
0.00021019 0.000203027

0.00021019 0.000203027
0.000210217 0.000203752

0.000210217 0.000203752
0.00021023 0.000204098

0.00021023 0.000204099
0.000210244 0.000204478

0.000210244 0.000204478
0.000210269 0.000205203

0.000210269 0.000205203
0.000210294 0.000205928

0.000210294 0.000205928
0.000210317 0.000206653

0.000210317 0.000206653
0.000210339 0.000207378

0.000210339 0.000207378
0.00021036 0.000208103

0.00021036 0.000208103
0.00021038 0.000208828

0.000200265 0.000208828
0.000200337 0.000209553

0.000200337 0.000209553
0.000200408 0.000210278

0.000200408 0.000210278
0.000200477 0.000211003

0.000200477 0.000211003
0.000200544 0.000211729

0.000200544 0.000211729
0.00020061 0.000212454

0.00020061 0.000212454
0.000200674 0.000213179

0.000200674 0.000213179
0.000200736 0.000213904

0.000200736 0.000213904
0.000200796 0.000214629

0.000200796 0.000214629
0.000200804 0.000214728

0.000200804 0.000214728
0.000200854 0.000215354

0.000200854 0.000215354
0.00020091 0.000216079

0.00020091 0.000216079
0.000200964 0.000216804

0.000200964 0.000216804
0.000201015 0.000217529

0.000201015 0.000217529
0.000201065 0.000218254

0.000201065 0.000218254
0.000200.000167563 0
0.000167566 1.4502e-06

0.000167566 1.4502e-06
0.00016757 2.17529e-06

0.00016757 2.17529e-06
0.000167575 2.90039e-06

0.000167575 2.90039e-06
0.000167581 3.62549e-06

0.000167581 3.62549e-06
0.000167587 4.35059e-06

0.000167587 4.35059e-06
0.000167595 5.07568e-06

0.000167595 5.07568e-06
0.000167604 5.80078e-06

0.000167604 5.80078e-06
0.000167614 6.52588e-06

0.000167614 6.52588e-06
0.000167627 7.25098e-06

0.000167627 7.25098e-06
0.00016764 7.97607e-06

0.00016764 7.97607e-06
0.000167655 8.70117e-06

0.000167655 8.70117e-06
0.000167671 9.42627e-06

0.000167671 9.42627e-06
0.000167687 1.01514e-05

0.000167686 1.01514e-05
0.000167703 1.08765e-05

0.000167702 1.08765e-05
0.000167721 1.16016e-05

0.000167721 1.16016e-05
0.000167742 1.23267e-05

0.000167742 1.23267e-05
0.000167763 1.30518e-05

0.000167764 1.30518e-05
0.000167786 1.37769e-05

0.000167785 1.37769e-05
0.000167809 1.4502e-05

0.00016781 1.4502e-05
0.000167836 1.52271e-05

0.000167836 1.52271e-05
0.000167863 1.59521e-05

0.000167864 1.59521e-05
0.000167892 1.66772e-05

0.000167891 1.66772e-05
0.000167921 1.74023e-05

0.000167922 1.74023e-05
0.000167954 1.81274e-05

0.000167954 1.81274e-05
0.000167988 1.88525e-05

0.000167988 1.88525e-05
0.000168023 1.95776e-05

0.000168022 1.95776e-05
0.000168058 2.03027e-05

0.000168058 2.03027e-05
0.000168095 2.10278e-05

0.000168095 2.10278e-05
0.000168134 2.17529e-05

0.000168134 2.17529e-05
0.000168173 2.2478e-05

0.000168173 2.2478e-05
0.000168174 2.2508e-05

0.000168174 2.25082e-05
0.000168213 2.32031e-05

0.000168213 2.32031e-05
0.000168255 2.39282e-05

0.000168255 2.39282e-05
0.000168298 2.46533e-05

0.000168298 2.46533e-05
0.000168343 2.53784e-05

0.000168343 2.53784e-05
0.00016839 2.61035e-05

0.00016839 2.61035e-05
0.000168438 2.68286e-05

0.000168438 2.68286e-05
0.000168488 2.75537e-05

0.000168488 2.75537e-05
0.000168538 2.82788e-05

0.000168538 2.82788e-05
0.00016859 2.90039e-05

0.00016859 2.90039e-05
0.000168645 2.9729e-05

0.000168645 2.9729e-05
0.000168701 3.04541e-05

0.000168701 3.04541e-05
0.00016876 3.11792e-05

0.00016876 3.11792e-05
0.00016882 3.19043e-05

0.00016882 3.19043e-05
0.000168883 3.26294e-05

0.000168883 3.26294e-05
0.000168899 3.28124e-05

0.000168899 3.28126e-05
0.000168948 3.33545e-05

0.000168948 3.33545e-05
0.000169014 3.40796e-05

0.000169014 3.40796e-05
0.000169083 3.48047e-05

0.000169083 3.48047e-05
0.000169154 3.55298e-05

0.000169154 3.55298e-05
0.000169226 3.62549e-05

0.000169226 3.62549e-05
0.000169301 3.698e-05

0.000169301 3.698e-05
0.000169377 3.77051e-05

0.000169377 3.77051e-05
0.000169455 3.84302e-05

0.000169455 3.84302e-05
0.000169536 3.91553e-05

0.000169536 3.91553e-05
0.000169618 3.98804e-05

0.000169618 3.98804e-05
0.000169625 3.99396e-05

0.000169625 3.99398e-05
0.000169702 4.06055e-05

0.000169702 4.06055e-05
0.000169787 4.13306e-05

0.000169787 4.13306e-05
0.000169875 4.20557e-05

0.000169875 4.20557e-05
0.000169964 4.27808e-05

0.000169964 4.27808e-05
0.000170055 4.35059e-05

0.000170055 4.35059e-05
0.000170148 4.4231e-05

0.000170148 4.4231e-05
0.000170243 4.49561e-05

0.000170243 4.49561e-05
0.00017034 4.56812e-05

0.00017034 4.56812e-05
0.00017035 4.57544e-05

0.00017035 4.57547e-05
0.000170438 4.64062e-05

0.000170438 4.64062e-05
0.000170538 4.71313e-05

0.000170538 4.71313e-05
0.00017064 4.78564e-05

0.00017064 4.78564e-05
0.000170743 4.85815e-05

0.000170743 4.85815e-05
0.000170848 4.93066e-05

0.000170848 4.93066e-05
0.000170955 5.00317e-05

0.000170955 5.00317e-05
0.000171063 5.07568e-05

0.000171063 5.07568e-05
0.000171075 5.08312e-05

0.000171075 5.08315e-05
0.000171173 5.14819e-05

0.000171173 5.14819e-05
0.000171285 5.2207e-05

0.000171285 5.2207e-05
0.000171398 5.29321e-05

0.000171398 5.29321e-05
0.000171513 5.36572e-05

0.000171513 5.36572e-05
0.000171629 5.43823e-05

0.000171629 5.43823e-05
0.000171747 5.51074e-05

0.000171747 5.51074e-05
0.0001718 5.54276e-05

0.0001718 5.54279e-05
0.000171866 5.58325e-05

0.000171866 5.58325e-05
0.000171987 5.65576e-05

0.000171987 5.65576e-05
0.000172109 5.72827e-05

0.000172109 5.72827e-05
0.00011112 0.000218979

0.000201112 0.000218979
0.000201156 0.000219705

0.000201156 0.000219705
0.000201198 0.00022043

0.000201198 0.00022043
0.000201238 0.000221155

0.000201238 0.000221155
0.000201275 0.00022188

0.000201275 0.00022188
0.000201309 0.000222605

0.000201309 0.000222605
0.00020134 0.00022333

0.00020134 0.00022333
0.000201368 0.000224055

0.000201369 0.000224055
0.000201394 0.00022478

0.000201394 0.00022478
0.000201416 0.000225505

0.000201416 0.000225505
0.000201435 0.00022623

0.000201435 0.00022623
0.00020145 0.000226956

0.00020145 0.000226956
0.000201462 0.000227681

0.000201462 0.000227681
0.000201471 0.000228406

0.000201471 0.000228406
0.000201475 0.000229131

0.000201475 0.000229131
0.000201476 0.000229856

0.000201476 0.000229856
0.000201473 0.000230581

0.000201473 0.000230581
0.000201465 0.000231306

0.000201465 0.000231306
0.000201453 0.000232031

0.00021038 0.000208828
0.000210399 0.000209553

0.000210399 0.000209553
0.000210417 0.000210278

0.000210417 0.000210278
0.000210434 0.000211003

0.000210434 0.000211003
0.00021045 0.000211729

0.00021045 0.000211729
0.000210464 0.000212454

0.000210464 0.000212454
0.000210478 0.000213179

0.000210478 0.000213179
0.000210491 0.000213904

0.000210491 0.000213904
0.000210502 0.000214629

0.000210502 0.000214629
0.000210513 0.000215354

0.000210513 0.000215354
0.000210522 0.000216079

0.000210522 0.000216079
0.000210531 0.000216804

0.000210531 0.000216804
0.000210538 0.000217529

0.000210538 0.000217529
0.000210545 0.000218254

0.000210545 0.000218254
0.000210551 0.000218979

0.000210551 0.000218979
0.000210556 0.000219705

0.000210556 0.000219705
0.00021056 0.00022043

0.00021056 0.00022043
0.000210563 0.000221155

0.000210563 0.000221155
0.000210566 0.00022188

0.000210566 0.00022188
0.000210567 0.000222605

0.000210567 0.000222605
0.000210569 0.00022333

0.000210569 0.00022333
0.000210569 0.000224055

0.000210569 0.000224055
0.00021057 0.00022478

0.00021057 0.00022478
0.000210569 0.000225505

0.000210569 0.000225505
0.000210569 0.00022623

0.000210569 0.00022623
0.000210568 0.000226956

0.000210568 0.000226956
0.000210567 0.000227681

0.000210567 0.000227681
0.000210566 0.000228406

0.000210566 0.000228406
0.000210565 0.000229131

0.000210565 0.000229131
0.000210565 0.000229856

0.000210565 0.000229856
0.000210565 0.000230581

0.000210564 0.000230581
0.000210565 0.000231306

0.000210565 0.000231306
0.000210566 0.000232031

0.000201453 0.000232031
0.000201437 0.000232756

0.000201437 0.000232756
0.000201416 0.000233481

0.000201416 0.000233481
0.000201391 0.000234207

0.000201391 0.000234207
0.00020136 0.000234932

0.00020136 0.000234932
0.000201325 0.000235657

0.000201325 0.000235657
0.000201285 0.000236382

0.000201285 0.000236382
0.00020124 0.000237107

0.00020124 0.000237107
0.00020119 0.000237832

0.00020119 0.000237832
0.000201135 0.000238557

0.000201135 0.000238557
0.000201075 0.000239282

0.000201075 0.000239282
0.00020101 0.000240007

0.00020101 0.000240007
0.000200939 0.000240732

0.000200804 0.000241991
0.000200782 0.000242183

0.000200782 0.000242183
0.000200696 0.000242908

0.000200696 0.000242908
0.000200604 0.000243633

0.000200939 0.000240732
0.000200863 0.000241458

0.000200804 0.00024199
0.000200863 0.000241458

0.000200604 0.000243633
0.000200508 0.000244358

0.000200508 0.000244358
0.000200408 0.000245083

0.000200408 0.000245083
0.000200303 0.000245808

0.000200303 0.000245808
0.000200195 0.000246533

0.000200079 0.000247293
0.000199969 0.000247983

0.000200196 0.000246533
0.000200084 0.000247258

0.000200079 0.000247293
0.000200084 0.000247258

0.000199969 0.000247983
0.000199851 0.000248708

0.000199851 0.000248708
0.000199732 0.000249434

0.000199354 0.000251722
0.000199253 0.000252334

0.000199252 0.000252334
0.000199134 0.000253059

0.000199134 0.000253059
0.000199019 0.000253784

0.000199019 0.000253784
0.000198907 0.000254509

0.000198907 0.000254509
0.000198799 0.000255234

0.000199731 0.000249434
0.000199611 0.000250159

0.000199611 0.000250159
0.000199491 0.000250884

0.000199491 0.000250884
0.000199372 0.000251609

0.72233 5.80078e-05

0.000172233 5.80078e-05
0.000172358 5.87329e-05

0.000172358 5.87329e-05
0.000172484 5.9458e-05

0.000172484 5.9458e-05
0.000172525 5.96915e-05

0.000172525 5.96918e-05
0.000172611 6.01831e-05

0.000172611 6.01831e-05
0.00017274 6.09082e-05

0.00017274 6.09082e-05
0.00017287 6.16333e-05

0.00017287 6.16333e-05
0.000173002 6.23584e-05

0.000173002 6.23584e-05
0.000173134 6.30835e-05

0.000173134 6.30835e-05
0.00017325 6.37117e-05

0.000182435 0
0.000182436 7.25098e-07

0.000182436 7.25098e-07
0.000182439 1.4502e-06

0.000182439 1.4502e-06
0.000182443 2.17529e-06

0.000182443 2.17529e-06
0.000182448 2.90039e-06

0.000182448 2.90039e-06
0.000182455 3.62549e-06

0.000182455 3.62549e-06
0.000182463 4.35059e-06

0.000182463 4.35059e-06
0.000182473 5.07568e-06

0.000182473 5.07568e-06
0.000182484 5.80078e-06

0.000182484 5.80078e-06
0.000182496 6.52588e-06

0.000182496 6.52588e-06
0.00018251 7.25098e-06

0.00018251 7.25098e-06
0.000182525 7.97607e-06

0.000182525 7.97607e-06
0.000182542 8.70117e-06

0.000182542 8.70117e-06
0.00018256 9.42627e-06

0.00018256 9.42627e-06
0.00018258 1.01514e-05

0.00018258 1.01514e-05
0.000182601 1.08765e-05

0.000182601 1.08765e-05
0.000182624 1.16016e-05

0.000182624 1.16016e-05
0.000182648 1.23267e-05

0.000182648 1.23267e-05
0.000182673 1.30518e-05

0.000182673 1.30518e-05
0.000182676 1.31297e-05

0.000182676 1.31298e-05
0.0001827 1.37769e-05

0.0001827 1.37769e-05
0.000182729 1.4502e-05

0.000182729 1.4502e-05
0.000182759 1.52271e-05

0.000182759 1.52271e-05
0.00018279 1.59521e-05

0.00018279 1.59521e-05
0.000182823 1.66772e-05

0.000182823 1.66772e-05
0.000182858 1.74023e-05

0.000182858 1.74023e-05
0.000182893 1.81274e-05

0.000182893 1.81274e-05
0.000182931 1.88525e-05

0.000182931 1.88525e-05
0.00018297 1.95776e-05

0.000182969 1.95776e-05
0.00018301 2.03027e-05

0.00018301 2.03027e-05
0.000183051 2.10278e-05

0.000183051 2.10278e-05
0.000183094 2.17529e-05

0.000183095 2.17529e-05
0.000183139 2.2478e-05

0.000183139 2.2478e-05
0.000183185 2.32031e-05

0.000183185 2.32031e-05
0.000183233 2.39282e-05

0.000183233 2.39282e-05
0.000183282 2.46533e-05

0.000183282 2.46533e-05
0.000183333 2.53784e-05

0.000183333 2.53784e-05
0.000183385 2.61035e-05

0.000183385 2.61035e-05
0.000183401 2.63241e-05

0.000183401 2.63243e-05
0.000183439 2.68286e-05

0.000183439 2.68286e-05
0.000183494 2.75537e-05

0.000183494 2.75537e-05
0.000183551 2.82788e-05

0.000183551 2.82788e-05
0.000183609 2.90039e-05

0.000183609 2.90039e-05
0.000183669 2.9729e-05

0.000183669 2.9729e-05
0.00018373 3.04541e-05

0.00018373 3.04541e-05
0.000183793 3.11792e-05

0.000183793 3.11792e-05
0.000183858 3.19043e-05

0.000183858 3.19043e-05
0.000183924 3.26294e-05

0.000183924 3.26294e-05
0.000183991 3.33545e-05

0.000183991 3.33545e-05
0.00018406 3.40796e-05

0.00018406 3.40796e-05
0.000184126 3.47624e-05

0.000184126 3.47625e-05
0.000184131 3.48047e-05

0.000184131 3.48047e-05
0.000184203 3.55298e-05

0.000184203 3.55298e-05
0.000184276 3.62549e-05

0.000184276 3.62549e-05
0.000184351 3.698e-05

0.000184351 3.698e-05
0.000184427 3.77051e-05

0.000184427 3.77051e-05
0.000184505 3.84302e-05

0.000184505 3.84302e-05
0.000184585 3.91553e-05

0.000184585 3.91553e-05
0.000184665 3.98804e-05

0.000184665 3.98804e-05
0.000184748 4.06055e-05

0.000184748 4.06055e-05
0.000184831 4.13306e-05

0.000184831 4.13306e-05
0.000184852 4.15016e-05

0.000184852 4.15019e-05
0.000184917 4.20557e-05

0.000184917 4.20557e-05
0.000185003 4.27808e-05

0.000185003 4.27808e-05
0.000185091 4.35059e-05

0.000185091 4.35059e-05
0.00018518 4.4231e-05

0.00018518 4.4231e-05
0.000185271 4.49561e-05

0.000185271 4.49561e-05
0.000185363 4.56812e-05

0.000185363 4.56812e-05
0.000185457 4.64062e-05

0.00017325 6.37118e-05
0.000173268 6.38086e-05

0.000173268 6.38086e-05
0.000173403 6.45337e-05

0.000173403 6.45337e-05
0.000173539 6.52588e-05

0.000173539 6.52588e-05
0.000173676 6.59839e-05

0.000173676 6.59839e-05
0.000173814 6.6709e-05

0.000173814 6.6709e-05
0.000173953 6.74341e-05

0.000173953 6.74341e-05
0.000173975 6.75456e-05

0.000173975 6.75000199354 0.000251721
0.000199372 0.000251609

0.000210566 0.000232031
0.000210568 0.000232756

0.000210568 0.000232756
0.000210572 0.000233481

0.000210572 0.000233481
0.000210577 0.000234207

0.000210577 0.000234207
0.000210583 0.000234932

0.000210583 0.000234932
0.000210592 0.000235657

0.000210592 0.000235657
0.000210603 0.000236382

0.000210603 0.000236382
0.000210617 0.000237107

0.000210617 0.000237107
0.000210634 0.000237832

0.000210634 0.000237832
0.000210655 0.000238557

0.000210654 0.000238557
0.000210679 0.000239282

0.000210679 0.000239282
0.000210708 0.000240007

0.000210708 0.000240007
0.000210741 0.000240732

0.000210741 0.000240732
0.000210781 0.000241458

0.00021078 0.000241458
0.000210826 0.000242183

0.000210826 0.000242183
0.000210877 0.000242908

0.000210877 0.000242908
0.000210936 0.000243633

0.000210936 0.000243633
0.000210955 0.000243838

0.000210955 0.000243836
0.000211003 0.000244358

0.000211003 0.000244358
0.000211079 0.000245083

0.000211079 0.000245083
0.000211164 0.000245808

0.000211164 0.000245808
0.000211259 0.000246533

0.000211259 0.000246533
0.000211366 0.000247258

0.000211365 0.000247258
0.000211485 0.000247983

0.000211484 0.000247983
0.000211618 0.000248708

0.000211617 0.000248708
0.00021168 0.000249017

0.00021168 0.000249015
0.000211766 0.000249434

0.000211765 0.000249434
0.000211931 0.000250159

0.00021193 0.000250159
0.000212115 0.000250884

0.000212114 0.000250884
0.000212321 0.000251609

0.000212319 0.000251609
0.000212405 0.000251879

0.000212405 0.000251875
0.000212552 0.000252334

0.00021255 0.000252334
0.000212809 0.000253059

0.000212808 0.000253059
0.0002131 0.000253784

0.000213096 0.000253784
0.00021313 0.00025386

0.00021313 0.000253853
0.00021343 0.000254509

0.000213428 0.000254509
0.000213804 0.000255234

0.000198628 0.000256468
0.000198599 0.000256685

0.000198799 0.000255234
0.000198696 0.000255959

0.000198628 0.000256466
0.000198697 0.000255959

0.000198598 0.000256685
0.000198505 0.00025741

0.000198505 0.00025741
0.000198418 0.000258135

0.000198418 0.000258135
0.000198339 0.00025886

0.000198339 0.00025886
0.000198267 0.000259585

0.000198266 0.000259585
0.000198202 0.00026031

0.000198202 0.00026031
0.000198147 0.000261035

0.000198147 0.000261035
0.0001981 0.00026176

0.000198099 0.00026176
0.000198062 0.000262485

0.000198062 0.000262485
0.000198033 0.00026321

0.000198033 0.00026321
0.000198014 0.000263936

0.000198014 0.000263936
0.000198005 0.000264661

0.000198005 0.000264661
0.000198006 0.000265386

0.000198006 0.000265386
0.000198018 0.000266111

0.000198018 0.000266111
0.00019804 0.000266836

0.00019804 0.000266836
0.000198074 0.000267561

0.000198074 0.000267561
0.000198118 0.000268286

0.000198118 0.000268286
0.000198174 0.000269011

0.000198174 0.000269011
0.000198241 0.000269736

0.000198241 0.000269736
0.000198319 0.000270461

0.000198319 0.000270461
0.000198409 0.000271187

0.000198409 0.000271187
0.00019851 0.000271912

0.000198509 0.000271912
0.000198622 0.000272637

0.000198621 0.000272637
0.000198628 0.000272676

0.000198628 0.000272676
0.000198749 0.000273362

0.00019875 0.000273362
0.00019889 0.000274087

0.00019889 0.000274087
0.00019904 0.000274812

0.000199039 0.000274812
0.0001992 0.000275537

0.000199198 0.000275537
0.000199354 0.000276183

0.000199354 0.000276184
0.000199372 0.000276262

0.000199374 0.000276262
0.000199563 0.000276987

0.000199565 0.000276987
0.000199763 0.000277712

0.000199762 0.000277712
0.000199969 0.000278437

0.000213798 0.000255234
0.000213855 0.000255334

0.000213855 0.000255325
0.000214234 0.000255959

0.000214229 0.000255959
0.000214581 0.000256469

0.000214581 0.000256462
0.000214734 0.000256685

0.000214725 0.000256685
0.000215306 0.000257404

0.000215306 0.000257403
0.000215311 0.00025741

0.000215306 0.000257412
0.000215999 0.000258135

0.000215998 0.000258135
0.000216031 0.000258166

0.000216031 0.00025816
0.000216756 0.000258801

0.000216756 0.0002588
0.000216832 0.00025886

0.000216839 0.00025886
0.000217481 0.000259345

0.000217481 0.000259343
0.000217854 0.000259585

0.000217865 0.00025946e-05
0.000174094 6.81592e-05

0.000174094 6.81592e-05
0.000174235 6.88843e-05

0.000174235 6.88843e-05
0.000174378 6.96094e-05

0.000185457 4.64062e-05
0.000185552 4.71313e-05

0.000185552 4.71313e-05
0.000185577 4.73195e-05

0.000185577 4.73198e-05
0.000185648 4.78564e-05

0.000185648 4.78564e-05
0.000185746 4.85815e-05

0.000185746 4.85815e-05
0.000185845 4.93066e-05

0.000185845 4.93066e-05
0.000185945 5.00317e-05

0.000185945 5.00317e-05
0.000186047 5.07568e-05

0.000186047 5.07568e-05
0.00018615 5.14819e-05

0.00018615 5.14819e-05
0.000186255 5.2207e-05

0.000186255 5.2207e-05
0.000186302 5.25294e-05

0.000186302 5.25297e-05
0.000186361 5.29321e-05

0.000186361 5.29321e-05
0.000186468 5.36572e-05

0.000186468 5.36572e-05
0.000186576 5.43823e-05

0.000186576 5.43823e-05
0.000186686 5.51074e-05

0.000186686 5.51074e-05
0.000186797 5.58325e-05

0.000186797 5.58325e-05
0.00018691 5.65576e-05

0.00018691 5.65576e-05
0.000187024 5.72827e-05

0.000187024 5.72827e-05
0.000187027 5.73021e-05

0.000187027 5.73025e-05
0.000187139 5.80078e-05

0.000187139 5.80078e-05
0.000187255 5.87329e-05

0.000187255 5.87329e-05
0.000187373 5.9458e-05

0.000187373 5.9458e-05
0.000187491 6.01831e-05

0.000187491 6.01831e-05
0.000187611 6.09082e-05

0.000187611 6.09082e-05
0.000187733 6.16333e-05

0.000187733 6.16333e-05
0.000187752 6.17467e-05

0.000187752 6.1747e-05
0.000187855 6.23584e-05

0.000187855 6.23584e-05
0.000187978 6.30835e-05

0.000187978 6.30835e-05
0.000188101 6.38086e-05

0.000188101 6.38086e-05
0.000188225 6.45337e-05

0.000188225 6.45337e-05
0.00018835 6.52588e-05

0.00018835 6.52588e-05
0.000188476 6.59839e-05

0.000188476 6.59839e-05
0.000188477 6.59908e-05

0.000188477 6.59911e-05
0.000188602 6.6709e-05

0.000188602 6.6709e-05
0.000188729 6.74341e-05

0.000188729 6.74341e-05
0.000188856 6.81592e-05

0.000188856 6.81592e-05
0.000188984 6.88843e-05

0.000188984 6.88843e-05
0.000189114 6.96094e-05

0.000174378 6.96094e-05
0.000174521 7.03345e-05

0.000174521 7.03345e-05
0.000174665 7.10596e-05

0.000174665 7.10596e-05
0.0001747 7.12342e-05

0.0001747 7.12345e-05
0.00017481 7.17847e-05

0.000174811 7.17847e-05
0.000174957 7.25098e-05

0.000174957 7.25098e-05
0.000175104 7.32349e-05

0.000175104 7.32349e-05
0.000175252 7.396e-05

0.000175252 7.396e-05
0.000175401 7.46851e-05

0.000175401 7.46851e-05
0.000175425 7.48047e-05

0.000175425 7.48051e-05
0.00017555 7.54102e-05

0.000175551 7.54102e-05
0.000175701 7.61353e-05

0.000175701 7.61353e-05
0.000175852 7.68604e-05

0.000175853 7.68604e-05
0.000176005 7.75854e-05

0.000176005 7.75854e-05
0.00017615 7.82765e-05

0.00017615 7.82767e-05
0.000176158 7.83105e-05

0.000176158 7.83105e-05
0.000176312 7.90356e-05

0.000176312 7.90356e-05
0.000176466 7.97607e-05

0.000176466 7.97607e-05
0.000176622 8.04858e-05

0.000176622 8.04858e-05
0.000176778 8.12109e-05

0.000176778 8.12109e-05
0.000176875 8.16637e-05

0.000176875 8.1664e-05
0.000176934 8.1936e-05

0.000176934 8.1936e-05
0.000177092 8.26611e-05

0.000177092 8.26611e-05
0.00017725 8.33862e-05

0.00017725 8.33862e-05
0.000177409 8.41113e-05

0.000177409 8.41113e-05
0.000177569 8.48364e-05

0.000177569 8.48364e-05
0.000177601 8.49805e-05

0.000177601 8.49809e-05
0.000177729 8.55615e-05

0.000177729 8.55615e-05
0.00017789 8.62866e-05

0.00017789 8.62866e-05
0.000178051 8.70117e-05

0.000178051 8.70117e-05
0.000178213 8.77368e-05

0.000178213 8.77368e-05
0.000178326 8.82382e-05

0.000178326 8.82385e-05
0.000178376 8.84619e-05

0.000178376 8.84619e-05
0.000178539 8.9187e-05

0.000178539 8.9187e-05
0.000178703 8.99121e-05

0.000178703 8.99121e-05
0.000178867 9.06372e-05

0.000178867 9.06372e-05
0.000179031 9.13623e-05

0.000179032 9.13623e-05
0.000179051 9.14468e-05

0.000179051 9.14473e-05
0.000179197 9.20874e-05

0.000179197 9.20874e-05
0.000179362 9.28125e-05

0.000189114 6.96094e-05
0.000189202 7.01005e-05

0.000189202 7.01007e-05
0.000189244 7.03345e-05

0.000189244 7.03345e-05
0.000189375 7.10596e-05

0.000189375 7.10596e-05
0.000189506 7.17847e-05

0.000189506 7.17847e-05
0.000189638 7.25098e-05

0.000189638 7.25098e-05
0.00018585
0.000218206 0.000259806

0.000218206 0.000259805
0.000218931 0.00026022

0.000218931 0.000260222
0.000219103 0.00026031

0.000219113 0.00026031
0.000219656 0.00026059

0.000219656 0.000260588
0.000220381 0.00026093

0.000220381 0.00026093
0.000220619 0.000261035

0.000220626 0.000261035
0.000221106 0.000261247

0.000221106 0.000261247
0.000221832 0.000261553

0.000221832 0.000261551
0.000222339 0.00026176

0.000222342 0.00026176
0.000222557 0.000261849

0.000222557 0.000261849
0.000223282 0.000262147

0.000223282 0.000262144
0.000224007 0.000262447

0.000224007 0.000262447
0.000224096 0.000262485

0.000224099 0.000262485
0.000224732 0.000262759

0.000224732 0.000262757
0.000225457 0.000263086

0.000225457 0.000263085
0.000225715 0.00026321

0.000225716 0.00026321
0.000226182 0.000263437

0.000226182 0.000263436
0.000226907 0.000263819

0.000226907 0.000263816
0.000227112 0.000263936

0.000227111 0.000263936
0.000227632 0.00026424

0.000227632 0.000264235
0.000228278 0.000264661

0.000228277 0.000264661
0.000228357 0.000264714

0.000228357 0.000264712
0.000229083 0.00026526

0.000229083 0.000265261
0.000229234 0.000265386

0.000229236 0.000265386
0.000229808 0.000265886

0.000229808 0.000265889
0.000230036 0.000266111

0.000230046 0.000266111
0.000230533 0.000266644

0.000230533 0.000266647
0.000230692 0.000266836

0.000230699 0.000266836
0.00023124 0.000267561

0.000231241 0.000267561
0.000231258 0.000267589

0.000230533 0.000278236
0.000230396 0.000278437

0.000231258 0.000277097
0.000230893 0.000277712

0.000230533 0.000278247
0.000230896 0.000277712

0.000231258 0.000267601
0.000231677 0.000268286

0.00023168 0.000268286
0.000231983 0.000268906

0.000231983 0.00026891
0.000232033 0.000269011

0.000232031 0.000269011
0.000232299 0.000269736

0.000232297 0.000269736
0.000232488 0.000270461

0.000232487 0.000270461
0.000232607 0.000271187

0.000232607 0.000271187
0.00023266 0.000271912

0.000232659 0.000271912
0.000232647 0.000272637

0.000232647 0.000272637
0.000232574 0.000273362

0.000232573 0.000273362
0.000232441 0.000274087

0.000232441 0.000274087
0.00023225 0.000274812

0.00023225 0.000274812
0.000232001 0.000275537

0.000231983 0.000275578
0.000231692 0.000276262

0.000231693 0.000276262
0.000231324 0.000276987

0.000231983 0.000275579
0.000232001 0.000275537

0.000231258 0.000277101
0.000231324 0.000276987

0.000199967 0.000278437
0.000200079 0.000278801

0.000200079 0.0002788
0.00020019 0.000279163

0.000200196 0.000279163
0.00020043 0.000279888

0.000200427 0.000279888
0.000200667 0.000280613

0.000200664 0.000280613
0.000200804 0.000281009

0.000200804 0.000281008
0.00020092 0.000281338

0.000200926 0.000281338
0.000201191 0.000282063

0.000201186 0.000282063
0.000201456 0.000282788

0.000201455 0.000282788
0.000201529 0.000282977

0.000201529 0.000282974
0.00020174 0.000283513

0.000201744 0.000283513
0.000202038 0.000284238

0.000202032 0.000284238
0.000202254 0.000284761

0.000202254 0.00028476
0.00020234 0.000284963

0.000202346 0.000284963
0.00020267 0.000285688

0.00020266 0.000285688
0.000202979 0.000286351

0.000202979 0.000286351
0.000203009 0.000286414

0.000203015 0.000286414
0.000203396 0.000287139

0.000203382 0.000287139
0.000203704 0.000287684

0.000203704 0.000287679
0.000203814 0.000287864

0.00020381 0.000287864
0.000204317 0.000288589

0.000204316 0.000288589
0.000204429 0.000288735

0.000204429 0.000288731
0.000204911 0.000289314

0.00020491 0.000289314
0.000205154 0.000289576

0.000205154 0.000289588
0.00020564 0.000290039

0.000205639 0.000290039
0.000205879 0.000290241

0.000205879 0.000290245
0.000206604 0.000290761

0.000206604 0.00029076
0.000206612 0.000290764

0.000206622 0.000290764
0.00020733 0.00029115

0.00020733 0.000291147
0.000208055 0.000291441

0.000216031 0.000289956
0.000215883 0.000290039

0.000216031 0.000289959
0.000216756 0.00028951

0.000218206 0.000288517
0.000218102 0.000288589

0.000217481 0.000289026
0.000217047 0.000289314

0.000216756 0.00028951
0.000217053 0.000289314

0.000217481 0.000289027
0.000218111 0.000288589

0.000218206 0.00028852
0.000218931 0.9771 7.32349e-05

0.000189771 7.32349e-05
0.000189904 7.396e-05

0.000189905 7.396e-05
0.000189927 7.4082e-05

0.000189927 7.40823e-05
0.000190039 7.46851e-05

0.000190039 7.46851e-05
0.000190174 7.54102e-05

0.000190173 7.54102e-05
0.000190309 7.61353e-05

0.000190309 7.61353e-05
0.000190445 7.68604e-05

0.000190445 7.68604e-05
0.000190582 7.75854e-05

0.000190583 7.75854e-05
0.000190652 7.79505e-05

0.000190652 7.79508e-05
0.000190721 7.83105e-05

0.000190721 7.83105e-05
0.000190859 7.90356e-05

0.000190859 7.90356e-05
0.000190998 7.97607e-05

0.000190998 7.97607e-05
0.000191138 8.04858e-05

0.000191138 8.04858e-05
0.000191279 8.12109e-05

0.000191279 8.12109e-05
0.000191377 8.17115e-05

0.000191377 8.17118e-05
0.000191421 8.1936e-05

0.000191421 8.1936e-05
0.000191564 8.26611e-05

0.000191564 8.26611e-05
0.000191707 8.33862e-05

0.000191707 8.33862e-05
0.00019185 8.41113e-05

0.00019185 8.41113e-05
0.000191995 8.48364e-05

0.000191996 8.48364e-05
0.000192103 8.53672e-05

0.000192103 8.53674e-05
0.000192142 8.55615e-05

0.000192142 8.55615e-05
0.000192288 8.62866e-05

0.000192288 8.62866e-05
0.000192434 8.70117e-05

0.000192434 8.70117e-05
0.000192582 8.77368e-05

0.000192581 8.77368e-05
0.00019273 8.84619e-05

0.000192731 8.84619e-05
0.000192828 8.89332e-05

0.000192828 8.89335e-05
0.00019288 8.9187e-05

0.00019288 8.9187e-05
0.000193029 8.99121e-05

0.000193029 8.99121e-05
0.000193179 9.06372e-05

0.000193179 9.06372e-05
0.000193329 9.13623e-05

0.000193329 9.13623e-05
0.000193481 9.20874e-05

0.000193481 9.20874e-05
0.000193553 9.24269e-05

0.000193553 9.24273e-05
0.000193634 9.28125e-05

0.000179362 9.28125e-05
0.000179528 9.35376e-05

0.000179528 9.35376e-05
0.000179694 9.42627e-05

0.000179694 9.42627e-05
0.000179776 9.4617e-05

0.000179776 9.46174e-05
0.000179861 9.49878e-05

0.000179861 9.49878e-05
0.000180028 9.57129e-05

0.000180028 9.57129e-05
0.000180196 9.6438e-05

0.000180196 9.6438e-05
0.000180363 9.71631e-05

0.000180363 9.71631e-05
0.000180501 9.77581e-05

0.000180501 9.77583e-05
0.000180531 9.78882e-05

0.000180531 9.78882e-05
0.000180699 9.86133e-05

0.0001807 9.86133e-05
0.000180868 9.93384e-05

0.000180868 9.93384e-05
0.000181036 0.000100063

0.000181036 0.000100063
0.000181205 0.000100789

0.000181205 0.000100789
0.000181226 0.00010088

0.000181226 0.00010088
0.000181374 0.000101514

0.000181374 0.000101514
0.000181543 0.000102239

0.000181543 0.000102239
0.000181712 0.000102964

0.000181712 0.000102964
0.000181881 0.000103689

0.000181881 0.000103689
0.000181951 0.000103992

0.000181951 0.000103992
0.00018205 0.000104414

0.00018205 0.000104414
0.000182219 0.000105139

0.000182219 0.000105139
0.000182388 0.000105864

0.000182388 0.000105864
0.000182556 0.000106589

0.000182556 0.000106589
0.000182676 0.000107105

0.000182676 0.000107105
0.000182725 0.000107314

0.000182725 0.000107314
0.000182894 0.00010804

0.000182894 0.00010804
0.000183062 0.000108765

0.000183062 0.000108765
0.00018323 0.00010949

0.00018323 0.00010949
0.000183398 0.000110215

0.000183398 0.000110215
0.000183401 0.000110229

0.000183401 0.000110229
0.000183566 0.00011094

0.000183566 0.00011094
0.000183733 0.000111665

0.000183733 0.000111665
0.0001839 0.00011239

0.0001839 0.00011239
0.000184066 0.000113115

0.000184066 0.000113115
0.000184126 0.000113379

0.000184126 0.000113379
0.000184232 0.00011384

0.000184232 0.00011384
0.000184398 0.000114565

0.000184398 0.000114565
0.000184563 0.000115291

0.000184563 0.000115291
0.000184727 0.000116016

0.000193633 9.28125e-05
0.000193786 9.35376e-05

0.000193785 9.35376e-05
0.000193938 9.42627e-05

0.000193938 9.42627e-05
0.000194091 9.49878e-05

0.000194091 9.49878e-05
0.000194246 9.57129e-05

0.000194246 9.57129e-05
0.000194278 9.58599e-05

0.000194278 9.58603e-05
0.000194401 9.6438e-05

0.000194401 9.6438e-05
0.000194556 9.71631e-05

0.000194555 9.71631e-05
0.000194711 9.78882e-05

0.00019471 9.78882e-05
0.000194867 9.86133e-05

0.000194867 9.86133e-05
0.000195003 9.92414e-05

0.000195003 9.92415e-05
0.000195024 9.93384e-05

0.000195024 9.93384e-05
0.000195181 0.000100063

0.00000287999

0.000219656 0.000287467
0.000219113 0.000287864

0.000218931 0.000287997
0.000219118 0.000287864

0.000208055 0.000291442
0.000208225 0.000291489

0.000208241 0.000291489
0.00020878 0.000291639

0.00020878 0.000291637
0.000209505 0.000291756

0.000209505 0.000291754
0.00021023 0.000291798

0.00021023 0.000291796
0.000210955 0.000291771

0.000210955 0.00029177
0.00021168 0.00029168

0.00021168 0.000291679
0.000212405 0.000291529

0.00021313 0.000291319
0.000212539 0.000291489

0.00021313 0.00029132
0.000213855 0.000291056

0.000212405 0.000291528
0.000212542 0.000291489

0.000214581 0.000290733
0.00021451 0.000290764

0.000213855 0.000291056
0.000214524 0.000290764

0.000214581 0.000290737
0.000215306 0.000290371

0.000215306 0.000290372
0.000215895 0.000290039

0.000224732 0.000283765
0.000224088 0.000284238

0.000225457 0.000283221
0.000225068 0.000283513

0.000224732 0.000283766
0.000225073 0.000283513

0.000220381 0.000286934
0.000220098 0.000287139

0.000221106 0.000286398
0.000221085 0.000286414

0.000220381 0.000286933
0.000221089 0.000286414

0.000222557 0.000285345
0.000222083 0.000285688

0.000221106 0.000286401
0.000221832 0.000285871

0.000221832 0.00028587
0.000222087 0.000285688

0.000219656 0.000287467
0.000220104 0.000287139

0.000223282 0.000284822
0.000223082 0.000284963

0.000222557 0.000285347
0.000223087 0.000284963

0.000223282 0.000284823
0.000224007 0.000284297

0.000224007 0.000284297
0.000224089 0.000284238

0.000228357 0.000280773
0.000227752 0.000281338

0.000226182 0.000282657
0.000226013 0.000282788

0.000226182 0.000282663
0.000226907 0.000282072

0.000225457 0.000283224
0.000226018 0.000282788

0.000227632 0.000281446
0.00022692 0.000282063

0.000226907 0.000282072
0.000226918 0.000282063

0.000227632 0.000281447
0.000227754 0.000281338

0.000229808 0.000279205
0.000229219 0.000279888

0.000229083 0.000280031
0.000228524 0.000280613

0.000228357 0.000280776
0.000228524 0.000280613

0.000229083 0.000280036
0.000229219 0.000279888

0.000230402 0.000278437
0.000229844 0.000279163

0.000229808 0.000279207
0.000229844 0.000279163

0195181 0.000100063
0.000195338 0.000100789

0.000195338 0.000100789
0.000195495 0.000101514

0.000195495 0.000101514
0.000195654 0.000102239

0.000195654 0.000102239
0.000195728 0.000102575

0.000195728 0.000102576
0.000195813 0.000102964

0.000195813 0.000102964
0.000195972 0.000103689

0.000195972 0.000103689
0.000196131 0.000104414

0.000196131 0.000104414
0.000196291 0.000105139

0.000196291 0.000105139
0.000196452 0.000105864

0.000196452 0.000105864
0.000196453 0.00010587

0.000184727 0.000116016
0.000184852 0.000116566

0.000184852 0.000116566
0.000184891 0.000116741

0.000184891 0.000116741
0.000185055 0.000117466

0.000185055 0.000117466
0.000185218 0.000118191

0.000185217 0.000118191
0.000185379 0.000118916

0.000185379 0.000118916
0.000185541 0.000119641

0.000185541 0.000119641
0.000185577 0.000119803

0.000185577 0.000119803
0.000185702 0.000120366

0.000185702 0.000120366
0.000185862 0.000121091

0.000185862 0.000121091
0.000186021 0.000121816

0.000186021 0.000121816
0.00018618 0.000122542

0.00018618 0.000122542
0.000186302 0.000123103

0.000186302 0.000123103
0.000186337 0.000123267

0.000186337 0.000123267
0.000186495 0.000123992

0.000186495 0.000123992
0.000186651 0.000124717

0.000186651 0.000124717
0.000186806 0.000125442

0.000186806 0.000125442
0.000186961 0.000126167

0.000186961 0.000126167
0.000187027 0.000126479

0.000187027 0.000126479
0.000187114 0.000126892

0.000187115 0.000126892
0.000187268 0.000127617

0.000187268 0.000127617
0.00018742 0.000128342

0.00018742 0.000128342
0.000187571 0.000129067

0.000187571 0.000129067
0.000187721 0.000129792

0.000187721 0.000129792
0.000187752 0.000129942

0.000187752 0.000129943
0.000187871 0.000130518

0.000187871 0.000130518
0.00018802 0.000131243

0.00018802 0.000131243
0.000188167 0.000131968

0.000188167 0.000131968
0.000188314 0.000132693

0.000188314 0.000132693
0.00018846 0.000133418

0.00018846 0.000133418
0.000188477 0.000133503

0.000188477 0.000133503
0.000188605 0.000134143

0.000188605 0.000134143
0.00018875 0.000134868

0.00018875 0.000134868
0.000188893 0.000135593

0.000188893 0.000135593
0.000189036 0.000136318

0.000189036 0.000136318
0.000189177 0.000137043

0.000189177 0.000137043
0.000189202 0.000137171

0.000189202 0.000137171
0.000189318 0.000137769

0.000189318 0.000137769
0.000189459 0.000138494

0.000189459 0.000138494
0.000189598 0.000139219

0.000196453 0.00010587
0.000196612 0.000106589

0.000196612 0.000106589
0.000196771 0.000107314

0.000196771 0.000107314
0.000196931 0.00010804

0.000196931 0.00010804
0.000197091 0.000108765

0.000197092 0.000108765
0.000197178 0.000109153

0.000197178 0.000109153
0.000197253 0.00010949

0.000197253 0.00010949
0.000197412 0.000110215

0.000197412 0.000110215
0.000197572 0.00011094

0.000197572 0.00011094
0.000197731 0.000111665

0.000197732 0.000111665
0.000197892 0.00011239

0.000197892 0.00011239
0.000197903 0.000112441

0.000197903 0.000112441
0.000198051 0.000113115

0.000198051 0.000113115
0.00019821 0.00011384

0.000198209 0.00011384
0.000198368 0.000114565

0.000198367 0.000114565
0.000198526 0.000115291

0.000198526 0.000115291
0.000198628 0.000115758

0.000198628 0.000115758
0.000198685 0.000116016

0.000198684 0.000116016
0.000198841 0.000116741

0.000198841 0.000116741
0.000198997 0.000117466

0.000198997 0.000117466
0.000199153 0.000118191

0.000199153 0.000118191
0.000199309 0.000118916

0.000199309 0.000118916
0.000199354 0.000119122

0.000199354 0.000119122
0.000199464 0.000119641

0.000199464 0.000119641
0.000199618 0.000120366

0.000199618 0.000120366
0.000199771 0.000121091

0.00019977 0.000121091
0.000199923 0.000121816

0.000199923 0.000121816
0.000200076 0.000122542

0.000200076 0.000122542
0.000200079 0.000122553

0.000200079 0.000122553
0.000200227 0.000123267

0.000200227 0.000123267
0.000200377 0.000123992

0.000200377 0.000123992
0.000200526 0.000124717

0.000200526 0.000124717
0.000200675 0.000125442

0.000200675 0.000125442
0.000200804 0.00012607

0.000200804 0.00012607
0.000200824 0.000126167

0.000200824 0.000126167
0.000200971 0.000126892

0.00020097 0.000126892
0.000201116 0.000127617

0.000201116 0.000127617
0.000201261 0.000128342

0.00020126 0.000128342
0.000201405 0.000129067

0.000201405 0.000129067
0.000201529 0.000129691

0.000201529 0.000129691
0.000201549 0.000129792

0.000201549 0.000129792
0.000201691 0.000130518

0.000201691 0.000130518
0.000201832 0.000131243

0.000201831 0.000131243
0.000201971 0.000131968

0.000201971 0.000131968
0.00020211 0.000132693

0.00020211 0.000132693
0.000202249 0.000133418

0.000202249 0.000133418
0.000202254 0.000133444

0.000202254 0.000133444
0.000202386 0.000134143

0.000202386 0.000134143
0.000202521 0.000134868

0.000202521 0.000134868
0.000202655 0.000135593

0.000202655 0.000135593
0.000202788 0.000136318

0.000202788 0.000136318
0.000202921 0.000137043

0.000202922 0.000137043
0.000202979 0.00013736

0.000202979 0.00013736
0.000203053 0.000137769

0.000203053 0.000137769
0.000203183 0.000138494

0.000203183 0.000138494
0.000203311 0.000139219

0.000189598 0.000139219
0.000189736 0.000139944

0.000189736 0.000139944
0.000189874 0.000140669

0.000189874 0.000140669
0.000189927 0.000140952

0.000189927 0.000140953
0.000190011 0.000141394

0.000190011 0.000141394
0.000190147 0.000142119

0.000190147 0.000142119
0.000190282 0.000142844

0.000190282 0.000142844
0.000190417 0.000143569

0.000190417 0.000143569
0.000190551 0.000144294

0.000190551 0.000144294
0.000190652 0.000144848

0.000190652 0.000144848
0.000190684 0.00014502

0.000190684 0.00014502
0.000190817 0.000145745

0.000190817 0.000145745
0.000190949 0.00014647

0.000190949 0.00014647
0.00019108 0.000147195

0.00019108 0.000147195
0.00019121 0.00014792

0.00019121 0.00014792
0.00019134 0.000148645

0.00019134 0.000148645
0.000191377 0.000148855

0.000191377 0.000148856
0.000191469 0.00014937

0.000191469 0.00014937
0.000191598 0.000150095

0.000191598 0.000150095
0.000191726 0.00015082

0.000191726 0.00015082
0.000191854 0.000151545

0.000191854 0.000151545
0.000191981 0.000152271

0.000191981 0.000152271
0.000192103 0.000152969

0.000192103 0.00015297
0.000192107 0.000152996

0.000192107 0.000152996
0.000192233 0.000153721

0.000192233 0.000153721
0.000192359 0.000154446

0.000192359 0.000154446
0.000192484 0.000155171

0.000192484 0.000155171
0.000192608 0.000155896

0.000192608 0.000155896
0.000192732 0.000156621

0.000192732 0.000156621
0.000192828 0.000157183

0.000192828 0.000157183
0.000192855 0.000157346

0.000192855 0.000157346
0.000192979 0.000158071

0.000192979 0.000158071
0.000193102 0.000158796

0.000193102 0.000158796
0.000193224 0.000159521

0.000193224 0.000159521
0.000193346 0.000160247

0.000193346 0.000160247
0.000193467 0.000160972

0.000193467 0.000160972
0.000193553 0.000161485

0.000193553 0.000161486
0.000193588 0.000161697

0.000193588 0.000161697
0.000193709 0.000162422

0.000193709 0.000162422
0.000193829 0.000163147

0.000193829 0.000163147
0.000193949 0.000163872

0.000193949 0.000163872
0.000194068 0.000164597

0.000194068 0.000164597
0.000194187 0.000165322

0.000194187 0.000165322
0.000194278 0.000165876

0.000194278 0.000165876
0.000194306 0.000166047

0.000194306 0.000166047
0.000194424 0.000166772

0.000194424 0.000166772
0.000194542 0.000167498

0.000194542 0.000167498
0.00019466 0.000168223

0.00019466 0.000168223
0.000194777 0.000168948

0.000194777 0.000168948
0.000194893 0.000169673

0.000194893 0.000169673
0.000195003 0.000170356

0.000195003 0.000170357
0.00019501 0.000170398

0.00019501 0.000170398
0.000195125 0.000171123

0.000195126 0.000171123
0.000195241 0.000171848

0.000195241 0.000171848
0.000195356 0.000172573

0.000195356 0.000172573
0.00019547 0.000173298

0.00019547 0.000173298
0.000195584 0.000174023

0.000195584 0.000174023
0.000195698 0.000174749

0.000195698 0.000174749
0.000195728 0.000174942

0.000195728 0.000174942
0.000195811 0.000175474

0.000195811 0.000175474
0.000195924 0.000176199

0.000195924 0.000176199
0.000196036 0.000176924

0.000196036 0.000176924
0.000196147 0.000177649

0.000196147 0.000177649
0.000196258 0.000178374

0.000196258 0.000178374
0.000196369 0.000179099

0.000196369 0.000179099
0.000196453 0.000179656

0.000203311 0.000139219
0.000203439 0.000139944

0.000203438 0.000139944
0.000203565 0.000140669

0.000203565 0.000140669
0.000203691 0.000141394

0.000203691 0.000141394
0.000203704 0.000141468

0.000203704 0.000141468
0.000203816 0.000142119

0.000203816 0.000142119
0.000203938 0.000142844

0.000203938 0.000142844
0.00020406 0.000143569

0.00020406 0.000143569
0.000204181 0.000144294

0.000204181 0.000144294
0.0002043 0.00014502

0.0002043 0.00014502
0.000204419 0.000145745

0.00020442 0.000145745
0.000204429 0.000145803

0.000204429 0.000145803
0.000204537 0.00014647

0.000204537 0.00014647
0.000204653 0.000147195

0.000204653 0.000147195
0.000204768 0.00014792

0.000204768 0.00014792
0.000204882 0.000148645

0.000204882 0.000148645
0.000204994 0.00014937

0.000204994 0.00014937
0.000205106 0.000150095

0.000205107 0.000150095
0.000205154 0.000150406

0.000205154 0.000150406
0.000205218 0.00015082

0.000205217 0.00015082
0.000205327 0.000151545

0.000205327 0.000151545
0.000205435 0.000152271

0.000205435 0.000152271
0.000205542 0.000152996

0.000205542 0.000152996
0.000205648 0.000153721

0.000205648 0.000153721
0.000205753 0.000154446

0.000205753 0.000154446
0.000205858 0.000155171

0.000205858 0.000155171
0.000205879 0.000155321

0.000205879 0.000155322
0.000205961 0.000155896

0.000205961 0.000155896
0.000206063 0.000156621

0.000206063 0.000156621
0.000206163 0.000157346

0.000206163 0.000157346
0.000206263 0.000158071

0.000206263 0.000158071
0.000206362 0.000158796

0.000206362 0.000158796
0.00020646 0.000159521

0.00020646 0.000159521
0.000206557 0.000160247

0.000206557 0.000160247
0.000206604 0.000160605

0.000206604 0.000160605
0.000206653 0.000160972

0.000206653 0.000160972
0.000206747 0.000161697

0.000206747 0.000161697
0.000206841 0.000162422

0.000206841 0.000162422
0.000206933 0.000163147

0.000206933 0.000163147
0.000207025 0.000163872

0.000207025 0.000163872
0.000207115 0.000164597

0.000207115 0.000164597
0.000207205 0.000165322

0.000207204 0.000165322
0.000207293 0.000166047

0.000207293 0.000166047
0.00020733 0.000166347

0.00020733 0.000166347
0.000207381 0.000166772

0.000207381 0.000166772
0.000207467 0.000167498

0.000207467 0.000167498
0.000207552 0.000168223

0.000207552 0.000168223
0.000207636 0.000168948

0.000207636 0.000168948
0.000207719 0.000169673

0.000207719 0.000169673
0.000207801 0.000170398

0.000207801 0.000170398
0.000207881 0.000171123

0.000207881 0.000171123
0.000207961 0.000171848

0.00020796 0.000171848
0.000208039 0.000172573

0.000208039 0.000172573
0.000208055 0.000172721

0.000196453 0.000179656
0.000196479 0.000179824

0.000196479 0.000179824
0.000196588 0.000180549

0.000196588 0.000180549
0.000196697 0.000181274

0.000196697 0.000181274
0.000196805 0.000182

0.000196805 0.000182
0.000196913 0.000182725

0.000196913 0.000182725
0.00019702 0.00018345

0.00019702 0.00018345
0.000197126 0.000184175

0.000197126 0.000184175
0.000197178 0.000184532

0.000197178 0.000184533
0.000197232 0.0001849

0.000197232 0.0001849
0.000197337 0.000185625

0.000208055 0.000172721
0.000208116 0.000173298

0.000208116 0.000173298
0.000208191 0.000174023

0.000208191 0.000174023
0.000208266 0.000174749

0.000208266 0.000174749
0.000208339 0.000175474

0.000208339 0.000175474
0.00020841 0.000176199

0.00020841 0.000176199
0.000208481 0.000176924

0.000208481 0.000176924
0.00020855 0.000177649

0.00020855 0.000177649
0.000208617 0.000178374

0.000208617 0.000178374
0.000208684 0.000179099

0.000208684 0.000179099
0.000208749 0.000179824

0.000208749 0.000179824
0.00020878 0.000180176

0.00020878 0.000180177
0.000208813 0.000180549

0.000208813 0.000180549
0.000208875 0.000181274

0.000208875 0.000181274
0.000208935 0.000182

0.000208935 0.000182
0.000208994 0.000182725

0.000208994 0.000182725
0.000209052 0.00018345

0.000209052 0.00018345
0.000209109 0.000184175

0.000209109 0.000184175
0.000209164 0.0001849

0.000209164 0.0001849
0.000209218 0.000185625

