0.000130473 0.000162422
0.000130534 0.000163147

0.000130534 0.000163147
0.000130599 0.000163872

0.000130599 0.000163872
0.000130668 0.000164597

0.000130668 0.000164597
0.000130742 0.000165322

0.000130742 0.000165322
0.00013082 0.000166047

0.00013082 0.000166047
0.000130903 0.000166772

0.000130903 0.000166772
0.000130991 0.000167498

0.000130991 0.000167498
0.000131084 0.000168223

0.000131084 0.000168223
0.000131184 0.000168948

0.000131183 0.000168948
0.000131194 0.000169023

0.000131194 0.000169022
0.000131288 0.000169673

0.000131288 0.000169673
0.000131399 0.000170398

0.000131399 0.000170398
0.000131516 0.000171123

0.000131516 0.000171123
0.000131639 0.000171848

0.000131639 0.000171848
0.00013177 0.000172573

0.00013177 0.000172573
0.000131908 0.000173298

0.000131908 0.000173298
0.000131919 0.000173355

0.000131919 0.000173354
0.000132054 0.000174023

0.000132054 0.000174023
0.000132207 0.000174749

0.000132207 0.000174749
0.000132369 0.000175474

0.000132369 0.000175474
0.00013254 0.000176199

0.00013254 0.000176199
0.000132645 0.000176617

0.000132645 0.000176616
0.000132721 0.000176924

0.000132721 0.000176924
0.000132911 0.000177649

0.00013291 0.000177649
0.000133111 0.000178374

0.000133111 0.000178374
0.000133323 0.000179099

0.000133323 0.000179099
0.00013337 0.000179251

0.00013337 0.00017925
0.000133547 0.000179824

0.000133546 0.000179824
0.000133782 0.000180549

0.000133782 0.000180549
0.000134031 0.000181274

0.00013403 0.000181274
0.000134095 0.000181452

0.000134095 0.00018145
0.000134294 0.000182

0.000134293 0.000182
0.000134571 0.000182725

0.000134571 0.000182725
0.00013482 0.000183339

0.00013482 0.000183339
0.000134865 0.00018345

0.000134864 0.00018345
0.000135175 0.000184175

0.000135175 0.000184175
0.000135504 0.0001849

0.000135503 0.0001849
0.000135545 0.000184987

0.000135545 0.000184986
0.000135853 0.000185625

0.000117265 0.000185625
0.000117417 0.000186132

0.000117417 0.000186132
0.000117483 0.00018635

0.000117486 0.00018635
0.000117709 0.000187075

0.000117708 0.000187075
0.000117932 0.0001878

0.00011793 0.0001878
0.000118143 0.000188474

0.000118143 0.000188474
0.000118159 0.000188525

0.000118161 0.000188525
0.000118395 0.00018925

0.000118396 0.00018925
0.000118632 0.000189976

0.00011863 0.000189976
0.000118868 0.000190691

0.000118868 0.000190691
0.000118871 0.000190701

0.000118872 0.000190701
0.00011912 0.000191426

0.00011912 0.000191426
0.00011937 0.000192151

0.000119367 0.000192151
0.000119593 0.000192793

0.000119593 0.000192793
0.000119622 0.000192876

0.000119625 0.000192876
0.000119885 0.000193601

0.000119885 0.000193601
0.000120148 0.000194326

0.000120145 0.000194326
0.000120318 0.000194788

0.000120318 0.000194788
0.000120416 0.000195051

0.000120421 0.000195051
0.000120697 0.000195776

0.000120694 0.000195776
0.000120972 0.000196501

0.000120971 0.000196501
0.000121043 0.000196681

0.000121043 0.00019668
0.00012126 0.000197227

0.000121263 0.000197227
0.000121556 0.000197952

0.000121551 0.000197952
0.000121768 0.000198476

0.000121768 0.000198476
0.000121851 0.000198677

0.000121856 0.000198677
0.000122162 0.000199402

0.000122158 0.000199402
0.000122469 0.000200127

0.00012247 0.000200127
0.000122493 0.000200179

0.000122493 0.000200176
0.000122792 0.000200852

0.000122792 0.000200852
0.000123118 0.000201577

0.000123116 0.000201577
0.000123218 0.000201797

0.000123218 0.000201796
0.000123453 0.000202302

0.000123456 0.000202302
0.000123799 0.000203027

0.000123795 0.000203027
0.000123943 0.000203334

0.000123943 0.000203333
0.000124147 0.000203752

0.000124151 0.000203752
0.000124511 0.000204478

0.000124506 0.000204478
0.000124668 0.000204796

0.000124668 0.000204795
0.000124876 0.000205203

0.00012488 0.000205203
0.000125259 0.000205928

0.000125255 0.000205928
0.000125394 0.000206187

0.000125394 0.000206186
0.000125643 0.000206653

0.000125645 0.000206653
0.000126044 0.000207378

0.000126044 0.000207378
0.000126119 0.00020751

0.000126119 0.000207509
0.000126453 0.000208103

0.000126449 0.000208103
0.000126844 0.000208781

0.000135853 0.000185625
9.42183e-05 0
9.42198e-05 1.4502e-06

9.42198e-05 1.4502e-06
9.42244e-05 2.90039e-06

9.42246e-05 2.90039e-06
9.42317e-05 4.35059e-06

9.42316e-05 4.35059e-06
9.4241e-05 5.80078e-06

9.42409e-05 5.80078e-06
9.4253e-05 7.25098e-06

9.42528e-05 7.25098e-06
9.42681e-05 8.70117e-06

9.42684e-05 8.70117e-06
9.42773e-05 9.42627e-06

9.42771e-05 9.42627e-06
9.42872e-05 1.01514e-05

9.42873e-05 1.01514e-05
9.43098e-05 1.16016e-05

9.43105e-05 1.16016e-05
9.43228e-05 1.23267e-05

9.43225e-05 1.23267e-05
9.43348e-05 1.30518e-05

9.43347e-05 1.30518e-05
9.4348e-05 1.37769e-05

9.43474e-05 1.37769e-05
9.43629e-05 1.4502e-05

9.43642e-05 1.4502e-05
9.43968e-05 1.59521e-05

9.43972e-05 1.59521e-05
9.44135e-05 1.66772e-05

9.44122e-05 1.66772e-05
9.44303e-05 1.74023e-05

9.44318e-05 1.74023e-05
9.44704e-05 1.88525e-05

9.44713e-05 1.88525e-05
9.44909e-05 1.95776e-05

9.44894e-05 1.95776e-05
9.45103e-05 2.03027e-05

9.45113e-05 2.03027e-05
9.45344e-05 2.10278e-05

9.45343e-05 2.10278e-05
9.4558e-05 2.17529e-05

9.45584e-05 2.17529e-05
9.4582e-05 2.2478e-05

9.45808e-05 2.2478e-05
9.46056e-05 2.32031e-05

9.46063e-05 2.32031e-05
9.46331e-05 2.39282e-05

9.46332e-05 2.39282e-05
9.46606e-05 2.46533e-05

9.46607e-05 2.46533e-05
9.46881e-05 2.53784e-05

9.46875e-05 2.53784e-05
9.4716e-05 2.61035e-05

9.47162e-05 2.61035e-05
9.47466e-05 2.68286e-05

9.47467e-05 2.68286e-05
9.47788e-05 2.75537e-05

9.47788e-05 2.75537e-05
9.48124e-05 2.82788e-05

9.48124e-05 2.82788e-05
9.48473e-05 2.90039e-05

9.48474e-05 2.90039e-05
9.48836e-05 2.9729e-05

9.48836e-05 2.9729e-05
9.49212e-05 3.04541e-05

9.49212e-05 3.04541e-05
9.49395e-05 3.07939e-05

9.49395e-05 3.07941e-05
9.49601e-05 3.11792e-05

9.496e-05 3.11792e-05
9.50002e-05 3.19043e-05

9.50002e-05 3.19043e-05
9.50416e-05 3.26294e-05

9.50416e-05 3.26294e-05
9.50842e-05 3.33545e-05

9.50843e-05 3.33545e-05
9.51281e-05 3.40796e-05

9.51281e-05 3.40796e-05
9.51731e-05 3.48047e-05

9.51731e-05 3.48047e-05
9.52194e-05 3.55298e-05

9.52194e-05 3.55298e-05
9.52669e-05 3.62549e-05

9.52669e-05 3.62549e-05
9.53155e-05 3.698e-05

9.53155e-05 3.698e-05
9.53652e-05 3.77051e-05

9.53653e-05 3.77051e-05
9.54162e-05 3.84302e-05

9.54162e-05 3.84302e-05
9.54682e-05 3.91553e-05

9.54682e-05 3.91553e-05
9.55213e-05 3.98804e-05

9.55213e-05 3.98804e-05
9.55754e-05 4.06055e-05

9.55754e-05 4.06055e-05
9.56306e-05 4.13306e-05

9.56306e-05 4.13306e-05
9.56646e-05 4.17681e-05

9.56646e-05 4.17683e-05
9.56868e-05 4.20557e-05

9.56869e-05 4.20557e-05
9.57441e-05 4.27808e-05

9.57441e-05 4.27808e-05
9.58023e-05 4.35059e-05

9.58023e-05 4.35059e-05
9.58616e-05 4.4231e-05

9.58616e-05 4.4231e-05
9.59218e-05 4.49561e-05

9.59218e-05 4.49561e-05
9.59829e-05 4.56812e-05

9.59829e-05 4.56812e-05
9.60449e-05 4.64062e-05

0.000117939 0
0.00011794 7.25098e-07

0.00011794 7.25098e-07
0.000117941 1.4502e-06

0.000117941 1.4502e-06
0.000117943 2.17529e-06

0.000117943 2.17529e-06
0.000117946 2.90039e-06

0.000117946 2.90039e-06
0.000117948 3.62549e-06

0.000117948 3.62549e-06
0.000117952 4.35059e-06

0.000117952 4.35059e-06
0.000117956 5.07568e-06

0.000117956 5.07568e-06
0.00011796 5.80078e-06

0.00011796 5.80078e-06
0.000117966 6.52588e-06

0.000117966 6.52588e-06
0.000117972 7.25098e-06

0.000117972 7.25098e-06
0.000117978 7.97607e-06

0.000117978 7.97607e-06
0.000117986 8.70117e-06

0.000117986 8.70117e-06
0.000117993 9.42627e-06

0.000117993 9.42627e-06
0.000118002 1.01514e-05

0.000118002 1.01514e-05
0.000118011 1.08765e-05

0.000118011 1.08765e-05
0.000118021 1.16016e-05

0.000118021 1.16016e-05
0.000118031 1.23267e-05

0.000118031 1.23267e-05
0.000118042 1.30518e-05

0.000118042 1.30518e-05
0.000118054 1.37769e-05

0.000118054 1.37769e-05
0.000118066 1.4502e-05

0.000118066 1.4502e-05
0.000118079 1.52271e-05

0.000118079 1.52271e-05
0.000118092 1.59521e-05

0.000118092 1.59521e-05
0.000118106 1.66772e-05

0.000118106 1.66772e-05
0.000118121 1.74023e-05

0.000118121 1.74023e-05
0.000118136 1.81274e-05

0.000118136 1.81274e-05
0.000118143 1.84201e-05

0.000118143 1.84205e-05
0.000118152 1.88525e-05

0.000118152 1.88525e-05
0.00010.000136224 0.00018635

0.000136222 0.00018635
0.00013627 0.000186439

0.00013627 0.000186437
0.000136617 0.000187075

0.000136617 0.000187075
0.000136995 0.000187728

0.000136995 0.000187727
0.000137038 0.0001878

0.000137036 0.0001878
0.000137483 0.000188525

0.000137481 0.000188525
0.00013772 0.000188888

0.00013772 0.000188884
0.000137963 0.00018925

0.000137961 0.00018925
0.000138445 0.000189934

0.000126844 0.000208781
0.000126871 0.000208828

0.000138445 0.000189934
0.000138475 0.000189976

0.000138473 0.000189976
0.000139024 0.000190701

0.000139025 0.000190701
0.00013917 0.000190884

0.00013917 0.00019088
0.000139618 0.000191426

0.00013962 0.000191426
0.000139896 0.000191745

0.000139896 0.00019174
0.000140261 0.000192151

0.000140263 0.000192151
0.000140621 0.000192529

0.000140621 0.000192528
0.000140965 0.000192876

0.000140965 0.000192876
0.000141346 0.000193241

0.000141346 0.000193246
0.00014174 0.000193601

0.000141739 0.000193601
0.000142071 0.00019389

0.000142071 0.000193894
0.000142599 0.000194326

0.000142597 0.000194326
0.000142796 0.000194483

0.000142796 0.000194486
0.000143521 0.000195031

0.000143521 0.000195032
0.000143549 0.000195051

0.000143549 0.000195051
0.000144246 0.000195529

0.000144246 0.000195529
0.000144643 0.000195776

0.000144648 0.000195776
0.000144971 0.000195977

0.000144971 0.000195978
0.000145696 0.00019639

0.000145696 0.000196392
0.000145909 0.000196501

0.000145916 0.000196501
0.000146421 0.000196762

0.000146421 0.000196762
0.000147146 0.000197101

0.000147146 0.000197102
0.000147441 0.000197227

0.000147447 0.000197227
0.000147872 0.000197407

0.000147872 0.000197408
0.000148597 0.000197686

0.000148597 0.000197685
0.000149322 0.000197937

0.000149322 0.000197938
0.000149366 0.000197952

0.000149371 0.000197952
0.000150047 0.000198164

0.000126877 0.000208828
0.000127308 0.000209553

0.0001273 0.000209553
0.000127569 0.000209995

0.000127569 0.000209992
0.000127743 0.000210278

0.000127746 0.000210278
0.000128204 0.000211003

0.000128204 0.000211003
0.000128294 0.000211147

0.000128294 0.000211144
0.000128668 0.000211729

0.000128663 0.000211729
0.000129019 0.000212268

0.000129019 0.000212264
0.000129143 0.000212454

0.000129147 0.000212454
0.00012964 0.000213179

0.000129641 0.000213179
0.000129744 0.000213333

0.000129744 0.00021333
0.000130139 0.000213904

0.000130134 0.000213904
0.000130469 0.000214378

0.000130469 0.000214373
0.000130648 0.000214629

0.000130649 0.000214629
0.000131179 0.000215354

0.000131179 0.000215354
0.000131194 0.000215375

0.000131194 0.000215369
0.00013172 0.000216079

0.000131719 0.000216079
0.000131919 0.000216355

0.000131919 0.00021635
0.000132257 0.000216804

0.000132254 0.000216804
0.000132645 0.000217316

0.000132645 0.000217312
0.000132809 0.000217529

0.00013281 0.000217529
0.00013337 0.00021824

0.00013337 0.00021824
0.000133381 0.000218254

0.000133386 0.000218254
0.000133964 0.000218979

0.000133965 0.000218979
0.000134095 0.000219145

0.000134095 0.000219145
0.000134539 0.000219705

0.000134539 0.000219705
0.00013482 0.000220064

0.00013482 0.000220057
0.000135114 0.00022043

0.000135112 0.00022043
0.000135545 0.000220957

0.000135545 0.000220955
0.00013571 0.000221155

0.000135709 0.000221155
0.00013627 0.00022181

0.00013627 0.00022181
0.000136331 0.00022188

0.000136331 0.00022188
0.000136972 0.000222605

0.000136972 0.000222605
0.000136995 0.000222631

0.000136995 0.000222629
0.000137628 0.00022333

0.000137629 0.00022333
0.00013772 0.00022343

0.00013772 0.000223431
0.000138296 0.000224055

0.000138296 0.000224055
0.000138445 0.000224215

0.000138445 0.000224215
0.000138981 0.00022478

0.000138982 0.00022478
0.00013917 0.000224973

0.00013917 0.000224979
0.000139711 0.000225505

0.000139713 0.000225505
0.000139896 0.000225676

0.000139896 0.000225685
0.000140517 0.00022623

0.000140517 0.00022623
0.000140621 0.000226317

0.000140621 0.000226321
0.000141346 0.000226886

0.000141346 0.00022689
0.00014144 0.000226956

0.000141455 0.000226956
0.000142071 0.000227384

0.000142071 0.000227393
0.000142541 0.000227681

0.000142547 0.000227681
0.000142796 0.000227832

0.000142796 0.00022783
0.000143521 0.000228213

0.000143521 0.000228218
0.000143941 0.000228406

0.000143948 0.000228406
0.000144246 0.000228539

0.000144246 0.000228537
0.000144971 0.000228802

0.000144971 0.000228801
0.000145696 0.000229014

0.000145696 0.000229016
0.000146214 0.000229131

0.000146217 0.000229131
0.000146421 0.000229176

0.000146421 0.000229175
0.000147146 0.000229284

0.000147146 0.000229283
0.000147872 0.000229343

0.000147872 0.000229342
0.000148597 0.000229354

0.000148597 0.000229354
0.000149322 0.00022932

0.000149322 0.00022932
0.000150047 0.000229242

0.000150047 0.000198164
0.000150772 0.000198369

0.000150772 0.000198368
0.000151497 0.000198553

0.000151497 0.000198552
0.000152036 0.000198677

0.000152038 0.000198677
0.000152222 0.000198719

0.000152222 0.000198719
0.000152947 0.000198871

0.000152947 0.000198871
0.000153672 0.000199008

0.000153672 0.000199008
0.000154397 0.000199133

0.000154397 0.000199133
0.000155123 0.000199248

0.000155123 0.000199247
0.000155848 0.000199354

0.000155848 0.000199354
0.000156192 0.000199402

0.000156194 0.000199402
0.000156573 0.000199455

0.000156573 0.000199455
0.000157298 0.000199552

0.000157298 0.000199552
0.000158023 0.000199647

0.000158023 0.000199647
0.000158748 0.000199742

0.000158748 0.000199741
0.000159473 0.000199837

0.000159473 0.000199837
0.000160198 0.000199935

0.000160198 0.000199935
0.000160923 0.000200037

0.000160923 0.000200036
0.000161518 0.000200127

0.000161519 0.000200127
0.000161648 0.000200147

0.000161648 0.000200147
0.000162374 0.000200269

0.000162374 0.000200269
0.000163099 0.000200402

0.000163099 0.000200402
0.000163824 0.000200547

0.000163824 0.000200545
0.000164549 0.000200706

0.000164549 0.000200703
0.00016513 0.000200852

0.00016513 0.000200852
0.000165274 0.000200889

0.000165274 0.000200892
0.000165999 0.000201103

0.000165999 0.0002011
0.000166724 0.000201335

0.000166724 0.00020133
0.000167368 0.000201577

0.000167367 0.000201577
0.000167449 0.000201609

0.000167449 0.000201613
0.000168174 0.000201934

0.000168174 0.000201921
0.000168899 0.000202301

0.000168899 0.000202301
0.000168902 0.000202302

0.000168899 0.000202306
0.000169625 0.000202761

0.000169625 0.000202749
0.000170007 0.000203027

0.000169989 0.000203027
0.00017035 0.000203296

0.00017035 0.000203291
0.00017087 0.000203752

0.000170869 0.000203752
0.000171075 0.000203954

0.000171075 0.000203953
0.000171548 0.000204478

0.000171558 0.000204478
0.0001718 0.0002048

0.0001718 0.000204806
0.000172088 0.000205203

0.000172089 0.000205203
0.000172514 0.000205928

0.000172515 0.000205928
0.000172525 0.000205949

0.000172525 0.000205959
0.00017284 0.000206653

0.000172837 0.000206653
0.000173083 0.000207378

0.000173082 0.000207378
0.00017325 0.000208088

0.000150772 0.000229121
0.00015071 0.000229131

0.000150772 0.000229121
0.000151497 0.000228962

0.000151497 0.000228961
0.000152222 0.000228764

0.000152222 0.000228764
0.000152947 0.000228531

0.000150047 0.000229242
0.000150721 0.000229131

0.000153672 0.000228261
0.000153281 0.000228406

0.000152947 0.000228531
0.000153287 0.000228406

0.000153672 0.000228262
0.000154397 0.000227964

0.000155123 0.000227633
0.000155017 0.000227681

0.000155123 0.000227635
0.000155848 0.000227282

0.000154397 0.000227964
0.000155026 0.000227681

0.000158023 0.000226093
0.000157782 0.00022623

0.000158023 0.000226094
0.000158748 0.000225666

0.000160198 0.000224776
0.00016019 0.00022478

0.000159473 0.000225226
0.000159012 0.000225505

0.000158748 0.000225667
0.000159014 0.000225505

0.000159473 0.000225227
0.000160196 0.00022478

0.000160198 0.000224778
0.000160923 0.000224323

0.000161648 0.000223862
0.000161344 0.000224055

0.000160923 0.000224324
0.000161346 0.000224055

0.000156573 0.000226903
0.000156471 0.000226956

0.000155848 0.000227283
0.000156479 0.000226956

0.000156573 0.000226905
0.000157298 0.000226509

0.000157298 0.000226509
0.000157787 0.00022623

0.000166724 0.000220363
0.000166637 0.00022043

0.000166724 0.000220369
0.000167449 0.000219788

0.00017325 0.00018168 1.95776e-05

0.000118168 1.95776e-05
0.000118185 2.03027e-05

0.000118185 2.03027e-05
0.000118202 2.10278e-05

0.000118202 2.10278e-05
0.00011822 2.17529e-05

0.00011822 2.17529e-05
0.000118239 2.2478e-05

0.000118239 2.2478e-05
0.000118258 2.32031e-05

0.000118258 2.32031e-05
0.000118277 2.39282e-05

0.000118277 2.39282e-05
0.000118297 2.46533e-05

0.000118298 2.46533e-05
0.000118318 2.53784e-05

0.000118318 2.53784e-05
0.000118339 2.61035e-05

0.000118339 2.61035e-05
0.000118361 2.68286e-05

0.000118361 2.68286e-05
0.000118383 2.75537e-05

0.000118383 2.75537e-05
0.000118406 2.82788e-05

0.000118406 2.82788e-05
0.000118429 2.90039e-05

0.000118429 2.90039e-05
0.000118453 2.9729e-05

0.000118453 2.9729e-05
0.000118477 3.04541e-05

0.000118477 3.04541e-05
0.000118502 3.11792e-05

0.000118502 3.11792e-05
0.000118527 3.19043e-05

0.000118527 3.19043e-05
0.000118553 3.26294e-05

0.000118553 3.26294e-05
0.000118579 3.33545e-05

0.000118579 3.33545e-05
0.000118605 3.40796e-05

0.000118605 3.40796e-05
0.000118632 3.48047e-05

0.000118632 3.48047e-05
0.00011866 3.55298e-05

0.00011866 3.55298e-05
0.000118688 3.62549e-05

0.000118688 3.62549e-05
0.000118717 3.698e-05

0.000118716 3.698e-05
0.000118745 3.77051e-05

0.000118745 3.77051e-05
0.000118775 3.84302e-05

0.000118775 3.84302e-05
0.000118805 3.91553e-05

0.000118805 3.91553e-05
0.000118835 3.98804e-05

0.000118835 3.98804e-05
0.000118866 4.06055e-05

0.000118866 4.06055e-05
0.000118868 4.0637e-05

0.000118868 4.06375e-05
0.000118898 4.13306e-05

0.000118898 4.13306e-05
0.00011893 4.20557e-05

0.00011893 4.20557e-05
0.000118962 4.27808e-05

0.000118962 4.27808e-05
0.000118995 4.35059e-05

0.000118995 4.35059e-05
0.000119029 4.4231e-05

0.000119029 4.4231e-05
0.000119063 4.49561e-05

0.000119063 4.49561e-05
0.000119098 4.56812e-05

0.000119098 4.56812e-05
0.000119134 4.64062e-05

9.60449e-05 4.64062e-05
9.61079e-05 4.71313e-05

9.61079e-05 4.71313e-05
9.61718e-05 4.78564e-05

9.61718e-05 4.78564e-05
9.62365e-05 4.85815e-05

9.62365e-05 4.85815e-05
9.63021e-05 4.93066e-05

9.63021e-05 4.93066e-05
9.63686e-05 5.00317e-05

9.63686e-05 5.00317e-05
9.63896e-05 5.02589e-05

9.63896e-05 5.02592e-05
9.64359e-05 5.07568e-05

9.64359e-05 5.07568e-05
9.65041e-05 5.14819e-05

9.65041e-05 5.14819e-05
9.6573e-05 5.2207e-05

9.6573e-05 5.2207e-05
9.66427e-05 5.29321e-05

9.66427e-05 5.29321e-05
9.67132e-05 5.36572e-05

9.67132e-05 5.36572e-05
9.67845e-05 5.43823e-05

9.67845e-05 5.43823e-05
9.68565e-05 5.51074e-05

9.68565e-05 5.51074e-05
9.69292e-05 5.58325e-05

9.69292e-05 5.58325e-05
9.70027e-05 5.65576e-05

9.70027e-05 5.65576e-05
9.70769e-05 5.72827e-05

9.70768e-05 5.72827e-05
9.71147e-05 5.76495e-05

9.71147e-05 5.76498e-05
9.71517e-05 5.80078e-05

9.71518e-05 5.80078e-05
9.72275e-05 5.87329e-05

9.72274e-05 5.87329e-05
9.73038e-05 5.9458e-05

9.73038e-05 5.9458e-05
9.73807e-05 6.01831e-05

9.73807e-05 6.01831e-05
9.74583e-05 6.09082e-05

9.74583e-05 6.09082e-05
9.75366e-05 6.16333e-05

9.75366e-05 6.16333e-05
9.76155e-05 6.23584e-05

9.76156e-05 6.23584e-05
9.76951e-05 6.30835e-05

9.76951e-05 6.30835e-05
9.77752e-05 6.38086e-05

9.77752e-05 6.38086e-05
9.78398e-05 6.43883e-05

9.78398e-05 6.43885e-05
9.7856e-05 6.45337e-05

9.7856e-05 6.45337e-05
9.79376e-05 6.52588e-05

9.79376e-05 6.52588e-05
9.80198e-05 6.59839e-05

9.80197e-05 6.59839e-05
9.81024e-05 6.6709e-05

9.81024e-05 6.6709e-05
9.81857e-05 6.74341e-05

9.81857e-05 6.74341e-05
9.82695e-05 6.81592e-05

9.82696e-05 6.81592e-05
9.8354e-05 6.88843e-05

9.83539e-05 6.88843e-05
9.84389e-05 6.96094e-05

9.84389e-05 6.96094e-05
9.85245e-05 7.03345e-05

9.85244e-05 7.03345e-05
9.85649e-05 7.06751e-05

9.85649e-05 7.06754e-05
9.86106e-05 7.10596e-05

9.86107e-05 7.10596e-05
9.86976e-05 7.17847e-05

9.86976e-05 7.17847e-05
9.87849e-05 7.25098e-05

9.87849e-05 7.25098e-05
9.88728e-05 7.32349e-05

9.88728e-05 7.32349e-05
9.89612e-05 7.396e-05

9.89612e-05 7.396e-05
9.90501e-05 7.46851e-05

9.90501e-05 7.46851e-05
9.91395e-05 7.54102e-05

9.91395e-05 7.54102e-05
9.92295e-05 7.61353e-05

9.92294e-05 7.61353e-05
9.929e-05 7.66204e-05

9.929e-05 7.66206e-05
9.932e-05 7.68604e-05

9.93201e-05 7.68604e-05
9.94113e-05 7.75854e-05

9.94114e-05 7.75854e-05
9.95031e-05 7.83105e-05

9.95031e-05 7.83105e-05
9.95953e-05 7.90356e-05

9.95953e-05 7.90356e-05
9.9688e-05 7.97607e-05

9.9688e-05 7.97607e-05
9.97813e-05 8.04858e-05

9.97813e-05 8.04858e-05
9.9875e-05 8.12109e-05

9.9875e-05 8.12109e-05
9.99693e-05 8.1936e-05

9.99692e-05 8.1936e-05
0.000100015 8.22869e-05

0.000100015 8.22872e-05
0.000100064 8.26611e-05

0.000100064 8.26611e-05
0.00010016 8.33862e-05

0.00010016 8.33862e-05
0.000100256 8.41113e-05

0.000100256 8.41113e-05
0.000100352 8.48364e-05

0.000100352 8.48364e-05
0.000100449 8.55615e-05

0.000100449 8.55615e-05
0.000100547 8.62866e-05

0.000100547 8.62866e-05
0.000100645 8.70117e-05

0.000100645 8.70117e-05
0.00010074 8.77138e-05

0.00010074 8.77139e-05
0.000100743 8.77368e-05

0.000100743 8.77368e-05
0.000100843 8.84619e-05

0.000100843 8.84619e-05
0.000100942 8.9187e-05

0.000100942 8.9187e-05
0.000101043 8.99121e-05

0.000101043 8.99121e-05
0.000101143 9.06372e-05

0.000101143 9.06372e-05
0.000101244 9.13623e-05

0.000101244 9.13623e-05
0.000101346 9.20874e-05

0.000101346 9.20874e-05
0.000101447 9.28125e-05

0.000119134 4.64062e-05
0.00011917 4.71313e-05

0.00011917 4.71313e-05
0.000119207 4.78564e-05

0.000119207 4.78564e-05
0.000119244 4.85815e-05

0.000119244 4.85815e-05
0.000119283 4.93066e-05

0.000119283 4.93066e-05
0.000119322 5.00317e-05

0.000119322 5.00317e-05
0.000119361 5.07568e-05

0.000119361 5.07568e-05
0.000119401 5.14819e-05

0.000119401 5.14819e-05
0.000119443 5.2207e-05

0.000119443 5.2207e-05
0.000119484 5.29321e-05

0.000119484 5.29321e-05
0.000119527 5.36572e-05

0.000119527 5.36572e-05
0.000119571 5.43823e-05

0.000119571 5.43823e-05
0.000119593 5.47429e-05

0.000119593 5.47433e-05
0.000119615 5.51074e-05

0.000119615 5.51074e-05
0.00011966 5.58325e-05

0.00011966 5.58325e-05
0.000119706 5.65576e-05

0.000119706 5.65576e-05
0.000119753 5.72827e-05

0.000119753 5.72827e-05
0.000119801 5.80078e-05

0.000119801 5.80078e-05
0.00011985 5.87329e-05

0.00011985 5.87329e-05
0.000119899 5.9458e-05

0.000119899 5.9458e-05
0.00011995 6.01831e-05

0.00011995 6.01831e-05
0.000120002 6.09082e-05

0.000120002 6.09082e-05
0.000120054 6.16333e-05

0.000120054 6.16333e-05
0.000120108 6.23584e-05

0.000120108 6.23584e-05
0.000120163 6.30835e-05

0.000120163 6.30835e-05
0.000120219 6.38086e-05

0.000120218 6.38086e-05
0.000120275 6.45337e-05

0.000120276 6.45337e-05
0.000120318 6.50611e-05

0.000120318 6.50614e-05
0.000120334 6.52588e-05

0.000120334 6.52588e-05
0.000120393 6.59839e-05

0.000120393 6.59839e-05
0.000120453 6.6709e-05

0.000120453 6.6709e-05
0.000120514 6.74341e-05

0.000120514 6.74341e-05
0.000120577 6.81592e-05

0.000120577 6.81592e-05
0.000120641 6.88843e-05

0.000120641 6.88843e-05
0.000120705 6.96094e-05

0.000120705 6.96094e-05
0.000120772 7.03345e-05

0.000120772 7.03345e-05
0.000120839 7.10596e-05

0.000120839 7.10596e-05
0.000120907 7.17847e-05

0.000120907 7.17847e-05
0.000120977 7.25098e-05

0.000120977 7.25098e-05
0.000121043 7.31812e-05

0.000121043 7.31813e-05
0.000121048 7.32349e-05

0.000121048 7.32349e-05
0.000121121 7.396e-05

0.000121121 7.396e-05
0.000121194 7.46851e-05

0.000121194 7.46851e-05
0.000121268 7.54102e-05

0.000121268 7.54102e-05
0.000121344 7.61353e-05

0.000121344 7.61353e-05
0.000121421 7.68604e-05

0.000121421 7.68604e-05
0.0001215 7.75854e-05

0.0001215 7.75854e-05
0.00012158 7.83105e-05

0.00012158 7.83105e-05
0.000121661 7.90356e-05

0.000121661 7.90356e-05
0.000121743 7.97607e-05

0.000121744 7.97607e-05
0.000121768 7.99715e-05

0.000121768 7.99719e-05
0.000121828 8.04858e-05

0.000121827 8.04858e-05
0.000121912 8.12109e-05

0.000121912 8.12109e-05
0.000121998 8.1936e-05

0.000121998 8.1936e-05
0.000122086 8.26611e-05

0.000122086 8.26611e-05
0.000122174 8.33862e-05

0.000122174 8.33862e-05
0.000122263 8.41113e-05

0.000122263 8.41113e-05
0.000122354 8.48364e-05

0.000122354 8.48364e-05
0.000122446 8.55615e-05

0.000122446 8.55615e-05
0.000122493 8.59298e-05

0.000122493 8.593211079
0.000173119 0.000211729

0.000173119 0.000211729
0.000172917 0.000212454

0.000172917 0.000212454
0.000172657 0.000213179

0.000172525 0.000213479
0.00017234 0.000213904

0.000172341 0.000213904
0.000171966 0.000214629

0.000172525 0.000213484
0.000172658 0.000213179

0.00017035 0.000216953
0.000169852 0.000217529

0.000168899 0.000218505
0.000168383 0.000218979

0.000168174 0.000219171
0.00016755 0.000219705

0.000167449 0.000219789
0.000167551 0.000219705

0.000168174 0.000219171
0.000168389 0.000218979

0.000169625 0.00021777
0.000169156 0.000218254

0.000168899 0.000218507
0.000169158 0.000218254

0.000169625 0.000217775
0.000169851 0.000217529

0.000171075 0.000216016
0.000171031 0.000216079

0.0001718 0.000214905
0.000171531 0.000215354

0.000171075 0.000216025
0.000171533 0.000215354

0.000171038 0.000216079
0.000170478 0.000216804

0.00017035 0.000216958
0.000170477 0.000216804

0.0001718 0.00021491
0.000171968 0.000214629

0.000163099 0.000222922
0.000162474 0.00022333

0.000163824 0.00022244
0.000163574 0.000222605

0.000163099 0.000222923
0.000163577 0.000222605

0.000163824 0.000222441
0.000164549 0.000221948

0.000161648 0.000223863
0.000162374 0.000223396

0.000162374 0.000223395
0.000162476 0.00022333

0.000165274 0.000221441
0.000164647 0.00022188

0.000165999 0.000220915
0.000165667 0.000221155

0.000165274 0.000221443
0.000165672 0.000221155

0.000164549 0.000221948
0.000164649 0.00022188

0.000165999 0.000220918
0.000166643 0.00022043

0.00017325 0.000208088
0.000173254 0.000208103

0.000173252 0.000208103
0.000173352 0.000208828

0.000173351 0.000208828
0.000173385 0.000209553

0.000173384 0.000209553
0.000173355 0.000210278

0.000173354 0.000210278
0.000173266 0.000211003

0.00017325 0.00021108
0.000173265 0.000211003

01e-05
0.000122539 8.62866e-05

0.000122539 8.62866e-05
0.000122633 8.70117e-05

0.000122633 8.70117e-05
0.000122728 8.77368e-05

0.000122728 8.77368e-05
0.000122825 8.84619e-05

0.000122825 8.84619e-05
0.000122923 8.9187e-05

0.000122923 8.9187e-05
0.000123022 8.99121e-05

0.000123022 8.99121e-05
0.000123124 9.06372e-05

0.000123124 9.06372e-05
0.000123218 9.13007e-05

0.000123218 9.13008e-05
0.000123227 9.13623e-05

0.000123227 9.13623e-05
0.000123332 9.20874e-05

0.000123332 9.20874e-05
0.000123438 9.28125e-05

0.000101447 9.28125e-05
0.000101465 9.29393e-05

0.000101465 9.29398e-05
0.00010155 9.35376e-05

0.00010155 9.35376e-05
0.000101653 9.42627e-05

0.000101653 9.42627e-05
0.000101757 9.49878e-05

0.000101757 9.49878e-05
0.00010186 9.57129e-05

0.00010186 9.57129e-05
0.000101964 9.6438e-05

0.000101964 9.6438e-05
0.000102069 9.71631e-05

0.000102069 9.71631e-05
0.000102173 9.78882e-05

0.000102173 9.78882e-05
0.00010219 9.8006e-05

0.00010219 9.80064e-05
0.000102279 9.86133e-05

0.000102279 9.86133e-05
0.000102385 9.93384e-05

0.000102385 9.93384e-05
0.00010249 0.000100063

0.00010249 0.000100063
0.000102597 0.000100789

0.000102597 0.000100789
0.000102703 0.000101514

0.000102703 0.000101514
0.000102809 0.000102239

0.000102809 0.000102239
0.000102916 0.00010296

0.000102916 0.00010296
0.000102916 0.000102964

0.000102916 0.000102964
0.000103023 0.000103689

0.000103023 0.000103689
0.000103131 0.000104414

0.000103131 0.000104414
0.000103238 0.000105139

0.000103238 0.000105139
0.000103346 0.000105864

0.000103346 0.000105864
0.000103453 0.000106589

0.000103453 0.000106589
0.000103561 0.000107314

0.000103561 0.000107314
0.000103641 0.000107852

0.000103641 0.000107852
0.000103669 0.00010804

0.000103669 0.00010804
0.000103777 0.000108765

0.000103777 0.000108765
0.000103885 0.00010949

0.000103885 0.00010949
0.000103993 0.000110215

0.000103993 0.000110215
0.0001041 0.00011094

0.0001041 0.00011094
0.000104208 0.000111665

0.000104208 0.000111665
0.000104315 0.00011239

0.000104315 0.00011239
0.000104366 0.000112731

0.000104366 0.000112732
0.000104423 0.000113115

0.000104423 0.000113115
0.000104531 0.00011384

0.000104531 0.00011384
0.000104638 0.000114565

0.000104638 0.000114565
0.000104745 0.000115291

0.000104745 0.000115291
0.000104852 0.000116016

0.000123438 9.28125e-05
0.000123546 9.35376e-05

0.000123546 9.35376e-05
0.000123655 9.42627e-05

0.000123655 9.42627e-05
0.000123766 9.49878e-05

0.000123765 9.49878e-05
0.000123878 9.57129e-05

0.000123879 9.57129e-05
0.000123943 9.61237e-05

0.000123943 9.61239e-05
0.000123993 9.6438e-05

0.000123993 9.6438e-05
0.000124107 9.71631e-05

0.000124107 9.71631e-05
0.000124223 9.78882e-05

0.000124223 9.78882e-05
0.00012434 9.86133e-05

0.00012434 9.86133e-05
0.000124458 9.93384e-05

0.000124458 9.93384e-05
0.000124578 0.000100063

0.000124579 0.000100063
0.000124668 0.000100602

0.000124668 0.000100602
0.0001247 0.000100789

0.000124699 0.000100789
0.000124821 0.000101514

0.000124821 0.000101514
0.000124942 0.000102239

0.000124942 0.000102239
0.000125065 0.000102964

0.000125065 0.000102964
0.000125188 0.000103689

0.000125188 0.000103689
0.000125313 0.000104414

0.000125314 0.000104414
0.000125394 0.000104878

0.000125394 0.000104878
0.000125439 0.000105139

0.000125438 0.000105139
0.000125563 0.000105864

0.000125563 0.000105864
0.000125688 0.000106589

0.000125688 0.000106589
0.000125813 0.000107314

0.000125813 0.000107314
0.000125939 0.00010804

0.000125938 0.00010804
0.000126065 0.000108765

0.000126065 0.000108765
0.000126119 0.000109072

0.000126119 0.000109072
0.000126191 0.00010949

0.000126191 0.00010949
0.000126316 0.000110215

0.000126315 0.000110215
0.000126439 0.00011094

0.000126439 0.00011094
0.000126563 0.000111665

0.000126562 0.000111665
0.000126685 0.00011239

0.000126685 0.00011239
0.000126807 0.000113115

0.000126807 0.000113115
0.000126844 0.000113334

0.000104852 0.000116016
0.000104959 0.000116741

0.000104959 0.000116741
0.000105066 0.000117466

0.000105065 0.000117466
0.000105091 0.000117638

0.000105091 0.000117639
0.000105172 0.000118191

0.000105172 0.000118191
0.000105279 0.000118916

0.000105279 0.000118916
0.000105385 0.000119641

0.000105385 0.000119641
0.000105491 0.000120366

0.000105491 0.000120366
0.000105596 0.000121091

0.000105596 0.000121091
0.000105701 0.000121816

0.000105701 0.000121816
0.000105806 0.000122542

0.000105806 0.000122542
0.000105816 0.000122607

0.000105816 0.000122608
0.000105912 0.000123267

0.000105912 0.000123267
0.000106017 0.000123992

0.000106017 0.000123992
0.000106122 0.000124717

0.000106122 0.000124717
0.000106226 0.000125442

0.000106226 0.000125442
0.00010633 0.000126167

0.00010633 0.000126167
0.000106434 0.000126892

0.000106434 0.000126892
0.000106538 0.000127617

0.000106538 0.000127617
0.000106541 0.000127641

0.000106541 0.000127642
0.000106641 0.000128342

0.000106642 0.000128342
0.000106745 0.000129067

0.000106745 0.000129067
0.000106849 0.000129792

0.000106849 0.000129792
0.000106952 0.000130518

0.000106952 0.000130518
0.000107055 0.000131243

0.000107055 0.000131243
0.000107158 0.000131968

0.000107157 0.000131968
0.00010726 0.000132693

0.00010726 0.000132693
0.000107266 0.000132735

0.000107266 0.000132736
0.000107363 0.000133418

0.000107363 0.000133418
0.000107466 0.000134143

0.000107466 0.000134143
0.000107569 0.000134868

0.000107569 0.000134868
0.000107672 0.000135593

0.000107672 0.000135593
0.000107774 0.000136318

0.000107774 0.000136318
0.000107877 0.000137043

0.000107877 0.000137043
0.000107979 0.000137769

0.000107979 0.000137769
0.000107991 0.000137853

0.000107991 0.000137854
0.000108082 0.000138494

0.000108083 0.000138494
0.000108186 0.000139219

0.000108186 0.000139219
0.000108289 0.000139944

0.000108289 0.000139944
0.000108392 0.000140669

0.000108392 0.000140669
0.000108496 0.000141394

0.000108496 0.000141394
0.0001086 0.000142119

0.0001086 0.000142119
0.000108704 0.000142844

0.000108703 0.000142844
0.000108716 0.000142933

0.000108716 0.000142934
0.000108808 0.000143569

0.000108809 0.000143569
0.000108914 0.000144294

0.000108914 0.000144294
0.00010902 0.00014502

0.00010902 0.00014502
0.000109126 0.000145745

0.000109126 0.000145745
0.000109232 0.00014647

0.000109232 0.00014647
0.000109339 0.000147195

0.000109339 0.000147195
0.000109441 0.000147884

0.000109441 0.000147884
0.000109447 0.00014792

0.000109447 0.00014792
0.000109556 0.000148645

0.000109556 0.000148645
0.000109666 0.00014937

0.000109666 0.00014937
0.000109776 0.000150095

0.000109776 0.000150095
0.000109887 0.00015082

0.000109887 0.00015082
0.000109998 0.000151545

0.000109998 0.000151545
0.00011011 0.000152271

0.00011011 0.000152271
0.000110167 0.000152632

0.000110167 0.000152633
0.000110224 0.000152996

0.000110224 0.000152996
0.000110339 0.000153721

0.000110339 0.000153721
0.000110456 0.000154446

0.000110455 0.000154446
0.000110572 0.000155171

0.000110572 0.000155171
0.00011069 0.000155896

0.00011069 0.000155896
0.000110809 0.000156621

0.000110809 0.000156621
0.000110892 0.000157118

0.000110892 0.000157118
0.00011093 0.000157346

0.00011093 0.000157346
0.000111053 0.000158071

0.000111053 0.000158071
0.000111178 0.000158796

0.000111177 0.000158796
0.000111303 0.000159521

0.000111303 0.000159521
0.000111429 0.000160247

0.000111429 0.000160247
0.000111557 0.000160972

0.000111556 0.000160972
0.000111617 0.000161307

0.000111617 0.000161308
0.000111687 0.000161697

0.000111687 0.000161697
0.00011182 0.000162422

0.00011182 0.000162422
0.000111955 0.000163147

0.000111955 0.000163147
0.00011209 0.000163872

0.00011209 0.000163872
0.000112227 0.000164597

0.000112226 0.000164597
0.000112342 0.000165196

0.000112342 0.000165197
0.000112366 0.000165322

0.000112366 0.000165322
0.000112509 0.000166047

0.00011251 0.000166047
0.000112654 0.000166772

0.000112654 0.000166772
0.0001128 0.000167498

0.000112799 0.000167498
0.000112947 0.000168223

0.000112946 0.000168223
0.000113067 0.000168806

0.000113067 0.000168806
0.000113096 0.000168948

0.000113097 0.000168948
0.000113251 0.000169673

0.000113251 0.000169673
0.000113406 0.000170398

0.000113406 0.000170398
0.000113562 0.000171123

0.000113562 0.000171123
0.00011372 0.000171848

0.000113719 0.000171848
0.000113792 0.000172172

0.000113792 0.000172173
0.000113882 0.000172573

0.000113883 0.000172573
0.000114049 0.000173298

0.000114049 0.000173298
0.000114215 0.000174023

0.000114215 0.000174023
0.000114382 0.000174749

0.000114381 0.000174749
0.000114517 0.000175322

0.000114517 0.000175322
0.000114553 0.000175474

0.000114554 0.000175474
0.00011473 0.000176199

0.000114731 0.000176199
0.000114908 0.000176924

0.000114908 0.000176924
0.000115086 0.000177649

0.000115085 0.000177649
0.000115242 0.000178271

0.000115242 0.000178272
0.000115268 0.000178374

0.000115269 0.000178374
0.000115457 0.000179099

0.000115457 0.000179099
0.000115646 0.000179824

0.000115646 0.000179824
0.000115836 0.000180549

0.000115834 0.000180549
0.000115967 0.000181042

0.000115967 0.000181042
0.00011603 0.000181274

0.000116032 0.000181274
0.000116232 0.000182

0.000116231 0.000182
0.000116431 0.000182725

0.000116431 0.000182725
0.000116633 0.00018345

0.000116632 0.00018345
0.000116692 0.000183659

0.000116692 0.000183659
0.000116841 0.000184175

0.000116844 0.000184175
0.000117056 0.0001849

0.000117054 0.0001849
0.000117266 0.000185625

0.000126844 0.000113334
0.000126928 0.00011384

0.000126928 0.00011384
0.000127046 0.000114565

0.000127046 0.000114565
0.000127163 0.000115291

0.000127163 0.000115291
0.000127278 0.000116016

0.000127278 0.000116016
0.000127391 0.000116741

0.000127391 0.000116741
0.000127504 0.000117466

0.000127504 0.000117466
0.000127569 0.000117892

0.000127569 0.000117892
0.000127614 0.000118191

0.000127614 0.000118191
0.000127721 0.000118916

0.000127721 0.000118916
0.000127826 0.000119641

0.000127826 0.000119641
0.000127929 0.000120366

0.000127929 0.000120366
0.000128029 0.000121091

0.000128029 0.000121091
0.000128126 0.000121816

0.000128126 0.000121816
0.000128221 0.000122542

0.000128221 0.000122542
0.000128294 0.000123111

0.000128294 0.000123111
0.000128314 0.000123267

0.000128314 0.000123267
0.000128403 0.000123992

0.000128403 0.000123992
0.000128489 0.000124717

0.000128489 0.000124717
0.000128572 0.000125442

0.000128572 0.000125442
0.000128652 0.000126167

0.000128652 0.000126167
0.000128729 0.000126892

0.000128729 0.000126892
0.000128803 0.000127617

0.000128803 0.000127617
0.000128875 0.000128342

0.000128875 0.000128342
0.000128943 0.000129067

0.000128943 0.000129067
0.000129009 0.000129792

0.000129009 0.000129792
0.000129019 0.000129905

0.000129019 0.000129906
0.000129072 0.000130518

0.000129072 0.000130518
0.00012913 0.000131243

0.00012913 0.000131243
0.000129186 0.000131968

0.000129186 0.000131968
0.000129238 0.000132693

0.000129238 0.000132693
0.000129287 0.000133418

0.000129287 0.000133418
0.000129333 0.000134143

0.000129333 0.000134143
0.000129376 0.000134868

0.000129376 0.000134868
0.000129416 0.000135593

0.000129416 0.000135593
0.000129454 0.000136318

0.000129454 0.000136318
0.000129488 0.000137043

0.000129488 0.000137043
0.00012952 0.000137769

0.00012952 0.000137769
0.00012955 0.000138494

0.00012955 0.000138494
0.000129578 0.000139219

0.000129578 0.000139219
0.000129604 0.000139944

0.000129604 0.000139944
0.000129628 0.000140669

0.000129628 0.000140669
0.000129651 0.000141394

0.000129651 0.000141394
0.000129672 0.000142119

0.000129672 0.000142119
0.000129693 0.000142844

0.000129693 0.000142844
0.000129712 0.000143569

0.000129712 0.000143569
0.00012973 0.000144294

0.00012973 0.000144294
0.000129744 0.000144846

0.000129744 0.000144846
0.000129748 0.00014502

0.000129748 0.00014502
0.000129766 0.000145745

0.000129766 0.000145745
0.000129783 0.00014647

0.000129783 0.00014647
0.000129801 0.000147195

0.000129801 0.000147195
0.000129818 0.00014792

0.000129818 0.00014792
0.000129836 0.000148645

0.000129836 0.000148645
0.000129854 0.00014937

0.000129854 0.00014937
0.000129873 0.000150095

0.000129873 0.000150095
0.000129893 0.00015082

0.000129893 0.00015082
0.000129915 0.000151545

0.000129915 0.000151545
0.000129937 0.000152271

0.000129937 0.000152271
0.000129961 0.000152996

0.000129961 0.000152996
0.000129986 0.000153721

0.000129986 0.000153721
0.000130013 0.000154446

0.000130013 0.000154446
0.000130042 0.000155171

0.000130042 0.000155171
0.000130073 0.000155896

0.000130073 0.000155896
0.000130106 0.000156621

0.000130106 0.000156621
0.000130142 0.000157346

0.000130142 0.000157346
0.00013018 0.000158071

0.00013018 0.000158071
0.000130221 0.000158796

0.000130221 0.000158796
0.000130265 0.000159521

0.000130265 0.000159521
0.000130312 0.000160247

0.000130312 0.000160247
0.000130362 0.000160972

0.000130362 0.000160972
0.000130416 0.000161697

0.000130416 0.000161697
0.000130469 0.000162375

0.000130469 0.000162375
0.000130473 0.000162422

