-4.06726e-05 0
-4.0672e-05 7.25098e-07

-4.06721e-05 7.25098e-07
-4.06704e-05 1.4502e-06

-4.06704e-05 1.4502e-06
-4.06674e-05 2.17529e-06

-4.06674e-05 2.17529e-06
-4.06631e-05 2.90039e-06

-4.0663e-05 2.90039e-06
-4.06573e-05 3.62549e-06

-4.06574e-05 3.62549e-06
-4.06538e-05 3.99511e-06

-4.06538e-05 3.99553e-06
-4.06504e-05 4.35059e-06

-4.06504e-05 4.35059e-06
-4.06418e-05 5.07568e-06

-4.06419e-05 5.07568e-06
-4.06314e-05 5.80078e-06

-4.06315e-05 5.80078e-06
-4.0619e-05 6.52588e-06

-4.0619e-05 6.52588e-06
-4.06044e-05 7.25098e-06

-4.06044e-05 7.25098e-06
-4.05878e-05 7.97607e-06

-4.05877e-05 7.97607e-06
-4.05691e-05 8.70117e-06

-4.05691e-05 8.70117e-06
-4.05484e-05 9.42627e-06

-4.05484e-05 9.42627e-06
-4.0526e-05 1.01514e-05

-4.0526e-05 1.01514e-05
-4.05016e-05 1.08765e-05

-4.05016e-05 1.08765e-05
-4.04755e-05 1.16016e-05

-4.04755e-05 1.16016e-05
-4.04476e-05 1.23267e-05

-4.04476e-05 1.23267e-05
-4.04179e-05 1.30518e-05

-4.04179e-05 1.30518e-05
-4.03864e-05 1.37769e-05

-4.03864e-05 1.37769e-05
-4.03532e-05 1.4502e-05

-4.03532e-05 1.4502e-05
-4.03182e-05 1.52271e-05

-4.03182e-05 1.52271e-05
-4.02815e-05 1.59521e-05

-4.02815e-05 1.59521e-05
-4.02431e-05 1.66772e-05

-4.02431e-05 1.66772e-05
-4.0203e-05 1.74023e-05

-4.0203e-05 1.74023e-05
-4.01612e-05 1.81274e-05

-4.01612e-05 1.81274e-05
-4.01177e-05 1.88525e-05

-4.01177e-05 1.88525e-05
-4.00725e-05 1.95776e-05

-4.00725e-05 1.95776e-05
-4.00257e-05 2.03027e-05

-4.00257e-05 2.03027e-05
-3.99772e-05 2.10278e-05

-3.99772e-05 2.10278e-05
-3.99287e-05 2.17287e-05

-3.99287e-05 2.17288e-05
-3.9927e-05 2.17529e-05

-3.99271e-05 2.17529e-05
-3.98752e-05 2.2478e-05

-3.98751e-05 2.2478e-05
-3.98215e-05 2.32031e-05

-3.98215e-05 2.32031e-05
-3.97663e-05 2.39282e-05

-3.97663e-05 2.39282e-05
-3.97094e-05 2.46533e-05

-3.97094e-05 2.46533e-05
-3.96509e-05 2.53784e-05

-3.96509e-05 2.53784e-05
-3.95906e-05 2.61035e-05

-3.95906e-05 2.61035e-05
-3.95288e-05 2.68286e-05

-3.95288e-05 2.68286e-05
-3.94653e-05 2.75537e-05

-3.94653e-05 2.75537e-05
-3.94001e-05 2.82788e-05

-3.94001e-05 2.82788e-05
-3.93334e-05 2.90039e-05

-3.93334e-05 2.90039e-05
-3.9265e-05 2.9729e-05

-3.92651e-05 2.9729e-05
-3.92036e-05 3.03639e-05

-3.92036e-05 3.03641e-05
-3.91949e-05 3.04541e-05

-3.91949e-05 3.04541e-05
-3.91228e-05 3.11792e-05

-3.91228e-05 3.11792e-05
-3.9049e-05 3.19043e-05

-3.90489e-05 3.19043e-05
-3.89734e-05 3.26294e-05

-3.89735e-05 3.26294e-05
-3.88963e-05 3.33545e-05

-3.88962e-05 3.33545e-05
-3.88172e-05 3.40796e-05

-3.88172e-05 3.40796e-05
-3.87364e-05 3.48047e-05

-3.87364e-05 3.48047e-05
-3.86539e-05 3.55298e-05

-3.86539e-05 3.55298e-05
-3.85696e-05 3.62549e-05

-3.85696e-05 3.62549e-05
-3.84833e-05 3.698e-05

-3.84833e-05 3.698e-05
-3.84785e-05 3.70195e-05

-3.84785e-05 3.70201e-05
-3.83949e-05 3.77051e-05

-3.83946e-05 3.77051e-05
-3.83041e-05 3.84302e-05

-3.83042e-05 3.84302e-05
-3.8212e-05 3.91553e-05

-3.8212e-05 3.91553e-05
-3.81179e-05 3.98804e-05

-3.81178e-05 3.98804e-05
-3.80219e-05 4.06055e-05

-3.80219e-05 4.06055e-05
-3.79242e-05 4.13306e-05

-3.79242e-05 4.13306e-05
-3.78246e-05 4.20557e-05

-3.78248e-05 4.20557e-05
-3.77534e-05 4.25627e-05

-3.77534e-05 4.25632e-05
-3.77228e-05 4.27808e-05

-3.77225e-05 4.27808e-05
-3.76179e-05 4.35059e-05

-3.76179e-05 4.35059e-05
-3.75114e-05 4.4231e-05

-3.75115e-05 4.4231e-05
-3.74033e-05 4.49561e-05

-3.74032e-05 4.49561e-05
-3.72932e-05 4.56812e-05

-3.72933e-05 4.56812e-05
-3.71814e-05 4.64062e-05

-3.71816e-05 4.64062e-05
-3.70676e-05 4.71313e-05

-3.70678e-05 4.71313e-05
-3.70283e-05 4.73762e-05

-3.70283e-05 4.7377e-05
-3.6951e-05 4.78564e-05

-3.69503e-05 4.78564e-05
-3.68309e-05 4.85815e-05

-3.6831e-05 4.85815e-05
-3.67101e-05 4.93066e-05

-3.67101e-05 4.93066e-05
-3.65875e-05 5.00317e-05

-3.65876e-05 5.00317e-05
-3.64632e-05 5.07568e-05

-3.64634e-05 5.07568e-05
-3.63367e-05 5.14819e-05

-3.6337e-05 5.14819e-05
-3.63032e-05 5.16701e-05

-3.63032e-05 5.16711e-05
-3.6207e-05 5.2207e-05

-3.6206e-05 5.2207e-05
-3.60733e-05 5.29321e-05

-3.60735e-05 5.29321e-05
-3.59396e-05 5.36572e-05

-3.59395e-05 5.36572e-05
-3.58038e-05 5.43823e-05

-3.5804e-05 5.43823e-05
-3.56663e-05 5.51074e-05

-3.56669e-05 5.51074e-05
-3.55781e-05 5.55623e-05

-3.55781e-05 5.5563e-05
-3.55255e-05 5.58325e-05

-3.55246e-05 5.58325e-05
-3.53799e-05 5.65576e-05

-3.53797e-05 5.65576e-05
-3.52337e-05 5.72827e-05

-3.52338e-05 5.72827e-05
-3.50864e-05 5.80078e-05

-3.50868e-05 5.80078e-05
-3.49372e-05 5.87329e-05

-3.49379e-05 5.87329e-05
-3.4853e-05 5.91326e-05

-3.4853e-05 5.91333e-05
-3.47841e-05 5.9458e-05

-3.47827e-05 5.9458e-05
-3.46255e-05 6.01831e-05

-3.46255e-05 6.01831e-05
-3.44675e-05 6.09082e-05

-3.44678e-05 6.09082e-05
-3.43084e-05 6.16333e-05

-3.43091e-05 6.16333e-05
-3.41464e-05 6.23584e-05

-3.41463e-05 6.23584e-05
-3.41279e-05 6.24379e-05

-3.41279e-05 6.24388e-05
-3.39791e-05 6.30835e-05

-3.39775e-05 6.30835e-05
-3.38083e-05 6.38086e-05

-3.38089e-05 6.38086e-05
-3.36397e-05 6.45337e-05

-3.36404e-05 6.45337e-05
-3.34686e-05 6.52588e-05

-3.34692e-05 6.52588e-05
-3.34028e-05 6.55303e-05

-3.34028e-05 6.55311e-05
-3.32922e-05 6.59839e-05

-3.32901e-05 6.59839e-05
-3.31101e-05 6.6709e-05

-3.31107e-05 6.6709e-05
-3.29308e-05 6.74341e-05

-3.29316e-05 6.74341e-05
-3.27492e-05 6.81592e-05

-3.27499e-05 6.81592e-05
-3.26777e-05 6.84374e-05

-3.26777e-05 6.84381e-05
-3.25619e-05 6.88843e-05

-3.25593e-05 6.88843e-05
-3.23686e-05 6.96094e-05

-3.23695e-05 6.96094e-05
-3.21795e-05 7.03345e-05

-3.21806e-05 7.03345e-05
-3.19871e-05 7.10596e-05

-3.1987e-05 7.10596e-05
-3.19526e-05 7.11846e-05

-3.19526e-05 7.11853e-05
-3.17878e-05 7.17847e-05

-3.17853e-05 7.17847e-05
-3.15846e-05 7.25098e-05

-3.1586e-05 7.25098e-05
-3.13858e-05 7.32349e-05

-3.13874e-05 7.32349e-05
-3.12275e-05 7.37981e-05

-3.12275e-05 7.37985e-05
-3.11817e-05 7.396e-05

-3.11791e-05 7.396e-05
-3.09693e-05 7.46851e-05

-3.09696e-05 7.46851e-05
-3.07603e-05 7.54102e-05

-3.07617e-05 7.54102e-05
-3.05496e-05 7.61353e-05

-3.05498e-05 7.61353e-05
-3.05024e-05 7.62925e-05

-3.05024e-05 7.62929e-05
-3.03315e-05 7.68604e-05

-3.03285e-05 7.68604e-05
-3.01092e-05 7.75854e-05

-3.01115e-05 7.75854e-05
-2.98924e-05 7.83105e-05

-2.98941e-05 7.83105e-05
-2.97773e-05 7.86835e-05

-2.97773e-05 7.86836e-05
-2.96671e-05 7.90356e-05

-2.9663e-05 7.90356e-05
-2.94328e-05 7.97607e-05

-2.94348e-05 7.97607e-05
-2.92054e-05 8.04858e-05

-2.92074e-05 8.04858e-05
-2.90522e-05 8.09608e-05

-2.90522e-05 8.0961e-05
-2.89706e-05 8.12109e-05

-2.89664e-05 8.12109e-05
-2.87267e-05 8.1936e-05

-2.87288e-05 8.1936e-05
-2.84904e-05 8.26611e-05

-2.84927e-05 8.26611e-05
-2.83271e-05 8.31497e-05

-2.83271e-05 8.31497e-05
-2.8247e-05 8.33862e-05

-2.82426e-05 8.33862e-05
-2.7994e-05 8.41113e-05

-2.79964e-05 8.41113e-05
-2.7749e-05 8.48364e-05

-2.77511e-05 8.48364e-05
-2.76021e-05 8.52598e-05

-2.76021e-05 8.52596e-05
-2.74958e-05 8.55615e-05

-2.7491e-05 8.55615e-05
-2.72333e-05 8.62866e-05

-2.72366e-05 8.62866e-05
-2.69793e-05 8.70117e-05

-2.69805e-05 8.70117e-05
-2.6877e-05 8.72944e-05

-2.6877e-05 8.72935e-05
-2.67145e-05 8.77368e-05

-2.67102e-05 8.77368e-05
-2.64428e-05 8.84619e-05

-2.64472e-05 8.84619e-05
-2.6178e-05 8.9187e-05

-2.61769e-05 8.9187e-05
-2.61519e-05 8.92529e-05

-2.61519e-05 8.92508e-05
-2.59002e-05 8.99121e-05

-2.58991e-05 8.99121e-05
-2.56222e-05 9.06372e-05

-2.56259e-05 9.06372e-05
-2.54268e-05 9.11471e-05

-2.54268e-05 9.11472e-05
-2.53427e-05 9.13623e-05

-2.53374e-05 9.13623e-05
-2.50508e-05 9.20874e-05

-2.5055e-05 9.20874e-05
-2.47674e-05 9.28125e-05

-2.47673e-05 9.28125e-05
-2.47017e-05 9.29734e-05

-2.47017e-05 9.29716e-05
-2.44708e-05 9.35376e-05

-2.44685e-05 9.35376e-05
-2.41709e-05 9.42627e-05

-2.41754e-05 9.42627e-05
-2.39766e-05 9.47374e-05

-2.39766e-05 9.47374e-05
-2.38717e-05 9.49878e-05

-2.3866e-05 9.49878e-05
-2.35588e-05 9.57129e-05

-2.35645e-05 9.57129e-05
-2.32539e-05 9.6438e-05

-2.32531e-05 9.6438e-05
-2.32515e-05 9.64417e-05

-2.32496e-05 9.6438e-05
-2.29326e-05 9.71631e-05

-2.29349e-05 9.71631e-05
-2.26155e-05 9.78882e-05

-2.26162e-05 9.78882e-05
-2.25264e-05 9.80873e-05

-2.25264e-05 9.80862e-05
-2.22886e-05 9.86133e-05

-2.22862e-05 9.86133e-05
-2.1956e-05 9.93384e-05

-2.19603e-05 9.93384e-05
-2.18013e-05 9.96811e-05

-2.18013e-05 9.96808e-05
-2.16237e-05 0.000100063

-2.16185e-05 0.000100063
-2.1278e-05 0.000100789

-2.12844e-05 0.000100789
-2.10762e-05 0.000101225

-2.10762e-05 0.000101224
-2.09379e-05 0.000101514

-2.09312e-05 0.000101514
-2.05802e-05 0.000102239

-2.05877e-05 0.000102239
-2.03511e-05 0.00010272

-2.03511e-05 0.000102719
-2.02306e-05 0.000102964

-2.02231e-05 0.000102964
-1.9861e-05 0.000103689

-1.98691e-05 0.000103689
-1.9626e-05 0.000104168

-1.9626e-05 0.000104167
-1.95009e-05 0.000104414

-1.94932e-05 0.000104414
-1.91196e-05 0.000105139

-1.91275e-05 0.000105139
-1.89009e-05 0.000105573

-1.89009e-05 0.000105572
-1.87481e-05 0.000105864

-1.87414e-05 0.000105864
-1.83557e-05 0.000106589

-1.83618e-05 0.000106589
-1.81758e-05 0.000106935

-1.81758e-05 0.000106934
-1.79711e-05 0.000107314

-1.79673e-05 0.000107314
-1.75689e-05 0.00010804

-1.75709e-05 0.00010804
-1.74507e-05 0.000108257

-1.74507e-05 0.000108255
-1.71684e-05 0.000108765

-1.71703e-05 0.000108765
-1.67582e-05 0.00010949

-1.67557e-05 0.00010949
-1.67256e-05 0.000109543

-1.67256e-05 0.000109537
-1.63378e-05 0.000110215

-1.6346e-05 0.000110215
-1.60005e-05 0.000110807

-1.60005e-05 0.000110805
-1.59221e-05 0.00011094

-1.59141e-05 0.00011094
-1.54843e-05 0.000111665

-1.54915e-05 0.000111665
-1.52754e-05 0.000112028

-1.52754e-05 0.000112025
-1.50579e-05 0.00011239

-1.50569e-05 0.00011239
-1.46131e-05 0.000113115

-1.46107e-05 0.000113115
-1.45503e-05 0.000113215

-1.45503e-05 0.000113211
-1.41644e-05 0.00011384

-1.41716e-05 0.00011384
-1.38252e-05 0.000114397

-1.38252e-05 0.000114395
-1.37194e-05 0.000114565

-1.37137e-05 0.000114565
-1.32551e-05 0.000115291

-1.32581e-05 0.000115291
-1.31001e-05 0.000115542

-1.31001e-05 0.000115538
-1.2799e-05 0.000116016

-1.28033e-05 0.000116016
-1.2375e-05 0.000116681

7.17375e-05 0
7.17396e-05 7.25098e-07

7.17398e-05 7.25098e-07
7.17456e-05 1.4502e-06

7.17455e-05 1.4502e-06
7.17548e-05 2.17529e-06

7.1755e-05 2.17529e-06
7.17676e-05 2.90039e-06

7.1767e-05 2.90039e-06
7.17838e-05 3.62549e-06

7.17845e-05 3.62549e-06
7.18053e-05 4.35059e-06

7.18057e-05 4.35059e-06
7.18281e-05 5.07568e-06

7.18279e-05 5.07568e-06
7.18515e-05 5.80078e-06

7.18516e-05 5.80078e-06
7.18767e-05 6.52588e-06

7.18765e-05 6.52588e-06
7.19032e-05 7.25098e-06

7.19032e-05 7.25098e-06
7.19319e-05 7.97607e-06

7.19318e-05 7.97607e-06
7.19626e-05 8.70117e-06

7.19625e-05 8.70117e-06
7.19958e-05 9.42627e-06

7.19957e-05 9.42627e-06
7.20316e-05 1.01514e-05

7.20316e-05 1.01514e-05
7.20703e-05 1.08765e-05

7.20703e-05 1.08765e-05
7.21118e-05 1.16016e-05

7.21118e-05 1.16016e-05
7.21561e-05 1.23267e-05

7.21561e-05 1.23267e-05
7.22034e-05 1.30518e-05

7.22034e-05 1.30518e-05
7.22536e-05 1.37769e-05

7.22536e-05 1.37769e-05
7.23066e-05 1.4502e-05

7.23066e-05 1.4502e-05
7.23625e-05 1.52271e-05

7.23628e-05 1.52271e-05
7.24212e-05 1.59521e-05

7.24205e-05 1.59521e-05
7.24614e-05 1.64339e-05

7.24614e-05 1.64343e-05
7.24821e-05 1.66772e-05

7.24822e-05 1.66772e-05
7.2548e-05 1.74023e-05

7.25482e-05 1.74023e-05
7.26175e-05 1.81274e-05

7.26176e-05 1.81274e-05
7.269e-05 1.88525e-05

7.269e-05 1.88525e-05
7.27654e-05 1.95776e-05

7.27654e-05 1.95776e-05
7.2844e-05 2.03027e-05

7.2844e-05 2.03027e-05
7.29257e-05 2.10278e-05

7.29259e-05 2.10278e-05
7.30103e-05 2.17529e-05

7.30107e-05 2.17529e-05
7.30965e-05 2.2478e-05

7.3096e-05 2.2478e-05
7.31837e-05 2.32031e-05

7.31827e-05 2.32031e-05
7.31865e-05 2.32327e-05

7.31865e-05 2.32333e-05
7.32754e-05 2.39282e-05

7.32762e-05 2.39282e-05
7.33746e-05 2.46533e-05

7.33748e-05 2.46533e-05
7.34769e-05 2.53784e-05

7.34769e-05 2.53784e-05
7.35821e-05 2.61035e-05

7.35823e-05 2.61035e-05
7.36903e-05 2.68286e-05

7.36911e-05 2.68286e-05
7.37999e-05 2.75537e-05

7.37991e-05 2.75537e-05
7.39086e-05 2.82788e-05

7.39069e-05 2.82788e-05
7.39116e-05 2.83084e-05

7.39116e-05 2.83105e-05
7.40224e-05 2.90039e-05

7.40234e-05 2.90039e-05
7.41475e-05 2.9729e-05

7.4148e-05 2.9729e-05
7.42773e-05 3.04541e-05

7.4278e-8.04375e-05 5.57771e-05
8.04529e-05 5.58325e-05

8.04543e-05 5.58325e-05
8.06502e-05 5.65576e-05

8.06508e-05 5.65576e-05
8.0872e-05 5.72827e-05

8.08888e-05 5.72827e-05
8.11005e-05 5.80078e-05

8.11019e-05 5.80078e-05
8.11626e-05 5.82417e-05

8.11626e-05 5.83115e-05
8.1272e-05 5.87329e-05

8.12708e-05 5.87329e-05
8.14711e-05 5.9458e-05

8.14759e-05 5.9458e-05
8.16949e-05 6.01831e-05

8.17136e-05 6.01831e-05
8.18877e-05 6.08396e-05

8.18863e-05 6.09082e-05
8.18877e-05 6.09141e-05

8.18877e-05 6.09221e-05
8.20553e-05 6.16333e-05

8.20547e-05 6.16333e-05
8.22467e-05 6.23584e-05

8.22528e-05 6.23584e-05
8.24548e-05 6.30835e-05

8.24733e-05 6.30835e-05
8.26128e-05 6.36884e-05

8.26182e-05 6.38086e-05
8.27582e-05 6.45337e-05

8.27604e-05 6.45337e-05
8.29088e-05 6.52588e-05

8.29092e-05 6.52588e-05
8.30605e-05 6.59839e-05

8.30637e-05 6.59839e-05
8.3211e-05 6.6709e-05

8.32244e-05 6.6709e-05
8.33344e-05 6.74341e-05

8.33278e-05 6.74341e-05
8.33379e-05 6.75342e-05

8.33379e-05 6.7619e-05
8.33921e-05 6.81592e-05

8.33937e-05 6.81592e-05
8.34563e-05 6.88843e-05

8.34583e-05 6.88843e-05
8.35072e-05 6.96094e-05

8.33379e-05 7.29713e-05
8.32873e-05 7.32349e-05

8.32779e-05 7.32349e-05
8.30999e-05 7.396e-05

8.31107e-05 7.396e-05
8.28985e-05 7.46851e-05

8.29122e-05 7.46851e-05
8.26166e-05 7.54102e-05

8.35088e-05 6.96094e-05
8.35366e-05 7.03345e-05

8.35381e-05 7.03345e-05
8.35383e-05 7.10596e-05

8.35408e-05 7.10596e-05
8.35053e-05 7.17847e-05

8.35078e-05 7.17847e-05
8.34266e-05 7.25098e-05

8.33379e-05 7.30003e-05
8.3432e-05 7.25098e-05

8.18877e-05 7.67024e-05
8.17923e-05 7.68604e-05

8.11626e-05 7.77142e-05
8.06542e-05 7.83105e-05

8.18042e-05 7.68604e-05
8.12706e-05 7.75854e-05

8.11626e-05 7.7729e-05
8.12776e-05 7.75854e-05

8.25963e-05 7.54102e-05
8.22302e-05 7.61353e-05

8.18877e-05 7.67452e-05
8.22561e-05 7.61353e-05

8.26128e-05 7.54179e-05
8.26166e-05 7.54102e-05

8.04375e-05 7.85501e-05
8.06623e-05 7.83105e-05

05 3.04541e-05
7.44101e-05 3.11792e-05

7.44119e-05 3.11792e-05
7.45416e-05 3.19043e-05

7.45394e-05 3.19043e-05
7.46367e-05 3.24506e-05

7.46367e-05 3.24599e-05
7.46669e-05 3.26294e-05

7.46666e-05 3.26294e-05
7.48036e-05 3.33545e-05

7.48046e-05 3.33545e-05
7.49507e-05 3.40796e-05

7.49519e-05 3.40796e-05
7.51029e-05 3.48047e-05

7.51057e-05 3.48047e-05
7.52537e-05 3.55298e-05

7.52516e-05 3.55298e-05
7.53618e-05 3.6081e-05

7.53618e-05 3.60951e-05
7.53937e-05 3.62549e-05

7.53932e-05 3.62549e-05
7.55459e-05 3.698e-05

7.55469e-05 3.698e-05
7.57108e-05 3.77051e-05

7.57132e-05 3.77051e-05
7.58814e-05 3.84302e-05

7.58848e-05 3.84302e-05
7.60457e-05 3.91553e-05

7.60412e-05 3.91553e-05
7.60869e-05 3.93629e-05

7.60869e-05 3.93753e-05
7.61981e-05 3.98804e-05

7.61987e-05 3.98804e-05
7.63705e-05 4.06055e-05

7.63725e-05 4.06055e-05
7.65531e-05 4.13306e-05

7.65589e-05 4.13306e-05
7.6733e-05 4.20557e-05

7.67295e-05 4.20557e-05
7.6812e-05 4.24115e-05

7.6812e-05 4.24325e-05
7.68928e-05 4.27808e-05

7.68926e-05 4.27808e-05
7.70721e-05 4.35059e-05

7.70741e-05 4.35059e-05
7.72664e-05 4.4231e-05

7.72738e-05 4.4231e-05
7.746e-05 4.49561e-05

7.74567e-05 4.49561e-05
7.75371e-05 4.52828e-05

7.75371e-05 4.53085e-05
7.76288e-05 4.56812e-05

7.76286e-05 4.56812e-05
7.78193e-05 4.64062e-05

4.92583e-05 9.25904e-05
4.88536e-05 9.28125e-05

4.92583e-05 9.25923e-05
4.99834e-05 9.2203e-05

5.07085e-05 9.18208e-05
5.02002e-05 9.20874e-05

4.99834e-05 9.22017e-05
5.02013e-05 9.20874e-05

5.07085e-05 9.18228e-05
5.14336e-05 9.14513e-05

5.21587e-05 9.10867e-05
5.16075e-05 9.13623e-05

5.21587e-05 9.10886e-05
5.28838e-05 9.07351e-05

5.14336e-05 9.14498e-05
5.16087e-05 9.13623e-05

5.36089e-05 9.03885e-05
5.30855e-05 9.06372e-05

5.28838e-05 9.07337e-05
5.30869e-05 9.06372e-05

5.36089e-05 9.03905e-05
5.4334e-05 9.00552e-05

5.50591e-05 8.97269e-05
5.46474e-05 8.99121e-05

5.50591e-05 8.97288e-05
5.57842e-05 8.94122e-05

5.65093e-05 8.9102e-05
5.63091e-05 8.9187e-05

5.57842e-05 8.94117e-05
5.63131e-05 8.9187e-05

5.65093e-05 8.91037e-05
5.72344e-05 8.88053e-05

5.4334e-05 9.00541e-05
5.46496e-05 8.99121e-05

7.78224e-05 4.64062e-05
7.80256e-05 4.71313e-05

7.80339e-05 4.71313e-05
7.82268e-05 4.78564e-05

7.82215e-05 4.78564e-05
7.82622e-05 4.80148e-05

7.82622e-05 4.80404e-05
7.84012e-05 4.85815e-05

7.84011e-05 4.85815e-05
7.86048e-05 4.93066e-05

7.8612e-05 4.93066e-05
7.8822e-05 5.00317e-05

7.88273e-05 5.00317e-05
7.89873e-05 5.06262e-05

7.89873e-05 5.06756e-05
7.90092e-05 5.07568e-05

7.90092e-05 5.07568e-05
7.92054e-05 5.14819e-05

7.9207e-05 5.14819e-05
7.94237e-05 5.2207e-05

7.94364e-05 5.2207e-05
7.9645e-05 5.29321e-05

7.96433e-05 5.29321e-05
7.97124e-05 5.31912e-05

7.97124e-05 5.32381e-05
7.98243e-05 5.36572e-05

7.98233e-05 5.36572e-05
8.00321e-05 5.43823e-05

8.00396e-05 5.43823e-05
8.02605e-05 5.51074e-05

8.02714e-05 5.51074e-05
8.04375e-05 5.57064e-05

6.23101e-05 8.69351e-05
6.20847e-05 8.70117e-05

6.23101e-05 8.69367e-05
6.30352e-05 8.6696e-05

5.86846e-05 8.82324e-05
5.80939e-05 8.84619e-05

5.72344e-05 8.88057e-05
5.79595e-05 8.85151e-05

5.79595e-05 8.85145e-05
5.80948e-05 8.84619e-05

5.86846e-05 8.82338e-05
5.94097e-05 8.79602e-05

6.01348e-05 8.76917e-05
6.00118e-05 8.77368e-05

5.94097e-05 8.79597e-05
6.00163e-05 8.77368e-05

6.01348e-05 8.76934e-05
6.08599e-05 8.74351e-05

6.08599e-05 8.74359e-05
6.1585e-05 8.71833e-05

6.1585e-05 8.71827e-05
6.20878e-05 8.70117e-05

6.30352e-05 8.66966e-05
6.37603e-05 8.64589e-05

6.44854e-05 8.62233e-05
6.42893e-05 8.62866e-05

6.37603e-05 8.64584e-05
6.42922e-05 8.62866e-05

6.44854e-05 8.62249e-05
6.52104e-05 8.59937e-05

6.52104e-05 8.59943e-05
6.59355e-05 8.57628e-05

6.66606e-05 8.55296e-05
6.65607e-05 8.55615e-05

6.66606e-05 8.55311e-05
6.73857e-05 8.52985e-05

6.59355e-05 8.57624e-05
6.65638e-05 8.55615e-05

6.73857e-05 8.52993e-05
6.81108e-05 8.50629e-05

6.88359e-05 8.48208e-05
6.8789e-05 8.48364e-05

6.81108e-05 8.50625e-05
6.87921e-05 8.48364e-05

7.75371e-05 8.09137e-05
7.70676e-05 8.12109e-05

7.82622e-05 8.04122e-05
7.81563e-05 8.04858e-05

7.75371e-05 8.09179e-05
7.81613e-05 8.04858e-05

7.82622e-05 8.04181e-05
7.89873e-05 7.98617e-05

7.97124e-05 7.92423e-05
7.91084e-05 7.97607e-05

8.04375e-05 7.85364e-05
7.99331e-05 7.90356e-05

7.97124e-05 7.92464e-05
7.99404e-05 7.90356e-05

7.89873e-05 7.98635e-05
7.91132e-05 7.97607e-05

7.10112e-05 8.40601e-05
7.087e-05 8.41113e-05

7.10112e-05 8.40621e-05
7.17363e-05 8.37893e-05

6.88359e-05 8.48224e-05
6.9561e-05 8.45771e-05

6.9561e-05 8.45783e-05
7.02861e-05 8.43246e-05

7.02861e-05 8.4324e-05
7.08729e-05 8.41113e-05

7.17363e-05 8.37904e-05
7.24614e-05 8.35032e-05

7.31865e-05 8.32003e-05
7.27393e-05 8.33862e-05

7.24614e-05 8.35023e-05
7.27406e-05 8.33862e-05

7.46367e-05 8.25423e-05
7.43831e-05 8.26611e-05

7.31865e-05 8.32035e-05
7.39116e-05 8.28844e-05

7.39116e-05 8.28836e-05
7.43865e-05 8.26611e-05

7.46367e-05 8.25462e-05
7.53618e-05 8.21832e-05

7.60869e-05 8.17908e-05
7.58168e-05 8.1936e-05

7.53618e-05 8.2183e-05
7.58209e-05 8.1936e-05

7.60869e-05 8.17955e-05
7.6812e-05 8.13738e-05

7.6812e-05 8.13739e-05
7.70709e-05 8.12109e-05

-1.2375e-05 0.00011668
-1.23367e-05 0.000116741

-1.23294e-05 0.000116741
-1.18604e-05 0.000117466

-1.18661e-05 0.000117466
-1.16499e-05 0.000117802

-1.16499e-05 0.000117799
-1.13976e-05 0.000118191

-1.14002e-05 0.000118191
-1.09249e-05 0.000118916

-1.0918e-05 0.000118916
-1.04445e-05 0.000119641

-1.0451e-05 0.000119641
-1.01997e-05 0.00012003

-1.01997e-05 0.000120026
-9.98e-06 0.000120366

-9.98147e-06 0.000120366
-9.50545e-06 0.000121091

-9.50325e-06 0.000121091
-9.47461e-06 0.000121136

-9.47461e-06 0.000121128
-9.02782e-06 0.000121816

-9.03516e-06 0.000121816
-8.74951e-06 0.000122261

-8.74951e-06 0.000122259
-8.56799e-06 0.000122542

-8.56786e-06 0.000122542
-8.09636e-06 0.000123267

-8.09291e-06 0.000123267
-8.02441e-06 0.000123375

-8.02441e-06 0.00012337
-7.62574e-06 0.000123992

-7.63344e-06 0.000123992
-7.29932e-06 0.000124515

-7.29932e-06 0.000124513
-7.17018e-06 0.000124717

-7.1675e-06 0.000124717
-6.69862e-06 0.000125442

-6.69723e-06 0.000125442
-6.57422e-06 0.000125636

-6.57422e-06 0.000125631
-6.23154e-06 0.000126167

-6.23955e-06 0.000126167
-5.84912e-06 0.000126772

-5.84912e-06 0.00012677
-5.77164e-06 0.000126892

-5.7669e-06 0.000126892
-5.28831e-06 0.000127617

-5.28998e-06 0.000127617
-5.12402e-06 0.000127869

-5.12402e-06 0.000127865
-4.80637e-06 0.000128342

-4.81609e-06 0.000128342
-4.39893e-06 0.000128941

-4.39893e-06 0.000128939
-4.31008e-06 0.000129067

-4.31177e-06 0.000129067
-3.7639e-06 0.000129792

-3.76252e-06 0.000129792
-3.67383e-06 0.000129905

-3.67383e-06 0.000129902
-3.17172e-06 0.000130518

-3.17258e-06 0.000130518
-2.94873e-06 0.000130779

-2.94873e-06 0.000130773
-2.53438e-06 0.000131243

-2.53265e-06 0.000131243
-2.22363e-06 0.000131566

-2.22363e-06 0.000131573
-1.81638e-06 0.000131968

-1.8122e-06 0.000131968
-1.49854e-06 0.00013225

-1.49854e-06 0.000132265
-9.59177e-07 0.000132693

-9.62143e-07 0.000132693
-7.73437e-07 0.000132832

-7.73437e-07 0.000132832
-4.83398e-08 0.000133308

-4.83398e-08 0.000133314
1.43391e-07 0.000133418

1.58172e-07 0.000133418
6.76758e-07 0.000133698

6.76758e-07 0.000133696
1.40186e-06 0.000134009

1.40186e-06 0.000134014
1.79893e-06 0.000134143

1.80424e-06 0.000134143
2.12695e-06 0.000134248

2.12695e-06 0.000134246
2.85205e-06 0.000134405

2.85205e-06 0.000134404
3.57715e-06 0.000134497

3.57715e-06 0.000134497
4.30225e-06 0.000134526

4.30225e-06 0.000134526
5.02734e-06 0.000134492

9.37793e-06 0.000133061
8.70042e-06 0.000133418

1.0103e-05 0.000132617
9.97736e-06 0.000132693

9.37793e-06 0.000133065
9.99591e-06 0.000132693

1.0103e-05 0.000132626
1.08281e-05 0.000132133

5.02734e-06 0.000134492
5.75244e-06 0.000134399

5.75244e-06 0.000134399
6.47754e-06 0.000134246

7.20264e-06 0.000134034
6.82718e-06 0.000134143

6.47754e-06 0.000134247
6.836e-06 0.000134143

7.20264e-06 0.000134036
7.92773e-06 0.00013377

7.92773e-06 0.000133771
8.65283e-06 0.000133446

8.65283e-06 0.000133446
8.70561e-06 0.000133418

3.33062e-05 0.000103818
3.26771e-05 0.000104414

3.40312e-05 0.000103153
3.34447e-05 0.000103689

3.33062e-05 0.000103818
3.34446e-05 0.000103689

2.75054e-05 0.000110131
2.74397e-05 0.000110215

2.82305e-05 0.00010923
2.80205e-05 0.00010949

2.75054e-05 0.000110131
2.80175e-05 0.00010949

2.53301e-05 0.000113059
2.52912e-05 0.000113115

2.38799e-05 0.000115195
2.38182e-05 0.000115291

2.38187e-05 0.000115291
2.33456e-05 0.000116016

2.4605e-05 0.000114113
2.42987e-05 0.000114565

2.52915e-05 0.000113115
2.47896e-05 0.00011384

2.4605e-05 0.000114114
2.47896e-05 0.00011384

2.38799e-05 0.000115198
2.42994e-05 0.000114565

2.67803e-05 0.00011107
2.63338e-05 0.000111665

2.60552e-05 0.000112046
2.58062e-05 0.00011239

2.53301e-05 0.00011306
2.58054e-05 0.00011239

2.60552e-05 0.000112048
2.63339e-05 0.000111665

2.74387e-05 0.000110215
2.68777e-05 0.00011094

2.67803e-05 0.00011107
2.68777e-05 0.00011094

3.04058e-05 0.000106731
2.98745e-05 0.000107314

3.11309e-05 0.000105961
3.05371e-05 0.000106589

3.04058e-05 0.000106731
3.05364e-05 0.000106589

2.89556e-05 0.000108362
2.86198e-05 0.000108765

2.96807e-05 0.000107531
2.92362e-05 0.00010804

2.89556e-05 0.000108366
2.92324e-05 0.00010804

2.82305e-05 0.000109232
2.86147e-05 0.000108765

2.96807e-05 0.000107532
2.98733e-05 0.000107314

3.1856e-05 0.00010522
3.12247e-05 0.000105864

3.25811e-05 0.000104507
3.19367e-05 0.000105139

3.1856e-05 0.00010522
3.19368e-05 0.000105139

3.11309e-05 0.000105961
3.12239e-05 0.000105864

3.25811e-05 0.000104507
3.2677e-05 0.000104414

1.59038e-05 0.000127149
1.55249e-05 0.000127617

1.66289e-05 0.000126224
1.61116e-05 0.000126892

1.59038e-05 0.000127155
1.61116e-05 0.000126892

2.24297e-05 0.000117445
2.24171e-05 0.000117466

2.17046e-05 0.000118598
2.15051e-05 0.000118916

2.24193e-05 0.000117466
2.19614e-05 0.000118191

2.17046e-05 0.000118601
2.19623e-05 0.000118191

2.09795e-05 0.000119756
2.0595e-05 0.000120366

2.02544e-05 0.000120901
2.01347e-05 0.000121091

2.01374e-05 0.000121091
1.96728e-05 0.000121816

2.02544e-05 0.000120907
2.05966e-05 0.000120366

2.15071e-05 0.000118916
2.10519e-05 0.000119641

2.09795e-05 0.000119758
2.10515e-05 0.000119641

1.80791e-05 0.000124212
1.77281e-05 0.000124717

1.88042e-05 0.000123137
1.87207e-05 0.000123267

1.95293e-05 0.000122036
1.92011e-05 0.000122542

1.88042e-05 0.000123145
1.92031e-05 0.000122542

1.87235e-05 0.000123267
1.82325e-05 0.000123992

1.80791e-05 0.000124216
1.8232e-05 0.000123992

1.7354e-05 0.000125235
1.72085e-05 0.000125442

1.72111e-05 0.000125442
1.66723e-05 0.000126167

1.7354e-05 0.000125242
1.77306e-05 0.000124717

1.66289e-05 0.000126225
1.66728e-05 0.000126167

1.95293e-05 0.000122039
1.96729e-05 0.000121816

1.30034e-05 0.000130321
1.27903e-05 0.000130518

1.37285e-05 0.00012961
1.35476e-05 0.000129792

1.30034e-05 0.000130329
1.35591e-05 0.000129792

1.15532e-05 0.000131584
1.10445e-05 0.000131968

1.22783e-05 0.00013098
1.19622e-05 0.000131243

1.15532e-05 0.000131585
1.19764e-05 0.000131243

1.08281e-05 0.000132132
1.10556e-05 0.000131968

1.22783e-05 0.000130984
1.28037e-05 0.000130518

1.44536e-05 0.000128845
1.42493e-05 0.000129067

1.51787e-05 0.000128023
1.49065e-05 0.000128342

1.44536e-05 0.000128854
1.49078e-05 0.000128342

1.37285e-05 0.000129621
1.42546e-05 0.000129067

1.51787e-05 0.000128032
1.55237e-05 0.000127617

2.31548e-05 0.000116312
2.2879e-05 0.000116741

2.24297e-05 0.000117449
2.28802e-05 0.000116741

2.31548e-05 0.000116313
2.33461e-05 0.000116016

3.9832e-05 9.84928e-05
3.96624e-05 9.86133e-05

3.62065e-05 0.00010128
3.59218e-05 0.000101514

3.69316e-05 0.000100692
3.68107e-05 0.000100789

3.62065e-05 0.000101277
3.68089e-05 0.000100789

3.47563e-05 0.000102509
3.42401e-05 0.000102964

3.54814e-05 0.000101887
3.50639e-05 0.000102239

3.47563e-05 0.000102506
3.50671e-05 0.000102239

3.40313e-05 0.000103151
3.42408e-05 0.000102964

3.54814e-05 0.000101881
3.59236e-05 0.000101514

3.83818e-05 9.95608e-05
3.77277e-05 0.000100063

3.69316e-05 0.00010069
3.76567e-05 0.000100118

3.76567e-05 0.000100118
3.77273e-05 0.000100063

3.91069e-05 9.9019e-05
3.8679e-05 9.93384e-05

3.83818e-05 9.95592e-05
3.86809e-05 9.93384e-05

3.91069e-05 9.90184e-05
3.96628e-05 9.86133e-05

3.9832e-05 9.84909e-05
4.05571e-05 9.79747e-05

4.12822e-05 9.747e-05
4.06809e-05 9.78882e-05

4.05571e-05 9.79735e-05
4.06816e-05 9.78882e-05

4.20073e-05 9.6979e-05
4.17339e-05 9.71631e-05

4.20073e-05 9.69792e-05
4.27324e-05 9.64977e-05

4.12822e-05 9.74704e-05
4.17352e-05 9.71631e-05

4.41826e-05 9.55646e-05
4.39485e-05 9.57129e-05

4.41826e-05 9.55653e-05
4.49077e-05 9.5113e-05

4.56328e-05 9.46693e-05
4.5111e-05 9.49878e-05

4.49077e-05 9.51121e-05
4.51115e-05 9.49878e-05

4.34575e-05 9.60255e-05
4.28233e-05 9.6438e-05

4.27324e-05 9.64964e-05
4.28244e-05 9.6438e-05

4.34575e-05 9.6026e-05
4.395e-05 9.57129e-05

4.63579e-05 9.42366e-05
4.63134e-05 9.42627e-05

4.63579e-05 9.42367e-05
4.7083e-05 9.38117e-05

4.56328e-05 9.46707e-05
4.63157e-05 9.42627e-05

4.78081e-05 9.33956e-05
4.75602e-05 9.35376e-05

4.7083e-05 9.38122e-05
4.75623e-05 9.35376e-05

4.78081e-05 9.3397e-05
4.85332e-05 9.29899e-05

4.85332e-05 9.29891e-05
4.88551e-05 9.28125e-05

