-5.73157e-06 0
-5.73114e-06 7.25098e-07

-5.73119e-06 7.25098e-07
-5.72981e-06 1.4502e-06

-5.72978e-06 1.4502e-06
-5.72741e-06 2.17529e-06

-5.7274e-06 2.17529e-06
-5.72411e-06 2.90039e-06

-5.724e-06 2.90039e-06
-5.72004e-06 3.62549e-06

-5.72005e-06 3.62549e-06
-5.71564e-06 4.35059e-06

-5.71558e-06 4.35059e-06
-5.71083e-06 5.07568e-06

-5.71089e-06 5.07568e-06
-5.70579e-06 5.80078e-06

-5.70578e-06 5.80078e-06
-5.70024e-06 6.52588e-06

-5.70032e-06 6.52588e-06
-5.69421e-06 7.25098e-06

-5.69428e-06 7.25098e-06
-5.68727e-06 7.97607e-06

-5.68735e-06 7.97607e-06
-5.67912e-06 8.70117e-06

-5.67916e-06 8.70117e-06
-5.66947e-06 9.42627e-06

-5.66948e-06 9.42627e-06
-5.65822e-06 1.01514e-05

-5.65821e-06 1.01514e-05
-5.64539e-06 1.08765e-05

-5.64537e-06 1.08765e-05
-5.63107e-06 1.16016e-05

-5.63104e-06 1.16016e-05
-5.61535e-06 1.23267e-05

-5.61533e-06 1.23267e-05
-5.59834e-06 1.30518e-05

-5.59833e-06 1.30518e-05
-5.58008e-06 1.37769e-05

-5.58008e-06 1.37769e-05
-5.56059e-06 1.4502e-05

-5.56059e-06 1.4502e-05
-5.53987e-06 1.52271e-05

-5.53988e-06 1.52271e-05
-5.51792e-06 1.59521e-05

-5.51792e-06 1.59521e-05
-5.49472e-06 1.66772e-05

-5.49472e-06 1.66772e-05
-5.47026e-06 1.74023e-05

-5.47026e-06 1.74023e-05
-5.44454e-06 1.81274e-05

-5.44454e-06 1.81274e-05
-5.41756e-06 1.88525e-05

-5.41756e-06 1.88525e-05
-5.38933e-06 1.95776e-05

-5.38933e-06 1.95776e-05
-5.35988e-06 2.03027e-05

-5.35987e-06 2.03027e-05
-5.32921e-06 2.10278e-05

-5.3292e-06 2.10278e-05
-5.29734e-06 2.17529e-05

-5.29733e-06 2.17529e-05
-5.26427e-06 2.2478e-05

-5.26427e-06 2.2478e-05
-5.23003e-06 2.32031e-05

-5.23003e-06 2.32031e-05
-5.19463e-06 2.39282e-05

-5.19463e-06 2.39282e-05
-5.1581e-06 2.46533e-05

-5.1581e-06 2.46533e-05
-5.12402e-06 2.53096e-05

-5.12402e-06 2.53096e-05
-5.12045e-06 2.53784e-05

-5.12046e-06 2.53784e-05
-5.08167e-06 2.61035e-05

-5.08165e-06 2.61035e-05
-5.04172e-06 2.68286e-05

-5.04173e-06 2.68286e-05
-5.0007e-06 2.75537e-05

-5.00069e-06 2.75537e-05
-4.95855e-06 2.82788e-05

-4.95855e-06 2.82788e-05
-4.9153e-06 2.90039e-05

-4.91529e-06 2.90039e-05
-4.87093e-06 2.9729e-05

-4.87093e-06 2.9729e-05
-4.82546e-06 3.04541e-05

-4.82546e-06 3.04541e-05
-4.77889e-06 3.11792e-05

-4.77889e-06 3.11792e-05
-4.73122e-06 3.19043e-05

-4.73121e-06 3.19043e-05
-4.68246e-06 3.26294e-05

-4.68246e-06 3.26294e-05
-4.63263e-06 3.33545e-05

-4.63262e-06 3.33545e-05
-4.58172e-06 3.40796e-05

-4.58173e-06 3.40796e-05
-4.52976e-06 3.48047e-05

-4.52974e-06 3.48047e-05
-4.47673e-06 3.55298e-05

-4.47673e-06 3.55298e-05
-4.42269e-06 3.62549e-05

-4.42271e-06 3.62549e-05
-4.39893e-06 3.65677e-05

-4.39893e-06 3.6568e-05
-4.3676e-06 3.698e-05

-4.36755e-06 3.698e-05
-4.31132e-06 3.77051e-05

-4.3113e-06 3.77051e-05
-4.25408e-06 3.84302e-05

-4.2541e-06 3.84302e-05
-4.19586e-06 3.91553e-05

-4.19585e-06 3.91553e-05
-4.13657e-06 3.98804e-05

-4.13658e-06 3.98804e-05
-4.07628e-06 4.06055e-05

-4.07629e-06 4.06055e-05
-4.01495e-06 4.13306e-05

-4.01494e-06 4.13306e-05
-3.95256e-06 4.20557e-05

-3.95254e-06 4.20557e-05
-3.88917e-06 4.27808e-05

-3.8892e-06 4.27808e-05
-3.82484e-06 4.35059e-05

-3.82482e-06 4.35059e-05
-3.75948e-06 4.4231e-05

-3.7595e-06 4.4231e-05
-3.69319e-06 4.49561e-05

-3.69322e-06 4.49561e-05
-3.67383e-06 4.51645e-05

-3.67383e-06 4.5165e-05
-3.62582e-06 4.56812e-05

-3.62573e-06 4.56812e-05
-3.55716e-06 4.64062e-05

-3.55715e-06 4.64062e-05
-3.48761e-06 4.71313e-05

-3.48762e-06 4.71313e-05
-3.4171e-06 4.78564e-05

-3.4171e-06 4.78564e-05
-3.34557e-06 4.85815e-05

-3.34559e-06 4.85815e-05
-3.27301e-06 4.93066e-05

-3.27299e-06 4.93066e-05
-3.19935e-06 5.00317e-05

-3.19935e-06 5.00317e-05
-3.12469e-06 5.07568e-05

-3.1247e-06 5.07568e-05
-3.04904e-06 5.14819e-05

-3.04907e-06 5.14819e-05
-2.97236e-06 5.2207e-05

-2.97244e-06 5.2207e-05
-2.94873e-06 5.24272e-05

-2.94873e-06 5.24278e-05
-2.89444e-06 5.29321e-05

-2.89423e-06 5.29321e-05
-2.81496e-06 5.36572e-05

-2.815e-06 5.36572e-05
-2.73478e-06 5.43823e-05

-2.7348e-06 5.43823e-05
-2.65353e-06 5.51074e-05

-2.65354e-06 5.51074e-05
-2.57115e-06 5.58325e-05

-2.57114e-06 5.58325e-05
-2.48765e-06 5.65576e-05

-2.48764e-06 5.65576e-05
-2.40306e-06 5.72827e-05

-2.40307e-06 5.72827e-05
-2.31739e-06 5.80078e-05

-2.31745e-06 5.80078e-05
-2.23054e-06 5.87329e-05

-2.23055e-06 5.87329e-05
-2.22363e-06 5.87897e-05

-2.22363e-06 5.87904e-05
-2.14218e-06 5.9458e-05

-2.14194e-06 5.9458e-05
-2.05222e-06 6.01831e-05

-2.0523e-06 6.01831e-05
-1.96163e-06 6.09082e-05

-1.96164e-06 6.09082e-05
-1.86983e-06 6.16333e-05

-1.86982e-06 6.16333e-05
-1.77688e-06 6.23584e-05

-1.77688e-06 6.23584e-05
-1.68284e-06 6.30835e-05

-1.68287e-06 6.30835e-05
-1.58767e-06 6.38086e-05

-1.58778e-06 6.38086e-05
-1.49854e-06 6.44781e-05

-1.49854e-06 6.44784e-05
-1.49117e-06 6.45337e-05

-1.4912e-06 6.45337e-05
-1.39274e-06 6.52588e-05

-1.39242e-06 6.52588e-05
-1.29267e-06 6.59839e-05

-1.29283e-06 6.59839e-05
-1.19213e-06 6.6709e-05

-1.19206e-06 6.6709e-05
-1.09023e-06 6.74341e-05

-1.09028e-06 6.74341e-05
-9.87354e-07 6.81592e-05

-9.87375e-07 6.81592e-05
-8.83205e-07 6.88843e-05

-8.83362e-07 6.88843e-05
-7.77593e-07 6.96094e-05

-7.77527e-07 6.96094e-05
-7.73437e-07 6.96369e-05

-7.73437e-07 6.96378e-05
-6.69851e-07 7.03345e-05

-6.69464e-07 7.03345e-05
-5.60243e-07 7.10596e-05

-5.60374e-07 7.10596e-05
-4.50246e-07 7.17847e-05

-4.50238e-07 7.17847e-05
-3.38957e-07 7.25098e-05

-3.38968e-07 7.25098e-05
-2.26524e-07 7.32349e-05

-2.26606e-07 7.32349e-05
-1.12812e-07 7.396e-05

-1.13144e-07 7.396e-05
-4.83398e-08 7.43648e-05

-4.83398e-08 7.43655e-05
2.81514e-09 7.46851e-05

3.3675e-09 7.46851e-05
1.21455e-07 7.54102e-05

1.21457e-07 7.54102e-05
2.40574e-07 7.61353e-05

2.4056e-07 7.61353e-05
3.60728e-07 7.68604e-05

3.60701e-07 7.68604e-05
4.82003e-07 7.75854e-05

4.81886e-07 7.75854e-05
6.04614e-07 7.83105e-05

6.04207e-07 7.83105e-05
6.76758e-07 7.87304e-05

6.76758e-07 7.8731e-05
7.29392e-07 7.90356e-05

7.30095e-07 7.90356e-05
8.57568e-07 7.97607e-05

8.57569e-07 7.97607e-05
9.8594e-07 8.04858e-05

9.85922e-07 8.04858e-05
1.11522e-06 8.12109e-05

1.11514e-06 8.12109e-05
1.24558e-06 8.1936e-05

1.24524e-06 8.1936e-05
1.37768e-06 8.26611e-05

1.37763e-06 8.26611e-05
1.40186e-06 8.27907e-05

1.40186e-06 8.27918e-05
1.51297e-06 8.33862e-05

1.51383e-06 8.33862e-05
1.65125e-06 8.41113e-05

1.65111e-06 8.41113e-05
1.78905e-06 8.48364e-05

1.7889e-06 8.48364e-05
1.92793e-06 8.55615e-05

1.92767e-06 8.55615e-05
2.06861e-06 8.62866e-05

2.06816e-06 8.62866e-05
2.12695e-06 8.65817e-05

2.12695e-06 8.65825e-05
2.21249e-06 8.70117e-05

2.21369e-06 8.70117e-05
2.36056e-06 8.77368e-05

2.36038e-06 8.77368e-05
2.5077e-06 8.84619e-05

2.50755e-06 8.84619e-05
2.65595e-06 8.9187e-05

2.65555e-06 8.9187e-05
2.80613e-06 8.99121e-05

2.80573e-06 8.99121e-05
2.85205e-06 9.01293e-05

2.85205e-06 9.01302e-05
2.96018e-06 9.06372e-05

2.96164e-06 9.06372e-05
3.11866e-06 9.13623e-05

3.11836e-06 9.13623e-05
3.27554e-06 9.20874e-05

3.27526e-06 9.20874e-05
3.43377e-06 9.28125e-05

6.49297e-05 0
6.49304e-05 7.25098e-07

6.49304e-05 7.25098e-07
6.49325e-05 1.4502e-06

6.49325e-05 1.4502e-06
6.49358e-05 2.17529e-06

6.49358e-05 2.17529e-06
6.49404e-05 2.90039e-06

6.49404e-05 2.90039e-06
6.49464e-05 3.62549e-06

6.49464e-05 3.62549e-06
6.49537e-05 4.35059e-06

6.49537e-05 4.35059e-06
6.49624e-05 5.07568e-06

6.49624e-05 5.07568e-06
6.49725e-05 5.80078e-06

6.49725e-05 5.80078e-06
6.49839e-05 6.52588e-06

6.49839e-05 6.52588e-06
6.49967e-05 7.25098e-06

6.49967e-05 7.25098e-06
6.50109e-05 7.97607e-06

6.50109e-05 7.97607e-06
6.50265e-05 8.70117e-06

6.50265e-05 8.70117e-06
6.50435e-05 9.42627e-06

6.50435e-05 9.42627e-06
6.5062e-05 1.01514e-05

6.5062e-05 1.01514e-05
6.50819e-05 1.08765e-05

6.50819e-05 1.08765e-05
6.51034e-05 1.16016e-05

6.51034e-05 1.16016e-05
6.51264e-05 1.23267e-05

6.51263e-05 1.23267e-05
6.51509e-05 1.30518e-05

6.51508e-05 1.30518e-05
6.51772e-05 1.37769e-05

6.51778e-05 1.37769e-05
6.5205e-05 1.4502e-05

6.52057e-05 1.4502e-05
6.52104e-05 1.46281e-05

6.52104e-05 1.46514e-05
6.52319e-05 1.52271e-05

6.52315e-05 1.52271e-05
6.52596e-05 1.59521e-05

6.52596e-05 1.59521e-05
6.52902e-05 1.66772e-05

6.52901e-05 1.66772e-05
6.53233e-05 1.74023e-05

6.53232e-05 1.74023e-05
6.5359e-05 1.81274e-05

6.5359e-05 1.81274e-05
6.53975e-05 1.88525e-05

6.53975e-05 1.88525e-05
6.54388e-05 1.95776e-05

6.54389e-05 1.95776e-05
6.5483e-05 2.03027e-05

6.5483e-05 2.03027e-05
6.55299e-05 2.10278e-05

6.55299e-05 2.10278e-05
6.55795e-05 2.17529e-05

6.55795e-05 2.17529e-05
6.56317e-05 2.2478e-05

6.56317e-05 2.2478e-05
6.56864e-05 2.32031e-05

6.56864e-05 2.32031e-05
6.57438e-05 2.39282e-05

6.57438e-05 2.39282e-05
6.58037e-05 2.46533e-05

6.58035e-05 2.46533e-05
6.58664e-05 2.53784e-05

6.58686e-05 2.53784e-05
6.59307e-05 2.61035e-05

6.59313e-05 2.61035e-05
6.59355e-05 2.61548e-05

6.59355e-05 2.61847e-05
6.59891e-05 2.68286e-05

6.59891e-05 2.68286e-05
6.60515e-05 2.75537e-05

6.60517e-05 2.75537e-05
6.61164e-05 2.82788e-05

6.61164e-05 2.82788e-05
6.61827e-05 2.90039e-05

6.61832e-05 2.90039e-05
6.62501e-05 2.9729e-05

6.62501e-05 2.9729e-05
6.63168e-05 3.04541e-05

6.63166e-05 3.04541e-05
6.63834e-05 3.11792e-05

6.63831e-05 3.11792e-05
6.64509e-05 3.19043e-05

6.64506e-05 3.19043e-05
6.65205e-05 3.26294e-05

6.65201e-05 3.26294e-05
6.65932e-05 3.33545e-05

6.65963e-05 3.33545e-05
6.66606e-05 3.40089e-05

6.66606e-05 3.40265e-05
6.66659e-05 3.40796e-05

6.66643e-05 3.40796e-05
6.67341e-05 3.48047e-05

6.6734e-05 3.48047e-05
6.68085e-05 3.55298e-05

6.68086e-05 3.55298e-05
6.68879e-05 3.62549e-05

6.68879e-05 3.62549e-05
6.69719e-05 3.698e-05

6.69719e-05 3.698e-05
6.70608e-05 3.77051e-05

6.70607e-05 3.77051e-05
6.71546e-05 3.84302e-05

6.71542e-05 3.84302e-05
6.72542e-05 3.91553e-05

6.72575e-05 3.91553e-05
6.7358e-05 3.98804e-05

6.736e-05 3.98804e-05
6.73857e-05 4.00696e-05

6.73857e-05 4.01122e-05
6.74528e-05 4.06055e-05

6.74535e-05 4.06055e-05
6.75561e-05 4.13306e-05

6.75564e-05 4.13306e-05
6.76646e-05 4.20557e-05

6.76649e-05 4.20557e-05
6.77773e-05 4.27808e-05

6.77772e-05 4.27808e-05
6.78935e-05 4.35059e-05

6.78938e-05 4.35059e-05
6.80134e-05 4.4231e-05

6.80188e-05 4.4231e-05
6.81108e-05 4.4816e-05

6.81108e-05 4.48646e-05
6.81252e-05 4.49561e-05

6.8126e-05 4.49561e-05
6.82374e-05 4.56812e-05

6.82382e-05 4.56812e-05
6.83565e-05 4.64062e-05

6.83566e-05 4.64062e-05
6.84798e-05 4.71313e-05

6.84795e-05 4.71313e-05
6.86082e-05 4.78564e-05

6.86094e-05 4.78564e-05
6.87414e-05 4.85815e-05

6.87467e-05 4.85815e-05
6.88359e-05 4.90923e-05

6.88359e-05 4.91401e-05
6.8865e-05 4.93066e-05

6.88659e-05 4.93066e-05
6.89916e-05 5.00317e-05

6.89925e-05 5.00317e-05
6.91262e-05 5.07568e-05

6.91262e-05 5.07568e-05
6.92659e-05 5.14819e-05

6.92654e-05 5.14819e-05
6.94121e-05 5.2207e-05

6.94188e-05 5.2207e-05
6.95601e-05 5.29321e-05

6.95602e-05 5.29321e-05
6.9561e-05 5.29364e-05

6.9561e-05 5.29742e-05
6.9689e-05 5.36572e-05

6.96889e-05 5.36572e-05
6.98334e-05 5.43823e-05

6.98334e-05 5.43823e-05
6.99875e-05 5.51074e-05

6.99886e-05 5.51074e-05
7.015e-05 5.58325e-05

7.01573e-05 5.58325e-05
7.02861e-05 5.64373e-05

7.02861e-05 5.64775e-05
7.03032e-05 5.65576e-05

7.03026e-05 5.65576e-05
7.04537e-05 5.72827e-05

7.04545e-05 5.72827e-05
7.06166e-05 5.80078e-05

7.0616e-05 5.80078e-05
7.07889e-05 5.87329e-05

7.07962e-05 5.87329e-05
7.09667e-05 5.9458e-05

7.09697e-05 5.9458e-05
7.10112e-05 5.96436e-05

7.10112e-05 5.96907e-05
7.11214e-05 6.01831e-05

7.11217e-05 6.01831e-05
7.12904e-05 6.09082e-05

7.12896e-05 6.09082e-05
7.14716e-05 6.16333e-05

7.14784e-05 6.16333e-05
7.16615e-05 6.23584e-05

7.16662e-05 6.23584e-05
7.17363e-05 6.26498e-05

7.17363e-05 6.26993e-05
7.18288e-05 6.30835e-05

7.18294e-05 6.30835e-05
7.20085e-05 6.38086e-05

7.20077e-05 6.38086e-05
7.22023e-05 6.45337e-05

7.22113e-05 6.45337e-05
7.2405e-05 6.52588e-05

7.24088e-05 6.52588e-05
7.24614e-05 6.54666e-05

7.24614e-05 6.5514e-05
7.25804e-05 6.59839e-05

7.25798e-05 6.59839e-05
7.27706e-05 6.6709e-05

7.27705e-05 6.6709e-05
7.29778e-05 6.74341e-05

7.29895e-05 6.74341e-05
7.31865e-05 6.81468e-05

7.31865e-05 6.81516e-05
7.31886e-05 6.81592e-05

7.31865e-05 6.81868e-05
7.33705e-05 6.88843e-05

7.33682e-05 6.88843e-05
7.35763e-05 6.96094e-05

7.35838e-05 6.96094e-05
7.37984e-05 7.03345e-05

7.38062e-05 7.03345e-05
7.39116e-05 7.07115e-05

7.39116e-05 7.07599e-05
7.39954e-05 7.10596e-05

7.39942e-05 7.10596e-05
7.41988e-05 7.17847e-05

7.41991e-05 7.17847e-05
7.44225e-05 7.25098e-05

7.4436e-05 7.25098e-05
7.46367e-05 7.31862e-05

7.46367e-05 7.32011e-05
7.46468e-05 7.32349e-05

7.46387e-05 7.32349e-05
7.48437e-05 7.396e-05

7.48404e-05 7.396e-05
7.50661e-05 7.46851e-05

7.50794e-05 7.46851e-05
7.53057e-05 7.54102e-05

7.53103e-05 7.54102e-05
7.53618e-05 7.55869e-05

7.53618e-05 7.56342e-05
7.55078e-05 7.61353e-05

7.55036e-05 7.61353e-05
7.57263e-05 7.68604e-05

7.57356e-05 7.68604e-05
7.59675e-05 7.75854e-05

7.59769e-05 7.75854e-05
7.60869e-05 7.79537e-05

7.60869e-05 7.80009e-05
7.61794e-05 7.83105e-05

7.6176e-05 7.83105e-05
7.63933e-05 7.90356e-05

7.63967e-05 7.90356e-05
7.66302e-05 7.97607e-05

7.66445e-05 7.97607e-05
7.6812e-05 8.03169e-05

7.6812e-05 8.03491e-05
7.68532e-05 8.04858e-05

7.68473e-05 8.04858e-05
7.70532e-05 8.12109e-05

7.705e-05 8.12109e-05
7.72771e-05 8.1936e-05

7.72949e-05 8.1936e-05
7.75143e-05 8.26611e-05

7.75164e-05 8.26611e-05
7.75371e-05 8.27381e-05

7.75371e-05 8.2788e-05
7.76978e-05 8.33862e-05

7.76928e-05 8.33862e-05
7.78956e-05 8.41113e-05

7.79015e-05 8.41113e-05
7.81142e-05 8.48364e-05

7.81282e-05 8.48364e-05
7.82622e-05 8.53527e-05

7.82622e-05 8.53935e-05
7.83058e-05 8.55615e-05

7.83016e-05 8.55615e-05
7.84671e-05 8.62866e-05

7.84657e-05 8.62866e-05
7.86351e-05 8.70117e-05

7.86354e-05 8.70117e-05
7.88108e-05 8.77368e-05

7.88259e-05 8.77368e-05
7.89766e-05 8.84619e-05

7.89777e-05 8.84619e-05
7.89873e-05 8.85232e-05

7.89873e-05 8.85965e-05
7.90795e-05 8.9187e-05

7.90787e-05 8.9187e-05
7.91768e-05 8.99121e-05

7.9178e-05 8.99121e-05
7.92632e-05 9.06372e-05

7.92649e-05 9.06372e-05
7.93316e-05 9.13623e-05

7.93328e-05 9.13623e-05
7.93751e-05 9.20874e-05

7.93757e-05 9.20874e-05
7.93899e-05 9.28125e-05

3.43293e-06 9.28125e-05
3.57715e-06 9.34576e-05

3.57715e-06 9.34579e-05
3.59496e-06 9.35376e-05

3.59577e-06 9.35376e-05
3.76172e-06 9.42627e-05

3.76238e-06 9.42627e-05
3.92936e-06 9.49878e-05

3.92893e-06 9.49878e-05
4.09648e-06 9.57129e-05

4.09584e-06 9.57129e-05
4.26608e-06 9.6438e-05

4.26579e-06 9.6438e-05
4.30225e-06 9.65889e-05

4.30225e-06 9.65899e-05
4.44072e-06 9.71631e-05

4.44264e-06 9.71631e-05
4.62005e-06 9.78882e-05

4.61933e-06 9.78882e-05
4.79667e-06 9.86133e-05

4.79591e-06 9.86133e-05
4.97613e-06 9.93384e-05

4.97567e-06 9.93384e-05
5.02734e-06 9.954e-05

5.02734e-06 9.95408e-05
5.16131e-06 0.000100063

5.16363e-06 0.000100063
5.35181e-06 0.000100789

5.35092e-06 0.000100789
5.53866e-06 0.000101514

5.53761e-06 0.000101514
5.72882e-06 0.000102239

5.72897e-06 0.000102239
5.75244e-06 0.000102325

5.75244e-06 0.000102326
5.92563e-06 0.000102964

5.92766e-06 0.000102964
6.12627e-06 0.000103689

6.12511e-06 0.000103689
6.32377e-06 0.000104414

6.32226e-06 0.000104414
6.47754e-06 0.000104966

6.47754e-06 0.000104966
6.52626e-06 0.000105139

6.52867e-06 0.000105139
6.73667e-06 0.000105864

6.73646e-06 0.000105864
6.94411e-06 0.000106589

6.94275e-06 0.000106589
7.15318e-06 0.000107314

7.15282e-06 0.000107314
7.20264e-06 0.000107481

7.20264e-06 0.000107482
7.36955e-06 0.00010804

7.37236e-06 0.00010804
7.59114e-06 0.000108765

7.58933e-06 0.000108765
7.80809e-06 0.00010949

7.80647e-06 0.00010949
7.92773e-06 0.000109879

7.92773e-06 0.00010988
8.03204e-06 0.000110215

8.03561e-06 0.000110215
8.26443e-06 0.00011094

8.26276e-06 0.00011094
8.49103e-06 0.000111665

8.48912e-06 0.000111665
8.65283e-06 0.00011217

8.65283e-06 0.000112171
8.72396e-06 0.00011239

8.72742e-06 0.00011239
8.96603e-06 0.000113115

8.96467e-06 0.000113115
9.20287e-06 0.00011384

9.20081e-06 0.00011384
9.37793e-06 0.000114365

9.37793e-06 0.000114365
9.4454e-06 0.000114565

9.449e-06 0.000114565
9.69719e-06 0.000115291

9.69556e-06 0.000115291
9.94345e-06 0.000116016

9.94141e-06 0.000116016
1.0103e-05 0.000116475

1.0103e-05 0.000116475
1.01964e-05 0.000116741

1.02004e-05 0.000116741
1.04585e-05 0.000117466

1.04561e-05 0.000117466
1.07142e-05 0.000118191

1.07127e-05 0.000118191
1.08281e-05 0.000118506

1.08281e-05 0.000118505
1.09787e-05 0.000118916

1.09826e-05 0.000118916
1.12511e-05 0.000119641

1.12476e-05 0.000119641
1.15177e-05 0.000120366

1.15182e-05 0.000120366
1.15532e-05 0.000120458

1.15532e-05 0.000120457
1.17955e-05 0.000121091

1.17971e-05 0.000121091
1.20757e-05 0.000121816

1.20723e-05 0.000121816
1.22783e-05 0.000122342

1.22783e-05 0.000122343
1.23562e-05 0.000122542

1.23604e-05 0.000122542
1.26484e-05 0.000123267

1.26455e-05 0.000123267
1.29351e-05 0.000123992

1.29349e-05 0.000123992
1.30034e-05 0.000124159

1.30034e-05 0.000124158
1.32322e-05 0.000124717

1.32345e-05 0.000124717
1.35338e-05 0.000125442

1.35299e-05 0.000125442
1.37285e-05 0.000125915

1.37285e-05 0.000125915
1.38345e-05 0.000126167

1.38391e-05 0.000126167
1.41476e-05 0.000126892

1.41432e-05 0.000126892
1.44536e-05 0.000127614

1.44536e-05 0.000127614
1.4455e-05 0.000127617

1.44581e-05 0.000127617
1.47757e-05 0.000128342

1.47743e-05 0.000128342
1.50945e-05 0.000129067

1.50936e-05 0.000129067
1.51787e-05 0.000129256

1.51787e-05 0.000129256
1.54205e-05 0.000129792

1.54229e-05 0.000129792
1.57528e-05 0.000130518

1.57493e-05 0.000130518
1.59038e-05 0.000130852

1.59038e-05 0.000130852
1.60848e-05 0.000131243

1.60892e-05 0.000131243
1.64284e-05 0.000131968

1.64234e-05 0.000131968
1.66289e-05 0.000132401

1.66289e-05 0.000132401
1.67676e-05 0.000132693

1.67729e-05 0.000132693
1.71211e-05 0.000133418

1.71154e-05 0.000133418
1.7354e-05 0.000133908

1.7354e-05 0.000133908
1.74684e-05 0.000134143

1.74741e-05 0.000134143
1.78309e-05 0.000134868

1.78249e-05 0.000134868
1.80791e-05 0.000135379

1.80791e-05 0.000135378
1.81864e-05 0.000135593

1.81923e-05 0.000135593
1.85575e-05 0.000136318

1.85513e-05 0.000136318
1.88042e-05 0.000136815

1.88042e-05 0.000136814
1.89208e-05 0.000137043

1.89269e-05 0.000137043
1.92996e-05 0.000137769

1.92933e-05 0.000137769
1.95293e-05 0.000138223

1.95293e-05 0.000138223
1.96698e-05 0.000138494

1.96758e-05 0.000138494
2.00553e-05 0.000139219

2.00494e-05 0.000139219
2.02544e-05 0.000139608

2.02544e-05 0.000139607
2.04317e-05 0.000139944

2.0437e-05 0.000139944
2.08221e-05 0.000140669

2.08174e-05 0.000140669
2.09795e-05 0.000140973

2.09795e-05 0.000140973
2.1204e-05 0.000141394

2.12078e-05 0.000141394
2.15972e-05 0.000142119

2.15949e-05 0.000142119
2.17046e-05 0.000142323

2.17046e-05 0.000142324
2.19841e-05 0.000142844

2.19855e-05 0.000142844
2.23776e-05 0.000143569

2.23785e-05 0.000143569
2.24297e-05 0.000143664

2.24297e-05 0.000143665
2.2769e-05 0.000144294

2.27668e-05 0.000144294
2.31548e-05 0.000145011

2.31548e-05 0.000145011
2.31594e-05 0.00014502

2.31638e-05 0.00014502
2.35542e-05 0.000145745

2.35486e-05 0.000145745
2.38799e-05 0.00014636

2.38799e-05 0.000146359
2.39396e-05 0.00014647

2.39462e-05 0.00014647
2.43345e-05 0.000147195

2.43272e-05 0.000147195
2.4605e-05 0.000147716

2.4605e-05 0.000147715
2.47142e-05 0.00014792

2.47215e-05 0.00014792
2.51059e-05 0.000148645

2.50987e-05 0.000148645
2.53301e-05 0.000149085

2.53301e-05 0.000149085
2.548e-05 0.00014937

2.5487e-05 0.00014937
2.58659e-05 0.000150095

2.58596e-05 0.000150095
2.60552e-05 0.000150473

2.60552e-05 0.000150474
2.62347e-05 0.00015082

2.62409e-05 0.00015082
2.66143e-05 0.000151545

2.66088e-05 0.000151545
2.67803e-05 0.000151881

2.67803e-05 0.000151882
2.6979e-05 0.000152271

2.69843e-05 0.000152271
2.73549e-05 0.000152996

2.735e-05 0.000152996
2.75054e-05 0.000153299

2.75054e-05 0.000153301
2.77199e-05 0.000153721

2.77238e-05 0.000153721
2.80993e-05 0.000154446

2.80954e-05 0.000154446
2.82305e-05 0.000154702

2.82305e-05 0.000154704
2.84764e-05 0.000155171

2.84764e-05 0.000155171
2.88742e-05 0.000155896

2.88732e-05 0.000155896
2.89556e-05 0.00015604

2.89556e-05 0.000156039
2.92895e-05 0.000156621

2.92803e-05 0.000156621
2.96807e-05 0.000157261

2.96807e-05 0.000157259
2.97346e-05 0.000157346

2.97369e-05 0.000157346
3.02412e-05 0.000158071

3.02379e-05 0.000158071
3.04058e-05 0.000158298

3.04058e-05 0.000158295
3.07999e-05 0.000158796

3.07998e-05 0.000158796
3.11309e-05 0.000159167

3.11309e-05 0.000159171
3.1478e-05 0.000159521

3.14857e-05 0.000159521
3.1856e-05 0.000159856

3.1856e-05 0.000159869
3.23445e-05 0.000160247

3.23459e-05 0.000160247
3.25811e-05 0.000160414

3.25811e-05 0.000160421
3.33062e-05 0.000160864

3.33062e-05 0.000160872
3.35193e-05 0.000160972

3.35411e-05 0.000160972
3.40312e-05 0.000161201

5.14336e-05 0.000126128
5.1415e-05 0.000126167

5.14161e-05 0.000126167
5.10904e-05 0.000126892

5.10913e-05 0.000126892
5.07879e-05 0.000127617

5.4334e-05 0.00012126
5.39329e-05 0.000121816

5.65093e-05 0.000118563
5.62045e-05 0.000118916

5.72344e-05 0.000117758
5.68437e-05 0.000118191

5.65093e-05 0.000118568
5.684e-05 0.000118191

5.50591e-05 0.000120302
5.50085e-05 0.000120366

5.57842e-05 0.000119409
5.55924e-05 0.000119641

5.50591e-05 0.000120304
5.55908e-05 0.000119641

5.50088e-05 0.000120366
5.44562e-05 0.000121091

5.4334e-05 0.000121261
5.44558e-05 0.000121091

5.57842e-05 0.000119412
5.62014e-05 0.000118916

5.21587e-05 0.000124685
5.21412e-05 0.000124717

5.28838e-05 0.000123425
5.25455e-05 0.000123992

5.21587e-05 0.000124687
5.25461e-05 0.000123992

5.36089e-05 0.000122291
5.34413e-05 0.000122542

5.34411e-05 0.000122542
5.29786e-05 0.000123267

5.36089e-05 0.000122294
5.39332e-05 0.000121816

5.28838e-05 0.000123425
5.29785e-05 0.000123267

5.21423e-05 0.000124717
5.17658e-05 0.000125442

5.14336e-05 0.00012613
5.17663e-05 0.000125442

4.99834e-05 0.000129839
4.97689e-05 0.000130518

5.07085e-05 0.00012782
5.05054e-05 0.000128342

5.05067e-05 0.000128342
5.02439e-05 0.000129067

5.07085e-05 0.000127821
5.07876e-05 0.000127617

5.02438e-05 0.000129067
4.9998e-05 0.000129792

4.99834e-05 0.000129839
4.99981e-05 0.000129792

4.97697e-05 0.000130518
4.9555e-05 0.000131243

4.95552e-05 0.000131243
4.93531e-05 0.000131968

4.92583e-05 0.00013233
4.91632e-05 0.000132693

4.91638e-05 0.000132693
4.89851e-05 0.000133418

4.92583e-05 0.00013233
4.93531e-05 0.000131968

4.85332e-05 0.000135453
4.85038e-05 0.000135593

4.85042e-05 0.000135593
4.83597e-05 0.000136318

4.836e-05 0.000136318
4.82221e-05 0.000137043

4.82222e-05 0.000137043
4.80901e-05 0.000137769

4.80903e-05 0.000137769
4.79634e-05 0.000138494

4.79635e-05 0.000138494
4.78414e-05 0.000139219

4.89854e-05 0.000133418
4.88163e-05 0.000134143

4.88163e-05 0.000134143
4.86559e-05 0.000134868

4.85332e-05 0.000135453
4.8656e-05 0.000134868

5.94097e-05 0.000115541
5.89215e-05 0.000116016

6.01348e-05 0.000114856
5.96695e-05 0.000115291

5.94097e-05 0.00011554
5.96717e-05 0.000115291

6.23101e-05 0.000112933
6.20935e-05 0.000113115

6.30352e-05 0.000112331
6.29626e-05 0.00011239

6.23101e-05 0.000112933
6.29646e-05 0.00011239

6.08599e-05 0.000114195
6.0447e-05 0.000114565

6.1585e-05 0.000113554
6.12549e-05 0.00011384

6.08599e-05 0.000114191
6.12595e-05 0.00011384

6.01348e-05 0.000114854
6.04502e-05 0.000114565

6.1585e-05 0.000113552
6.20967e-05 0.000113115

6.59355e-05 0.000110073
6.57439e-05 0.000110215

6.59355e-05 0.000110074
6.66606e-05 0.000109533

6.73857e-05 0.000108996
6.67195e-05 0.00010949

6.66606e-05 0.000109533
6.672e-05 0.00010949

6.81108e-05 0.000108462
6.76992e-05 0.000108765

6.88359e-05 0.000107927
6.86814e-05 0.00010804

6.81108e-05 0.000108464
6.8686e-05 0.00010804

6.73857e-05 0.000108997
6.77041e-05 0.000108765

6.44854e-05 0.000111177
6.38653e-05 0.000111665

6.30352e-05 0.000112332
6.37603e-05 0.000111747

6.37603e-05 0.000111748
6.38658e-05 0.000111665

6.52104e-05 0.00011062
6.47924e-05 0.00011094

6.44854e-05 0.000111177
6.47981e-05 0.00011094

6.52104e-05 0.000110621
6.5748e-05 0.000110215

7.39116e-05 0.000103871
7.3302e-05 0.000104414

7.46367e-05 0.000103187
7.41056e-05 0.000103689

7.39116e-05 0.000103872
7.41105e-05 0.000103689

7.93904e-05 9.28125e-05
7.93741e-05 9.35376e-05

7.93747e-05 9.35376e-05
7.93258e-05 9.42627e-05

7.93278e-05 9.42627e-05
7.92412e-05 9.49878e-05

7.9243e-05 9.49878e-05
7.91111e-05 9.57129e-05

7.89873e-05 9.61794e-05
7.89215e-05 9.6438e-05

7.89189e-05 9.6438e-05
7.86968e-05 9.71631e-05

7.82622e-05 9.82627e-05
7.81025e-05 9.86133e-05

7.87083e-05 9.71631e-05
7.84444e-05 9.78882e-05

7.82622e-05 9.83122e-05
7.84553e-05 9.78882e-05

7.89873e-05 9.62194e-05
7.91163e-05 9.57129e-05

7.75371e-05 9.96275e-05
7.727e-05 0.000100063

7.6812e-05 0.000100715
7.67591e-05 0.000100789

7.67672e-05 0.000100789
7.61914e-05 0.000101514

7.6812e-05 0.000100734
7.72836e-05 0.000100063

7.53618e-05 0.000102442
7.48612e-05 0.000102964

7.60869e-05 0.000101634
7.55577e-05 0.000102239

7.53618e-05 0.000102454
7.55613e-05 0.000102239

7.46367e-05 0.000103191
7.48659e-05 0.000102964

7.60869e-05 0.000101642
7.61949e-05 0.000101514

7.81109e-05 9.86133e-05
7.77207e-05 9.93384e-05

7.75371e-05 9.96579e-05
7.77323e-05 9.93384e-05

7.02861e-05 0.000106843
6.96616e-05 0.000107314

7.17363e-05 0.000105716
7.15468e-05 0.000105864

7.10112e-05 0.000106287
7.06153e-05 0.000106589

7.02861e-05 0.000106843
7.06226e-05 0.000106589

7.10112e-05 0.000106289
7.1551e-05 0.000105864

6.88359e-05 0.00010793
6.9561e-05 0.00010739

6.9561e-05 0.00010739
6.96632e-05 0.000107314

7.24614e-05 0.000105126
7.24458e-05 0.000105139

7.17363e-05 0.000105719
7.24489e-05 0.000105139

7.24614e-05 0.00010513
7.31865e-05 0.000104515

7.31865e-05 0.000104517
7.33047e-05 0.000104414

5.79595e-05 0.000116989
5.75094e-05 0.000117466

5.86846e-05 0.000116251
5.82017e-05 0.000116741

5.79595e-05 0.000116991
5.82012e-05 0.000116741

5.72344e-05 0.000117762
5.75076e-05 0.000117466

5.86846e-05 0.000116251
5.89221e-05 0.000116016

3.40313e-05 0.000161199
3.47563e-05 0.000161441

3.47563e-05 0.000161442
3.54814e-05 0.000161597

3.54814e-05 0.000161597
3.62065e-05 0.000161665

3.62065e-05 0.000161664
3.69316e-05 0.000161648

3.69316e-05 0.000161647
3.76567e-05 0.000161552

3.76567e-05 0.000161551
3.83818e-05 0.000161379

3.9832e-05 0.000160782
3.94281e-05 0.000160972

3.83818e-05 0.000161382
3.91069e-05 0.000161128

3.91069e-05 0.000161132
3.94473e-05 0.000160972

4.56328e-05 0.000152097
4.55874e-05 0.000152271

4.55889e-05 0.000152271
4.53781e-05 0.000152996

4.53791e-05 0.000152996
4.51437e-05 0.000153721

4.41826e-05 0.000156026
4.38672e-05 0.000156621

4.49077e-05 0.000154368
4.48794e-05 0.000154446

4.4882e-05 0.000154446
4.45846e-05 0.000155171

4.49077e-05 0.000154372
4.51448e-05 0.000153721

4.45863e-05 0.000155171
4.42493e-05 0.000155896

4.41826e-05 0.000156027
4.42517e-05 0.000155896

4.20073e-05 0.000159131
4.1596e-05 0.000159521

4.27324e-05 0.000158306
4.23249e-05 0.000158796

4.20073e-05 0.000159139
4.23296e-05 0.000158796

3.9832e-05 0.000160792
4.05571e-05 0.000160354

4.12822e-05 0.000159804
4.06977e-05 0.000160247

4.05571e-05 0.000160354
4.07119e-05 0.000160247

4.12822e-05 0.000159807
4.16113e-05 0.000159521

4.34575e-05 0.000157296
4.34272e-05 0.000157346

4.34329e-05 0.000157346
4.29213e-05 0.000158071

4.34575e-05 0.0001573
4.38704e-05 0.000156621

4.27324e-05 0.000158315
4.2922e-05 0.000158071

4.78081e-05 0.000139424
4.77237e-05 0.000139944

4.77239e-05 0.000139944
4.76097e-05 0.000140669

4.78081e-05 0.000139425
4.78416e-05 0.000139219

4.76098e-05 0.000140669
4.74985e-05 0.000141394

4.74986e-05 0.000141394
4.73895e-05 0.000142119

4.7083e-05 0.000144205
4.707e-05 0.000144294

4.70704e-05 0.000144294
4.69639e-05 0.00014502

4.73897e-05 0.000142119
4.72823e-05 0.000142844

4.72825e-05 0.000142844
4.71761e-05 0.000143569

4.7083e-05 0.000144207
4.71762e-05 0.000143569

4.69642e-05 0.00014502
4.68561e-05 0.000145745

4.68563e-05 0.000145745
4.67455e-05 0.00014647

4.67458e-05 0.00014647
4.66311e-05 0.000147195

4.66314e-05 0.000147195
4.65115e-05 0.00014792

4.63579e-05 0.000148794
4.62509e-05 0.00014937

4.65118e-05 0.00014792
4.63852e-05 0.000148645

4.63579e-05 0.000148795
4.63858e-05 0.000148645

4.62515e-05 0.00014937
4.61065e-05 0.000150095

4.6107e-05 0.000150095
4.59494e-05 0.00015082

4.595e-05 0.00015082
4.57774e-05 0.000151545

4.56328e-05 0.0001521
4.57782e-05 0.000151545

