-3.44954e-05 9.28125e-05
-3.41279e-05 9.29529e-05

-3.41279e-05 9.29423e-05
-3.34028e-05 9.32232e-05

-3.34028e-05 9.3244e-05
-3.26777e-05 9.35192e-05

-3.26777e-05 9.35221e-05
-3.26329e-05 9.35376e-05

-3.25875e-05 9.35376e-05
-3.19526e-05 9.37571e-05

-3.19526e-05 9.37495e-05
-3.12275e-05 9.40163e-05

-3.12275e-05 9.4039e-05
-3.05932e-05 9.42627e-05

-3.0593e-05 9.42627e-05
-3.05024e-05 9.42946e-05

-3.05024e-05 9.42795e-05
-2.97773e-05 9.45092e-05

-2.97773e-05 9.45024e-05
-2.90522e-05 9.47503e-05

-2.90522e-05 9.47722e-05
-2.83895e-05 9.49878e-05

-2.83893e-05 9.49878e-05
-2.83271e-05 9.5008e-05

-2.83271e-05 9.49937e-05
-2.76021e-05 9.52025e-05

-2.76021e-05 9.51972e-05
-2.6877e-05 9.54184e-05

-2.6877e-05 9.54313e-05
-2.61519e-05 9.56494e-05

-2.61519e-05 9.56523e-05
-2.59265e-05 9.57129e-05

-2.58935e-05 9.57129e-05
-2.54268e-05 9.58385e-05

-2.54268e-05 9.58347e-05
-2.47017e-05 9.60264e-05

-2.47017e-05 9.60239e-05
-2.39766e-05 9.62306e-05

-2.39766e-05 9.62477e-05
-2.32607e-05 9.6438e-05

-2.32607e-05 9.6438e-05
-2.32515e-05 9.64404e-05

-2.32105e-05 9.6438e-05
-2.25264e-05 9.65965e-05

-2.25264e-05 9.65943e-05
-2.18013e-05 9.67657e-05

-2.18013e-05 9.67648e-05
-2.10762e-05 9.6946e-05

-2.10762e-05 9.69571e-05
-2.03511e-05 9.7128e-05

-2.03511e-05 9.71276e-05
-2.01783e-05 9.71631e-05

-2.01467e-05 9.71631e-05
-1.9626e-05 9.72701e-05

-1.9626e-05 9.72679e-05
-1.89009e-05 9.7413e-05

-1.89009e-05 9.74131e-05
-1.81758e-05 9.7562e-05

-1.81758e-05 9.7562e-05
-1.74507e-05 9.77145e-05

-1.74507e-05 9.77226e-05
-1.67256e-05 9.78623e-05

-1.67256e-05 9.78609e-05
-1.65599e-05 9.78882e-05

-1.65367e-05 9.78882e-05
-1.60005e-05 9.79763e-05

-1.60005e-05 9.79743e-05
-1.52754e-05 9.80874e-05

-1.52754e-05 9.80875e-05
-1.45503e-05 9.82002e-05

-1.45503e-05 9.82007e-05
-1.38252e-05 9.83116e-05

-1.38252e-05 9.83117e-05
-1.31001e-05 9.84194e-05

-1.31001e-05 9.84184e-05
-1.2375e-05 9.85249e-05

3.62065e-05 9.26045e-05
3.56683e-05 9.28125e-05

3.62065e-05 9.26062e-05
3.69316e-05 9.232e-05

3.76567e-05 9.20169e-05
3.74833e-05 9.20874e-05

3.69316e-05 9.23231e-05
3.75115e-05 9.20874e-05

3.76567e-05 9.20242e-05
3.83818e-05 9.17231e-05

3.9832e-05 9.11004e-05
3.92297e-05 9.13623e-05

3.83818e-05 9.17246e-05
3.91069e-05 9.14171e-05

3.91069e-05 9.14182e-05
3.92355e-05 9.13623e-05

4.27324e-05 8.97655e-05
4.24232e-05 8.99121e-05

3.9832e-05 9.11013e-05
4.05571e-05 9.07794e-05

4.12822e-05 9.04476e-05
4.08652e-05 9.06372e-05

4.05571e-05 9.07823e-05
4.08761e-05 9.06372e-05

4.12822e-05 9.04492e-05
4.20073e-05 9.01125e-05

4.20073e-05 9.01159e-05
4.24371e-05 8.99121e-05

4.27324e-05 8.97689e-05
4.34575e-05 8.94179e-05

4.41826e-05 8.90561e-05
4.39176e-05 8.9187e-05

4.34575e-05 8.94206e-05
4.39303e-05 8.9187e-05

4.56328e-05 8.83181e-05
4.53534e-05 8.84619e-05

4.41826e-05 8.90598e-05
4.49077e-05 8.8694e-05

4.49077e-05 8.86962e-05
4.5363e-05 8.84619e-05

4.85332e-05 8.67521e-05
4.80676e-05 8.70117e-05

4.85332e-05 8.67507e-05
4.92583e-05 8.6339e-05

4.99834e-05 8.59214e-05
4.93527e-05 8.62866e-05

4.92583e-05 8.63411e-05
4.93531e-05 8.62866e-05

5.07085e-05 8.54877e-05
5.05831e-05 8.55615e-05

5.07085e-05 8.54919e-05
5.14336e-05 8.50562e-05

4.99834e-05 8.592e-05
5.05898e-05 8.55615e-05

4.56328e-05 8.83208e-05
4.63579e-05 8.79401e-05

4.7083e-05 8.75507e-05
4.67358e-05 8.77368e-05

4.63579e-05 8.7942e-05
4.67408e-05 8.77368e-05

4.7083e-05 8.75513e-05
4.78081e-05 8.71554e-05

4.78081e-05 8.71575e-05
4.80695e-05 8.70117e-05

5.36089e-05 8.36975e-05
5.29588e-05 8.41113e-05

5.4334e-05 8.32275e-05
5.40893e-05 8.33862e-05

5.36089e-05 8.36945e-05
5.40829e-05 8.33862e-05

5.21587e-05 8.46117e-05
5.17928e-05 8.48364e-05

5.14336e-05 8.50556e-05
5.17904e-05 8.48364e-05

5.21587e-05 8.46097e-05
5.28838e-05 8.4157e-05

5.28838e-05 8.41583e-05
5.29597e-05 8.41113e-05

5.57842e-05 8.22578e-05
5.51865e-05 8.26611e-05

5.4334e-05 8.32246e-05
5.50591e-05 8.27456e-05

5.50591e-05 8.27453e-05
5.51877e-05 8.26611e-05

5.65093e-05 8.17612e-05
5.62538e-05 8.1936e-05

5.57842e-05 8.22541e-05
5.62455e-05 8.1936e-05

5.65093e-05 8.17563e-05
5.72344e-05 8.9.90198e-05 0
9.90167e-05 7.25098e-07

9.9017e-05 7.25098e-07
9.90073e-05 1.4502e-06

9.9007e-05 1.4502e-06
9.89744e-05 2.90039e-06

9.89742e-05 2.90039e-06
9.89515e-05 3.62549e-06

9.89523e-05 3.62549e-06
9.89218e-05 4.35059e-06

9.89207e-05 4.35059e-06
9.88449e-05 5.80078e-06

9.8844e-05 5.80078e-06
9.87996e-05 6.52588e-06

9.88005e-05 6.52588e-06
9.87495e-05 7.25098e-06

9.87491e-05 7.25098e-06
9.86906e-05 7.97607e-06

9.86908e-05 7.97607e-06
9.86255e-05 8.70117e-06

9.85649e-05 9.30634e-06
9.8553e-05 9.42627e-06

9.85512e-05 9.42627e-06
9.84764e-05 1.01514e-05

9.85649e-05 9.30743e-06
9.86253e-05 8.70117e-06

9.84776e-05 1.01514e-05
9.84018e-05 1.08765e-05

9.84021e-05 1.08765e-05
9.83224e-05 1.16016e-05

9.78398e-05 1.52683e-05
9.77339e-05 1.59521e-05

9.77359e-05 1.59521e-05
9.76225e-05 1.66772e-05

9.76231e-05 1.66772e-05
9.75035e-05 1.74023e-05

9.75036e-05 1.74023e-05
9.73764e-05 1.81274e-05

9.73766e-05 1.81274e-05
9.7241e-05 1.88525e-05

9.71147e-05 1.94824e-05
9.70957e-05 1.95776e-05

9.7091e-05 1.95776e-05
9.69459e-05 2.03027e-05

9.71147e-05 1.94859e-05
9.72415e-05 1.88525e-05

9.63896e-05 2.28972e-05
9.63175e-05 2.32031e-05

9.69506e-05 2.03027e-05
9.68067e-05 2.10278e-05

9.6807e-05 2.10278e-05
9.66543e-05 2.17529e-05

9.66544e-05 2.17529e-05
9.6492e-05 2.2478e-05

9.63896e-05 2.2917e-05
9.64932e-05 2.2478e-05

9.83224e-05 1.16016e-05
9.82386e-05 1.23267e-05

9.82387e-05 1.23267e-05
9.81506e-05 1.30518e-05

9.8151e-05 1.30518e-05
9.80575e-05 1.37769e-05

9.80577e-05 1.37769e-05
9.79575e-05 1.4502e-05

9.79581e-05 1.4502e-05
9.78494e-05 1.52271e-05

9.78398e-05 1.52823e-05
9.78484e-05 1.52271e-05

9.20391e-05 3.68532e-05
9.19882e-05 3.698e-05

9.19836e-05 3.698e-05
9.16923e-05 3.77051e-05

9.05889e-05 4.03054e-05
9.04564e-05 4.06055e-05

9.1314e-05 3.86159e-05
9.10857e-05 3.91553e-05

9.17055e-05 3.77051e-05
9.14104e-05 3.84302e-05

9.1314e-05 3.86832e-05
9.1421e-05 3.84302e-05

9.10977e-05 3.91553e-05
9.07909e-05 3.98804e-05

9.05889e-05 4.03692e-05
9.08047e-05 3.98804e-05

8.9125e-05 4.35059e-05
8.87742e-05 4.4231e-05

8.8793e-05 4.4231e-05
8.84335e-05 4.49561e-05

8.84134e-05 4.49561e-05
8.80471e-05 4.56812e-05

8.80674e-05 4.56812e-05
8.76937e-05 4.64062e-05

8.84136e-05 4.49954e-05
8.84335e-05 4.49561e-05

8.98638e-05 4.19449e-05
8.9813e-05 4.20557e-05

9.04657e-05 4.06055e-05
9.01426e-05 4.13306e-05

8.98638e-05 4.19674e-05
9.01558e-05 4.13306e-05

8.98074e-05 4.20557e-05
8.94708e-05 4.27808e-05

8.94872e-05 4.27808e-05
8.91425e-05 4.35059e-05

8.91387e-05 4.35135e-05
8.91424e-05 4.35059e-05

9.49395e-05 2.83769e-05
9.47507e-05 2.90039e-05

9.63162e-05 2.32031e-05
9.61459e-05 2.39282e-05

9.6152e-05 2.39282e-05
9.59785e-05 2.46533e-05

9.56646e-05 2.58197e-05
9.55867e-05 2.61035e-05

9.5978e-05 2.46533e-05
9.57902e-05 2.53784e-05

9.56646e-05 2.5841e-05
9.57913e-05 2.53784e-05

9.55853e-05 2.61035e-05
9.53878e-05 2.68286e-05

9.53945e-05 2.68286e-05
9.51948e-05 2.75537e-05

9.51955e-05 2.75537e-05
9.49791e-05 2.82788e-05

9.49395e-05 2.84163e-05
9.49808e-05 2.82788e-05

9.47583e-05 2.90039e-05
9.45432e-05 2.9729e-05

9.45455e-05 2.9729e-05
9.43174e-05 3.04541e-05

9.42144e-05 3.07341e-05
9.40687e-05 3.11792e-05

9.40745e-05 3.11792e-05
9.38395e-05 3.19043e-05

9.42144e-05 3.07853e-05
9.43227e-05 3.04541e-05

9.34893e-05 3.29159e-05
9.33358e-05 3.33545e-05

9.33435e-05 3.33545e-05
9.30907e-05 3.40796e-05

9.30986e-05 3.40796e-05
9.2834e-05 3.48047e-05

9.38458e-05 3.19043e-05
9.36032e-05 3.26294e-05

9.34893e-05 3.29764e-05
9.36107e-05 3.26294e-05

9.27642e-05 3.49531e-05
9.25468e-05 3.55298e-05

9.25566e-05 3.55298e-05
9.22829e-05 3.62549e-05

9.27642e-05 3.50027e-05
9.28388e-05 3.48047e-05

9.20391e-05 3.68736e-05
9.22873e-05 3.62549e-05

8.62383e-05 4.90392e-05
8.60899e-05 4.93066e-05

8.47881e-05 5.15642e-05
8.44005e-05 5.2207e-05

8.55132e-05 5.03204e-05
8.52618e-05 5.07568e-05

8.61073e-05 4.93066e-05
8.5692e-05 5.00317e-05

8.55132e-05 5.03831e-05
8.57156e-05 5.00317e-05

8.52808e-05 5.07568e-05
8.48478e-05 5.14819e-05

8.47881e-05 5.15841e-05
8.48484e-05 5.14819e-05

8.26128e-05 5.50005e-05
8.-9.74301e-05 0
-9.74277e-05 7.25098e-07

-9.74277e-05 7.25098e-07
-9.74204e-05 1.4502e-06

-9.74203e-05 1.4502e-06
-9.74082e-05 2.17529e-06

-9.74082e-05 2.17529e-06
-9.73916e-05 2.90039e-06

-9.73915e-05 2.90039e-06
-9.73705e-05 3.62549e-06

-9.73705e-05 3.62549e-06
-9.73453e-05 4.35059e-06

-9.73454e-05 4.35059e-06
-9.7316e-05 5.07568e-06

-9.73161e-05 5.07568e-06
-9.72822e-05 5.80078e-06

-9.72825e-05 5.80078e-06
-9.72435e-05 6.52588e-06

-9.72441e-05 6.52588e-06
-9.72114e-05 7.04234e-06

-9.72114e-05 7.04408e-06
-9.71983e-05 7.25098e-06

-9.71979e-05 7.25098e-06
-9.71447e-05 7.97607e-06

-9.71447e-05 7.97607e-06
-9.70848e-05 8.70117e-06

-9.70845e-05 8.70117e-06
-9.70186e-05 9.42627e-06

-9.70186e-05 9.42627e-06
-9.69474e-05 1.01514e-05

-9.69473e-05 1.01514e-05
-9.68713e-05 1.08765e-05

-9.68711e-05 1.08765e-05
-9.67908e-05 1.16016e-05

-9.67912e-05 1.16016e-05
-9.67061e-05 1.23267e-05

-9.67065e-05 1.23267e-05
-9.66148e-05 1.30518e-05

-9.66153e-05 1.30518e-05
-9.65152e-05 1.37769e-05

-9.65146e-05 1.37769e-05
-9.64863e-05 1.39652e-05

-9.64863e-05 1.39657e-05
-9.64059e-05 1.4502e-05

-9.64034e-05 1.4502e-05
-9.62921e-05 1.52271e-05

-9.62933e-05 1.52271e-05
-9.61818e-05 1.59521e-05

-9.61826e-05 1.59521e-05
-9.60668e-05 1.66772e-05

-9.60676e-05 1.66772e-05
-9.59446e-05 1.74023e-05

-9.59452e-05 1.74023e-05
-9.58121e-05 1.81274e-05

-9.58114e-05 1.81274e-05
-9.57612e-05 1.83822e-05

-9.57612e-05 1.83806e-05
-9.56683e-05 1.88525e-05

-9.56644e-05 1.88525e-05
-9.55216e-05 1.95776e-05

-9.55244e-05 1.95776e-05
-9.53836e-05 2.03027e-05

-9.5385e-05 2.03027e-05
-9.52375e-05 2.10278e-05

-9.52382e-05 2.10278e-05
-9.50796e-05 2.17529e-05

-9.50786e-05 2.17529e-05
-9.50361e-05 2.1937e-05

-9.50361e-05 2.19323e-05
-9.49102e-05 2.2478e-05

-9.49067e-05 2.2478e-05
-9.47418e-05 2.32031e-05

-9.47468e-05 2.32031e-05
-9.45817e-05 2.39282e-05

-9.4583e-05 2.39282e-05
-9.44053e-05 2.46533e-05

-9.44049e-05 2.46533e-05
-9.4311e-05 2.50088e-05

-9.4311e-05 2.50053e-05
-9.42125e-05 2.53784e-05

-9.42061e-05 2.53784e-05
-9.4016e-05 2.61035e-05

-9.4023e-05 2.61035e-05
-9.3834e-05 2.68286e-05

-9.38357e-05 2.68286e-05
-9.36304e-05 2.75537e-05

-9.36277e-05 2.75537e-05
-9.35859e-05 2.76945e-05

-9.35859e-05 2.76855e-05
-9.34101e-05 2.82788e-05

-9.34089e-05 2.82788e-05
-9.31978e-05 2.90039e-05

-9.32043e-05 2.90039e-05
-9.29875e-05 2.9729e-05

-9.29875e-05 2.9729e-05
-9.28608e-05 3.01218e-05

-9.28608e-05 3.01162e-05
-9.27519e-05 3.04541e-05

-9.27439e-05 3.04541e-05
-9.25123e-05 3.11792e-05

-9.25221e-05 3.11792e-05
-9.22912e-05 3.19043e-05

-9.22921e-05 3.19043e-05
-9.21357e-05 3.23571e-05

-9.21357e-05 3.23516e-05
-9.20398e-05 3.26294e-05

-9.203e-05 3.26294e-05
-9.17814e-05 3.33545e-05

-9.17928e-05 3.33545e-05
-9.15453e-05 3.40796e-05

-9.15461e-05 3.40796e-05
-9.14106e-05 3.44468e-05

-9.14106e-05 3.44379e-05
-9.12754e-05 3.48047e-05

-9.12682e-05 3.48047e-05
-9.1e-05 3.55298e-05

-9.10114e-05 3.55298e-05
-9.07371e-05 3.62549e-05

-9.07339e-05 3.62549e-05
-9.06855e-05 3.63772e-05

-9.06855e-05 3.63621e-05
-9.04415e-05 3.698e-05

-9.04444e-05 3.698e-05
-9.01588e-05 3.77051e-05

-9.01654e-05 3.77051e-05
-8.99604e-05 3.81995e-05

-8.99604e-05 3.81948e-05
-8.98629e-05 3.84302e-05

-8.98514e-05 3.84302e-05
-8.95494e-05 3.91553e-05

-8.95642e-05 3.91553e-05
-8.92566e-05 3.98804e-05

-8.92523e-05 3.98804e-05
-8.92354e-05 3.99191e-05

-8.92354e-05 3.98989e-05
-8.89259e-05 4.06055e-05

-8.89351e-05 4.06055e-05
-8.86154e-05 4.13306e-05

-8.86166e-05 4.13306e-05
-8.85103e-05 4.15617e-05

-8.85103e-05 4.15484e-05
-8.82768e-05 4.20557e-05

-8.82763e-05 4.20557e-05
-8.79394e-05 4.27808e-05

-8.79476e-05 4.27808e-05
-8.77852e-05 4.31205e-05

-8.77852e-05 4.31113e-05
-8.75965e-05 4.35059e-05

-8.75902e-05 4.35059e-05
-8.72385e-05 4.4231e-05

-8.72503e-05 4.4231e-05
-8.70601e-05 4.46143e-05

-8.70601e-05 4.46063e-05
-8.68865e-05 4.49561e-05

-8.68782e-05 4.49561e-05
-8.65112e-05 4.56812e-05

-8.65236e-05 4.56812e-05
-8.6335e-05 4.60473e-05

-8.6335e-05 4.60384e-05
-8.61454e-05 4.64062e-05

-8.6139e-05 4.64062e-05
-8.57558e-05 4.71313e-05

-8.576525442e-05 5.51074e-05

8.33379e-05 5.38884e-05
8.30227e-05 5.43823e-05

8.26128e-05 5.50344e-05
8.30408e-05 5.43823e-05

8.18877e-05 5.60885e-05
8.15714e-05 5.65576e-05

8.11626e-05 5.71349e-05
8.1062e-05 5.72827e-05

8.10806e-05 5.72827e-05
8.05668e-05 5.80078e-05

8.11626e-05 5.71764e-05
8.15915e-05 5.65576e-05

8.2556e-05 5.51074e-05
8.20703e-05 5.58325e-05

8.18877e-05 5.61398e-05
8.20927e-05 5.58325e-05

8.4063e-05 5.27241e-05
8.39352e-05 5.29321e-05

8.39568e-05 5.29321e-05
8.34943e-05 5.36572e-05

8.4063e-05 5.27914e-05
8.44236e-05 5.2207e-05

8.33379e-05 5.39381e-05
8.35162e-05 5.36572e-05

8.69634e-05 4.77415e-05
8.69016e-05 4.78564e-05

8.76746e-05 4.64062e-05
8.7292e-05 4.71313e-05

8.69634e-05 4.77821e-05
8.7313e-05 4.71313e-05

8.69038e-05 4.78564e-05
8.65046e-05 4.85815e-05

8.62383e-05 4.91081e-05
8.65304e-05 4.85815e-05

8.76885e-05 4.64165e-05
8.76939e-05 4.64062e-05

8.04375e-05 5.82097e-05
8.05767e-05 5.80078e-05

12485e-05

7.10112e-05 6.9436e-05
7.08429e-05 6.96094e-05

7.17363e-05 6.868e-05
7.15427e-05 6.88843e-05

7.10112e-05 6.94502e-05
7.15522e-05 6.88843e-05

7.39116e-05 6.63087e-05
7.35576e-05 6.6709e-05

7.46367e-05 6.54895e-05
7.42079e-05 6.59839e-05

7.39116e-05 6.63355e-05
7.42204e-05 6.59839e-05

7.24614e-05 6.79047e-05
7.22255e-05 6.81592e-05

7.31865e-05 6.71145e-05
7.2897e-05 6.74341e-05

7.24614e-05 6.79259e-05
7.29108e-05 6.74341e-05

7.17363e-05 6.86956e-05
7.22369e-05 6.81592e-05

7.31865e-05 6.71394e-05
7.35718e-05 6.6709e-05

7.60869e-05 6.38006e-05
7.60802e-05 6.38086e-05

7.75371e-05 6.20132e-05
7.72655e-05 6.23584e-05

7.6812e-05 6.29083e-05
7.66697e-05 6.30835e-05

7.60869e-05 6.38074e-05
7.66912e-05 6.30835e-05

7.6812e-05 6.29432e-05
7.72887e-05 6.23584e-05

7.89873e-05 6.01593e-05
7.89696e-05 6.01831e-05

7.89741e-05 6.01831e-05
7.84189e-05 6.09082e-05

7.97124e-05 5.91552e-05
7.94942e-05 5.9458e-05

8.04375e-05 5.81831e-05
8.00444e-05 5.87329e-05

7.97124e-05 5.92212e-05
8.00687e-05 5.87329e-05

7.89873e-05 6.01693e-05
7.95221e-05 5.9458e-05

7.82622e-05 6.11068e-05
7.78535e-05 6.16333e-05

7.75371e-05 6.20602e-05
7.78711e-05 6.16333e-05

7.82622e-05 6.11274e-05
7.8428e-05 6.09082e-05

7.53618e-05 6.46567e-05
7.48435e-05 6.52588e-05

7.60844e-05 6.38086e-05
7.54686e-05 6.45337e-05

7.53618e-05 6.46661e-05
7.54745e-05 6.45337e-05

7.46367e-05 6.55101e-05
7.48535e-05 6.52588e-05

5.79595e-05 8.07315e-05
5.72891e-05 8.12109e-05

5.86846e-05 8.02032e-05
5.82978e-05 8.04858e-05

5.79595e-05 8.07261e-05
5.82907e-05 8.04858e-05

5.94097e-05 7.96625e-05
5.92766e-05 7.97607e-05

5.94097e-05 7.96602e-05
6.01348e-05 7.91119e-05

5.86846e-05 8.01991e-05
5.92736e-05 7.97607e-05

6.1585e-05 7.79856e-05
6.11703e-05 7.83105e-05

6.30352e-05 7.68096e-05
6.29731e-05 7.68604e-05

6.23101e-05 7.74082e-05
6.2087e-05 7.75854e-05

6.1585e-05 7.79786e-05
6.20768e-05 7.75854e-05

6.23101e-05 7.74013e-05
6.29745e-05 7.68604e-05

6.08599e-05 7.85535e-05
6.02347e-05 7.90356e-05

6.01348e-05 7.91119e-05
6.02351e-05 7.90356e-05

6.08599e-05 7.85468e-05
6.11665e-05 7.83105e-05

6.52104e-05 7.49694e-05
6.47002e-05 7.54102e-05

6.59355e-05 7.43296e-05
6.55304e-05 7.46851e-05

6.52104e-05 7.4962e-05
6.55274e-05 7.46851e-05

6.81108e-05 7.23147e-05
6.79049e-05 7.25098e-05

6.88359e-05 7.16175e-05
6.8663e-05 7.17847e-05

6.81108e-05 7.23156e-05
6.86695e-05 7.17847e-05

6.66606e-05 7.36719e-05
6.63416e-05 7.396e-05

6.73857e-05 7.30006e-05
6.71327e-05 7.32349e-05

6.66606e-05 7.36654e-05
6.71343e-05 7.32349e-05

6.59355e-05 7.43204e-05
6.63401e-05 7.396e-05

6.73857e-05 7.29977e-05
6.79108e-05 7.25098e-05

6.30352e-05 7.68114e-05
6.37603e-05 7.62101e-05

6.44854e-05 7.55964e-05
6.38494e-05 7.61353e-05

6.37603e-05 7.62093e-05
6.38486e-05 7.61353e-05

6.44854e-05 7.55929e-05
6.46985e-05 7.54102e-05

5.72344e-05 8.12493e-05
5.7289e-05 8.12109e-05

6.9561e-05 7.09043e-05
6.94039e-05 7.10596e-05

7.02861e-05 7.01785e-05
7.01316e-05 7.03345e-05

6.9561e-05 7.09115e-05
7.01398e-05 7.03345e-05

6.88359e-05 7.16208e-05
6.94125e-05 7.10596e-05

7.02861e-05 7.01881e-05
7.08527e-05 6.96094e-05

-1.2375e-05 9.85316e-05
-1.17434e-05 9.86133e-05

-1.1742e-05 9.86133e-05
-1.16499e-05 9.86252e-05

-1.16499e-05 9.86196e-05
-1.09248e-05 9.86988e-05

-1.09248e-05 9.86982e-05
-1.01997e-05 9.87757e-05

-1.01997e-05 9.87761e-05
-9.47461e-06 9.88524e-05

-9.47461e-06 9.88528e-05
-8.74951e-06 9.89261e-05

-8.74951e-06 9.89264e-05
-8.02441e-06 9.89952e-05

-8.02441e-06 9.89954e-05
-7.29932e-06 9.90588e-05

-7.29932e-06 9.90589e-05
-6.57422e-06 9.91166e-05

-6.57422e-06 9.91167e-05
-5.84912e-06 9.91683e-05

-5.84912e-06 9.91684e-05
-5.12402e-06 9.92133e-05

-5.12402e-06 9.92132e-05
-4.39893e-06 9.92515e-05

-4.39893e-06 9.92514e-05
-3.67383e-06 9.92834e-05

-3.67383e-06 9.92833e-05
-2.94873e-06 9.93094e-05

-2.94873e-06 9.93092e-05
-2.22363e-06 9.93298e-05

-2.22363e-06 9.93302e-05
-1.8234e-06 9.93384e-05

-1.81999e-06 9.93384e-05
-1.49854e-06 9.9345e-05

-1.49854e-06 9.93448e-05
-7.73437e-07 9.93538e-05

-7.73437e-07 9.93537e-05
-4.83398e-08 9.93572e-05

-4.83398e-05 4.71313e-05
-8.56099e-05 4.74228e-05

-8.56099e-05 4.74113e-05
-8.53718e-05 4.78564e-05

-8.5372e-05 4.78564e-05
-8.49714e-05 4.85815e-05

-8.49739e-05 4.85815e-05
-8.48848e-05 4.8742e-05

-8.48848e-05 4.87291e-05
-8.45637e-05 4.93066e-05

-8.45742e-05 4.93066e-05
-8.41597e-05 5.00272e-05

-8.41597e-05 5.00272e-05
-8.41571e-05 5.00317e-05

-8.41422e-05 5.00317e-05
-8.37229e-05 5.07568e-05

-8.37416e-05 5.07568e-05
-8.34346e-05 5.12796e-05

-8.34346e-05 5.12693e-05
-8.33097e-05 5.14819e-05

-8.33013e-05 5.14819e-05
-8.28603e-05 5.2207e-05

-8.28722e-05 5.2207e-05
-8.27095e-05 5.24745e-05

-8.27095e-05 5.24574e-05
-8.24205e-05 5.29321e-05

-8.24279e-05 5.29321e-05
-8.19844e-05 5.36321e-05

-8.19844e-05 5.36312e-05
-8.19682e-05 5.36572e-05

-8.1957e-05 5.36572e-05
-8.1495e-05 5.43823e-05

-8.15119e-05 5.43823e-05
-8.12593e-05 5.47762e-05

-8.12593e-05 5.47587e-05
-8.10355e-05 5.51074e-05

-8.10388e-05 5.51074e-05
-8.05525e-05 5.58325e-05

-8.05509e-05 5.58325e-05
-8.05342e-05 5.58579e-05

-8.05342e-05 5.58487e-05
-8.00575e-05 5.65576e-05

-8.00719e-05 5.65576e-05
-7.98091e-05 5.69458e-05

-7.98091e-05 5.69276e-05
-7.95686e-05 5.72827e-05

-7.95756e-05 5.72827e-05
-7.9084e-05 5.79777e-05

-7.9084e-05 5.79773e-05
-7.90625e-05 5.80078e-05

-7.90538e-05 5.80078e-05
-7.85356e-05 5.87329e-05

-7.8549e-05 5.87329e-05
-7.83589e-05 5.90042e-05

-7.83589e-05 5.89821e-05
-7.80186e-05 5.9458e-05

-7.80272e-05 5.9458e-05
-7.76338e-05 5.99901e-05

-7.76338e-05 5.99829e-05
-7.74875e-05 6.01831e-05

-7.74878e-05 6.01831e-05
-7.69335e-05 6.09082e-05

-7.69327e-05 6.09082e-05
-7.69087e-05 6.09396e-05

-7.69087e-05 6.09332e-05
-7.63704e-05 6.16333e-05

-7.63803e-05 6.16333e-05
-7.61836e-05 6.18937e-05

-7.61836e-05 6.1877e-05
-7.5812e-05 6.23584e-05

-7.58198e-05 6.23584e-05
-7.54585e-05 6.28148e-05

-7.54585e-05 6.28025e-05
-7.52364e-05 6.30835e-05

-7.52408e-05 6.30835e-05
-7.47334e-05 6.36953e-05

-7.47334e-05 6.36935e-05
-7.46372e-05 6.38086e-05

-7.46362e-05 6.38086e-05
-7.40167e-05 6.45337e-05

-7.40174e-05 6.45337e-05
-7.40083e-05 6.45442e-05

-7.40083e-05 6.45393e-05
-7.33886e-05 6.52588e-05

-7.33926e-05 6.52588e-05
-7.32832e-05 6.53866e-05

-7.32832e-05 6.53815e-05
-7.27642e-05 6.59839e-05

-7.27709e-05 6.59839e-05
-7.25581e-05 6.6231e-05

-7.25581e-05 6.62198e-05
-7.21348e-05 6.6709e-05

-7.21369e-05 6.6709e-05
-7.1833e-05 6.70538e-05

-7.1833e-05 6.70452e-05
-7.14872e-05 6.74341e-05

-7.14859e-05 6.74341e-05
-7.11079e-05 6.78507e-05

-7.11079e-05 6.78463e-05
-7.08199e-05 6.81592e-05

-7.08177e-05 6.81592e-05
-7.03828e-05 6.86259e-05

-7.03828e-05 6.86239e-05
-7.01364e-05 6.88843e-05

-7.01339e-05 6.88843e-05
-6.96577e-05 6.93829e-05

-6.96577e-05 6.93825e-05
-6.94378e-05 6.96094e-05

-6.94358e-05 6.96094e-05
-6.89326e-05 7.01233e-05

-6.89326e-05 7.01244e-05
-6.87242e-05 7.03345e-05

-6.87225e-05 7.03345e-05
-6.82075e-05 7.08466e-05

-6.82075e-05 7.0849e-05
-6.79934e-05 7.10596e-05

-6.79921e-05 7.10596e-05
-6.74824e-05 7.15533e-05

-6.74824e-05 7.15569e-05
-6.72453e-05 7.17847e-05

-6.72437e-05 7.17847e-05
-6.67573e-05 7.22451e-05

-6.67573e-05 7.22504e-05
-6.64821e-05 7.25098e-05

-6.64792e-05 7.25098e-05
-6.60322e-05 7.29262e-05

-6.60322e-05 7.29334e-05
-6.57078e-05 7.32349e-05

-6.57031e-05 7.32349e-05
-6.53071e-05 7.36001e-05

-6.53071e-05 7.36096e-05
-6.49257e-05 7.396e-05

-6.49187e-05 7.396e-05
-6.4582e-05 7.4268e-05

-6.4582e-05 7.42813e-05
-6.41354e-05 7.46851e-05

-6.41253e-05 7.46851e-05
-6.38569e-05 7.49276e-05

-6.38569e-05 7.4943e-05
-6.33312e-05 7.54102e-05

-6.33194e-05 7.54102e-05
-6.31318e-05 7.55753e-05

-6.31318e-05 7.55873e-05
-6.24943e-05 7.61353e-05

-6.249e-05 7.61353e-05
-6.24067e-05 7.62057e-05

-6.24067e-05 7.62099e-05
-6.16816e-05 7.68072e-05

-6.16816e-05 7.68093e-05
-6.16181e-05 7.68604e-05

-6.16072e-05 7.68604e-05
-6.09565e-05 7.73838e-05

-6.09565e-05 7.73943e-05
-6.07166e-05 7.75854e-05

-6.06996e-05 7.75854e-05
-6.02314e-05 7.79617e-05

-6.02314e-05 7.79797e-05
-5.98159e-05 7.83105e-05

-5.9795e-05 7.83105e-05
-5.95063e-05 7.8537e-05

-5.95063e-05 7.85537e-05
-5.88879e-05 7.90356e-05

-5.8e-08 9.93571e-05
6.76758e-07 9.93556e-05

6.76758e-07 9.93555e-05
1.40186e-06 9.93491e-05

2.12695e-06 9.93382e-05
2.11175e-06 9.93384e-05

1.40186e-06 9.9349e-05
2.11224e-06 9.93384e-05

2.12695e-06 9.93383e-05
2.85205e-06 9.93229e-05

2.85205e-06 9.93229e-05
3.57715e-06 9.93024e-05

3.57715e-06 9.93023e-05
4.30225e-06 9.92768e-05

4.30225e-06 9.92767e-05
5.02734e-06 9.92463e-05

5.02734e-06 9.92463e-05
5.75244e-06 9.92111e-05

5.75244e-06 9.92111e-05
6.47754e-06 9.91709e-05

6.47754e-06 9.91709e-05
7.20264e-06 9.91257e-05

7.20264e-06 9.91258e-05
7.92773e-06 9.90754e-05

7.92773e-06 9.90755e-05
8.65283e-06 9.90195e-05

8.65283e-06 9.90195e-05
9.37793e-06 9.89576e-05

9.37793e-06 9.89578e-05
1.0103e-05 9.88897e-05

1.0103e-05 9.88899e-05
1.08281e-05 9.88148e-05

1.30034e-05 9.85413e-05
1.24504e-05 9.86133e-05

1.30034e-05 9.85448e-05
1.37285e-05 9.845e-05

1.37285e-05 9.84502e-05
1.44536e-05 9.83485e-05

1.44536e-05 9.83483e-05
1.51787e-05 9.82399e-05

1.51787e-05 9.824e-05
1.59038e-05 9.81249e-05

1.59038e-05 9.81252e-05
1.66289e-05 9.80027e-05

1.08281e-05 9.88151e-05
1.15532e-05 9.87321e-05

1.15532e-05 9.87325e-05
1.22783e-05 9.86402e-05

1.22783e-05 9.86375e-05
1.24643e-05 9.86133e-05

1.7354e-05 9.78685e-05
1.7244e-05 9.78882e-05

1.66289e-05 9.80029e-05
1.72703e-05 9.78882e-05

1.7354e-05 9.78694e-05
1.80791e-05 9.77398e-05

1.80791e-05 9.77433e-05
1.88042e-05 9.76134e-05

1.88042e-05 9.76134e-05
1.95293e-05 9.74762e-05

1.95293e-05 9.74765e-05
2.02544e-05 9.73314e-05

2.02544e-05 9.73321e-05
2.09795e-05 9.71772e-05

2.17046e-05 9.70157e-05
2.10222e-05 9.71631e-05

2.17046e-05 9.70205e-05
2.24297e-05 9.68624e-05

2.09795e-05 9.71754e-05
2.10363e-05 9.71631e-05

2.24297e-05 9.68621e-05
2.31548e-05 9.66939e-05

2.31548e-05 9.66943e-05
2.38799e-05 9.65159e-05

2.4605e-05 9.63273e-05
2.41685e-05 9.6438e-05

2.38799e-05 9.65161e-05
2.4188e-05 9.6438e-05

2.4605e-05 9.63302e-05
2.53301e-05 9.61445e-05

2.75054e-05 9.55402e-05
2.68992e-05 9.57129e-05

2.75054e-05 9.5544e-05
2.82305e-05 9.53354e-05

2.53301e-05 9.6146e-05
2.60552e-05 9.59537e-05

2.60552e-05 9.59543e-05
2.67803e-05 9.57515e-05

2.67803e-05 9.5751e-05
2.6914e-05 9.57129e-05

2.82305e-05 9.53359e-05
2.89556e-05 9.51183e-05

2.96807e-05 9.48871e-05
2.93568e-05 9.49878e-05

2.89556e-05 9.51207e-05
2.93832e-05 9.49878e-05

2.96807e-05 9.48907e-05
3.04058e-05 9.46621e-05

3.04058e-05 9.46642e-05
3.11309e-05 9.44303e-05

3.1856e-05 9.418e-05
3.16089e-05 9.42627e-05

3.1856e-05 9.41854e-05
3.25811e-05 9.39382e-05

3.11309e-05 9.44333e-05
3.16404e-05 9.42627e-05

3.25811e-05 9.39406e-05
3.33062e-05 9.36878e-05

3.40312e-05 9.3421e-05
3.37079e-05 9.35376e-05

3.33062e-05 9.36903e-05
3.37298e-05 9.35376e-05

3.40313e-05 9.34244e-05
3.47563e-05 9.31581e-05

3.47563e-05 9.316e-05
3.54814e-05 9.28871e-05

3.54814e-05 9.28883e-05
3.56776e-05 9.28125e-05

88844e-05 7.90356e-05
-5.87812e-05 7.91149e-05

-5.87812e-05 7.91171e-05
-5.80562e-05 7.96644e-05

-5.80562e-05 7.96696e-05
-5.79331e-05 7.97607e-05

-5.79175e-05 7.97607e-05
-5.73311e-05 8.01991e-05

-5.73311e-05 8.02171e-05
-5.69701e-05 8.04858e-05

-5.69363e-05 8.04858e-05
-5.6606e-05 8.07309e-05

-5.6606e-05 8.07511e-05
-5.59725e-05 8.12109e-05

-5.5971e-05 8.12109e-05
-5.58809e-05 8.12751e-05

-5.58809e-05 8.12737e-05
-5.51558e-05 8.17814e-05

-5.51558e-05 8.17935e-05
-5.49486e-05 8.1936e-05

-5.49169e-05 8.1936e-05
-5.44307e-05 8.22754e-05

-5.44307e-05 8.22943e-05
-5.38941e-05 8.26611e-05

-5.38818e-05 8.26611e-05
-5.37056e-05 8.27791e-05

-5.37056e-05 8.27843e-05
-5.29805e-05 8.32574e-05

-5.29805e-05 8.32685e-05
-5.27983e-05 8.33862e-05

-5.27604e-05 8.33862e-05
-5.22554e-05 8.37153e-05

-5.22554e-05 8.37349e-05
-5.16655e-05 8.41113e-05

-5.16629e-05 8.41113e-05
-5.15303e-05 8.41946e-05

-5.15303e-05 8.41889e-05
-5.08052e-05 8.4634e-05

-5.08052e-05 8.46485e-05
-5.04982e-05 8.48364e-05

-5.04551e-05 8.48364e-05
-5.00801e-05 8.5066e-05

-5.00801e-05 8.50852e-05
-4.9355e-05 8.55131e-05

-4.9355e-05 8.55179e-05
-4.92803e-05 8.55615e-05

-4.9242e-05 8.55615e-05
-4.86299e-05 8.59226e-05

-4.86299e-05 8.59436e-05
-4.80418e-05 8.62866e-05

-4.80386e-05 8.62866e-05
-4.79048e-05 8.63645e-05

-4.79048e-05 8.63521e-05
-4.71797e-05 8.67631e-05

-4.71797e-05 8.67792e-05
-4.67662e-05 8.70117e-05

-4.67383e-05 8.70117e-05
-4.64546e-05 8.71712e-05

-4.64546e-05 8.71753e-05
-4.57295e-05 8.75708e-05

-4.57295e-05 8.75845e-05
-4.54484e-05 8.77368e-05

-4.54066e-05 8.77368e-05
-4.50044e-05 8.79547e-05

-4.50044e-05 8.79677e-05
-4.42793e-05 8.83498e-05

-4.42793e-05 8.83604e-05
-4.40841e-05 8.84619e-05

-4.40372e-05 8.84619e-05
-4.35542e-05 8.87132e-05

-4.35542e-05 8.87289e-05
-4.28291e-05 8.90976e-05

-4.28291e-05 8.91067e-05
-4.26677e-05 8.9187e-05

-4.26194e-05 8.9187e-05
-4.2104e-05 8.94436e-05

-4.2104e-05 8.94577e-05
-4.13789e-05 8.98126e-05

-4.13789e-05 8.98227e-05
-4.11907e-05 8.99121e-05

-4.11432e-05 8.99121e-05
-4.06538e-05 9.01445e-05

-4.06538e-05 9.01532e-05
-3.99287e-05 9.04944e-05

-3.99287e-05 9.05073e-05
-3.96421e-05 9.06372e-05

-3.96027e-05 9.06372e-05
-3.92036e-05 9.08181e-05

-3.92036e-05 9.08168e-05
-3.84785e-05 9.11455e-05

-3.84785e-05 9.11633e-05
-3.80216e-05 9.13623e-05

-3.80048e-05 9.13623e-05
-3.77534e-05 9.14718e-05

-3.77534e-05 9.14552e-05
-3.70283e-05 9.17706e-05

-3.70283e-05 9.1795e-05
-3.63414e-05 9.20874e-05

-3.63417e-05 9.20874e-05
-3.63032e-05 9.21038e-05

-3.62981e-05 9.20874e-05
-3.55781e-05 9.23751e-05

-3.55781e-05 9.23814e-05
-3.4853e-05 9.26762e-05

-3.4853e-05 9.26874e-05
-3.45255e-05 9.28125e-05

