-1.432e-05 0
-1.43195e-05 7.25098e-07

-1.43196e-05 7.25098e-07
-1.43182e-05 1.4502e-06

-1.43182e-05 1.4502e-06
-1.43158e-05 2.17529e-06

-1.43158e-05 2.17529e-06
-1.43125e-05 2.90039e-06

-1.43124e-05 2.90039e-06
-1.43084e-05 3.62549e-06

-1.43084e-05 3.62549e-06
-1.43038e-05 4.35059e-06

-1.43038e-05 4.35059e-06
-1.42986e-05 5.07568e-06

-1.42987e-05 5.07568e-06
-1.42929e-05 5.80078e-06

-1.42929e-05 5.80078e-06
-1.42862e-05 6.52588e-06

-1.42863e-05 6.52588e-06
-1.42786e-05 7.25098e-06

-1.42786e-05 7.25098e-06
-1.42697e-05 7.97607e-06

-1.42698e-05 7.97607e-06
-1.42594e-05 8.70117e-06

-1.42594e-05 8.70117e-06
-1.42474e-05 9.42627e-06

-1.42474e-05 9.42627e-06
-1.42338e-05 1.01514e-05

-1.42337e-05 1.01514e-05
-1.42187e-05 1.08765e-05

-1.42186e-05 1.08765e-05
-1.42023e-05 1.16016e-05

-1.42022e-05 1.16016e-05
-1.41847e-05 1.23267e-05

-1.41847e-05 1.23267e-05
-1.41658e-05 1.30518e-05

-1.41658e-05 1.30518e-05
-1.41457e-05 1.37769e-05

-1.41457e-05 1.37769e-05
-1.41243e-05 1.4502e-05

-1.41243e-05 1.4502e-05
-1.41017e-05 1.52271e-05

-1.41017e-05 1.52271e-05
-1.40777e-05 1.59521e-05

-1.40777e-05 1.59521e-05
-1.40524e-05 1.66772e-05

-1.40524e-05 1.66772e-05
-1.40256e-05 1.74023e-05

-1.40255e-05 1.74023e-05
-1.39973e-05 1.81274e-05

-1.39973e-05 1.81274e-05
-1.39677e-05 1.88525e-05

-1.39677e-05 1.88525e-05
-1.39369e-05 1.95776e-05

-1.39368e-05 1.95776e-05
-1.39048e-05 2.03027e-05

-1.39047e-05 2.03027e-05
-1.38715e-05 2.10278e-05

-1.38715e-05 2.10278e-05
-1.3837e-05 2.17529e-05

-1.3837e-05 2.17529e-05
-1.38252e-05 2.19936e-05

-1.38252e-05 2.19938e-05
-1.38014e-05 2.2478e-05

-1.38014e-05 2.2478e-05
-1.37646e-05 2.32031e-05

-1.37646e-05 2.32031e-05
-1.37267e-05 2.39282e-05

-1.37267e-05 2.39282e-05
-1.36876e-05 2.46533e-05

-1.36876e-05 2.46533e-05
-1.36473e-05 2.53784e-05

-1.36473e-05 2.53784e-05
-1.36058e-05 2.61035e-05

-1.36058e-05 2.61035e-05
-1.35632e-05 2.68286e-05

-1.35632e-05 2.68286e-05
-1.35195e-05 2.75537e-05

-1.35195e-05 2.75537e-05
-1.34746e-05 2.82788e-05

-1.34746e-05 2.82788e-05
-1.34286e-05 2.90039e-05

-1.34286e-05 2.90039e-05
-1.33814e-05 2.9729e-05

-1.33814e-05 2.9729e-05
-1.33331e-05 3.04541e-05

-1.33331e-05 3.04541e-05
-1.32836e-05 3.11792e-05

-1.32836e-05 3.11792e-05
-1.3233e-05 3.19043e-05

-1.3233e-05 3.19043e-05
-1.31813e-05 3.26294e-05

-1.31813e-05 3.26294e-05
-1.31284e-05 3.33545e-05

-1.31284e-05 3.33545e-05
-1.31001e-05 3.37343e-05

-1.31001e-05 3.37346e-05
-1.30744e-05 3.40796e-05

-1.30743e-05 3.40796e-05
-1.30191e-05 3.48047e-05

-1.30191e-05 3.48047e-05
-1.29628e-05 3.55298e-05

-1.29628e-05 3.55298e-05
-1.29054e-05 3.62549e-05

-1.29054e-05 3.62549e-05
-1.28468e-05 3.698e-05

-1.28468e-05 3.698e-05
-1.27872e-05 3.77051e-05

-1.27872e-05 3.77051e-05
-1.27264e-05 3.84302e-05

-1.27264e-05 3.84302e-05
-1.26644e-05 3.91553e-05

-1.26644e-05 3.91553e-05
-1.26014e-05 3.98804e-05

-1.26014e-05 3.98804e-05
-1.25373e-05 4.06055e-05

-1.25373e-05 4.06055e-05
-1.2472e-05 4.13306e-05

-1.24721e-05 4.13306e-05
-1.24058e-05 4.20557e-05

-1.24058e-05 4.20557e-05
-1.2375e-05 4.23868e-05

-1.2375e-05 4.23872e-05
-1.23384e-05 4.27808e-05

-1.23383e-05 4.27808e-05
-1.22695e-05 4.35059e-05

-1.22695e-05 4.35059e-05
-1.21996e-05 4.4231e-05

-1.21996e-05 4.4231e-05
-1.21287e-05 4.49561e-05

-1.21287e-05 4.49561e-05
-1.20567e-05 4.56812e-05

-1.20567e-05 4.56812e-05
-1.19835e-05 4.64062e-05

-1.19835e-05 4.64062e-05
-1.19092e-05 4.71313e-05

-1.19092e-05 4.71313e-05
-1.18337e-05 4.78564e-05

-1.18337e-05 4.78564e-05
-1.17572e-05 4.85815e-05

-1.17572e-05 4.85815e-05
-1.16795e-05 4.93066e-05

-1.16796e-05 4.93066e-05
-1.16499e-05 4.95783e-05

-1.16499e-05 4.95788e-05
-1.16004e-05 5.00317e-05

-1.16002e-05 5.00317e-05
-1.15197e-05 5.07568e-05

-1.15197e-05 5.07568e-05
-1.1438e-05 5.14819e-05

-1.1438e-05 5.14819e-05
-1.13552e-05 5.2207e-05

-1.13552e-05 5.2207e-05
-1.12712e-05 5.29321e-05

-1.12712e-05 5.29321e-05
-1.11859e-05 5.36572e-05

-1.11859e-05 5.36572e-05
-1.10994e-05 5.43823e-05

-1.10994e-05 5.43823e-05
-1.10117e-05 5.51074e-05

-1.10118e-05 5.51074e-05
-1.09248e-05 5.58155e-05

-1.09248e-05 5.58157e-05
-1.09227e-05 5.58325e-05

-1.09227e-05 5.58325e-05
-1.0832e-05 5.65576e-05

-1.08318e-05 5.65576e-05
-1.07396e-05 5.72827e-05

-1.07397e-05 5.72827e-05
-1.06465e-05 5.80078e-05

-1.06465e-05 5.80078e-05
-1.05521e-05 5.87329e-05

-1.05521e-05 5.87329e-05
-1.04565e-05 5.9458e-05

-1.04565e-05 5.9458e-05
-1.03597e-05 6.01831e-05

-1.03597e-05 6.01831e-05
-1.02616e-05 6.09082e-05

-1.02617e-05 6.09082e-05
-1.01997e-05 6.13581e-05

-1.01997e-05 6.13586e-05
-1.01618e-05 6.16333e-05

-1.01616e-05 6.16333e-05
-1.00599e-05 6.23584e-05

-1.00597e-05 6.23584e-05
-9.95672e-06 6.30835e-05

-9.95682e-06 6.30835e-05
-9.85271e-06 6.38086e-05

-9.85265e-06 6.38086e-05
-9.74735e-06 6.45337e-05

-9.74742e-06 6.45337e-05
-9.64091e-06 6.52588e-05

-9.64097e-06 6.52588e-05
-9.533e-06 6.59839e-05

-9.53327e-06 6.59839e-05
-9.47461e-06 6.63699e-05

-9.47461e-06 6.63705e-05
-9.42317e-06 6.6709e-05

-9.42267e-06 6.6709e-05
-9.31055e-06 6.74341e-05

-9.31057e-06 6.74341e-05
-9.19739e-06 6.81592e-05

-9.19741e-06 6.81592e-05
-9.08308e-06 6.88843e-05

-9.08309e-06 6.88843e-05
-8.96754e-06 6.96094e-05

-8.9676e-06 6.96094e-05
-8.85066e-06 7.03345e-05

-8.851e-06 7.03345e-05
-8.74951e-06 7.09521e-05

-8.74951e-06 7.09524e-05
-8.73191e-06 7.10596e-05

-8.73163e-06 7.10596e-05
-8.61004e-06 7.17847e-05

-8.60975e-06 7.17847e-05
-8.48676e-06 7.25098e-05

-8.48683e-06 7.25098e-05
-8.36285e-06 7.32349e-05

-8.36289e-06 7.32349e-05
-8.23772e-06 7.396e-05

-8.23783e-06 7.396e-05
-8.11118e-06 7.46851e-05

-8.11164e-06 7.46851e-05
-8.02441e-06 7.51739e-05

-8.02441e-06 7.51745e-05
-7.98236e-06 7.54102e-05

-7.9817e-06 7.54102e-05
-7.84983e-06 7.61353e-05

-7.8497e-06 7.61353e-05
-7.71682e-06 7.68604e-05

-7.71688e-06 7.68604e-05
-7.58315e-06 7.75854e-05

-7.5833e-06 7.75854e-05
-7.44828e-06 7.83105e-05

-7.44859e-06 7.83105e-05
-7.31137e-06 7.90356e-05

-7.31144e-06 7.90356e-05
-7.29932e-06 7.90981e-05

-7.29932e-06 7.90994e-05
-7.17103e-06 7.97607e-05

-7.16997e-06 7.97607e-05
-7.02739e-06 8.04858e-05

-7.02766e-06 8.04858e-05
-6.88472e-06 8.12109e-05

-6.88486e-06 8.12109e-05
-6.74071e-06 8.1936e-05

-6.7412e-06 8.1936e-05
-6.59459e-06 8.26611e-05

-6.59464e-06 8.26611e-05
-6.57422e-06 8.27595e-05

-6.57422e-06 8.27606e-05
-6.44432e-06 8.33862e-05

-6.44309e-06 8.33862e-05
-6.29057e-06 8.41113e-05

-6.29087e-06 8.41113e-05
-6.13815e-06 8.48364e-05

-6.13843e-06 8.48364e-05
-5.98436e-06 8.55615e-05

-5.98518e-06 8.55615e-05
-5.84912e-06 8.61872e-05

-5.84912e-06 8.61876e-05
-5.8276e-06 8.62866e-05

-5.82678e-06 8.62866e-05
-5.66529e-06 8.70117e-05

-5.66467e-06 8.70117e-05
-5.50206e-06 8.77368e-05

-5.5024e-06 8.77368e-05
-5.33923e-06 8.84619e-05

-5.33982e-06 8.84619e-05
-5.17426e-06 8.9187e-05

-5.17473e-06 8.9187e-05
-5.12402e-06 8.94029e-05

-5.12402e-06 8.94037e-05
-5.00458e-06 8.99121e-05

-5.00268e-06 8.99121e-05
-4.83006e-06 9.06372e-05

-4.83062e-06 9.06372e-05
-4.6583e-06 9.13623e-05

-4.65885e-06 9.13623e-05
-4.48461e-06 9.20874e-05

-4.48569e-06 9.20874e-05
-4.39893e-06 9.24377e-05

-4.39893e-06 9.24384e-05
-4.30626e-06 9.28125e-05

6.52616e-05 0
6.52624e-05 7.25098e-07

6.52624e-05 7.25098e-07
6.52649e-05 1.4502e-06

6.52649e-05 1.4502e-06
6.52691e-05 2.17529e-06

6.52691e-05 2.17529e-06
6.52752e-05 2.90039e-06

6.52752e-05 2.90039e-06
6.52832e-05 3.62549e-06

6.52832e-05 3.62549e-06
6.52933e-05 4.35059e-06

6.52932e-05 4.35059e-06
6.53054e-05 5.07568e-06

6.53054e-05 5.07568e-06
6.53198e-05 5.80078e-06

6.53197e-05 5.80078e-06
6.53365e-05 6.52588e-06

6.53364e-05 6.52588e-06
6.53557e-05 7.25098e-06

6.53556e-05 7.25098e-06
6.53775e-05 7.97607e-06

6.53775e-05 7.97607e-06
6.5402e-05 8.70117e-06

6.5402e-05 8.70117e-06
6.5429e-05 9.42627e-06

6.54291e-05 9.42627e-06
6.54584e-05 1.01514e-05

6.54585e-05 1.01514e-05
6.54898e-05 1.08765e-05

6.54899e-05 1.08765e-05
6.55228e-05 1.16016e-05

6.55228e-05 1.16016e-05
6.5557e-05 1.23267e-05

6.5557e-05 1.23267e-05
6.55922e-05 1.30518e-05

6.55922e-05 1.30518e-05
6.56283e-05 1.37769e-05

6.56283e-05 1.37769e-05
6.56655e-05 1.4502e-05

6.56655e-05 1.4502e-05
6.5704e-05 1.52271e-05

6.5704e-05 1.52271e-05
6.57441e-05 1.59521e-05

6.57442e-05 1.59521e-05
6.57859e-05 1.66772e-05

6.5786e-05 1.66772e-05
6.58293e-05 1.74023e-05

6.58296e-05 1.74023e-05
6.58737e-05 1.81274e-05

6.58743e-05 1.81274e-05
6.59177e-05 1.88525e-05

6.59166e-05 1.88525e-05
6.59355e-05 1.91657e-05

6.59355e-05 1.91689e-05
6.59603e-05 1.95776e-05

6.596e-05 1.95776e-05
6.60074e-05 2.03027e-05

6.60079e-05 2.03027e-05
6.60587e-05 2.10278e-05

6.60588e-05 2.10278e-05
6.61121e-05 2.17529e-05

6.61124e-05 2.17529e-05
6.61674e-05 2.2478e-05

6.61673e-05 2.2478e-05
6.62233e-05 2.32031e-05

6.62233e-05 2.32031e-05
6.62807e-05 2.39282e-05

6.62804e-05 2.39282e-05
6.63396e-05 2.46533e-05

6.63395e-05 2.46533e-05
6.64015e-05 2.53784e-05

6.64013e-05 2.53784e-05
6.64669e-05 2.61035e-05

6.64669e-05 2.61035e-05
6.65364e-05 2.68286e-05

6.65378e-05 2.68286e-05
6.66084e-05 2.75537e-05

6.66079e-05 2.75537e-05
6.66606e-05 2.80984e-05

6.66606e-05 2.8112e-05
6.66768e-05 2.82788e-05

6.66763e-05 2.82788e-05
6.67506e-05 2.90039e-05

6.67507e-05 2.90039e-05
6.68317e-05 2.9729e-05

6.68321e-05 2.9729e-05
6.69189e-05 3.04541e-05

6.69191e-05 3.04541e-05
6.70106e-05 3.11792e-05

6.70108e-05 3.11792e-05
6.71063e-05 3.19043e-05

6.71063e-05 3.19043e-05
6.72055e-05 3.26294e-05

6.72073e-05 3.26294e-05
6.73066e-05 3.33545e-05

6.73076e-05 3.33545e-05
6.73857e-05 3.39509e-05

6.73857e-05 3.39774e-05
6.73991e-05 3.40796e-05

6.73991e-05 3.40796e-05
6.74948e-05 3.48047e-05

6.74953e-05 3.48047e-05
6.75967e-05 3.55298e-05

6.75969e-05 3.55298e-05
6.77026e-05 3.62549e-05

6.77026e-05 3.62549e-05
6.78124e-05 3.698e-05

6.78123e-05 3.698e-05
6.79262e-05 3.77051e-05

6.79289e-05 3.77051e-05
6.80419e-05 3.84302e-05

6.80422e-05 3.84302e-05
6.81108e-05 3.88882e-05

6.81108e-05 3.89149e-05
6.81469e-05 3.91553e-05

6.81469e-05 3.91553e-05
6.82587e-05 3.98804e-05

6.8259e-05 3.98804e-05
6.83782e-05 4.06055e-05

6.83782e-05 4.06055e-05
6.85043e-05 4.13306e-05

6.85043e-05 4.13306e-05
6.86372e-05 4.20557e-05

6.86412e-05 4.20557e-05
6.8773e-05 4.27808e-05

6.8773e-05 4.27808e-05
6.88359e-05 4.31382e-05

6.88359e-05 4.31655e-05
6.88959e-05 4.35059e-05

6.88964e-05 4.35059e-05
6.90289e-05 4.4231e-05

6.90293e-05 4.4231e-05
6.91698e-05 4.49561e-05

6.91697e-05 4.49561e-05
6.93178e-05 4.56812e-05

6.93217e-05 4.56812e-05
6.94697e-05 4.64062e-05

6.94712e-05 4.64062e-05
6.9561e-05 4.68644e-05

6.9561e-05 4.69008e-05
6.96062e-05 4.71313e-05

6.96072e-05 4.71313e-05
6.97529e-05 4.78564e-05

6.97532e-05 4.78564e-05
6.99092e-05 4.85815e-05

6.99095e-05 4.85815e-05
7.00747e-05 4.93066e-05

7.0081e-05 4.93066e-05
7.02422e-05 5.00317e-05

7.02414e-05 5.00317e-05
7.02861e-05 5.02398e-05

7.02861e-05 5.02713e-05
7.03904e-05 5.07568e-05

7.0391e-05 5.07568e-05
7.05553e-05 5.14819e-05

7.05553e-05 5.14819e-05
7.07311e-05 5.2207e-05

7.07368e-05 5.2207e-05
7.09127e-05 5.29321e-05

7.09154e-05 5.29321e-05
7.10112e-05 5.3347e-05

7.10112e-05 5.33916e-05
7.10726e-05 5.36572e-05

7.10741e-05 5.36572e-05
7.12457e-05 5.43823e-05

7.12455e-05 5.43823e-05
7.14312e-05 5.51074e-05

7.14372e-05 5.51074e-05
7.16252e-05 5.58325e-05

7.16293e-05 5.58325e-05
7.17363e-05 5.62664e-05

7.17363e-05 5.63161e-05
7.17959e-05 5.65576e-05

7.17976e-05 5.65576e-05
7.19805e-05 5.72827e-05

7.19804e-05 5.72827e-05
7.21797e-05 5.80078e-05

7.21887e-05 5.80078e-05
7.23865e-05 5.87329e-05

7.23893e-05 5.87329e-05
7.24614e-05 5.90111e-05

7.24614e-05 5.90613e-05
7.25642e-05 5.9458e-05

7.25647e-05 5.9458e-05
7.27621e-05 6.01831e-05

7.27636e-05 6.01831e-05
7.29774e-05 6.09082e-05

7.29894e-05 6.09082e-05
7.31865e-05 6.16109e-05

7.31846e-05 6.16333e-05
7.31865e-05 6.16403e-05

7.31865e-05 6.16617e-05
7.33757e-05 6.23584e-05

7.33756e-05 6.23584e-05
7.35941e-05 6.30835e-05

7.3605e-05 6.30835e-05
7.38241e-05 6.38086e-05

7.38303e-05 6.38086e-05
7.39116e-05 6.40949e-05

7.39116e-05 6.41594e-05
7.40179e-05 6.45337e-05

7.4018e-05 6.45337e-05
7.42349e-05 6.52588e-05

7.42413e-05 6.52588e-05
7.44721e-05 6.59839e-05

7.4485e-05 6.59839e-05
7.46367e-05 6.64905e-05

7.46367e-05 6.65648e-05
7.46799e-05 6.6709e-05

7.46824e-05 6.6709e-05
7.48996e-05 6.74341e-05

7.49024e-05 6.74341e-05
7.51427e-05 6.81592e-05

7.51594e-05 6.81592e-05
7.53618e-05 6.88072e-05

7.53618e-05 6.88653e-05
7.53677e-05 6.88843e-05

7.53665e-05 6.88843e-05
7.55845e-05 6.96094e-05

7.5585e-05 6.96094e-05
7.58299e-05 7.03345e-05

7.58484e-05 7.03345e-05
7.60822e-05 7.10596e-05

7.60827e-05 7.10596e-05
7.60869e-05 7.10734e-05

7.60869e-05 7.11346e-05
7.62838e-05 7.17847e-05

7.62821e-05 7.17847e-05
7.6527e-05 7.25098e-05

7.65462e-05 7.25098e-05
7.67837e-05 7.32349e-05

7.67865e-05 7.32349e-05
7.6812e-05 7.33198e-05

7.6812e-05 7.33834e-05
7.69856e-05 7.396e-05

7.69818e-05 7.396e-05
7.72212e-05 7.46851e-05

7.72395e-05 7.46851e-05
7.74772e-05 7.54102e-05

7.74833e-05 7.54102e-05
7.75371e-05 7.55918e-05

7.75371e-05 7.56581e-05
7.76783e-05 7.61353e-05

7.76738e-05 7.61353e-05
7.79013e-05 7.68604e-05

7.7915e-05 7.68604e-05
7.81487e-05 7.75854e-05

7.81606e-05 7.75854e-05
7.82622e-05 7.79408e-05

7.82622e-05 7.80121e-05
7.83475e-05 7.83105e-05

7.83454e-05 7.83105e-05
7.85474e-05 7.90356e-05

7.85477e-05 7.90356e-05
7.87701e-05 7.97607e-05

7.87913e-05 7.97607e-05
7.89873e-05 8.04719e-05

7.89873e-05 8.04772e-05
7.89897e-05 8.04858e-05

7.89873e-05 8.05404e-05
7.91417e-05 8.12109e-05

7.91399e-05 8.12109e-05
7.93102e-05 8.1936e-05

7.93099e-05 8.1936e-05
7.94884e-05 8.26611e-05

7.95031e-05 8.26611e-05
7.96611e-05 8.33862e-05

7.96681e-05 8.33862e-05
7.97124e-05 8.36676e-05

7.97124e-05 8.37889e-05
7.97632e-05 8.41113e-05

7.97649e-05 8.41113e-05
7.9856e-05 8.48364e-05

7.9858e-05 8.48364e-05
7.99368e-05 8.55615e-05

7.99386e-05 8.55615e-05
7.99976e-05 8.62866e-05

7.99989e-05 8.62866e-05
8.00319e-05 8.70117e-05

8.00327e-05 8.70117e-05
8.00356e-05 8.77368e-05

8.00364e-05 8.77368e-05
8.00059e-05 8.84619e-05

8.00079e-05 8.84619e-05
7.99384e-05 8.9187e-05

7.99405e-05 8.9187e-05
7.98237e-05 8.99121e-05

7.89873e-05 9.24723e-05
7.88295e-05 9.28125e-05

7.97124e-05 9.03683e-05
7.9648e-05 9.06372e-05

7.96429e-05 9.06372e-05
7.94265e-05 9.13623e-05

7.97124e-05 9.03996e-05
7.98292e-05 8.99121e-05

7.9438e-05 9.13623e-05
7.9176e-05 9.20874e-05

7.89873e-05 9.25215e-05
7.91887e-05 9.20874e-05

-4.3039e-06 9.28125e-05
-4.12104e-06 9.35376e-05

-4.12147e-06 9.35376e-05
-3.93905e-06 9.42627e-05

-3.9398e-06 9.42627e-05
-3.75543e-06 9.49878e-05

-3.75647e-06 9.49878e-05
-3.67383e-06 9.5303e-05

-3.67383e-06 9.53037e-05
-3.56654e-06 9.57129e-05

-3.56394e-06 9.57129e-05
-3.37087e-06 9.6438e-05

-3.37169e-06 9.6438e-05
-3.17907e-06 9.71631e-05

-3.1801e-06 9.71631e-05
-2.98424e-06 9.78882e-05

-2.9843e-06 9.78882e-05
-2.94873e-06 9.80161e-05

-2.94873e-06 9.80169e-05
-2.78287e-06 9.86133e-05

-2.78043e-06 9.86133e-05
-2.5773e-06 9.93384e-05

-2.57874e-06 9.93384e-05
-2.37603e-06 0.000100063

-2.3777e-06 0.000100063
-2.22363e-06 0.000100599

-2.22363e-06 0.000100599
-2.16924e-06 0.000100789

-2.16653e-06 0.000100789
-1.95395e-06 0.000101514

-1.95431e-06 0.000101514
-1.74226e-06 0.000102239

-1.7438e-06 0.000102239
-1.52848e-06 0.000102964

-1.52828e-06 0.000102964
-1.49854e-06 0.000103061

-1.49854e-06 0.000103062
-1.30693e-06 0.000103689

-1.30453e-06 0.000103689
-1.0819e-06 0.000104414

-1.08391e-06 0.000104414
-8.60869e-07 0.000105139

-8.62135e-07 0.000105139
-7.73437e-07 0.000105419

-7.73437e-07 0.000105419
-6.32111e-07 0.000105864

-6.28374e-07 0.000105864
-3.96052e-07 0.000106589

-3.9834e-07 0.000106589
-1.66631e-07 0.000107314

-1.68304e-07 0.000107314
-4.83398e-08 0.000107678

-4.83398e-08 0.000107678
7.07134e-08 0.00010804

7.47839e-08 0.00010804
3.16397e-07 0.000108765

3.13964e-07 0.000108765
5.54899e-07 0.00010949

5.53189e-07 0.00010949
6.76758e-07 0.00010985

6.76758e-07 0.00010985
8.0173e-07 0.000110215

8.05969e-07 0.000110215
1.05689e-06 0.00011094

1.05396e-06 0.00011094
1.30462e-06 0.000111665

1.30331e-06 0.000111665
1.40186e-06 0.000111941

1.40186e-06 0.000111941
1.56213e-06 0.00011239

1.56611e-06 0.00011239
1.82705e-06 0.000113115

1.82355e-06 0.000113115
2.08569e-06 0.00011384

2.08596e-06 0.00011384
2.12695e-06 0.000113951

2.12695e-06 0.00011395
2.35549e-06 0.000114565

2.35757e-06 0.000114565
2.62836e-06 0.000115291

2.62462e-06 0.000115291
2.85205e-06 0.000115889

2.85205e-06 0.000115889
2.90016e-06 0.000116016

2.90423e-06 0.000116016
3.18433e-06 0.000116741

3.18214e-06 0.000116741
3.46313e-06 0.000117466

3.46159e-06 0.000117466
3.57715e-06 0.000117756

3.57715e-06 0.000117755
3.75086e-06 0.000118191

3.75476e-06 0.000118191
4.04642e-06 0.000118916

4.0417e-06 0.000118916
4.30225e-06 0.000119555

4.30225e-06 0.000119555
4.33736e-06 0.000119641

4.34161e-06 0.000119641
4.64252e-06 0.000120366

4.64003e-06 0.000120366
4.94274e-06 0.000121091

4.94202e-06 0.000121091
5.02734e-06 0.000121291

5.02734e-06 0.00012129
5.25276e-06 0.000121816

5.25546e-06 0.000121816
5.56864e-06 0.000122542

5.56437e-06 0.000122542
5.75244e-06 0.000122969

5.75244e-06 0.000122969
5.88333e-06 0.000123267

5.88848e-06 0.000123267
6.21141e-06 0.000123992

6.20587e-06 0.000123992
6.47754e-06 0.000124593

6.47754e-06 0.000124593
6.53356e-06 0.000124717

6.53886e-06 0.000124717
6.87154e-06 0.000125442

6.86669e-06 0.000125442
7.20264e-06 0.000126165

7.20264e-06 0.000126165
7.20335e-06 0.000126167

7.20739e-06 0.000126167
7.5498e-06 0.000126892

7.54678e-06 0.000126892
7.89294e-06 0.000127617

7.89439e-06 0.000127617
7.92773e-06 0.000127686

7.92773e-06 0.000127684
8.24679e-06 0.000128342

8.24529e-06 0.000128342
8.60086e-06 0.000129067

8.60172e-06 0.000129067
8.65283e-06 0.00012917

8.65283e-06 0.00012917
8.9622e-06 0.000129792

8.96134e-06 0.000129792
9.32582e-06 0.000130518

9.32672e-06 0.000130518
9.37793e-06 0.000130618

9.37793e-06 0.000130618
9.69516e-06 0.000131243

9.69379e-06 0.000131243
1.00665e-05 0.000131968

1.00682e-05 0.000131968
1.0103e-05 0.000132035

1.0103e-05 0.000132034
1.04443e-05 0.000132693

1.04413e-05 0.000132693
1.08211e-05 0.000133418

1.08223e-05 0.000133418
1.08281e-05 0.000133429

1.08281e-05 0.000133423
1.1207e-05 0.000134143

1.12016e-05 0.000134143
1.15532e-05 0.000134805

1.15532e-05 0.000134804
1.15873e-05 0.000134868

1.15937e-05 0.000134868
1.19803e-05 0.000135593

1.1973e-05 0.000135593
1.22783e-05 0.000136162

1.22783e-05 0.000136161
1.23626e-05 0.000136318

1.237e-05 0.000136318
1.27603e-05 0.000137043

1.27527e-05 0.000137043
1.30034e-05 0.000137509

1.30034e-05 0.000137508
1.31439e-05 0.000137769

1.3151e-05 0.000137769
1.35431e-05 0.000138494

1.3537e-05 0.000138494
1.37285e-05 0.000138849

1.37285e-05 0.000138849
1.39279e-05 0.000139219

1.39332e-05 0.000139219
1.43249e-05 0.000139944

1.43218e-05 0.000139944
1.44536e-05 0.000140189

1.44536e-05 0.000140191
1.47104e-05 0.000140669

1.47128e-05 0.000140669
1.51022e-05 0.000141394

1.51026e-05 0.000141394
1.51787e-05 0.000141537

1.51787e-05 0.000141539
1.54875e-05 0.000142119

1.54864e-05 0.000142119
1.58718e-05 0.000142844

1.58744e-05 0.000142844
1.59038e-05 0.0001429

1.59038e-05 0.000142899
1.62564e-05 0.000143569

1.62515e-05 0.000143569
1.66289e-05 0.000144288

1.66289e-05 0.000144289
1.6632e-05 0.000144294

1.66382e-05 0.000144294
1.70154e-05 0.00014502

1.70077e-05 0.00014502
1.7354e-05 0.000145686

1.7354e-05 0.000145686
1.73845e-05 0.000145745

1.73925e-05 0.000145745
1.7768e-05 0.00014647

1.77582e-05 0.00014647
1.80791e-05 0.000147086

1.80791e-05 0.000147086
1.81358e-05 0.000147195

1.81447e-05 0.000147195
1.85261e-05 0.00014792

1.85151e-05 0.00014792
1.88042e-05 0.000148459

1.88042e-05 0.000148459
1.89043e-05 0.000148645

1.89119e-05 0.000148645
1.93158e-05 0.00014937

1.93061e-05 0.00014937
1.95293e-05 0.000149754

1.95293e-05 0.000149752
1.97292e-05 0.000150095

1.97273e-05 0.000150095
2.01891e-05 0.00015082

2.0192e-05 0.00015082
2.02544e-05 0.000150915

2.02544e-05 0.000150914
2.06934e-05 0.000151545

2.06834e-05 0.000151545
2.09795e-05 0.000151931

2.09795e-05 0.000151922
2.12564e-05 0.000152271

2.12569e-05 0.000152271
2.17046e-05 0.000152755

2.17046e-05 0.000152758
2.19497e-05 0.000152996

2.19589e-05 0.000152996
2.24297e-05 0.000153408

2.24297e-05 0.000153424
2.2826e-05 0.000153721

2.28359e-05 0.000153721
2.31548e-05 0.000153951

2.31548e-05 0.000153959
2.38799e-05 0.00015439

2.38799e-05 0.000154395
2.39921e-05 0.000154446

2.40101e-05 0.000154446
2.4605e-05 0.000154715

2.4605e-05 0.000154712
2.53301e-05 0.000154948

2.53301e-05 0.000154948
2.60552e-05 0.000155098

2.60552e-05 0.000155098
2.67803e-05 0.000155163

2.67803e-05 0.000155161
2.75054e-05 0.000155143

2.75054e-05 0.000155142
2.82305e-05 0.000155045

2.82305e-05 0.000155044
2.89556e-05 0.000154872

2.89556e-05 0.000154874
2.96807e-05 0.000154624

3.04058e-05 0.000154286
3.00566e-05 0.000154446

2.96807e-05 0.000154627
3.00763e-05 0.000154446

3.04058e-05 0.000154295
3.11309e-05 0.000153874

3.1856e-05 0.000153353
3.1342e-05 0.000153721

3.25811e-05 0.000152722
3.22728e-05 0.000152996

3.1856e-05 0.000153357
3.22939e-05 0.000152996

3.33062e-05 0.000151969
3.30349e-05 0.000152271

3.40312e-05 0.000151066
3.36699e-05 0.000151545

3.33062e-05 0.00015198
3.36697e-05 0.000151545

3.25811e-05 0.000152734
3.30457e-05 0.000152271

3.11309e-05 0.000153875
3.136e-05 0.000153721

5.14336e-05 0.000109617
5.07095e-05 0.000110215

4.85332e-05 0.00011236
4.85068e-05 0.00011239

4.85061e-05 0.00011239
4.78909e-05 0.000113115

4.7083e-05 0.000114175
4.68013e-05 0.000114565

4.63579e-05 0.000115223
4.63146e-05 0.000115291

4.63142e-05 0.000115291
4.58583e-05 0.000116016

4.63579e-05 0.000115224
4.68013e-05 0.000114565

4.78081e-05 0.000113223
4.73248e-05 0.00011384

4.7083e-05 0.000114175
4.73254e-05 0.00011384

4.78081e-05 0.000113221
4.78924e-05 0.000113115

4.92583e-05 0.00011158
4.91757e-05 0.000111665

4.99834e-05 0.000110868
4.9907e-05 0.00011094

4.92583e-05 0.000111577
4.99057e-05 0.00011094

4.85332e-05 0.000112359
4.91736e-05 0.000111665

4.99834e-05 0.000110866
5.07076e-05 0.000110215

5.28838e-05 0.000108558
5.25861e-05 0.000108765

5.21587e-05 0.000109066
5.16023e-05 0.00010949

5.14336e-05 0.000109618
5.16014e-05 0.00010949

5.21587e-05 0.000109068
5.25892e-05 0.000108765

5.28838e-05 0.000108559
5.36089e-05 0.000108084

5.4334e-05 0.000107642
5.36835e-05 0.00010804

5.36089e-05 0.000108085
5.36837e-05 0.00010804

5.50591e-05 0.000107228
5.49074e-05 0.000107314

5.50591e-05 0.00010723
5.57842e-05 0.00010684

5.65093e-05 0.000106471
5.62763e-05 0.000106589

5.57842e-05 0.000106841
5.62782e-05 0.000106589

5.65093e-05 0.000106473
5.72344e-05 0.000106123

5.4334e-05 0.000107644
5.49103e-05 0.000107314

4.56328e-05 0.000116399
4.5432e-05 0.000116741

4.54332e-05 0.000116741
4.50326e-05 0.000117466

4.49077e-05 0.000117706
4.46554e-05 0.000118191

4.46565e-05 0.000118191
4.43002e-05 0.000118916

4.49077e-05 0.000117706
4.50327e-05 0.000117466

4.41826e-05 0.000119169
4.39629e-05 0.000119641

4.39639e-05 0.000119641
4.36439e-05 0.000120366

4.34575e-05 0.000120809
4.33391e-05 0.000121091

4.33399e-05 0.000121091
4.30499e-05 0.000121816

4.34575e-05 0.00012081
4.36439e-05 0.000120366

4.41826e-05 0.000119169
4.43003e-05 0.000118916

4.27324e-05 0.000122652
4.25077e-05 0.000123267

4.25083e-05 0.000123267
4.22542e-05 0.000123992

4.22542e-05 0.000123992
4.20101e-05 0.000124717

4.12822e-05 0.000127067
4.1123e-05 0.000127617

4.20073e-05 0.000124726
4.17759e-05 0.000125442

4.17762e-05 0.000125442
4.15506e-05 0.000126167

4.20073e-05 0.000124726
4.20103e-05 0.000124717

4.15506e-05 0.000126167
4.1333e-05 0.000126892

4.12822e-05 0.000127068
4.1333e-05 0.000126892

4.30502e-05 0.000121816
4.27729e-05 0.000122542

4.27324e-05 0.000122652
4.27729e-05 0.000122542

3.9832e-05 0.000132672
3.98272e-05 0.000132693

3.98278e-05 0.000132693
3.96616e-05 0.000133418

3.96619e-05 0.000133418
3.94989e-05 0.000134143

3.94991e-05 0.000134143
3.93386e-05 0.000134868

3.91069e-05 0.000135931
3.90229e-05 0.000136318

3.93388e-05 0.000134868
3.91801e-05 0.000135593

3.91069e-05 0.000135932
3.91803e-05 0.000135593

3.90233e-05 0.000136318
3.88667e-05 0.000137043

3.88669e-05 0.000137043
3.871e-05 0.000137769

3.87103e-05 0.000137769
3.85521e-05 0.000138494

3.85522e-05 0.000138494
3.83921e-05 0.000139219

4.11233e-05 0.000127617
4.09207e-05 0.000128342

4.09209e-05 0.000128342
4.07247e-05 0.000129067

4.05571e-05 0.000129705
4.05343e-05 0.000129792

4.05347e-05 0.000129792
4.03505e-05 0.000130518

4.05571e-05 0.000129707
4.07247e-05 0.000129067

4.03508e-05 0.000130518
4.01719e-05 0.000131243

4.0172e-05 0.000131243
3.99977e-05 0.000131968

3.9832e-05 0.000132674
3.99977e-05 0.000131968

4.56328e-05 0.0001164
4.58587e-05 0.000116016

6.1585e-05 0.000104263
6.12101e-05 0.000104414

6.1585e-05 0.000104264
6.23101e-05 0.000103974

6.30352e-05 0.000103683
6.30214e-05 0.000103689

6.23101e-05 0.000103974
6.30227e-05 0.000103689

6.30352e-05 0.000103684
6.37603e-05 0.000103394

6.37603e-05 0.000103395
6.44854e-05 0.000103101

6.52104e-05 0.000102802
6.48159e-05 0.000102964

6.52104e-05 0.000102804
6.59355e-05 0.0001025

6.44854e-05 0.0001031
6.48164e-05 0.000102964

6.88359e-05 0.000101188
6.81527e-05 0.000101514

6.66606e-05 0.000102186
6.65381e-05 0.000102239

6.59355e-05 0.000102499
6.65396e-05 0.000102239

6.66606e-05 0.000102188
6.73857e-05 0.000101866

6.73857e-05 0.000101867
6.81108e-05 0.000101534

6.81108e-05 0.000101534
6.81528e-05 0.000101514

5.79595e-05 0.000105787
5.77917e-05 0.000105864

5.79595e-05 0.000105789
5.86846e-05 0.000105467

5.72344e-05 0.000106123
5.77935e-05 0.000105864

5.86846e-05 0.000105467
5.94097e-05 0.000105155

6.01348e-05 0.000104852
5.94481e-05 0.000105139

5.94097e-05 0.000105155
5.9448e-05 0.000105139

6.01348e-05 0.000104854
6.08599e-05 0.000104556

6.08599e-05 0.000104556
6.12105e-05 0.000104414

7.39116e-05 9.82084e-05
7.33357e-05 9.86133e-05

7.46367e-05 9.76606e-05
7.43335e-05 9.78882e-05

7.39116e-05 9.82106e-05
7.43402e-05 9.78882e-05

6.88359e-05 0.000101189
6.9561e-05 0.000100828

7.02861e-05 0.00010045
6.96368e-05 0.000100789

6.9561e-05 0.000100828
6.9637e-05 0.000100789

7.10112e-05 0.000100053
7.0992e-05 0.000100063

7.10112e-05 0.000100055
7.17363e-05 9.9635e-05

7.02861e-05 0.000100451
7.09947e-05 0.000100063

7.24614e-05 9.91891e-05
7.22181e-05 9.93384e-05

7.17363e-05 9.96359e-05
7.22214e-05 9.93384e-05

7.24614e-05 9.91927e-05
7.31865e-05 9.8718e-05

7.31865e-05 9.87169e-05
7.33401e-05 9.86133e-05

7.6812e-05 9.56617e-05
7.67649e-05 9.57129e-05

7.75371e-05 9.48053e-05
7.73947e-05 9.49878e-05

7.6812e-05 9.56695e-05
7.741e-05 9.49878e-05

7.53618e-05 9.70597e-05
7.524e-05 9.71631e-05

7.60869e-05 9.64016e-05
7.60488e-05 9.6438e-05

7.53618e-05 9.70674e-05
7.60519e-05 9.6438e-05

7.46367e-05 9.76642e-05
7.52431e-05 9.71631e-05

7.60869e-05 9.64078e-05
7.67722e-05 9.57129e-05

7.82622e-05 9.37882e-05
7.79524e-05 9.42627e-05

7.88381e-05 9.28125e-05
7.84304e-05 9.35376e-05

7.82622e-05 9.38165e-05
7.84409e-05 9.35376e-05

7.75371e-05 9.48292e-05
7.79676e-05 9.42627e-05

3.69316e-05 0.000144934
3.69055e-05 0.00014502

3.83818e-05 0.000139265
3.82295e-05 0.000139944

3.82299e-05 0.000139944
3.80636e-05 0.000140669

3.8064e-05 0.000140669
3.78925e-05 0.000141394

3.78928e-05 0.000141394
3.77149e-05 0.000142119

3.83818e-05 0.000139265
3.83923e-05 0.000139219

3.76567e-05 0.000142347
3.75294e-05 0.000142844

3.75302e-05 0.000142844
3.73347e-05 0.000143569

3.76567e-05 0.000142348
3.77154e-05 0.000142119

3.73353e-05 0.000143569
3.71277e-05 0.000144294

3.69316e-05 0.000144938
3.71282e-05 0.000144294

3.69073e-05 0.00014502
3.66692e-05 0.000145745

3.66701e-05 0.000145745
3.6412e-05 0.00014647

3.62065e-05 0.000146999
3.61305e-05 0.000147195

3.61328e-05 0.000147195
3.58245e-05 0.00014792

3.62065e-05 0.000147002
3.6413e-05 0.00014647

3.54814e-05 0.000148655
3.5109e-05 0.00014937

3.47563e-05 0.000149975
3.4686e-05 0.000150095

3.4691e-05 0.000150095
3.4213e-05 0.00015082

3.47563e-05 0.000149979
3.51115e-05 0.00014937

3.58256e-05 0.00014792
3.54853e-05 0.000148645

3.54814e-05 0.000148656
3.5487e-05 0.000148645

3.40313e-05 0.000151074
3.4213e-05 0.00015082

