-7.45535e-05 0
-7.4552e-05 7.25098e-07

-7.4552e-05 7.25098e-07
-7.45474e-05 1.4502e-06

-7.45474e-05 1.4502e-06
-7.45396e-05 2.17529e-06

-7.45397e-05 2.17529e-06
-7.45288e-05 2.90039e-06

-7.45288e-05 2.90039e-06
-7.45148e-05 3.62549e-06

-7.45148e-05 3.62549e-06
-7.44977e-05 4.35059e-06

-7.44977e-05 4.35059e-06
-7.44775e-05 5.07568e-06

-7.44775e-05 5.07568e-06
-7.44542e-05 5.80078e-06

-7.44542e-05 5.80078e-06
-7.44276e-05 6.52588e-06

-7.44276e-05 6.52588e-06
-7.43979e-05 7.25098e-06

-7.43979e-05 7.25098e-06
-7.4365e-05 7.97607e-06

-7.4365e-05 7.97607e-06
-7.43289e-05 8.70117e-06

-7.43289e-05 8.70117e-06
-7.42896e-05 9.42627e-06

-7.42896e-05 9.42627e-06
-7.4247e-05 1.01514e-05

-7.4247e-05 1.01514e-05
-7.42012e-05 1.08765e-05

-7.42012e-05 1.08765e-05
-7.41522e-05 1.16016e-05

-7.41522e-05 1.16016e-05
-7.41e-05 1.23267e-05

-7.41e-05 1.23267e-05
-7.40447e-05 1.30518e-05

-7.40448e-05 1.30518e-05
-7.40083e-05 1.35031e-05

-7.40083e-05 1.35035e-05
-7.39862e-05 1.37769e-05

-7.39862e-05 1.37769e-05
-7.39242e-05 1.4502e-05

-7.39241e-05 1.4502e-05
-7.38589e-05 1.52271e-05

-7.38591e-05 1.52271e-05
-7.37907e-05 1.59521e-05

-7.37906e-05 1.59521e-05
-7.37188e-05 1.66772e-05

-7.37189e-05 1.66772e-05
-7.36439e-05 1.74023e-05

-7.36438e-05 1.74023e-05
-7.35656e-05 1.81274e-05

-7.35656e-05 1.81274e-05
-7.34841e-05 1.88525e-05

-7.34841e-05 1.88525e-05
-7.33993e-05 1.95776e-05

-7.33993e-05 1.95776e-05
-7.33112e-05 2.03027e-05

-7.33113e-05 2.03027e-05
-7.32832e-05 2.05239e-05

-7.32832e-05 2.05248e-05
-7.32192e-05 2.10278e-05

-7.32188e-05 2.10278e-05
-7.31226e-05 2.17529e-05

-7.31227e-05 2.17529e-05
-7.30231e-05 2.2478e-05

-7.30231e-05 2.2478e-05
-7.29202e-05 2.32031e-05

-7.29201e-05 2.32031e-05
-7.28139e-05 2.39282e-05

-7.28139e-05 2.39282e-05
-7.27043e-05 2.46533e-05

-7.27045e-05 2.46533e-05
-7.2591e-05 2.53784e-05

-7.25912e-05 2.53784e-05
-7.25581e-05 2.55806e-05

-7.25581e-05 2.55818e-05
-7.24726e-05 2.61035e-05

-7.24718e-05 2.61035e-05
-7.23486e-05 2.68286e-05

-7.23487e-05 2.68286e-05
-7.22226e-05 2.75537e-05

-7.22225e-05 2.75537e-05
-7.20933e-05 2.82788e-05

-7.20935e-05 2.82788e-05
-7.19609e-05 2.90039e-05

-7.19615e-05 2.90039e-05
-7.1833e-05 2.96802e-05

-7.1833e-05 2.96806e-05
-7.18238e-05 2.9729e-05

-7.18233e-05 2.9729e-05
-7.16799e-05 3.04541e-05

-7.1679e-05 3.04541e-05
-7.15324e-05 3.11792e-05

-7.15327e-05 3.11792e-05
-7.13842e-05 3.19043e-05

-7.13847e-05 3.19043e-05
-7.1233e-05 3.26294e-05

-7.12341e-05 3.26294e-05
-7.11079e-05 3.32086e-05

-7.11079e-05 3.32092e-05
-7.10763e-05 3.33545e-05

-7.10748e-05 3.33545e-05
-7.09107e-05 3.40796e-05

-7.09101e-05 3.40796e-05
-7.07441e-05 3.48047e-05

-7.07447e-05 3.48047e-05
-7.05765e-05 3.55298e-05

-7.05776e-05 3.55298e-05
-7.04039e-05 3.62549e-05

-7.04034e-05 3.62549e-05
-7.03828e-05 3.63375e-05

-7.03828e-05 3.63387e-05
-7.02226e-05 3.698e-05

-7.02203e-05 3.698e-05
-7.00365e-05 3.77051e-05

-7.00379e-05 3.77051e-05
-6.98532e-05 3.84302e-05

-6.98548e-05 3.84302e-05
-6.96636e-05 3.91553e-05

-6.96625e-05 3.91553e-05
-6.96577e-05 3.91726e-05

-6.96577e-05 3.91728e-05
-6.94637e-05 3.98804e-05

-6.94618e-05 3.98804e-05
-6.92615e-05 4.06055e-05

-6.92634e-05 4.06055e-05
-6.90616e-05 4.13306e-05

-6.90632e-05 4.13306e-05
-6.89326e-05 4.17804e-05

-6.89326e-05 4.17808e-05
-6.88528e-05 4.20557e-05

-6.88489e-05 4.20557e-05
-6.86339e-05 4.27808e-05

-6.86354e-05 4.27808e-05
-6.84206e-05 4.35059e-05

-6.84229e-05 4.35059e-05
-6.82075e-05 4.42085e-05

-6.82075e-05 4.42091e-05
-6.82008e-05 4.4231e-05

-6.81982e-05 4.4231e-05
-6.79689e-05 4.49561e-05

-6.79681e-05 4.49561e-05
-6.77384e-05 4.56812e-05

-6.77416e-05 4.56812e-05
-6.7507e-05 4.64062e-05

-6.75058e-05 4.64062e-05
-6.74824e-05 4.64762e-05

-6.74824e-05 4.64754e-05
-6.72628e-05 4.71313e-05

-6.72606e-05 4.71313e-05
-6.70169e-05 4.78564e-05

-6.70209e-05 4.78564e-05
-6.67727e-05 4.85815e-05

-6.67711e-05 4.85815e-05
-6.67573e-05 4.86204e-05

-6.67573e-05 4.86187e-05
-6.65143e-05 4.93066e-05

-6.6513e-05 4.93066e-05
-6.62562e-05 5.00317e-05

-6.62604e-05 5.00317e-05
-6.60322e-05 5.06596e-05

-6.603222.82305e-05 9.83996e-05
2.77372e-05 9.86133e-05

2.31548e-05 0.000100539
2.25442e-05 0.000100789

2.24297e-05 0.000100835
2.25434e-05 0.000100789

2.31548e-05 0.000100536
2.38799e-05 0.000100237

2.4605e-05 9.99397e-05
2.43063e-05 0.000100063

2.4605e-05 9.99375e-05
2.53301e-05 9.96338e-05

2.38799e-05 0.000100238
2.43007e-05 0.000100063

2.60552e-05 9.93334e-05
2.60432e-05 9.93384e-05

2.53301e-05 9.96333e-05
2.60329e-05 9.93384e-05

2.60552e-05 9.93312e-05
2.67803e-05 9.90233e-05

2.67803e-05 9.90208e-05
2.75054e-05 9.87103e-05

2.75054e-05 9.87125e-05
2.77344e-05 9.86133e-05

2.82305e-05 9.83966e-05
2.89556e-05 9.80781e-05

2.96807e-05 9.77612e-05
2.93937e-05 9.78882e-05

2.89556e-05 9.80782e-05
2.9385e-05 9.78882e-05

3.11309e-05 9.71093e-05
3.10121e-05 9.71631e-05

2.96807e-05 9.77586e-05
3.04058e-05 9.7433e-05

3.04058e-05 9.74313e-05
3.09981e-05 9.71631e-05

3.11309e-05 9.71057e-05
3.1856e-05 9.67727e-05

3.1856e-05 9.67703e-05
3.25724e-05 9.6438e-05

3.25811e-05 9.64372e-05
3.33062e-05 9.60957e-05

3.33062e-05 9.60921e-05
3.40312e-05 9.57464e-05

3.47563e-05 9.53995e-05
3.41091e-05 9.57129e-05

3.47563e-05 9.53951e-05
3.54814e-05 9.50391e-05

3.62065e-05 9.46825e-05
3.55939e-05 9.49878e-05

3.54814e-05 9.50429e-05
3.55921e-05 9.49878e-05

3.62065e-05 9.46776e-05
3.69316e-05 9.43111e-05

3.40313e-05 9.57502e-05
3.41082e-05 9.57129e-05

3.76567e-05 9.39443e-05
3.70356e-05 9.42627e-05

3.76567e-05 9.39393e-05
3.83818e-05 9.35625e-05

3.69316e-05 9.4315e-05
3.70336e-05 9.42627e-05

3.91069e-05 9.31854e-05
3.84383e-05 9.35376e-05

3.83818e-05 9.35667e-05
3.84371e-05 9.35376e-05

3.91069e-05 9.31805e-05
3.97953e-05 9.28125e-05

8.68651e-05 0
8.68655e-05 7.25098e-07

8.68655e-05 7.25098e-07
8.68664e-05 1.4502e-06

8.68663e-05 1.4502e-06
8.68675e-05 2.17529e-06

8.68675e-05 2.17529e-06
8.68694e-05 2.90039e-06

8.68694e-05 2.90039e-06
8.68719e-05 3.62549e-06

8.68719e-05 3.62549e-06
8.68753e-05 4.35059e-06

8.68752e-05 4.35059e-06
8.68795e-05 5.07568e-06

8.68795e-05 5.07568e-06
8.68851e-05 5.80078e-06

8.68851e-05 5.80078e-06
8.68917e-05 6.52588e-06

8.68918e-05 6.52588e-06
8.68996e-05 7.25098e-06

8.68995e-05 7.25098e-06
8.69085e-05 7.97607e-06

8.69085e-05 7.97607e-06
8.69185e-05 8.70117e-06

8.69186e-05 8.70117e-06
8.69296e-05 9.42627e-06

8.69297e-05 9.42627e-06
8.69415e-05 1.01514e-05

8.69416e-05 1.01514e-05
8.6954e-05 1.08765e-05

8.6954e-05 1.08765e-05
8.69634e-05 1.13967e-05

8.69634e-05 1.13969e-05
8.69671e-05 1.16016e-05

8.69671e-05 1.16016e-05
8.69808e-05 1.23267e-05

8.69808e-05 1.23267e-05
8.6995e-05 1.30518e-05

8.6995e-05 1.30518e-05
8.70098e-05 1.37769e-05

8.70098e-05 1.37769e-05
8.70253e-05 1.4502e-05

8.70253e-05 1.4502e-05
8.70416e-05 1.52271e-05

8.70415e-05 1.52271e-05
8.70586e-05 1.59521e-05

8.70586e-05 1.59521e-05
8.70764e-05 1.66772e-05

8.70764e-05 1.66772e-05
8.7095e-05 1.74023e-05

8.7095e-05 1.74023e-05
8.71146e-05 1.81274e-05

8.71145e-05 1.81274e-05
8.7135e-05 1.88525e-05

8.7135e-05 1.88525e-05
8.71564e-05 1.95776e-05

8.71564e-05 1.95776e-05
8.71787e-05 2.03027e-05

8.71787e-05 2.03027e-05
8.72021e-05 2.10278e-05

8.72021e-05 2.10278e-05
8.72264e-05 2.17529e-05

8.72264e-05 2.17529e-05
8.72518e-05 2.2478e-05

8.72518e-05 2.2478e-05
8.72782e-05 2.32031e-05

8.72782e-05 2.32031e-05
8.73056e-05 2.39282e-05

8.73056e-05 2.39282e-05
8.73341e-05 2.46533e-05

8.7334e-05 2.46533e-05
8.73635e-05 2.53784e-05

8.73635e-05 2.53784e-05
8.73941e-05 2.61035e-05

8.73941e-05 2.61035e-05
8.74258e-05 2.68286e-05

8.74258e-05 2.68286e-05
8.74587e-05 2.75537e-05

8.74587e-05 2.75537e-05
8.74929e-05 2.82788e-05

8.74929e-05 2.82788e-05
8.75284e-05 2.90039e-05

8.75284e-05 2.90039e-05
8.7565e-05 2.9729e-05

8.75652e-05 2.9729e-05
8.76026e-05 3.04541e-05

8.76028e-05 3.04541e-05
8.76403e-05 3.11792e-05

8.76404e-05 3.11792e-05
8.76772e-05 3.19043e-05

8.76762e-05 3.19043e-05
8.76885e-05 3.21379e-05

8.76885e-05 3.21393e-05
8.77142e-05 3.26294e-05

8.77147e-05 3.26294e-05
8.77552e-05 3.33545e-05

8.77555e-05 3.33545e-05
8.77967e-05 3.40796e-05

8.77968e-05 3.40796e-05
8.78379e-05 3.48047e-05

8.78379e-05 3.48e-05 5.06599e-05
-6.5997e-05 5.07568e-05

-6.5992e-05 5.07568e-05
-6.57229e-05 5.14819e-05

-6.5725e-05 5.14819e-05
-6.54557e-05 5.2207e-05

-6.54584e-05 5.2207e-05
-6.53071e-05 5.26e-05

-6.53071e-05 5.25994e-05
-6.51791e-05 5.29321e-05

-6.51733e-05 5.29321e-05
-6.48911e-05 5.36572e-05

-6.48967e-05 5.36572e-05
-6.4612e-05 5.43823e-05

-6.46103e-05 5.43823e-05
-6.4582e-05 5.44522e-05

-6.4582e-05 5.44497e-05
-6.43161e-05 5.51074e-05

-6.43155e-05 5.51074e-05
-6.40207e-05 5.58325e-05

-6.40248e-05 5.58325e-05
-6.38569e-05 5.62342e-05

-6.38569e-05 5.62336e-05
-6.37215e-05 5.65576e-05

-6.37154e-05 5.65576e-05
-6.34087e-05 5.72827e-05

-6.34155e-05 5.72827e-05
-6.31318e-05 5.79425e-05

-6.31318e-05 5.79425e-05
-6.31037e-05 5.80078e-05

-6.30978e-05 5.80078e-05
-6.27795e-05 5.87329e-05

-6.27838e-05 5.87329e-05
-6.24625e-05 5.9458e-05

-6.24617e-05 5.9458e-05
-6.24067e-05 5.95789e-05

-6.24067e-05 5.95768e-05
-6.21309e-05 6.01831e-05

-6.21302e-05 6.01831e-05
-6.17968e-05 6.09082e-05

-6.18e-05 6.09082e-05
-6.16816e-05 6.116e-05

-6.16816e-05 6.11588e-05
-6.14585e-05 6.16333e-05

-6.14544e-05 6.16333e-05
-6.11087e-05 6.23584e-05

-6.11144e-05 6.23584e-05
-6.09565e-05 6.26831e-05

-6.09565e-05 6.26819e-05
-6.07613e-05 6.30835e-05

-6.07557e-05 6.30835e-05
-6.03977e-05 6.38086e-05

-6.04044e-05 6.38086e-05
-6.02314e-05 6.41528e-05

-6.02314e-05 6.41513e-05
-6.00392e-05 6.45337e-05

-6.00332e-05 6.45337e-05
-5.96622e-05 6.52588e-05

-5.96688e-05 6.52588e-05
-5.95063e-05 6.55713e-05

-5.95063e-05 6.55695e-05
-5.9291e-05 6.59839e-05

-5.92861e-05 6.59839e-05
-5.89017e-05 6.6709e-05

-5.89064e-05 6.6709e-05
-5.87812e-05 6.69419e-05

-5.87812e-05 6.69401e-05
-5.85159e-05 6.74341e-05

-5.85144e-05 6.74341e-05
-5.81154e-05 6.81592e-05

-5.81151e-05 6.81592e-05
-5.80562e-05 6.82654e-05

-5.80562e-05 6.82638e-05
-5.77114e-05 6.88843e-05

-5.77161e-05 6.88843e-05
-5.73311e-05 6.95588e-05

-5.73311e-05 6.9558e-05
-5.73019e-05 6.96094e-05

-5.72944e-05 6.96094e-05
-5.6876e-05 7.03345e-05

-5.6886e-05 7.03345e-05
-5.6606e-05 7.08112e-05

-5.6606e-05 7.08075e-05
-5.64579e-05 7.10596e-05

-5.64515e-05 7.10596e-05
-5.60153e-05 7.17847e-05

-5.60211e-05 7.17847e-05
-5.58809e-05 7.20163e-05

-5.58809e-05 7.20122e-05
-5.55793e-05 7.25098e-05

-5.55816e-05 7.25098e-05
-5.51558e-05 7.31899e-05

-5.51558e-05 7.31889e-05
-5.51276e-05 7.32349e-05

-5.51209e-05 7.32349e-05
-5.46628e-05 7.396e-05

-5.46724e-05 7.396e-05
-5.44307e-05 7.43373e-05

-5.44307e-05 7.43315e-05
-5.42042e-05 7.46851e-05

-5.42034e-05 7.46851e-05
-5.37224e-05 7.54102e-05

-5.37205e-05 7.54102e-05
-5.37056e-05 7.54329e-05

-5.37056e-05 7.54291e-05
-5.32343e-05 7.61353e-05

-5.32429e-05 7.61353e-05
-5.29805e-05 7.65225e-05

-5.29805e-05 7.65159e-05
-5.2747e-05 7.68604e-05

-5.2748e-05 7.68604e-05
-5.22554e-05 7.75613e-05

-5.22554e-05 7.75612e-05
-5.22384e-05 7.75854e-05

-5.2233e-05 7.75854e-05
-5.17185e-05 7.83105e-05

-5.17244e-05 7.83105e-05
-5.15303e-05 7.85866e-05

-5.15303e-05 7.85785e-05
-5.12033e-05 7.90356e-05

-5.12074e-05 7.90356e-05
-5.08052e-05 7.95786e-05

-5.08052e-05 7.95753e-05
-5.06689e-05 7.97607e-05

-5.06661e-05 7.97607e-05
-5.01135e-05 8.04858e-05

-5.01121e-05 8.04858e-05
-5.00801e-05 8.0528e-05

-5.00801e-05 8.05255e-05
-4.95556e-05 8.12109e-05

-4.95589e-05 8.12109e-05
-4.9355e-05 8.14816e-05

-4.9355e-05 8.14755e-05
-4.89996e-05 8.1936e-05

-4.90029e-05 8.1936e-05
-4.86299e-05 8.24057e-05

-4.86299e-05 8.23998e-05
-4.84224e-05 8.26611e-05

-4.84231e-05 8.26611e-05
-4.79048e-05 8.32872e-05

-4.79048e-05 8.32867e-05
-4.78218e-05 8.33862e-05

-4.78191e-05 8.33862e-05
-4.72061e-05 8.41113e-05

-4.7206e-05 8.41113e-05
-4.71797e-05 8.41424e-05

-4.71797e-05 8.41403e-05
-4.65892e-05 8.48364e-05

-4.65911e-05 8.48364e-05
-4.64546e-05 8.49981e-05

-4.64546e-05 8.49972e-05
-4.59734e-05 8.55615e-05

-4.59749e-05 8.55615e-05
-4.57295e-05 8.58472e-05

-4.57295e-05 8.58406e-05
-4.53447e-05 8.62866e-05

-4.5341e-05 8.62866e-05
-4.50044e-05 8.66655e-05

-4.50044e-05 8.66617e-05
-4.46887e-05 8.70117e-05

-4.46843e-05 8.70117e-05
-4.42793e-05 8.74527e-05

-4.42793e-05 047e-05
8.78787e-05 3.55298e-05

8.78787e-05 3.55298e-05
8.79191e-05 3.62549e-05

8.79191e-05 3.62549e-05
8.79589e-05 3.698e-05

8.7959e-05 3.698e-05
8.79979e-05 3.77051e-05

8.79981e-05 3.77051e-05
8.80357e-05 3.84302e-05

8.80359e-05 3.84302e-05
8.80714e-05 3.91553e-05

8.80718e-05 3.91553e-05
8.8104e-05 3.98804e-05

8.81044e-05 3.98804e-05
8.8132e-05 4.06055e-05

8.81323e-05 4.06055e-05
8.81539e-05 4.13306e-05

8.81541e-05 4.13306e-05
8.81685e-05 4.20557e-05

8.81684e-05 4.20557e-05
8.81755e-05 4.27808e-05

8.81753e-05 4.27808e-05
8.81756e-05 4.35059e-05

8.81754e-05 4.35059e-05
8.81694e-05 4.4231e-05

8.81695e-05 4.4231e-05
8.81575e-05 4.49561e-05

8.81578e-05 4.49561e-05
8.81394e-05 4.56812e-05

8.81398e-05 4.56812e-05
8.81136e-05 4.64062e-05

8.62383e-05 5.58719e-05
8.59366e-05 5.65576e-05

8.55132e-05 5.74254e-05
8.52024e-05 5.80078e-05

8.59624e-05 5.65576e-05
8.56147e-05 5.72827e-05

8.55132e-05 5.74849e-05
8.56211e-05 5.72827e-05

8.8114e-05 4.64062e-05
8.80784e-05 4.71313e-05

8.80789e-05 4.71313e-05
8.80321e-05 4.78564e-05

8.80328e-05 4.78564e-05
8.79724e-05 4.85815e-05

8.79739e-05 4.85815e-05
8.78958e-05 4.93066e-05

8.76885e-05 5.06308e-05
8.76659e-05 5.07568e-05

8.76539e-05 5.07568e-05
8.75187e-05 5.14819e-05

8.75294e-05 5.14819e-05
8.73955e-05 5.2207e-05

8.78968e-05 4.93066e-05
8.77959e-05 5.00317e-05

8.76885e-05 5.06448e-05
8.77984e-05 5.00317e-05

8.73998e-05 5.2207e-05
8.72373e-05 5.29321e-05

8.72416e-05 5.29321e-05
8.70334e-05 5.36572e-05

8.69634e-05 5.38091e-05
8.67806e-05 5.43823e-05

8.67941e-05 5.43823e-05
8.65563e-05 5.51074e-05

8.69634e-05 5.38812e-05
8.70348e-05 5.36572e-05

8.65706e-05 5.51074e-05
8.62824e-05 5.58325e-05

8.62383e-05 5.59352e-05
8.62835e-05 5.58325e-05

8.33379e-05 6.08033e-05
8.32577e-05 6.09082e-05

8.11626e-05 6.33168e-05
8.06829e-05 6.38086e-05

8.18877e-05 6.25402e-05
8.13905e-05 6.30835e-05

8.11626e-05 6.33312e-05
8.13987e-05 6.30835e-05

8.26128e-05 6.17175e-05
8.20574e-05 6.23584e-05

8.32781e-05 6.09082e-05
8.26867e-05 6.16333e-05

8.26128e-05 6.1728e-05
8.26926e-05 6.16333e-05

8.18877e-05 6.25563e-05
8.20653e-05 6.23584e-05

8.47835e-05 5.87329e-05
8.43125e-05 5.9458e-05

8.4063e-05 5.98121e-05
8.3809e-05 6.01831e-05

8.33379e-05 6.08392e-05
8.38312e-05 6.01831e-05

8.4063e-05 5.98571e-05
8.43346e-05 5.9458e-05

8.52286e-05 5.80078e-05
8.48011e-05 5.87329e-05

8.47881e-05 5.87551e-05
8.48019e-05 5.87329e-05

8.04375e-05 6.40621e-05
8.06926e-05 6.38086e-05

8.74514e-05
-4.40129e-05 8.77368e-05

-4.40087e-05 8.77368e-05
-4.35542e-05 8.82196e-05

-4.35542e-05 8.82193e-05
-4.33225e-05 8.84619e-05

-4.3319e-05 8.84619e-05
-4.28291e-05 8.8972e-05

-4.28291e-05 8.89726e-05
-4.26205e-05 8.9187e-05

-4.2618e-05 8.9187e-05
-4.2104e-05 8.97113e-05

-4.2104e-05 8.97124e-05
-4.19058e-05 8.99121e-05

-4.19048e-05 8.99121e-05
-4.13789e-05 9.04353e-05

-4.13789e-05 9.04371e-05
-4.11752e-05 9.06372e-05

-4.11751e-05 9.06372e-05
-4.06538e-05 9.11411e-05

-4.06538e-05 9.11435e-05
-4.04252e-05 9.13623e-05

-4.04256e-05 9.13623e-05
-3.99287e-05 9.18299e-05

-3.99287e-05 9.18335e-05
-3.96571e-05 9.20874e-05

-3.96572e-05 9.20874e-05
-3.92036e-05 9.25056e-05

-3.92036e-05 9.25103e-05
-3.88743e-05 9.28125e-05

-3.88732e-05 9.28125e-05
-3.84785e-05 9.31717e-05

-3.84785e-05 9.31788e-05
-3.80819e-05 9.35376e-05

-3.80786e-05 9.35376e-05
-3.77534e-05 9.38311e-05

-3.77534e-05 9.38419e-05
-3.72801e-05 9.42627e-05

-3.7276e-05 9.42627e-05
-3.70283e-05 9.44833e-05

-3.70283e-05 9.44917e-05
-3.64641e-05 9.49878e-05

-3.64608e-05 9.49878e-05
-3.63032e-05 9.51249e-05

-3.63032e-05 9.5131e-05
-3.56186e-05 9.57129e-05

-3.56181e-05 9.57129e-05
-3.55781e-05 9.57462e-05

-3.55781e-05 9.57446e-05
-3.4853e-05 9.63399e-05

-3.4853e-05 9.63419e-05
-3.47339e-05 9.6438e-05

-3.47259e-05 9.6438e-05
-3.41279e-05 9.6922e-05

-3.41279e-05 9.69314e-05
-3.38364e-05 9.71631e-05

-3.38276e-05 9.71631e-05
-3.34028e-05 9.75034e-05

-3.34028e-05 9.75125e-05
-3.29307e-05 9.78882e-05

-3.2926e-05 9.78882e-05
-3.26777e-05 9.80828e-05

-3.26777e-05 9.80916e-05
-3.20017e-05 9.86133e-05

-3.20017e-05 9.86133e-05
-3.19526e-05 9.86504e-05

-3.19526e-05 9.86467e-05
-3.12275e-05 9.91898e-05

-3.12275e-05 9.91968e-05
-3.1034e-05 9.93384e-05

-3.10211e-05 9.93384e-05
-3.05024e-05 9.97248e-05

-3.05024e-05 9.97333e-05
-3.00551e-05 0.000100063

-3.00495e-05 0.000100063
-2.97773e-05 0.000100261

-2.97773e-05 0.000100269
-2.90522e-05 0.000100787

-2.90411e-05 0.000100789
-2.83271e-05 0.000101287

-2.83271e-05 0.000101294
-2.80115e-05 0.000101514

-2.7996e-05 0.000101514
-2.76021e-05 0.000101788

-2.76021e-05 0.0001018
-2.69543e-05 0.000102239

-2.69557e-05 0.000102239
-2.6877e-05 0.00010229

-2.6877e-05 0.000102284
-2.61519e-05 0.000102761

-2.61519e-05 0.000102768
-2.58531e-05 0.000102964

-2.58384e-05 0.000102964
-2.54268e-05 0.000103234

-2.54268e-05 0.000103246
-2.47276e-05 0.000103689

-2.47282e-05 0.000103689
-2.47017e-05 0.000103705

-2.47017e-05 0.000103695
-2.39766e-05 0.000104145

-2.39766e-05 0.000104155
-2.35532e-05 0.000104414

-2.35474e-05 0.000104414
-2.32515e-05 0.000104595

-2.32515e-05 0.000104594
-2.25264e-05 0.00010502

-2.25264e-05 0.000105024
-2.2327e-05 0.000105139

-2.23124e-05 0.000105139
-2.18013e-05 0.000105434

-2.18013e-05 0.000105443
-2.10762e-05 0.000105846

-2.10762e-05 0.000105846
-2.10431e-05 0.000105864

-2.10236e-05 0.000105864
-2.03511e-05 0.000106227

-2.03511e-05 0.000106239
-1.96731e-05 0.000106589

-1.96731e-05 0.000106589
-1.9626e-05 0.000106614

-1.9626e-05 0.000106603
-1.89009e-05 0.000106961

-1.89009e-05 0.00010697
-1.81758e-05 0.000107313

-1.81758e-05 0.000107313
-1.81731e-05 0.000107314

-1.81606e-05 0.000107314
-1.74507e-05 0.000107627

-1.74507e-05 0.000107626
-1.67256e-05 0.000107933

-1.67256e-05 0.00010794
-1.64682e-05 0.00010804

-1.64667e-05 0.00010804
-1.60005e-05 0.00010822

-1.60005e-05 0.000108214
-1.52754e-05 0.00010847

-1.52754e-05 0.000108472
-1.45503e-05 0.000108713

-1.45503e-05 0.000108716
-1.43843e-05 0.000108765

-1.43878e-05 0.000108765
-1.38252e-05 0.00010893

-1.38252e-05 0.000108927
-1.31001e-05 0.000109112

-1.31001e-05 0.00010911
-1.2375e-05 0.000109274

3.9832e-05 9.28026e-05
3.98135e-05 9.28125e-05

3.9832e-05 9.27972e-05
4.05571e-05 9.24049e-05

4.12822e-05 9.20152e-05
4.11509e-05 9.20874e-05

4.05571e-05 9.23986e-05
4.11231e-05 9.20874e-05

4.27324e-05 9.12005e-05
4.24457e-05 9.13623e-05

4.12822e-05 9.2005e-05
4.20073e-05 9.16022e-05

4.20073e-05 9.15955e-05
4.24205e-05 9.13623e-05

4.56328e-05 8.95067e-05
4.49482e-05 8.99121e-05

4.27324e-05 9.11917e-05
4.34575e-05 9.07785e-05

4.41826e-05 9.0363e-05
4.3709e-05 9.06372e-05

4.34575e-05 9.07749e-05
4.36955e-05 9.06372e-05

4.41826e-05 9.03578e-05
4.49077e-05 8.99333e-05

4.49077e-05 8.99351e-05
4.49471e-05 8.99121e-05

4.99834e-05 8.68378e-05
4.97049e-05 8.70117e-05

4.99834e-05 8.68237e-05
5.07085e-05 8.63608e-05

5.14336e-05 8.58933e-05
5.08243e-05 8.62866e-05

5.07085e-05 8.63567e-05
5.08191e-05 8.62866e-05

4.63579e-05 8.90866e-05
4.61905e-05 8.9187e-05

4.56328e-05 8.94983e-05
4.61513e-05 8.9187e-05

4.63579e-05 8.90701e-05
4.7083e-05 8.86314e-05

4.78081e-05 8.81914e-05
4.73671e-05 8.84619e-05

4.78081e-05 8.81855e-05
4.85331e-05 8.77368e-05

4.7083e-05 8.86241e-05
4.73473e-05 8.84619e-05

4.92583e-05 8.72845e-05
4.85364e-05 8.77368e-05

4.85332e-05 8.77387e-05
4.85362e-05 8.77368e-05

4.92583e-05 8.72728e-05
4.96701e-05 8.70117e-05

5.4334e-05 8.39958e-05
5.41587e-05 8.41113e-05

5.21587e-05 8.54368e-05
5.19663e-05 8.55615e-05

5.21587e-05 8.54199e-05
5.28838e-05 8.49435e-05

5.14336e-05 8.58854e-05
5.19307e-05 8.55615e-05

5.36089e-05 8.44644e-05
5.30468e-05 8.48364e-05

5.28838e-05 8.49386e-05
5.30405e-05 8.48364e-05

5.36089e-05 8.44584e-05
5.41295e-05 8.41113e-05

5.4334e-05 8.39802e-05
5.50591e-05 8.34927e-05

5.57842e-05 8.30024e-05
5.52169e-05 8.33862e-05

5.50591e-05 8.34886e-05
5.52138e-05 8.33862e-05

5.65093e-05 8.25147e-05
5.62919e-05 8.26611e-05

5.65093e-05 8.25084e-05
5.72344e-05 8.20097e-05

5.57842e-05 8.29999e-05
5.62815e-05 8.26611e-05

7.46367e-05 6.90853e-05
7.39768e-05 6.96094e-05

7.75371e-05 6.6687e-05
7.75113e-05 6.6709e-05

7.60869e-05 6.79114e-05
7.57792e-05 6.81592e-05

7.53618e-05 6.85027e-05
7.48855e-05 6.88843e-05

7.46367e-05 6.90866e-05
7.48931e-05 6.88843e-05

7.53618e-05 6.85051e-05
7.57918e-05 6.81592e-05

7.6812e-05 6.73056e-05
7.66571e-05 6.74341e-05

7.60869e-05 6.79165e-05
7.66692e-05 6.74341e-05

7.6812e-05 6.73145e-05
7.75273e-05 6.6709e-05

7.75371e-05 6.67012e-05
7.82622e-05 6.60718e-05

7.89873e-05 6.54239e-05
7.83611e-05 6.59839e-05

7.82622e-05 6.60736e-05
7.8364e-05 6.59839e-05

7.97124e-05 6.47541e-05
7.91648e-05 6.52588e-05

8.04375e-05 6.40535e-05
7.99405e-05 6.45337e-05

7.97124e-05 6.47573e-05
7.99485e-05 6.45337e-05

7.89873e-05 6.54268e-05
7.91718e-05 6.52588e-05

5.86846e-05 8.10058e-05
5.83888e-05 8.12109e-05

5.86846e-05 8.10019e-05
5.94097e-05 8.04914e-05

6.01348e-05 7.99765e-05
5.94163e-05 8.04858e-05

5.94097e-05 8.04909e-05
5.94169e-05 8.04858e-05

6.30352e-05 7.7887e-05
6.24527e-05 7.83105e-05

6.08599e-05 7.94588e-05
6.0436e-05 7.97607e-05

6.1585e-05 7.89317e-05
6.14381e-05 7.90356e-05

6.08599e-05 7.94629e-05
6.14548e-05 7.90356e-05

6.01348e-05 7.99779e-05
6.04427e-05 7.97607e-05

6.1585e-05 7.89396e-05
6.23101e-05 7.84149e-05

6.23101e-05 7.84145e-05
6.2456e-05 7.83105e-05

6.66606e-05 7.52062e-05
6.63814e-05 7.54102e-05

6.73857e-05 7.46559e-05
6.73466e-05 7.46851e-05

6.66606e-05 7.52093e-05
6.736e-05 7.46851e-05

6.88359e-05 7.35708e-05
6.83204e-05 7.396e-05

6.73857e-05 7.46648e-05
6.81108e-05 7.41188e-05

6.81108e-05 7.41192e-05
6.83258e-05 7.396e-05

6.44854e-05 7.68155e-05
6.44239e-05 7.68604e-05

6.37603e-05 7.73548e-05
6.34415e-05 7.75854e-05

6.30352e-05 7.78906e-05
6.34534e-05 7.75854e-05

6.37603e-05 7.73586e-05
6.44371e-05 7.68604e-05

6.44854e-05 7.68235e-05
6.52104e-05 7.62869e-05

6.59355e-05 7.5748e-05
6.54137e-05 7.61353e-05

6.52104e-05 7.62871e-05
6.54194e-05 7.61353e-05

6.59355e-05 7.57517e-05
6.63942e-05 7.54102e-05

5.79595e-05 8.15069e-05
5.734e-05 8.1936e-05

5.72344e-05 8.20076e-05
5.73397e-05 8.1936e-05

5.79595e-05 8.15046e-05
5.83806e-05 8.12109e-05

7.02861e-05 7.24611e-05
7.02219e-05 7.25098e-05

7.02861e-05 7.24693e-05
7.10112e-05 7.19134e-05

7.17363e-05 7.13548e-05
7.11777e-05 7.17847e-05

7.10112e-05 7.19139e-05
7.11817e-05 7.17847e-05

6.9561e-05 7.30204e-05
6.92725e-05 7.32349e-05

6.88359e-05 7.3574e-05
6.92843e-05 7.32349e-05

6.9561e-05 7.30232e-05
7.02344e-05 7.25098e-05

7.24614e-05 7.07939e-05
7.2113e-05 7.10596e-05

7.31865e-05 7.0224e-05
7.30436e-05 7.03345e-05

7.24614e-05 7.07971e-05
7.30556e-05 7.03345e-05

7.17363e-05 7.13571e-05
7.2125e-05 7.10596e-05

7.31865e-05 7.02313e-05
7.39116e-05 6.96613e-05

7.39116e-05 6.96617e-05
7.39782e-05 6.96094e-05

-1.2375e-05 0.000109274
-1.16499e-05 0.000109418

-1.16499e-05 0.000109421
-1.12219e-05 0.00010949

-1.12225e-05 0.00010949
-1.09248e-05 0.000109538

-1.09248e-05 0.000109536
-1.01997e-05 0.000109624

-1.01997e-05 0.000109624
-9.47461e-06 0.000109689

-9.47461e-06 0.000109689
-8.74951e-06 0.000109732

-8.74951e-06 0.000109732
-8.02441e-06 0.000109753

-8.02441e-06 0.000109753
-7.29932e-06 0.000109752

-7.29932e-06 0.000109751
-6.57422e-06 0.000109729

-6.57422e-06 0.000109729
-5.84912e-06 0.000109687

-5.84912e-06 0.000109687
-5.12402e-06 0.000109626

-5.12402e-06 0.000109625
-4.39893e-06 0.000109546

-3.67383e-06 0.00010945
-3.97491e-06 0.00010949

-4.39893e-06 0.000109545
-3.97571e-06 0.00010949

-3.67383e-06 0.00010945
-2.94873e-06 0.000109339

-2.94873e-06 0.000109339
-2.22363e-06 0.000109212

-2.22363e-06 0.000109212
-1.49854e-06 0.000109071

-1.49854e-06 0.00010907
-7.73437e-07 0.000108916

-4.83398e-08 0.000108749
-1.14839e-07 0.000108765

-4.83398e-08 0.000108749
6.76758e-07 0.000108572

-7.73437e-07 0.000108916
-1.14678e-07 0.000108765

6.76758e-07 0.000108572
1.40186e-06 0.000108385

1.40186e-06 0.000108385
2.12695e-06 0.000108187

2.85205e-06 0.000107981
2.64485e-06 0.00010804

2.12695e-06 0.000108187
2.64553e-06 0.00010804

2.85205e-06 0.00010798
3.57715e-06 0.000107766

3.57715e-06 0.000107766
4.30225e-06 0.000107545

4.30225e-06 0.000107545
5.02734e-06 0.000107316

5.75244e-06 0.000107081
5.03226e-06 0.000107314

5.75244e-06 0.00010708
6.47754e-06 0.000106839

6.47754e-06 0.00010684
7.20264e-06 0.000106595

7.92773e-06 0.000106345
7.21923e-06 0.000106589

7.20264e-06 0.000106595
7.21919e-06 0.000106589

5.02734e-06 0.000107316
5.03281e-06 0.000107314

9.37793e-06 0.000105835
9.29631e-06 0.000105864

7.92773e-06 0.000106344
8.65283e-06 0.00010609

8.65283e-06 0.000106091
9.2943e-06 0.000105864

9.37793e-06 0.000105835
1.0103e-05 0.000105574

1.0103e-05 0.000105573
1.08281e-05 0.000105311

1.37285e-05 0.000104238
1.32584e-05 0.000104414

1.37285e-05 0.000104235
1.44536e-05 0.00010396

1.51787e-05 0.000103688
1.51768e-05 0.000103689

1.44536e-05 0.000103961
1.51712e-05 0.000103689

1.51787e-05 0.000103687
1.59038e-05 0.000103409

1.59038e-05 0.000103407
1.66289e-05 0.000103128

1.7354e-05 0.000102849
1.70586e-05 0.000102964

1.7354e-05 0.000102847
1.80791e-05 0.000102564

1.66289e-05 0.000103129
1.70552e-05 0.000102964

1.80791e-05 0.000102564
1.88042e-05 0.000102281

1.95293e-05 0.000101997
1.89169e-05 0.000102239

1.88042e-05 0.000102283
1.89162e-05 0.000102239

2.09795e-05 0.00010142
2.07452e-05 0.000101514

2.09795e-05 0.000101419
2.17046e-05 0.000101126

2.17046e-05 0.000101125
2.24297e-05 0.000100833

1.95293e-05 0.000101995
2.02544e-05 0.000101706

2.02544e-05 0.000101707
2.07398e-05 0.000101514

1.15532e-05 0.000105047
1.13025e-05 0.000105139

1.08281e-05 0.000105312
1.13005e-05 0.000105139

1.15532e-05 0.000105046
1.22783e-05 0.000104777

1.22783e-05 0.000104777
1.30034e-05 0.000104508

1.30034e-05 0.000104509
1.32571e-05 0.000104414

