2.32236e-05 0
2.32239e-05 7.25098e-07

2.32238e-05 7.25098e-07
2.32249e-05 1.4502e-06

2.32249e-05 1.4502e-06
2.32269e-05 2.17529e-06

2.32268e-05 2.17529e-06
2.32299e-05 2.90039e-06

2.323e-05 2.90039e-06
2.32343e-05 3.62549e-06

2.32342e-05 3.62549e-06
2.32397e-05 4.35059e-06

2.32397e-05 4.35059e-06
2.32464e-05 5.07568e-06

2.32464e-05 5.07568e-06
2.32544e-05 5.80078e-06

2.32545e-05 5.80078e-06
2.32637e-05 6.52588e-06

2.32637e-05 6.52588e-06
2.32738e-05 7.25098e-06

2.32739e-05 7.25098e-06
2.32846e-05 7.97607e-06

2.32846e-05 7.97607e-06
2.32957e-05 8.70117e-06

2.32957e-05 8.70117e-06
2.33072e-05 9.42627e-06

2.33071e-05 9.42627e-06
2.33192e-05 1.01514e-05

2.33191e-05 1.01514e-05
2.33322e-05 1.08765e-05

2.33321e-05 1.08765e-05
2.33468e-05 1.16016e-05

2.33468e-05 1.16016e-05
2.33631e-05 1.23267e-05

2.33631e-05 1.23267e-05
2.33813e-05 1.30518e-05

2.33813e-05 1.30518e-05
2.34011e-05 1.37769e-05

2.34012e-05 1.37769e-05
2.34225e-05 1.4502e-05

2.34225e-05 1.4502e-05
2.34451e-05 1.52271e-05

2.34451e-05 1.52271e-05
2.34692e-05 1.59521e-05

2.34692e-05 1.59521e-05
2.34947e-05 1.66772e-05

2.34947e-05 1.66772e-05
2.35214e-05 1.74023e-05

2.35214e-05 1.74023e-05
2.35494e-05 1.81274e-05

2.35494e-05 1.81274e-05
2.35786e-05 1.88525e-05

2.35786e-05 1.88525e-05
2.36088e-05 1.95776e-05

2.36088e-05 1.95776e-05
2.364e-05 2.03027e-05

2.364e-05 2.03027e-05
2.3672e-05 2.10278e-05

2.3672e-05 2.10278e-05
2.37046e-05 2.17529e-05

2.37046e-05 2.17529e-05
2.37378e-05 2.2478e-05

2.37378e-05 2.2478e-05
2.37716e-05 2.32031e-05

2.37715e-05 2.32031e-05
2.38058e-05 2.39282e-05

2.38058e-05 2.39282e-05
2.38406e-05 2.46533e-05

2.38406e-05 2.46533e-05
2.3876e-05 2.53784e-05

2.3876e-05 2.53784e-05
2.38799e-05 2.54563e-05

2.38799e-05 2.54565e-05
2.39122e-05 2.61035e-05

2.39121e-05 2.61035e-05
2.39491e-05 2.68286e-05

2.39491e-05 2.68286e-05
2.3987e-05 2.75537e-05

2.3987e-05 2.75537e-05
2.40258e-05 2.82788e-05

2.40257e-05 2.82788e-05
2.40655e-05 2.90039e-05

2.40655e-05 2.90039e-05
2.41063e-05 2.9729e-05

2.41063e-05 2.9729e-05
2.41481e-05 3.04541e-05

2.41481e-05 3.04541e-05
2.41908e-05 3.11792e-05

2.41908e-05 3.11792e-05
2.42344e-05 3.19043e-05

2.42345e-05 3.19043e-05
2.42789e-05 3.26294e-05

2.42789e-05 3.26294e-05
2.4324e-05 3.33545e-05

2.43241e-05 3.33545e-05
2.43698e-05 3.40796e-05

2.43698e-05 3.40796e-05
2.44162e-05 3.48047e-05

2.44162e-05 3.48047e-05
2.44631e-05 3.55298e-05

2.44631e-05 3.55298e-05
2.45106e-05 3.62549e-05

2.45106e-05 3.62549e-05
2.45586e-05 3.698e-05

2.45585e-05 3.698e-05
2.4605e-05 3.76727e-05

2.4605e-05 3.76728e-05
2.46071e-05 3.77051e-05

2.46071e-05 3.77051e-05
2.46565e-05 3.84302e-05

2.46565e-05 3.84302e-05
2.47067e-05 3.91553e-05

2.47066e-05 3.91553e-05
2.47577e-05 3.98804e-05

2.47576e-05 3.98804e-05
2.48096e-05 4.06055e-05

2.48096e-05 4.06055e-05
2.48626e-05 4.13306e-05

2.48626e-05 4.13306e-05
2.49167e-05 4.20557e-05

2.49167e-05 4.20557e-05
2.49719e-05 4.27808e-05

2.49719e-05 4.27808e-05
2.50282e-05 4.35059e-05

2.50282e-05 4.35059e-05
2.50856e-05 4.4231e-05

2.50856e-05 4.4231e-05
2.5144e-05 4.49561e-05

2.5144e-05 4.49561e-05
2.52034e-05 4.56812e-05

2.52034e-05 4.56812e-05
2.52637e-05 4.64062e-05

2.52637e-05 4.64062e-05
2.53249e-05 4.71313e-05

2.53249e-05 4.71313e-05
2.53301e-05 4.71921e-05

2.53301e-05 4.71925e-05
2.5387e-05 4.78564e-05

2.53871e-05 4.78564e-05
2.54502e-05 4.85815e-05

2.54501e-05 4.85815e-05
2.55139e-05 4.93066e-05

2.55139e-05 4.93066e-05
2.55786e-05 5.00317e-05

2.55786e-05 5.00317e-05
2.56441e-05 5.07568e-05

2.56441e-05 5.07568e-05
2.57103e-05 5.14819e-05

2.57103e-05 5.14819e-05
2.57774e-05 5.2207e-05

2.57774e-05 5.2207e-05
2.58453e-05 5.29321e-05

2.58453e-05 5.29321e-05
2.59141e-05 5.36572e-05

2.59141e-05 5.36572e-05
2.59838e-05 5.43823e-05

2.59837e-05 5.43823e-05
2.60543e-05 5.51074e-05

2.60543e-05 5.51074e-05
2.60552e-05 5.51164e-05

2.60552e-05 5.5117e-05
2.61259e-05 5.58325e-05

2.6126e-05 5.58325e-05
2.61988e-05 5.65576e-05

2.61987e-05 5.65576e-05
2.62723e-05 5.72827e-05

2.62723e-05 5.72827e-05
2.63469e-05 5.80078e-05

2.63469e-05 5.80078e-05
2.8.04375e-05 9.17969e-05
8.051e-05 9.20874e-05

8.05062e-05 9.20874e-05
8.06797e-05 9.28125e-05

8.06778e-05 9.28125e-05
8.08554e-05 9.35376e-05

8.08549e-05 9.35376e-05
8.10414e-05 9.42627e-05

8.10482e-05 9.42627e-05
8.11626e-05 9.47169e-05

8.11626e-05 9.47169e-05
8.12308e-05 9.49878e-05

8.12268e-05 9.49878e-05
8.13998e-05 9.57129e-05

8.13978e-05 9.57129e-05
8.15729e-05 9.6438e-05

8.15718e-05 9.6438e-05
8.17551e-05 9.71631e-05

8.17629e-05 9.71631e-05
8.18877e-05 9.76716e-05

8.18877e-05 9.76716e-05
8.19409e-05 9.78882e-05

8.19368e-05 9.78882e-05
8.21021e-05 9.86133e-05

8.21007e-05 9.86133e-05
8.22642e-05 9.93384e-05

8.22627e-05 9.93384e-05
8.24304e-05 0.000100063

8.24357e-05 0.000100063
8.25999e-05 0.000100789

8.26001e-05 0.000100789
8.26128e-05 0.000100849

8.26128e-05 0.000100854
8.27507e-05 0.000101514

8.275e-05 0.000101514
8.28922e-05 0.000102239

8.28916e-05 0.000102239
8.30274e-05 0.000102964

8.3027e-05 0.000102964
8.31583e-05 0.000103689

8.3159e-05 0.000103689
8.32851e-05 0.000104414

8.32884e-05 0.000104414
8.33379e-05 0.000104732

8.33379e-05 0.000104732
8.34012e-05 0.000105139

8.33995e-05 0.000105139
8.34962e-05 0.000105864

8.34961e-05 0.000105864
8.35804e-05 0.000106589

8.35807e-05 0.000106589
8.36524e-05 0.000107314

8.36527e-05 0.000107314
8.37107e-05 0.00010804

8.3711e-05 0.00010804
8.3754e-05 0.000108765

8.37542e-05 0.000108765
8.37812e-05 0.00010949

8.37814e-05 0.00010949
8.37917e-05 0.000110215

8.33379e-05 0.000115471
8.32487e-05 0.000116016

8.37918e-05 0.000110215
8.37847e-05 0.00011094

8.37848e-05 0.00011094
8.37599e-05 0.000111665

8.37599e-05 0.000111665
8.3717e-05 0.00011239

8.3717e-05 0.00011239
8.3656e-05 0.000113115

8.3656e-05 0.000113115
8.3577e-05 0.00011384

8.35766e-05 0.00011384
8.34806e-05 0.000114565

8.34796e-05 0.000114565
8.33694e-05 0.000115291

8.33379e-05 0.000115476
8.33682e-05 0.000115291

8.32506e-05 0.000116016
8.31236e-05 0.000116741

8.31234e-05 0.000116741
8.29851e-05 0.000117466

8.2984e-05 0.000117466
8.28371e-05 0.000118191

8.28353e-05 0.000118191
8.26855e-05 0.000118916

8.26128e-05 0.000119266
8.25385e-05 0.000119641

8.25401e-05 0.000119641
8.24069e-05 0.000120366

8.26128e-05 0.000119272
8.26832e-05 0.000118916

8.24072e-05 0.000120366
8.2282e-05 0.000121091

8.22807e-05 0.000121091
8.21654e-05 0.000121816

8.21641e-05 0.000121816
8.2064e-05 0.000122542

8.2063e-05 0.000122542
8.19826e-05 0.000123267

8.19823e-05 0.000123267
8.19241e-05 0.000123992

8.19242e-05 0.000123992
8.18889e-05 0.000124717

8.18877e-05 0.000124793
8.18757e-05 0.000125442

8.18754e-05 0.000125442
8.1884e-05 0.000126167

8.1884e-05 0.000126167
8.18877e-05 0.000126253

8.18877e-05 0.000124801
8.18893e-05 0.000124717

8.18877e-05 0.000126253
8.19153e-05 0.000126892

8.19154e-05 0.000126892
8.19691e-05 0.000127617

8.19694e-05 0.000127617
8.20446e-05 0.000128342

8.20449e-05 0.000128342
8.21404e-05 0.000129067

8.21407e-05 0.000129067
8.22552e-05 0.000129792

8.22551e-05 0.000129792
8.23883e-05 0.000130518

8.23883e-05 0.000130518
8.25403e-05 0.000131243

8.25419e-05 0.000131243
8.26128e-05 0.00013155

8.26128e-05 0.000131548
8.27095e-05 0.000131968

8.2709e-05 0.000131968
8.28886e-05 0.000132693

8.28878e-05 0.000132693
8.30818e-05 0.000133418

8.30829e-05 0.000133418
8.3291e-05 0.000134143

8.32927e-05 0.000134143
8.33379e-05 0.000134294

8.33379e-05 0.000134294
8.35094e-05 0.000134868

8.35079e-05 0.000134868
8.3732e-05 0.000135593

8.37317e-05 0.000135593
8.39668e-05 0.000136318

8.39707e-05 0.000136318
8.4063e-05 0.000136598

8.4063e-05 0.000136599
8.421e-05 0.000137043

8.4208e-05 0.000137043
8.4449e-05 0.000137769

8.44485e-05 0.000137769
8.46963e-05 0.000138494

8.47007e-05 0.000138494
8.47881e-05 0.00013875

8.47881e-05 0.000138752
8.49476e-05 0.000139219

8.49452e-05 0.000139219
8.51895e-05 0.000139944

8.51894e-05 0.000139944
8.5436e-05 0.000140669

8.54404e-05 0.000140669
8.55132e-05 0.000140888

8.55132e-05 0.00014089
8.5681e-05 0.000141394

8.56791e-05 0.000141394
8.59119e-05 0.000142119

8.59111e-05 0.000142119
8.61413e-05 0.000142844

8.61459e-05 0.000142844
864225e-05 5.87329e-05

2.64225e-05 5.87329e-05
2.64992e-05 5.9458e-05

2.64992e-05 5.9458e-05
2.65768e-05 6.01831e-05

2.65768e-05 6.01831e-05
2.66555e-05 6.09082e-05

2.66555e-05 6.09082e-05
2.67351e-05 6.16333e-05

2.6735e-05 6.16333e-05
2.67803e-05 6.20386e-05

2.67803e-05 6.2039e-05
2.68159e-05 6.23584e-05

2.68161e-05 6.23584e-05
2.68982e-05 6.30835e-05

2.68982e-05 6.30835e-05
2.69812e-05 6.38086e-05

2.69812e-05 6.38086e-05
2.70652e-05 6.45337e-05

2.70652e-05 6.45337e-05
2.71502e-05 6.52588e-05

2.71502e-05 6.52588e-05
2.72361e-05 6.59839e-05

2.72361e-05 6.59839e-05
2.7323e-05 6.6709e-05

2.7323e-05 6.6709e-05
2.74108e-05 6.74341e-05

2.74107e-05 6.74341e-05
2.74996e-05 6.81592e-05

2.74996e-05 6.81592e-05
2.75054e-05 6.82053e-05

2.75054e-05 6.8206e-05
2.75897e-05 6.88843e-05

2.75898e-05 6.88843e-05
2.7681e-05 6.96094e-05

2.7681e-05 6.96094e-05
2.77729e-05 7.03345e-05

2.77728e-05 7.03345e-05
2.78654e-05 7.10596e-05

2.78655e-05 7.10596e-05
2.7959e-05 7.17847e-05

2.7959e-05 7.17847e-05
2.80533e-05 7.25098e-05

2.80533e-05 7.25098e-05
2.81485e-05 7.32349e-05

2.81483e-05 7.32349e-05
2.82305e-05 7.38533e-05

2.82305e-05 7.38536e-05
2.82446e-05 7.396e-05

2.82447e-05 7.396e-05
2.83423e-05 7.46851e-05

2.83425e-05 7.46851e-05
2.8441e-05 7.54102e-05

2.84409e-05 7.54102e-05
2.85402e-05 7.61353e-05

2.85402e-05 7.61353e-05
2.86403e-05 7.68604e-05

2.86403e-05 7.68604e-05
2.87412e-05 7.75854e-05

2.87412e-05 7.75854e-05
2.88429e-05 7.83105e-05

2.88428e-05 7.83105e-05
2.89457e-05 7.90356e-05

2.89457e-05 7.90356e-05
2.89556e-05 7.91039e-05

2.89556e-05 7.91047e-05
2.90501e-05 7.97607e-05

2.90505e-05 7.97607e-05
2.91561e-05 8.04858e-05

2.9156e-05 8.04858e-05
2.92622e-05 8.12109e-05

2.92622e-05 8.12109e-05
2.93693e-05 8.1936e-05

2.93693e-05 8.1936e-05
2.94771e-05 8.26611e-05

2.94771e-05 8.26611e-05
2.95859e-05 8.33862e-05

2.95856e-05 8.33862e-05
2.96807e-05 8.40118e-05

2.96807e-05 8.40121e-05
2.96957e-05 8.41113e-05

2.96959e-05 8.41113e-05
2.98077e-05 8.48364e-05

2.98079e-05 8.48364e-05
2.99206e-05 8.55615e-05

2.99205e-05 8.55615e-05
3.00338e-05 8.62866e-05

3.00338e-05 8.62866e-05
3.01479e-05 8.70117e-05

3.01479e-05 8.70117e-05
3.02628e-05 8.77368e-05

3.02626e-05 8.77368e-05
3.03788e-05 8.84619e-05

3.03787e-05 8.84619e-05
3.04058e-05 8.86281e-05

3.04058e-05 8.8629e-05
3.04967e-05 8.9187e-05

3.04972e-05 8.9187e-05
3.06168e-05 8.99121e-05

3.06167e-05 8.99121e-05
3.07368e-05 9.06372e-05

3.07367e-05 9.06372e-05
3.08575e-05 9.13623e-05

3.08575e-05 9.13623e-05
3.09793e-05 9.20874e-05

3.09792e-05 9.20874e-05
3.11023e-05 9.28125e-05

7.25895e-05 0
7.25864e-05 7.25098e-07

7.25866e-05 7.25098e-07
7.25772e-05 1.4502e-06

7.25771e-05 1.4502e-06
7.25611e-05 2.17529e-06

7.25611e-05 2.17529e-06
7.2539e-05 2.90039e-06

7.25389e-05 2.90039e-06
7.2511e-05 3.62549e-06

7.25109e-05 3.62549e-06
7.24777e-05 4.35059e-06

7.24614e-05 4.6583e-06
7.24394e-05 5.07568e-06

7.24392e-05 5.07568e-06
7.23966e-05 5.80078e-06

7.24614e-05 4.65552e-06
7.24775e-05 4.35059e-06

7.23964e-05 5.80078e-06
7.23501e-05 6.52588e-06

7.23499e-05 6.52588e-06
7.23004e-05 7.25098e-06

7.23001e-05 7.25098e-06
7.22482e-05 7.97607e-06

7.2248e-05 7.97607e-06
7.21946e-05 8.70117e-06

7.21942e-05 8.70117e-06
7.21405e-05 9.42627e-06

7.21402e-05 9.42627e-06
7.20875e-05 1.01514e-05

7.2087e-05 1.01514e-05
7.20369e-05 1.08765e-05

7.20364e-05 1.08765e-05
7.19906e-05 1.16016e-05

7.19902e-05 1.16016e-05
7.19504e-05 1.23267e-05

7.195e-05 1.23267e-05
7.19179e-05 1.30518e-05

7.19177e-05 1.30518e-05
7.18943e-05 1.37769e-05

7.18941e-05 1.37769e-05
7.18804e-05 1.4502e-05

7.18806e-05 1.4502e-05
7.18763e-05 1.52271e-05

7.18765e-05 1.52271e-05
7.1881e-05 1.59521e-05

7.18816e-05 1.59521e-05
7.18934e-05 1.66772e-05

7.18939e-05 1.66772e-05
7.19107e-05 1.74023e-05

7.19113e-05 1.74023e-05
7.19309e-05 1.81274e-05

7.19315e-05 1.81274e-05
7.19515e-05 1.88525e-05

7.1952e-05 1.88525e-05
7.19701e-05 1.95776e-05

7.19705e-05 1.95776e-05
7.1985e-05 2.03027e-05

7.19851e-05 2.03027e-05
7.19948e-05 2.10278e-05

7.19949e-05 2.10278e-05
7.19992e-05 2.17529e-05

7.19992e-05 2.17529e-05
7.19978e-05 2.2478e-05

7.19978e-05 2.2478e-05
7.19907e-05 2.32031e-05

7.19906e-05 2.32031e-05
7.19782e-05 2.39282e-05

7.19781e-05 2.39282e-05
7.19606e-05 2.46533e-05

7.19597e-05 2.46533e-05
7.19391e-05 2.53784e-05

7.19386e-05 2.53784e-05
7.19179e-05 2.61035e-05

7.19183e-05 2.61035e-05
7.18979e-05 2.68286e-05

7.18976e-05 2.68286e-05
7.18772e-05 2.75537e-05

7.18769e-05 2.75537e-05
7.18579e-05 2.82788e-05

7.18579e-05 2.82788e-05
7.18412e-05 2.90039e-05

7.1841e-05 2.90039e-05
7.1827e-05 2.9729e-05

7.18272e-05 2.9729e-05
7.1816e-05 3.04541e-05

7.18155e-05 3.04541e-05
7.18077e-05 3.11792e-05

7.1808e-05 3.11792e-05
7.18041e-05 3.19043e-05

7.1804e-05 3.19043e-05
7.18036e-05 3.26294e-05

7.18034e-05 3.26294e-05
7.1807e-05 3.33545e-05

7.18072e-05 3.33545e-05
7.18147e-05 3.40796e-05

7.18146e-05 3.40796e-05
7.18257e-05 3.48047e-05

7.18256e-05 3.48047e-05
7.18409e-05 3.55298e-05

7.18406e-05 3.55298e-05
7.18606e-05 3.62549e-05

7.18606e-05 3.62549e-05
7.18858e-05 3.698e-05

7.18857e-05 3.698e-05
7.19163e-05 3.77051e-05

7.19164e-05 3.77051e-05
7.19522e-05 3.84302e-05

7.19522e-05 3.84302e-05
7.19933e-05 3.91553e-05

7.19932e-05 3.91553e-05
7.204e-05 3.98804e-05

7.20401e-05 3.98804e-05
7.20926e-05 4.06055e-05

7.20928e-05 4.06055e-05
7.21502e-05 4.13306e-05

7.21503e-05 4.13306e-05
7.22119e-05 4.20557e-05

7.2212e-05 4.20557e-05
7.22774e-05 4.27808e-05

7.22772e-05 4.27808e-05
7.23464e-05 4.35059e-05

7.23462e-05 4.35059e-05
7.24199e-05 4.4231e-05

7.2421e-05 4.4231e-05
7.24614e-05 4.46147e-05

7.24614e-05 4.46151e-05
7.24974e-05 4.49561e-05

7.24973e-05 4.49561e-05
7.25747e-05 4.56812e-05

7.2575e-05 4.56812e-05
7.26532e-05 4.64062e-05

7.2653e-05 4.64062e-05
7.27319e-05 4.71313e-05

7.27319e-05 4.71313e-05
7.28119e-05 4.78564e-05

7.28119e-05 4.78564e-05
7.28931e-05 4.85815e-05

7.28931e-05 4.85815e-05
7.29754e-05 4.93066e-05

7.29753e-05 4.93066e-05
7.30588e-05 5.00317e-05

7.30587e-05 5.00317e-05
7.31437e-05 5.07568e-05

7.31448e-05 5.07568e-05
7.31865e-05 5.11143e-05

7.31865e-05 5.1115e-05
7.32294e-05 5.14819e-05

7.32288e-05 5.14819e-05
7.33125e-05 5.2207e-05

7.33123e-05 5.2207e-05
7.33965e-05 5.29321e-05

7.33964e-05 5.29321e-05
7.34815e-05 5.36572e-05

7.34816e-05 5.36572e-05
7.35678e-05 5.43823e-05

7.35678e-05 5.43823e-05
7.36553e-05 5.51074e-05

7.36551e-05 5.51074e-05
7.37441e-05 5.58325e-05

7.37436e-05 5.58325e-05
7.38357e-05 5.65576e-05

7.3837e-05 5.65576e-05
7.39116e-05 5.71372e-05

7.39116e-05 5.71377e-05
7.39303e-05 5.72827e-05

7.393e-05 5.72827e-05
7.40228e-05 5.80078e-05

7.40225e-05 5.80078e-05
7.41158e-05 5.87329e-05

7.41157e-05 5.87329e-05
7.42105e-05 5.9458e-05

7.42104e-05 5.9458e-05
7.43072e-05 6.01831e-05

7.4307e-05 6.01831e-05
7.44061e-05 6.09082e-05

7.44056e-05 6.09082e-05
7.45084e-05 6.16333e-05

7.4509e-05 6.16333e-05
7.46151e-05 6.23584e-05

7.46161e-05 6.23584e-05
7.46367e-05 6.24994e-05

7.46367e-05 6.2499e-05
7.47222e-05 6.30835e-05

7.47213e-05 6.30835e-05
7.4827e-05 6.38086e-05

7.48268e-05 6.38086e-05
7.49343e-05 6.45337e-05

7.49342e-05 6.45337e-05
7.5044e-05 6.52588e-05

7.50437e-05 6.52588e-05
7.5157e-05 6.59839e-05

7.51565e-05 6.59839e-05
7.52748e-05 6.6709e-05

7.52774e-05 6.6709e-05
7.53618e-05 6.72222e-05

7.53618e-05 6.72227e-05
7.53966e-05 6.74341e-05

7.53955e-05 6.74341e-05
7.55128e-05 6.81592e-05

7.55125e-05 6.81592e-05
7.56306e-05 6.88843e-05

7.56304e-05 6.88843e-05
7.57505e-05 6.96094e-05

7.57501e-05 6.96094e-05
7.58736e-05 7.03345e-05

7.58733e-05 7.03345e-05
7.60016e-05 7.10596e-05

7.60044e-05 7.10596e-05
7.60869e-05 7.15263e-05

7.60869e-05 7.15266e-05
7.61325e-05 7.17847e-05

7.61309e-05 7.17847e-05
7.62567e-05 7.25098e-05

7.62563e-05 7.25098e-05
7.63838e-05 7.32349e-05

7.63833e-05 7.32349e-05
7.65143e-05 7.396e-05

7.65135e-05 7.396e-05
7.66505e-05 7.46851e-05

7.66525e-05 7.46851e-05
7.67929e-05 7.54102e-05

7.67936e-05 7.54102e-05
7.6812e-05 7.55066e-05

7.6812e-05 7.55071e-05
7.6932e-05 7.61353e-05

7.69308e-05 7.61353e-05
7.70688e-05 7.68604e-05

7.7068e-05 7.68604e-05
7.72094e-05 7.75854e-05

7.72085e-05 7.75854e-05
7.73566.62383e-05 0.000143148

8.62383e-05 0.00014315
8.63659e-05 0.000143569

8.63646e-05 0.000143569
8.65702e-05 0.000144294

8.65693e-05 0.000144294
8.67648e-05 0.00014502

8.67665e-05 0.00014502
8.69503e-05 0.000145745

8.69521e-05 0.000145745
8.69634e-05 0.000145794

8.69634e-05 0.000145796
8.71176e-05 0.00014647

8.71172e-05 0.00014647
8.72634e-05 0.000147195

8.72634e-05 0.000147195
8.73908e-05 0.00014792

8.73911e-05 0.00014792
8.74988e-05 0.000148645

8.74992e-05 0.000148645
8.75859e-05 0.00014937

8.7586e-05 0.00014937
8.76506e-05 0.000150095

8.76509e-05 0.000150095
8.76885e-05 0.000150747

8.76885e-05 0.000150749
8.76926e-05 0.00015082

8.62383e-05 0.000159723
8.60558e-05 0.000160247

8.60561e-05 0.000160247
8.57911e-05 0.000160972

8.55132e-05 0.000161699
8.52367e-05 0.000162422

8.57893e-05 0.000160972
8.55152e-05 0.000161697

8.55132e-05 0.000161699
8.55142e-05 0.000161697

8.76885e-05 0.000152661
8.76742e-05 0.000152996

8.76744e-05 0.000152996
8.76185e-05 0.000153721

8.76928e-05 0.00015082
8.7711e-05 0.000151545

8.77112e-05 0.000151545
8.77051e-05 0.000152271

8.76885e-05 0.000152665
8.77053e-05 0.000152271

8.76185e-05 0.000153721
8.75373e-05 0.000154446

8.75373e-05 0.000154446
8.7431e-05 0.000155171

8.74309e-05 0.000155171
8.72999e-05 0.000155896

8.72996e-05 0.000155896
8.71448e-05 0.000156621

8.69634e-05 0.00015736
8.67687e-05 0.000158071

8.71443e-05 0.000156621
8.69672e-05 0.000157346

8.69634e-05 0.00015736
8.69672e-05 0.000157346

8.67688e-05 0.000158071
8.65492e-05 0.000158796

8.6548e-05 0.000158796
8.63096e-05 0.000159521

8.62383e-05 0.000159724
8.63089e-05 0.000159521

8.33379e-05 0.000168086
8.33007e-05 0.000168223

8.47881e-05 0.000163592
8.46828e-05 0.000163872

8.46834e-05 0.000163872
8.442e-05 0.000164597

8.44192e-05 0.000164597
8.41668e-05 0.000165322

8.52363e-05 0.000162422
8.49585e-05 0.000163147

8.47881e-05 0.000163595
8.49566e-05 0.000163147

8.4063e-05 0.000165635
8.3928e-05 0.000166047

8.39291e-05 0.000166047
8.37069e-05 0.000166772

8.4063e-05 0.000165636
8.41658e-05 0.000165322

8.37072e-05 0.000166772
8.34979e-05 0.000167498

8.33379e-05 0.000168087
8.34981e-05 0.000167498

8.33022e-05 0.000168223
8.31144e-05 0.000168948

8.31157e-05 0.000168948
8.29317e-05 0.000169673

8.26128e-05 0.000170914
8.2558e-05 0.000171123

8.29328e-05 0.000169673
8.27477e-05 0.000170398

8.26128e-05 0.000170916
8.27488e-05 0.000170398

8.18877e-05 0.000173343
8.16361e-05 0.000174023

8.25599e-05 0.000171123
8.23587e-05 0.000171848

8.23601e-05 0.000171848
8.2142e-05 0.000172573

8.21432e-05 0.000172573
8.19028e-05 0.000173298

8.18877e-05 0.000173344
8.19044e-05 0.000173298

8.11626e-05 0.000175117
8.09933e-05 0.000175474

8.16377e-05 0.000174023
8.13354e-05 0.000174749

8.11626e-05 0.000175118
8.13376e-05 0.000174749

8.09956e-05 0.000175474
8.06023e-05 0.000176199

8.04375e-05 0.000176469
8.06051e-05 0.000176199

e-05 7.83105e-05

7.7359e-05 7.83105e-05
7.75107e-05 7.90356e-05

7.75116e-05 7.90356e-05
7.75371e-05 7.91597e-05

7.75371e-05 7.91605e-05
7.76607e-05 7.97607e-05

7.76593e-05 7.97607e-05
7.78078e-05 8.04858e-05

7.78068e-05 8.04858e-05
7.79595e-05 8.12109e-05

7.79584e-05 8.12109e-05
7.81195e-05 8.1936e-05

7.81246e-05 8.1936e-05
7.82622e-05 8.25539e-05

7.82622e-05 8.25542e-05
7.8286e-05 8.26611e-05

7.82836e-05 8.26611e-05
7.84405e-05 8.33862e-05

7.84396e-05 8.33862e-05
7.85988e-05 8.41113e-05

7.85975e-05 8.41113e-05
7.87633e-05 8.48364e-05

7.87655e-05 8.48364e-05
7.89359e-05 8.55615e-05

7.89377e-05 8.55615e-05
7.89873e-05 8.57762e-05

7.89873e-05 8.57773e-05
7.91049e-05 8.62866e-05

7.91028e-05 8.62866e-05
7.92682e-05 8.70117e-05

7.92666e-05 8.70117e-05
7.94379e-05 8.77368e-05

7.94385e-05 8.77368e-05
7.96176e-05 8.84619e-05

7.96224e-05 8.84619e-05
7.97124e-05 8.8832e-05

7.97124e-05 8.88325e-05
7.97986e-05 8.9187e-05

7.97954e-05 8.9187e-05
7.9966e-05 8.99121e-05

7.99642e-05 8.99121e-05
8.01393e-05 9.06372e-05

8.01391e-05 9.06372e-05
8.0323e-05 9.13623e-05

8.0329e-05 9.13623e-05
8.04375e-05 9.17969e-05

3.11021e-05 9.28125e-05
3.11309e-05 9.29791e-05

3.11309e-05 9.298e-05
3.12272e-05 9.35376e-05

3.1228e-05 9.35376e-05
3.13548e-05 9.42627e-05

3.13546e-05 9.42627e-05
3.14819e-05 9.49878e-05

3.14819e-05 9.49878e-05
3.161e-05 9.57129e-05

3.16099e-05 9.57129e-05
3.1739e-05 9.6438e-05

3.17385e-05 9.6438e-05
3.1856e-05 9.70876e-05

3.1856e-05 9.7088e-05
3.18695e-05 9.71631e-05

3.18698e-05 9.71631e-05
3.20033e-05 9.78882e-05

3.20037e-05 9.78882e-05
3.21383e-05 9.86133e-05

3.21382e-05 9.86133e-05
3.22733e-05 9.93384e-05

3.22732e-05 9.93384e-05
3.24092e-05 0.000100063

3.2409e-05 0.000100063
3.25467e-05 0.000100789

3.25464e-05 0.000100789
3.25811e-05 0.000100967

3.25811e-05 0.000100968
3.26869e-05 0.000101514

3.2688e-05 0.000101514
3.28305e-05 0.000102239

3.28303e-05 0.000102239
3.2973e-05 0.000102964

3.29729e-05 0.000102964
3.31166e-05 0.000103689

3.31162e-05 0.000103689
3.32617e-05 0.000104414

3.32614e-05 0.000104414
3.33062e-05 0.000104632

3.33062e-05 0.000104633
3.34101e-05 0.000105139

3.34112e-05 0.000105139
3.35623e-05 0.000105864

3.35621e-05 0.000105864
3.37136e-05 0.000106589

3.37134e-05 0.000106589
3.38659e-05 0.000107314

3.38653e-05 0.000107314
3.40204e-05 0.00010804

3.40206e-05 0.00010804
3.40312e-05 0.000108088

3.40313e-05 0.000108089
3.41793e-05 0.000108765

3.41805e-05 0.000108765
3.43411e-05 0.00010949

3.43408e-05 0.00010949
3.45016e-05 0.000110215

3.45012e-05 0.000110215
3.46636e-05 0.00011094

3.46628e-05 0.00011094
3.47563e-05 0.000111347

3.47563e-05 0.000111347
3.48294e-05 0.000111665

3.48311e-05 0.000111665
3.5001e-05 0.00011239

3.50009e-05 0.00011239
3.51712e-05 0.000113115

3.51708e-05 0.000113115
3.53423e-05 0.00011384

3.53413e-05 0.00011384
3.54814e-05 0.000114419

3.54814e-05 0.000114419
3.55169e-05 0.000114565

3.55182e-05 0.000114565
3.56978e-05 0.000115291

3.56981e-05 0.000115291
3.58784e-05 0.000116016

3.58778e-05 0.000116016
3.60591e-05 0.000116741

3.60577e-05 0.000116741
3.62065e-05 0.000117321

3.62065e-05 0.000117321
3.62437e-05 0.000117466

3.62453e-05 0.000117466
3.64359e-05 0.000118191

3.64362e-05 0.000118191
3.66277e-05 0.000118916

3.66269e-05 0.000118916
3.68201e-05 0.000119641

3.68188e-05 0.000119641
3.69316e-05 0.000120051

3.69316e-05 0.000120052
3.70182e-05 0.000120366

3.70208e-05 0.000120366
3.72241e-05 0.000121091

3.72234e-05 0.000121091
3.74268e-05 0.000121816

3.74257e-05 0.000121816
3.7633e-05 0.000122542

3.76332e-05 0.000122542
3.76567e-05 0.000122622

3.76567e-05 0.000122622
3.78465e-05 0.000123267

3.78485e-05 0.000123267
3.8064e-05 0.000123992

3.80624e-05 0.000123992
3.82789e-05 0.000124717

3.82775e-05 0.000124717
3.83818e-05 0.000125055

3.83818e-05 0.000125055
3.8501e-05 0.000125442

3.85043e-05 0.000125442
3.87314e-05 0.000126167

3.87297e-05 0.000126167
3.8957e-05 0.000126892

3.89551e-05 0.000126892
3.91069e-05 0.000127362

3.91069e-05 0.000127362
3.91895e-05 0.000127617

3.91928e-05 0.000127617
3.94314e-05 0.000128342

3.94299e-05 0.000128342
3.96689e-05 0.000129067

3.9667e-05 0.000129067
3.9832e-05 0.000129553

3.9832e-05 0.000129553
3.99134e-05 0.000129792

3.99169e-05 0.000129792
4.01674e-05 0.000130518

4.01656e-05 0.000130518
4.04169e-05 0.000131243

4.04151e-05 0.000131243
4.05571e-05 0.00013164

4.05571e-05 0.00013164
4.06744e-05 0.000131968

4.06782e-05 0.000131968
4.09411e-05 0.000132693

4.09384e-05 0.000132693
4.12027e-05 0.000133418

4.12018e-05 0.000133418
4.12822e-05 0.000133632

4.12822e-05 0.000133631
4.14745e-05 0.000134143

4.14774e-05 0.000134143
4.1753e-05 0.000134868

4.17494e-05 0.000134868
4.20073e-05 0.000135536

4.20073e-05 0.000135536
4.20293e-05 0.000135593

4.20323e-05 0.000135593
4.23183e-05 0.000136318

4.23172e-05 0.000136318
4.26055e-05 0.000137043

4.26037e-05 0.000137043
4.27324e-05 0.000137359

4.27324e-05 0.000137358
4.29e-05 0.000137769

4.29035e-05 0.000137769
4.32035e-05 0.000138494

4.31993e-05 0.000138494
4.34575e-05 0.000139107

4.34575e-05 0.000139108
4.35043e-05 0.000139219

4.35081e-05 0.000139219
4.3819e-05 0.000139944

4.38163e-05 0.000139944
4.41308e-05 0.000140669

4.41311e-05 0.000140669
4.41826e-05 0.000140785

4.41826e-05 0.000140784
4.44538e-05 0.000141394

4.44548e-05 0.000141394
4.47813e-05 0.000142119

4.47787e-05 0.000142119
4.49077e-05 0.0001424

4.49077e-05 0.000142399
4.51123e-05 0.000142844

4.51157e-05 0.000142844
4.54542e-05 0.000143569

4.54499e-05 0.000143569
4.56328e-05 0.000143954

4.56328e-05 0.000143954
4.57949e-05 0.000144294

4.57994e-05 0.000144294
4.61498e-05 0.00014502

4.61447e-05 0.00014502
4.63579e-05 0.000145453

4.63579e-05 0.000145452
4.65018e-05 0.000145745

4.65067e-05 0.000145745
4.68696e-05 0.00014647

4.68642e-05 0.00014647
4.7083e-05 0.000146899

4.7083e-05 0.000146899
4.72338e-05 0.000147195

4.72388e-05 0.000147195
4.76146e-05 0.00014792

4.76094e-05 0.00014792
4.78081e-05 0.000148297

4.78081e-05 0.000148296
4.79918e-05 0.000148645

4.79961e-05 0.000148645
4.83851e-05 0.00014937

4.83811e-05 0.00014937
4.85332e-05 0.00014965

4.85332e-05 0.000149649
4.8776e-05 0.000150095

4.87784e-05 0.000150095
4.91809e-05 0.00015082

4.918e-05 0.00015082
4.92583e-05 0.00015096

4.92583e-05 0.00015096
4.95872e-05 0.000151545

4.95858e-05 0.000151545
4.99834e-05 0.000152238

4.99834e-05 0.000152238
5.00019e-05 0.000152271

5.00057e-05 0.000152271
5.04262e-05 0.000152996

5.04207e-05 0.000152996
5.07085e-05 0.000153484

5.07085e-05 0.000153482
5.08494e-05 0.000153721

5.08538e-05 0.000153721
5.12887e-05 0.000154446

5.12848e-05 0.000154446
5.14336e-05 0.000154692

5.14336e-05 0.00015469
5.17245e-05 0.000155171

5.17245e-05 0.000155171
5.21587e-05 0.000155873

5.21587e-05 0.000155872
5.21729e-05 0.000155896

5.21763e-05 0.000155896
5.26278e-05 0.000156621

5.26226e-05 0.000156621
5.28838e-05 0.000157035

5.28838e-05 0.000157033
5.30813e-05 0.000157346

5.30837e-05 0.000157346
5.3549e-05 0.000158071

5.35502e-05 0.000158071
5.36089e-05 0.000158165

5.36089e-05 0.000158164
5.40155e-05 0.000158796

5.40124e-05 0.000158796
5.4334e-05 0.000159289

5.4334e-05 0.000159287
5.44864e-05 0.000159521

5.44894e-05 0.000159521
5.49674e-05 0.000160247

5.49675e-05 0.000160247
5.50591e-05 0.000160389

5.50591e-05 0.000160387
5.54443e-05 0.000160972

5.54421e-05 0.000160972
5.57842e-05 0.000161485

5.57842e-05 0.000161482
5.59261e-05 0.000161697

5.59294e-05 0.000161697
5.64157e-05 0.000162422

5.64161e-05 0.000162422
5.65093e-05 0.000162565

5.65093e-05 0.000162564
5.68986e-05 0.000163147

5.68964e-05 0.000163147
5.72344e-05 0.00016365

5.72344e-05 0.000163647
5.73838e-05 0.000163872

5.73872e-05 0.000163872
5.78745e-05 0.000164597

5.78753e-05 0.000164597
5.79595e-05 0.000164727

5.79595e-05 0.000164726
5.83558e-05 0.000165322

5.83535e-05 0.000165322
5.86846e-05 0.00016582

5.86846e-05 0.000165817
5.88363e-05 0.000166047

5.88398e-05 0.000166047
5.93196e-05 0.000166772

5.93198e-05 0.000166772
5.94097e-05 0.000166913

5.94097e-05 0.000166912
5.97904e-05 0.000167498

5.97881e-05 0.000167498
6.01348e-05 0.000168033

6.01348e-05 0.000168031
6.02579e-05 0.000168223

6.02623e-05 0.000168223
6.07255e-05 0.000168948

6.07227e-05 0.000168948
6.08599e-05 0.000169167

6.08599e-05 0.000169167
6.11766e-05 0.000169673

6.1176e-05 0.000169673
6.1585e-05 0.00017033

6.1585e-05 0.000170329
6.1627e-05 0.000170398

6.16315e-05 0.000170398
6.20733e-05 0.000171123

6.20672e-05 0.000171123
6.23101e-05 0.000171527

6.23101e-05 0.000171526
6.25035e-05 0.000171848

6.25074e-05 0.000171848
6.29404e-05 0.000172573

6.29384e-05 0.000172573
6.30352e-05 0.000172738

6.30352e-05 0.000172739
6.33649e-05 0.000173298

6.33627e-05 0.000173298
6.37603e-05 0.000173966

6.37603e-05 0.000173965
6.37944e-05 0.000174023

6.37978e-05 0.000174023
6.42324e-05 0.000174749

6.42239e-05 0.000174749
6.44854e-05 0.000175173

6.44854e-05 0.000175171
6.4672e-05 0.000175474

6.46729e-05 0.000175474
6.51442e-05 0.000176199

6.51447e-05 0.000176199
6.52104e-05 0.000176299

6.52104e-05 0.0001763
6.56397e-05 0.000176924

6.56322e-05 0.000176924
6.59355e-05 0.000177329

6.59355e-05 0.00017732
6.61847e-05 0.000177649

6.61808e-05 0.000177649
6.66606e-05 0.000178205

6.66606e-05 0.000178204
6.68154e-05 0.000178374

6.6811e-05 0.000178374
6.73857e-05 0.000178946

6.73857e-05 0.00017895
6.75509e-05 0.000179099

6.75605e-05 0.000179099
6.81108e-05 0.000179565

6.81108e-05 0.000179582
6.84526e-05 0.000179824

6.84762e-05 0.000179824
6.88359e-05 0.000180075

6.88359e-05 0.000180084
6.9561e-05 0.000180494

6.9561e-05 0.000180498
6.96786e-05 0.000180549

6.96969e-05 0.000180549
7.02861e-05 0.000180805

7.02861e-05 0.000180802
7.10112e-05 0.000181033

7.10112e-05 0.000181033
7.17363e-05 0.000181186

7.17363e-05 0.000181186
7.24614e-05 0.000181263

7.24614e-05 0.000181262
7.31865e-05 0.000181263

7.31865e-05 0.000181262
7.39116e-05 0.000181191

7.39116e-05 0.00018119
7.46367e-05 0.000181048

7.75371e-05 0.000179677
7.73113e-05 0.000179824

8.04375e-05 0.000176467
8.01523e-05 0.000176924

7.82622e-05 0.00017909
7.8252e-05 0.000179099

7.75371e-05 0.000179696
7.82622e-05 0.000179112

7.89873e-05 0.000178406
7.82776e-05 0.000179099

7.82622e-05 0.000179112
7.82761e-05 0.000179099

7.97124e-05 0.000177535
7.96274e-05 0.000177649

7.9635e-05 0.000177649
7.90129e-05 0.000178374

7.97124e-05 0.000177534
8.01566e-05 0.000176924

7.89873e-05 0.000178406
7.90175e-05 0.000178374

7.46367e-05 0.000181049
7.53618e-05 0.000180835

7.60869e-05 0.000180526
7.60311e-05 0.000180549

7.53618e-05 0.00018084
7.60722e-05 0.000180549

7.60869e-05 0.00018054
7.6812e-05 0.000180158

7.6812e-05 0.00018017
7.73419e-05 0.000179824

