0.000126844 0.000177753
0.000127244 0.000178374

0.000127242 0.000178374
0.000127569 0.000178848

0.000127569 0.000178843
0.000127744 0.000179099

0.000127743 0.000179099
0.000128278 0.000179824

0.000128278 0.000179824
0.000128294 0.000179845

0.000128294 0.000179847
0.00012885 0.000180549

0.000128851 0.000180549
0.000129019 0.000180753

0.000129019 0.000180748
0.000129468 0.000181274

0.000129469 0.000181274
0.000129744 0.000181581

0.000129744 0.000181577
0.000130136 0.000182

0.000130137 0.000182
0.000130469 0.000182339

0.000130469 0.000182339
0.000130866 0.000182725

0.000130865 0.000182725
0.000131194 0.000183031

0.000131194 0.000183036
0.000131667 0.00018345

0.000131665 0.00018345
0.000131919 0.000183666

0.000131919 0.000183669
0.000132543 0.000184175

0.000132543 0.000184175
0.000132645 0.000184255

0.000132645 0.000184256
0.00013337 0.000184799

0.00013337 0.000184803
0.000133512 0.0001849

0.000133518 0.0001849
0.000134095 0.000185295

0.000134095 0.000185295
0.000134619 0.000185625

0.000108028 0.000185625
0.000108332 0.00018635

0.000108329 0.00018635
0.000108637 0.000187075

0.000108636 0.000187075
0.000108716 0.000187259

0.000108716 0.000187258
0.000108954 0.0001878

0.000108956 0.0001878
0.000109278 0.000188525

0.000109274 0.000188525
0.000109441 0.000188893

0.000109441 0.000188892
0.000109605 0.00018925

0.00010961 0.00018925
0.000109946 0.000189976

0.00010994 0.000189976
0.000110167 0.000190451

0.000110167 0.00019045
0.000110286 0.000190701

0.000110291 0.000190701
0.000110644 0.000191426

0.000110637 0.000191426
0.000110892 0.000191937

0.000110892 0.000191936
0.000110999 0.000192151

0.000111005 0.000192151
0.000111375 0.000192876

0.000111367 0.000192876
0.000111617 0.000193353

0.000111617 0.000193352
0.000111747 0.000193601

0.000111753 0.000193601
0.000112141 0.000194326

0.000112134 0.000194326
0.000112342 0.000194706

0.000112342 0.000194705
0.000112531 0.000195051

0.000112535 0.000195051
0.000112943 0.000195776

0.00011294 0.000195776
0.000113067 0.000195998

0.000113067 0.000195996
0.000113356 0.000196501

0.000113355 0.000196501
0.000113784 0.000197227

0.000113785 0.000197227
0.000113792 0.000197238

0.000113792 0.000197232
0.000114226 0.000197952

0.000114219 0.000197952
0.000114517 0.000198434

0.000114517 0.000198431
0.000114669 0.000198677

0.000114673 0.000198677
0.000115136 0.000199402

0.000115135 0.000199402
0.000115242 0.00019957

0.000115242 0.000199567
0.000115605 0.000200127

0.000115601 0.000200127
0.000115967 0.000200675

0.000115967 0.000200671
0.000116087 0.000200852

0.000116091 0.000200852
0.00011659 0.000201577

0.000116591 0.000201577
0.000116692 0.000201726

0.000116692 0.000201725
0.000117095 0.000202302

0.00011709 0.000202302
0.000117417 0.00020276

0.000117417 0.000202754
0.000117611 0.000203027

0.000117611 0.000203027
0.000118143 0.000203743

0.000118143 0.000203743
0.000118149 0.000203752

0.000118154 0.000203752
0.000118701 0.000204478

0.000118701 0.000204478
0.000118868 0.000204702

0.000118868 0.0002047
0.00011925 0.000205203

0.000119247 0.000205203
0.000119593 0.000205649

0.000119593 0.000205643
0.000119812 0.000205928

0.000119812 0.000205928
0.000120318 0.000206555

0.000120318 0.000206555
0.000120397 0.000206653

0.0001204 0.000206653
0.000120996 0.000207378

0.000120996 0.000207378
0.000121043 0.000207435

0.000121043 0.000207433
0.000121593 0.000208103

0.000121593 0.000208103
0.000121768 0.00020832

0.000121768 0.000208319
0.000122183 0.000208828

0.000122184 0.000208828
0.000122493 0.00020921

0.000122493 0.000209203
0.00012278 0.000209553

0.000122781 0.000209553
0.000123218 0.000210069

0.000123218 0.000210066
0.000123399 0.000210278

0.000123399 0.000210278
0.000123943 0.000210903

0.000123943 0.000210903
0.000124031 0.000211003

0.000124033 0.000211003
0.000124668 0.000211727

0.000124668 0.000211727
0.00012467 0.000211729

0.000124672 0.000211729
0.000125307 0.000212454

0.000125308 0.000212454
0.000125394 0.000212553

0.000125394 0.000212555
0.000125937 0.000213179

0.000125936 0.000213179
0.000126119 0.000213389

0.000126119 0.0002138.23197e-05 0
8.23215e-05 1.4502e-06

8.23216e-05 1.4502e-06
8.23268e-05 2.90039e-06

8.23271e-05 2.90039e-06
8.23351e-05 4.35059e-06

8.23351e-05 4.35059e-06
8.23456e-05 5.80078e-06

8.23455e-05 5.80078e-06
8.23584e-05 7.25098e-06

8.23584e-05 7.25098e-06
8.23739e-05 8.70117e-06

8.23739e-05 8.70117e-06
8.23918e-05 1.01514e-05

8.23917e-05 1.01514e-05
8.24121e-05 1.16016e-05

8.24126e-05 1.16016e-05
8.24236e-05 1.23267e-05

8.24236e-05 1.23267e-05
8.24346e-05 1.30518e-05

8.24343e-05 1.30518e-05
8.24458e-05 1.37769e-05

8.24456e-05 1.37769e-05
8.24586e-05 1.4502e-05

8.24591e-05 1.4502e-05
8.24872e-05 1.59521e-05

8.24873e-05 1.59521e-05
8.25021e-05 1.66772e-05

8.25016e-05 1.66772e-05
8.2518e-05 1.74023e-05

8.25187e-05 1.74023e-05
8.25537e-05 1.88525e-05

8.25539e-05 1.88525e-05
8.25721e-05 1.95776e-05

8.25714e-05 1.95776e-05
8.25911e-05 2.03027e-05

8.25921e-05 2.03027e-05
8.26336e-05 2.17529e-05

8.26342e-05 2.17529e-05
8.26553e-05 2.2478e-05

8.26542e-05 2.2478e-05
8.26769e-05 2.32031e-05

8.26779e-05 2.32031e-05
8.27025e-05 2.39282e-05

8.27022e-05 2.39282e-05
8.27273e-05 2.46533e-05

8.27278e-05 2.46533e-05
8.27529e-05 2.53784e-05

8.27515e-05 2.53784e-05
8.27784e-05 2.61035e-05

8.27795e-05 2.61035e-05
8.2809e-05 2.68286e-05

8.2809e-05 2.68286e-05
8.2839e-05 2.75537e-05

8.28392e-05 2.75537e-05
8.28693e-05 2.82788e-05

8.28686e-05 2.82788e-05
8.28999e-05 2.90039e-05

8.29001e-05 2.90039e-05
8.29336e-05 2.9729e-05

8.29336e-05 2.9729e-05
8.29687e-05 3.04541e-05

8.29688e-05 3.04541e-05
8.30052e-05 3.11792e-05

8.30052e-05 3.11792e-05
8.30429e-05 3.19043e-05

8.30429e-05 3.19043e-05
8.30818e-05 3.26294e-05

8.30818e-05 3.26294e-05
8.31218e-05 3.33545e-05

8.31218e-05 3.33545e-05
8.31629e-05 3.40796e-05

8.31629e-05 3.40796e-05
8.32051e-05 3.48047e-05

8.32051e-05 3.48047e-05
8.32484e-05 3.55298e-05

8.32484e-05 3.55298e-05
8.32927e-05 3.62549e-05

8.32927e-05 3.62549e-05
8.33379e-05 3.69777e-05

8.3338e-05 3.698e-05
8.33843e-05 3.77051e-05

8.33844e-05 3.77051e-05
8.34318e-05 3.84302e-05

8.34318e-05 3.84302e-05
8.34802e-05 3.91553e-05

8.34803e-05 3.91553e-05
8.35297e-05 3.98804e-05

8.35297e-05 3.98804e-05
8.35801e-05 4.06055e-05

8.35801e-05 4.06055e-05
8.36316e-05 4.13306e-05

8.36316e-05 4.13306e-05
8.3684e-05 4.20557e-05

8.36841e-05 4.20557e-05
8.37375e-05 4.27808e-05

8.37374e-05 4.27808e-05
8.37918e-05 4.35059e-05

8.37918e-05 4.35059e-05
8.38471e-05 4.4231e-05

8.38471e-05 4.4231e-05
8.39033e-05 4.49561e-05

8.39033e-05 4.49561e-05
8.39604e-05 4.56812e-05

8.39604e-05 4.56812e-05
8.40184e-05 4.64062e-05

0.000108793 0
0.000108793 7.25098e-07

0.000108793 7.25098e-07
0.000108794 1.4502e-06

0.000108794 1.4502e-06
0.000108794 2.17529e-06

0.000108794 2.17529e-06
0.000108794 2.90039e-06

0.000108794 2.90039e-06
0.000108794 3.62549e-06

0.000108794 3.62549e-06
0.000108795 4.35059e-06

0.000108795 4.35059e-06
0.000108795 5.07568e-06

0.000108795 5.07568e-06
0.000108796 5.80078e-06

0.000108796 5.80078e-06
0.000108797 6.52588e-06

0.000108797 6.52588e-06
0.000108798 7.25098e-06

0.000108798 7.25098e-06
0.0001088 7.97607e-06

0.0001088 7.97607e-06
0.000108801 8.70117e-06

0.000108801 8.70117e-06
0.000108803 9.42627e-06

0.000108803 9.42627e-06
0.000108805 1.01514e-05

0.000108805 1.01514e-05
0.000108807 1.08765e-05

0.000108807 1.08765e-05
0.00010881 1.16016e-05

0.00010881 1.16016e-05
0.000108813 1.23267e-05

0.000108813 1.23267e-05
0.000108816 1.30518e-05

0.000108816 1.30518e-05
0.00010882 1.37769e-05

0.00010882 1.37769e-05
0.000108824 1.4502e-05

0.000108824 1.4502e-05
0.000108828 1.52271e-05

0.000108828 1.52271e-05
0.000108832 1.59521e-05

0.000108832 1.59521e-05
0.000108836 1.66772e-05

0.000108836 1.66772e-05
0.000108841 1.74023e-05

0.000108841 1.74023e-05
0.000108846 1.81274e-05

0.000108846 1.81274e-05
0.000108851 1.88525e-05

0.000108851 1.88525e-05
0.000108856 1.95776e-05

0.000108856 1.95776e-05
0.000108862 2.03027e-05

0.000108862 2.03027e-05
0.000108868 2.10278e-05

0.000108868 2.10278e-05
0.000108874 2.17529e-05

0.000108874 2.17529e-05
0.00010888 2.2478e-05

0.00010888 2.2478e-05
0.00010888388
0.000126572 0.000213904

0.000126572 0.000213904
0.000126844 0.000214206

0.000134621 0.000185625
0.00013482 0.000185749

0.00013482 0.000185751
0.000135545 0.000186172

0.000135545 0.000186172
0.000135879 0.00018635

0.000135884 0.00018635
0.00013627 0.000186556

0.00013627 0.000186557
0.000136995 0.000186913

0.000136995 0.000186913
0.000137355 0.000187075

0.00013736 0.000187075
0.00013772 0.000187238

0.00013772 0.000187239
0.000138445 0.00018754

0.000138445 0.000187539
0.000139129 0.0001878

0.00013913 0.0001878
0.00013917 0.000187816

0.00013917 0.000187816
0.000139896 0.000188073

0.000139896 0.000188072
0.000140621 0.000188308

0.000140621 0.000188307
0.000141343 0.000188525

0.000141346 0.000188526
0.000142071 0.000188731

0.000142071 0.000188731
0.000142796 0.000188921

0.000142796 0.00018892
0.000143521 0.000189098

0.000143521 0.000189097
0.000144176 0.00018925

0.000144177 0.00018925
0.000144246 0.000189267

0.000144246 0.000189267
0.000144971 0.00018943

0.000144971 0.00018943
0.000145696 0.000189587

0.000145696 0.000189586
0.000146421 0.000189738

0.000146421 0.000189737
0.000147146 0.000189886

0.000147146 0.000189885
0.000147581 0.000189976

0.000147583 0.000189976
0.000147872 0.000190036

0.000147872 0.000190037
0.000148597 0.000190192

0.000148597 0.000190191
0.000149322 0.000190348

0.000149322 0.000190347
0.000150047 0.000190508

0.000126844 0.000214204
0.000127235 0.000214629

0.000127237 0.000214629
0.000127569 0.000214975

0.000127569 0.000214976
0.000127943 0.000215354

0.000127945 0.000215354
0.000128294 0.000215694

0.000128294 0.000215699
0.000128701 0.000216079

0.000128704 0.000216079
0.000129019 0.000216365

0.000129019 0.000216374
0.000129518 0.000216804

0.00012952 0.000216804
0.000129744 0.000216992

0.000129744 0.000217003
0.000130413 0.000217529

0.000130412 0.000217529
0.000130469 0.000217572

0.000130469 0.000217571
0.000131194 0.000218084

0.000131194 0.000218091
0.000131453 0.000218254

0.000131468 0.000218254
0.000131919 0.00021854

0.000131919 0.000218545
0.000132645 0.000218942

0.000132645 0.000218945
0.000132718 0.000218979

0.000132728 0.000218979
0.00013337 0.000219276

0.00013337 0.000219274
0.000134095 0.000219552

0.000134095 0.000219555
0.000134585 0.000219705

0.00013459 0.000219705
0.00013482 0.000219775

0.00013482 0.000219773
0.000135545 0.000219936

0.000135545 0.000219935
0.00013627 0.000220047

0.00013627 0.000220046
0.000136995 0.000220109

0.000136995 0.000220108
0.00013772 0.000220123

0.00013772 0.000220123
0.000138445 0.000220092

0.000138445 0.000220092
0.00013917 0.000220017

0.00013917 0.000220017
0.000139896 0.0002199

0.000139896 0.0002199
0.000140621 0.000219741

0.000141346 0.000219542
0.000140752 0.000219705

0.000140621 0.000219741
0.000140755 0.000219705

0.000141346 0.000219542
0.000142071 0.000219306

0.000142071 0.000219306
0.000142796 0.000219033

0.000143521 0.000218721
0.000142916 0.000218979

0.000143521 0.000218722
0.000144246 0.000218381

0.000142796 0.000219032
0.00014292 0.000218979

0.000146421 0.000217186
0.000145831 0.000217529

0.000147146 0.00021674
0.000147041 0.000216804

0.000146421 0.000217187
0.000147049 0.000216804

0.000144971 0.000218007
0.000144489 0.000218254

0.000144246 0.000218381
0.000144494 0.000218254

0.000144971 0.000218008
0.000145696 0.00021761

0.000145696 0.00021761
0.000145835 0.000217529

0.000148597 0.00021581
0.000148183 0.000216079

0.000147146 0.000216743
0.000147872 0.000216284

0.000147872 0.000216284
0.000148187 0.000216079

0.000149322 0.000215325
0.000149278 0.000215354

0.000148597 0.000215811
0.000149284 0.000215354

0.000149322 0.000215328
0.000150047 0.000214838

0.000150047 0.000190506
0.000150772 0.000190677

0.000150772 0.000190677
0.000150865 0.000190701

0.000150867 0.000190701
0.000151497 0.000190862

0.000151497 0.000190864
0.000152222 0.000191061

0.000152222 0.000191058
0.000152947 0.000191268

0.000152947 0.000191265
0.000153439 0.000191426

0.000153438 0.000191426
0.000153672 0.000191503

0.000153672 0.000191508
0.000154397 0.000191769

0.000154397 0.000191762
0.000155123 0.0001926 2.32031e-05

0.000108886 2.32031e-05
0.000108893 2.39282e-05

0.000108893 2.39282e-05
0.000108899 2.46533e-05

0.000108899 2.46533e-05
0.000108906 2.53784e-05

0.000108906 2.53784e-05
0.000108914 2.61035e-05

0.000108914 2.61035e-05
0.000108921 2.68286e-05

0.000108921 2.68286e-05
0.000108929 2.75537e-05

0.000108929 2.75537e-05
0.000108937 2.82788e-05

0.000108937 2.82788e-05
0.000108946 2.90039e-05

0.000108946 2.90039e-05
0.000108955 2.9729e-05

0.000108955 2.9729e-05
0.000108964 3.04541e-05

0.000108964 3.04541e-05
0.000108974 3.11792e-05

0.000108974 3.11792e-05
0.000108985 3.19043e-05

0.000108985 3.19043e-05
0.000108996 3.26294e-05

0.000108996 3.26294e-05
0.000109007 3.33545e-05

0.000109007 3.33545e-05
0.000109019 3.40796e-05

0.000109019 3.40796e-05
0.000109032 3.48047e-05

0.000109032 3.48047e-05
0.000109045 3.55298e-05

0.000109045 3.55298e-05
0.000109059 3.62549e-05

0.000109059 3.62549e-05
0.000109073 3.698e-05

0.000109073 3.698e-05
0.000109088 3.77051e-05

0.000109088 3.77051e-05
0.000109104 3.84302e-05

0.000109104 3.84302e-05
0.00010912 3.91553e-05

0.00010912 3.91553e-05
0.000109137 3.98804e-05

0.000109137 3.98804e-05
0.000109155 4.06055e-05

0.000109155 4.06055e-05
0.000109173 4.13306e-05

0.000109173 4.13306e-05
0.000109192 4.20557e-05

0.000109192 4.20557e-05
0.000109212 4.27808e-05

0.000109212 4.27808e-05
0.000109233 4.35059e-05

0.000109233 4.35059e-05
0.000109254 4.4231e-05

0.000109254 4.4231e-05
0.000109277 4.49561e-05

0.000109277 4.49561e-05
0.0001093 4.56812e-05

0.0001093 4.56812e-05
0.000109324 4.64062e-05

8.40184e-05 4.64062e-05
8.4063e-05 4.69559e-05

8.4063e-05 4.69561e-05
8.40772e-05 4.71313e-05

8.40772e-05 4.71313e-05
8.4137e-05 4.78564e-05

8.4137e-05 4.78564e-05
8.41976e-05 4.85815e-05

8.41975e-05 4.85815e-05
8.42589e-05 4.93066e-05

8.42589e-05 4.93066e-05
8.43211e-05 5.00317e-05

8.43211e-05 5.00317e-05
8.43841e-05 5.07568e-05

8.43841e-05 5.07568e-05
8.44479e-05 5.14819e-05

8.44479e-05 5.14819e-05
8.45125e-05 5.2207e-05

8.45125e-05 5.2207e-05
8.45778e-05 5.29321e-05

8.45778e-05 5.29321e-05
8.4644e-05 5.36572e-05

8.4644e-05 5.36572e-05
8.47109e-05 5.43823e-05

8.47109e-05 5.43823e-05
8.47786e-05 5.51074e-05

8.47786e-05 5.51074e-05
8.47881e-05 5.5208e-05

8.47881e-05 5.52083e-05
8.48471e-05 5.58325e-05

8.48471e-05 5.58325e-05
8.49164e-05 5.65576e-05

8.49164e-05 5.65576e-05
8.49864e-05 5.72827e-05

8.49864e-05 5.72827e-05
8.50571e-05 5.80078e-05

8.50571e-05 5.80078e-05
8.51285e-05 5.87329e-05

8.51285e-05 5.87329e-05
8.52007e-05 5.9458e-05

8.52007e-05 5.9458e-05
8.52736e-05 6.01831e-05

8.52736e-05 6.01831e-05
8.53472e-05 6.09082e-05

8.53472e-05 6.09082e-05
8.54216e-05 6.16333e-05

8.54216e-05 6.16333e-05
8.54966e-05 6.23584e-05

8.54966e-05 6.23584e-05
8.55132e-05 6.25171e-05

8.55132e-05 6.25175e-05
8.55724e-05 6.30835e-05

8.55725e-05 6.30835e-05
8.56491e-05 6.38086e-05

8.56491e-05 6.38086e-05
8.57263e-05 6.45337e-05

8.57263e-05 6.45337e-05
8.58042e-05 6.52588e-05

8.58042e-05 6.52588e-05
8.58829e-05 6.59839e-05

8.58829e-05 6.59839e-05
8.59622e-05 6.6709e-05

8.59622e-05 6.6709e-05
8.60422e-05 6.74341e-05

8.60422e-05 6.74341e-05
8.61229e-05 6.81592e-05

8.61229e-05 6.81592e-05
8.62043e-05 6.88843e-05

8.62042e-05 6.88843e-05
8.62383e-05 6.9185e-05

8.62383e-05 6.91853e-05
8.62863e-05 6.96094e-05

8.62865e-05 6.96094e-05
8.63694e-05 7.03345e-05

8.63694e-05 7.03345e-05
8.6453e-05 7.10596e-05

8.6453e-05 7.10596e-05
8.65372e-05 7.17847e-05

8.65372e-05 7.17847e-05
8.6622e-05 7.25098e-05

8.6622e-05 7.25098e-05
8.67076e-05 7.32349e-05

8.67076e-05 7.32349e-05
8.67938e-05 7.396e-05

8.67938e-05 7.396e-05
8.68807e-05 7.46851e-05

8.68806e-05 7.46851e-05
8.69634e-05 7.53701e-05

8.69634e-05 7.53703e-05
8.69682e-05 7.54102e-05

8.69682e-05 7.54102e-05
8.70566e-05 7.61353e-05

8.70567e-05 7.61353e-05
8.71459e-05 7.68604e-05

8.71459e-05 7.68604e-05
8.72356e-05 7.75854e-05

8.72356e-05 7.75854e-05
8.7326e-05 7.83105e-05

8.7326e-05 7.83105e-05
8.7417e-05 7.90356e-05

8.7417e-05 7.90356e-05
8.75087e-05 7.97607e-05

8.75087e-05 7.97607e-05
8.7601e-05 8.04858e-05

8.76009e-05 8.04858e-05
8.76885e-05 8.11679e-05

8.76885e-05 8.11681e-05
8.7694e-05 8.12109e-05

8.7694e-05 8.12109e-05
8.77879e-05 8.1936e-05

8.7788e-05 8.1936e-05
8.78827e-05 8.26611e-05

8.78826e-05 8.26611e-05
8.79778e-05 8.33862e-05

8.79778e-05 8.33862e-05
8.80735e-05 8.41113e-05

8.80735e-05 8.41113e-05
8.81699e-05 8.48364e-05

8.81699e-05 8.48364e-05
8.82669e-05 8.55615e-05

8.82669e-05 8.55615e-05
8.83645e-05 8.62866e-05

8.83644e-05 8.62866e-05
8.84136e-05 8.66486e-05

8.84136e-05 8.6649e-05
8.84629e-05 8.70117e-05

8.84631e-05 8.70117e-05
8.85623e-05 8.77368e-05

8.85623e-05 8.77368e-05
8.8662e-05 8.84619e-05

8.86621e-05 8.84619e-05
8.87624e-05 8.9187e-05

8.87624e-05 8.9187e-05
8.88632e-05 8.99121e-05

8.88633e-05 8.99121e-05
8.89647e-05 9.06372e-05

8.89646e-05 9.06372e-05
8.90665e-05 9.13623e-05

8.90664e-05 9.13623e-05
8.91387e-05 9.18724e-05

8.91387e-05 9.18727e-05
8.91691e-05 9.20874e-05

8.91692e-05 9.20874e-05
8.92727e-05 9.28125e-05

0.000109324 4.64062e-05
0.00010935 4.71313e-05

0.00010935 4.71313e-05
0.000109376 4.78564e-05

0.000109376 4.78564e-05
0.000109403 4.85815e-05

0.000109403 4.85815e-05
0.000109431 4.93066e-05

0.000109431 4.93066e-05
0.000109441 4.9554e-05

0.000109441 4.95544e-05
0.000109461 5.00317e-05

0.000109461 5.00317e-05
0.000109491 5.07568e-05

0.000109491 5.07568e-05
0.000109523 5.14819e-05

0.000109523 5.14819e-05
0.000109556 5.2207e-05

0.000109556 5.2207e-05
0.00010959 5.29321e-05

0.00010959 5.29321e-05
0.000109625 5.36572e-05

0.000109625 5.36572e-05
0.000109662 5.43823e-05

0.000109662 5.43823e-05
0.0001097 5.51074e-05

0.0001097 5.51074e-05
0.000109739 5.58325e-05

0.000109739 5.58325e-05
0.000109779 5.65576e-05

0.000109779 5.65576e-05
0.000109821 5.72827e-05

0.000109821 5.72827e-05
0.000109864 5.80078e-05

0.000109864 5.80078e-05
0.000109909 5.87329e-05

0.000109909 5.87329e-05
0.000109955 5.9458e-05

0.000109955 5.9458e-05
0.000110002 6.01831e-05

0.000110002 6.01831e-05
0.00011005 6.09082e-05

0.00011005 6.09082e-05
0.0001101 6.16333e-05

0.0001101 6.16333e-05
0.000110152 6.23584e-05

0.000110152 6.23584e-05
0.000110167 6.25609e-05

0.000110167 6.25613e-05
0.000110205 6.30835e-05

0.000110205 6.30835e-05
0.000110259 6.38086e-05

0.000110259 6.38086e-05
0.000110314 6.45337e-05

0.000110314 6.45337e-05
0.000110371 6.52588e-05

0.000110371 6.52588e-05
0.00011043 6.59839e-05

0.00011043 6.59839e-05
0.00011049 6.6709e-05

0.00011049 6.6709e-05
0.000110552 6.74341e-05

0.000110552 6.74341e-05
0.000110615 6.81592e-05

0.000110615 6.81592e-05
0.000110679 6.88843e-05

0.000110679 6.88843e-05
0.000110745 6.96094e-05

0.000110745 6.96094e-05
0.000110812 7.03345e-05

0.000110812 7.03345e-05
0.000110881 7.10596e-05

0.000110882 7.10596e-05
0.000110892 7.11624e-05

0.000110892 7.11627e-05
0.000110952 7.17847e-05

0.000110952 7.17847e-05
0.000111024 7.25098e-05

0.000111024 7.25098e-05
0.000111097 7.32349e-05

0.000111097 7.32349e-05
0.000111172 7.396e-05

0.000111172 7.396e-05
0.000111248 7.46851e-05

0.000111248 7.46851e-05
0.000111326 7.54102e-05

0.000111326 7.54102e-05
0.000111405 7.61353e-05

0.000111405 7.61353e-05
0.000111485 7.68604e-05

0.000111485 7.68604e-05
0.000111568 7.75854e-05

0.000111568 7.75854e-05
0.000111617 7.80089e-05

0.000111617 7.80092e-05
0.000111652 7.83105e-05

0.000111651 7.83105e-05
0.000111736 7.90356e-05

0.000111736 7.90356e-05
0.000111822 7.97607e-05

0.000111822 7.97607e-05
0.00011191 8.04858e-05

0.00011191 8.04858e-05
0.000111999 8.12109e-05

0.000111999 8.12109e-05
0.000112089 8.1936e-05

0.000112089 8.1936e-05
0.000112181 8.26611e-05

0.000112181 8.26611e-05
0.000112274 8.33862e-05

0.000112274 8.33862e-05
0.000112342 8.39021e-05

0.000112342 8.39023e-05
0.000112369 8.41113e-05

0.000112369 8.41113e-05
0.000112465 8.48364e-05

0.000112465 8.48364e-05
0.000112562 8.55615e-05

0.000112562 8.55615e-05
0.00011266 8.62866e-05

0.00011266 8.62866e-05
0.000112761 8.70117e-05

0.000112761 8.70117e-05
0.000112863 8.77368e-05

0.000112862 8.77368e-05
0.000112966 8.84619e-05

0.000112967 8.84619e-05
0.000113067 8.91471e-05

0.000113067 8.91472e-05
0.0001051

0.000155123 0.000192047
0.000155349 0.000192151

0.000155339 0.000192151
0.000155848 0.000192384

0.000155848 0.000192378
0.000156573 0.00019276

0.000156573 0.000192757
0.000156773 0.000192876

0.000156759 0.000192876
0.000157298 0.000193201

0.000157298 0.000193186
0.000157886 0.000193601

0.000157877 0.000193601
0.000158023 0.000193706

0.000158023 0.000193692
0.000158748 0.000194314

0.000158748 0.000194312
0.000158763 0.000194326

0.000158762 0.000194326
0.000159463 0.000195051

0.000159462 0.000195051
0.000159473 0.000195064

0.000159473 0.000195072
0.000160036 0.000195776

0.000160044 0.000195776
0.000160198 0.000196017

0.000160198 0.00019603
0.000160501 0.000196501

0.000160498 0.000196501
0.000160862 0.000197227

0.000160862 0.000197227
0.000160923 0.000197386

0.000160923 0.000197394
0.000161137 0.000197952

0.000161136 0.000197952
0.000161338 0.000198677

0.000161336 0.000198677
0.000161469 0.000199402

0.000161468 0.000199402
0.000161535 0.000200127

0.000161534 0.000200127
0.000161537 0.000200852

0.000161537 0.000200852
0.000161479 0.000201577

0.000161479 0.000201577
0.000161364 0.000202302

0.000161363 0.000202302
0.000161191 0.000203027

0.000158023 0.000208477
0.000157701 0.000208828

0.000158748 0.000207625
0.000158359 0.000208103

0.000158023 0.000208485
0.000158357 0.000208103

0.000160198 0.00020545
0.000159933 0.000205928

0.000160923 0.000203854
0.000160678 0.000204478

0.000161191 0.000203027
0.000160963 0.000203752

0.000160923 0.000203855
0.000160964 0.000203752

0.000160679 0.000204478
0.000160336 0.000205203

0.000160198 0.000205453
0.000160337 0.000205203

0.000159473 0.000206644
0.000159467 0.000206653

0.000159473 0.000206653
0.000158949 0.000207378

0.000159473 0.000206653
0.000159935 0.000205928

0.000158748 0.000207633
0.000158946 0.000207378

0.000150772 0.000214342
0.000150352 0.000214629

0.000151497 0.000213838
0.000151401 0.000213904

0.000150772 0.000214343
0.000151406 0.000213904

0.000152947 0.000212813
0.000152436 0.000213179

0.000151497 0.000213841
0.000152222 0.000213331

0.000152222 0.00021333
0.00015244 0.000213179

0.000155123 0.000211167
0.00015441 0.000211729

0.000155848 0.000210568
0.000155322 0.000211003

0.000155123 0.000211168
0.000155326 0.000211003

0.000153672 0.000212283
0.000153435 0.000212454

0.000152947 0.000212815
0.000153441 0.000212454

0.000153672 0.000212285
0.000154397 0.000211737

0.000154397 0.000211737
0.000154408 0.000211729

0.000150047 0.000214839
0.000150355 0.000214629

0.000156573 0.000209929
0.000156177 0.000210278

0.000157298 0.000209237
0.000156972 0.000209553

0.000156573 0.000209931
0.000156979 0.000209553

0.000155848 0.000210568
0.000156185 0.000210278

0.000157298 0.000209244
0.000157704 0.000208828

13073 8.9187e-05

0.000113073 8.9187e-05
0.00011318 8.99121e-05

0.00011318 8.99121e-05
0.000113289 9.06372e-05

0.000113289 9.06372e-05
0.0001134 9.13623e-05

0.0001134 9.13623e-05
0.000113513 9.20874e-05

0.000113513 9.20874e-05
0.000113628 9.28125e-05

8.92728e-05 9.28125e-05
8.93768e-05 9.35376e-05

8.93767e-05 9.35376e-05
8.94811e-05 9.42627e-05

8.94811e-05 9.42627e-05
8.95859e-05 9.49878e-05

8.95859e-05 9.49878e-05
8.96911e-05 9.57129e-05

8.9691e-05 9.57129e-05
8.97967e-05 9.6438e-05

8.97965e-05 9.6438e-05
8.98638e-05 9.68962e-05

8.98638e-05 9.68965e-05
8.99029e-05 9.71631e-05

8.99031e-05 9.71631e-05
9.00102e-05 9.78882e-05

9.00102e-05 9.78882e-05
9.01176e-05 9.86133e-05

9.01176e-05 9.86133e-05
9.02253e-05 9.93384e-05

9.02253e-05 9.93384e-05
9.03333e-05 0.000100063

9.03333e-05 0.000100063
9.04416e-05 0.000100789

9.04415e-05 0.000100789
9.05501e-05 0.000101514

9.055e-05 0.000101514
9.05889e-05 0.000101771

9.05889e-05 0.000101772
9.06593e-05 0.000102239

9.06596e-05 0.000102239
9.07695e-05 0.000102964

9.07694e-05 0.000102964
9.08793e-05 0.000103689

9.08794e-05 0.000103689
9.09894e-05 0.000104414

9.09894e-05 0.000104414
9.10996e-05 0.000105139

9.10996e-05 0.000105139
9.12099e-05 0.000105864

9.12099e-05 0.000105864
9.1314e-05 0.000106546

9.1314e-05 0.000106546
9.13206e-05 0.000106589

9.13205e-05 0.000106589
9.1432e-05 0.000107314

9.14323e-05 0.000107314
9.15439e-05 0.00010804

9.15437e-05 0.00010804
9.16552e-05 0.000108765

9.16552e-05 0.000108765
9.17668e-05 0.00010949

9.17668e-05 0.00010949
9.18784e-05 0.000110215

9.18784e-05 0.000110215
9.19901e-05 0.00011094

9.19899e-05 0.00011094
9.20391e-05 0.000111257

9.20391e-05 0.000111258
9.21021e-05 0.000111665

9.21024e-05 0.000111665
9.2215e-05 0.00011239

9.2215e-05 0.00011239
9.23275e-05 0.000113115

9.23275e-05 0.000113115
9.24399e-05 0.00011384

9.24399e-05 0.00011384
9.25521e-05 0.000114565

9.2552e-05 0.000114565
9.26641e-05 0.000115291

9.2664e-05 0.000115291
9.27642e-05 0.000115937

9.27642e-05 0.000115937
9.27763e-05 0.000116016

9.27764e-05 0.000116016
9.28893e-05 0.000116741

9.28895e-05 0.000116741
9.30023e-05 0.000117466

9.30022e-05 0.000117466
9.31147e-05 0.000118191

9.31147e-05 0.000118191
9.3227e-05 0.000118916

9.3227e-05 0.000118916
9.3339e-05 0.000119641

9.3339e-05 0.000119641
9.3451e-05 0.000120366

9.34509e-05 0.000120366
9.34893e-05 0.000120614

9.34893e-05 0.000120614
9.35633e-05 0.000121091

9.35637e-05 0.000121091
9.36764e-05 0.000121816

9.36763e-05 0.000121816
9.37886e-05 0.000122542

9.37886e-05 0.000122542
9.39007e-05 0.000123267

9.39006e-05 0.000123267
9.40125e-05 0.000123992

9.40124e-05 0.000123992
9.41241e-05 0.000124717

9.4124e-05 0.000124717
9.42144e-05 0.000125302

9.42144e-05 0.000125302
9.42359e-05 0.000125442

9.42359e-05 0.000125442
9.43484e-05 0.000126167

9.43487e-05 0.000126167
9.44611e-05 0.000126892

9.4461e-05 0.000126892
9.45731e-05 0.000127617

9.45732e-05 0.000127617
9.46851e-05 0.000128342

9.4685e-05 0.000128342
9.47968e-05 0.000129067

9.47967e-05 0.000129067
9.49087e-05 0.000129792

9.49085e-05 0.000129792
9.49395e-05 0.000129991

9.49395e-05 0.000129992
9.50212e-05 0.000130518

9.50216e-05 0.000130518
9.51347e-05 0.000131243

9.51346e-05 0.000131243
9.52473e-05 0.000131968

9.52473e-05 0.000131968
9.53601e-05 0.000132693

9.53601e-05 0.000132693
9.54728e-05 0.000133418

9.54728e-05 0.000133418
9.55856e-05 0.000134143

9.55853e-05 0.000134143
9.56646e-05 0.000134648

9.56646e-05 0.000134649
9.56989e-05 0.000134868

9.56992e-05 0.000134868
9.58137e-05 0.000135593

9.58138e-05 0.000135593
9.59285e-05 0.000136318

9.59284e-05 0.000136318
9.60431e-05 0.000137043

9.60431e-05 0.000137043
9.6158e-05 0.000137769

9.6158e-05 0.000137769
9.62731e-05 0.000138494

9.62729e-05 0.000138494
9.63889e-05 0.000139219

0.000113628 9.28125e-05
0.000113745 9.35376e-05

0.000113746 9.35376e-05
0.000113792 9.38183e-05

0.000113792 9.38185e-05
0.000113865 9.42627e-05

0.000113865 9.42627e-05
0.000113984 9.49878e-05

0.000113984 9.49878e-05
0.000114105 9.57129e-05

0.000114105 9.57129e-05
0.000114228 9.6438e-05

0.000114228 9.6438e-05
0.000114353 9.71631e-05

0.000114353 9.71631e-05
0.000114479 9.78882e-05

0.00011448 9.78882e-05
0.000114517 9.80985e-05

0.000114517 9.80987e-05
0.000114608 9.86133e-05

0.000114608 9.86133e-05
0.000114736 9.93384e-05

0.000114736 9.93384e-05
0.000114865 0.000100063

0.000114865 0.000100063
0.000114996 0.000100789

0.000114996 0.000100789
0.000115129 0.000101514

0.000115129 0.000101514
0.000115242 0.000102125

0.000115242 0.000102125
0.000115263 0.000102239

0.000115263 0.000102239
0.000115397 0.000102964

0.000115397 0.000102964
0.000115531 0.000103689

0.000115531 0.000103689
0.000115666 0.000104414

0.000115666 0.000104414
0.000115802 0.000105139

0.000115802 0.000105139
0.000115939 0.000105864

0.000115939 0.000105864
0.000115967 0.000106013

0.000115967 0.000106013
0.000116076 0.000106589

0.000116076 0.000106589
0.000116211 0.000107314

0.000116211 0.000107314
0.000116346 0.00010804

0.000116346 0.00010804
0.000116482 0.000108765

0.000116482 0.000108765
0.000116618 0.00010949

0.000116619 0.00010949
0.000116692 0.000109886

0.000116692 0.000109886
0.000116754 0.000110215

0.000116753 0.000110215
0.000116886 0.00011094

0.000116886 0.00011094
0.000117017 0.000111665

0.000117017 0.000111665
0.000117147 0.00011239

0.000117147 0.00011239
0.000117276 0.000113115

0.000117276 0.000113115
0.000117404 0.00011384

0.000117405 0.00011384
0.000117417 0.000113915

0.000117417 0.000113915
0.00011753 0.000114565

0.000117529 0.000114565
0.000117651 0.000115291

0.000117651 0.000115291
0.00011777 0.000116016

0.00011777 0.000116016
0.000117887 0.000116741

0.000117887 0.000116741
0.000118001 0.000117466

0.000118001 0.000117466
0.000118113 0.000118191

0.000118114 0.000118191
0.000118143 0.000118384

0.000118143 0.000118384
0.000118222 0.000118916

0.000118222 0.000118916
0.000118326 0.000119641

0.000118326 0.000119641
0.000118426 0.000120366

0.000118427 0.000120366
0.000118524 0.000121091

0.000118524 0.000121091
0.000118617 0.000121816

0.000118617 0.000121816
0.000118707 0.000122542

0.000118707 0.000122542
0.000118793 0.000123267

0.000118794 0.000123267
0.000118868 0.000123916

0.000118868 0.000123916
0.000118876 0.000123992

0.000118876 0.000123992
0.000118955 0.000124717

0.000118955 0.000124717
0.000119029 0.000125442

0.000119029 0.000125442
0.0001191 0.000126167

0.0001191 0.000126167
0.000119166 0.000126892

0.000119166 0.000126892
0.000119228 0.000127617

0.000119228 0.000127617
0.000119286 0.000128342

0.000119286 0.000128342
0.000119341 0.000129067

0.000119341 0.000129067
0.000119391 0.000129792

0.000119391 0.000129792
0.000119438 0.000130518

0.000119438 0.000130518
0.00011948 0.000131243

0.00011948 0.000131243
0.000119519 0.000131968

0.000119519 0.000131968
0.000119554 0.000132693

0.000119554 0.000132693
0.000119586 0.000133418

0.000119586 0.000133418
0.000119593 0.000133579

0.000119593 0.000133579
0.000119615 0.000134143

0.000119615 0.000134143
0.000119641 0.000134868

0.000119641 0.000134868
0.000119664 0.000135593

0.000119664 0.000135593
0.000119686 0.000136318

0.000119685 0.000136318
0.000119705 0.000137043

0.000119705 0.000137043
0.000119722 0.000137769

0.000119722 0.000137769
0.000119739 0.000138494

0.000119739 0.000138494
0.000119754 0.000139219

9.63889e-05 0.000139219
9.63896e-05 0.000139223

9.63896e-05 0.000139224
9.65061e-05 0.000139944

9.65066e-05 0.000139944
9.66246e-05 0.000140669

9.66244e-05 0.000140669
9.67425e-05 0.000141394

9.67425e-05 0.000141394
9.6861e-05 0.000142119

9.6861e-05 0.000142119
9.698e-05 0.000142844

9.69798e-05 0.000142844
9.70999e-05 0.000143569

9.70999e-05 0.000143569
9.71147e-05 0.000143658

9.71147e-05 0.000143658
9.72218e-05 0.000144294

9.72223e-05 0.000144294
9.73456e-05 0.00014502

9.73455e-05 0.00014502
9.74692e-05 0.000145745

9.74691e-05 0.000145745
9.75934e-05 0.00014647

9.75934e-05 0.00014647
9.77187e-05 0.000147195

9.77184e-05 0.000147195
9.78398e-05 0.000147887

9.78398e-05 0.000147887
9.78455e-05 0.00014792

9.78456e-05 0.00014792
9.79753e-05 0.000148645

9.79758e-05 0.000148645
9.81069e-05 0.00014937

9.81068e-05 0.00014937
9.82386e-05 0.000150095

9.82385e-05 0.000150095
9.83713e-05 0.00015082

9.83711e-05 0.00015082
9.85054e-05 0.000151545

9.85049e-05 0.000151545
9.85649e-05 0.000151862

9.85649e-05 0.000151863
9.86422e-05 0.000152271

9.86431e-05 0.000152271
9.87831e-05 0.000152996

9.8783e-05 0.000152996
9.89239e-05 0.000153721

9.89238e-05 0.000153721
9.9066e-05 0.000154446

9.90657e-05 0.000154446
9.92096e-05 0.000155171

9.9209e-05 0.000155171
9.929e-05 0.000155569

9.929e-05 0.00015557
9.93564e-05 0.000155896

9.93576e-05 0.000155896
9.95082e-05 0.000156621

9.95081e-05 0.000156621
9.96597e-05 0.000157346

9.96596e-05 0.000157346
9.98124e-05 0.000158071

9.9812e-05 0.000158071
9.9967e-05 0.000158796

9.99664e-05 0.000158796
0.000100015 0.000159018

0.000100015 0.000159019
0.000100126 0.000159521

0.000100127 0.000159521
0.000100289 0.000160247

0.000100289 0.000160247
0.000100452 0.000160972

0.000100451 0.000160972
0.000100616 0.000161697

0.000100615 0.000161697
0.00010074 0.000162235

0.00010074 0.000162236
0.000100784 0.000162422

0.000100785 0.000162422
0.000100958 0.000163147

0.000100958 0.000163147
0.000101132 0.000163872

0.000101132 0.000163872
0.000101307 0.000164597

0.000101306 0.000164597
0.000101465 0.000165239

0.000101465 0.00016524
0.000101486 0.000165322

0.000101487 0.000165322
0.000101671 0.000166047

0.000101672 0.000166047
0.000101859 0.000166772

0.000101858 0.000166772
0.000102045 0.000167498

0.000102044 0.000167498
0.00010219 0.000168048

0.00010219 0.000168049
0.000102237 0.000168223

0.000102238 0.000168223
0.000102436 0.000168948

0.000102436 0.000168948
0.000102634 0.000169673

0.000102634 0.000169673
0.000102834 0.000170398

0.000102833 0.000170398
0.000102916 0.000170687

0.000102916 0.000170687
0.00010304 0.000171123

0.000103043 0.000171123
0.000103253 0.000171848

0.000103252 0.000171848
0.000103463 0.000172573

0.000103461 0.000172573
0.000103641 0.000173175

0.000119754 0.000139219
0.000119769 0.000139944

0.000119769 0.000139944
0.000119783 0.000140669

0.000119783 0.000140669
0.000119797 0.000141394

0.000119797 0.000141394
0.000119811 0.000142119

0.000119811 0.000142119
0.000119825 0.000142844

0.000119825 0.000142844
0.000119841 0.000143569

0.000119841 0.000143569
0.000119857 0.000144294

0.000119857 0.000144294
0.000119875 0.00014502

0.000119875 0.00014502
0.000119894 0.000145745

0.000119894 0.000145745
0.000119915 0.00014647

0.000119915 0.00014647
0.000119938 0.000147195

0.000119938 0.000147195
0.000119963 0.00014792

0.000119963 0.00014792
0.000119992 0.000148645

0.000119991 0.000148645
0.000120022 0.00014937

0.000120022 0.00014937
0.000120057 0.000150095

0.000120057 0.000150095
0.000120094 0.00015082

0.000120094 0.00015082
0.000120135 0.000151545

0.000120135 0.000151545
0.00012018 0.000152271

0.00012018 0.000152271
0.000120229 0.000152996

0.000120229 0.000152996
0.000120283 0.000153721

0.000120283 0.000153721
0.000120318 0.000154161

0.000120318 0.000154161
0.000120341 0.000154446

0.000120341 0.000154446
0.000120404 0.000155171

0.000120403 0.000155171
0.000120471 0.000155896

0.000120471 0.000155896
0.000120545 0.000156621

0.000120545 0.000156621
0.000120624 0.000157346

0.000120624 0.000157346
0.000120708 0.000158071

0.000120708 0.000158071
0.000120799 0.000158796

0.000120799 0.000158796
0.000120897 0.000159521

0.000120897 0.000159521
0.000121001 0.000160247

0.000121001 0.000160247
0.000121043 0.000160516

0.000121043 0.000160516
0.000121113 0.000160972

0.000121113 0.000160972
0.000121232 0.000161697

0.000121232 0.000161697
0.000121358 0.000162422

0.000103641 0.000173175
0.000103678 0.000173298

0.00010368 0.000173298
0.000103902 0.000174023

0.000103902 0.000174023
0.000104125 0.000174749

0.000104123 0.000174749
0.00010435 0.000175474

0.000104351 0.000175474
0.000104366 0.000175521

0.000104366 0.00017552
0.000104585 0.000176199

0.000104586 0.000176199
0.000104822 0.000176924

0.00010482 0.000176924
0.000105059 0.000177649

0.000105059 0.000177649
0.000105091 0.000177742

0.000105091 0.000177742
0.000105306 0.000178374

0.000105308 0.000178374
0.000105558 0.000179099

0.000105555 0.000179099
0.000105808 0.000179824

0.000105808 0.000179824
0.000105816 0.000179845

0.000105816 0.000179844
0.000106069 0.000180549

0.00010607 0.000180549
0.000106333 0.000181274

0.00010633 0.000181274
0.000106541 0.000181843

0.000106541 0.000181843
0.000106599 0.000182

0.000106603 0.000182
0.000106878 0.000182725

0.000106876 0.000182725
0.000107153 0.00018345

0.000107151 0.00018345
0.000107266 0.000183741

0.000107266 0.00018374
0.000107438 0.000184175

0.000107442 0.000184175
0.000107733 0.0001849

0.000107728 0.0001849
0.000107991 0.000185544

0.000107991 0.000185544
0.000108024 0.000185625

0.000121358 0.000162422
0.000121493 0.000163147

0.000121493 0.000163147
0.000121636 0.000163872

0.000121636 0.000163872
0.000121768 0.000164496

0.000121768 0.000164496
0.000121789 0.000164597

0.000121789 0.000164597
0.000121951 0.000165322

0.000121951 0.000165322
0.000122123 0.000166047

0.000122122 0.000166047
0.000122305 0.000166772

0.000122305 0.000166772
0.000122493 0.000167479

0.000122493 0.000167479
0.000122498 0.000167498

0.000122498 0.000167498
0.000122702 0.000168223

0.000122702 0.000168223
0.000122918 0.000168948

0.000122918 0.000168948
0.000123148 0.000169673

0.000123147 0.000169673
0.000123218 0.000169885

0.000123218 0.000169883
0.000123391 0.000170398

0.00012339 0.000170398
0.000123647 0.000171123

0.000123647 0.000171123
0.00012392 0.000171848

0.000123919 0.000171848
0.000123943 0.00017191

0.000123943 0.000171909
0.000124207 0.000172573

0.000124207 0.000172573
0.000124512 0.000173298

0.000124512 0.000173298
0.000124668 0.000173649

0.000124668 0.000173647
0.000124837 0.000174023

0.000124835 0.000174023
0.000125179 0.000174749

0.000125178 0.000174749
0.000125394 0.000175177

0.000125394 0.000175174
0.000125544 0.000175474

0.000125543 0.000175474
0.000125929 0.000176199

0.000125928 0.000176199
0.000126119 0.000176535

0.000126119 0.000176532
0.000126341 0.000176924

0.000126341 0.000176924
0.000126778 0.000177649

0.000126778 0.000177649
0.000126844 0.000177754

