0.000671013 0
0.000671019 1.4502e-06

0.000671019 1.4502e-06
0.000671038 2.90039e-06

0.000671038 2.90039e-06
0.000671068 4.35059e-06

0.000671068 4.35059e-06
0.000671108 5.80078e-06

0.00067111 5.80078e-06
0.000671157 7.25098e-06

0.000671158 7.25098e-06
0.000671184 7.97607e-06

0.000671184 7.97607e-06
0.000671209 8.70117e-06

0.000671209 8.70117e-06
0.000671234 9.42627e-06

0.000671234 9.42627e-06
0.000671258 1.01514e-05

0.000671258 1.01514e-05
0.000671282 1.08765e-05

0.000671282 1.08765e-05
0.000671306 1.16016e-05

0.000671306 1.16016e-05
0.00067133 1.23267e-05

0.00067133 1.23267e-05
0.000671354 1.30518e-05

0.000671354 1.30518e-05
0.000671377 1.37769e-05

0.000671377 1.37769e-05
0.000671392 1.4233e-05

0.000671392 1.42329e-05
0.000671401 1.4502e-05

0.000671401 1.4502e-05
0.000671424 1.52271e-05

0.000671424 1.52271e-05
0.000671448 1.59521e-05

0.000671448 1.59521e-05
0.000671471 1.66772e-05

0.000671471 1.66772e-05
0.000671495 1.74023e-05

0.000671495 1.74023e-05
0.000671518 1.81274e-05

0.000671518 1.81274e-05
0.000671542 1.88525e-05

0.000671542 1.88525e-05
0.000671565 1.95776e-05

0.000671565 1.95776e-05
0.000671589 2.03027e-05

0.000671589 2.03027e-05
0.000671612 2.10278e-05

0.000671612 2.10278e-05
0.000671635 2.17529e-05

0.000671635 2.17529e-05
0.000671659 2.2478e-05

0.000671659 2.2478e-05
0.000671683 2.32031e-05

0.000681837 0
0.000681841 1.4502e-06

0.000681844 1.4502e-06
0.000681853 2.90039e-06

0.000681851 2.90039e-06
0.000681865 4.35059e-06

0.000681866 4.35059e-06
0.000681885 5.80078e-06

0.000681884 5.80078e-06
0.000681907 7.25098e-06

0.000681907 7.25098e-06
0.000681933 8.70117e-06

0.000681933 8.70117e-06
0.000681963 1.01514e-05

0.000681964 1.01514e-05
0.000681998 1.16016e-05

0.000681997 1.16016e-05
0.000682035 1.30518e-05

0.000682035 1.30518e-05
0.000682077 1.4502e-05

0.000682077 1.4502e-05
0.000682123 1.59521e-05

0.000682123 1.59521e-05
0.000682173 1.74023e-05

0.000682173 1.74023e-05
0.000682227 1.88525e-05

0.000682227 1.88525e-05
0.000682269 1.98769e-05

0.000682269 1.98766e-05
0.000682286 2.03027e-05

0.000682264 2.03027e-05
0.000682269 2.04098e-05

0.000682286 2.03027e-05
0.000682317 2.10278e-05

0.000682317 2.10278e-05
0.000682349 2.17529e-05

0.000682348 2.17529e-05
0.000682381 2.2478e-05

0.000682381 2.2478e-05
0.000682415 2.32031e-05

0.000671683 2.32031e-05
0.000671706 2.39282e-05

0.000671706 2.39282e-05
0.00067173 2.46533e-05

0.00067173 2.46533e-05
0.000671754 2.53784e-05

0.000671754 2.53784e-05
0.000671778 2.61035e-05

0.000671778 2.61035e-05
0.000671802 2.68286e-05

0.000671802 2.68286e-05
0.000671826 2.75537e-05

0.000671827 2.75537e-05
0.000671851 2.82788e-05

0.000671851 2.82788e-05
0.000671876 2.90039e-05

0.000671876 2.90039e-05
0.000671901 2.9729e-05

0.000671901 2.9729e-05
0.000671927 3.04541e-05

0.000671927 3.04541e-05
0.000671953 3.11792e-05

0.000671953 3.11792e-05
0.00067198 3.19043e-05

0.00067198 3.19043e-05
0.000672007 3.26294e-05

0.000672006 3.26294e-05
0.000672034 3.33545e-05

0.000672034 3.33545e-05
0.000672063 3.40796e-05

0.000672063 3.40796e-05
0.000672092 3.48047e-05

0.000672092 3.48047e-05
0.000672117 3.54296e-05

0.000682414 2.32031e-05
0.000682449 2.39282e-05

0.00068245 2.39282e-05
0.000682485 2.46533e-05

0.000682485 2.46533e-05
0.000682522 2.53784e-05

0.000682522 2.53784e-05
0.000682561 2.61035e-05

0.00068256 2.61035e-05
0.000682601 2.68286e-05

0.000682601 2.68286e-05
0.000682642 2.75537e-05

0.000682642 2.75537e-05
0.000682685 2.82788e-05

0.000682685 2.82788e-05
0.000682729 2.90039e-05

0.000682729 2.90039e-05
0.000682774 2.9729e-05

0.000682775 2.9729e-05
0.000682822 3.04541e-05

0.000682821 3.04541e-05
0.000682871 3.11792e-05

0.000682871 3.11792e-05
0.000682923 3.19043e-05

0.000682922 3.19043e-05
0.000682976 3.26294e-05

0.000682977 3.26294e-05
0.000682994 3.28518e-05

0.000682994 3.28518e-05
0.000683032 3.33545e-05

0.000683032 3.33545e-05
0.00068309 3.40796e-05

0.00068309 3.40796e-05
0.000683151 3.48047e-05

0.000672117 3.54293e-05
0.000672121 3.55298e-05

0.000672121 3.55298e-05
0.000672152 3.62549e-05

0.000672152 3.62549e-05
0.000672184 3.698e-05

0.000672184 3.698e-05
0.000672216 3.77051e-05

0.000672216 3.77051e-05
0.00067225 3.84302e-05

0.00067225 3.84302e-05
0.000672284 3.91553e-05

0.000672284 3.91553e-05
0.000672321 3.98804e-05

0.000672321 3.98804e-05
0.000672358 4.06055e-05

0.000672358 4.06055e-05
0.000672397 4.13306e-05

0.000672397 4.13306e-05
0.000672437 4.20557e-05

0.000672437 4.20557e-05
0.000672479 4.27808e-05

0.000672479 4.27808e-05
0.000672523 4.35059e-05

0.000672523 4.35059e-05
0.000672568 4.4231e-05

0.000672568 4.4231e-05
0.000672616 4.49561e-05

0.000672616 4.49561e-05
0.000672666 4.56812e-05

0.000672666 4.56812e-05
0.000672719 4.64062e-05

0.00068315 3.48047e-05
0.000683213 3.55298e-05

0.000683213 3.55298e-05
0.000683278 3.62549e-05

0.000683278 3.62549e-05
0.000683345 3.698e-05

0.000683346 3.698e-05
0.000683416 3.77051e-05

0.000683415 3.77051e-05
0.000683487 3.84302e-05

0.000683488 3.84302e-05
0.000683563 3.91553e-05

0.000683562 3.91553e-05
0.00068364 3.98804e-05

0.000683641 3.98804e-05
0.000683719 4.05719e-05

0.000672719 4.64062e-05
0.000672774 4.71313e-05

0.000672774 4.71313e-05
0.000672832 4.78564e-05

0.000672832 4.78564e-05
0.000672842 4.79845e-05

0.000672842 4.79845e-05
0.000672892 4.85815e-05

0.000672892 4.85815e-05
0.000672956 4.93066e-05

0.000672956 4.93066e-05
0.000673023 5.00317e-05

0.000673023 5.00317e-05
0.000673094 5.07568e-05

0.000673094 5.07568e-05
0.000673169 5.14819e-05

0.000673169 5.14819e-05
0.000673247 5.2207e-05

0.000673247 5.2207e-05
0.00067333 5.29321e-05

0.000673329 5.29321e-05
0.000673416 5.36572e-05

0.000673416 5.36572e-05
0.000673508 5.43823e-05

0.000673507 5.43823e-05
0.000673567 5.48333e-05

0.000673567 5.48333e-05
0.000673604 5.51074e-05

0.000673604 5.51074e-05
0.000673705 5.58325e-05

0.000673705 5.58325e-05
0.000673812 5.65576e-05

0.000673812 5.65576e-05
0.000673924 5.72827e-05

0.000673924 5.72827e-05
0.000674042 5.80078e-05

0.000674042 5.80078e-05
0.000674166 5.87329e-05

0.000674166 5.87329e-05
0.000674292 5.94369e-05

0.000674292 5.94369e-05
0.000674296 5.9458e-05

0.000674296 5.9458e-05
0.000674433 6.01831e-05

0.000674433 6.01831e-05
0.000674577 6.09082e-05

0.000674577 6.09082e-05
0.000674728 6.16333e-05

0.000674728 6.16333e-05
0.000674887 6.23584e-05

0.000674887 6.23584e-05
0.000675018 6.29292e-05

0.000675018 6.29293e-05
0.000675053 6.30835e-05

0.000675053 6.30835e-05
0.000675227 6.38086e-05

0.000675227 6.38086e-05
0.00067541 6.45337e-05

0.00067541 6.45337e-05
0.0006756 6.52588e-05

0.0006756 6.52588e-05
0.000675743 6.57761e-05

0.000675743 6.57762e-05
0.0006758 6.59839e-05

0.0006758 6.59839e-05
0.000676008 6.6709e-05

0.000676008 6.6709e-05
0.000676226 6.74341e-05

0.000676226 6.74341e-05
0.000676452 6.81592e-05

0.000676452 6.81592e-05
0.000676468 6.82073e-05

0.000676468 6.82072e-05
0.000676688 6.88843e-05

0.000676688 6.88843e-05
0.000676934 6.96094e-05

0.000676934 6.96094e-05
0.000677189 7.03345e-05

0.000677188 7.03345e-05
0.000677193 7.03467e-05

0.000677193 7.03465e-05
0.000677453 7.10596e-05

0.000677453 7.10596e-05
0.000677728 7.17847e-05

0.000677727 7.17847e-05
0.000677918 7.2271e-05

0.000677918 7.22709e-05
0.000678012 7.25098e-05

0.000678012 7.25098e-05
0.000678306 7.32349e-05

0.000678306 7.32349e-05
0.000678609 7.396e-05

0.000678609 7.396e-05
0.000678643 7.40393e-05

0.000678643 7.4039e-05
0.000678922 7.46851e-05

0.000678922 7.46851e-05
0.000679245 7.54102e-05

0.000679245 7.54102e-05
0.000679368 7.56797e-05

0.000679368 7.56794e-05
0.000679577 7.61353e-05

0.000679577 7.61353e-05
0.000679919 7.68604e-05

0.000679918 7.68604e-05
0.000680093 7.72222e-05

0.000680093 7.7222e-05
0.000680269 7.75854e-05

0.000680269 7.75854e-05
0.000680629 7.83105e-05

0.000680629 7.83105e-05
0.000680818 7.8684e-05

0.000680818 7.86838e-05
0.000680997 7.90356e-05

0.000680997 7.90356e-05
0.000681374 7.97607e-05

0.000681374 7.97607e-05
0.000681543 8.00796e-05

0.000681543 8.00793e-05
0.000681759 8.04858e-05

0.00068176 8.04858e-05
0.000682153 8.12109e-05

0.000682153 8.12109e-05
0.000682269 8.14203e-05

0.000682269 8.14198e-05
0.000682554 8.1936e-05

0.000682554 8.1936e-05
0.000682963 8.26611e-05

0.000682963 8.26611e-05
0.000682994 8.27158e-05

0.000682994 8.2715e-05
0.000683378 8.33862e-05

0.000683378 8.33862e-05
0.000683719 8.39705e-05

0.000683719 4.05719e-05
0.000683723 4.06055e-05

0.000683722 4.06055e-05
0.000683807 4.13306e-05

0.000683808 4.13306e-05
0.000683897 4.20557e-05

0.000683896 4.20557e-05
0.000683989 4.27808e-05

0.000683989 4.27808e-05
0.000684085 4.35059e-05

0.000684085 4.35059e-05
0.000684184 4.4231e-05

0.000684185 4.4231e-05
0.000684288 4.49561e-05

0.000684288 4.49561e-05
0.000684395 4.56812e-05

0.000684395 4.56812e-05
0.000684444 4.60001e-05

0.000684444 4.60001e-05
0.000684506 4.64062e-05

0.000684505 4.64062e-05
0.00068462 4.71313e-05

0.00068462 4.71313e-05
0.000684738 4.78564e-05

0.000684738 4.78564e-05
0.00068486 4.85815e-05

0.00068486 4.85815e-05
0.000684986 4.93066e-05

0.000684985 4.93066e-05
0.000685169 5.03316e-05

0.000685169 5.03321e-05
0.000685246 5.07568e-05

0.000685246 5.07568e-05
0.000685382 5.14819e-05

0.000685382 5.14819e-05
0.000685522 5.2207e-05

0.000685521 5.2207e-05
0.000685663 5.29321e-05

0.000685664 5.29321e-05
0.00068581 5.36572e-05

0.000685809 5.36572e-05
0.000685894 5.40694e-05

0.000685894 5.40693e-05
0.000685958 5.43823e-05

0.000685959 5.43823e-05
0.000686112 5.51074e-05

0.000686111 5.51074e-05
0.000686267 5.58325e-05

0.000686268 5.58325e-05
0.000686427 5.65576e-05

0.000686427 5.65576e-05
0.000686589 5.72827e-05

0.00068659 5.72827e-05
0.000686619 5.74118e-05

0.000686619 5.74116e-05
0.000686756 5.80078e-05

0.000686755 5.80078e-05
0.000686924 5.87329e-05

0.000686925 5.87329e-05
0.000687097 5.9458e-05

0.000687096 5.9458e-05
0.000687272 6.01831e-05

0.000687272 6.01831e-05
0.000687344 6.04736e-05

0.000687344 6.04735e-05
0.000687452 6.09082e-05

0.000687452 6.09082e-05
0.000687634 6.16333e-05

0.000687634 6.16333e-05
0.000687821 6.23584e-05

0.00068782 6.23584e-05
0.000688069 6.32979e-05

0.000688069 6.32976e-05
0.000688207 6.38086e-05

0.000688206 6.38086e-05
0.000688405 6.45337e-05

0.000688405 6.45337e-05
0.000688607 6.52588e-05

0.000688606 6.52588e-05
0.000688794 6.59166e-05

0.000688794 6.59166e-05
0.000688814 6.59839e-05

0.000688815 6.59839e-05
0.000689026 6.6709e-05

0.000689025 6.6709e-05
0.00068924 6.74341e-05

0.00068924 6.74341e-05
0.00068946 6.81592e-05

0.00068946 6.81592e-05
0.00068952 6.83533e-05

0.00068952 6.8353e-05
0.000689684 6.88843e-05

0.000689684 6.88843e-05
0.000689913 6.96094e-05

0.000689912 6.96094e-05
0.000690145 7.03345e-05

0.000690145 7.03345e-05
0.000690245 7.06398e-05

0.000690245 7.06397e-05
0.000690382 7.10596e-05

0.000690382 7.10596e-05
0.000690624 7.17847e-05

0.000690624 7.17847e-05
0.00069087 7.25098e-05

0.00069087 7.25098e-05
0.00069097 7.27986e-05

0.00069097 7.27984e-05
0.000691121 7.32349e-05

0.000691121 7.32349e-05
0.000691376 7.396e-05

0.000691375 7.396e-05
0.000691636 7.46851e-05

0.000691636 7.46851e-05
0.000691695 7.48464e-05

0.000691695 7.48461e-05
0.000691901 7.54102e-05

0.000691901 7.54102e-05
0.00069217 7.61353e-05

0.00069217 7.61353e-05
0.00069242 7.67984e-05

0.00069242 7.67984e-05
0.000692443 7.68604e-05

0.000692443 7.68604e-05
0.000692722 7.75854e-05

0.000692722 7.75854e-05
0.000693005 7.83105e-05

0.000693005 7.83105e-05
0.000693145 7.8664e-05

0.000693145 7.86638e-05
0.000693292 7.90356e-05

0.000693293 7.90356e-05
0.000693585 7.97607e-05

0.000693585 7.97607e-05
0.00069387 8.04577e-05

0.00069387 8.04577e-05
0.000693882 8.04858e-05

0.000693882 8.04858e-05
0.000694183 8.12109e-05

0.000683719 8.39703e-05
0.000683801 8.41113e-05

0.000683801 8.41113e-05
0.00068423 8.48364e-05

0.000684229 8.48364e-05
0.000684444 8.5194e-05

0.000684444 8.51936e-05
0.000684664 8.55615e-05

0.000684665 8.55615e-05
0.000685105 8.62866e-05

0.000685105 8.62866e-05
0.000685169 8.63922e-05

0.000685169 8.63909e-05
0.00068555 8.70117e-05

0.000685551 8.70117e-05
0.000685894 8.75647e-05

0.000685894 8.75641e-05
0.000686001 8.77368e-05

0.000686001 8.77368e-05
0.000686456 8.84619e-05

0.000686456 8.84619e-05
0.000686619 8.87204e-05

0.000686619 8.87198e-05
0.000686915 8.9187e-05

0.000686915 8.9187e-05
0.000687344 8.98599e-05

0.000687344 8.98593e-05
0.000687377 8.99121e-05

0.000687378 8.99121e-05
0.000687843 9.06372e-05

0.000687843 9.06372e-05
0.000688069 9.09869e-05

0.000688069 9.09866e-05
0.000688312 9.13623e-05

0.000688312 9.13623e-05
0.000688784 9.20874e-05

0.000688784 9.20874e-05
0.000688794 9.21032e-05

0.000688794 9.2104e-05
0.000689257 9.28125e-05

0.000694183 8.12109e-05
0.000694489 8.1936e-05

0.000694489 8.1936e-05
0.000694595 8.21855e-05

0.000694595 8.21853e-05
0.000694799 8.26611e-05

0.000694799 8.26611e-05
0.000695113 8.33862e-05

0.000695114 8.33862e-05
0.00069532 8.38563e-05

0.00069532 8.38562e-05
0.000695433 8.41113e-05

0.000695432 8.41113e-05
0.000695755 8.48364e-05

0.000695755 8.48364e-05
0.000696045 8.54787e-05

0.000696045 8.54786e-05
0.000696083 8.55615e-05

0.000696083 8.55615e-05
0.000696414 8.62866e-05

0.000696414 8.62866e-05
0.00069675 8.70117e-05

0.00069675 8.70117e-05
0.000696771 8.70566e-05

0.000696771 8.70563e-05
0.000697089 8.77368e-05

0.000697089 8.77368e-05
0.000697432 8.84619e-05

0.000697432 8.84619e-05
0.000697496 8.8595e-05

0.000697496 8.85948e-05
0.000697779 8.9187e-05

0.000697779 8.9187e-05
0.000698129 8.99121e-05

0.000698129 8.99121e-05
0.000698221 9.00994e-05

0.000698221 9.00992e-05
0.000698483 9.06372e-05

0.000698483 9.06372e-05
0.000698841 9.13623e-05

0.000698841 9.13623e-05
0.000698946 9.15737e-05

0.000698946 9.15736e-05
0.000699201 9.20874e-05

0.000699201 9.20874e-05
0.000699565 9.28125e-05

0.000689257 9.28125e-05
0.00068952 9.32125e-05

0.00068952 9.32122e-05
0.000689733 9.35376e-05

0.000689733 9.35376e-05
0.00069021 9.42627e-05

0.000690211 9.42627e-05
0.000690245 9.43149e-05

0.000690245 9.43149e-05
0.000690689 9.49878e-05

0.000690689 9.49878e-05
0.00069097 9.54126e-05

0.00069097 9.54122e-05
0.000691168 9.57129e-05

0.000691169 9.57129e-05
0.000691649 9.6438e-05

0.00069165 9.6438e-05
0.000691695 9.65073e-05

0.000691695 9.6507e-05
0.00069213 9.71631e-05

0.00069213 9.71631e-05
0.00069242 9.75993e-05

0.00069242 9.75987e-05
0.000692612 9.78882e-05

0.000692612 9.78882e-05
0.000693094 9.86133e-05

0.000693095 9.86133e-05
0.000693145 9.86909e-05

0.000693145 9.86904e-05
0.000693576 9.93384e-05

0.000693576 9.93384e-05
0.00069387 9.97814e-05

0.00069387 9.97809e-05
0.000694057 0.000100063

0.000694058 0.000100063
0.000694539 0.000100789

0.00069454 0.000100789
0.000694595 0.000100874

0.000694595 0.000100873
0.00069502 0.000101514

0.000695021 0.000101514
0.00069532 0.000101966

0.000699565 9.28125e-05
0.000699671 9.30222e-05

0.000699671 9.3022e-05
0.000699932 9.35376e-05

0.000699932 9.35376e-05
0.000700301 9.42627e-05

0.000700301 9.42627e-05
0.000700396 9.44478e-05

0.000700396 9.44476e-05
0.000700673 9.49878e-05

0.000700673 9.49878e-05
0.000701048 9.57129e-05

0.000701048 9.57129e-05
0.000701121 9.5854e-05

0.00069532 0.000101965
0.000695501 0.000102239

0.000695502 0.000102239
0.000695982 0.000102964

0.000695983 0.000102964
0.000696045 0.000103061

0.000696045 0.00010306
0.000696462 0.000103689

0.000696462 0.000103689
0.000696771 0.000104157

0.000696771 0.000104156
0.00069694 0.000104414

0.000701121 9.58539e-05
0.000701425 9.6438e-05

0.000701425 9.6438e-05
0.000701804 9.71631e-05

0.000701804 9.71631e-05
0.000701846 9.72434e-05

0.000701846 9.72432e-05
0.000702185 9.78882e-05

0.000702185 9.78882e-05
0.000702569 9.86133e-05

0.000702569 9.86133e-05
0.000702571 9.86185e-05

0.000702571 9.86183e-05
0.000702954 9.93384e-05

0.000702954 9.93384e-05
0.000703296 9.99808e-05

0.000703296 9.99808e-05
0.00070334 0.000100063

0.000703341 0.000100063
0.000703729 0.000100789

0.000703729 0.000100789
0.000704021 0.000101333

0.000704021 0.000101333
0.000704119 0.000101514

0.000704119 0.000101514
0.00070451 0.000102239

0.00070451 0.000102239
0.000704747 0.000102677

0.000704747 0.000102677
0.000704902 0.000102964

0.000704902 0.000102964
0.000705295 0.000103689

0.000705295 0.000103689
0.000705472 0.000104014

0.000705472 0.000104014
0.000705689 0.000104414

0.000696941 0.000104414
0.000697419 0.000105139

0.00069742 0.000105139
0.000697496 0.000105257

0.000697496 0.000105256
0.000697896 0.000105864

0.000697896 0.000105864
0.000698221 0.000106358

0.000698221 0.000106357
0.000698373 0.000106589

0.000698373 0.000106589
0.000698849 0.000107314

0.000698849 0.000107314
0.000698946 0.000107464

0.000698946 0.000107463
0.000699323 0.00010804

0.000699323 0.00010804
0.000699671 0.000108572

0.000699671 0.000108571
0.000699796 0.000108765

0.000699797 0.000108765
0.000700269 0.00010949

0.00070027 0.00010949
0.000700396 0.000109686

0.000700396 0.000109685
0.000700741 0.000110215

0.000700741 0.000110215
0.000701121 0.000110801

0.000705689 0.000104414
0.000706084 0.000105139

0.000706084 0.000105139
0.000706197 0.000105345

0.000706197 0.000105345
0.00070648 0.000105864

0.00070648 0.000105864
0.000706877 0.000106589

0.000706877 0.000106589
0.000706922 0.000106672

0.000701121 0.0001108
0.00070121 0.00011094

0.000701211 0.00011094
0.00070168 0.000111665

0.00070168 0.000111665
0.000701846 0.000111923

0.000701846 0.000111923
0.000702148 0.00011239

0.000702148 0.00011239
0.000702571 0.000113048

0.000702571 0.000113047
0.000702614 0.000113115

0.000702614 0.000113115
0.00070308 0.00011384

0.00070308 0.00011384
0.000703296 0.000114179

0.000703296 0.000114179
0.000703544 0.000114565

0.000703544 0.000114565
0.000704007 0.000115291

0.000704007 0.000115291
0.000704021 0.000115314

0.000704021 0.000115314
0.000704468 0.000116016

0.000704468 0.000116016
0.000704747 0.000116455

0.000704747 0.000116455
0.000704928 0.000116741

0.000704928 0.000116741
0.000705386 0.000117466

0.000705386 0.000117466
0.000705472 0.000117603

0.000705472 0.000117602
0.000705843 0.000118191

0.000705843 0.000118191
0.000706197 0.000118754

0.000706197 0.000118753
0.000706298 0.000118916

0.000706299 0.000118916
0.000706753 0.000119641

0.000706753 0.000119641
0.000706922 0.000119913

0.000706922 0.000106672
0.000707274 0.000107314

0.000707274 0.000107314
0.000707647 0.000107995

0.000707647 0.000107995
0.000707671 0.00010804

0.000707671 0.00010804
0.000708069 0.000108765

0.000708069 0.000108765
0.000708372 0.000109316

0.000708372 0.000109316
0.000708467 0.00010949

0.000708467 0.00010949
0.000708866 0.000110215

0.000708866 0.000110215
0.000709097 0.000110635

0.000709097 0.000110635
0.000709265 0.00011094

0.000709265 0.00011094
0.000709664 0.000111665

0.000709664 0.000111665
0.000709822 0.000111954

0.000709822 0.000111953
0.000710063 0.00011239

0.000710063 0.00011239
0.000710462 0.000113115

0.000710462 0.000113115
0.000710547 0.000113271

0.000710547 0.000113271
0.000710861 0.00011384

0.000710861 0.00011384
0.000711259 0.000114565

0.000711259 0.000114565
0.000711272 0.000114589

0.000711272 0.000114589
0.000711658 0.000115291

0.000711658 0.000115291
0.000711998 0.000115908

0.000711998 0.000115908
0.000712057 0.000116016

0.000706922 0.000119912
0.000707205 0.000120366

0.000707205 0.000120366
0.000707647 0.000121076

0.000707647 0.000121076
0.000707656 0.000121091

0.000707656 0.000121091
0.000708106 0.000121816

0.000712057 0.000116016
0.000712455 0.000116741

0.000712455 0.000116741
0.000712723 0.000117227

0.000708106 0.000121816
0.000708372 0.000122248

0.000708372 0.000122248
0.000708554 0.000122542

0.000708554 0.000122542
0.000709 0.000123267

0.000709 0.000123267
0.000709097 0.000123426

0.000709097 0.000123425
0.000709445 0.000123992

0.000709445 0.000123992
0.000709822 0.000124609

0.000709822 0.000124608
0.000709888 0.000124717

0.000709888 0.000124717
0.00071033 0.000125442

0.00071033 0.000125442
0.000710547 0.0001258

0.000710547 0.0001258
0.00071077 0.000126167

0.00071077 0.000126167
0.000711209 0.000126892

0.000711209 0.000126892
0.000711272 0.000126998

0.000711272 0.000126997
0.000711646 0.000127617

0.000712723 0.000117227
0.000712854 0.000117466

0.000712854 0.000117466
0.000713251 0.000118191

0.000713251 0.000118191
0.000713448 0.000118549

0.000713448 0.000118549
0.000713649 0.000118916

0.000713649 0.000118916
0.000714046 0.000119641

0.000714046 0.000119641
0.000714173 0.000119872

0.000714173 0.000119872
0.000714443 0.000120366

0.000714443 0.000120366
0.00071484 0.000121091

0.00071484 0.000121091
0.000714898 0.000121198

0.000714898 0.000121198
0.000715236 0.000121816

0.000715236 0.000121816
0.000715623 0.000122526

0.000715623 0.000122526
0.000715631 0.000122542

0.000715631 0.000122542
0.000716027 0.000123267

0.000716027 0.000123267
0.000716348 0.000123857

0.000716348 0.000123857
0.000716421 0.000123992

0.000716421 0.000123992
0.000716815 0.000124717

0.000716815 0.000124717
0.000717073 0.000125192

0.000717073 0.000125192
0.000717209 0.000125442

0.000717209 0.000125442
0.000717602 0.000126167

0.000717602 0.000126167
0.000717798 0.00012653

0.000717798 0.00012653
0.000717994 0.000126892

0.000717994 0.000126892
0.000718386 0.000127617

0.000711646 0.000127617
0.000711998 0.000128202

0.000711998 0.000128202
0.000712082 0.000128342

0.000712082 0.000128342
0.000712516 0.000129067

0.000712516 0.000129067
0.000712723 0.000129414

0.000712723 0.000129414
0.000712949 0.000129792

0.000712949 0.000129792
0.00071338 0.000130518

0.00071338 0.000130518
0.000713448 0.000130633

0.000713448 0.000130632
0.000713809 0.000131243

0.000713809 0.000131243
0.000714173 0.000131858

0.000714173 0.000131858
0.000714238 0.000131968

0.000714238 0.000131968
0.000714665 0.000132693

0.000714664 0.000132693
0.000714898 0.000133091

0.000714898 0.000133091
0.00071509 0.000133418

0.000718386 0.000127617
0.000718523 0.000127872

0.00071509 0.000133418
0.000715514 0.000134143

0.000715514 0.000134143
0.000715623 0.000134331

0.000715623 0.00013433
0.000715936 0.000134868

0.000715937 0.000134868
0.000716348 0.000135577

0.000716348 0.000135577
0.000716358 0.000135593

0.000716358 0.000135593
0.000716778 0.000136318

0.000716778 0.000136318
0.000717073 0.000136831

0.000717073 0.000136831
0.000717196 0.000137043

0.000717196 0.000137043
0.000717613 0.000137769

0.000717613 0.000137769
0.000717798 0.000138091

0.000717798 0.000138091
0.000718029 0.000138494

0.000718029 0.000138494
0.000718444 0.000139219

0.000718523 0.000127872
0.000718777 0.000128342

0.000718777 0.000128342
0.000719168 0.000129067

0.000719168 0.000129067
0.000719249 0.000129217

0.000719249 0.000129217
0.000719558 0.000129792

0.000719558 0.000129792
0.000719947 0.000130518

0.000719947 0.000130518
0.000719974 0.000130567

0.000719974 0.000130567
0.000720336 0.000131243

0.000720336 0.000131243
0.000720699 0.00013192

0.000720699 0.00013192
0.000720724 0.000131968

0.000720724 0.000131968
0.000721112 0.000132693

0.000721112 0.000132693
0.000721424 0.000133278

0.000721424 0.000133278
0.000721499 0.000133418

0.000721499 0.000133418
0.000721885 0.000134143

0.000721885 0.000134143
0.000722149 0.00013464

0.000722149 0.00013464
0.00072227 0.000134868

0.00072227 0.000134868
0.000722655 0.000135593

0.000722655 0.000135593
0.000722874 0.000136006

0.000722874 0.000136006
0.000723039 0.000136318

0.000723039 0.000136318
0.000723423 0.000137043

0.000723423 0.000137043
0.000723599 0.000137377

0.000723599 0.000137377
0.000723806 0.000137769

0.000723806 0.000137769
0.000724188 0.000138494

0.000724188 0.000138494
0.000724324 0.000138752

0.000724324 0.000138752
0.00072457 0.000139219

0.000718444 0.000139219
0.000718523 0.000139358

0.000718523 0.000139358
0.000718857 0.000139944

0.000718858 0.000139944
0.000719249 0.000140632

0.000719249 0.000140631
0.00071927 0.000140669

0.00071927 0.000140669
0.000719681 0.000141394

0.000719681 0.000141394
0.000719974 0.000141912

0.000719974 0.000141912
0.000720091 0.000142119

0.000720091 0.000142119
0.000720499 0.000142844

0.000720499 0.000142844
0.000720699 0.000143199

0.000720699 0.000143199
0.000720907 0.000143569

0.000720907 0.000143569
0.000721314 0.000144294

0.000721313 0.000144294
0.000721424 0.000144492

0.000721424 0.000144491
0.000721719 0.00014502

0.000721719 0.00014502
0.000722124 0.000145745

0.000722123 0.000145745
0.000722149 0.000145791

0.000722149 0.00014579
0.000722527 0.00014647

0.000722527 0.00014647
0.000722874 0.000147095

0.000722874 0.000147095
0.00072293 0.000147195

0.00072293 0.000147195
0.000723331 0.00014792

0.000723331 0.00014792
0.000723599 0.000148405

0.000723599 0.000148404
0.000723732 0.000148645

0.000723732 0.000148645
0.000724132 0.00014937

0.000724132 0.00014937
0.000724324 0.00014972

0.00072457 0.000139219
0.000724951 0.000139944

0.000724951 0.000139944
0.000725049 0.000140131

0.000725049 0.000140131
0.000725332 0.000140669

0.000725332 0.000140669
0.000725712 0.000141394

0.000725712 0.000141394
0.000725774 0.000141514

0.000725774 0.000141514
0.000726091 0.000142119

0.000726091 0.000142119
0.00072647 0.000142844

0.00072647 0.000142844
0.0007265 0.0001429

0.0007265 0.0001429
0.000726849 0.000143569

0.000726849 0.000143569
0.000727225 0.000144291

0.000727225 0.000144291
0.000727227 0.000144294

0.000727227 0.000144294
0.000727604 0.00014502

0.000724324 0.000149719
0.000724531 0.000150095

0.000724531 0.000150095
0.00072493 0.00015082

0.000727604 0.00014502
0.00072795 0.000145684

0.00072795 0.000145684
0.000727981 0.000145745

0.000727981 0.000145745
0.000728358 0.00014647

0.000728358 0.00014647
0.000728675 0.000147081

0.000728675 0.000147081
0.000728734 0.000147195

0.000728734 0.000147195
0.00072911 0.00014792

0.00072911 0.00014792
0.0007294 0.00014848

0.0007294 0.00014848
0.000729485 0.000148645

0.000729485 0.000148645
0.00072986 0.00014937

0.00072986 0.00014937
0.000730125 0.000149882

0.000724929 0.00015082
0.000725049 0.000151039

0.000725049 0.000151039
0.000725327 0.000151545

0.000725327 0.000151545
0.000725724 0.000152271

0.000725724 0.000152271
0.000725774 0.000152363

0.000725774 0.000152363
0.00072612 0.000152996

0.00072612 0.000152996
0.0007265 0.00015369

0.0007265 0.00015369
0.000726516 0.000153721

0.000726516 0.000153721
0.000726911 0.000154446

0.000726911 0.000154446
0.000727225 0.000155022

0.000727225 0.000155022
0.000727306 0.000155171

0.000727306 0.000155171
0.0007277 0.000155896

0.0007277 0.000155896
0.00072795 0.000156356

0.00072795 0.000156356
0.000728094 0.000156621

0.000728094 0.000156621
0.000728487 0.000157346

0.000728487 0.000157346
0.000728675 0.000157693

0.000728675 0.000157692
0.00072888 0.000158071

0.00072888 0.000158071
0.000729273 0.000158796

0.000729273 0.000158796
0.0007294 0.000159031

0.0007294 0.000159031
0.000729665 0.000159521

0.000729666 0.000159521
0.000730058 0.000160247

0.000730058 0.000160247
0.000730125 0.000160371

0.000730125 0.000149882
0.000730235 0.000150095

0.000730235 0.000150095
0.00073061 0.00015082

0.00073061 0.00015082
0.00073085 0.000151285

0.00073085 0.000151285
0.000730984 0.000151545

0.000730984 0.000151545
0.000731359 0.000152271

0.000731359 0.000152271
0.000731575 0.000152691

0.000731575 0.000152691
0.000731733 0.000152996

0.000731733 0.000152996
0.000732106 0.000153721

0.000732106 0.000153721
0.0007323 0.000154097

0.0007323 0.000154097
0.00073248 0.000154446

0.00073248 0.000154446
0.000732854 0.000155171

0.000732854 0.000155171
0.000733025 0.000155504

0.000733025 0.000155504
0.000733228 0.000155896

0.000733228 0.000155896
0.000733601 0.000156621

0.000730125 0.000160371
0.00073045 0.000160972

0.00073045 0.000160972
0.000730842 0.000161697

0.000730842 0.000161697
0.00073085 0.000161712

0.00073085 0.000161711
0.000731234 0.000162422

0.000733601 0.000156621
0.00073375 0.000156911

0.00073375 0.000156911
0.000733975 0.000157346

0.000733975 0.000157346
0.000734349 0.000158071

0.000734349 0.000158071
0.000734476 0.000158317

0.000734476 0.000158317
0.000734723 0.000158796

0.000734723 0.000158796
0.000735097 0.000159521

0.000735097 0.000159521
0.000735201 0.000159722

0.000735201 0.000159722
0.000735471 0.000160247

0.000735471 0.000160247
0.000735846 0.000160972

0.000735846 0.000160972
0.000735926 0.000161126

0.000735926 0.000161126
0.000736221 0.000161697

0.000736221 0.000161697
0.000736596 0.000162422

0.000731234 0.000162422
0.000731575 0.000163052

0.000731575 0.000163052
0.000731627 0.000163147

0.000731627 0.000163147
0.000732019 0.000163872

0.000732019 0.000163872
0.0007323 0.000164392

0.0007323 0.000164392
0.000732411 0.000164597

0.000732411 0.000164597
0.000732804 0.000165322

0.000732804 0.000165322
0.000733025 0.000165731

0.000733025 0.00016573
0.000733197 0.000166047

0.000733197 0.000166047
0.000733591 0.000166772

0.000733591 0.000166772
0.00073375 0.000167067

0.00073375 0.000167067
0.000733985 0.000167498

0.000733985 0.000167498
0.000734379 0.000168223

0.000734379 0.000168223
0.000734476 0.0001684

0.000734476 0.0001684
0.000734774 0.000168948

0.000734774 0.000168948
0.00073517 0.000169673

0.00073517 0.000169673
0.000735201 0.00016973

0.000735201 0.000169729
0.000735566 0.000170398

0.000735566 0.000170398
0.000735926 0.000171054

0.000736596 0.000162422
0.000736651 0.000162527

0.000736651 0.000162527
0.000736972 0.000163147

0.000736972 0.000163147
0.000737348 0.000163872

0.000737348 0.000163872
0.000737376 0.000163925

0.000737376 0.000163925
0.000737725 0.000164597

0.000737725 0.000164597
0.000738101 0.00016532

0.000738101 0.00016532
0.000738102 0.000165322

0.000738102 0.000165322
0.000738481 0.000166047

0.000738481 0.000166047
0.000738826 0.000166709

0.000738826 0.000166709
0.000738859 0.000166772

0.000738859 0.000166772
0.000739239 0.000167498

0.000739239 0.000167498
0.000739551 0.000168093

0.000739551 0.000168093
0.000739619 0.000168223

0.000735926 0.000171054
0.000735963 0.000171123

0.000735963 0.000171123
0.000736361 0.000171848

0.000736361 0.000171848
0.000736651 0.000172374

0.000736651 0.000172374
0.000736761 0.000172573

0.000736761 0.000172573
0.000737161 0.000173298

0.000737161 0.000173298
0.000737376 0.000173687

0.000737376 0.000173687
0.000737562 0.000174023

0.000739619 0.000168223
0.000740001 0.000168948

0.000740001 0.000168948
0.000740276 0.000169471

0.000740276 0.000169471
0.000740383 0.000169673

0.000740383 0.000169673
0.000740766 0.000170398

0.000740766 0.000170398
0.000741001 0.000170841

0.000741001 0.000170841
0.000741151 0.000171123

0.000741151 0.000171123
0.000741537 0.000171848

0.000741537 0.000171848
0.000741727 0.000172204

0.000737562 0.000174023
0.000737965 0.000174749

0.000737964 0.000174749
0.000738101 0.000174994

0.000738101 0.000174993
0.000738369 0.000175474

0.000738369 0.000175474
0.000738774 0.000176199

0.000738774 0.000176199
0.000738826 0.000176292

0.000738826 0.000176292
0.000739181 0.000176924

0.000739181 0.000176924
0.000739551 0.000177581

0.000739551 0.000177581
0.000739589 0.000177649

0.000739589 0.000177649
0.00074 0.000178374

0.00074 0.000178374
0.000740276 0.000178861

0.000740276 0.00017886
0.000740412 0.000179099

0.000740412 0.000179099
0.000740826 0.000179824

0.000740826 0.000179824
0.000741001 0.00018013

0.000741001 0.00018013
0.000741242 0.000180549

0.000741243 0.000180549
0.000741661 0.000181274

0.000741661 0.000181274
0.000741727 0.000181388

0.000741727 0.000172204
0.000741924 0.000172573

0.000741924 0.000172573
0.000742312 0.000173298

0.000742312 0.000173298
0.000742452 0.000173558

0.000742452 0.000173558
0.000742702 0.000174023

0.000742702 0.000174023
0.000743094 0.000174749

0.000743094 0.000174749
0.000743177 0.000174902

0.000743177 0.000174902
0.000743487 0.000175474

0.000743487 0.000175474
0.000743882 0.000176199

0.000743882 0.000176199
0.000743902 0.000176235

0.000743902 0.000176235
0.000744279 0.000176924

0.000744279 0.000176924
0.000744627 0.000177556

0.000744627 0.000177556
0.000744678 0.000177649

0.000744678 0.000177649
0.000745079 0.000178374

0.000745079 0.000178374
0.000745352 0.000178864

0.000745352 0.000178864
0.000745483 0.000179099

0.000745483 0.000179099
0.000745889 0.000179824

0.000741727 0.000181387
0.000742082 0.000182

0.000742082 0.000182
0.000742452 0.000182633

0.000742452 0.000182632
0.000742505 0.000182725

0.000742505 0.000182725
0.000742931 0.00018345

0.000742931 0.00018345
0.000743177 0.000183865

0.000743177 0.000183865
0.00074336 0.000184175

0.00074336 0.000184175
0.000743792 0.0001849

0.000743792 0.0001849
0.000743902 0.000185084

0.000743902 0.000185083
0.000744227 0.000185625

0.000745889 0.000179824
0.000746077 0.000180159

0.000746077 0.000180159
0.000746297 0.000180549

0.000746297 0.000180549
0.000746708 0.000181274

0.000746708 0.000181274
0.000746802 0.000181439

0.000746802 0.000181439
0.000747122 0.000182

0.000747122 0.000182
0.000747527 0.000182703

0.000747527 0.000182703
0.000747539 0.000182725

0.000747539 0.000182725
0.00074796 0.00018345

0.00074796 0.00018345
0.000748252 0.00018395

0.000748252 0.00018395
0.000748384 0.000184175

0.000748384 0.000184175
0.000748811 0.0001849

0.000748811 0.0001849
0.000748978 0.000185179

0.000748978 0.000185179
0.000749243 0.000185625

0.000744227 0.000185625
0.000744627 0.000186286

0.000744627 0.000186286
0.000744665 0.00018635

0.000744665 0.00018635
0.000745107 0.000187075

0.000745107 0.000187075
0.000745352 0.000187474

0.000745352 0.000187474
0.000745553 0.0001878

0.000745553 0.0001878
0.000746002 0.000188525

0.000746003 0.000188525
0.000746077 0.000188646

0.000746077 0.000188645
0.000746456 0.00018925

0.000746456 0.00018925
0.000746802 0.000189799

0.000746802 0.000189798
0.000746914 0.000189976

0.000746914 0.000189976
0.000747377 0.000190701

0.000747377 0.000190701
0.000747527 0.000190935

0.000749243 0.000185625
0.000749678 0.00018635

0.000749679 0.00018635
0.000749703 0.000186391

0.000749703 0.000186391
0.000750118 0.000187075

0.000750118 0.000187075
0.000750428 0.000187581

0.000747527 0.000190935
0.000747844 0.000191426

0.000750428 0.000187581
0.000750562 0.0001878

0.000750562 0.0001878
0.000751011 0.000188525

0.000751011 0.000188525
0.000751153 0.000188752

0.000751153 0.000188751
0.000751466 0.00018925

0.000751466 0.00018925
0.000751878 0.000189901

0.000751878 0.0001899
0.000751925 0.000189976

0.000751925 0.000189976
0.000752391 0.000190701

0.000752391 0.000190701
0.000752603 0.000191027

0.000752603 0.000191027
0.000752862 0.000191426

0.000747844 0.000191426
0.000748252 0.000192052

0.000748252 0.000192051
0.000748316 0.000192151

0.000748317 0.000192151
0.000748795 0.000192876

0.000748795 0.000192876
0.000748978 0.00019315

0.000748978 0.00019315
0.000749279 0.000193601

0.000749279 0.000193601
0.000749703 0.000194228

0.000749703 0.000194227
0.000749768 0.000194326

0.000749769 0.000194326
0.000750265 0.000195051

0.000750266 0.000195051
0.000750428 0.000195287

0.000752862 0.000191426
0.000753328 0.000192132

0.000750428 0.000195285
0.000750768 0.000195776

0.000750768 0.000195776
0.000751153 0.000196322

0.000751153 0.00019632
0.000751278 0.000196501

0.000751279 0.000196501
0.000751797 0.000197227

0.000751799 0.000197227
0.000751878 0.000197338

0.000751878 0.000197339
0.000752323 0.000197952

0.000752324 0.000197952
0.000752603 0.000198332

0.000752603 0.00019833
0.000752857 0.000198677

0.000752858 0.000198677
0.000753328 0.000199304

0.000753328 0.000192132
0.00075334 0.000192151

0.00075334 0.000192151
0.000753825 0.000192876

0.000753825 0.000192876
0.000754053 0.000193212

0.000754053 0.000193212
0.000754317 0.000193601

0.000754317 0.000193601
0.000754778 0.00019427

0.000754778 0.00019427
0.000754817 0.000194326

0.000754817 0.000194326
0.000755325 0.000195051

0.000755327 0.000195051
0.000755503 0.000195304

0.000755503 0.000195302
0.000755842 0.000195776

0.000755842 0.000195776
0.000756229 0.000196309

0.000756229 0.000196308
0.000756367 0.000196501

0.000756368 0.000196501
0.000756904 0.000197227

0.000753328 0.000199304
0.000753401 0.000199402

0.000753401 0.000199402
0.000753955 0.000200127

0.000753957 0.000200127
0.000754053 0.000200253

0.000754053 0.000200254
0.000754518 0.000200852

0.000754521 0.000200852
0.000754778 0.000201184

0.000754778 0.00020118
0.000755091 0.000201577

0.000755092 0.000201577
0.000755503 0.000202087

0.000755503 0.000202086
0.000755678 0.000202302

0.000755678 0.000202302
0.000756229 0.00020297

0.000756906 0.000197227
0.000756954 0.000197291

0.000756954 0.000197293
0.00075745 0.000197952

0.000757453 0.000197952
0.000757679 0.000198253

0.000757679 0.000198249
0.000758007 0.000198677

0.000758007 0.000198677
0.000758404 0.000199182

0.000758404 0.000199181
0.000758576 0.000199402

0.000758576 0.000199402
0.000759129 0.00020009

0.000756229 0.00020297
0.000756276 0.000203027

0.000756276 0.000203027
0.000756887 0.000203752

0.000756889 0.000203752
0.000756954 0.000203828

0.000756954 0.00020383
0.000757512 0.000204478

0.000757515 0.000204478
0.000757679 0.000204666

0.000757679 0.000204666
0.000758151 0.000205203

0.000758155 0.000205203
0.000758404 0.000205481

0.000758404 0.00020548
0.000758806 0.000205928

0.000758811 0.000205928
0.000759129 0.000206274

0.000759129 0.00020009
0.000759158 0.000200127

0.000759158 0.000200127
0.000759754 0.000200852

0.000759756 0.000200852
0.000759854 0.00020097

0.000759854 0.000200972
0.000760363 0.000201577

0.000760366 0.000201577
0.000760579 0.000201828

0.000760579 0.000201827
0.000760986 0.000202302

0.000760992 0.000202302
0.000761304 0.000202661

0.000761304 0.000202659
0.000761628 0.000203027

0.000761634 0.000203027
0.000762029 0.000203469

0.000759129 0.000206274
0.00075948 0.000206653

0.000759484 0.000206653
0.000759854 0.000207045

0.000759854 0.000207045
0.000760173 0.000207378

0.000760176 0.000207378
0.000760579 0.000207793

0.000760579 0.000207794
0.000760885 0.000208103

0.000760886 0.000208103
0.000761304 0.000208518

0.000761304 0.000208519
0.00076162 0.000208828

0.000762029 0.000203468
0.000762289 0.000203752

0.000762293 0.000203752
0.000762754 0.000204253

0.000762754 0.000204251
0.000762968 0.000204478

0.000762971 0.000204478
0.000763479 0.000205011

0.000763479 0.00020501
0.000763667 0.000205203

0.000763668 0.000205203
0.000764205 0.000205745

0.000764205 0.000205746
0.000764388 0.000205928

0.000764387 0.000205928
0.00076493 0.000206456

0.00076493 0.000206457
0.000765134 0.000206653

0.000765132 0.000206653
0.000765655 0.000207143

0.000765655 0.000207146
0.000765906 0.000207378

0.000765903 0.000207378
0.00076638 0.000207809

0.00076638 0.000207813
0.000766706 0.000208103

0.000766703 0.000208103
0.000767105 0.000208454

0.000767105 0.00020846
0.000767538 0.000208828

0.000761619 0.000208828
0.000762029 0.000209222

0.000762029 0.000209224
0.000762378 0.000209553

0.000762376 0.000209553
0.000762754 0.000209905

0.000762754 0.000209908
0.000763161 0.000210278

0.000763158 0.000210278
0.000763479 0.000210568

0.000763479 0.000210571
0.000763971 0.000211003

0.000763968 0.000211003
0.000764205 0.00021121

0.000764205 0.000211212
0.000764807 0.000211729

0.000764807 0.000211729
0.00076493 0.000211832

0.000767534 0.000208828
0.00076783 0.000209078

0.00076493 0.000211834
0.000765655 0.000212436

0.000765655 0.000212435
0.000765677 0.000212454

0.000765677 0.000212454
0.00076638 0.000213018

0.00076638 0.000213019
0.000766586 0.000213179

0.000766587 0.000213179
0.000767105 0.000213581

0.000767105 0.000213583
0.000767533 0.000213904

0.000767532 0.000213904
0.00076783 0.000214123

0.00076783 0.000209081
0.000768398 0.000209553

0.000768398 0.000209553
0.000768555 0.000209682

0.000768555 0.000209683
0.00076928 0.000210266

0.00076928 0.000210265
0.000769297 0.000210278

0.000769297 0.000210278
0.000770005 0.000210828

0.000770005 0.000210829
0.00077024 0.000211003

0.00077024 0.000211003
0.00077073 0.000211371

0.00076783 0.000214127
0.000768522 0.000214629

0.000768524 0.000214629
0.000768555 0.000214651

0.000768555 0.000214653
0.00076928 0.000215161

0.00076928 0.000215162
0.000769565 0.000215354

0.000769567 0.000215354
0.000770005 0.000215651

0.000770005 0.000215652
0.000770659 0.000216079

0.000770662 0.000216079
0.00077073 0.000216122

0.00077073 0.000211372
0.000771224 0.000211729

0.000771224 0.000211729
0.000771456 0.000211892

0.000771456 0.000211895
0.000772181 0.000212401

0.000772181 0.000212402
0.000772259 0.000212454

0.000772259 0.000212454
0.000772906 0.000212889

0.000772906 0.00021289
0.00077335 0.000213179

0.000773352 0.000213179
0.000773631 0.000213359

0.000773631 0.000213361
0.000774356 0.000213816

0.000774356 0.000213816
0.000774501 0.000213904

0.000774502 0.000213904
0.000775081 0.000214255

0.000775081 0.000214256
0.000775719 0.000214629

0.00077073 0.000216125
0.000771456 0.000216582

0.000771456 0.000216583
0.000771819 0.000216804

0.000771823 0.000216804
0.000772181 0.000217022

0.000772181 0.000217023
0.000772906 0.000217448

0.000772906 0.000217448
0.000773049 0.000217529

0.000773051 0.000217529
0.000773631 0.000217857

0.000775722 0.000214629
0.000775806 0.000214678

0.000775806 0.000214679
0.000776531 0.00021509

0.000773631 0.000217858
0.000774356 0.000218254

0.000774356 0.000218253
0.000774358 0.000218254

0.000774359 0.000218254
0.000775081 0.000218634

0.000775081 0.000218635
0.00077576 0.000218979

0.000775765 0.000218979
0.000775806 0.000219

0.000775806 0.000219002
0.000776531 0.000219358

0.000776531 0.000215091
0.000777011 0.000215354

0.000777014 0.000215354
0.000777256 0.000215487

0.000777256 0.000215488
0.000777981 0.000215874

0.000777981 0.000215874
0.000778378 0.000216079

0.00077838 0.000216079
0.000778707 0.000216248

0.000778707 0.000216248
0.000779432 0.000216615

0.000776531 0.000219359
0.000777256 0.000219704

0.000777256 0.000219703
0.000777259 0.000219705

0.00077726 0.000219705
0.000777981 0.000220038

0.000777981 0.000220038
0.000778707 0.000220364

0.000778707 0.000220364
0.000778856 0.00022043

0.000779432 0.000216615
0.000779815 0.000216804

0.000779816 0.000216804
0.000780157 0.000216972

0.000780157 0.000216972
0.000780882 0.000217325

0.000780882 0.000217325
0.000781308 0.000217529

0.00078131 0.000217529
0.000781607 0.000217672

0.000781607 0.000217672
0.000782332 0.000218017

0.000782332 0.000218017
0.00078283 0.000218254

0.00078283 0.000218254
0.000783057 0.000218363

0.000783057 0.000218362
0.000783782 0.00021871

0.000783782 0.000218709
0.000784337 0.000218979

0.000784336 0.000218979
0.000784507 0.000219063

0.000784507 0.000219062
0.000785232 0.000219423

0.000785232 0.000219422
0.000785783 0.000219705

0.00078578 0.000219705
0.000785958 0.000219796

0.000785958 0.000219794
0.000786683 0.000220181

0.000786683 0.000220179
0.000787131 0.00022043

0.000778857 0.00022043
0.000779432 0.000220682

0.000779432 0.000220682
0.000780157 0.000220995

0.000780157 0.000220994
0.000780534 0.000221155

0.000780535 0.000221155
0.000780882 0.000221302

0.000780882 0.000221302
0.000781607 0.000221609

0.000781607 0.000221608
0.000782248 0.00022188

0.000782247 0.00022188
0.000782332 0.000221916

0.000782332 0.000221915
0.000783057 0.000222225

0.000783057 0.000222224
0.000783782 0.000222541

0.000783782 0.00022254
0.000783927 0.000222605

0.000783927 0.000222605
0.000784507 0.000222866

0.000784507 0.000222864
0.000785232 0.000223203

0.000785232 0.000223202
0.000785493 0.00022333

0.000787128 0.00022043
0.000787408 0.000220586

0.000787408 0.000220583
0.000788133 0.00022101

0.00078549 0.00022333
0.000785958 0.00022356

0.000785958 0.000223557
0.000786683 0.000223936

0.000786683 0.000223935
0.000786897 0.000224055

0.000786893 0.000224055
0.000787408 0.000224344

0.000787408 0.000224339
0.000788133 0.00022478

0.000788118 0.00022478
0.000788133 0.000224789

0.000788133 0.000221009
0.000788367 0.000221155

0.000788364 0.000221155
0.000788858 0.000221464

0.000788858 0.000221461
0.000789486 0.00022188

0.000789477 0.00022188
0.000789583 0.00022195

0.000789583 0.000221944
0.000790308 0.000222464

0.000790308 0.000222464
0.000790497 0.000222605

0.000790491 0.000222605
0.000791033 0.000223024

0.000788133 0.00022478
0.000788858 0.000225262

0.000788858 0.00022526
0.000789202 0.000225505

0.000789193 0.000225505
0.000789583 0.000225789

0.000789583 0.000225781
0.000790142 0.00022623

0.000791033 0.000223025
0.00079141 0.00022333

0.000791398 0.00022333
0.000791758 0.000223631

0.000791758 0.00022363
0.000792239 0.000224055

0.000792228 0.000224055
0.000792483 0.000224291

0.000792483 0.000224286
0.000792994 0.00022478

0.000792988 0.00022478
0.000793208 0.000225004

0.000793208 0.000224999
0.000793686 0.000225505

0.000793685 0.000225505
0.000793934 0.000225781

0.000790124 0.00022623
0.000791033 0.000226994

0.000791033 0.000226989
0.000791757 0.000227681

0.000791737 0.000227681
0.000791758 0.000227703

0.000791758 0.000227697
0.000792436 0.000228406

0.000792433 0.000228406
0.000792483 0.00022846

0.000792483 0.000228459
0.000793094 0.000229131

0.000793091 0.000229131
0.000793208 0.000229264

0.000793208 0.000229265
0.000793723 0.000229856

0.000793723 0.000229856
0.000793934 0.000230105

0.000793934 0.000225776
0.000794329 0.00022623

0.000794333 0.00022623
0.000794659 0.000226621

0.000794659 0.000226615
0.000794938 0.000226956

0.000794939 0.000226956
0.000795384 0.000227509

0.000795384 0.000227507
0.00079552 0.000227681

0.000795519 0.000227681
0.000796084 0.000228406

0.000796083 0.000228406
0.000796109 0.000228439

0.000796109 0.000228441
0.000796638 0.000229131

0.000793934 0.000230104
0.000794335 0.000230581

0.000794338 0.000230581
0.000794659 0.000230968

0.000794659 0.000230964
0.000794943 0.000231306

0.000794945 0.000231306
0.000795384 0.000231827

0.000796639 0.000229131
0.000796834 0.000229392

0.000795384 0.000231827
0.000795556 0.000232031

0.000796834 0.00022939
0.000797189 0.000229856

0.000797189 0.000229856
0.000797559 0.000230339

0.000797559 0.000230337
0.000797744 0.000230581

0.000797745 0.000230581
0.000798284 0.000231275

0.000798284 0.000231276
0.000798308 0.000231306

0.000798308 0.000231306
0.000798879 0.000232031

0.000795555 0.000232031
0.000796109 0.00023268

0.000796109 0.000232681
0.000796174 0.000232756

0.000796174 0.000232756
0.0007968 0.000233481

0.000796803 0.000233481
0.000796834 0.000233517

0.000796834 0.00023352
0.000797433 0.000234207

0.000797436 0.000234207
0.000797559 0.000234348

0.000797559 0.000234349
0.000798067 0.000234932

0.000798882 0.000232031
0.000799009 0.000232193

0.000799009 0.000232194
0.000799457 0.000232756

0.000799462 0.000232756
0.000799734 0.000233103

0.000798071 0.000234932
0.000798284 0.00023518

0.000798284 0.000235178
0.000798693 0.000235657

0.000798699 0.000235657
0.000799009 0.000236033

0.000799009 0.000236026
0.000799299 0.000236382

0.000799306 0.000236382
0.000799734 0.00023693

0.000799734 0.000247189
0.0007997 0.000247258

0.000799701 0.000247258
0.000799393 0.000247983

0.000799009 0.000249242
0.000798961 0.000249434

0.000799392 0.000247983
0.000799145 0.000248708

0.000799009 0.000249247
0.000799145 0.000248708

0.000798962 0.000249434
0.000798843 0.000250159

0.000798843 0.000250159
0.000798789 0.000250884

0.000798789 0.000250884
0.000798803 0.000251609

0.000798802 0.000251609
0.000798887 0.000252334

0.000798885 0.000252334
0.000799009 0.000252881

0.000799009 0.000252882
0.00079905 0.000253059

0.000799046 0.000253059
0.000799303 0.000253784

0.000799297 0.000253784
0.000799668 0.000254509

0.000799672 0.000254509
0.000799734 0.000254608

0.000799734 0.000233098
0.000800037 0.000233481

0.000800041 0.000233481
0.000800459 0.000234008

0.000800459 0.000234007
0.000800616 0.000234207

0.000800619 0.000234207
0.000801181 0.000234932

0.000801184 0.000234932
0.000801185 0.000234933

0.000799734 0.000236926
0.000799871 0.000237107

0.000799877 0.000237107
0.000800391 0.000237832

0.000801185 0.000234933
0.000801723 0.000235657

0.000801726 0.000235657
0.00080191 0.00023592

0.00080191 0.000235919
0.000802234 0.000236382

0.000802236 0.000236382
0.000802635 0.000237

0.000802635 0.000236998
0.000802703 0.000237107

0.000802705 0.000237107
0.000803127 0.000237832

0.000800392 0.000237832
0.000800459 0.000237942

0.000800459 0.000237936
0.000800843 0.000238557

0.000800845 0.000238557
0.000801185 0.000239221

0.000801185 0.000239219
0.000801217 0.000239282

0.000801217 0.000239282
0.000801504 0.000240007

0.000801504 0.000240007
0.000801704 0.000240732

0.000801704 0.000240732
0.000801817 0.000241458

0.000801818 0.000241458
0.000801845 0.000242183

0.000801848 0.000242183
0.00080178 0.000242908

0.000801784 0.000242908
0.000801606 0.000243633

0.000803127 0.000237832
0.00080336 0.000238286

0.00080336 0.000238284
0.0008035 0.000238557

0.000803499 0.000238557
0.000803819 0.000239282

0.000803818 0.000239282
0.000804085 0.000239997

0.000804085 0.000239996
0.000804089 0.000240007

0.000804086 0.000240007
0.000804315 0.000240732

0.00080431 0.000240732
0.000804513 0.000241458

0.000804504 0.000241458
0.00080471 0.000242183

0.000804694 0.000242183
0.00080481 0.000242507

0.00080481 0.00024251
0.000804952 0.000242908

0.000804935 0.000242908
0.000805313 0.000243633

0.000801185 0.000244579
0.00080092 0.000245083

0.000800459 0.000245842
0.000800072 0.000246533

0.000800907 0.000245083
0.000800489 0.000245808

0.000800459 0.000245842
0.000800479 0.000245808

0.000801605 0.000243633
0.000801312 0.000244358

0.000801185 0.000244581
0.000801301 0.000244358

0.000799734 0.000247196
0.000800067 0.000246533

0.000805313 0.000243633
0.000805535 0.000243947

0.000799734 0.000254619
0.000800174 0.000255234

0.000805535 0.000243937
0.000805852 0.000244358

0.000805874 0.000244358
0.00080626 0.000244776

0.00080626 0.000244774
0.000806572 0.000245083

0.000806589 0.000245083
0.000806985 0.000245458

0.000806985 0.000245453
0.000807361 0.000245808

0.000807367 0.000245808
0.00080771 0.000246148

0.00080771 0.000246139
0.000808082 0.000246533

0.000808087 0.000246533
0.000808436 0.000246955

0.000808436 0.000246942
0.000808682 0.000247258

0.000808686 0.000247258
0.000809161 0.000247959

0.000809161 0.000247957
0.000809177 0.000247983

0.000809176 0.000247983
0.000809565 0.000248708

0.000809564 0.000248708
0.000809858 0.000249434

0.000809856 0.000249434
0.000809886 0.00024954

0.000809886 0.000249533
0.000810063 0.000250159

0.000810062 0.000250159
0.000810184 0.000250884

0.000810184 0.000250884
0.000810221 0.000251609

0.000810222 0.000251609
0.000810174 0.000252334

0.000809886 0.000253537
0.000809805 0.000253784

0.000809161 0.000254947
0.000808961 0.000255234

0.000809809 0.000253784
0.000809452 0.000254509

0.000809161 0.000254943
0.000809456 0.000254509

0.000810176 0.000252334
0.000810038 0.000253059

0.000809886 0.00025353
0.00081004 0.000253059

0.000800185 0.000255234
0.000800459 0.000255544

0.000800459 0.000255559
0.000800879 0.000255959

0.000800894 0.000255959
0.000801185 0.000256201

0.000801185 0.000256218
0.000801883 0.000256685

0.00080191 0.000256691
0.000802635 0.000257033

0.000802635 0.000257033
0.00080336 0.000257257

0.00080336 0.000257252
0.000804085 0.000257367

0.000804085 0.000257365
0.00080481 0.000257382

0.00080481 0.000257384
0.000805535 0.000257302

0.000805535 0.000257302
0.00080626 0.00025712

0.00080626 0.000257125
0.000806985 0.000256831

0.00080771 0.000256403
0.000807236 0.000256685

0.000808436 0.000255801
0.000808262 0.000255959

0.00080771 0.000256417
0.000808273 0.000255959

0.000806985 0.000256843
0.000807258 0.000256685

0.000808436 0.00025581
0.00080896 0.000255234

0.000863543 0.000304404
0.000863091 0.000304541

0.000862093 0.000305167
0.000862007 0.000305266

0.000861983 0.000305266
0.000861572 0.000305991

0.000861597 0.000305991
0.000861532 0.000306716

0.000861506 0.000306716
0.000861787 0.000307441

0.000862093 0.000305133
0.000862818 0.000304548

0.000862818 0.000304578
0.00086294 0.000304541

0.000861815 0.000307441
0.000862093 0.000307787

0.000862093 0.000307822
0.000862513 0.000308167

0.00086262 0.000308167
0.000862818 0.000308291

0.000862818 0.000308315
0.000863543 0.000308518

0.000863543 0.000304371
0.000864268 0.000304433

0.000864268 0.000304407
0.000864524 0.000304541

0.000864508 0.000304541
0.000864993 0.000304868

0.000864993 0.000304852
0.000865354 0.000305266

0.000865334 0.000305266
0.000865673 0.000305991

0.000865653 0.000305991
0.000865677 0.000306716

0.000865686 0.000306716
0.000865416 0.000307441

0.000863543 0.000308535
0.000864268 0.000308442

0.000864993 0.00030796
0.000864709 0.000308167

0.000864268 0.00030847
0.000864771 0.000308167

0.000864993 0.000307994
0.000865442 0.000307441

0.000837439 0.000352759
0.000837249 0.000353123

0.000837249 0.000353123
0.000836944 0.000353848

0.00083889 0.000350708
0.00083867 0.000350947

0.000839615 0.00035003
0.000839394 0.000350222

0.00083889 0.00035069
0.000839376 0.000350222

0.000839615 0.00035001
0.000840303 0.000349497

0.000838165 0.00035158
0.000838097 0.000351672

0.000838088 0.000351672
0.000837622 0.000352397

0.000838165 0.000351566
0.000838657 0.000350947

0.000837439 0.000352753
0.000837625 0.000352397

0.000836714 0.000354561
0.00083671 0.000354573

0.000836709 0.000354573
0.000836533 0.000355298

0.000836714 0.000354555
0.000836946 0.000353848

0.000836533 0.000355298
0.000836417 0.000356023

0.000836417 0.000356023
0.000836361 0.000356748

0.00083636 0.000356748
0.000836369 0.000357473

0.000836367 0.000357473
0.000836446 0.000358198

0.000836443 0.000358198
0.000836606 0.000358923

0.000836598 0.000358923
0.000836714 0.000359239

0.000836714 0.000359237
0.000836867 0.000359648

0.00084034 0.000349481
0.000841065 0.000349057

0.00084179 0.000348759
0.00084176 0.000348772

0.000841065 0.000349047
0.000841698 0.000348772

0.00084179 0.000348745
0.000842515 0.000348531

0.000842515 0.000348525
0.00084324 0.000348405

0.00084324 0.000348403
0.000843965 0.000348393

0.000843965 0.000348392
0.00084469 0.000348499

0.00084469 0.000348482
0.000845416 0.000348743

0.000845416 0.000348742
0.000845468 0.000348772

0.000845475 0.000348772
0.000846141 0.0003492

0.000836855 0.000359648
0.000837266 0.000360374

0.000837267 0.000360374
0.000837439 0.000360606

0.000837439 0.000360609
0.000837863 0.000361099

0.000837894 0.000361099
0.000838165 0.000361347

0.000838165 0.000361372
0.000838797 0.000361824

0.000838824 0.000361824
0.00083889 0.000361864

0.00083889 0.000361868
0.000839615 0.000362209

0.000839615 0.000362208
0.00084034 0.000362414

0.00084034 0.000362411
0.000841065 0.000362491

0.000841065 0.000362488
0.00084179 0.000362455

0.00084179 0.000362453
0.000842515 0.000362314

0.000842515 0.000362317
0.00084324 0.000362069

0.000843965 0.000361691
0.000843703 0.000361824

0.00084324 0.000362077
0.000843741 0.000361824

0.000843965 0.00036171
0.00084469 0.000361212

0.000845416 0.000360563
0.000844823 0.000361099

0.000846141 0.000359723
0.000845594 0.000360374

0.000845416 0.000360563
0.000845597 0.000360374

0.00084469 0.000361213
0.000844831 0.000361099

0.000846141 0.000349193
0.000846488 0.000349497

0.000846473 0.000349497
0.000846866 0.000349939

0.000846866 0.000349923
0.000847092 0.000350222

0.000847085 0.000350222
0.000847509 0.000350947

0.000847499 0.000350947
0.000847591 0.000351179

0.000847591 0.000351185
0.000847783 0.000351672

0.000847777 0.000351672
0.000847961 0.000352397

0.000847957 0.000352397
0.00084806 0.000353123

0.000848058 0.000353123
0.000848094 0.000353848

0.000848093 0.000353848
0.000848067 0.000354573

0.000848067 0.000354573
0.000847984 0.000355298

0.000847984 0.000355298
0.000847846 0.000356023

0.000847846 0.000356023
0.00084765 0.000356748

0.000847591 0.000356919
0.000847395 0.000357473

0.000847397 0.000357473
0.000847074 0.000358198

0.000846866 0.000358581
0.000846677 0.000358923

0.000846683 0.000358923
0.000846193 0.000359648

0.000846866 0.000358583
0.000847077 0.000358198

0.000847591 0.000356919
0.000847651 0.000356748

0.000846141 0.000359725
0.000846199 0.000359648

0.000820037 0.000619057
0.000819856 0.000619233

0.000819312 0.000619873
0.00081925 0.000619958

0.000819245 0.000619958
0.000818812 0.000620684

0.000819312 0.000619854
0.000819838 0.000619233

0.000820762 0.000618495
0.000820743 0.000618508

0.000820037 0.000619037
0.0008207 0.000618508

0.000820762 0.000618474
0.000821487 0.000618087

0.000821487 0.000618086
0.000822212 0.000617867

0.000822212 0.00061787
0.000822937 0.000617812

0.000818587 0.000621235
0.000818512 0.000621409

0.000818517 0.000621409
0.000818288 0.000622134

0.000818292 0.000622134
0.000818126 0.000622859

0.000818128 0.000622859
0.000818011 0.000623584

0.000818587 0.000621227
0.000818821 0.000620684

0.000818013 0.000623584
0.00081794 0.000624309

0.000817941 0.000624309
0.000817906 0.000625034

0.000817907 0.000625034
0.000817906 0.000625759

0.000817907 0.000625759
0.000817935 0.000626484

0.000811336 0.000649614
0.000811242 0.000649688

0.000817936 0.000626484
0.000817989 0.000627209

0.00081799 0.000627209
0.000818064 0.000627935

0.000818065 0.000627935
0.000818156 0.00062866

0.000818157 0.00062866
0.00081826 0.000629385

0.000818261 0.000629385
0.000818371 0.00063011

0.000818372 0.00063011
0.000818485 0.000630835

0.000818486 0.000630835
0.000818587 0.000631506

0.000818587 0.000631507
0.000818595 0.00063156

0.000818596 0.00063156
0.000818697 0.000632285

0.000818698 0.000632285
0.000818786 0.00063301

0.000818787 0.00063301
0.000818858 0.000633735

0.000818859 0.000633735
0.000818907 0.00063446

0.000818908 0.00063446
0.000818931 0.000635186

0.000818933 0.000635186
0.000818927 0.000635911

0.000818927 0.000635911
0.00081889 0.000636636

0.00081889 0.000636636
0.000818818 0.000637361

0.000818819 0.000637361
0.000818713 0.000638086

0.000822937 0.000636876
0.000822797 0.000637361

0.000822797 0.000637361
0.000822569 0.000638086

0.000817137 0.000642722
0.000816908 0.000643162

0.000816908 0.000643162
0.000816487 0.000643887

0.000811336 0.000649619
0.000812061 0.000649019

0.000812786 0.000648376
0.000812128 0.000648962

0.000812061 0.000649018
0.000812126 0.000648962

0.000813511 0.000647675
0.000812933 0.000648237

0.000814236 0.000646899
0.00081367 0.000647512

0.000813511 0.000647674
0.000813669 0.000647512

0.000812786 0.000648376
0.000812935 0.000648237

0.000815687 0.000645087
0.000815511 0.000645337

0.000814961 0.000646046
0.000814948 0.000646062

0.000814951 0.000646062
0.000814338 0.000646787

0.000814961 0.000646048
0.000815512 0.000645337

0.000816412 0.000644005
0.000816022 0.000644612

0.000815687 0.000645089
0.000816023 0.000644612

0.000816412 0.000644007
0.000816486 0.000643887

0.000814236 0.000646901
0.000814337 0.000646787

0.000817137 0.000648739
0.000816981 0.000648962

0.000816981 0.000648962
0.000816446 0.000649688

0.000818587 0.000638727
0.00081857 0.000638811

0.000818571 0.000638811
0.000818391 0.000639536

0.000818391 0.000639536
0.000818174 0.000640261

0.000818174 0.000640261
0.000817918 0.000640986

0.000818587 0.000638729
0.000818713 0.000638086

0.000817862 0.000641124
0.000817622 0.000641711

0.000817622 0.000641711
0.000817286 0.000642437

0.000817862 0.000641124
0.000817918 0.000640986

0.000817137 0.000642723
0.000817286 0.000642437

0.000821487 0.000640984
0.000821486 0.000640986

0.000822212 0.000639119
0.000822062 0.000639536

0.000822568 0.000638086
0.000822323 0.000638811

0.000822212 0.000639119
0.000822324 0.000638811

0.000822062 0.000639536
0.000821783 0.000640261

0.000821487 0.000640984
0.000821783 0.000640261

0.000821487 0.000640986
0.000821174 0.000641711

0.000821173 0.000641711
0.000820842 0.000642437

0.000820762 0.000642603
0.000820493 0.000643162

0.000820493 0.000643162
0.000820125 0.000643887

0.000820762 0.000642603
0.000820843 0.000642437

0.000818587 0.000646573
0.000818454 0.000646787

0.000820037 0.000644052
0.000819738 0.000644612

0.000819738 0.000644612
0.000819331 0.000645337

0.000819312 0.000645369
0.000818903 0.000646062

0.000818587 0.000646574
0.000818903 0.000646062

0.000819312 0.000645369
0.000819331 0.000645337

0.000817862 0.000647694
0.000817493 0.000648237

0.000818455 0.000646787
0.000817985 0.000647512

0.000817862 0.000647696
0.000817983 0.000647512

0.000817137 0.000648742
0.000817494 0.000648237

0.000820037 0.000644052
0.000820125 0.000643887

0.000796834 0.000660418
0.000796719 0.000660564

0.000796712 0.000660564
0.000796176 0.000661289

0.000799009 0.000658096
0.000798695 0.000658389

0.000799734 0.000657463
0.000799498 0.000657664

0.000799009 0.000658089
0.000799495 0.000657664

0.000797559 0.000659558
0.000797313 0.000659839

0.000798284 0.000658789
0.000797969 0.000659114

0.000797559 0.000659556
0.000797961 0.000659114

0.000796834 0.000660413
0.000797305 0.000659839

0.000798284 0.000658784
0.00079869 0.000658389

0.000793934 0.000666028
0.000793843 0.000666365

0.000793843 0.000666365
0.000793693 0.00066709

0.000793693 0.00066709
0.000793588 0.000667815

0.000793588 0.000667815
0.00079353 0.00066854

0.00079353 0.00066854
0.000793517 0.000669265

0.000793517 0.000669265
0.000793553 0.00066999

0.000793552 0.00066999
0.00079364 0.000670715

0.000793638 0.000670715
0.000793785 0.00067144

0.00079378 0.00067144
0.000793934 0.000671945

0.000795384 0.000662549
0.000795272 0.000662739

0.000794659 0.00066398
0.000794563 0.000664189

0.000795269 0.000662739
0.000794891 0.000663464

0.000794659 0.000663975
0.000794891 0.000663464

0.000796109 0.000661393
0.000795697 0.000662014

0.000795384 0.000662543
0.000795697 0.000662014

0.000796109 0.000661393
0.000796178 0.000661289

0.000794561 0.000664189
0.000794276 0.000664915

0.000794276 0.000664915
0.000794037 0.00066564

0.000793934 0.000666026
0.000794037 0.00066564

0.000793934 0.000671948
0.000794 0.000672166

0.000793991 0.000672166
0.000794316 0.000672891

0.000794296 0.000672891
0.000794659 0.000673432

0.000794659 0.000673428
0.000794787 0.000673616

0.000794782 0.000673616
0.000795384 0.000674241

0.000795384 0.000674247
0.000795501 0.000674341

0.000795523 0.000674341
0.000796109 0.000674773

0.000796109 0.000674774
0.000796725 0.000675066

0.000796743 0.000675066
0.000796834 0.000675108

0.000796834 0.000675111
0.000797559 0.000675278

0.000797559 0.000675279
0.000798284 0.000675279

0.000798284 0.000675283
0.000799009 0.000675107

0.000799734 0.000674736
0.000799109 0.000675066

0.000799009 0.000675113
0.000799104 0.000675066

0.000802635 0.000655315
0.000802378 0.000655488

0.000802635 0.000655313
0.00080336 0.000654839

0.000804085 0.000654383
0.000803484 0.000654763

0.00080336 0.000654839
0.000803482 0.000654763

0.00080481 0.000653937
0.000804645 0.000654038

0.00080481 0.000653936
0.000805535 0.000653493

0.000804085 0.000654383
0.000804642 0.000654038

0.000800459 0.000656876
0.000800379 0.000656938

0.000800459 0.000656871
0.000801185 0.000656321

0.000799734 0.000657457
0.000800373 0.000656938

0.00080191 0.000655805
0.000801339 0.000656213

0.000801185 0.000656321
0.000801336 0.000656213

0.00080191 0.000655804
0.000802374 0.000655488

0.00080771 0.000652156
0.00080702 0.000652588

0.000808436 0.000651692
0.000808169 0.000651863

0.00080771 0.000652158
0.000808169 0.000651863

0.00080626 0.000653053
0.000805834 0.000653313

0.000805535 0.000653494
0.000805832 0.000653313

0.00080626 0.000653053
0.000806985 0.000652608

0.000806985 0.000652608
0.000807018 0.000652588

0.000809886 0.000650708
0.000809267 0.000651138

0.000808436 0.000651693
0.000809161 0.00065121

0.000809161 0.00065121
0.000809268 0.000651138

0.000810611 0.000650178
0.000810289 0.000650413

0.000809886 0.000650709
0.000810292 0.000650413

0.000810611 0.00065018
0.000811246 0.000649687

0.000806985 0.000660564
0.000806419 0.000661289

0.00080771 0.000659684
0.000807581 0.000659839

0.000808436 0.00065884
0.000808199 0.000659114

0.00080771 0.000659683
0.000808195 0.000659114

0.000806985 0.000660563
0.000807577 0.000659839

0.000809161 0.000658025
0.000808837 0.000658389

0.000809886 0.00065723
0.000809493 0.000657664

0.000809161 0.000658027
0.000809487 0.000657664

0.000810611 0.000656444
0.000810159 0.000656938

0.000811336 0.000655664
0.00081083 0.000656213

0.000810611 0.000656447
0.000810827 0.000656213

0.000809886 0.000657232
0.000810154 0.000656938

0.000808436 0.000658843
0.000808831 0.000658389

0.000805535 0.000662505
0.000805375 0.000662739

0.00080481 0.000663602
0.000804449 0.000664189

0.000805372 0.000662739
0.000804895 0.000663464

0.00080481 0.000663602
0.000804894 0.000663464

0.000804085 0.000664828
0.000804036 0.000664915

0.000804035 0.000664915
0.000803657 0.00066564

0.00080336 0.000666269
0.000803315 0.000666365

0.000803314 0.000666365
0.000803009 0.00066709

0.00080336 0.000666267
0.000803656 0.00066564

0.000804085 0.000664827
0.000804448 0.000664189

0.000802635 0.000668153
0.00080251 0.00066854

0.000802512 0.00066854
0.000802307 0.000669265

0.00080231 0.000669265
0.000802121 0.00066999

0.00080191 0.000670835
0.00080174 0.00067144

0.000802125 0.00066999
0.000801938 0.000670715

0.00080191 0.000670836
0.000801944 0.000670715

0.000801746 0.00067144
0.000801504 0.000672166

0.000801511 0.000672166
0.000801203 0.000672891

0.00080301 0.00066709
0.000802742 0.000667815

0.000802635 0.000668151
0.000802743 0.000667815

0.00080626 0.000661503
0.000805881 0.000662014

0.000805535 0.000662507
0.00080588 0.000662014

0.00080626 0.000661503
0.000806418 0.000661289

0.000814236 0.000652434
0.000814106 0.000652588

0.000812061 0.00065488
0.000811502 0.000655488

0.000812786 0.000654084
0.000812169 0.000654763

0.000812061 0.00065488
0.000812168 0.000654763

0.000813511 0.000653271
0.000813474 0.000653313

0.000813474 0.000653313
0.000812828 0.000654038

0.000813511 0.000653271
0.000814106 0.000652588

0.000812786 0.000654083
0.000812827 0.000654038

0.000815687 0.00065067
0.000815315 0.000651138

0.000814961 0.000651568
0.000814721 0.000651863

0.000814236 0.000652434
0.00081472 0.000651863

0.000814961 0.000651571
0.000815313 0.000651138

0.000816412 0.000649733
0.000815891 0.000650413

0.000815687 0.000650673
0.000815889 0.000650413

0.000816412 0.000649733
0.000816446 0.000649687

0.000811336 0.000655666
0.0008115 0.000655488

0.000800459 0.000674067
0.000800201 0.000674341

0.000801185 0.000672947
0.000800803 0.000673616

0.000800459 0.000674083
0.000800826 0.000673616

0.000799734 0.000674746
0.000800227 0.000674341

0.000801185 0.00067295
0.000801216 0.000672891

0.000822937 0.000617801
0.000823663 0.000617922

0.000823663 0.000617907
0.000824388 0.000618259

0.000824388 0.000618258
0.000824719 0.000618508

0.000824694 0.000618508
0.000825113 0.000618907

0.000825113 0.000618902
0.000825379 0.000619233

0.000825374 0.000619233
0.000825791 0.000619958

0.00082578 0.000619958
0.000825838 0.000620143

0.000825838 0.000620156
0.000826005 0.000620684

0.000825838 0.000623483
0.000825817 0.000623584

0.000825814 0.000623584
0.00082563 0.000624309

0.000825625 0.000624309
0.000825423 0.000625034

0.000825113 0.00062614
0.000825021 0.000626484

0.00082542 0.000625034
0.000825216 0.000625759

0.000825113 0.000626142
0.000825214 0.000625759

0.000825995 0.000620684
0.000826086 0.000621409

0.000826079 0.000621409
0.000826067 0.000622134

0.000826061 0.000622134
0.000825971 0.000622859

0.000825838 0.000623489
0.000825966 0.000622859

0.000825021 0.000626484
0.000824846 0.000627209

0.000824846 0.000627209
0.000824688 0.000627935

0.000824689 0.000627935
0.000824548 0.00062866

0.000824549 0.00062866
0.00082442 0.000629385

0.000824388 0.000629583
0.0008243 0.00063011

0.000824301 0.00063011
0.000824185 0.000630835

0.000824186 0.000630835
0.000824069 0.00063156

0.00082407 0.00063156
0.000823949 0.000632285

0.000824388 0.000629584
0.000824421 0.000629385

0.00082395 0.000632285
0.000823823 0.00063301

0.000823824 0.00063301
0.000823688 0.000633735

0.000823663 0.000633861
0.00082354 0.00063446

0.000823541 0.00063446
0.000823378 0.000635186

0.000823663 0.000633861
0.000823688 0.000633735

0.000823379 0.000635186
0.000823201 0.000635911

0.000823201 0.000635911
0.000823007 0.000636636

0.000822937 0.000636876
0.000823007 0.000636636

0.00104192 0.000521995
0.00104175 0.00052207

0.00104192 0.00052198
0.00104264 0.000521888

0.00104264 0.000521869
0.00104337 0.000522035

0.00104047 0.000522857
0.00103989 0.000523521

0.00103974 0.000523836
0.00103953 0.000524246

0.00103954 0.000524246
0.00103938 0.000524971

0.00103974 0.000523824
0.0010399 0.000523521

0.00103939 0.000524971
0.00103939 0.000525696

0.00103939 0.000525696
0.00103957 0.000526421

0.00103955 0.000526421
0.00103974 0.000526769

0.00103974 0.000526757
0.00103997 0.000527146

0.00103998 0.000527146
0.00104047 0.000527679

0.00104119 0.000522291
0.00104054 0.000522795

0.00104047 0.000522854
0.00104053 0.000522795

0.00104119 0.000522287
0.00104169 0.00052207

0.00104047 0.000527696
0.0010407 0.000527871

0.00104073 0.000527871
0.00104119 0.000528196

0.00104119 0.000528199
0.00104192 0.000528475

0.00104192 0.000528473
0.00104264 0.000528523

0.00104264 0.000528532
0.00104337 0.000528343

0.00104337 0.000522043
0.00104342 0.00052207

0.00104344 0.00052207
0.00104409 0.00052251

0.00104409 0.000522517
0.00104437 0.000522795

0.00104436 0.000522795
0.00104482 0.000523411

0.00104482 0.000523398
0.00104489 0.000523521

0.00104488 0.000523521
0.00104516 0.000524246

0.00104514 0.000524246
0.00104524 0.000524971

0.00104409 0.000527837
0.00104405 0.000527871

0.00104482 0.000526854
0.00104468 0.000527146

0.00104472 0.000527146
0.0010441 0.000527871

0.00104524 0.000524971
0.00104519 0.000525696

0.00104519 0.000525696
0.00104501 0.000526421

0.00104482 0.00052686
0.00104503 0.000526421

0.00104337 0.000528366
0.00104409 0.000527878

0.00107599 0.000593855
0.00107549 0.00059458

0.001076 0.000593836
0.00107672 0.000593582

0.001076 0.000593869
0.00107602 0.000593855

0.00107672 0.000593569
0.00107725 0.000593855

0.00107715 0.000593855
0.00107745 0.000594148

0.00107745 0.000594133
0.0010777 0.00059458

0.00107545 0.00059458
0.00107571 0.000595305

0.00107577 0.000595305
0.001076 0.000595533

0.001076 0.000595565
0.00107672 0.000595898

0.00107672 0.000595927
0.00107745 0.000595459

0.00107773 0.00059458
0.00107756 0.000595305

0.00107745 0.000595461
0.00107756 0.000595305

0.00111588 0.00065096
0.00111575 0.000651138

0.00111573 0.000651138
0.00111541 0.000651863

0.0011154 0.000651863
0.0011154 0.000652588

0.00111537 0.000652588
0.00111576 0.000653313

0.00111578 0.000653313
0.00111588 0.000653423

0.0011166 0.000650272
0.00111642 0.000650413

0.00111588 0.000650938
0.00111638 0.000650413

0.0011166 0.000650241
0.00111733 0.000649866

0.00111733 0.000649852
0.00111805 0.0006498

0.00111805 0.000649766
0.00111878 0.000650133

0.00111588 0.00065342
0.0011166 0.000654036

0.0011166 0.000654019
0.00111666 0.000654038

0.00111666 0.000654038
0.00111733 0.000654265

0.00111878 0.000653702
0.00111829 0.000654038

0.00111733 0.000654269
0.00111805 0.000654175

0.00111805 0.000654186
0.00111832 0.000654038

0.00111878 0.000650136
0.00111907 0.000650413

0.00111905 0.000650413
0.0011195 0.000651064

0.0011195 0.000651061
0.00111954 0.000651138

0.0011195 0.000652544
0.00111949 0.000652588

0.00111951 0.000651138
0.00111964 0.000651863

0.0011195 0.00065255
0.00111963 0.000651863

0.0011195 0.00065261
0.00111911 0.000653313

0.00111878 0.000653709
0.00111913 0.000653313

0.0011195 0.000652612
0.00111951 0.000652588

0.00126451 0.000747576
0.00126401 0.000748301

0.00126452 0.000747562
0.00126525 0.000746958

0.00126597 0.000746689
0.00126558 0.000746851

0.00126597 0.000746679
0.0012667 0.000746633

0.00126525 0.000746961
0.00126551 0.000746851

0.0012667 0.00074661
0.00126742 0.000746851

0.0012673 0.000746851
0.00126742 0.000746893

0.00126743 0.000746851
0.00126815 0.000747432

0.00126815 0.000747433
0.00126828 0.000747576

0.00126828 0.000747576
0.00126878 0.000748301

0.00126402 0.000748301
0.00126383 0.000749026

0.00126385 0.000749026
0.00126392 0.000749751

0.0012639 0.000749751
0.00126425 0.000750476

0.00126427 0.000750476
0.00126452 0.000750794

0.00126452 0.000750815
0.00126493 0.000751201

0.00126497 0.000751201
0.00126525 0.000751402

0.00126525 0.000751421
0.00126597 0.000751779

0.00126597 0.00075178
0.0012667 0.000751911

0.00126876 0.000748301
0.00126887 0.000748656

0.00126887 0.000748656
0.00126899 0.000749026

0.00126898 0.000749026
0.00126899 0.000749751

0.00126887 0.000750175
0.00126879 0.000750476

0.00126883 0.000750476
0.00126831 0.000751201

0.00126887 0.000750176
0.00126899 0.000749751

0.0012667 0.000751924
0.00126742 0.000751802

0.00126742 0.000751838
0.00126815 0.000751366

0.00126815 0.000751363
0.00126831 0.000751201

0.00156544 0.000698926
0.0015654 0.000698994

0.00156538 0.000698994
0.00156522 0.000699719

0.00156521 0.000699719
0.00156544 0.000700376

0.00156616 0.000698113
0.00156598 0.000698269

0.00156544 0.000698887
0.00156594 0.000698269

0.00156616 0.000698082
0.00156689 0.000697695

0.00156689 0.00069769
0.00156761 0.00069769

0.00156761 0.00069767
0.00156834 0.000698107

0.00156544 0.000700376
0.00156546 0.000700444

0.00156546 0.000700444
0.00156616 0.000701169

0.00156616 0.000701162
0.00156618 0.000701169

0.0015662 0.000701169
0.00156689 0.000701532

0.00156689 0.000701539
0.00156761 0.000701592

0.00156761 0.000701624
0.00156834 0.000701268

0.00156834 0.000698115
0.0015685 0.000698269

0.00156849 0.000698269
0.00156901 0.000698994

0.00156899 0.000698994
0.00156906 0.000699354

0.00156906 0.00070008
0.00156898 0.000700444

0.00156906 0.000699354
0.00156914 0.000699719

0.00156906 0.000700081
0.00156914 0.000699719

0.00156903 0.000700444
0.00156845 0.000701169

0.00156834 0.000701255
0.00156844 0.000701169

0.00178949 0.00053711
0.00178929 0.000537297

0.0017892 0.000537297
0.00178894 0.000538022

0.00178949 0.000537043
0.00179022 0.000536838

0.00178901 0.000538022
0.00178949 0.000538641

0.00178949 0.000538663
0.00178975 0.000538748

0.00178981 0.000538748
0.00179022 0.000538819

0.00179022 0.000536828
0.00179085 0.000537297

0.00179073 0.000537297
0.00179094 0.000537802

0.00179094 0.00053774
0.00179099 0.000538022

0.00179094 0.000538097
0.00179033 0.000538748

0.00179022 0.000538815
0.00179035 0.000538748

0.00179094 0.000538091
0.00179097 0.000538022

0.0018098 0.000573964
0.00180952 0.000574277

0.0018098 0.000573861
0.00181052 0.000573704

0.00181052 0.000573681
0.00181112 0.000574277

0.00180938 0.000574277
0.00180946 0.000575002

0.00180959 0.000575002
0.0018098 0.000575201

0.0018098 0.000575303
0.00181052 0.000575431

0.00181108 0.000574277
0.00181097 0.000575002

0.00181052 0.000575444
0.00181105 0.000575002

0.00178152 0.000672382
0.00178097 0.000672891

0.00178224 0.000672073
0.00178204 0.000672166

0.00178152 0.000672361
0.00178193 0.000672166

0.00178224 0.00067203
0.00178297 0.000672053

0.00178297 0.000672042
0.00178321 0.000672166

0.00178319 0.000672166
0.00178369 0.000672481

0.00178369 0.000672486
0.00178406 0.000672891

0.00178079 0.000673173
0.00178055 0.000673616

0.00178056 0.000673616
0.00178051 0.000674341

0.00178079 0.000673181
0.00178096 0.000672891

0.00178049 0.000674341
0.00178079 0.000674953

0.00178079 0.000674946
0.00178085 0.000675066

0.00178088 0.000675066
0.00178152 0.000675668

0.00178152 0.000675684
0.00178174 0.000675791

0.0017818 0.000675791
0.00178224 0.000676001

0.00178224 0.000676014
0.00178297 0.000676028

0.00178406 0.000672891
0.00178442 0.000673578

0.00178369 0.00067566
0.00178345 0.000675791

0.00178442 0.000674513
0.00178421 0.000675066

0.00178369 0.000675688
0.00178424 0.000675066

0.00178442 0.000673575
0.00178444 0.000673616

0.00178442 0.000673616
0.00178447 0.000674341

0.00178442 0.000674517
0.00178448 0.000674341

0.00178297 0.000676053
0.0017835 0.000675791

0.00191638 0.000737931
0.00191624 0.000738149

0.0019162 0.000738149
0.00191605 0.000738875

0.00191603 0.000738875
0.00191638 0.000739555

0.00191711 0.000737332
0.00191697 0.000737424

0.00191638 0.000737905
0.00191688 0.000737424

0.00191711 0.00073727
0.00191783 0.000737123

0.00191638 0.000739539
0.00191642 0.0007396

0.00191783 0.000737088
0.00191849 0.000737424

0.00191838 0.000737424
0.00191856 0.000737544

0.00191856 0.000737517
0.00191904 0.000738149

0.00191903 0.000738149
0.00191917 0.000738875

0.00191919 0.000738875
0.00191887 0.0007396

0.00191647 0.0007396
0.00191711 0.000740118

0.00191711 0.000740138
0.00191783 0.0007403

0.00191856 0.000739953
0.00191788 0.000740325

0.00191856 0.000739955
0.00191888 0.0007396

0.00200847 0.000664148
0.00200841 0.000664189

0.00200847 0.000664017
0.0020092 0.000663995

0.00200772 0.000664915
0.00200775 0.000664998

0.00200775 0.000664813
0.00200825 0.000664189

0.00200775 0.000665079
0.002008 0.00066564

0.0020081 0.00066564
0.00200847 0.000665961

0.00200847 0.000666094
0.0020092 0.000666163

0.0020092 0.000663981
0.00200953 0.000664189

0.00200943 0.000664189
0.00200992 0.000664869

0.00200987 0.000664915
0.00200963 0.00066564

0.00200992 0.000664887
0.00200993 0.000664915

0.0020092 0.000666211
0.00200981 0.00066564

0.00160894 0.000972461
0.00160879 0.000973081

0.00160877 0.000973081
0.00160894 0.00097348

0.00160967 0.000971609
0.00161039 0.000971288

0.00161039 0.000971257
0.00161112 0.000971422

0.00161112 0.000971438
0.00161139 0.000971631

0.00160963 0.000971631
0.00160896 0.000972356

0.00160894 0.000972462
0.00160897 0.000972356

0.00160894 0.000973469
0.0016091 0.000973806

0.00160915 0.000973806
0.00160967 0.000974297

0.00160967 0.00097434
0.00161009 0.000974531

0.00161135 0.000971631
0.00161184 0.000972173

0.00161112 0.000974504
0.00161097 0.000974531

0.00161184 0.000973891
0.00161116 0.000974531

0.0016102 0.000974531
0.00161039 0.000974615

0.00161039 0.000974669
0.00161112 0.000974541

0.00161184 0.000972166
0.00161196 0.000972356

0.00161195 0.000972356
0.00161211 0.000973081

0.00161212 0.000973081
0.00161188 0.000973806

0.00161184 0.000973881
0.00161189 0.000973806

0.00174889 0.000927992
0.00174884 0.000928125

0.00174961 0.00092678
0.00174908 0.0009274

0.00174889 0.00092799
0.00174908 0.0009274

0.00175034 0.000926325
0.00174977 0.000926675

0.00175034 0.000926311
0.00175106 0.000926236

0.00174961 0.000926773
0.00174976 0.000926675

0.00175106 0.000926213
0.00175179 0.000926584

0.00175179 0.000926603
0.00175187 0.000926675

0.00175187 0.000926675
0.00175247 0.0009274

0.00175244 0.0009274
0.00175251 0.000927646

0.00175251 0.000927646
0.00175265 0.000928125

0.00174883 0.000928125
0.00174889 0.000928341

0.00174889 0.000928341
0.00174901 0.00092885

0.00174902 0.00092885
0.00174961 0.000929554

0.00174961 0.000929544
0.00174966 0.000929575

0.00174968 0.000929575
0.00175034 0.000929981

0.00175034 0.000929986
0.00175106 0.000930091

0.00172786 0.0010279
0.00172757 0.00102819

0.00172713 0.00102887
0.00172711 0.00102891

0.00172709 0.00102891
0.00172712 0.00102964

0.00172713 0.00102884
0.00172754 0.00102819

0.00172713 0.00102968
0.00172766 0.00103036

0.0017277 0.00103036
0.00172786 0.0010305

0.00172786 0.00102787
0.00172858 0.00102747

0.00172858 0.00102744
0.0017288 0.00102746

0.00172858 0.00102747
0.00172931 0.00102754

0.00172931 0.00102752
0.00173003 0.0010281

0.00173003 0.00102811
0.0017301 0.00102819

0.00173009 0.00102819
0.00173047 0.00102891

0.00173046 0.00102891
0.00173045 0.00102964

0.00172786 0.00103052
0.00172858 0.00103091

0.00172858 0.00103092
0.00172931 0.0010309

0.00173003 0.00103035
0.00173002 0.00103036

0.00172931 0.00103092
0.00173003 0.0010304

0.00173047 0.00102964
0.00173005 0.00103036

0.00173003 0.00103039
0.00173006 0.00103036

0.00175251 0.000928955
0.00175204 0.000929575

0.00175106 0.000930122
0.00175179 0.000929812

0.00175179 0.000929802
0.00175206 0.000929575

0.00175265 0.000928125
0.00175253 0.00092885

0.00175251 0.000928954
0.00175257 0.00092885

0.00197077 0.000757791
0.00197028 0.000758452

0.00197149 0.000757363
0.00197086 0.000757727

0.00197077 0.000757799
0.00197086 0.000757727

0.00197025 0.000758452
0.00197027 0.000759177

0.00197031 0.000759177
0.00197077 0.000759764

0.00197077 0.000759773
0.00197095 0.000759902

0.00197098 0.000759902
0.00197149 0.000760184

0.00197149 0.000757321
0.00197222 0.000757462

0.00197222 0.000757477
0.00197254 0.000757727

0.00197249 0.000757727
0.00197294 0.000758317

0.00197294 0.000759317
0.00197245 0.000759902

0.00197294 0.000758325
0.00197301 0.000758452

0.001973 0.000758452
0.00197299 0.000759177

0.00197294 0.000759309
0.00197301 0.000759177

0.00197149 0.000760219
0.00197222 0.000760093

0.00197222 0.000760078
0.00197247 0.000759902

0.00203023 0.000394142
0.00202999 0.000394453

0.00203095 0.000393617
0.00203078 0.000393728

0.00203023 0.000394118
0.00203067 0.000393728

0.00203095 0.000393573
0.00203168 0.000393395

0.00203168 0.000393358
0.0020324 0.000393597

0.0020324 0.000393607
0.00203257 0.000393728

0.00203256 0.000393728
0.00203313 0.000394364

0.00203313 0.000394371
0.00203317 0.000394453

0.00202996 0.000394453
0.00202975 0.000395178

0.00202977 0.000395178
0.00202999 0.000395903

0.00203 0.000395903
0.00203023 0.000396206

0.00203023 0.000396226
0.00203067 0.000396628

0.00203079 0.000396628
0.00203095 0.000396729

0.00203095 0.000396781
0.00203168 0.000396967

0.00203168 0.000397014
0.0020324 0.000396763

0.00203314 0.000394453
0.00203331 0.000395178

0.00203331 0.000395178
0.00203313 0.000395903

0.00203313 0.000395959
0.00203254 0.000396628

0.0020324 0.000396753
0.00203256 0.000396628

0.00203313 0.000395944
0.00203315 0.000395903

0.00211216 0.000526119
0.00211179 0.000526421

0.00211144 0.00052679
0.00211124 0.000527146

0.00211128 0.000527146
0.00211125 0.000527871

0.00211144 0.000526789
0.0021117 0.000526421

0.00211216 0.000526086
0.00211289 0.000525755

0.00211289 0.000525694
0.00211292 0.000525696

0.00211289 0.000525735
0.00211361 0.000525762

0.00211361 0.000525721
0.00211434 0.00052623

0.00211434 0.00052623
0.00211451 0.000526421

0.00211449 0.000526421
0.00211489 0.000527146

0.00211486 0.000527146
0.00211489 0.000527871

0.00211123 0.000527871
0.00211144 0.000528333

0.00211144 0.000528326
0.00211156 0.000528596

0.00211155 0.000528596
0.00211216 0.000529174

0.00211216 0.000529199
0.00211246 0.000529321

0.00211361 0.000529317
0.00211357 0.000529321

0.00211265 0.000529321
0.00211289 0.000529413

0.00211289 0.000529449
0.00211361 0.000529367

0.00211434 0.000528887
0.00211375 0.000529321

0.00211491 0.000527871
0.00211458 0.000528596

0.00211434 0.000528894
0.00211459 0.000528596

0.00211361 0.00052935
0.00211367 0.000529321

0.00213022 0.000424182
0.00212973 0.000424907

0.00213029 0.000424126
0.00213101 0.000423896

0.00212971 0.000424907
0.00213006 0.000425632

0.00213017 0.000425632
0.00213029 0.000425742

0.00213029 0.000425829
0.00213101 0.000426083

0.00213101 0.000423866
0.00213156 0.000424182

0.00213145 0.000424182
0.00213174 0.000424541

0.00213174 0.000424474
0.00213192 0.000424907

0.00213174 0.000425317
0.00213155 0.000425632

0.00213101 0.000426122
0.00213172 0.000425632

0.00213174 0.000425381
0.00213189 0.000424907

0.00238407 0.000653598
0.00238386 0.000654038

0.0023848 0.000652923
0.00238431 0.000653313

0.00238407 0.000653595
0.00238426 0.000653313

0.00238382 0.000654038
0.00238407 0.000654729

0.00238407 0.000654703
0.0023841 0.000654763

0.00238418 0.000654763
0.0023848 0.000655272

0.0023848 0.00065286
0.00238552 0.000652782

0.00238552 0.000652763
0.00238623 0.000653313

0.00238613 0.000653313
0.00238625 0.00065352

0.0023848 0.000655318
0.00238552 0.000655383

0.00238625 0.000654725
0.00238623 0.000654763

0.00238552 0.00065541
0.00238625 0.000654813

0.00238625 0.000653476
0.00238647 0.000654038

0.00238648 0.000654038
0.00238625 0.000654763

0.00238625 0.000654796
0.00238627 0.000654763

0.0021745 0.000865042
0.00217401 0.000865767

0.00217397 0.000865767
0.00217417 0.000866492

0.00217426 0.000866492
0.00217452 0.000866782

0.00217452 0.000865041
0.00217524 0.000864664

0.00217452 0.000865049
0.00217453 0.000865042

0.00217524 0.000864608
0.00217597 0.000864892

0.00217452 0.000866813
0.00217519 0.000867217

0.00217597 0.00086699
0.00217545 0.000867217

0.00217597 0.000864903
0.00217612 0.000865042

0.00217608 0.000865042
0.00217653 0.000865767

0.00217652 0.000865767
0.00217639 0.000866492

0.00217597 0.000867003
0.0021764 0.000866492

0.00217524 0.000867267
0.00217543 0.000867217

0.00219845 0.000872216
0.00219835 0.000872292

0.0021983 0.000872292
0.00219775 0.000873018

0.00219845 0.000872163
0.00219917 0.000871866

0.00219917 0.000871828
0.0021999 0.000872163

0.0021999 0.000872182
0.00220001 0.000872292

0.00219999 0.000872292
0.00220046 0.000873018

0.00219774 0.000873018
0.00219783 0.000873743

0.00219788 0.000873743
0.00219845 0.00087437

0.00219845 0.000874381
0.00219865 0.000874468

0.00219864 0.000874468
0.00219917 0.000874669

0.0021999 0.000874351
0.00219968 0.000874468

0.00220044 0.000873018
0.00220038 0.000873743

0.0021999 0.000874388
0.00220041 0.000873743

0.00219917 0.000874693
0.00219976 0.000874468

