0.000248019 0.000185625
0.00024826 0.00018635

0.00024826 0.00018635
0.000248502 0.000187075

0.000248502 0.000187075
0.00024866 0.000187551

0.00024866 0.000187552
0.000248743 0.0001878

0.000248743 0.0001878
0.000248985 0.000188525

0.000248985 0.000188525
0.000249227 0.00018925

0.000249227 0.00018925
0.000249385 0.000189724

0.000249385 0.000189725
0.000249469 0.000189976

0.000249469 0.000189976
0.000249712 0.000190701

0.000249712 0.000190701
0.000249954 0.000191426

0.000249954 0.000191426
0.00025011 0.000191892

0.00025011 0.000191892
0.000250197 0.000192151

0.000250197 0.000192151
0.00025044 0.000192876

0.00025044 0.000192876
0.000250683 0.000193601

0.000250683 0.000193601
0.000250835 0.000194056

0.000250835 0.000194056
0.000250926 0.000194326

0.000250926 0.000194326
0.000251169 0.000195051

0.000251169 0.000195051
0.000251412 0.000195776

0.000251412 0.000195776
0.000251561 0.000196218

0.000251561 0.000196219
0.000251655 0.000196501

0.000251655 0.000196501
0.000251899 0.000197227

0.000251899 0.000197227
0.000252141 0.000197952

0.000252141 0.000197952
0.000252286 0.000198382

0.000252286 0.000198383
0.000252384 0.000198677

0.000252384 0.000198677
0.000252627 0.000199402

0.000252627 0.000199402
0.000252869 0.000200127

0.000252869 0.000200127
0.000253011 0.00020055

0.000253011 0.000200551
0.000253111 0.000200852

0.000253112 0.000200852
0.000253353 0.000201577

0.000253353 0.000201577
0.000253595 0.000202302

0.000253595 0.000202302
0.000253736 0.000202726

0.000253736 0.000202727
0.000253836 0.000203027

0.000253836 0.000203027
0.000254077 0.000203752

0.000254077 0.000203752
0.000254317 0.000204478

0.000254317 0.000204478
0.000254461 0.000204913

0.000258778 0.000185625
0.000258812 0.000185741

0.000258812 0.000185741
0.000258991 0.00018635

0.00025899 0.00018635
0.000259202 0.000187075

0.000259201 0.000187075
0.000259414 0.0001878

0.000259415 0.0001878
0.000259537 0.000188215

0.000259537 0.000188216
0.000259627 0.000188525

0.000259627 0.000188525
0.000259837 0.00018925

0.000259837 0.00018925
0.000260048 0.000189976

0.000260048 0.000189976
0.000260259 0.000190701

0.00026026 0.000190701
0.000260262 0.000190708

0.000260262 0.000190708
0.000260469 0.000191426

0.000260469 0.000191426
0.000260677 0.000192151

0.000260677 0.000192151
0.000260886 0.000192876

0.000260887 0.000192876
0.000260987 0.000193222

0.000260987 0.000193222
0.000261096 0.000193601

0.000261095 0.000193601
0.000261302 0.000194326

0.000261301 0.000194326
0.000261508 0.000195051

0.000261508 0.000195051
0.000261712 0.000195766

0.000261712 0.000195766
0.000261715 0.000195776

0.000261715 0.000195776
0.00026192 0.000196501

0.00026192 0.000196501
0.000262123 0.000197227

0.000254461 0.000204914
0.000254556 0.000205203

0.000254557 0.000205203
0.000254796 0.000205928

0.000254796 0.000205928
0.000255034 0.000206653

0.000255034 0.000206653
0.000255186 0.000207116

0.000255186 0.000207117
0.000255272 0.000207378

0.000255272 0.000207378
0.000255509 0.000208103

0.000255509 0.000208103
0.000255745 0.000208828

0.000262123 0.000197227
0.000262327 0.000197952

0.000262328 0.000197952
0.000262437 0.00019834

0.000262437 0.000198341
0.000262531 0.000198677

0.000262531 0.000198677
0.000262732 0.000199402

0.000262731 0.000199402
0.000262932 0.000200127

0.000262932 0.000200127
0.000263132 0.000200852

0.000263133 0.000200852
0.000263162 0.000200957

0.000263162 0.000200958
0.000263332 0.000201577

0.000263331 0.000201577
0.000263528 0.000202302

0.000263528 0.000202302
0.000263724 0.000203027

0.000263725 0.000203027
0.000263887 0.000203628

0.000263887 0.000203628
0.000263921 0.000203752

0.000263921 0.000203752
0.000264114 0.000204478

0.000264114 0.000204478
0.000264306 0.000205203

0.000264305 0.000205203
0.000264497 0.000205928

0.000264498 0.000205928
0.000264612 0.000206362

0.000264612 0.000206363
0.000264688 0.000206653

0.000264688 0.000206653
0.000264876 0.000207378

0.000264876 0.000207378
0.000265062 0.000208103

0.000265061 0.000208103
0.000265247 0.000208828

0.000255745 0.000208828
0.000255911 0.000209341

0.000255910.000202989 0
0.000202989 7.25098e-07

0.00020299 7.25098e-07
0.000202992 1.4502e-06

0.000202992 1.4502e-06
0.000202995 2.17529e-06

0.000202995 2.17529e-06
0.000203 2.90039e-06

0.000203 2.90039e-06
0.000203006 3.62549e-06

0.000203006 3.62549e-06
0.000203014 4.35059e-06

0.000203014 4.35059e-06
0.000203022 5.07568e-06

0.000203022 5.07568e-06
0.000203032 5.80078e-06

0.000203032 5.80078e-06
0.000203043 6.52588e-06

0.000203043 6.52588e-06
0.000203056 7.25098e-06

0.000203056 7.25098e-06
0.000203071 7.97607e-06

0.000203071 7.97607e-06
0.000203087 8.70117e-06

0.000203087 8.70117e-06
0.000203105 9.42627e-06

0.000203105 9.42627e-06
0.000203123 1.01514e-05

0.000203123 1.01514e-05
0.000203142 1.08765e-05

0.000203142 1.08765e-05
0.000203162 1.16016e-05

0.000203162 1.16016e-05
0.000203185 1.23267e-05

0.000203185 1.23267e-05
0.00020321 1.30518e-05

0.00020321 1.30518e-05
0.000203237 1.37769e-05

0.000203237 1.37769e-05
0.000203265 1.4502e-05

0.000203265 1.4502e-05
0.000203295 1.52271e-05

0.000203295 1.52271e-05
0.000203327 1.59521e-05

0.000203327 1.59521e-05
0.00020336 1.66772e-05

0.00020336 1.66772e-05
0.000203396 1.74023e-05

0.000203396 1.74023e-05
0.000203433 1.81274e-05

0.000203433 1.81274e-05
0.000203473 1.88525e-05

0.000203473 1.88525e-05
0.000203514 1.95776e-05

0.000203514 1.95776e-05
0.000203556 2.03027e-05

0.000203556 2.03027e-05
0.000203601 2.10278e-05

0.000203601 2.10278e-05
0.000203646 2.17529e-05

0.000203646 2.17529e-05
0.000203694 2.2478e-05

0.000203693 2.2478e-05
0.000203704 2.2636e-05

0.000203704 2.26361e-05
0.000203742 2.32031e-05

0.000215832 0
0.000215834 7.25098e-07

0.000215834 7.25098e-07
0.000215837 1.4502e-06

0.000215836 1.4502e-06
0.000215841 2.17529e-06

0.000215841 2.17529e-06
0.000215848 2.90039e-06

0.000215847 2.90039e-06
0.000215855 3.62549e-06

0.000215855 3.62549e-06
0.000215865 4.35059e-06

0.000215865 4.35059e-06
0.000215876 5.07568e-06

0.000215877 5.07568e-06
0.00021589 5.80078e-06

0.000215889 5.80078e-06
0.000215904 6.52588e-06

0.000215904 6.52588e-06
0.000215921 7.25098e-06

0.000215921 7.25098e-06
0.000215939 7.97607e-06

0.000215939 7.97607e-06
0.000215959 8.70117e-06

0.000215959 8.70117e-06
0.000215981 9.42627e-06

0.000215981 9.42627e-06
0.000216004 1.01514e-05

0.000216004 1.01514e-05
0.00021603 1.08765e-05

0.00021603 1.08765e-05
0.000216031 1.09064e-05

0.000216031 1.09065e-05
0.000216057 1.16016e-05

0.000216057 1.16016e-05
0.000216085 1.23267e-05

0.000216085 1.23267e-05
0.000216116 1.30518e-05

0.000216116 1.30518e-05
0.000216148 1.37769e-05

0.000216148 1.37769e-05
0.000216181 1.4502e-05

0.000216181 1.4502e-05
0.000216217 1.52271e-05

0.000216217 1.52271e-05
0.000216254 1.59521e-05

0.000216254 1.59521e-05
0.000216292 1.66772e-05

0.000216292 1.66772e-05
0.000216333 1.74023e-05

0.000216333 1.74023e-05
0.000216375 1.81274e-05

0.000216375 1.81274e-05
0.000216419 1.88525e-05

0.000216419 1.88525e-05
0.000216465 1.95776e-05

0.000216465 1.95776e-05
0.000216512 2.03027e-05

0.000216512 2.03027e-05
0.000216561 2.10278e-05

0.000216561 2.10278e-05
0.000216612 2.17529e-05

0.000216612 2.17529e-05
0.000216665 2.2478e-05

0.000216665 2.2478e-05
0.00021672 2.32031e-05

0.000203742 2.32031e-05
0.000203793 2.39282e-05

0.000203793 2.39282e-05
0.000203845 2.46533e-05

0.000203845 2.46533e-05
0.0002039 2.53784e-05

0.0002039 2.53784e-05
0.000203957 2.61035e-05

0.000203957 2.61035e-05
0.000204016 2.68286e-05

0.000204016 2.68286e-05
0.000204076 2.75537e-05

0.000204076 2.75537e-05
0.000204139 2.82788e-05

0.000204139 2.82788e-05
0.000204204 2.90039e-05

0.000204204 2.90039e-05
0.000204271 2.9729e-05

0.000204271 2.9729e-05
0.00020434 3.04541e-05

0.00020434 3.04541e-05
0.000204411 3.11792e-05

0.000204411 3.11792e-05
0.000204429 3.13558e-05

0.000204429 3.1356e-05
0.000204485 3.19043e-05

0.000204485 3.19043e-05
0.00020456 3.26294e-05

0.00020456 3.26294e-05
0.000204637 3.33545e-05

0.000204637 3.33545e-05
0.000204716 3.40796e-05

0.000204716 3.40796e-05
0.000204798 3.48047e-05

0.000204798 3.48047e-05
0.000204882 3.55298e-05

0.000204882 3.55298e-05
0.000204967 3.61 0.000209341
0.00025598 0.000209553

0.00025598 0.000209553
0.000256214 0.000210278

0.000256214 0.000210278
0.000256447 0.000211003

0.000256447 0.000211003
0.000256636 0.000211593

0.000256636 0.000211594
0.000256679 0.000211729

0.000256679 0.000211729
0.00025691 0.000212454

0.00025691 0.000212454
0.00025714 0.000213179

0.00025714 0.000213179
0.000257361 0.000213883

0.000257361 0.000213883
0.000257368 0.000213904

0.000257368 0.000213904
0.000257594 0.000214629

0.000257595 0.000214629
0.000257819 0.000215354

0.000257819 0.000215354
0.000258043 0.000216079

0.000258043 0.000216079
0.000258086 0.000216221

0.000258086 0.000216222
0.000258264 0.000216804

0.000258264 0.000216804
0.000258483 0.000217529

0.000258483 0.000217529
0.000258701 0.000218254

0.000258701 0.000218254
0.000258812 0.000218627

0.000258812 0.000218628
0.000258916 0.000218979

0.000258916 0.000218979
0.000259129 0.000219705

0.000259129 0.000219705
0.000259339 0.00022043

0.000265248 0.000208828
0.000265337 0.00020918

0.000265337 0.00020918
0.000265432 0.000209553

0.000265432 0.000209553
0.000265613 0.000210278

0.000265613 0.000210278
0.000265792 0.000211003

0.000265792 0.000211003
0.000265971 0.000211729

0.000265972 0.000211729
0.000266063 0.000212101

0.000259339 0.00022043
0.000259537 0.000221122

0.000259537 0.000221122
0.000259546 0.000221155

0.000259546 0.000221155
0.000259751 0.00022188

0.000259751 0.00022188
0.000259952 0.000222605

0.000259952 0.000222605
0.000260151 0.00022333

0.000260151 0.00022333
0.000260262 0.000223743

0.000260262 0.000223744
0.000260345 0.000224055

0.000260345 0.000224055
0.000260537 0.00022478

0.000260537 0.00022478
0.000260724 0.000225505

0.000260724 0.000225505
0.000260908 0.00022623

0.000260908 0.00022623
0.000260987 0.000226548

0.000260987 0.000226549
0.000261087 0.000226956

0.000261087 0.000226956
0.000261262 0.000227681

0.000261262 0.000227681
0.000261433 0.000228406

0.000261433 0.000228406
0.000261598 0.000229131

0.000261598 0.000229131
0.000261712 0.000229645

0.000261712 0.000229646
0.000261758 0.000229856

0.000261759 0.000229856
0.000261913 0.000230581

0.000261913 0.000230581
0.000262063 0.000231306

0.000262063 0.000231306
0.000262206 0.000232031

0.000262206 0.000232031
0.000262343 0.000232756

0.000262343 0.000232756
0.000262437 0.000233275

0.000262437 0.000233275
0.000262474 0.000233481

0.000262474 0.000233481
0.000262599 0.000234207

0.000262599 0.000234207
0.000262716 0.000234932

0.000262716 0.000234932
0.000262827 0.000235657

0.000262827 0.000235657
0.00026293 0.000236382

0.00026293 0.000236382
0.000263026 0.000237107

0.000263026 0.000237107
0.000263114 0.000237832

0.000263114 0.000237832
0.000263162 0.000238261

0.000263162 0.000238262
0.000263195 0.000238557

0.000263195 0.000238557
0.000263266 0.000239282

0.000263266 0.000239282
0.000263328 0.000240007

0.000263328 0.000240007
0.00026338 0.000240732

0.000263381 0.000240732
0.000263424 0.000241458

0.000263424 0.000241458
0.000263456 0.000242183

0.000263456 0.000242183
0.000263477 0.000242908

0.000263477 0.000242908
0.000263487 0.000243633

0.000263162 0.000249188
0.000263133 0.000249434

0.000263487 0.000243633
0.000263486 0.000244358

0.000263486 0.000244358
0.000263472 0.000245083

0.000263472 0.000245083
0.000263446 0.000245808

0.000263446 0.000245808
0.000263407 0.000246533

0.000263407 0.000246533
0.000263357 0.000247258

0.000263357 0.000247258
0.000263294 0.000247983

0.000263294 0.000247983
0.00026322 0.000248708

0.000263162 0.000249182
0.000263219 0.000248708

0.000263133 0.000249434
0.000263032 0.000250159

0.000263031 0.000250159
0.000262916 0.000250884

0.000262916 0.000250884
0.000262788 0.000251609

0.000262788 0.000251609
0.000262646 0.000252334

0.000262437 0.000253272
0.000262314 0.000253784

0.000262646 0.000252334
0.000262488 0.000253059

0.000262437 0.000253272
0.000262488 0.000253059

0.000262314 0.000253784
0.000262124 0.000254509

0.000262124 0.000254509
0.000261917 0.000255234

0.00024431 0.000278344
0.000244215 0.000278437

0.00024576 0.000276948
0.000245719 0.000276987

0.000245035 0.000277639
0.000244958 0.000277712

0.00024431 0.000278339
0.000244954 0.000277712

0.000245035 0.000277635
0.000245714 0.000276987

0.000247935 0.000274925
0.000247272 0.000275537

0.00024866 0.000274257
0.000248058 0.000274812

0.000247935 0.000274924
0.000248057 0.000274812

0.00024576 0.000276945
0.000246485 0.000276265

0.00024721 0.000275593
0.000246489 0.000276262

0.000246485 0.000276265
0.000246488 0.000276262

0.00024721 0.000275593
0.000247271 0.000275537

0.000250835 0.000272215
0.000250392 0.000272637

0.000251561 0.000271508
0.000251147 0.000271912

0.000250835 0.000272214
0.000251148 0.000271912

0.000253736 0.000269256
0.000253296 0.000269736

0.000254461 0.000268449
0.000253963 0.000269011

0.000253736 0.000269259
0.000253961 0.000269011

0.000252286 0.000270783
0.000251885 0.000271187

0.000253011 0.000270034
0.000252602 0.000270461

0.000252286 0.000270783
0.0002526 0.000270461

0.000251561 0.000271508
0.000251885 0.000271187

0.000253011 0.000270035
0.000253292 0.000269736

0.000249385 0.000273586
0.000248841 0.000274087

0.00025011 0.000272906
0.000249621 0.000273362

0.000249385 0.000273583
0.000249623 0.000273362

0.00024866 0.000274255
0.000248843 0.000274087

0.00025011 0.000272904
0.000250393 0.000272637

0.000260262 0.000259645
0.000259949 0.00026031

0.000259949 0.00026031
0.000259585 0.000261035

0.000255911 0.000266706
0.00025581 0.000266836

0.000257361 0.000264738
0.000256907 0.000265386

0.000256636 0.000265752
0.000256372 0.000266111

0.000255911 0.000266705
0.000256371 0.000266111

0.000256636 0.000265754
0.000256906 0.000265386

0.000258812 0.000262448
0.000258791 0.000262485

0.000258086 0.000263639
0.000257899 0.000263936

0.00025879 0.000262485
0.000258357 0.00026321

0.000258086 0.000263639
0.000258357 0.00026321

0.000259537 0.000261127
0.000259199 0.00026176

0.000258812 0.000262448
0.0002592 0.00026176

0.000259537 0.000261127
0.000259585 0.000261035

0.000257899 0.000263936
0.000257416 0.000264661

0.000257361 0.000264739
0.000257415 0.000264661

0.000261712 0.000255897
0.000261693 0.000255959

0.000261693 0.000255959
0.00026145 0.000256685

0.000260987 0.000257935
0.00026091 0.000258135

0.00026145 0.000256685
0.000261189 0.00025741

0.000260987 0.000257935
0.00026119 0.00025741

0.000261712 0.000255897
0.000261917 0.000255234

0.00026091 0.000258135
0.00026061 0.00025886

0.00026061 0.00025886
0.00026029 0.000259585

0.000260262 0.000259645
0.00026029 0.000259585

0.000266063 0.000263051
0.000265998 0.00026321

0.000265998 0.00026321
0.000265697 0.000263936

0.000264612 0.000266377
0.000264398 0.000266836

0.000265337 0.000264772
0.000265066 0.000265386

0.000265697 0.000263936
0.000265387 0.000264661

0.000265337 0.000264772
0.000265386 0.000264661

0.000265066 0.000265386
0.000264737 0.000266111

0.000264612 0.000266377
0.000264737 0.000266111

0.000255186 0.000267602
0.000254605 0.000268286

0.00025581 0.000266836
0.000255221 0.000267561

0.000255186 0.000267602
0.00025522 0.000267561

0.000254461 0.00026845
0.000254604 0.000268286

0.000260262 0.000274684
0.000260189 0.000274812

0.000260188 0.000274812
0.000259776 0.000275537

0.000258812 0.000277225
0.000258533 0.000277712

0.000258533 0.000277712
0.00025812 0.000278437

0.000259537 0.000275957
0.000259363 0.000276262

0.000259362 0.000276262
0.000258947 0.000276987

0.000259537 0.000275956
0.000259776 0.000275537

0.000258812 0.000277224
0.000258947 0.000276987

0.000263162 0.000269341
0.00026296 0.000269736

0.000261712 0.000272079
0.000261407 0.000272637

0.000262437 0.000270732
0.000262195 0.000271187

0.000262959 0.000269736
0.000262581 0.000270461

0.000262437 0.000270732
0.000262581 0.000270461

0.000262195 0.000271187
0.000261804 0.000271912

0.000261712 0.000272079
0.000261803 0.000271912

0.000263887 0.000267895
0.000263695 0.000268286

0.000264398 0.000266836
0.000264051 0.000267561

0.000263887 0.000267894
0.000264051 0.000267561

0.000263695 0.000268286
0.000263331 0.000269011

0.000263162 0.000269341
0.000263331 0.000269011

0.000260987 0.000273393
0.000260598 0.000274087

0.000261406 0.000272637
0.000261002549e-05

0.000204967 3.62549e-05
0.000205055 3.698e-05

0.000205055 3.698e-05
0.000205145 3.77051e-05

0.000205145 3.77051e-05
0.000205154 3.77796e-05

0.000205154 3.77798e-05
0.000205237 3.84302e-05

0.000205237 3.84302e-05
0.000205331 3.91553e-05

0.000205331 3.91553e-05
0.000205427 3.98804e-05

0.000205427 3.98804e-05
0.000205525 4.06055e-05

0.000205525 4.06055e-05
0.000205626 4.13306e-05

0.000205626 4.13306e-05
0.000205728 4.20557e-05

0.000205728 4.20557e-05
0.000205832 4.27808e-05

0.000205832 4.27808e-05
0.000205879 4.31002e-05

0.000205879 4.31004e-05
0.000205939 4.35059e-05

0.000205939 4.35059e-05
0.000206048 4.4231e-05

0.000206048 4.4231e-05
0.000206158 4.49561e-05

0.000206158 4.49561e-05
0.000206271 4.56812e-05

0.000206271 4.56812e-05
0.000206385 4.64062e-05

0.00021672 2.32031e-05
0.000216756 2.36679e-05

0.000216756 2.3668e-05
0.000216776 2.39282e-05

0.000216776 2.39282e-05
0.000216834 2.46533e-05

0.000216834 2.46533e-05
0.000216894 2.53784e-05

0.000216894 2.53784e-05
0.000216956 2.61035e-05

0.000216956 2.61035e-05
0.00021702 2.68286e-05

0.00021702 2.68286e-05
0.000217086 2.75537e-05

0.000217086 2.75537e-05
0.000217153 2.82788e-05

0.000217153 2.82788e-05
0.000217222 2.90039e-05

0.000217222 2.90039e-05
0.000217293 2.9729e-05

0.000217293 2.9729e-05
0.000217366 3.04541e-05

0.000217366 3.04541e-05
0.000217441 3.11792e-05

0.000217441 3.11792e-05
0.000217481 3.15613e-05

0.000217481 3.15614e-05
0.000217517 3.19043e-05

0.000217517 3.19043e-05
0.000217595 3.26294e-05

0.000217595 3.26294e-05
0.000217675 3.33545e-05

0.000217675 3.33545e-05
0.000217757 3.40796e-05

0.000217757 3.40796e-05
0.000217841 3.48047e-05

0.000217841 3.48047e-05
0.000217927 3.55298e-05

0.000217927 3.55298e-05
0.000218014 3.62549e-05

0.000218014 3.62549e-05
0.000218103 3.698e-05

0.000218103 3.698e-05
0.000218194 3.77051e-05

0.000218194 3.77051e-05
0.000218206 3.77992e-05

0.000218206 3.77995e-05
0.000218287 3.84302e-05

0.000218287 3.84302e-05
0.000218381 3.91553e-05

0.000218381 3.91553e-05
0.000218478 3.98804e-05

0.000218478 3.98804e-05
0.000218576 4.06055e-05

0.000218576 4.06055e-05
0.000218676 4.13306e-05

0.000218676 4.13306e-05
0.000218777 4.20557e-05

0.000218777 4.20557e-05
0.000218881 4.27808e-05

0.000218881 4.27808e-05
0.000218931 4.31248e-05

0.000218931 4.3125e-05
0.000218987 4.35059e-05

0.000218987 4.35059e-05
0.000219094 4.4231e-05

0.000219094 4.4231e-05
0.000219203 4.49561e-05

0.000219203 4.49561e-05
0.000219313 4.56812e-05

0.000219313 4.56812e-05
0.000219426 4.64062e-05

0.000206385 4.64062e-05
0.000206502 4.71313e-05

0.000206502 4.71313e-05
0.000206604 4.77581e-05

0.000206604 4.77582e-05
0.000206621 4.78564e-05

0.000206621 4.78564e-05
0.000206741 4.85815e-05

0.000206741 4.85815e-05
0.000206864 4.93066e-05

0.000206864 4.93066e-05
0.000206988 5.00317e-05

0.000206988 5.00317e-05
0.000207115 5.07568e-05

0.000207115 5.07568e-05
0.000207243 5.14819e-05

0.000207243 5.14819e-05
0.00020733 5.19635e-05

0.00020733 5.19637e-05
0.000207373 5.2207e-05

0.000207373 5.2207e-05
0.000207506 5.29321e-05

0.000207506 5.29321e-05
0.00020764 5.36572e-05

0.00020764 5.36572e-05
0.000207776 5.43823e-05

0.000207776 5.43823e-05
0.000207914 5.51074e-05

0.000207914 5.51074e-05
0.000208053 5.58325e-05

0.000208053 5.58325e-05
0.000208055 5.584e-05

0.000208055 5.58403e-05
0.000208195 5.65576e-05

0.000208195 5.65576e-05
0.000208338 5.72827e-05

0.000208338 5.72827e-05
0.000208483 5.80078e-05

0.000219426 4.64062e-05
0.00021954 4.71313e-05

0.00021954 4.71313e-05
0.000219656 4.78544e-05

0.000208483 5.80078e-05
0.00020863 5.87329e-05

0.00020863 5.87329e-05
0.000208779 5.9458e-05

0.000208779 5.9458e-05
0.00020878 5.94615e-05

0.00020878 5.94619e-05
0.00020893 6.01831e-05

0.00020893 6.01831e-05
0.000209082 6.09082e-05

0.000209082 6.09082e-05
0.000209236 6.16333e-05

0.000209236 6.16333e-05
0.000209392 6.23584e-05

0.000209392 6.23584e-05
0.000209505 6.28795e-05

0.000209505 6.28797e-05
0.000209549 6.30835e-05

0.000209549 6.30835e-05
0.000209709 6.38086e-05

0.000209709 6.38086e-05
0.00020987 6.45337e-05

0.0002094 0.000273362

0.000260987 0.000273393
0.000261004 0.000273362

0.000260262 0.000274682
0.000260598 0.000274087

0.000235608 0.000289868
0.000235521 0.000290039

0.000236333 0.000288495
0.00023628 0.000288589

0.000237059 0.000287242
0.000236687 0.000287864

0.000236333 0.000288485
0.000236686 0.000287864

0.000236275 0.000288589
0.000235885 0.000289314

0.000235608 0.000289858
0.000235885 0.000289314

0.000239234 0.000284051
0.000239095 0.000284238

0.000239959 0.000283114
0.000239645 0.000283513

0.000239234 0.000284045
0.00023964 0.000283513

0.000242859 0.000279815
0.00024279 0.000279888

0.000242134 0.000280589
0.000242112 0.000280613

0.000242105 0.000280613
0.000241452 0.000281338

0.000242134 0.000280582
0.000242783 0.000279888

0.000240684 0.00028223
0.00024022 0.000282788

0.000241409 0.000281387
0.000240823 0.000282063

0.000240684 0.000282228
0.000240822 0.000282063

0.000239959 0.000283114
0.000240216 0.000282788

0.000241409 0.000281386
0.000241451 0.000281338

0.000238509 0.000285037
0.000238057 0.000285688

0.000237784 0.000286106
0.00023758 0.000286414

0.000237576 0.000286414
0.000237119 0.000287139

0.000237784 0.000286099
0.000238056 0.000285688

0.000239088 0.000284238
0.00023856 0.000284963

0.000238509 0.000285036
0.000238559 0.000284963

0.000237059 0.00028724
0.000237119 0.000287139

0.000234158 0.000293176
0.000233977 0.000293665

0.000233974 0.000293665
0.000233721 0.00029439

0.000233433 0.00029532
0.00023328 0.00029584

0.000233721 0.00029439
0.00023349 0.000295115

0.000233433 0.000295317
0.000233493 0.000295115

0.000234883 0.000291406
0.000234846 0.000291489

0.000235516 0.000290039
0.000235168 0.000290764

0.000234883 0.000291395
0.000235168 0.000290764

0.000234842 0.000291489
0.000234532 0.000292214

0.000234531 0.000292214
0.000234242 0.000292939

0.000234158 0.000293172
0.000234245 0.000292939

0.000232708 0.000298217
0.000232606 0.00029874

0.000233278 0.00029584
0.00023308 0.000296565

0.000233079 0.000296565
0.000232902 0.00029729

0.000232903 0.00029729
0.000232746 0.000298015

0.000232708 0.000298216
0.000232747 0.000298015

0.000232605 0.00029874
0.00023248 0.000299465

0.00023248 0.000299465
0.000232374 0.00030019

0.000232374 0.00030019
0.000232286 0.000300916

0.000232286 0.000300916
0.000232215 0.000301641

0.000232215 0.000301641
0.000232162 0.000302366

0.000232162 0.000302366
0.000232125 0.000303091

0.000232125 0.000303091
0.000232104 0.000303816

0.000232104 0.000303816
0.000232099 0.000304541

0.000232099 0.000304541
0.000232109 0.000305266

0.000232109 0.000305266
0.000232136 0.000305991

0.000232136 0.000305991
0.000232177 0.000306716

0.000232177 0.000306716
0.000232234 0.000307441

0.000232234 0.000307441
0.000232305 0.000308167

0.000232305 0.000308167
0.00023239 0.000308892

0.00023239 0.000308892
0.000232488 0.000309617

0.000232488 0.000309617
0.000232598 0.000310342

0.000232597 0.000310342
0.000232708 0.000310988

0.000232708 0.000310989
0.000232721 0.000311067

0.000232722 0.000311067
0.000232861 0.000311792

0.000232862 0.000311792
0.000233013 0.000312517

0.000233013 0.000312517
0.000233174 0.000313242

0.000233173 0.000313242
0.000233345 0.000313967

0.000233343 0.000313967
0.000233433 0.000314316

0.000233433 0.000314315
0.000233531 0.000314692

0.000233535 0.000314692
0.000233737 0.000315417

0.000233735 0.000315417
0.000233947 0.000316143

0.000233944 0.000316143
0.000234158 0.000316812

0.000234158 0.000316814
0.000234176 0.000316868

0.000234178 0.000316868
0.000234433 0.000317593

0.00023443 0.000317593
0.000234711 0.000318318

0.000234703 0.000318318
0.000234883 0.00031872

0.000234883 0.000318716
0.00023503 0.000319043

0.00023503 0.000319043
0.000235407 0.000319768

0.00023539 0.000319768
0.000235608 0.00032012

0.000235608 0.000320107
0.000235849 0.000320493

0.000235832 0.000320493
0.000236333 0.00032112

0.000236333 0.00032112
0.000236419 0.000321218

0.000236417 0.000321218
0.000237059 0.000321848

0.000237059 0.000321852
0.000237167 0.000321943

0.000237182 0.000321943
0.000237784 0.000322415

0.000237784 0.000322422
0.000238198 0.000322668
87 6.45337e-05
0.000210032 6.52588e-05

0.000210032 6.52588e-05
0.000210197 6.59839e-05

0.000210197 6.59839e-05
0.00021023 6.61297e-05

0.00021023 6.61301e-05
0.000210363 6.6709e-05

0.000210363 6.6709e-05
0.000210531 6.74341e-05

0.000210531 6.74341e-05
0.0002107 6.81592e-05

0.0002107 6.81592e-05
0.000210871 6.88843e-05

0.000210871 6.88843e-05
0.000210955 6.92354e-05

0.000210955 6.92356e-05
0.000211044 6.96094e-05

0.000211044 6.96094e-05
0.000211219 7.03345e-05

0.000211219 7.03345e-05
0.000211396 7.10596e-05

0.000211395 7.10596e-05
0.000211573 7.17847e-05

0.000211573 7.17847e-05
0.00021168 7.22156e-05

0.00021168 7.22159e-05
0.000211753 7.25098e-05

0.000211753 7.25098e-05
0.000211935 7.32349e-05

0.000211935 7.32349e-05
0.000212118 7.396e-05

0.000212118 7.396e-05
0.000212302 7.46851e-05

0.000212302 7.46851e-05
0.000212405 7.50853e-05

0.000212405 7.50855e-05
0.000212489 7.54102e-05

0.000212489 7.54102e-05
0.000212677 7.61353e-05

0.000212677 7.61353e-05
0.000212867 7.68604e-05

0.000212867 7.68604e-05
0.000213058 7.75854e-05

0.000213058 7.75854e-05
0.00021313 7.7857e-05

0.00021313 7.78573e-05
0.000213251 7.83105e-05

0.000213251 7.83105e-05
0.000213446 7.90356e-05

0.000213446 7.90356e-05
0.000213642 7.97607e-05

0.000213642 7.97607e-05
0.00021384 8.04858e-05

0.00021384 8.04858e-05
0.000213855 8.05414e-05

0.000213855 8.05419e-05
0.00021404 8.12109e-05

0.00021404 8.12109e-05
0.000214241 8.1936e-05

0.000214241 8.1936e-05
0.000214444 8.26611e-05

0.000214444 8.26611e-05
0.000214581 8.31471e-05

0.000214581 8.31473e-05
0.000214648 8.33862e-05

0.000214648 8.33862e-05
0.000214854 8.41113e-05

0.000214854 8.41113e-05
0.000215061 8.48364e-05

0.000215061 8.48364e-05
0.00021527 8.55615e-05

0.00021527 8.55615e-05
0.000215306 8.56833e-05

0.000215306 8.56837e-05
0.000215481 8.62866e-05

0.000215481 8.62866e-05
0.000215693 8.70117e-05

0.000215693 8.70117e-05
0.000215906 8.77368e-05

0.000215906 8.77368e-05
0.000216031 8.81575e-05

0.000216031 8.81578e-05
0.000216121 8.84619e-05

0.000216121 8.84619e-05
0.000216338 8.9187e-05

0.000216338 8.9187e-05
0.000216555 8.99121e-05

0.000216555 8.99121e-05
0.000216756 9.05768e-05

0.000216756 9.05769e-05
0.000216774 9.06372e-05

0.000216774 9.06372e-05
0.000216995 9.13623e-05

0.000216995 9.13623e-05
0.000217217 9.20874e-05

0.000217217 9.20874e-05
0.00021744 9.28125e-05

0.000219657 4.78564e-05
0.000219775 4.85815e-05

0.000219774 4.85815e-05
0.000219894 4.93066e-05

0.000219894 4.93066e-05
0.000220015 5.00317e-05

0.000220015 5.00317e-05
0.000220138 5.07568e-05

0.000220138 5.07568e-05
0.000220263 5.14819e-05

0.000220263 5.14819e-05
0.000220381 5.21615e-05

0.000220381 5.21616e-05
0.000220389 5.2207e-05

0.000220389 5.2207e-05
0.000220517 5.29321e-05

0.000220517 5.29321e-05
0.000220647 5.36572e-05

0.000220647 5.36572e-05
0.000220778 5.43823e-05

0.000220778 5.43823e-05
0.00022091 5.51074e-05

0.00022091 5.51074e-05
0.000221045 5.58325e-05

0.000221045 5.58325e-05
0.000221106 5.61608e-05

0.000221106 5.6161e-05
0.000221181 5.65576e-05

0.000221181 5.65576e-05
0.000221318 5.72827e-05

0.000221318 5.72827e-05
0.000221456 5.80078e-05

0.000221456 5.80078e-05
0.000221596 5.87329e-05

0.000221596 5.87329e-05
0.000221738 5.9458e-05

0.000221738 5.9458e-05
0.000221832 5.99315e-05

0.000221832 5.99316e-05
0.000221881 6.01831e-05

0.000221881 6.01831e-05
0.000222026 6.09082e-05

0.000222026 6.09082e-05
0.000222171 6.16333e-05

0.000222171 6.16333e-05
0.000222319 6.23584e-05

0.000222318 6.23584e-05
0.000222467 6.30835e-05

0.000222468 6.30835e-05
0.000222557 6.35125e-05

0.000222557 6.35127e-05
0.000222618 6.38086e-05

0.000222618 6.38086e-05
0.00022277 6.45337e-05

0.00022277 6.45337e-05
0.000222922 6.52588e-05

0.000222922 6.52588e-05
0.000223077 6.59839e-05

0.000223077 6.59839e-05
0.000223233 6.6709e-05

0.000223233 6.6709e-05
0.000223282 6.69318e-05

0.000223282 6.69321e-05
0.000223391 6.74341e-05

0.000223391 6.74341e-05
0.000223549 6.81592e-05

0.000223549 6.81592e-05
0.000223709 6.88843e-05

0.000223709 6.88843e-05
0.000223871 6.96094e-05

0.000223871 6.96094e-05
0.00
0.000238214 0.000322668
0.000238509 0.000322842

0.000238509 0.000322841
0.000239234 0.000323149

0.000239234 0.000323146
0.000239959 0.000323351

0.000239959 0.00032335
0.000240238 0.000323394

0.000240251 0.000323394
0.000240684 0.000323461

0.000240684 0.000323459
0.000241409 0.000323489

0.000242859 0.000323324
0.000242426 0.000323394

0.000241409 0.000323488
0.000242134 0.000323442

0.000242134 0.000323442
0.000242434 0.000323394

0.000243584 0.000279068
0.000243491 0.000279163

0.000242859 0.000279809
0.000243485 0.000279163

0.000243584 0.000279063
0.000244209 0.000278437

0.000254461 0.000285662
0.00025445 0.000285688

0.000254447 0.000285688
0.000254175 0.000286414

0.000254174 0.000286414
0.00025393 0.000287139

0.000253736 0.000287799
0.000253717 0.000287864

0.000253714 0.000287864
0.000253531 0.000288589

0.000253736 0.000287792
0.000253929 0.000287139

0.000253531 0.000288589
0.000253382 0.000289314

0.000253381 0.000289314
0.000253268 0.000290039

0.000253267 0.000290039
0.000253189 0.000290764

0.000253189 0.000290764
0.000253148 0.000291489

0.000253148 0.000291489
0.000253144 0.000292214

0.000253144 0.000292214
0.000253176 0.000292939

0.000253176 0.000292939
0.000253243 0.000293665

0.000253244 0.000293665
0.000253343 0.00029439

0.000253344 0.00029439
0.000253474 0.000295115

0.000253475 0.000295115
0.000253631 0.00029584

0.000253631 0.00029584
0.000253736 0.000296264

0.000253736 0.000296259
0.000253812 0.000296565

0.000253812 0.000296565
0.000254011 0.00029729

0.000254012 0.00029729
0.000254224 0.000298015

0.000254225 0.000298015
0.000254445 0.00029874

0.000254445 0.00029874
0.000254461 0.000298792

0.000257361 0.000279788
0.000257305 0.000279888

0.000256636 0.00028111
0.000256513 0.000281338

0.000257304 0.000279888
0.000256904 0.000280613

0.000256636 0.000281107
0.000256903 0.000280613

0.000255911 0.000282492
0.00025576 0.000282788

0.000255186 0.00028398
0.000255066 0.000284238

0.000255759 0.000282788
0.000255403 0.000283513

0.000255186 0.000283977
0.000255403 0.000283513

0.000256511 0.000281338
0.00025613 0.000282063

0.000255911 0.00028249
0.000256129 0.000282063

0.000258086 0.000278496
0.00025771 0.000279163

0.000257361 0.000279785
0.000257709 0.000279163

0.000258086 0.000278496
0.000258119 0.000278437

0.000255064 0.000284238
0.000254745 0.000284963

0.000254461 0.000285656
0.000254744 0.000284963

0.000254461 0.000298789
0.00025467 0.000299465

0.000254672 0.000299465
0.000254896 0.00030019

0.000254898 0.00030019
0.000255115 0.000300916

0.000255115 0.000300916
0.000255186 0.000301165

0.000255186 0.000301166
0.000255322 0.000301641

0.000242859 0.000323324
0.000243584 0.000323141

0.000243584 0.000323141
0.00024431 0.000322894

0.000245035 0.000322578
0.000244823 0.000322668

0.00024431 0.000322894
0.000244835 0.000322668

0.000245035 0.000322581
0.00024576 0.000322209

0.000246485 0.000321775
0.0002462 0.000321943

0.000246485 0.000321778
0.00024721 0.000321296

0.00024866 0.000320191
0.000248275 0.000320493

0.000247935 0.000320764
0.000247313 0.000321218

0.00024721 0.000321294
0.000247318 0.000321218

0.000247935 0.000320762
0.000248286 0.000320493

0.00024576 0.00032221
0.00024621 0.000321943

0.00025011 0.000318936
0.000249992 0.000319043

0.000251561 0.000317538
0.000251507 0.000317593

0.000250835 0.000318258
0.000250773 0.000318318

0.00025011 0.000318944
0.00025078 0.000318318

0.000250835 0.000318267
0.000251515 0.000317593

0.000253011 0.000315895
0.000252816 0.000316143

0.000254461 0.000313751
0.000254343 0.000313967

0.000254345 0.000313967
0.000253893 0.000314692

0.000253736 0.000314917
0.000253385 0.000315417

0.000253011 0.000315901
0.000253386 0.000315417

0.000253736 0.000314923
0.000253892 0.000314692

0.000252286 0.000316758
0.000252189 0.000316868

0.000251561 0.000317547
0.000252195 0.000316868

0.000252286 0.000316765
0.00025282 0.000316143

0.000249385 0.00031958
0.000249163 0.000319768

0.00024866 0.000320192
0.00024917 0.000319768

0.000249385 0.000319585
0.000249999 0.000319043

0.000255323 0.000301641
0.000255517 0.000302366

0.000255518 0.0000224007 7.02103e-05

0.000224007 7.02104e-05
0.000224035 7.03345e-05

0.000224035 7.03345e-05
0.000224199 7.10596e-05

0.000224199 7.10596e-05
0.000224365 7.17847e-05

0.000224365 7.17847e-05
0.000224532 7.25098e-05

0.000224532 7.25098e-05
0.000224702 7.32349e-05

0.000224702 7.32349e-05
0.000224732 7.33618e-05

0.000224732 7.33622e-05
0.000224873 7.396e-05

0.000224873 7.396e-05
0.000225045 7.46851e-05

0.000225045 7.46851e-05
0.000225218 7.54102e-05

0.000225218 7.54102e-05
0.000225394 7.61353e-05

0.000225395 7.61353e-05
0.000225457 7.63905e-05

0.000225457 7.63908e-05
0.000225572 7.68604e-05

0.000225572 7.68604e-05
0.00022575 7.75854e-05

0.00022575 7.75854e-05
0.000225931 7.83105e-05

0.00022593 7.83105e-05
0.000226113 7.90356e-05

0.000226113 7.90356e-05
0.000226182 7.93076e-05

0.000226182 7.93079e-05
0.000226297 7.97607e-05

0.000226297 7.97607e-05
0.000226482 8.04858e-05

0.000226482 8.04858e-05
0.000226668 8.12109e-05

0.000226668 8.12109e-05
0.000226857 8.1936e-05

0.000226858 8.1936e-05
0.000226907 8.21256e-05

0.000226907 8.2126e-05
0.000227048 8.26611e-05

0.000227047 8.26611e-05
0.000227238 8.33862e-05

0.000227238 8.33862e-05
0.000227431 8.41113e-05

0.000227431 8.41113e-05
0.000227626 8.48364e-05

0.000227626 8.48364e-05
0.000227632 8.48598e-05

0.000227632 8.48603e-05
0.000227822 8.55615e-05

0.000227821 8.55615e-05
0.000228018 8.62866e-05

0.000228018 8.62866e-05
0.000228217 8.70117e-05

0.000228217 8.70117e-05
0.000228357 8.75181e-05

0.000228357 8.75183e-05
0.000228418 8.77368e-05

0.000228418 8.77368e-05
0.000228619 8.84619e-05

0.000228619 8.84619e-05
0.000228821 8.9187e-05

0.000228821 8.9187e-05
0.000229026 8.99121e-05

0.000229026 8.99121e-05
0.000229083 9.01098e-05

0.000229083 9.01103e-05
0.000229232 9.06372e-05

0.000229232 9.06372e-05
0.000229438 9.13623e-05

0.000229438 9.13623e-05
0.000229646 9.20874e-05

0.000229647 9.20874e-05
0.000229808 9.26444e-05

0.000229808 9.26446e-05
0.000229856 9.28125e-05

0.00021744 9.28125e-05
0.000217481 9.29459e-05

0.000217481 9.29463e-05
0.000217664 9.35376e-05

0.000217664 9.35376e-05
0.00021789 9.42627e-05

0.00021789 9.42627e-05
0.000218117 9.49878e-05

0.000218117 9.49878e-05
0.000218206 9.52712e-05

0.000218206 9.52715e-05
0.000218345 9.57129e-05

0.000218345 9.57129e-05
0.000218575 9.6438e-05

0.000218575 9.6438e-05
0.000218805 9.71631e-05

0.000218805 9.71631e-05
0.000218931 9.75577e-05

0.000218931 9.7558e-05
0.000219037 9.78882e-05

0.000219037 9.78882e-05
0.00021927 9.86133e-05

0.00021927 9.86133e-05
0.000219504 9.93384e-05

0.000219503 9.93384e-05
0.000219656 9.981e-05

0.000219656 9.98102e-05
0.000219738 0.000100063

0.000219739 0.000100063
0.000219975 0.000100789

0.000219975 0.000100789
0.000220211 0.000101514

0.000220211 0.000101514
0.000220381 0.000102032

0.000220381 0.000102032
0.000220449 0.000102239

0.000220449 0.000102239
0.000220688 0.000102964

0.000220688 0.000102964
0.000220928 0.000103689

0.000220928 0.000103689
0.000221106 0.000104227

0.000221106 0.000104227
0.000221168 0.000104414

0.000229856 9.28125e-05
0.000230066 9.35376e-05

0.000230066 9.35376e-05
0.000230278 9.42627e-05

0.000230278 9.42627e-05
0.000230491 9.49878e-05

0.000230492 9.49878e-05
0.000230533 9.5126e-05

0.000230533 9.51266e-05
0.000230706 9.57129e-05

0.000230706 9.57129e-05
0.000230921 9.6438e-05

0.000230921 9.6438e-05
0.000231138 9.71631e-05

0.000231138 9.71631e-05
0.000231258 9.756e-05

0.000221169 0.000104414
0.00022141 0.000105139

0.00022141 0.000105139
0.000221652 0.000105864

0.000221652 0.000105864
0.000221832 0.000106401

0.000221832 0.000106401
0.000221895 0.000106589

0.000221895 0.000106589
0.000222138 0.000107314

0.000222138 0.000107314
0.000222383 0.00010804

0.000222382 0.00010804
0.000222557 0.000108556

0.000222557 0.000108556
0.000222627 0.000108765

0.000222627 0.000108765
0.000222873 0.00010949

0.000222873 0.00010949
0.000223118 0.000110215

0.000223118 0.000110215
0.000223282 0.000110696

0.000223282 0.000110696
0.000223365 0.00011094

0.000223365 0.00011094
0.000223612 0.000111665

0.000223612 0.000111665
0.000223859 0.00011302366
0.000255693 0.000303091

0.000255694 0.000303091
0.000255846 0.000303816

0.000255847 0.000303816
0.000255911 0.000304182

0.000255911 0.000304186
0.000255974 0.000304541

0.000255975 0.000304541
0.000256076 0.000305266

0.000256076 0.000305266
0.000256147 0.000305991

0.000256147 0.000305991
0.000256185 0.000306716

0.000256185 0.000306716
0.000256188 0.000307441

0.000255911 0.000309908
0.000255819 0.000310342

0.000256189 0.000307441
0.000256155 0.000308167

0.000256156 0.000308167
0.000256084 0.000308892

0.000256085 0.000308892
0.000255973 0.000309617

0.000255911 0.000309912
0.000255974 0.000309617

0.000255819 0.000310342
0.00025562 0.000311067

0.000255621 0.000311067
0.000255376 0.000311792

0.000255186 0.000312262
0.000255083 0.000312517

0.000255084 0.000312517
0.00025474 0.000313242

0.000255186 0.000312267
0.000255378 0.000311792

0.000254461 0.000313757
0.000254742 0.000313242

0.000266063 0.000212101
0.000266149 0.000212454

0.000266148 0.000212454
0.000266322 0.000213179

0.000266322 0.000213179
0.000266494 0.000213904

0.000266493 0.000213904
0.000266664 0.000214629

0.000266665 0.000214629
0.000266788 0.000215156

0.000266788 0.000215157
0.000266833 0.000215354

0.000266833 0.000215354
0.000266999 0.000216079

0.000266999 0.000216079
0.000267162 0.000216804

0.000267162 0.000216804
0.000267322 0.000217529

0.000267322 0.000217529
0.000267482 0.000218254

0.000267482 0.000218254
0.000267513 0.000218395

0.000267513 0.000218395
0.000267639 0.000218979

0.000267638 0.000218979
0.000267791 0.000219705

0.000267791 0.000219705
0.000267941 0.00022043

0.00026794 0.00022043
0.000268088 0.000221155

0.000268088 0.000221155
0.000268233 0.00022188

0.000268233 0.00022188
0.000268238 0.000221904

0.000268238 0.000221904
0.000268374 0.000222605

0.000268374 0.000222605
0.000268511 0.00022333

0.000268511 0.00022333
0.000268644 0.000224055

0.000268644 0.000224055
0.000268775 0.00022478

0.000268775 0.00022478
0.000268902 0.000225505

0.000268902 0.000225505
0.000268963 0.000225862

0.000268963 0.000225863
0.000269025 0.00022623

0.000269025 0.00022623
0.000269144 0.000226956

0.000269143 0.000226956
0.000269257 0.000227681

0.000269257 0.000227681
0.000269367 0.000228406

0.000269367 0.000228406
0.000269472 0.000229131

0.000269472 0.000229131
0.000269573 0.000229856

0.000269573 0.000229856
0.000269669 0.000230581

0.00026967 0.000230581
0.000269688 0.000230728

0.000269688 0.000230729
0.00026976 0.000231306

0.00026976 0.000231306
0.000269845 0.000232031

0.000269845 0.000232031
0.000269925 0.000232756

0.000269925 0.000232756
0.000269999 0.000233481

0.000269999 0.000233481
0.000270068 0.000234207

0.000270068 0.000234207
0.00027013 0.000234932

0.000270131 0.000234932
0.000270187 0.000235657

0.000270187 0.000235657
0.000270237 0.000236382

0.000270237 0.000236382
0.00027028 0.000237107

0.00027028 0.000237107
0.000270316 0.000237832

0.000270316 0.000237832
0.000270345 0.000238557

0.000270345 0.000238557
0.000270366 0.000239282

0.000270366 0.000239282
0.000270378 0.000240007

0.000270378 0.000240007
0.000270383 0.000240732

0.000270383 0.000240732
0.000270379 0.000241458

0.000270379 0.000241458
0.000270366 0.000242183

0.000270366 0.000242183
0.000270346 0.000242908

0.000270346 0.000242908
0.000270317 0.000243633

0.000270317 0.000243633
0.00027028 0.000244358

0.00027028 0.000244358
0.000270234 0.000245083

0.000270235 0.000245083
0.000270181 0.000245808

0.000270181 0.000245808
0.000270118 0.000246533

0.000270118 0.000246533
0.000270046 0.000247258

0.000270046 0.000247258
0.000269965 0.000247983

0.000269965 0.000247983
0.000269874 0.000248708

0.000269874 0.000248708
0.000269775 0.000249434

0.000268963 0.000253851
0.000268811 0.000254509

0.000268811 0.000254509
0.000268634 0.000255234

0.000269688 0.000250013
0.000269666 0.000250159

0.000269666 0.000250159
0.000269548 0.000250884

0.000269688 0.000250013
0.000269775 0.000249434

0.000269548 0.000250884
0.00026942 0.000251609

0.00026942 0.000251609
0.000269283 0.000252334

0.000269283 0.000252334
0.000269135 0.000253059

0.000269135 0.000253239

0.000223859 0.00011239
0.000224007 0.000112824

0.000224007 0.000112824
0.000224106 0.000113115

0.000224106 0.000113115
0.000224354 0.00011384

0.000224354 0.00011384
0.000224602 0.000114565

0.000224602 0.000114565
0.000224732 0.000114944

0.000224732 0.000114944
0.000224851 0.000115291

0.000224851 0.000115291
0.0002251 0.000116016

0.000231258 9.75603e-05
0.000231356 9.78882e-05

0.000231356 9.78882e-05
0.000231575 9.86133e-05

0.000231575 9.86133e-05
0.000231795 9.93384e-05

0.000231795 9.93384e-05
0.000231983 9.9952e-05

0.000231983 9.99521e-05
0.000232017 0.000100063

0.000232017 0.000100063
0.000232239 0.000100789

0.000232239 0.000100789
0.000232462 0.000101514

0.000232462 0.000101514
0.000232687 0.000102239

0.000232688 0.000102239
0.000232708 0.000102305

0.000232708 0.000102305
0.000232913 0.000102964

0.000232912 0.000102964
0.000233138 0.000103689

0.000233138 0.000103689
0.000233366 0.000104414

0.000233367 0.000104414
0.000233433 0.000104625

0.000233433 0.000104626
0.000233595 0.000105139

0.000233594 0.000105139
0.000233823 0.000105864

0.000233823 0.000105864
0.000234053 0.000106589

0.000234054 0.000106589
0.000234158 0.000106917

0.000234158 0.000106917
0.000234285 0.000107314

0.000234284 0.000107314
0.000234515 0.00010804

0.000234515 0.00010804
0.000234747 0.000108765

0.000234748 0.000108765
0.000234883 0.000109185

0.000234883 0.000109185
0.000234981 0.00010949

0.000234981 0.00010949
0.000235214 0.000110215

0.000235213 0.000110215
0.000235448 0.00011094

0.000235449 0.00011094
0.000235608 0.000111433

0.000235608 0.000111433
0.000235684 0.000111665

0.000235683 0.000111665
0.000235918 0.00011239

0.000235918 0.00011239
0.000236153 0.000113115

0.000236154 0.000113115
0.000236333 0.000113665

0.000236333 0.000113666
0.00023639 0.00011384

0.00023639 0.00011384
0.000236627 0.000114565

0.000236626 0.000114565
0.000236863 0.000115291

0.000236864 0.000115291
0.000237059 0.000115885

0.000237059 0.000115885
0.000237101 0.000116016

0.0002251 0.000116016
0.000225348 0.000116741

0.000225348 0.000116741
0.000225457 0.000117058

0.000225457 0.000117059
0.000225597 0.000117466

0.000225597 0.000117466
0.000225846 0.000118191

0.000225846 0.000118191
0.000226095 0.000118916

0.000226095 0.000118916
0.000226182 0.00011917

0.000226182 0.00011917
0.000226344 0.000119641

0.000226344 0.000119641
0.000226593 0.000120366

0.000226593 0.000120366
0.000226842 0.000121091

0.000226842 0.000121091
0.000226907 0.000121282

0.000226907 0.000121282
0.00022709 0.000121816

0.000227091 0.000121816
0.000227339 0.000122542

0.000227339 0.000122542
0.000227588 0.000123267

0.000227588 0.000123267
0.000227632 0.000123397

0.000227632 0.000123397
0.000227836 0.000123992

0.000227836 0.000123992
0.000228084 0.000124717

0.000228084 0.000124717
0.000228332 0.000125442

0.000228332 0.000125442
0.000228357 0.000125517

0.000228357 0.000125518
0.000228579 0.000126167

0.000228579 0.000126167
0.000228826 0.000126892

0.000228826 0.000126892
0.000229073 0.000127617

0.000229073 0.000127617
0.000229083 0.000127645

0.000229083 0.000127645
0.00022932 0.000128342

0.00022932 0.000128342
0.000229566 0.000129067

0.000229566 0.000129067
0.000229808 0.000129781

0.000229808 0.000129781
0.000229812 0.000129792

0.000229812 0.000129792
0.000230057 0.000130518

0.000230057 0.000130518
0.000230302 0.000131243

0.000230302 0.000131243
0.000230533 0.000131926

0.000230533 0.000131927
0.000230547 0.000131968

0.000230547 0.000131968
0.000230791 0.000132693

0.000230791 0.000132693
0.000231035 0.000133418

0.000231035 0.000133418
0.000231258 0.000134083

0.000237101 0.000116016
0.000237338 0.000116741

0.000237338 0.000116741
0.000237575 0.000117466

0.000237576 0.000117466
0.000237784 0.000118099

0.000237784 0.000118099
0.000237814 0.000118191

0.000237814 0.000118191
0.000238051 0.000118916

0.000238051 0.000118916
0.000238288 0.000119641

0.000238289 0.000119641
0.000238509 0.000120312

0.000238509 0.000120312
0.000238527 0.000120366

0.000238527 0.000120366
0.000238764 0.000121091

0.000238763 0.000121091
0.000239 0.000121816

0.0059
0.000268978 0.000253784

0.000268963 0.000253851
0.000268978 0.000253784

0.000268634 0.000255234
0.000268446 0.000255959

0.000268446 0.000255959
0.000268248 0.000256685

0.000268238 0.000256721
0.00026804 0.00025741

0.00026804 0.00025741
0.000267821 0.000258135

0.000268238 0.00025672
0.000268248 0.000256685

0.000267513 0.000259098
0.000267352 0.000259585

0.000267352 0.000259585
0.000267102 0.00026031

0.000267102 0.00026031
0.000266841 0.000261035

0.000267821 0.000258135
0.000267591 0.00025886

0.000267513 0.000259098
0.000267591 0.00025886

0.000266788 0.000261178
0.00026657 0.00026176

0.00026657 0.00026176
0.000266289 0.000262485

0.000266788 0.000261178
0.000266841 0.000261035

0.000266063 0.00026305
0.000266289 0.000262485

00239001 0.000121816
0.000239234 0.000122528

0.000239234 0.000122528
0.000239238 0.000122542

0.000239238 0.000122542
0.000239475 0.000123267

0.000239475 0.000123267
0.000239711 0.000123992

0.000239712 0.000123992
0.000239949 0.000124717

0.000239949 0.000124717
0.000239959 0.000124746

0.000239959 0.000124747
0.000240186 0.000125442

0.000240185 0.000125442
0.000240421 0.000126167

0.000240421 0.000126167
0.000240658 0.000126892

0.000240659 0.000126892
0.000240684 0.000126969

0.000240684 0.00012697
0.000240895 0.000127617

0.000231258 0.000134083
0.000231278 0.000134143

0.000231278 0.000134143
0.000231521 0.000134868

0.000231521 0.000134868
0.000231764 0.000135593

0.000231764 0.000135593
0.000231983 0.000136251

0.000231983 0.000136251
0.000232005 0.000136318

0.000232006 0.000136318
0.000232247 0.000137043

0.000232247 0.000137043
0.000232489 0.000137769

0.000232488 0.000137769
0.000232708 0.00013843

0.000232708 0.00013843
0.000232729 0.000138494

0.000232729 0.000138494
0.00023297 0.000139219

0.000240894 0.000127617
0.00024113 0.000128342

0.00024113 0.000128342
0.000241366 0.000129067

0.000241367 0.000129067
0.000241409 0.000129198

0.000241409 0.000129199
0.000241602 0.000129792

0.000241601 0.000129792
0.000241836 0.000130518

0.000241836 0.000130518
0.000242072 0.000131243

0.000242073 0.000131243
0.000242134 0.000131433

0.000242134 0.000131434
0.000242307 0.000131968

0.000242307 0.000131968
0.000242541 0.000132693

0.00024254 0.000132693
0.000242775 0.000133418

0.000242776 0.000133418
0.000242859 0.000133677

0.000242859 0.000133677
0.00024301 0.000134143

0.000243009 0.000134143
0.000243242 0.000134868

0.000243242 0.000134868
0.000243475 0.000135593

0.000243476 0.000135593
0.000243584 0.000135929

0.000243584 0.00013593
0.000243709 0.000136318

0.000243709 0.000136318
0.000243941 0.000137043

0.00024394 0.000137043
0.000244173 0.000137769

0.000244174 0.000137769
0.00024431 0.000138193

0.00024431 0.000138193
0.000244406 0.000138494

0.000244405 0.000138494
0.000244636 0.000139219

0.00023297 0.000139219
0.000233209 0.000139944

0.000233209 0.000139944
0.000233433 0.000140622

0.000233433 0.000140622
0.000233449 0.000140669

0.000233449 0.000140669
0.000233688 0.000141394

0.000233688 0.000141394
0.000233926 0.000142119

0.000233926 0.000142119
0.000234158 0.000142826

0.000234158 0.000142827
0.000234164 0.000142844

0.000234164 0.000142844
0.000234402 0.000143569

0.000234402 0.000143569
0.000234639 0.000144294

0.000234639 0.000144294
0.000234876 0.00014502

0.000234876 0.00014502
0.000234883 0.000145043

0.000234883 0.000145043
0.000235112 0.000145745

0.000235112 0.000145745
0.000235348 0.00014647

0.000235348 0.00014647
0.000235584 0.000147195

0.000235584 0.000147195
0.000235608 0.000147271

0.000235608 0.000147272
0.000235819 0.00014792

0.000235819 0.00014792
0.000236054 0.000148645

0.000236054 0.000148645
0.000236288 0.00014937

0.000236288 0.00014937
0.000236333 0.00014951

0.000236333 0.000149511
0.000236522 0.000150095

0.000236522 0.000150095
0.000236756 0.00015082

0.000236756 0.00015082
0.00023699 0.000151545

0.00023699 0.000151545
0.000237059 0.000151759

0.000237059 0.000151759
0.000237223 0.000152271

0.000237223 0.000152271
0.000237457 0.000152996

0.000237456 0.000152996
0.000237689 0.000153721

0.000237689 0.000153721
0.000237784 0.000154015

0.000237784 0.000154016
0.000237922 0.000154446

0.000237922 0.000154446
0.000238155 0.000155171

0.000238155 0.000155171
0.000238387 0.000155896

0.000238387 0.000155896
0.000238509 0.000156277

0.000238509 0.000156277
0.000238619 0.000156621

0.000238619 0.000156621
0.000238851 0.000157346

0.000238851 0.000157346
0.000239083 0.000158071

0.000239083 0.000158071
0.000239234 0.000158542

0.000239234 0.000158542
0.000239315 0.000158796

0.000239315 0.000158796
0.000239547 0.000159521

0.000239547 0.000159521
0.000239779 0.000160247

0.000239779 0.000160247
0.000239959 0.000160809

0.000239959 0.000160809
0.000240011 0.000160972

0.000240011 0.000160972
0.000240243 0.000161697

0.000240243 0.000161697
0.000240475 0.000162422

0.000240475 0.000162422
0.000240684 0.000163075

0.000240684 0.000163075
0.000240707 0.000163147

0.000240707 0.000163147
0.000240939 0.000163872

0.00024094 0.000163872
0.000241172 0.000164597

0.000241172 0.000164597
0.000241404 0.000165322

0.000241404 0.000165322
0.000241409 0.000165338

0.000241409 0.000165338
0.000241637 0.000166047

0.000241637 0.000166047
0.00024187 0.000166772

0.000241869 0.000166772
0.000242102 0.000167498

0.000242102 0.000167498
0.000242134 0.000167597

0.000242134 0.000167597
0.000242335 0.000168223

0.000242336 0.000168223
0.000242569 0.000168948

0.000242569 0.000168948
0.000242802 0.000169673

0.000242802 0.000169673
0.000242859 0.00016985

0.000244635 0.000139219
0.000244867 0.000139944

0.000244868 0.000139944
0.000245035 0.000140468

0.000245035 0.000140468
0.000245099 0.000140669

0.000245098 0.000140669
0.000245328 0.000141394

0.000245327 0.000141394
0.000245557 0.000142119

0.000245558 0.000142119
0.00024576 0.000142756

0.00024576 0.000142756
0.000245788 0.000142844

0.000245788 0.000142844
0.000246016 0.000143569

0.000246016 0.000143569
0.000246244 0.000144294

0.000246244 0.000144294
0.000246473 0.00014502

0.000246473 0.00014502
0.000246485 0.000145056

0.000246485 0.000145057
0.000246701 0.000145745

0.0002467 0.000145745
0.000246927 0.00014647

0.000246927 0.00014647
0.000247154 0.000147195

0.000247155 0.000147195
0.00024721 0.000147371

0.00024721 0.000147371
0.000247381 0.00014792

0.000247381 0.00014792
0.000247606 0.000148645

0.000247606 0.000148645
0.000247832 0.00014937

0.000247833 0.00014937
0.000247935 0.000149699

0.000247935 0.000149699
0.000248058 0.000150095

0.000248058 0.000150095
0.000248282 0.00015082

0.000248281 0.00015082
0.000248506 0.000151545

0.000248507 0.000151545
0.00024866 0.000152039

0.00024866 0.00015204
0.000248732 0.000152271

0.000248731 0.000152271
0.000248955 0.000152996

0.000248954 0.000152996
0.000249177 0.000153721

0.000249178 0.000153721
0.000249385 0.000154393

0.000249385 0.000154393
0.000249401 0.000154446

0.000249402 0.000154446
0.000249624 0.000155171

0.000249624 0.000155171
0.000249846 0.000155896

0.000249846 0.000155896
0.000250068 0.000156621

0.000250069 0.000156621
0.00025011 0.000156755

0.00025011 0.000156756
0.000250291 0.000157346

0.000250291 0.000157346
0.000250511 0.000158071

0.000250511 0.000158071
0.000250733 0.000158796

0.000250734 0.000158796
0.000250835 0.000159128

0.000250835 0.000159129
0.000250955 0.000159521

0.000250955 0.000159521
0.000251175 0.000160247

0.000251174 0.000160247
0.000251395 0.000160972

0.000251396 0.000160972
0.000251561 0.000161511

0.000251561 0.000161511
0.000251617 0.000161697

0.000251617 0.000161697
0.000251836 0.000162422

0.000242859 0.00016985
0.000243036 0.000170398

0.000243036 0.000170398
0.00024327 0.000171123

0.00024327 0.000171123
0.000243504 0.000171848

0.000243505 0.000171848
0.000243584 0.000172095

0.000243584 0.000172096
0.000243739 0.000172573

0.000243739 0.000172573
0.000243974 0.000173298

0.000243974 0.000173298
0.000244209 0.000174023

0.000251836 0.000162422
0.000252056 0.000163147

0.000252056 0.000163147
0.000252276 0.000163872

0.000252277 0.000163872
0.000252286 0.000163901

0.000252286 0.000163902
0.000252496 0.000164597

0.000252495 0.000164597
0.000252714 0.000165322

0.000252714 0.000165322
0.000252933 0.000166047

0.000252934 0.000166047
0.000253011 0.0001663

0.000253011 0.0001663
0.000253154 0.000166772

0.000253153 0.000166772
0.000253371 0.000167498

0.00025337 0.000167498
0.000253589 0.000168223

0.00025359 0.000168223
0.000253736 0.000168705

0.000253736 0.000168705
0.000253809 0.000168948

0.000253809 0.000168948
0.000254026 0.000169673

0.000254026 0.000169673
0.000254244 0.000170398

0.000254244 0.000170398
0.000254461 0.000171118

0.000244209 0.000174023
0.00024431 0.000174332

0.00024431 0.000174333
0.000244445 0.000174749

0.000244445 0.000174749
0.000244681 0.000175474

0.000244681 0.000175474
0.000244917 0.000176199

0.000244917 0.000176199
0.000245035 0.00017656

0.000245035 0.00017656
0.000245153 0.000176924

0.000245154 0.000176924
0.00024539 0.000177649

0.00024539 0.000177649
0.000245628 0.000178374

0.000245628 0.000178374
0.00024576 0.000178777

0.00024576 0.000178778
0.000245865 0.000179099

0.000245865 0.000179099
0.000246103 0.000179824

0.000246103 0.000179824
0.000246341 0.000180549

0.000246341 0.000180549
0.000246485 0.000180985

0.000246485 0.000180986
0.00024658 0.000181274

0.00024658 0.000181274
0.000246819 0.000182

0.000246819 0.000182
0.000247059 0.000182725

0.000247058 0.000182725
0.00024721 0.000183183

0.00024721 0.000183183
0.000247298 0.00018345

0.000247298 0.00018345
0.000247538 0.000184175

0.000247538 0.000184175
0.000247779 0.0001849

0.000247779 0.0001849
0.000247935 0.000185371

0.000247935 0.000185372
0.000248019 0.000185625

0.000254461 0.000171118
0.000254462 0.000171123

0.000254463 0.000171123
0.00025468 0.000171848

0.00025468 0.000171848
0.000254897 0.000172573

0.000254896 0.000172573
0.000255114 0.000173298

0.000255115 0.000173298
0.000255186 0.000173534

0.000255186 0.000173534
0.000255333 0.000174023

0.000255332 0.000174023
0.000255548 0.000174749

0.000255548 0.000174749
0.000255765 0.000175474

0.000255766 0.000175474
0.000255911 0.000175959

0.000255911 0.000175959
0.000255983 0.000176199

0.000255983 0.000176199
0.000256198 0.000176924

0.000256198 0.000176924
0.000256414 0.000177649

0.000256414 0.000177649
0.000256631 0.000178374

0.000256631 0.000178374
0.000256636 0.000178391

0.000256636 0.000178391
0.000256847 0.000179099

0.000256846 0.000179099
0.000257061 0.000179824

0.000257061 0.000179824
0.000257277 0.000180549

0.000257278 0.000180549
0.000257361 0.00018083

0.000257361 0.000180831
0.000257493 0.000181274

0.000257493 0.000181274
0.000257707 0.000182

0.000257706 0.000182
0.000257921 0.000182725

0.000257922 0.000182725
0.000258086 0.00018328

0.000258086 0.000183281
0.000258137 0.00018345

0.000258136 0.00018345
0.00025835 0.000184175

0.000258349 0.000184175
0.000258563 0.0001849

0.000258563 0.0001849
0.000258777 0.000185625

