-3.1827e-05 0
-3.18266e-05 7.25098e-07

-3.18267e-05 7.25098e-07
-3.18253e-05 1.4502e-06

-3.18253e-05 1.4502e-06
-3.18229e-05 2.17529e-06

-3.1823e-05 2.17529e-06
-3.18195e-05 2.90039e-06

-3.18194e-05 2.90039e-06
-3.18147e-05 3.62549e-06

-3.18148e-05 3.62549e-06
-3.18089e-05 4.35059e-06

-3.1809e-05 4.35059e-06
-3.18018e-05 5.07568e-06

-3.18018e-05 5.07568e-06
-3.17931e-05 5.80078e-06

-3.17932e-05 5.80078e-06
-3.17828e-05 6.52588e-06

-3.17828e-05 6.52588e-06
-3.17707e-05 7.25098e-06

-3.17707e-05 7.25098e-06
-3.17568e-05 7.97607e-06

-3.17568e-05 7.97607e-06
-3.17412e-05 8.70117e-06

-3.17411e-05 8.70117e-06
-3.17239e-05 9.42627e-06

-3.17239e-05 9.42627e-06
-3.17051e-05 1.01514e-05

-3.17051e-05 1.01514e-05
-3.16847e-05 1.08765e-05

-3.16847e-05 1.08765e-05
-3.16628e-05 1.16016e-05

-3.16628e-05 1.16016e-05
-3.16393e-05 1.23267e-05

-3.16393e-05 1.23267e-05
-3.16144e-05 1.30518e-05

-3.16144e-05 1.30518e-05
-3.15878e-05 1.37769e-05

-3.15878e-05 1.37769e-05
-3.15597e-05 1.4502e-05

-3.15597e-05 1.4502e-05
-3.15302e-05 1.52271e-05

-3.15301e-05 1.52271e-05
-3.1499e-05 1.59521e-05

-3.1499e-05 1.59521e-05
-3.14664e-05 1.66772e-05

-3.14664e-05 1.66772e-05
-3.14323e-05 1.74023e-05

-3.14323e-05 1.74023e-05
-3.13966e-05 1.81274e-05

-3.13966e-05 1.81274e-05
-3.13595e-05 1.88525e-05

-3.13595e-05 1.88525e-05
-3.13209e-05 1.95776e-05

-3.13209e-05 1.95776e-05
-3.12808e-05 2.03027e-05

-3.12807e-05 2.03027e-05
-3.12392e-05 2.10278e-05

-3.12392e-05 2.10278e-05
-3.12275e-05 2.12244e-05

-3.12275e-05 2.12246e-05
-3.11962e-05 2.17529e-05

-3.11961e-05 2.17529e-05
-3.11516e-05 2.2478e-05

-3.11516e-05 2.2478e-05
-3.11056e-05 2.32031e-05

-3.11056e-05 2.32031e-05
-3.10582e-05 2.39282e-05

-3.10582e-05 2.39282e-05
-3.10093e-05 2.46533e-05

-3.10093e-05 2.46533e-05
-3.0959e-05 2.53784e-05

-3.0959e-05 2.53784e-05
-3.09072e-05 2.61035e-05

-3.09072e-05 2.61035e-05
-3.0854e-05 2.68286e-05

-3.0854e-05 2.68286e-05
-3.07994e-05 2.75537e-05

-3.07993e-05 2.75537e-05
-3.07433e-05 2.82788e-05

-3.07433e-05 2.82788e-05
-3.06858e-05 2.90039e-05

-3.06857e-05 2.90039e-05
-3.06268e-05 2.9729e-05

-3.06268e-05 2.9729e-05
-3.05665e-05 3.04541e-05

-3.05665e-05 3.04541e-05
-3.05048e-05 3.11792e-05

-3.05048e-05 3.11792e-05
-3.05024e-05 3.12066e-05

-3.05024e-05 3.12071e-05
-3.04416e-05 3.19043e-05

-3.04415e-05 3.19043e-05
-3.03768e-05 3.26294e-05

-3.03769e-05 3.26294e-05
-3.03109e-05 3.33545e-05

-3.03108e-05 3.33545e-05
-3.02433e-05 3.40796e-05

-3.02434e-05 3.40796e-05
-3.01746e-05 3.48047e-05

-3.01745e-05 3.48047e-05
-3.01042e-05 3.55298e-05

-3.01043e-05 3.55298e-05
-3.00325e-05 3.62549e-05

-3.00325e-05 3.62549e-05
-2.99594e-05 3.698e-05

-2.99594e-05 3.698e-05
-2.98848e-05 3.77051e-05

-2.98848e-05 3.77051e-05
-2.98086e-05 3.84302e-05

-2.98087e-05 3.84302e-05
-2.97773e-05 3.87226e-05

-2.97773e-05 3.8723e-05
-2.97309e-05 3.91553e-05

-2.97308e-05 3.91553e-05
-2.96513e-05 3.98804e-05

-2.96513e-05 3.98804e-05
-2.95703e-05 4.06055e-05

-2.95703e-05 4.06055e-05
-2.94878e-05 4.13306e-05

-2.94878e-05 4.13306e-05
-2.94036e-05 4.20557e-05

-2.94036e-05 4.20557e-05
-2.93179e-05 4.27808e-05

-2.93179e-05 4.27808e-05
-2.92307e-05 4.35059e-05

-2.92307e-05 4.35059e-05
-2.91419e-05 4.4231e-05

-2.9142e-05 4.4231e-05
-2.90522e-05 4.49498e-05

-2.90522e-05 4.495e-05
-2.90515e-05 4.49561e-05

-2.90515e-05 4.49561e-05
-2.89588e-05 4.56812e-05

-2.89586e-05 4.56812e-05
-2.88642e-05 4.64062e-05

-2.88643e-05 4.64062e-05
-2.87684e-05 4.71313e-05

-2.87684e-05 4.71313e-05
-2.86708e-05 4.78564e-05

-2.86708e-05 4.78564e-05
-2.85717e-05 4.85815e-05

-2.85717e-05 4.85815e-05
-2.8471e-05 4.93066e-05

-2.84711e-05 4.93066e-05
-2.83686e-05 5.00317e-05

-2.83688e-05 5.00317e-05
-2.83271e-05 5.03198e-05

-2.83271e-05 5.03204e-05
-2.8264e-05 5.07568e-05

-2.82636e-05 5.07568e-05
-2.81566e-05 5.14819e-05

-2.81567e-05 5.14819e-05
-2.80483e-05 5.2207e-05

-2.80483e-05 5.2207e-05
-2.79385e-05 5.29321e-05

-2.79385e-05 5.29321e-05
-2.78271e-05 5.36572e-05

-2.78271e-05 5.36572e-05
-2.77141e-05 5.43823e-05

-2.77144e-05 5.43823e-05
-2.76021e-05 5.5089e-05

-2.76021e-05 5.50893e-05
-2.75992e-05 5.51074e-05

-2.7599e-05 5.51074e-05
-2.74811e-05 5.58325e-05

-2.74808e-05 5.58325e-05
-2.7361e-05 5.65576e-05

-2.7361e-05 5.65576e-05
-2.72399e-05 5.72827e-05

-2.72399e-05 5.72827e-05
-2.71174e-05 5.80078e-05

-2.71175e-05 5.80078e-05
-2.69934e-05 5.87329e-05

-2.69938e-05 5.87329e-05
-2.6877e-05 5.94015e-05

-2.6877e-05 5.94018e-05
-2.68671e-05 5.9458e-05

-2.68669e-05 5.9458e-05
-2.67371e-05 6.01831e-05

-2.67366e-05 6.01831e-05
-2.66051e-05 6.09082e-05

-2.66052e-05 6.09082e-05
-2.64727e-05 6.16333e-05

-2.64728e-05 6.16333e-05
-2.6339e-05 6.23584e-05

-2.63392e-05 6.23584e-05
-2.62032e-05 6.30835e-05

-2.62036e-05 6.30835e-05
-2.61519e-05 6.33524e-05

-2.61519e-05 6.33532e-05
-2.60642e-05 6.38086e-05

-2.6063e-05 6.38086e-05
-2.59208e-05 6.45337e-05

-2.5921e-05 6.45337e-05
-2.5778e-05 6.52588e-05

-2.57781e-05 6.52588e-05
-2.56339e-05 6.59839e-05

-2.56342e-05 6.59839e-05
-2.54878e-05 6.6709e-05

-2.54884e-05 6.6709e-05
-2.54268e-05 6.7006e-05

-2.54268e-05 6.70067e-05
-2.53381e-05 6.74341e-05

-2.53367e-05 6.74341e-05
-2.51837e-05 6.81592e-05

-2.51839e-05 6.81592e-05
-2.50305e-05 6.88843e-05

-2.50308e-05 6.88843e-05
-2.48761e-05 6.96094e-05

-2.48767e-05 6.96094e-05
-2.47192e-05 7.03345e-05

-2.47193e-05 7.03345e-05
-2.47017e-05 7.04132e-05

-2.47017e-05 7.04144e-05
-2.45575e-05 7.10596e-05

-2.4556e-05 7.10596e-05
-2.43919e-05 7.17847e-05

-2.43924e-05 7.17847e-05
-2.42284e-05 7.25098e-05

-2.42289e-05 7.25098e-05
-2.40628e-05 7.32349e-05

-2.40637e-05 7.32349e-05
-2.39766e-05 7.36039e-05

-2.39766e-05 7.36046e-05
-2.38927e-05 7.396e-05

-2.38907e-05 7.396e-05
-2.37163e-05 7.46851e-05

-2.37166e-05 7.46851e-05
-2.35422e-05 7.54102e-05

-2.35428e-05 7.54102e-05
-2.33667e-05 7.61353e-05

-2.33678e-05 7.61353e-05
-2.32515e-05 7.66003e-05

-2.32515e-05 7.66009e-05
-2.31865e-05 7.68604e-05

-2.31844e-05 7.68604e-05
-2.29994e-05 7.75854e-05

-2.29995e-05 7.75854e-05
-2.28147e-05 7.83105e-05

-2.28155e-05 7.83105e-05
-2.26292e-05 7.90356e-05

-2.26304e-05 7.90356e-05
-2.25264e-05 7.94287e-05

-2.25264e-05 7.94292e-05
-2.24387e-05 7.97607e-05

-2.2436e-05 7.97607e-05
-2.22413e-05 8.04858e-05

-2.22421e-05 8.04858e-05
-2.20482e-05 8.12109e-05

-2.20492e-05 8.12109e-05
-2.18525e-05 8.1936e-05

-2.18531e-05 8.1936e-05
-2.18013e-05 8.21211e-05

-2.18013e-05 8.21218e-05
-2.16503e-05 8.26611e-05

-2.16474e-05 8.26611e-05
-2.14426e-05 8.33862e-05

-2.14441e-05 8.33862e-05
-2.12402e-05 8.41113e-05

-2.12419e-05 8.41113e-05
-2.10762e-05 8.46854e-05

-2.10762e-05 8.46858e-05
-2.10327e-05 8.48364e-05

-2.103e-05 8.48364e-05
-2.08169e-05 8.55615e-05

-2.08171e-05 8.55615e-05
-2.0605e-05 8.62866e-05

-2.06067e-05 8.62866e-05
-2.03918e-05 8.70117e-05

-2.03919e-05 8.70117e-05
-2.03511e-05 8.71456e-05

-2.03511e-05 8.7146e-05
-2.01707e-05 8.77368e-05

-2.0168e-05 8.77368e-05
-1.99453e-05 8.84619e-05

-1.99475e-05 8.84619e-05
-1.97245e-05 8.9187e-05

-1.97259e-05 8.9187e-05
-1.9626e-05 8.95014e-05

-1.9626e-05 8.95014e-05
-1.94954e-05 8.99121e-05

-1.94913e-05 8.99121e-05
-1.92586e-05 9.06372e-05

-1.92611e-05 9.06372e-05
-1.90293e-05 9.13623e-05

-1.90311e-05 9.13623e-05
-1.89009e-05 9.17564e-05

-1.89009e-05 9.17564e-05
-1.87915e-05 9.20874e-05

-1.8787e-05 9.20874e-05
-1.8545e-05 9.28125e-05

-1.85476e-05 9.28125e-05
-1.83069e-05 9.35376e-05

-1.83088e-05 9.35376e-05
-1.81758e-05 9.39256e-05

-1.81758e-05 9.39254e-05
-1.80602e-05 9.42627e-05

-1.80556e-05 9.42627e-05
-1.78048e-05 9.49878e-05

-1.78079e-05 9.49878e-05
-1.75577e-05 9.57129e-05

-1.75592e-05 9.57129e-05
-1.74507e-05 9.60173e-05

-1.74507e-05 9.60166e-05
-1.73005e-05 9.6438e-05

-1.72961e-05 9.6438e-05
-1.70356e-05 9.71631e-05

-1.70394e-05 9.71631e-05
-1.67781e-05 9.78882e-05

-1.67781e-05 9.78882e-05
-1.67256e-05 9.80298e-05

-1.67256e-05 9.80286e-05
-1.65089e-05 9.86133e-05

-1.65062e-05 9.86133e-05
-1.62364e-05 9.93384e-05

-1.62406e-05 9.93384e-05
-1.60005e-05 9.99735e-05

-1.60005e-05 9.99738e-05
-1.59666e-05 0.000100063

-1.59623e-05 0.000100063
-1.56836e-05 0.000100789

-1.56857e-05 0.000100789
-1.54065e-05 0.000101514

-1.54088.04375e-05 6.64089e-05
8.05198e-05 6.6709e-05

8.05202e-05 6.6709e-05
8.07202e-05 6.74341e-05

8.07221e-05 6.74341e-05
8.09466e-05 6.81592e-05

8.09709e-05 6.81592e-05
8.11626e-05 6.88656e-05

8.11626e-05 6.89615e-05
8.13089e-05 6.96094e-05

8.13088e-05 6.96094e-05
8.14848e-05 7.03345e-05

8.14855e-05 7.03345e-05
8.16746e-05 7.10596e-05

8.16937e-05 7.10596e-05
8.18564e-05 7.17847e-05

8.18581e-05 7.17847e-05
8.18877e-05 7.19641e-05

8.18877e-05 7.20756e-05
8.19593e-05 7.25098e-05

8.19614e-05 7.25098e-05
8.20669e-05 7.32349e-05

8.20693e-05 7.32349e-05
8.21636e-05 7.396e-05

8.21656e-05 7.396e-05
8.22397e-05 7.46851e-05

8.22406e-05 7.46851e-05
8.22886e-05 7.54102e-05

8.22889e-05 7.54102e-05
8.23082e-05 7.61353e-05

8.23089e-05 7.61353e-05
8.22977e-05 7.68604e-05

8.22987e-05 7.68604e-05
8.22536e-05 7.75854e-05

8.22565e-05 7.75854e-05
8.21699e-05 7.83105e-05

8.18877e-05 7.95394e-05
8.18247e-05 7.97607e-05

8.18183e-05 7.97607e-05
8.15624e-05 8.04858e-05

8.15813e-05 8.04858e-05
8.12637e-05 8.12109e-05

8.21726e-05 7.83105e-05
8.20332e-05 7.90356e-05

8.18877e-05 7.95711e-05
8.204e-05 7.90356e-05

8.11626e-05 8.1364e-05
8.08521e-05 8.1936e-05

8.04375e-05 8.26032e-05
8.08743e-05 8.1936e-05

8.11626e-05 8.1412e-05
8.12713e-05 8.12109e-05

4e-05 0.000101514
-1.52754e-05 0.000101849

-1.52754e-05 0.000101849
-1.51207e-05 0.000102239

-1.51161e-05 0.000102239
-1.48263e-05 0.000102964

-1.48316e-05 0.000102964
-1.45503e-05 0.00010366

-1.45503e-05 0.00010366
-1.45386e-05 0.000103689

-1.45344e-05 0.000103689
-1.42356e-05 0.000104414

-1.42376e-05 0.000104414
-1.39374e-05 0.000105139

-1.3939e-05 0.000105139
-1.38252e-05 0.000105407

-1.38252e-05 0.000105406
-1.36303e-05 0.000105864

-1.36264e-05 0.000105864
-1.33154e-05 0.000106589

-1.33208e-05 0.000106589
-1.31001e-05 0.000107095

-1.31001e-05 0.000107095
-1.30043e-05 0.000107314

-1.29983e-05 0.000107314
-1.26775e-05 0.00010804

-1.26837e-05 0.00010804
-1.2375e-05 0.000108728

6.87309e-05 0
6.87338e-05 7.25098e-07

6.87341e-05 7.25098e-07
6.8742e-05 1.4502e-06

6.87424e-05 1.4502e-06
6.87541e-05 2.17529e-06

6.87542e-05 2.17529e-06
6.87688e-05 2.90039e-06

6.87685e-05 2.90039e-06
6.87864e-05 3.62549e-06

6.87867e-05 3.62549e-06
6.88078e-05 4.35059e-06

6.8808e-05 4.35059e-06
6.88313e-05 5.07568e-06

6.88311e-05 5.07568e-06
6.88359e-05 5.21384e-06

6.88359e-05 5.21382e-06
6.88563e-05 5.80078e-06

6.88564e-05 5.80078e-06
6.88835e-05 6.52588e-06

6.88835e-05 6.52588e-06
6.89122e-05 7.25098e-06

6.89121e-05 7.25098e-06
6.89425e-05 7.97607e-06

6.89424e-05 7.97607e-06
6.89747e-05 8.70117e-06

6.89748e-05 8.70117e-06
6.9009e-05 9.42627e-06

6.90089e-05 9.42627e-06
6.90451e-05 1.01514e-05

6.90451e-05 1.01514e-05
6.90833e-05 1.08765e-05

6.90832e-05 1.08765e-05
6.91233e-05 1.16016e-05

6.91234e-05 1.16016e-05
6.91656e-05 1.23267e-05

6.91655e-05 1.23267e-05
6.92099e-05 1.30518e-05

6.92099e-05 1.30518e-05
6.92565e-05 1.37769e-05

6.92564e-05 1.37769e-05
6.93054e-05 1.4502e-05

6.93053e-05 1.4502e-05
6.93568e-05 1.52271e-05

6.93568e-05 1.52271e-05
6.94111e-05 1.59521e-05

6.94112e-05 1.59521e-05
6.94683e-05 1.66772e-05

6.94685e-05 1.66772e-05
6.95278e-05 1.74023e-05

6.95269e-05 1.74023e-05
6.9561e-05 1.77982e-05

6.9561e-05 1.77985e-05
6.95894e-05 1.81274e-05

6.95896e-05 1.81274e-05
6.96566e-05 1.88525e-05

6.96568e-05 1.88525e-05
6.97274e-05 1.95776e-05

6.97275e-05 1.95776e-05
6.9801e-05 2.03027e-05

6.98011e-05 2.03027e-05
6.98774e-05 2.10278e-05

6.98774e-05 2.10278e-05
6.99563e-05 2.17529e-05

6.99562e-05 2.17529e-05
7.00378e-05 2.2478e-05

7.0038e-05 2.2478e-05
7.01219e-05 2.32031e-05

7.01226e-05 2.32031e-05
7.02074e-05 2.39282e-05

7.02066e-05 2.39282e-05
7.02861e-05 2.45969e-05

7.02861e-05 2.46014e-05
7.02923e-05 2.46533e-05

7.02919e-05 2.46533e-05
7.03831e-05 2.53784e-05

7.03838e-05 2.53784e-05
7.04807e-05 2.61035e-05

7.04809e-05 2.61035e-05
7.05813e-05 2.68286e-05

7.05813e-05 2.68286e-05
7.06847e-05 2.75537e-05

7.06849e-05 2.75537e-05
7.07909e-05 2.82788e-05

7.07917e-05 2.82788e-05
7.08984e-05 2.90039e-05

7.0898e-05 2.90039e-05
7.10043e-05 2.9729e-05

7.10022e-05 2.9729e-05
7.10112e-05 2.97874e-05

7.10112e-05 2.97898e-05
7.11136e-05 3.04541e-05

7.11146e-05 3.04541e-05
7.12349e-05 3.11792e-05

7.12354e-05 3.11792e-05
7.13615e-05 3.19043e-05

7.13621e-05 3.19043e-05
7.14917e-05 3.26294e-05

7.14935e-05 3.26294e-05
7.16219e-05 3.33545e-05

7.16211e-05 3.33545e-05
7.17363e-05 3.40182e-05

7.17363e-05 3.40316e-05
7.17447e-05 3.40796e-05

7.17438e-05 3.40796e-05
7.18754e-05 3.48047e-05

7.18763e-05 3.48047e-05
7.20179e-05 3.55298e-05

7.20186e-05 3.55298e-05
7.21668e-05 3.62549e-05

7.21691e-05 3.62549e-05
7.23176e-05 3.698e-05

7.23181e-05 3.698e-05
7.24613e-05 3.77051e-05

7.2457e-05 3.77051e-05
7.24614e-05 3.77271e-05

7.24614e-05 3.77312e-05
7.26033e-05 3.84302e-05

7.26045e-05 3.84302e-05
7.27638e-05 3.91553e-05

7.2765e-05 3.91553e-05
7.29319e-05 3.98804e-05

7.29363e-05 3.98804e-05
7.30994e-05 4.06055e-05

7.30969e-05 4.06055e-05
7.31865e-05 4.10144e-05

7.31865e-05 4.10322e-05
7.32519e-05 4.13306e-05

7.3252e-05 4.13306e-05
7.34196e-05 4.20557e-05

7.34206e-05 4.20557e-05
7.35991e-05 4.27808e-05

7.3604e-05 4.27808e-05
7.37818e-05 4.35059e-05

7.37816e-05 4.35059e-05
7.39116e-05 4.40594e-05

7.39116e-05 4.40856e-05
7.39457e-05 4.4231e-05

7.39455e-05 4.4231e-05
7.41215e-05 4.49561e-05

7.41224e-05 4.49561e-05
7.43127e-05 4.56812e-05

7.43189e-05 4.56812e-05
7.45095e-05 4.64062e-05

7.45096e-05 4.64062e-05
7.46367e-05 4.69113e-05

7.46367e-05 4.69409e-05
7.46846e-05 4.71313e-05

7.46845e-05 4.71313e-05
7.48738e-05 4.78564e-05

7.48753e-05 4.78564e-05
7.50795e-05 4.85815e-05

7.50878e-05 4.85815e-05
7.52872e-05 4.93066e-05

7.52846e-05 4.93066e-05
7.53618e-05 4.95984e-05

7.53618e-05 4.96271e-05
7.54689e-05 5.00317e-05

7.54687e-05 5.00317e-05
7.56741e-05 5.07568e-05

7.56792e-05 5.07568e-05
7.58948e-05 5.14819e-05

7.59012e-05 5.14819e-05
7.60869e-05 5.21418e-05

7.60869e-05 5.21867e-05
7.60926e-05 5.2207e-05

7.6093e-05 5.2207e-05
7.62972e-05 5.29321e-05

7.62989e-05 5.29321e-05
7.65228e-05 5.36572e-05

7.65343e-05 5.36572e-05
7.67515e-05 5.43823e-05

7.67491e-05 5.43823e-05
7.6812e-05 5.46026e-05

7.6812e-05 5.46415e-05
7.6945e-05 5.51074e-05

7.69445e-05 5.51074e-05
7.7169e-05 5.58325e-05

7.71799e-05 5.58325e-05
7.74084e-05 5.65576e-05

7.74127e-05 5.65576e-05
7.75371e-05 5.69793e-05

7.75371e-05 5.70332e-05
7.76107e-05 5.72827e-05

7.76105e-05 5.72827e-05
7.78337e-05 5.80078e-05

7.78415e-05 5.80078e-05
7.80787e-05 5.87329e-05

7.809e-05 5.87329e-05
7.82622e-05 5.93002e-05

7.82622e-05 5.93673e-05
7.82898e-05 5.9458e-05

7.82907e-05 5.9458e-05
7.85101e-05 6.01831e-05

7.85139e-05 6.01831e-05
7.87568e-05 6.09082e-05

7.87743e-05 6.09082e-05
7.89873e-05 6.15962e-05

7.89837e-05 6.16333e-05
7.89873e-05 6.16455e-05

7.89873e-05 6.16656e-05
7.91907e-05 6.23584e-05

7.91914e-05 6.23584e-05
7.94326e-05 6.30835e-05

7.94531e-05 6.30835e-05
7.96807e-05 6.38086e-05

7.96819e-05 6.38086e-05
7.97124e-05 6.39166e-05

7.97124e-05 6.39926e-05
7.98654e-05 6.45337e-05

7.98631e-05 6.45337e-05
8.00907e-05 6.52588e-05

8.01081e-05 6.52588e-05
8.03369e-05 6.59839e-05

8.03482e-05 6.59839e-05
8.04375e-05 6.63094e-05

5.86846e-05 9.25987e-05
5.79815e-05 9.28125e-05

5.86846e-05 9.25997e-05
5.94097e-05 9.2387e-05

5.94097e-05 9.23869e-05
6.01348e-05 9.21803e-05

6.08599e-05 9.19801e-05
6.04708e-05 9.20874e-05

6.01348e-05 9.21802e-05
6.04716e-05 9.20874e-05

6.08599e-05 9.19813e-05
6.1585e-05 9.17863e-05

6.1585e-05 9.17866e-05
6.23101e-05 9.15937e-05

6.23101e-05 9.15936e-05
6.30352e-05 9.14025e-05

6.37603e-05 9.12132e-05
6.31898e-05 9.13623e-05

6.37603e-05 9.12144e-05
6.44854e-05 9.10239e-05

6.30352e-05 9.14028e-05
6.319e-05 9.13623e-05

6.44854e-05 9.10238e-05
6.52104e-05 9.08304e-05

6.59355e-05 9.0634e-05
6.59236e-05 9.06372e-05

6.52104e-05 9.08304e-05
6.59245e-05 9.06372e-05

6.88359e-05 8.97856e-05
6.84285e-05 8.99121e-05

6.59355e-05 9.06349e-05
6.66606e-05 9.04345e-05

6.66606e-05 9.04354e-05
6.73857e-05 9.02278e-05

6.73857e-05 9.02278e-05
6.81108e-05 9.00111e-05

6.81108e-05 9.00109e-05
6.84289e-05 8.99121e-05

6.88359e-05 8.97872e-05
6.9561e-05 8.95509e-05

6.9561e-05 8.95511e-05
7.02861e-05 8.93003e-05

7.10112e-05 8.90351e-05
7.05948e-05 8.9187e-05

7.02861e-05 8.92998e-05
7.05954e-05 8.9187e-05

7.10112e-05 8.90373e-05
7.17363e-05 8.87563e-05

7.24614e-05 8.84543e-05
7.24431e-05 8.84619e-05

7.24614e-05 8.84557e-05
7.31865e-05 8.81344e-05

7.17363e-05 8.8756e-05
7.24452e-05 8.84619e-05

7.31865e-05 8.8136e-05
7.39116e-05 8.77899e-05

7.46367e-05 8.74162e-05
7.4014e-05 8.77368e-05

7.39116e-05 8.77897e-05
7.40144e-05 8.77368e-05

7.60869e-05 8.65736e-05
7.53674e-05 8.70117e-05

7.6812e-05 8.60902e-05
7.65172e-05 8.62866e-05

7.60869e-05 8.65759e-05
7.6521e-05 8.62866e-05

7.6812e-05 8.6095e-05
7.75363e-05 8.55615e-05

8.04375e-05 8.25787e-05
8.03825e-05 8.26611e-05

7.97124e-05 8.351e-05
7.91686e-05 8.41113e-05

8.039e-05 8.26611e-05
7.98212e-05 8.33862e-05

7.97124e-05 8.35212e-05
7.98272e-05 8.33862e-05

7.82622e-05 8.49661e-05
7.75399e-05 8.55615e-05

7.89873e-05 8.42935e-05
7.84061e-05 8.48364e-05

7.82622e-05 8.49685e-05
7.84118e-05 8.48364e-05

7.75371e-05 8.55639e-05
7.75402e-05 8.55615e-05

7.89873e-05 8.43006e-05
7.91742e-05 8.41113e-05

7.46367e-05 8.74184e-05
7.53618e-05 8.70142e-05

7.53618e-05 8.70151e-05
7.53677e-05 8.70117e-05

-1.2375e-05 0.000108728
-1.23585e-05 0.000108765

-1.23531e-05 0.000108765
-1.20218e-05 0.00010949

-1.2026e-05 0.00010949
-1.1691e-05 0.000110215

-1.16894e-05 0.000110215
-1.16499e-05 0.000110299

-1.16499e-05 0.000110296
-1.13463e-05 0.00011094

-1.13478e-05 0.00011094
-1.10018e-05 0.000111665

-1.10018e-05 0.000111665
-1.09248e-05 0.000111824

-1.09248e-05 0.000111823
-1.06491e-05 0.00011239

-1.06487e-05 0.00011239
-1.02911e-05 0.000113115

-1.0292e-05 0.000113115
-1.01997e-05 0.000113299

-1.01997e-05 0.000113299
-9.92859e-06 0.00011384

-9.92792e-06 0.00011384
-9.55866e-06 0.000114565

-9.55895e-06 0.000114565
-9.47461e-06 0.000114729

-9.47461e-06 0.000114728
-9.18465e-06 0.000115291

-9.18554e-06 0.000115291
-8.80468e-06 0.000116016

-8.80309e-06 0.000116016
-8.74951e-06 0.000116117

-8.74951e-06 0.000116115
-8.41758e-06 0.000116741

-8.42194e-06 0.000116741
-8.0298e-06 0.000117466

-8.02899e-06 0.000117466
-8.02441e-06 0.000117474

-8.02334e-06 0.000117466
-7.6281e-06 0.000118191

-7.6363e-06 0.000118191
-7.29932e-06 0.000118799

-7.29932e-06 0.000118798
-7.23405e-06 0.000118916

-7.2255e-06 0.000118916
-6.81943e-06 0.000119641

-6.82802e-06 0.000119641
-6.57422e-06 0.000120091

-6.57422e-06 0.00012009
-6.41828e-06 0.000120366

-6.41226e-06 0.000120366
-5.99681e-06 0.000121091

-6.00036e-06 0.000121091
-5.84912e-06 0.000121355

-5.84912e-06 0.000121354
-5.58445e-06 0.000121816

-5.58521e-06 0.000121816
-5.1623e-06 0.000122542

-5.15957e-06 0.000122542
-5.12402e-06 0.000122603

-5.12402e-06 0.000122598
-4.73554e-06 0.000123267

-4.74352e-06 0.000123267
-4.39893e-06 0.000123854

-4.39893e-06 0.000123853
-4.31754e-06 0.000123992

-4.3092e-06 0.000123992
-3.88225e-06 0.000124717

-3.88914e-06 0.000124717
-3.67383e-06 0.000125085

-3.67383e-06 0.000125084
-3.46446e-06 0.000125442

-3.46207e-06 0.000125442
-3.033e-06 0.000126167

-3.03135e-06 0.000126167
-2.94873e-06 0.000126309

-2.94873e-06 0.000126307
-2.60651e-06 0.000126892

-2.61306e-06 0.000126892
-2.22363e-06 0.000127554

-2.22363e-06 0.000127553
-2.18618e-06 0.000127617

-2.17667e-06 0.000127617
-1.7532e-06 0.000128342

-1.76241e-06 0.000128342
-1.49854e-06 0.000128799

-1.49854e-06 0.000128798
-1.34288e-06 0.000129067

-1.33683e-06 0.000129067
-9.15663e-07 0.000129792

-9.17554e-07 0.000129792
-7.73437e-07 0.000130044

-7.73437e-07 0.000130045
-5.0301e-07 0.000130518

-5.05806e-07 0.000130518
-8.73332e-08 0.000131243

-8.3902e-08 0.000131243
-4.83398e-08 0.000131305

-4.83398e-08 0.000131298
3.3396e-07 0.000131968

3.23195e-07 0.000131968
6.76758e-07 0.000132583

6.76758e-07 0.000132583
7.39895e-07 0.000132693

7.49721e-07 0.000132693
1.16997e-06 0.000133418

1.16143e-06 0.000133418
1.40186e-06 0.000133832

1.40186e-06 0.000133832
1.58262e-06 0.000134143

1.58346e-06 0.000134143
2.02085e-06 0.000134868

2.02174e-06 0.000134868
2.12695e-06 0.00013504

2.12695e-06 0.000135035
2.47086e-06 0.000135593

2.46e-06 0.000135593
2.85205e-06 0.000136196

2.85205e-06 0.000136193
2.93226e-06 0.000136318

2.93432e-06 0.000136318
3.44613e-06 0.000137043

3.44798e-06 0.000137043
3.57715e-06 0.00013722

3.57715e-06 0.000137218
3.99419e-06 0.000137769

3.99172e-06 0.000137769
4.30225e-06 0.000138154

4.30225e-06 0.000138148
4.59344e-06 0.000138494

4.5935e-06 0.000138494
5.02734e-06 0.000138956

5.02734e-06 0.00013896
5.29451e-06 0.000139219

3.40312e-05 0.000109568
3.35639e-05 0.000110215

3.11309e-05 0.000114037
3.0829e-05 0.000114565

3.04058e-05 0.000115335
3.00427e-05 0.000116016

3.0829e-05 0.000114565
3.04291e-05 0.000115291

3.04058e-05 0.000115335
3.04295e-05 0.000115291

3.1856e-05 0.000112815
3.16713e-05 0.000113115

3.258e-05 0.000111665
3.21168e-05 0.00011239

3.1856e-05 0.000112814
3.21168e-05 0.00011239

3.33062e-05 0.000110587
3.30623e-05 0.00011094

3.25811e-05 0.000111662
3.30614e-05 0.00011094

3.33062e-05 0.000110587
3.35638e-05 0.000110215

3.16712e-05 0.000113115
3.12422e-05 0.00011384

3.11309e-05 0.000114036
3.12428e-05 0.00011384

1.66289e-05 0.000139214
1.66222e-05 0.000139219

2.17046e-05 0.000133283
2.16223e-05 0.000133418

2.24297e-05 0.000132069
2.20669e-05 0.000132693

2.17046e-05 0.00013329
2.20688e-05 0.000132693

1.7354e-05 0.000138633
1.66422e-05 0.000139219

1.80791e-05 0.00013796
1.75046e-05 0.000138494

1.7354e-05 0.000138634
1.75126e-05 0.000138494

1.88042e-05 0.0001372
1.82699e-05 0.000137769

1.95293e-05 0.000136364
1.89482e-05 0.000137043

1.88042e-05 0.000137205
1.89499e-05 0.000137043

1.80791e-05 0.000137962
1.82727e-05 0.000137769

2.09795e-05 0.000134405
2.06623e-05 0.000134868

2.02544e-05 0.000135425
2.01316e-05 0.000135593

2.01368e-05 0.000135593
1.95661e-05 0.000136318

2.02544e-05 0.000135431
2.06657e-05 0.000134868

2.16265e-05 0.000133418
2.11587e-05 0.000134143

2.09795e-05 0.000134409
2.11592e-05 0.000134143

1.95293e-05 0.000136365
1.95676e-05 0.000136318

2.82305e-05 0.00011971
2.79252e-05 0.000120366

2.75054e-05 0.0001213
2.72744e-05 0.000121816

2.79271e-05 0.000120366
2.75984e-05 0.000121091

2.75054e-05 0.0001213
2.75988e-05 0.000121091

2.53301e-05 0.000126224
2.50286e-05 0.000126892

2.50296e-05 0.000126892
2.46963e-05 0.000127617

2.67803e-05 0.000122935
2.66344e-05 0.000123267

2.60552e-05 0.000124585
2.59974e-05 0.000124717

2.66356e-05 0.000123267
2.63173e-05 0.000123992

2.60552e-05 0.000124589
2.63176e-05 0.000123992

2.72751e-05 0.000121816
2.69541e-05 0.000122542

2.67803e-05 0.000122937
2.69543e-05 0.000122542

2.59991e-05 0.000124717
2.56789e-05 0.000125442

2.56793e-05 0.000125442
2.5356e-05 0.000126167

2.53301e-05 0.000126225
2.53561e-05 0.000126167

2.96807e-05 0.000116715
2.96671e-05 0.000116741

2.96678e-05 0.000116741
2.93029e-05 0.000117466

2.89556e-05 0.000118173
2.89469e-05 0.000118191

2.89477e-05 0.000118191
2.86006e-05 0.000118916

2.89556e-05 0.000118175
2.93032e-05 0.000117466

2.96807e-05 0.000116715
3.00429e-05 0.000116016

2.86014e-05 0.000118916
2.82613e-05 0.000119641

2.82305e-05 0.00011971
2.82623e-05 0.000119641

2.38799e-05 0.000129323
2.3647e-05 0.000129792

2.36489e-05 0.000129792
2.32768e-05 0.000130518

2.4605e-05 0.000127811
2.43554e-05 0.000128342

2.4357e-05 0.000128342
2.40077e-05 0.000129067

2.4605e-05 0.000127812
2.46963e-05 0.000127617

2.38799e-05 0.000129325
2.40077e-05 0.000129067

2.31548e-05 0.000130745
2.28895e-05 0.000131243

2.28913e-05 0.000131243
2.24887e-05 0.000131968

2.31548e-05 0.000130747
2.32769e-05 0.000130518

2.24297e-05 0.00013207
2.24888e-05 0.000131968

5.29883e-06 0.000139219
5.75244e-06 0.00013962

5.75244e-06 0.000139635
6.1565e-06 0.000139944

6.16163e-06 0.000139944
6.47754e-06 0.000140175

6.47754e-06 0.000140182
7.20264e-06 0.000140624

7.20264e-06 0.000140628
7.28912e-06 0.000140669

7.30571e-06 0.000140669
7.92773e-06 0.000140961

7.92773e-06 0.000140958
8.65283e-06 0.000141211

8.65283e-06 0.000141212
9.37793e-06 0.000141384

9.37793e-06 0.000141384
9.45366e-06 0.000141394

9.46828e-06 0.000141394
1.0103e-05 0.000141475

1.0103e-05 0.000141474
1.08281e-05 0.000141493

1.08281e-05 0.000141492
1.15532e-05 0.000141442

1.22783e-05 0.000141323
1.18416e-05 0.000141394

1.15532e-05 0.000141442
1.18492e-05 0.000141394

1.22783e-05 0.000141323
1.30034e-05 0.000141142

1.30034e-05 0.000141143
1.37285e-05 0.000140897

1.44536e-05 0.000140576
1.42398e-05 0.000140669

1.44536e-05 0.000140583
1.51787e-05 0.000140201

1.37285e-05 0.000140899
1.42593e-05 0.000140669

1.59038e-05 0.000139745
1.55834e-05 0.000139944

1.51787e-05 0.000140206
1.5601e-05 0.000139944

1.59038e-05 0.000139753
1.66289e-05 0.000139231

1.66289e-05 0.00013923
1.66439e-05 0.000139219

3.91069e-05 0.000103793
3.84682e-05 0.000104414

3.9832e-05 0.000103115
3.92158e-05 0.000103689

3.91069e-05 0.000103792
3.92156e-05 0.000103689

4.56328e-05 9.85956e-05
4.56058e-05 9.86133e-05

4.20073e-05 0.00010125
4.16797e-05 0.000101514

4.27324e-05 0.000100676
4.25869e-05 0.000100789

4.20073e-05 0.000101246
4.25862e-05 0.000100789

4.05571e-05 0.000102467
3.99987e-05 0.000102964

4.12822e-05 0.000101846
4.08186e-05 0.000102239

4.05571e-05 0.000102465
4.08203e-05 0.000102239

3.9832e-05 0.000103115
3.99986e-05 0.000102964

4.12822e-05 0.000101841
4.16837e-05 0.000101514

4.41826e-05 9.95927e-05
4.35386e-05 0.000100063

4.27324e-05 0.000100674
4.34575e-05 0.000100123

4.34575e-05 0.000100123
4.35384e-05 0.000100063

4.49077e-05 9.90839e-05
4.45443e-05 9.93384e-05

4.41826e-05 9.95928e-05
4.45449e-05 9.93384e-05

4.49077e-05 9.90837e-05
4.56046e-05 9.86133e-05

3.62065e-05 0.000106839
3.58026e-05 0.000107314

3.69316e-05 0.000106021
3.6424e-05 0.000106589

3.62065e-05 0.000106839
3.64224e-05 0.000106589

3.47563e-05 0.000108608
3.46362e-05 0.000108765

3.54814e-05 0.000107699
3.52081e-05 0.00010804

3.47563e-05 0.000108608
3.52035e-05 0.00010804

3.46334e-05 0.000108765
3.4087e-05 0.00010949

3.40313e-05 0.000109567
3.40873e-05 0.00010949

3.54814e-05 0.000107703
3.57974e-05 0.000107314

3.76567e-05 0.000105243
3.70747e-05 0.000105864

3.83818e-05 0.0001045
3.77563e-05 0.000105139

3.76567e-05 0.000105242
3.77555e-05 0.000105139

3.69316e-05 0.000106021
3.70742e-05 0.000105864

3.83818e-05 0.0001045
3.84683e-05 0.000104414

4.56328e-05 9.85945e-05
4.63579e-05 9.81239e-05

4.7083e-05 9.76718e-05
4.67357e-05 9.78882e-05

4.63579e-05 9.81238e-05
4.67361e-05 9.78882e-05

4.85332e-05 9.68224e-05
4.79395e-05 9.71631e-05

4.7083e-05 9.76727e-05
4.78081e-05 9.7239e-05

4.78081e-05 9.72385e-05
4.79397e-05 9.71631e-05

5.07085e-05 9.56753e-05
5.06339e-05 9.57129e-05

5.07085e-05 9.56763e-05
5.14336e-05 9.53267e-05

4.92583e-05 9.64234e-05
4.92316e-05 9.6438e-05

4.85332e-05 9.68232e-05
4.92336e-05 9.6438e-05

4.92583e-05 9.6424e-05
4.99834e-05 9.60417e-05

4.99834e-05 9.60422e-05
5.06364e-05 9.57129e-05

5.14336e-05 9.53272e-05
5.21587e-05 9.49932e-05

5.28838e-05 9.46743e-05
5.217e-05 9.49878e-05

5.21587e-05 9.49929e-05
5.21702e-05 9.49878e-05

5.4334e-05 9.40801e-05
5.38772e-05 9.42627e-05

5.28838e-05 9.46752e-05
5.36089e-05 9.43711e-05

5.36089e-05 9.43704e-05
5.38782e-05 9.42627e-05

5.4334e-05 9.40815e-05
5.50591e-05 9.38053e-05

5.50591e-05 9.38049e-05
5.57842e-05 9.35407e-05

5.65093e-05 9.32895e-05
5.57932e-05 9.35376e-05

5.57842e-05 9.35408e-05
5.57933e-05 9.35376e-05

5.65093e-05 9.32905e-05
5.72344e-05 9.30501e-05

5.72344e-05 9.30497e-05
5.79595e-05 9.2819e-05

5.79595e-05 9.28192e-05
5.79816e-05 9.28125e-05

