8.33562e-05 9.28125e-05
8.35238e-05 9.35376e-05

8.3523e-05 9.35376e-05
8.36914e-05 9.42627e-05

8.369e-05 9.42627e-05
8.38637e-05 9.49878e-05

8.38664e-05 9.49878e-05
8.40428e-05 9.57129e-05

8.40435e-05 9.57129e-05
8.4063e-05 9.57947e-05

8.4063e-05 9.57956e-05
8.4216e-05 9.6438e-05

8.42148e-05 9.6438e-05
8.43855e-05 9.71631e-05

8.4384e-05 9.71631e-05
8.45583e-05 9.78882e-05

8.45599e-05 9.78882e-05
8.47375e-05 9.86133e-05

8.47397e-05 9.86133e-05
8.47881e-05 9.88155e-05

8.47881e-05 9.88158e-05
8.4913e-05 9.93384e-05

8.49113e-05 9.93384e-05
8.50796e-05 0.000100063

8.50783e-05 0.000100063
8.52476e-05 0.000100789

8.52475e-05 0.000100789
8.54206e-05 0.000101514

8.54249e-05 0.000101514
8.55132e-05 0.000101894

8.55132e-05 0.000101894
8.55931e-05 0.000102239

8.55908e-05 0.000102239
8.57503e-05 0.000102964

8.57497e-05 0.000102964
8.59061e-05 0.000103689

8.59053e-05 0.000103689
8.60615e-05 0.000104414

8.60638e-05 0.000104414
8.62166e-05 0.000105139

8.62175e-05 0.000105139
8.62383e-05 0.000105244

8.62383e-05 0.000105245
8.63607e-05 0.000105864

8.63599e-05 0.000105864
8.64935e-05 0.000106589

8.64932e-05 0.000106589
8.66194e-05 0.000107314

8.66197e-05 0.000107314
8.67388e-05 0.00010804

8.67387e-05 0.00010804
8.68505e-05 0.000108765

8.68516e-05 0.000108765
8.69541e-05 0.00010949

8.69547e-05 0.00010949
8.69634e-05 0.00010956

8.69634e-05 0.00010956
8.70443e-05 0.000110215

8.70438e-05 0.000110215
8.71204e-05 0.00011094

8.71204e-05 0.00011094
8.71852e-05 0.000111665

8.71854e-05 0.000111665
8.72382e-05 0.00011239

8.72383e-05 0.00011239
8.72788e-05 0.000113115

8.72789e-05 0.000113115
8.73066e-05 0.00011384

8.73066e-05 0.00011384
8.73213e-05 0.000114565

8.73213e-05 0.000114565
8.73228e-05 0.000115291

8.73227e-05 0.000115291
8.73112e-05 0.000116016

8.7311e-05 0.000116016
8.72868e-05 0.000116741

8.72866e-05 0.000116741
8.72505e-05 0.000117466

8.72502e-05 0.000117466
8.72032e-05 0.000118191

8.72028e-05 0.000118191
8.71465e-05 0.000118916

8.7146e-05 0.000118916
8.70822e-05 0.000119641

8.70816e-05 0.000119641
8.70122e-05 0.000120366

8.69634e-05 0.000120848
8.69392e-05 0.000121091

8.69392e-05 0.000121091
8.68657e-05 0.000121816

8.69634e-05 0.000120851
8.70116e-05 0.000120366

8.68652e-05 0.000121816
8.67916e-05 0.000122542

8.67908e-05 0.000122542
8.67197e-05 0.000123267

8.6719e-05 0.000123267
8.66535e-05 0.000123992

8.66529e-05 0.000123992
8.65957e-05 0.000124717

8.65951e-05 0.000124717
8.65489e-05 0.000125442

8.65484e-05 0.000125442
8.65151e-05 0.000126167

8.65147e-05 0.000126167
8.64962e-05 0.000126892

8.64958e-05 0.000126892
8.64938e-05 0.000127617

8.64935e-05 0.000127617
8.65091e-05 0.000128342

8.65088e-05 0.000128342
8.65432e-05 0.000129067

8.6543e-05 0.000129067
8.6597e-05 0.000129792

8.65969e-05 0.000129792
8.66712e-05 0.000130518

8.6671e-05 0.000130518
8.67662e-05 0.000131243

8.67659e-05 0.000131243
8.68832e-05 0.000131968

8.68838e-05 0.000131968
8.69634e-05 0.000132384

8.69634e-05 0.000132382
8.70228e-05 0.000132693

8.70224e-05 0.000132693
8.71811e-05 0.000133418

8.71807e-05 0.000133418
8.73604e-05 0.000134143

8.73599e-05 0.000134143
8.75622e-05 0.000134868

8.75634e-05 0.000134868
8.76885e-05 0.000135276

8.76885e-05 0.000135273
8.77867e-05 0.000135593

8.77851e-05 0.000135593
8.80267e-05 0.000136318

8.80263e-05 0.000136318
8.82901e-05 0.000137043

8.82916e-05 0.000137043
8.84136e-05 0.000137356

8.84136e-05 0.000137354
8.85753e-05 0.000137769

8.85724e-05 0.000137769
8.88754e-05 0.000138494

8.8879e-05 0.000138494
8.91387e-05 0.000139081

8.91387e-05 0.00013908
8.91999e-05 0.000139219

8.91958e-05 0.000139219
8.95345e-05 0.000139944

8.95389e-05 0.000139944
8.98638e-05 0.000140606

8.98638e-05 0.000140606
8.98945e-05 0.000140669

8.989e-05 0.000140669
9.02622e-05 0.000141394

9.02676e-05 0.000141394
9.05889e-05 0.000141996

9.05889e-05 0.000141995
9.06549e-05 0.000142119

9.06498e-05 0.000142119
9.10511e-05 0.000142844

9.10559e-05 0.000142844
9.1314e-05 0.000143294

9.1314e-05 0.000143295
9.14713e-05 0.000143569

9.14696e-05 0.000143569
9.18955e-05 0.000144294

9.18983e-05 0.000144294
9.20391e-05 0.000144527

9.20391e-05 0.000144533
9.23342e-05 0.00014502

9.23393e-05 0.00014502
9.27642e-05 0.00014571

9.27642e-05 0.00014571
9.27852e-05 0.000145745

9.27812e-05 0.000145745
9.32349e-05 0.00014647

9.32411e-05 0.00014647
9.34893e-05 0.00014686

9.34893e-05 0.000146866
9.36983e-05 0.000147195

9.36997e-05 0.000147195
9.41587e-05 0.00014792

9.41627e-05 0.00014792
9.42144e-05 0.000148003

9.42144e-05 0.000148012
9.46188e-05 0.000148645

9.46264e-05 0.000148645
9.49395e-05 0.000149138

9.49395e-05 0.000149141
9.50844e-05 0.00014937

9.50819e-05 0.00014937
9.55347e-05 0.000150095

9.55411e-05 0.000150095
9.56646e-05 0.000150295

9.56646e-05 0.000150304
9.59844e-05 0.00015082

9.59897e-05 0.00015082
9.63896e-05 0.000151487

9.63896e-05 0.000151486
9.64243e-05 0.000151545

9.64196e-05 0.000151545
9.68441e-05 0.000152271

9.68535e-05 0.000152271
9.71147e-05 0.000152736

9.71147e-05 0.00015274
9.72584e-05 0.000152996

9.72526e-05 0.000152996
9.7638e-05 0.000153721

9.76468e-05 0.000153721
9.78398e-05 0.000154107

9.78398e-05 0.000154111
9.80071e-05 0.000154446

9.80019e-05 0.000154446
9.8337e-05 0.000155171

9.83434e-05 0.000155171
9.85649e-05 0.000155692

9.85649e-05 0.000155693
9.86511e-05 0.000155896

9.86493e-05 0.000155896
9.89229e-05 0.000156621

9.8922e-05 0.000156621
9.9167e-05 0.000157346

9.9171e-05 0.000157346
9.929e-05 0.000157756

9.929e-05 0.000157758
9.9381e-05 0.000158071

9.93803e-05 0.000158071
9.95507e-05 0.000158796

9.95504e-05 0.000158796
9.96832e-05 0.000159521

9.96832e-05 0.000159521
9.97789e-05 0.000160247

9.97791e-05 0.000160247
9.98375e-05 0.000160972

9.98375e-05 0.000160972
9.9858e-05 0.000161697

9.98579e-05 0.000161697
9.98408e-05 0.000162422

8.76885e-05 0.000185482
8.73822e-05 0.000185625

8.76885e-05 0.000185492
8.84136e-05 0.00018507

8.91387e-05 0.000184557
8.86527e-05 0.0001849

8.84136e-05 0.000185074
8.86711e-05 0.0001849

9.1314e-05 0.00018236
9.10293e-05 0.000182725

9.20391e-05 0.000181355
9.1593e-05 0.000182

9.1314e-05 0.000182367
9.15931e-05 0.000182

8.98638e-05 0.000183942
8.95947e-05 0.000184175

9.05889e-05 0.00018322
9.03728e-05 0.00018345

8.98638e-05 0.000183954
9.03845e-05 0.00018345

8.91387e-05 0.000184563
8.96139e-05 0.000184175

9.05889e-05 0.000183228
9.10288e-05 0.000182725

9.78398e-05 0.000169639
9.78247e-05 0.000169673

9.7826e-05 0.000169673
9.74844e-05 0.000170398

9.74833e-05 0.000170398
9.71298e-05 0.000171123

9.63896e-05 0.000172602
9.60444e-05 0.000173298

9.6044e-05 0.000173298
9.56904e-05 0.000174023

9.71147e-05 0.00017115
9.67679e-05 0.000171848

9.6767e-05 0.000171848
9.6405e-05 0.000172573

9.71147e-05 0.00017115
9.71282e-05 0.000171123

9.63896e-05 0.000172602
9.64038e-05 0.000172573

9.98407e-05 0.000162422
9.97865e-05 0.000163147

9.97862e-05 0.000163147
9.96954e-05 0.000163872

9.9695e-05 0.000163872
9.95689e-05 0.000164597

9.95685e-05 0.000164597
9.94086e-05 0.000165322

9.929e-05 0.000165767
9.9216e-05 0.000166047

9.92168e-05 0.000166047
9.8994e-05 0.000166772

9.85649e-05 0.000167944
9.84573e-05 0.000168223

9.89934e-05 0.000166772
9.87398e-05 0.000167498

9.85649e-05 0.000167948
9.87389e-05 0.000167498

9.929e-05 0.00016577
9.94084e-05 0.000165322

9.84581e-05 0.000168223
9.81538e-05 0.000168948

9.78398e-05 0.000169645
9.81526e-05 0.000168948

9.49395e-05 0.000175619
9.46736e-05 0.000176199

9.46754e-05 0.000176199
9.43455e-05 0.000176924

9.34893e-05 0.000178756
9.3321e-05 0.000179099

9.33234e-05 0.000179099
9.29454e-05 0.000179824

9.42144e-05 0.000177211
9.40137e-05 0.000177649

9.4016e-05 0.000177649
9.36756e-05 0.000178374

9.42144e-05 0.000177212
9.43466e-05 0.000176924

9.34893e-05 0.000178758
9.36774e-05 0.000178374

9.56646e-05 0.000174076
9.53438e-05 0.000174749

9.53445e-05 0.000174749
9.5006e-05 0.000175474

9.56646e-05 0.000174077
9.569e-05 0.000174023

9.49395e-05 0.00017562
9.50064e-05 0.000175474

9.27642e-05 0.000180149
9.25383e-05 0.000180549

9.2541e-05 0.000180549
9.20913e-05 0.000181274

9.27642e-05 0.00018015
9.29479e-05 0.000179824

9.20391e-05 0.000181357
9.20932e-05 0.000181274

8.03138e-03.19464e-05 0
3.19475e-05 7.25098e-07

3.19475e-05 7.25098e-07
3.19508e-05 1.4502e-06

3.19509e-05 1.4502e-06
3.19562e-05 2.17529e-06

3.19563e-05 2.17529e-06
3.19633e-05 2.90039e-06

3.19635e-05 2.90039e-06
3.19718e-05 3.62549e-06

3.19718e-05 3.62549e-06
3.19811e-05 4.35059e-06

3.19811e-05 4.35059e-06
3.19913e-05 5.07568e-06

3.19913e-05 5.07568e-06
3.20023e-05 5.80078e-06

3.20023e-05 5.80078e-06
3.20142e-05 6.52588e-06

3.20142e-05 6.52588e-06
3.20268e-05 7.25098e-06

3.20268e-05 7.25098e-06
3.20403e-05 7.97607e-06

3.20403e-05 7.97607e-06
3.20547e-05 8.70117e-06

3.20546e-05 8.70117e-06
3.20701e-05 9.42627e-06

3.20701e-05 9.42627e-06
3.20868e-05 1.01514e-05

3.20868e-05 1.01514e-05
3.21048e-05 1.08765e-05

3.21048e-05 1.08765e-05
3.2124e-05 1.16016e-05

3.21241e-05 1.16016e-05
3.21445e-05 1.23267e-05

3.21445e-05 1.23267e-05
3.21661e-05 1.30518e-05

3.21661e-05 1.30518e-05
3.21887e-05 1.37769e-05

3.21887e-05 1.37769e-05
3.22122e-05 1.4502e-05

3.22122e-05 1.4502e-05
3.22365e-05 1.52271e-05

3.22365e-05 1.52271e-05
3.22613e-05 1.59521e-05

3.22614e-05 1.59521e-05
3.22865e-05 1.66772e-05

3.22865e-05 1.66772e-05
3.2312e-05 1.74023e-05

3.2312e-05 1.74023e-05
3.23378e-05 1.81274e-05

3.23378e-05 1.81274e-05
3.23641e-05 1.88525e-05

3.2364e-05 1.88525e-05
3.23909e-05 1.95776e-05

3.23909e-05 1.95776e-05
3.24184e-05 2.03027e-05

3.24184e-05 2.03027e-05
3.24466e-05 2.10278e-05

3.24466e-05 2.10278e-05
3.24756e-05 2.17529e-05

3.24756e-05 2.17529e-05
3.25055e-05 2.2478e-05

3.25055e-05 2.2478e-05
3.25364e-05 2.32031e-05

3.25364e-05 2.32031e-05
3.25682e-05 2.39282e-05

3.25682e-05 2.39282e-05
3.25811e-05 2.42122e-05

3.25811e-05 2.42122e-05
3.2601e-05 2.46533e-05

3.2601e-05 2.46533e-05
3.26347e-05 2.53784e-05

3.26347e-05 2.53784e-05
3.26692e-05 2.61035e-05

3.26692e-05 2.61035e-05
3.27045e-05 2.68286e-05

3.27045e-05 2.68286e-05
3.27407e-05 2.75537e-05

3.27407e-05 2.75537e-05
3.27776e-05 2.82788e-05

3.27776e-05 2.82788e-05
3.28153e-05 2.90039e-05

3.28153e-05 2.90039e-05
3.28538e-05 2.9729e-05

3.28538e-05 2.9729e-05
3.28931e-05 3.04541e-05

3.28931e-05 3.04541e-05
3.2933e-05 3.11792e-05

3.2933e-05 3.11792e-05
3.29737e-05 3.19043e-05

3.29737e-05 3.19043e-05
3.30151e-05 3.26294e-05

3.30151e-05 3.26294e-05
3.30572e-05 3.33545e-05

3.30572e-05 3.33545e-05
3.31002e-05 3.40796e-05

3.31002e-05 3.40796e-05
3.3144e-05 3.48047e-05

3.3144e-05 3.48047e-05
3.31888e-05 3.55298e-05

3.31888e-05 3.55298e-05
3.32344e-05 3.62549e-05

3.32344e-05 3.62549e-05
3.3281e-05 3.698e-05

3.32809e-05 3.698e-05
3.33062e-05 3.73655e-05

3.33062e-05 3.73657e-05
3.33284e-05 3.77051e-05

3.33284e-05 3.77051e-05
3.33767e-05 3.84302e-05

3.33767e-05 3.84302e-05
3.34259e-05 3.91553e-05

3.34259e-05 3.91553e-05
3.34758e-05 3.98804e-05

3.34758e-05 3.98804e-05
3.35264e-05 4.06055e-05

3.35264e-05 4.06055e-05
3.35779e-05 4.13306e-05

3.35779e-05 4.13306e-05
3.36302e-05 4.20557e-05

3.36301e-05 4.20557e-05
3.36833e-05 4.27808e-05

3.36833e-05 4.27808e-05
3.37372e-05 4.35059e-05

3.37372e-05 4.35059e-05
3.3792e-05 4.4231e-05

3.3792e-05 4.4231e-05
3.38477e-05 4.49561e-05

3.38477e-05 4.49561e-05
3.39042e-05 4.56812e-05

3.39041e-05 4.56812e-05
3.39615e-05 4.64062e-05

3.39615e-05 4.64062e-05
3.40197e-05 4.71313e-05

3.40196e-05 4.71313e-05
3.40312e-05 4.72736e-05

7.73995e-05 0
7.73968e-05 7.25098e-07

7.73969e-05 7.25098e-07
7.73886e-05 1.4502e-06

7.73886e-05 1.4502e-06
7.73745e-05 2.17529e-06

7.73744e-05 2.17529e-06
7.73547e-05 2.90039e-06

7.73546e-05 2.90039e-06
7.73295e-05 3.62549e-06

7.73294e-05 3.62549e-06
7.72992e-05 4.35059e-06

7.72991e-05 4.35059e-06
7.72644e-05 5.07568e-06

7.72642e-05 5.07568e-06
7.72253e-05 5.80078e-06

7.72253e-05 5.80078e-06
7.71826e-05 6.52588e-06

7.71825e-05 6.52588e-06
7.71363e-05 7.25098e-06

7.71363e-05 7.25098e-06
7.7087e-05 7.97607e-06

7.70869e-05 7.97607e-06
7.70346e-05 8.70117e-06

7.70346e-05 8.70117e-06
7.69796e-05 9.42627e-06

7.69795e-05 9.42627e-06
7.69218e-05 1.01514e-05

7.6812e-05 1.14554e-05
7.67995e-05 1.16016e-05

7.69218e-05 1.01514e-05
7.68617e-05 1.08765e-05

7.6812e-05 1.14544e-05
7.68616e-05 1.08765e-05

7.67993e-05 1.16016e-05
7.67354e-05 1.23267e-05

7.67353e-05 1.23267e-05
7.66703e-05 1.30518e-05

7.66701e-05 1.30518e-05
7.66045e-05 1.37769e-05

7.66044e-05 1.37769e-05
7.65385e-05 1.4502e-05

7.65384e-05 1.4502e-05
7.64728e-05 1.52271e-05

7.64728e-05 1.52271e-05
7.64077e-05 1.59521e-05

7.64077e-05 1.59521e-05
7.63435e-05 1.66772e-05

7.63434e-05 1.66772e-05
7.62803e-05 1.74023e-05

7.60869e-05 1.97782e-05
7.60479e-05 2.03027e-05

7.62802e-05 1.74023e-05
7.62187e-05 1.81274e-05

7.62186e-05 1.81274e-05
7.61591e-05 1.88525e-05

7.61589e-05 1.88525e-05
7.61019e-05 1.95776e-05

7.60869e-05 1.97776e-05
7.61018e-05 1.95776e-05

7.60479e-05 2.03027e-05
7.59973e-05 2.10278e-05

7.59972e-05 2.10278e-05
7.59503e-05 2.17529e-05

7.59503e-05 2.17529e-05
7.59072e-05 2.2478e-05

7.59072e-05 2.2478e-05
7.58681e-05 2.32031e-05

7.58681e-05 2.32031e-05
7.58327e-05 2.39282e-05

7.58328e-05 2.39282e-05
7.58008e-05 2.46533e-05

7.5801e-05 2.46533e-05
7.57719e-05 2.53784e-05

7.57721e-05 2.53784e-05
7.5745e-05 2.61035e-05

7.57451e-05 2.61035e-05
7.57195e-05 2.68286e-05

7.57195e-05 2.68286e-05
7.56952e-05 2.75537e-05

7.56949e-05 2.75537e-05
7.56723e-05 2.82788e-05

7.5672e-05 2.82788e-05
7.56526e-05 2.90039e-05

7.56524e-05 2.90039e-05
7.56372e-05 2.9729e-05

7.56371e-05 2.9729e-05
7.56267e-05 3.04541e-05

7.56269e-05 3.04541e-05
7.56212e-05 3.11792e-05

7.56212e-05 3.11792e-05
7.56197e-05 3.19043e-05

7.56198e-05 3.19043e-05
7.56225e-05 3.26294e-05

7.56227e-05 3.26294e-05
7.5629e-05 3.33545e-05

7.5629e-05 3.33545e-05
7.56385e-05 3.40796e-05

7.56386e-05 3.40796e-05
7.56508e-05 3.48047e-05

7.56508e-05 3.48047e-05
7.56654e-05 3.55298e-05

7.56655e-05 3.55298e-05
7.56822e-05 3.62549e-05

7.56823e-05 3.62549e-05
7.57006e-05 3.698e-05

7.57007e-05 3.698e-05
7.57202e-05 3.77051e-05

7.57203e-05 3.77051e-05
7.57404e-05 3.84302e-05

7.57404e-05 3.84302e-05
7.57609e-05 3.91553e-05

7.57607e-05 3.91553e-05
7.57818e-05 3.98804e-05

7.57815e-05 3.98804e-05
7.58039e-05 4.06055e-05

7.58036e-05 4.06055e-05
7.58282e-05 4.13306e-05

7.58281e-05 4.13306e-05
7.58555e-05 4.20557e-05

7.58555e-05 4.20557e-05
7.58861e-05 4.27808e-05

7.58861e-05 4.27808e-05
7.59201e-05 4.35059e-05

7.59201e-05 4.35059e-05
7.59575e-05 4.4231e-05

7.59575e-05 4.4231e-05
7.59982e-05 4.49561e-05

7.59981e-05 4.49561e-05
7.60424e-05 4.56812e-05

7.60425e-05 4.56812e-05
7.60869e-05 4.63551e-05

7.60869e-05 4.63551e-05
7.60903e-05 4.64062e-05

3.40313e-05 4.7274e-05
3.40788e-05 4.78564e-05

3.40789e-05 4.78564e-05
3.41389e-05 4.85815e-05

3.41389e-05 4.85815e-05
3.41998e-05 4.93066e-05

3.41998e-05 4.93066e-05
3.42618e-05 5.00317e-05

3.42617e-05 5.00317e-05
3.43246e-05 5.07568e-05

3.43246e-05 5.07568e-05
3.43884e-05 5.14819e-05

3.43884e-05 5.14819e-05
3.44532e-05 5.2207e-05

3.44532e-05 5.2207e-05
3.4519e-05 5.29321e-05

3.4519e-05 5.29321e-05
3.45858e-05 5.36572e-05

3.45859e-05 5.36572e-05
3.46537e-05 5.43823e-05

3.46537e-05 5.43823e-05
3.47225e-05 5.51074e-05

3.47224e-05 5.51074e-05
3.47563e-05 5.54593e-05

3.47563e-05 5.54597e-05
3.47923e-05 5.58325e-05

3.47924e-05 5.58325e-05
3.48635e-05 5.65576e-05

3.48635e-05 5.65576e-05
3.49355e-05 5.72827e-05

3.49355e-05 5.72827e-05
3.50084e-05 5.80078e-05

3.50084e-05 5.80078e-05
3.50823e-05 5.87329e-05

3.50823e-05 5.87329e-05
3.51573e-05 5.9458e-05

3.51573e-05 5.9458e-05
3.52333e-05 6.01831e-05

3.52333e-05 6.01831e-05
3.53103e-05 6.09082e-05

3.53103e-05 6.09082e-05
3.53882e-05 6.16333e-05

3.53882e-05 6.16333e-05
3.54671e-05 6.23584e-05

3.54671e-05 6.23584e-05
3.54814e-05 6.24885e-05

3.54814e-05 6.24891e-05
3.55471e-05 6.30835e-05

3.55473e-05 6.30835e-05
3.56284e-05 6.38086e-05

3.56283e-05 6.38086e-05
3.57102e-05 6.45337e-05

3.57102e-05 6.45337e-05
3.57929e-05 6.52588e-05

3.57929e-05 6.52588e-05
3.58765e-05 6.59839e-05

3.58765e-05 6.59839e-05
3.5961e-05 6.6709e-05

3.5961e-05 6.6709e-05
3.60463e-05 6.74341e-05

3.60463e-05 6.74341e-05
3.61326e-05 6.81592e-05

3.61325e-05 6.81592e-05
3.62065e-05 6.8773e-05

3.62065e-05 6.87732e-05
3.62199e-05 6.88843e-05

3.62199e-05 6.88843e-05
3.63087e-05 6.9605 0.000185625
8.04375e-05 0.000185691

8.04375e-05 0.000185689
8.11626e-05 0.000185991

8.11626e-05 0.00018599
8.18877e-05 0.000186217

8.18877e-05 0.000186219
8.25112e-05 0.00018635

8.25158e-05 0.00018635
8.26128e-05 0.000186371

8.26128e-05 0.000186369
8.33379e-05 0.000186449

8.33379e-05 0.000186448
8.4063e-05 0.000186459

8.4063e-05 0.00018646
8.47881e-05 0.000186403

8.55132e-05 0.000186277
8.50869e-05 0.00018635

8.47881e-05 0.000186404
8.51e-05 0.00018635

8.55132e-05 0.000186277
8.62383e-05 0.000186087

8.62383e-05 0.000186089
8.69634e-05 0.000185828

8.69634e-05 0.000185833
8.74081e-05 0.000185625

94e-05

3.63089e-05 6.96094e-05
3.63985e-05 7.03345e-05

3.63984e-05 7.03345e-05
3.64889e-05 7.10596e-05

3.64889e-05 7.10596e-05
3.65803e-05 7.17847e-05

3.65803e-05 7.17847e-05
3.66727e-05 7.25098e-05

3.66727e-05 7.25098e-05
3.67658e-05 7.32349e-05

3.67658e-05 7.32349e-05
3.68598e-05 7.396e-05

3.68597e-05 7.396e-05
3.69316e-05 7.45077e-05

3.69316e-05 7.4508e-05
3.69549e-05 7.46851e-05

3.69551e-05 7.46851e-05
3.70516e-05 7.54102e-05

3.70517e-05 7.54102e-05
3.71491e-05 7.61353e-05

3.7149e-05 7.61353e-05
3.72471e-05 7.68604e-05

3.72471e-05 7.68604e-05
3.73461e-05 7.75854e-05

3.73461e-05 7.75854e-05
3.74459e-05 7.83105e-05

3.74459e-05 7.83105e-05
3.75465e-05 7.90356e-05

3.75464e-05 7.90356e-05
3.76481e-05 7.97607e-05

3.76481e-05 7.97607e-05
3.76567e-05 7.98214e-05

3.76567e-05 7.98222e-05
3.77511e-05 8.04858e-05

3.77515e-05 8.04858e-05
3.78556e-05 8.12109e-05

3.78555e-05 8.12109e-05
3.79602e-05 8.1936e-05

3.79602e-05 8.1936e-05
3.80657e-05 8.26611e-05

3.80658e-05 8.26611e-05
3.8172e-05 8.33862e-05

3.8172e-05 8.33862e-05
3.8279e-05 8.41113e-05

3.82788e-05 8.41113e-05
3.83818e-05 8.48018e-05

3.83818e-05 8.4802e-05
3.8387e-05 8.48364e-05

3.8387e-05 8.48364e-05
3.84967e-05 8.55615e-05

3.8497e-05 8.55615e-05
3.86075e-05 8.62866e-05

3.86074e-05 8.62866e-05
3.87184e-05 8.70117e-05

3.87184e-05 8.70117e-05
3.883e-05 8.77368e-05

3.883e-05 8.77368e-05
3.89424e-05 8.84619e-05

3.89423e-05 8.84619e-05
3.90555e-05 8.9187e-05

3.90552e-05 8.9187e-05
3.91069e-05 8.95135e-05

3.91069e-05 8.95142e-05
3.917e-05 8.99121e-05

3.91706e-05 8.99121e-05
3.92868e-05 9.06372e-05

3.92866e-05 9.06372e-05
3.94033e-05 9.13623e-05

3.94034e-05 9.13623e-05
3.95207e-05 9.20874e-05

3.95207e-05 9.20874e-05
3.96387e-05 9.28125e-05

7.60904e-05 4.64062e-05
7.61411e-05 4.71313e-05

7.6141e-05 4.71313e-05
7.61947e-05 4.78564e-05

7.61946e-05 4.78564e-05
7.62514e-05 4.85815e-05

7.62514e-05 4.85815e-05
7.63114e-05 4.93066e-05

7.63115e-05 4.93066e-05
7.63748e-05 5.00317e-05

7.63749e-05 5.00317e-05
7.64415e-05 5.07568e-05

7.64416e-05 5.07568e-05
7.65113e-05 5.14819e-05

7.65114e-05 5.14819e-05
7.6584e-05 5.2207e-05

7.6584e-05 5.2207e-05
7.66594e-05 5.29321e-05

7.66592e-05 5.29321e-05
7.67377e-05 5.36572e-05

7.67382e-05 5.36572e-05
7.6812e-05 5.43173e-05

7.6812e-05 5.43174e-05
7.68193e-05 5.43823e-05

7.68194e-05 5.43823e-05
7.69017e-05 5.51074e-05

7.69015e-05 5.51074e-05
7.6985e-05 5.58325e-05

7.69849e-05 5.58325e-05
7.70702e-05 5.65576e-05

7.70702e-05 5.65576e-05
7.71572e-05 5.72827e-05

7.71572e-05 5.72827e-05
7.72459e-05 5.80078e-05

7.72459e-05 5.80078e-05
7.73364e-05 5.87329e-05

7.73362e-05 5.87329e-05
7.74291e-05 5.9458e-05

7.74294e-05 5.9458e-05
7.75245e-05 6.01831e-05

7.75251e-05 6.01831e-05
7.75371e-05 6.02742e-05

7.75371e-05 6.02745e-05
7.76205e-05 6.09082e-05

7.762e-05 6.09082e-05
7.77155e-05 6.16333e-05

7.77154e-05 6.16333e-05
7.7812e-05 6.23584e-05

7.78119e-05 6.23584e-05
7.79099e-05 6.30835e-05

7.79099e-05 6.30835e-05
7.80094e-05 6.38086e-05

7.80092e-05 6.38086e-05
7.81109e-05 6.45337e-05

7.81108e-05 6.45337e-05
7.82154e-05 6.52588e-05

7.82166e-05 6.52588e-05
7.82622e-05 6.55724e-05

7.82622e-05 6.5573e-05
7.83219e-05 6.59839e-05

7.83213e-05 6.59839e-05
7.84262e-05 6.6709e-05

7.8426e-05 6.6709e-05
7.85321e-05 6.74341e-05

7.8532e-05 6.74341e-05
7.86396e-05 6.81592e-05

7.86395e-05 6.81592e-05
7.87489e-05 6.88843e-05

7.87485e-05 6.88843e-05
7.88606e-05 6.96094e-05

7.88614e-05 6.96094e-05
7.89757e-05 7.03345e-05

7.89763e-05 7.03345e-05
7.89873e-05 7.04045e-05

7.89873e-05 7.04045e-05
7.90903e-05 7.10596e-05

7.90896e-05 7.10596e-05
7.92034e-05 7.17847e-05

7.92031e-05 7.17847e-05
7.93187e-05 7.25098e-05

7.93186e-05 7.25098e-05
7.94365e-05 7.32349e-05

7.9436e-05 7.32349e-05
7.95574e-05 7.396e-05

7.9558e-05 7.396e-05
7.96826e-05 7.46851e-05

7.96838e-05 7.46851e-05
7.97124e-05 7.48515e-05

7.97124e-05 7.48518e-05
7.98084e-05 7.54102e-05

7.98075e-05 7.54102e-05
7.99318e-05 7.61353e-05

7.99315e-05 7.61353e-05
8.00576e-05 7.68604e-05

8.00573e-05 7.68604e-05
8.01862e-05 7.75854e-05

8.01855e-05 7.75854e-05
8.03193e-05 7.83105e-05

8.03214e-05 7.83105e-05
8.04375e-05 7.89314e-05

3.96386e-05 9.28125e-05
3.97574e-05 9.35376e-05

3.9757e-05 9.35376e-05
3.9832e-05 9.39888e-05

3.9832e-05 9.39894e-05
3.98775e-05 9.42627e-05

3.9878e-05 9.42627e-05
4.00001e-05 9.49878e-05

4.00001e-05 9.49878e-05
4.01228e-05 9.57129e-05

4.01228e-05 9.57129e-05
4.0246e-05 9.6438e-05

4.0246e-05 9.6438e-05
4.03698e-05 9.71631e-05

4.03697e-05 9.71631e-05
4.04945e-05 9.78882e-05

4.04941e-05 9.78882e-05
4.05571e-05 9.82484e-05

4.05571e-05 9.82491e-05
4.06209e-05 9.86133e-05

4.06216e-05 9.86133e-05
4.07501e-05 9.93384e-05

4.07501e-05 9.93384e-05
4.08791e-05 0.000100063

4.08791e-05 0.000100063
4.10086e-05 0.000100789

4.10085e-05 0.000100789
4.11388e-05 0.000101514

4.11386e-05 0.000101514
4.12704e-05 0.000102239

4.12704e-05 0.000102239
4.12822e-05 0.000102303

4.12822e-05 0.000102304
4.14044e-05 0.000102964

4.14051e-05 0.000102964
4.15405e-05 0.000103689

4.15403e-05 0.000103689
4.16759e-05 0.000104414

4.16758e-05 0.000104414
4.1812e-05 0.000105139

4.18117e-05 0.000105139
4.19491e-05 0.000105864

4.19487e-05 0.000105864
4.20073e-05 0.000106167

4.20073e-05 0.000106168
4.20887e-05 0.000106589

4.20897e-05 0.000106589
4.22317e-05 0.000107314

4.22317e-05 0.000107314
4.23739e-05 0.00010804

4.23738e-05 0.00010804
4.25167e-05 0.000108765

4.25164e-05 0.000108765
4.26607e-05 0.00010949

4.26602e-05 0.00010949
4.27324e-05 0.000109845

4.27324e-05 0.000109846
4.28075e-05 0.000110215

4.28087e-05 0.000110215
4.29585e-05 0.00011094

4.29584e-05 0.00011094
4.31084e-05 0.000111665

4.31083e-05 0.000111665
4.32591e-05 0.00011239

4.32587e-05 0.00011239
4.34113e-05 0.000113115

4.34109e-05 0.000113115
4.34575e-05 0.000113331

4.34575e-05 0.000113332
4.35671e-05 0.00011384

4.35685e-05 0.00011384
4.37272e-05 0.000114565

4.37269e-05 0.000114565
4.38856e-05 0.000115291

4.38853e-05 0.000115291
4.40452e-05 0.000116016

4.40443e-05 0.000116016
4.41826e-05 0.000116629

4.41826e-05 0.00011663
4.42076e-05 0.000116741

4.42085e-05 0.000116741
4.43754e-05 0.000117466

4.43759e-05 0.000117466
4.45436e-05 0.000118191

4.45432e-05 0.000118191
4.47115e-05 0.000118916

4.47108e-05 0.000118916
4.48819e-05 0.000119641

4.48817e-05 0.000119641
4.49077e-05 0.000119748

4.49077e-05 0.000119749
4.50572e-05 0.000120366

4.5059e-05 0.000120366
4.52368e-05 0.000121091

4.5236e-05 0.000121091
4.5414e-05 0.000121816

4.54132e-05 0.000121816
4.55944e-05 0.000122542

4.55941e-05 0.000122542
4.56328e-05 0.000122692

4.56328e-05 0.000122692
4.5781e-05 0.000123267

4.57831e-05 0.000123267
4.59726e-05 0.000123992

4.59717e-05 0.000123992
4.61613e-05 0.000124717

4.61601e-05 0.000124717
4.63539e-05 0.000125442

4.63544e-05 0.000125442
4.63579e-05 0.000125455

4.63579e-05 0.000125455
4.65537e-05 0.000126167

4.65552e-05 0.000126167
4.67561e-05 0.000126892

4.6755e-05 0.000126892
4.69569e-05 0.000127617

4.69553e-05 0.000127617
4.7083e-05 0.000128062

4.7083e-05 0.000128062
4.71634e-05 0.000128342

4.71662e-05 0.000128342
4.73783e-05 0.000129067

4.73775e-05 0.000129067
4.75896e-05 0.000129792

4.7588e-05 0.000129792
4.78047e-05 0.000130518

4.78054e-05 0.000130518
4.78081e-05 0.000130527

4.78081e-05 0.000130526
4.80284e-05 0.000131243

4.80297e-05 0.000131243
4.82541e-05 0.000131968

4.82524e-05 0.000131968
4.84793e-05 0.000132693

4.84786e-05 0.000132693
4.85332e-05 0.000132862

4.85332e-05 0.000132862
4.87128e-05 0.000133418

4.87157e-05 0.000133418
4.89528e-05 0.000134143

4.89505e-05 0.000134143
4.9189e-05 0.000134868

4.91881e-05 0.000134868
4.92583e-05 0.000135075

4.92583e-05 0.000135075
4.94345e-05 0.000135593

4.94377e-05 0.000135593
4.9687e-05 0.000136318

4.96843e-05 0.000136318
4.99358e-05 0.000137043

4.99356e-05 0.000137043
4.99834e-05 0.000137177

4.99834e-05 0.000137177
5.01952e-05 0.000137769

5.01976e-05 0.000137769
5.04599e-05 0.000138494

5.04566e-05 0.000138494
5.07085e-05 0.000139178

5.07085e-05 0.000139179
5.07233e-05 0.000139219

5.07258e-05 0.000139219
5.09988e-05 0.000139944

5.09983e-05 0.000139944
5.12737e-05 0.000140669

5.12713e-05 0.000140669
5.14336e-05 0.000141085

5.14336e-05 0.000141084
5.15545e-05 0.000141394

5.15585e-05 0.000141394
5.1846e-05 0.000142119

5.18424e-05 0.000142119
5.21333e-05 0.000142844

5.21341e-05 0.000142844
5.21587e-05 0.000142904

5.21587e-05 0.000142902
5.24336e-05 0.000143569

5.24342e-05 0.000143569
5.27364e-05 0.000144294

5.27337e-05 0.000144294
5.28838e-05 0.000144646

5.28838e-05 0.000144645
5.30436e-05 0.00014502

5.30476e-05 0.00014502
5.3362e-05 0.000145745

5.33573e-05 0.000145745
5.36089e-05 0.000146314

5.36089e-05 0.000146314
5.36778e-05 0.00014647

5.36822e-05 0.00014647
5.40088e-05 0.000147195

5.40047e-05 0.000147195
5.4334e-05 0.000147914

5.4334e-05 0.000147914
5.43366e-05 0.00014792

5.43398e-05 0.00014792
5.4679e-05 0.000148645

5.46767e-05 0.000148645
5.50214e-05 0.00014937

5.50223e-05 0.00014937
5.50591e-05 0.000149446

5.50591e-05 0.000149445
5.53749e-05 0.000150095

5.5374e-05 0.000150095
5.57323e-05 0.00015082

5.57326e-05 0.00015082
5.57842e-05 0.000150923

5.57842e-05 0.000150922
5.6098e-05 0.000151545

5.60973e-05 0.000151545
5.64697e-05 0.000152271

5.64706e-05 0.000152271
5.65093e-05 0.000152345

5.65093e-05 0.000152344
5.68498e-05 0.000152996

5.68475e-05 0.000152996
5.72344e-05 0.00015372

5.72381e-05 0.000153721
5.7631e-05 0.000154446

5.76261e-05 0.000154446
5.79595e-05 0.000155048

5.79595e-05 0.000155047
5.80283e-05 0.000155171

5.80336e-05 0.000155171
5.8442e-05 0.000155896

5.84357e-05 0.000155896
5.86846e-05 0.00015633

5.86846e-05 0.000156328
5.88523e-05 0.000156621

5.88566e-05 0.000156621
5.92814e-05 0.000157346

5.9278e-05 0.000157346
5.94097e-05 0.000157568

5.94097e-05 0.000157567
5.97087e-05 0.000158071

5.97082e-05 0.000158071
6.01348e-05 0.000158772

6.01348e-05 0.000158772
6.01493e-05 0.000158796

6.01531e-05 0.000158796
6.05993e-05 0.000159521

6.05936e-05 0.000159521
6.08599e-05 0.000159947

6.08599e-05 0.000159944
6.10493e-05 0.000160247

6.10518e-05 0.000160247
6.15163e-05 0.000160972

6.15171e-05 0.000160972
6.1585e-05 0.00016108

6.1585e-05 0.000161078
6.19842e-05 0.000161697

6.19809e-05 0.000161697
6.23101e-05 0.000162196

6.23101e-05 0.000162193
6.24599e-05 0.000162422

6.24629e-05 0.000162422
6.29495e-05 0.000163147

6.29504e-05 0.000163147
6.30352e-05 0.000163276

6.30352e-05 0.000163275
6.34384e-05 0.000163872

6.34354e-05 0.000163872
6.37603e-05 0.000164344

6.37603e-05 0.000164341
6.39352e-05 0.000164597

6.39374e-05 0.000164597
6.44445e-05 0.000165322

6.44461e-05 0.000165322
6.44854e-05 0.000165379

6.44854e-05 0.000165379
6.49539e-05 0.000166047

6.49504e-05 0.000166047
6.52104e-05 0.000166415

6.52104e-05 0.000166411
6.54658e-05 0.000166772

6.54656e-05 0.000166772
6.59355e-05 0.000167424

6.59355e-05 0.000167424
6.59883e-05 0.000167498

6.59919e-05 0.000167498
6.65155e-05 0.000168223

6.65151e-05 0.000168223
6.66606e-05 0.00016843

6.66606e-05 0.000168427
6.70355e-05 0.000168948

6.70339e-05 0.000168948
6.73857e-05 0.000169431

6.73857e-05 0.000169426
6.75617e-05 0.000169673

6.75649e-05 0.000169673
6.80959e-05 0.000170398

6.80966e-05 0.000170398
6.81108e-05 0.000170418

6.81108e-05 0.000170417
6.86232e-05 0.000171123

6.86208e-05 0.000171123
6.88359e-05 0.000171425

6.88359e-05 0.000171421
6.91442e-05 0.000171848

6.91435e-05 0.000171848
6.9561e-05 0.000172423

6.9561e-05 0.000172421
6.96695e-05 0.000172573

6.96737e-05 0.000172573
7.01959e-05 0.000173298

7.01971e-05 0.000173298
7.02861e-05 0.000173427

7.02861e-05 0.000173428
7.07071e-05 0.000174023

7.07045e-05 0.000174023
7.10112e-05 0.000174461

7.10112e-05 0.000174458
7.12137e-05 0.000174749

7.12159e-05 0.000174749
7.17212e-05 0.000175474

7.17225e-05 0.000175474
7.17363e-05 0.000175494

7.17363e-05 0.000175493
7.22168e-05 0.000176199

7.2212e-05 0.000176199
7.24614e-05 0.00017657

7.24614e-05 0.000176569
7.26996e-05 0.000176924

7.27004e-05 0.000176924
7.31859e-05 0.000177649

7.31881e-05 0.000177649
7.36655e-05 0.000178374

7.36593e-05 0.000178374
7.39116e-05 0.000178758

7.39116e-05 0.000178756
7.41369e-05 0.000179099

7.41372e-05 0.000179099
7.4622e-05 0.000179824

7.46233e-05 0.000179824
7.46367e-05 0.000179845

7.46367e-05 0.000179846
7.51129e-05 0.000180549

7.51055e-05 0.000180549
7.53618e-05 0.000180915

7.53618e-05 0.00018091
7.56179e-05 0.000181274

7.56136e-05 0.000181274
7.60869e-05 0.000181899

7.60869e-05 0.000181899
7.61637e-05 0.000182

7.61619e-05 0.000182
7.67574e-05 0.000182725

7.67579e-05 0.000182725
7.6812e-05 0.000182787

7.6812e-05 0.000182794
7.74075e-05 0.00018345

7.74087e-05 0.00018345
7.75371e-05 0.000183582

7.75371e-05 0.000183592
7.81602e-05 0.000184175

7.81632e-05 0.000184175
7.82622e-05 0.000184261

7.82622e-05 0.000184265
7.89873e-05 0.000184831

7.89873e-05 0.000184835
7.90861e-05 0.0001849

7.91065e-05 0.0001849
7.97124e-05 0.000185298

7.97124e-05 0.000185307
8.03051e-05 0.000185625

8.04375e-05 7.89316e-05
8.0457e-05 7.90356e-05

8.04564e-05 7.90356e-05
8.05908e-05 7.97607e-05

8.05904e-05 7.97607e-05
8.07256e-05 8.04858e-05

8.07251e-05 8.04858e-05
8.0863e-05 8.12109e-05

8.08623e-05 8.12109e-05
8.10051e-05 8.1936e-05

8.10068e-05 8.1936e-05
8.11526e-05 8.26611e-05

8.1153e-05 8.26611e-05
8.11626e-05 8.27091e-05

8.11626e-05 8.27092e-05
8.12978e-05 8.33862e-05

8.1297e-05 8.33862e-05
8.14417e-05 8.41113e-05

8.14411e-05 8.41113e-05
8.15886e-05 8.48364e-05

8.15878e-05 8.48364e-05
8.17409e-05 8.55615e-05

8.17436e-05 8.55615e-05
8.18877e-05 8.62354e-05

8.18877e-05 8.62355e-05
8.18986e-05 8.62866e-05

8.1898e-05 8.62866e-05
8.2051e-05 8.70117e-05

8.20503e-05 8.70117e-05
8.2204e-05 8.77368e-05

8.22031e-05 8.77368e-05
8.23608e-05 8.84619e-05

8.23607e-05 8.84619e-05
8.25246e-05 8.9187e-05

8.25279e-05 8.9187e-05
8.26128e-05 8.95629e-05

8.26128e-05 8.95631e-05
8.26916e-05 8.99121e-05

8.26896e-05 8.99121e-05
8.28505e-05 9.06372e-05

8.28497e-05 9.06372e-05
8.30133e-05 9.13623e-05

8.30121e-05 9.13623e-05
8.31824e-05 9.20874e-05

8.31863e-05 9.20874e-05
8.33379e-05 9.27288e-05

8.33379e-05 9.2729e-05
8.33576e-05 9.28125e-05

