0.000219656 0.000266561
0.000219531 0.000266836

0.000218931 0.0002682
0.000218894 0.000268286

0.000219527 0.000266836
0.000219204 0.000267561

0.000218931 0.000268193
0.000219205 0.000267561

0.000218891 0.000268286
0.000218585 0.000269011

0.000218584 0.000269011
0.00021829 0.000269736

0.000218206 0.000269958
0.000218009 0.000270461

0.000218006 0.000270461
0.000217734 0.000271187

0.000217481 0.000271907
0.000217479 0.000271912

0.000217477 0.000271912
0.000217229 0.000272637

0.000217481 0.000271899
0.000217735 0.000271187

0.000218206 0.000269955
0.000218292 0.000269736

0.000216756 0.000274149
0.000216565 0.000274812

0.000216563 0.000274812
0.000216367 0.000275537

0.000216031 0.000276962
0.000216025 0.000276987

0.000216366 0.000275537
0.000216187 0.000276262

0.000216031 0.000276956
0.000216188 0.000276262

0.000216023 0.000276987
0.00021587 0.000277712

0.000215869 0.000277712
0.000215729 0.000278437

0.000217226 0.000272637
0.000216991 0.000273362

0.000216992 0.000273362
0.000216773 0.000274087

0.000216756 0.000274149
0.000216774 0.000274087

0.000221536 0.000185625
0.000221692 0.00018635

0.000221692 0.00018635
0.000221832 0.000186996

0.000221832 0.000186996
0.000221849 0.000187075

0.000221849 0.000187075
0.000222004 0.0001878

0.000222005 0.0001878
0.00022216 0.000188525

0.00022216 0.000188525
0.000222314 0.00018925

0.000222314 0.00018925
0.000222468 0.000189976

0.000222468 0.000189976
0.000222557 0.000190395

0.000222557 0.000190396
0.000222621 0.000190701

0.000222621 0.000190701
0.000222774 0.000191426

0.000222774 0.000191426
0.000222925 0.000192151

0.000222925 0.000192151
0.000223076 0.000192876

0.000223076 0.000192876
0.000223226 0.000193601

0.000223226 0.000193601
0.000223282 0.000193871

0.000223282 0.000193872
0.000223375 0.000194326

0.000223375 0.000194326
0.000223524 0.000195051

0.000223524 0.000195051
0.000223671 0.000195776

0.000223671 0.000195776
0.000223817 0.000196501

0.000223817 0.000196501
0.000223963 0.000197227

0.000223963 0.000197227
0.000224007 0.000197448

0.000224007 0.000197449
0.000224107 0.000197952

0.000224107 0.000197952
0.00022425 0.000198677

0.00022425 0.000198677
0.000224392 0.000199402

0.000224392 0.000199402
0.000224533 0.000200127

0.000224533 0.000200127
0.000224673 0.000200852

0.000224673 0.000200852
0.000224732 0.00020116

0.000224732 0.00020116
0.000224812 0.000201577

0.000224812 0.000201577
0.000224949 0.000202302

0.000224949 0.000202302
0.000225085 0.000203027

0.000225085 0.000203027
0.00022522 0.000203752

0.00022522 0.000203752
0.000225353 0.000204478

0.000225353 0.000204478
0.000225457 0.000205046

0.000225457 0.000205046
0.000225485 0.000205203

0.000225486 0.000205203
0.000225616 0.000205928

0.000225616 0.000205928
0.000225746 0.000206653

0.000225746 0.000206653
0.000225873 0.000207378

0.000225873 0.000207378
0.000225999 0.000208103

0.000225999 0.000208103
0.000226124 0.000208828

0.000232865 0.000185625
0.000232983 0.00018635

0.000232983 0.00018635
0.0002331 0.000187075

0.0002331 0.000187075
0.000233216 0.0001878

0.000233216 0.0001878
0.000233331 0.000188525

0.000233331 0.000188525
0.000233433 0.000189178

0.000233433 0.000189178
0.000233444 0.00018925

0.000233445 0.00018925
0.000233556 0.000189976

0.000233556 0.000189976
0.000233666 0.000190701

0.000233666 0.000190701
0.000233775 0.000191426

0.000233775 0.000191426
0.000233882 0.000192151

0.000233882 0.000192151
0.000233988 0.000192876

0.000233988 0.000192876
0.000234092 0.000193601

0.000234093 0.000193601
0.000234158 0.000194063

0.000234158 0.000194064
0.000234196 0.000194326

0.000234195 0.000194326
0.000234297 0.000195051

0.000234297 0.000195051
0.000234396 0.000195776

0.000234396 0.000195776
0.000234494 0.000196501

0.000234494 0.000196501
0.00023459 0.000197227

0.00023459 0.000197227
0.000234685 0.000197952

0.000234685 0.000197952
0.000234778 0.000198677

0.000234778 0.000198677
0.000234869 0.000199402

0.00023487 0.000199402
0.000234883 0.000199512

0.000234883 0.000199513
0.000234959 0.000200127

0.000234959 0.000200127
0.000235047 0.000200852

0.000235047 0.00.000185011 0
0.000185011 7.25098e-07

0.000185012 7.25098e-07
0.000185013 1.4502e-06

0.000185013 1.4502e-06
0.000185016 2.17529e-06

0.000185016 2.17529e-06
0.00018502 2.90039e-06

0.00018502 2.90039e-06
0.000185026 3.62549e-06

0.000185026 3.62549e-06
0.000185033 4.35059e-06

0.000185033 4.35059e-06
0.000185041 5.07568e-06

0.000185041 5.07568e-06
0.000185051 5.80078e-06

0.000185051 5.80078e-06
0.000185062 6.52588e-06

0.000185062 6.52588e-06
0.000185075 7.25098e-06

0.000185075 7.25098e-06
0.000185088 7.97607e-06

0.000185088 7.97607e-06
0.000185104 8.70117e-06

0.000185104 8.70117e-06
0.000185121 9.42627e-06

0.000185121 9.42627e-06
0.000185139 1.01514e-05

0.000185138 1.01514e-05
0.000185157 1.08765e-05

0.000185156 1.08765e-05
0.000185176 1.16016e-05

0.000185176 1.16016e-05
0.000185198 1.23267e-05

0.000185198 1.23267e-05
0.000185221 1.30518e-05

0.000185221 1.30518e-05
0.000185245 1.37769e-05

0.000185245 1.37769e-05
0.000185271 1.4502e-05

0.000185271 1.4502e-05
0.000185299 1.52271e-05

0.000185299 1.52271e-05
0.000185328 1.59521e-05

0.000185328 1.59521e-05
0.000185359 1.66772e-05

0.000185359 1.66772e-05
0.000185391 1.74023e-05

0.000185391 1.74023e-05
0.000185426 1.81274e-05

0.000185426 1.81274e-05
0.000185462 1.88525e-05

0.000185462 1.88525e-05
0.000185499 1.95776e-05

0.000185499 1.95776e-05
0.000185539 2.03027e-05

0.000185539 2.03027e-05
0.000185577 2.09655e-05

0.000185577 2.09655e-05
0.00018558 2.10278e-05

0.00018558 2.10278e-05
0.000185623 2.17529e-05

0.000185623 2.17529e-05
0.000185666 2.2478e-05

0.000185666 2.2478e-05
0.00018571 2.32031e-05

0.00018571 2.32031e-05
0.000185757 2.39282e-05

0.000185757 2.39282e-05
0.000185805 2.46533e-05

0.000185805 2.46533e-05
0.000185855 2.53784e-05

0.000185855 2.53784e-05
0.000185906 2.61035e-05

0.000185906 2.61035e-05
0.000185959 2.68286e-05

0.000185959 2.68286e-05
0.000186014 2.75537e-05

0.000186014 2.75537e-05
0.00018607 2.82788e-05

0.00018607 2.82788e-05
0.000186128 2.90039e-05

0.000186128 2.90039e-05
0.000186189 2.9729e-05

0.000186189 2.9729e-05
0.000186251 3.04541e-05

0.000186251 3.04541e-05
0.000186302 3.10202e-05

0.000186302 3.10203e-05
0.000186316 3.11792e-05

0.000186316 3.11792e-05
0.000186383 3.19043e-05

0.000186383 3.19043e-05
0.000186452 3.26294e-05

0.000186452 3.26294e-05
0.000186523 3.33545e-05

0.000186523 3.33545e-05
0.000186596 3.40796e-05

0.000186596 3.40796e-05
0.00018667 3.48047e-05

0.00018667 3.48047e-05
0.000186747 3.55298e-05

0.000186747 3.55298e-05
0.000186826 3.62549e-05

0.000186826 3.62549e-05
0.000186907 3.698e-05

0.000186907 3.698e-05
0.00018699 3.77051e-05

0.00018699 3.77051e-05
0.000187027 3.80207e-05

0.000187027 3.80209e-05
0.000187075 3.84302e-05

0.000187075 3.84302e-05
0.000187162 3.91553e-05

0.000187162 3.91553e-05
0.000187251 3.98804e-05

0.000187251 3.98804e-05
0.000187341 4.06055e-05

0.000187341 4.06055e-05
0.000187434 4.13306e-05

0.000187434 4.13306e-05
0.000187529 4.20557e-05

0.000187529 4.20557e-05
0.000187626 4.27808e-05

0.000187626 4.27808e-05
0.000187725 4.35059e-05

0.000187725 4.35059e-05
0.000187752 4.36999e-05

0.000187752 4.37001e-05
0.000187826 4.4231e-05

0.000187826 4.4231e-05
0.000187929 4.49561e-05

0.000187929 4.49561e-05
0.000188033 4.56812e-05

0.000188033 4.56812e-05
0.00018814 4.64062e-05

0.000198794 0
0.000198795 7.25098e-07

0.000198795 7.25098e-07
0.000198798 1.4502e-06

0.000198798 1.4502e-06
0.000198802 2.17529e-06

0.000198802 2.17529e-06
0.000198808 2.90039e-06

0.000198807 2.90039e-06
0.000198814 3.62549e-06

0.000198815 3.62549e-06
0.000198824 4.35059e-06

0.000198823 4.35059e-06
0.000198834 5.07568e-06

0.000198834 5.07568e-06
0.000198846 5.80078e-06

0.000198846 5.80078e-06
0.00019886 6.52588e-06

0.00019886 6.52588e-06
0.000198875 7.25098e-06

0.000198875 7.25098e-06
0.000198891 7.97607e-06

0.000198891 7.97607e-06
0.000198909 8.70117e-06

0.000198909 8.70117e-06
0.000198929 9.42627e-06

0.000198929 9.42627e-06
0.00019895 1.01514e-05

0.00019895 1.01514e-05
0.000198973 1.08765e-05

0.000198973 1.08765e-05
0.000198997 1.16016e-05

0.000198997 1.16016e-05
0.000199000200852
0.000235134 0.000201577

0.000235133 0.000201577
0.000235218 0.000202302

0.000235218 0.000202302
0.000235301 0.000203027

0.000235301 0.000203027
0.000235383 0.000203752

0.000235383 0.000203752
0.000235463 0.000204478

0.000235462 0.000204478
0.000235541 0.000205203

0.000235541 0.000205203
0.000235608 0.000205844

0.000235608 0.000205844
0.000235617 0.000205928

0.000235617 0.000205928
0.000235692 0.000206653

0.000235692 0.000206653
0.000235765 0.000207378

0.000235765 0.000207378
0.000235836 0.000208103

0.000235836 0.000208103
0.000235905 0.000208828

0.000226124 0.000208828
0.000226182 0.000209173

0.000226182 0.000209173
0.000226246 0.000209553

0.000226247 0.000209553
0.000226368 0.000210278

0.000226368 0.000210278
0.000226487 0.000211003

0.000226487 0.000211003
0.000226604 0.000211729

0.000226604 0.000211729
0.000226719 0.000212454

0.000226719 0.000212454
0.000226832 0.000213179

0.000226832 0.000213179
0.000226907 0.000213674

0.000226907 0.000213675
0.000226942 0.000213904

0.000226942 0.000213904
0.00022705 0.000214629

0.00022705 0.000214629
0.000227156 0.000215354

0.000227156 0.000215354
0.000227259 0.000216079

0.000227259 0.000216079
0.00022736 0.000216804

0.00022736 0.000216804
0.000227458 0.000217529

0.000227458 0.000217529
0.000227553 0.000218254

0.000227553 0.000218254
0.000227632 0.00021888

0.000227632 0.00021888
0.000227645 0.000218979

0.000227645 0.000218979
0.000227734 0.000219705

0.000227734 0.000219705
0.00022782 0.00022043

0.00022782 0.00022043
0.000227903 0.000221155

0.000227903 0.000221155
0.000227982 0.00022188

0.000227982 0.00022188
0.000228058 0.000222605

0.000228058 0.000222605
0.000228131 0.00022333

0.000228131 0.00022333
0.0002282 0.000224055

0.0002282 0.000224055
0.000228265 0.00022478

0.000228265 0.00022478
0.000228326 0.000225505

0.000228326 0.000225505
0.000228357 0.000225905

0.000228357 0.000225905
0.000228383 0.00022623

0.000228383 0.00022623
0.000228436 0.000226956

0.000228436 0.000226956
0.000228484 0.000227681

0.000228484 0.000227681
0.000228528 0.000228406

0.000228528 0.000228406
0.000228568 0.000229131

0.000228568 0.000229131
0.000228602 0.000229856

0.000228602 0.000229856
0.000228631 0.000230581

0.000228631 0.000230581
0.000228655 0.000231306

0.000228655 0.000231306
0.000228673 0.000232031

0.000235905 0.000208828
0.000235972 0.000209553

0.000235972 0.000209553
0.000236037 0.000210278

0.000236037 0.000210278
0.000236101 0.000211003

0.000236101 0.000211003
0.000236162 0.000211729

0.000236162 0.000211729
0.000236221 0.000212454

0.000236221 0.000212454
0.000236279 0.000213179

0.000236279 0.000213179
0.000236333 0.000213898

0.000236333 0.000213899
0.000236334 0.000213904

0.000236334 0.000213904
0.000236387 0.000214629

0.000236387 0.000214629
0.000236438 0.000215354

0.000236438 0.000215354
0.000236487 0.000216079

0.000236487 0.000216079
0.000236533 0.000216804

0.000236533 0.000216804
0.000236577 0.000217529

0.000236577 0.000217529
0.000236617 0.000218254

0.000236617 0.000218254
0.000236655 0.000218979

0.000236655 0.000218979
0.00023669 0.000219705

0.00023669 0.000219705
0.000236722 0.00022043

0.000236722 0.00022043
0.000236752 0.000221155

0.000236752 0.000221155
0.000236779 0.00022188

0.000236779 0.00022188
0.000236803 0.000222605

0.000236803 0.000222605
0.000236824 0.00022333

0.000236824 0.00022333
0.000236842 0.000224055

0.000236842 0.000224055
0.000236858 0.00022478

0.000236858 0.00022478
0.00023687 0.000225505

0.00023687 0.000225505
0.000236879 0.00022623

0.000236879 0.00022623
0.000236885 0.000226956

0.000236885 0.000226956
0.000236889 0.000227681

0.000236889 0.000227681
0.000236889 0.000228406

0.000236889 0.000228406
0.000236885 0.000229131

0.000236885 0.000229131
0.000236879 0.000229856

0.000236879 0.000229856
0.000236869 0.000230581

0.000236869 0.000230581
0.000236855 0.000231306

0.000236855 0.000231306
0.000236838 0.000232031

0.000228673 0.000232031
0.000228685 0.000232756

0.000228686 0.000232756
0.000228692 0.000233481

0.000228692 0.000233481
0.000228692 0.000234207

0.000228692 0.000234207
0.0002224 1.23267e-05

0.000199024 1.23267e-05
0.000199051 1.30518e-05

0.000199051 1.30518e-05
0.000199081 1.37769e-05

0.000199081 1.37769e-05
0.000199112 1.4502e-05

0.000199112 1.4502e-05
0.000199144 1.52271e-05

0.000199144 1.52271e-05
0.000199178 1.59521e-05

0.000199178 1.59521e-05
0.000199214 1.66772e-05

0.000199214 1.66772e-05
0.000199252 1.74023e-05

0.000199252 1.74023e-05
0.000199291 1.81274e-05

0.000199291 1.81274e-05
0.000199331 1.88525e-05

0.000199331 1.88525e-05
0.000199354 1.92378e-05

0.000199354 1.9238e-05
0.000199373 1.95776e-05

0.000199373 1.95776e-05
0.000199417 2.03027e-05

0.000199417 2.03027e-05
0.000199462 2.10278e-05

0.000199462 2.10278e-05
0.000199509 2.17529e-05

0.000199509 2.17529e-05
0.000199558 2.2478e-05

0.000199558 2.2478e-05
0.000199608 2.32031e-05

0.000199608 2.32031e-05
0.00019966 2.39282e-05

0.00019966 2.39282e-05
0.000199714 2.46533e-05

0.000199714 2.46533e-05
0.00019977 2.53784e-05

0.00019977 2.53784e-05
0.000199827 2.61035e-05

0.000199827 2.61035e-05
0.000199885 2.68286e-05

0.000199885 2.68286e-05
0.000199946 2.75537e-05

0.000199946 2.75537e-05
0.000200008 2.82788e-05

0.000200008 2.82788e-05
0.000200072 2.90039e-05

0.000200072 2.90039e-05
0.000200079 2.90814e-05

0.000200079 2.90817e-05
0.000200137 2.9729e-05

0.000200137 2.9729e-05
0.000200204 3.04541e-05

0.000200204 3.04541e-05
0.000200273 3.11792e-05

0.000200273 3.11792e-05
0.000200344 3.19043e-05

0.000200344 3.19043e-05
0.000200416 3.26294e-05

0.000200416 3.26294e-05
0.00020049 3.33545e-05

0.00020049 3.33545e-05
0.000200565 3.40796e-05

0.000200565 3.40796e-05
0.000200642 3.48047e-05

0.000200642 3.48047e-05
0.000200721 3.55298e-05

0.000200721 3.55298e-05
0.000200801 3.62549e-05

0.000200802 3.62549e-05
0.000200804 3.62744e-05

0.000200804 3.62747e-05
0.000200884 3.698e-05

0.000200884 3.698e-05
0.000200967 3.77051e-05

0.000200967 3.77051e-05
0.000201052 3.84302e-05

0.000201052 3.84302e-05
0.000201139 3.91553e-05

0.000201139 3.91553e-05
0.000201228 3.98804e-05

0.000201228 3.98804e-05
0.000201318 4.06055e-05

0.000201318 4.06055e-05
0.00020141 4.13306e-05

0.00020141 4.13306e-05
0.000201503 4.20557e-05

0.000201504 4.20557e-05
0.000201529 4.22478e-05

0.000201529 4.2248e-05
0.000201599 4.27808e-05

0.000201599 4.27808e-05
0.000201695 4.35059e-05

0.000201695 4.35059e-05
0.000201794 4.4231e-05

0.000201794 4.4231e-05
0.000201894 4.49561e-05

0.000201894 4.49561e-05
0.000201995 4.56812e-05

0.000201995 4.56812e-05
0.000202099 4.64062e-05

0.00018814 4.64062e-05
0.000188249 4.71313e-05

0.000188249 4.71313e-05
0.000188359 4.78564e-05

0.000188359 4.78564e-05
0.000188471 4.85815e-05

0.000188472 4.85815e-05
0.000188477 4.86167e-05

0.000188477 4.8617e-05
0.000188586 4.93066e-05

0.000188586 4.93066e-05
0.000188702 5.00317e-05

0.000188702 5.00317e-05
0.00018882 5.07568e-05

0.00018882 5.07568e-05
0.000188939 5.14819e-05

0.000188939 5.14819e-05
0.000189061 5.2207e-05

0.000189061 5.2207e-05
0.000189184 5.29321e-05

0.000189184 5.29321e-05
0.000189202 5.30369e-05

0.000189202 5.30372e-05
0.000189309 5.36572e-05

0.000189309 5.36572e-05
0.000189436 5.43823e-05

0.000189436 5.43823e-05
0.000189564 5.51074e-05

0.000189564 5.51074e-05
0.000189694 5.58325e-05

0.000189694 5.58325e-05
0.000189826 5.65576e-05

0.000189826 5.65576e-05
0.000189927 5.71101e-05

0.000189927 5.71103e-05
0.000189959 5.72827e-05

0.000189959 5.72827e-05
0.000190094 5.80078e-05

0.000190094 5.80078e-05
0.00019023 5.87329e-05

0.00019023 5.87329e-05
0.000190368 5.9458e-05

0.000190368 5.9458e-05
0.000190508 6.01831e-05

0.000190508 6.01831e-05
0.000190649 6.09082e-05

0.000190649 6.09082e-05
0.000190652 6.09256e-05

0.000190652 6.0926e-05
0.000190791 6.16333e-05

0.000190792 6.16333e-05
0.000190936 6.23584e-05

0.000190936 6.23584e-05
0.000191081 6.30835e-05

0.000191081 6.30835e-05
0.000191228 6.38086e-05

0.000191228 6.38086e-05
0.000191376 6.45337e-05

0.000191376 6.45337e-05
0.000191377 6.45403e-05

0.000191377 6.45407e-05
0.000191526 6.52588e-05

0.000191526 6.52588e-05
0.000191677 6.59839e-05

0.000191677 6.59839e-05
0.000191829 6.6709e-058686 0.000234932

0.000228686 0.000234932
0.000228673 0.000235657

0.000228673 0.000235657
0.000228653 0.000236382

0.000228653 0.000236382
0.000228626 0.000237107

0.000228626 0.000237107
0.000228592 0.000237832

0.000228357 0.000240918
0.000228302 0.000241458

0.000228302 0.000241458
0.000228218 0.000242183

0.000228218 0.000242183
0.000228126 0.000242908

0.000228126 0.000242908
0.000228024 0.000243633

0.000228592 0.000237832
0.00022855 0.000238557

0.00022855 0.000238557
0.0002285 0.000239282

0.0002285 0.000239282
0.000228443 0.000240007

0.000228443 0.000240007
0.000228377 0.000240732

0.000228357 0.000240918
0.000228377 0.000240732

0.000225457 0.000253786
0.000225184 0.000254509

0.000225184 0.000254509
0.000224899 0.000255234

0.000228024 0.000243633
0.000227913 0.000244358

0.000227913 0.000244358
0.000227791 0.000245083

0.000227632 0.000245953
0.000227519 0.000246533

0.000227792 0.000245083
0.000227661 0.000245808

0.000227632 0.000245953
0.000227661 0.000245808

0.000226907 0.000249175
0.000226841 0.000249434

0.000227519 0.000246533
0.000227366 0.000247258

0.000227366 0.000247258
0.000227202 0.000247983

0.000227202 0.000247983
0.000227027 0.000248708

0.000226907 0.000249175
0.000227028 0.000248708

0.00022684 0.000249434
0.000226641 0.000250159

0.000226641 0.000250159
0.000226429 0.000250884

0.000226182 0.00025168
0.000225969 0.000252334

0.000226429 0.000250884
0.000226205 0.000251609

0.000226182 0.00025168
0.000226205 0.000251609

0.000225968 0.000252334
0.000225719 0.000253059

0.000225719 0.000253059
0.000225458 0.000253784

0.000225457 0.000253786
0.000225458 0.000253784

0.000236838 0.000232031
0.000236817 0.000232756

0.000236817 0.000232756
0.000236793 0.000233481

0.000236793 0.000233481
0.000236765 0.000234207

0.000236765 0.000234207
0.000236733 0.000234932

0.000236733 0.000234932
0.000236698 0.000235657

0.000236698 0.000235657
0.000236658 0.000236382

0.000236658 0.000236382
0.000236615 0.000237107

0.000236615 0.000237107
0.000236568 0.000237832

0.000236568 0.000237832
0.000236518 0.000238557

0.000236518 0.000238557
0.000236464 0.000239282

0.000236464 0.000239282
0.000236406 0.000240007

0.000236406 0.000240007
0.000236344 0.000240732

0.000236333 0.000240851
0.000236279 0.000241458

0.000236279 0.000241458
0.00023621 0.000242183

0.000236333 0.00024085
0.000236344 0.000240732

0.00023621 0.000242183
0.000236138 0.000242908

0.000236138 0.000242908
0.000236063 0.000243633

0.000236063 0.000243633
0.000235984 0.000244358

0.000235984 0.000244358
0.000235903 0.000245083

0.000235903 0.000245083
0.000235818 0.000245808

0.000235818 0.000245808
0.000235731 0.000246533

0.000235608 0.000247511
0.000235548 0.000247983

0.000235548 0.000247983
0.000235453 0.000248708

0.000235453 0.000248708
0.000235357 0.000249434

0.000235731 0.000246533
0.000235641 0.000247258

0.000235608 0.000247511
0.000235641 0.000247258

0.000235356 0.000249434
0.000235258 0.000250159

0.000235258 0.000250159
0.000235157 0.000250884

0.000235157 0.000250884
0.000235056 0.000251609

0.000235056 0.000251609
0.000234953 0.000252334

0.000234883 0.000252824
0.00023485 0.000253059

0.00023485 0.000253059
0.000234746 0.000253784

0.000234883 0.000252823
0.000234953 0.000252334

0.000234746 0.000253784
0.000234643 0.000254509

0.000234643 0.000254509
0.000234541 0.000255234

0.000222557 0.000260489
0.000222295 0.000261035

0.000224007 0.000257355
0.000223983 0.00025741

0.000223982 0.00025741
0.000223658 0.000258135

0.000224732 0.000255647
0.000224605 0.000255959

0.000224604 0.000255959
0.000224297 0.000256685

0.000224732 0.000255646
0.0002249 0.000255234

0.000224007 0.000257353
0.000224298 0.000256685

0.000223282 0.000258953
0.000222987 0.000259585

0.000223657 0.000258135
0.000223325 0.00025886

0.000223282 0.000258953
0.000223325 0.00025886

0.000222986 0.000259585
0.000222642 0.00026031

0.000222557 0.000260488
0.000222642 0.00026031

0.000221106 0.000263486
0.000220889 0.000263936

0.000221832 0.000261991
0.000221592 0.000262485

0.000222293 0.000261035
0.000221943 0.00026176

0.000221832 0.00026199
0.000221943

0.000191829 6.6709e-05
0.000191983 6.74341e-05

0.000191983 6.74341e-05
0.000192103 6.79919e-05

0.000192103 6.79921e-05
0.000192138 6.81592e-05

0.000192138 6.81592e-05
0.000192295 6.88843e-05

0.000192295 6.88843e-05
0.000192453 6.96094e-05

0.000192453 6.96094e-05
0.000192612 7.03345e-05

0.000192612 7.03345e-05
0.000192772 7.10596e-05

0.000192772 7.10596e-05
0.000192828 7.13068e-05

0.000192828 7.13071e-05
0.000192934 7.17847e-05

0.000192934 7.17847e-05
0.000193098 7.25098e-05

0.000193098 7.25098e-05
0.000193262 7.32349e-05

0.000193262 7.32349e-05
0.000193427 7.396e-05

0.000193427 7.396e-05
0.000193553 7.4504e-05

0.000193553 7.45042e-05
0.000193594 7.46851e-05

0.000193594 7.46851e-05
0.000193763 7.54102e-05

0.000193763 7.54102e-05
0.000193932 7.61353e-05

0.000193932 7.61353e-05
0.000194103 7.68604e-05

0.000194103 7.68604e-05
0.000194275 7.75854e-05

0.000194275 7.75854e-05
0.000194278 7.75984e-05

0.000194278 7.75989e-05
0.000194448 7.83105e-05

0.000194448 7.83105e-05
0.000194622 7.90356e-05

0.000194622 7.90356e-05
0.000194798 7.97607e-05

0.000194798 7.97607e-05
0.000194974 8.04858e-05

0.000194974 8.04858e-05
0.000195003 8.06027e-05

0.000195003 8.06031e-05
0.000195152 8.12109e-05

0.000195152 8.12109e-05
0.000195331 8.1936e-05

0.000195331 8.1936e-05
0.000195511 8.26611e-05

0.000195511 8.26611e-05
0.000195692 8.33862e-05

0.000195692 8.33862e-05
0.000195728 8.35287e-05

0.000195728 8.35291e-05
0.000195874 8.41113e-05

0.000195875 8.41113e-05
0.000196058 8.48364e-05

0.000196058 8.48364e-05
0.000196242 8.55615e-05

0.000196242 8.55615e-05
0.000196428 8.62866e-05

0.000196428 8.62866e-05
0.000196453 8.63861e-05

0.000202099 4.64062e-05
0.000202204 4.71313e-05

0.000202204 4.71313e-05
0.000202254 4.74729e-05

0.000202254 4.74731e-05
0.00020231 4.78564e-05

0.00020231 4.78564e-05
0.000202418 4.85815e-05

0.000202418 4.85815e-05
0.000202528 4.93066e-05

0.000202528 4.93066e-05
0.00020264 5.00317e-05

0.00020264 5.00317e-05
0.000202753 5.07568e-05

0.000202753 5.07568e-05
0.000202867 5.14819e-05

0.000202867 5.14819e-05
0.000202979 5.21775e-05

0.000202979 5.21776e-05
0.000202984 5.2207e-05

0.000202984 5.2207e-05
0.000203102 5.29321e-05

0.000203102 5.29321e-05
0.000203221 5.36572e-05

0.000203221 5.36572e-05
0.000203342 5.43823e-05

0.000203342 5.43823e-05
0.000203464 5.51074e-05

0.000203464 5.51074e-05
0.000203588 5.58325e-05

0.000203588 5.58325e-05
0.000203704 5.65014e-05

0.000203704 5.65015e-05
0.000203714 5.65576e-05

0.000203714 5.65576e-05
0.00020384 5.72827e-05

0.00020384 5.72827e-05
0.000203968 5.80078e-05

0.000203968 5.80078e-05
0.000204097 5.87329e-05

0.000204097 5.87329e-05
0.000204227 5.9458e-05

0.000204227 5.9458e-05
0.000204359 6.01831e-05

0.000204359 6.01831e-05
0.000204429 6.05643e-05

0.000204429 6.05645e-05
0.000204492 6.09082e-05

0.000204492 6.09082e-05
0.000204626 6.16333e-05

0.000204626 6.16333e-05
0.000204761 6.23584e-05

0.000204761 6.23584e-05
0.000204896 6.30835e-05

0.000204896 6.30835e-05
0.000205033 6.38086e-05

0.000205034 6.38086e-05
0.000205154 6.44429e-05

0.000205154 6.4443e-05
0.000205172 6.45337e-05

0.000205172 6.45337e-05
0.00020531 6.52588e-05

0.00020531 6.52588e-05
0.00020545 6.59839e-05

0.00020545 6.59839e-05
0.00020559 6.6709e-05

0.00020559 6.6709e-05
0.000205732 6.74341e-05

0.000205732 6.74341e-05
0.000205876 6.81592e-05

0.000205876 6.81592e-05
0.000205879 6.81769e-05

0.000205879 6.81772e-05
0.00020602 6.88843e-05

0.00020602 6.88843e-05
0.000206165 6.96094e-05

0.000206165 6.96094e-05
0.000206312 7.03345e-05

0.000206312 7.03345e-05
0.00020646 7.10596e-05

0.00020646 7.10596e-05
0.000206604 7.17626e-05

0.000206604 7.17627e-05
0.000206609 7.17847e-05

0.000206609 7.17847e-05
0.000206759 7.25098e-05

0.000206759 7.25098e-05
0.00020691 7.32349e-05

0.00020691 7.32349e-05
0.000207063 7.396e-05

0.000207062 7.396e-05
0.000207216 7.46851e-05

0.000207217 7.46851e-05
0.00020733 7.52135e-05

0.00020733 7.52137e-05
0.000207372 7.54102e-05

0.000207372 7.54102e-05
0.000207527 7.61353e-05

0.000207527 7.61353e-05
0.000207684 7.68604e-05

0.000207684 7.686 0.00026176

0.00022159 0.000262485
0.000221238 0.00026321

0.000221106 0.000263483
0.000221238 0.00026321

0.000220381 0.000265
0.000220199 0.000265386

0.000220887 0.000263936
0.00022054 0.000264661

0.000220381 0.000264996
0.00022054 0.000264661

0.000220196 0.000265386
0.000219859 0.000266111

0.000219656 0.000266556
0.000219859 0.000266111

0.000234158 0.000258056
0.000234148 0.000258135

0.000234148 0.000258135
0.000234057 0.00025886

0.000234057 0.00025886
0.00023397 0.000259585

0.00023397 0.000259585
0.000233888 0.00026031

0.000233888 0.00026031
0.000233811 0.000261035

0.000234541 0.000255234
0.00023444 0.000255959

0.000234439 0.000255959
0.00023434 0.000256685

0.00023434 0.000256685
0.000234242 0.00025741

0.000234158 0.000258055
0.000234242 0.00025741

0.000233811 0.000261035
0.000233741 0.00026176

0.000233741 0.00026176
0.000233679 0.000262485

0.000233679 0.000262485
0.000233625 0.00026321

0.000233625 0.00026321
0.000233582 0.000263936

0.000233581 0.000263936
0.000233549 0.000264661

0.000233549 0.000264661
0.00023353 0.000265386

0.00023353 0.000265386
0.000233526 0.000266111

0.000233526 0.000266111
0.00023354 0.000266836

0.000233539 0.000266836
0.000233574 0.000267561

0.000233573 0.000267561
0.00023363 0.000268286

0.000233629 0.000268286
0.000233713 0.000269011

0.000233712 0.000269011
0.000233827 0.000269736

0.000233825 0.000269736
0.000233975 0.000270461

0.000233974 0.000270461
0.000234158 0.00027117

0.000234158 0.000271168
0.000234163 0.000271187

0.000234161 0.000271187
0.000234394 0.000271912

0.000234393 0.000271912
0.000234676 0.000272637

0.000234675 0.000272637
0.000234883 0.000273085

0.000234883 0.000273078
0.000235015 0.000273362

0.000235011 0.000273362
0.000235406 0.000274087

0.000235403 0.000274087
0.000235608 0.000274414

0.000235608 0.000274405
0.000235864 0.000274812

0.000235864 0.000274812
0.000236333 0.000275481

0.000236333 0.000275481
0.000236374 0.000275537

0.000236372 0.000275537
0.00023693 0.000276262

0.000236933 0.000276262
0.000237059 0.000276417

0.000237059 0.000276411
0.000237537 0.000276987

0.000237543 0.000276987
0.000237784 0.000277268

0.000237784 0.000277263
0.000238171 0.000277712

0.000238178 0.000277712
0.000238509 0.00027809

0.000238509 0.000278089
0.000238814 0.000278437

0.000215729 0.000278437
0.000215605 0.000279163

0.000215605 0.000279163
0.000215496 0.000279888

0.000215496 0.000279888
0.000215402 0.000280613

0.000215402 0.000280613
0.000215322 0.000281338

0.000215306 0.000281516
0.000215255 0.000282063

0.000215255 0.000282063
0.000215203 0.000282788

0.000215203 0.000282788
0.000215165 0.000283513

0.000215165 0.000283513
0.000215141 0.000284238

0.000215306 0.000281517
0.000215322 0.000281338

0.000215141 0.000284238
0.000215132 0.000284963

0.000215132 0.000284963
0.000215136 0.000285688

0.000215136 0.000285688
0.000215154 0.000286414

0.000215154 0.000286414
0.000215186 0.000287139

0.000215186 0.000287139
0.00021523 0.000287864

0.00021523 0.000287864
0.000215288 0.000288589

0.000215288 0.000288589
0.000215306 0.00028877

0.000215306 0.00028877
0.000215359 0.000289314

0.00021536 0.000289314
0.000215445 0.000290039

0.000215445 0.000290039
0.000215544 0.000290764

0.000215544 0.000290764
0.000215654 0.000291489

0.000215655 0.000291489
0.000215777 0.000292214

0.000215777 0.000292214
0.000215911 0.000292939

0.000215909 0.000292939
0.000216031 0.000293534

0.000216031 0.000293535
0.000216057 0.000293665

0.000216058 0.000293665
0.000216221 0.00029439

0.000216222 0.00029439
0.000216394 0.000295115

0.000216393 0.000295115
0.000216574 0.00029584

0.000216572 0.00029584
0.000216756 0.000296528

0.000216756 0.000296529
0.000216765 0.000296565

0.000216767 0.000296565
0.000216975 0.00029729

0.000216976 0.00029729
0.000217192 0.000298015

0.00021719 0.000298015
0.000217414 0.00029874

0.000217412 0.00029874
0.000217481 0.000298949

0.000217481 0.000298948
0.000217653 0.000299465

0.000217657 0.000299465
0.000217911 0.00030019

0.000217906 0.00030019
0.000218174 0.000300916

0.000218172 0.000300916
0.000218206 0.000300999

0.000218206 0.000300997
0.000218467 0.000301641

0.000218465 0.000301641
0.000218788 0.000302366

0.00021878 0.000302366
0.000218931 0.000302665

0.000218931 0.000302659
0.000219149 0.000303091

0.000219142 0.000303091
0.000219572 0.000303816

0.000219572 0.000303816
0.000219656 0.000303945

0.000238824 0.000278437
0.000239234 0.000278908

0.000239234 0.00027891
0.000239454 0.000279163

0.000239461 0.000279163
0.000239959 0.000279746

0.000239959 0.000279748
0.000240076 0.000279888

0.000240082 0.000279888
0.000240671 0.000280613

0.000240672 0.000280613
0.000240684 0.000280629

0.000240684 0.000280629
0.000241224 0.000281338

0.000241232 0.000281338
0.000241409 0.000281588

0.000241409 0.000281602
0.000241736 0.000282063

0.000241745 0.000282063
0.000242134 0.000282666

0.000242134 0.000282666
0.000242211 0.000282788

0.000242209 0.000282788
0.000242629 0.000283513

0.000242635 0.000283513
0.000242859 0.000283952

0.000236333 0.000301422
0.000236058 0.000301641

0.000237059 0.000300832
0.000236956 0.000300916

0.000236333 0.000301424
0.00023696 0.000300916

0.000242859 0.000294308
0.00024282 0.00029439

0.000242134 0.000295555
0.000241952 0.00029584

0.000242826 0.00029439
0.000242419 0.000295115

0.000242134 0.000295563
0.000242422 0.000295115

0.000239959 0.000298243
0.000239457 0.00029874

0.000238509 0.00029961
0.000237837 0.00030019

0.000237059 0.000300837
0.000237784 0.000300234

0.000237784 0.000300236
0.000237837 0.00030019

0.000239234 0.000298952
0.00023867 0.000299465

0.000238509 0.000299611
0.000238673 0.000299465

0.000239234 0.000298954
0.000239459 0.00029874

0.000241409 0.00029659
0.000240839 0.00029729

0.000240684 0.000297461
0.000240183 0.000298015

0.000239959 0.000298248
0.000240183 0.000298015

0.000240684 0.000297467
0.000240838 0.00029729

0.000241956 0.00029584
0.000241429 0.000296565

0.000241409 0.000296591
0.000241429 0.000296565

0.000219656 0.00030394
0.00022008 0.000304541

0.000220078 0.000304541
0.000220381 0.000304917

0.000220381 0.000304912
0.000220693 0.000305266

0.000220692 0.000305266
0.000221106 0.000305668

0.000221106 0.000305681
0.000221498 0.000305991

0.000221502 0.000305991
0.000221832 0.000306235

0.000221832 0.000306238
0.000222557 0.000306667

0.000222557 0.000306671
0.000222662 0.000306716

0.000222681 0.000306716
0.000223282 0.000306976

0.000223282 0.000306973
0.000224007 0.000307183

0.000224007 0.000307181
0.000224732 0.000307303

0.000224732 0.000307301
0.000225457 0.000307341

0.000225457 0.000307339
0.000226182 0.000307304

0.000226182 0.000307302
0.000226907 0.000307198

0.000226907 0.000307197
0.000227632 0.000307028

0.000227632 0.000307028
0.000228357 0.000306796

0.000229083 0.0003065
0.000228548 0.000306716

0.000228357 0.000306795
0.000228553 0.000306716

0.000229083 0.000306501
0.000229808 0.00030615

0.000230533 0.000305742
0.000230085 0.000305991

0.000230533 0.000305743
0.000231258 0.00030529

0.000229808 0.00030615
0.000230093 0.000305991

0.000232708 0.000304265
0.000232326 0.000304541

0.000233433 0.000303712
0.000233295 0.000303816

0.000232708 0.000304266
0.000233303 0.000303816

0.000233433 0.000303715
0.000234158 0.000303152

0.000231983 0.000304794
0.000231289 0.000305266

0.000231258 0.000305289
0.000231292 0.000305266

0.000231983 0.000304793
0.000232334 0.000304541

0.000234883 0.000302579
0.000234234 0.000303091

0.000235608 0.000302003
0.00023515 0.000302366

0.000234883 0.000302578
0.000235155 0.000302366

0.000234158 0.000303151
0.000234236 0.000303091

0.000235608 0.000302003
0.000236063 0.000301641

0.000242859 0.000283959
0.000243002 0.000284238

0.000243001 0.000284238
0.00024332 0.000284963

0.000243322 0.000284963
0.000243584 0.000285671

0.000243584 0.000285671
0.000243591 0.000285688

0.000243591 0.000285688
0.000243808 0.000286414

0.000243808 0.000286414
0.000243973 0.000287139

0.000243973 0.000287139
0.000244087 0.000287864

0.000244088 0.000287864
0.000244152 0.000288589

0.000244152 0.000288589
0.000244165 0.000289314

0.000244165 0.000289314
0.000244128 0.000290039

0.000244128 0.000290039
0.000244039 0.000290764

0.000244039 0.0002904e-05
0.000207842 7.75854e-05

0.000207842 7.75854e-05
0.000208002 7.83105e-05

0.000208002 7.83105e-05
0.000208055 7.85462e-05

0.000196453 8.63865e-05
0.000196614 8.70117e-05

0.000196614 8.70117e-05
0.000196802 8.77368e-05

0.000196802 8.77368e-05
0.00019699 8.84619e-05

0.00019699 8.84619e-05
0.000197178 8.91843e-05

0.000197178 8.91845e-05
0.000197179 8.9187e-05

0.000197179 8.9187e-05
0.000197369 8.99121e-05

0.000197369 8.99121e-05
0.000197561 9.06372e-05

0.000197561 9.06372e-05
0.000197752 9.13623e-05

0.000197752 9.13623e-05
0.000197903 9.19303e-05

0.000197903 9.19305e-05
0.000197945 9.20874e-05

0.000197945 9.20874e-05
0.000198139 9.28125e-05

0.000208055 7.85465e-05
0.000208163 7.90356e-05

0.000208163 7.90356e-05
0.000208324 7.97607e-05

0.000208324 7.97607e-05
0.000208487 8.04858e-05

0.000208487 8.04858e-05
0.000208651 8.12109e-05

0.000208651 8.12109e-05
0.00020878 8.17734e-05

0.00020878 8.17736e-05
0.000208817 8.1936e-05

0.000208817 8.1936e-05
0.000208983 8.26611e-05

0.000208983 8.26611e-05
0.00020915 8.33862e-05

0.00020915 8.33862e-05
0.000209318 8.41113e-05

0.000209318 8.41113e-05
0.000209488 8.48364e-05

0.000209488 8.48364e-05
0.000209505 8.49067e-05

0.000209505 8.49072e-05
0.000209659 8.55615e-05

0.000209659 8.55615e-05
0.00020983 8.62866e-05

0.000209829 8.62866e-05
0.000210002 8.70117e-05

0.000210002 8.70117e-05
0.000210175 8.77368e-05

0.000210176 8.77368e-05
0.00021023 8.79621e-05

0.00021023 8.79625e-05
0.00021035 8.84619e-05

0.00021035 8.84619e-05
0.000210525 8.9187e-05

0.000210525 8.9187e-05
0.0002107 8.99121e-05

0.0002107 8.99121e-05
0.000210878 9.06372e-05

0.000210878 9.06372e-05
0.000210955 9.09507e-05

0.000210955 9.09511e-05
0.000211056 9.13623e-05

0.000211056 9.13623e-05
0.000211234 9.20874e-05

0.000211234 9.20874e-05
0.000211413 9.28125e-05

0.000198139 9.28125e-05
0.000198334 9.35376e-05

0.000198333 9.35376e-05
0.000198529 9.42627e-05

0.000198528 9.42627e-05
0.000198628 9.46324e-05

0.000198628 9.46327e-05
0.000198724 9.49878e-05

0.000198725 9.49878e-05
0.000198921 9.57129e-05

0.000198921 9.57129e-05
0.000199119 9.6438e-05

0.000199119 9.6438e-05
0.000199317 9.71631e-05

0.000199317 9.71631e-05
0.000199354 9.72972e-05

0.000199354 9.72976e-05
0.000199515 9.78882e-05

0.000199516 9.78882e-05
0.000199715 9.86133e-05

0.000199715 9.86133e-05
0.000199915 9.93384e-05

0.000199915 9.93384e-05
0.000200079 9.99311e-05

0.000200079 9.99313e-05
0.000200115 0.000100063

0.000200115 0.000100063
0.000200316 0.000100789

0.000200317 0.000100789
0.000200518 0.000101514

0.000200518 0.000101514
0.00020072 0.000102239

0.00020072 0.000102239
0.000200804 0.00010254

0.000200804 0.00010254
0.000200922 0.000102964

0.000200922 0.000102964
0.000201125 0.000103689

0.000201125 0.000103689
0.000201328 0.000104414

0.000201328 0.000104414
0.000201529 0.00010513

0.000201529 0.00010513
0.000201531 0.000105139

0.000201531 0.000105139
0.000201735 0.000105864

0.000201735 0.000105864
0.000201939 0.000106589

0.000201939 0.000106589
0.000202143 0.000107314

0.000202143 0.000107314
0.000202254 0.000107707

0.000202254 0.000107707
0.000202348 0.00010804

0.000202348 0.00010804
0.000202552 0.000108765

0.000202552 0.000108765
0.000202757 0.00010949

0.000202757 0.00010949
0.000202961 0.000110215

0.000202961 0.000110215
0.000202979 0.000110278

0.000202979 0.000110279
0.000203166 0.00011094

0.000203166 0.00011094
0.00020337 0.000111665

0.00020337 0.000111665
0.000203574 0.00011239

0.000203574 0.00011239
0.000203704 0.000112851

0.000203704 0.000112851
0.000203778 0.000113115

0.000203779 0.000113115
0.000203983 0.00011384

0.000203983 0.00011384
0.000204187 0.000114565

0.000204187 0.000114565
0.00020439 0.000115291

0.00020439 0.000115291
0.000204429 0.00011543

0.000204429 0.000115431
0.000204593 0.000116016

0.000211413 9.28125e-05
0.000211594 9.35376e-05

0.000211594 9.35376e-05
0.00021168 9.38802e-05

0.00021168 9.38805e-05
0.000211776 9.42627e-05

0.000211776 9.42627e-05
0.000211957 9.49878e-05

0.000211957 9.49878e-05
0.00021214 9.57129e-05

0.000212139 9.57129e-05
0.000212324 9.6438e-0764
0.0002439 0.000291489

0.000243584 0.00029259
0.000243468 0.000292939

0.0002439 0.000291489
0.000243711 0.000292214

0.000243584 0.000292597
0.000243712 0.000292214

0.00024347 0.000292939
0.000243175 0.000293665

0.000242859 0.000294321
0.000243176 0.000293665

05

0.000212324 9.6438e-05
0.000212405 9.67558e-05

0.000212405 9.67562e-05
0.000212509 9.71631e-05

0.000212509 9.71631e-05
0.000212694 9.78882e-05

0.000212693 9.78882e-05
0.000212879 9.86133e-05

0.000212879 9.86133e-05
0.000213066 9.93384e-05

0.000213067 9.93384e-05
0.00021313 9.95841e-05

0.00021313 9.95845e-05
0.000213254 0.000100063

0.000213254 0.000100063
0.000213442 0.000100789

0.000213442 0.000100789
0.000213631 0.000101514

0.000213631 0.000101514
0.000213821 0.000102239

0.000213821 0.000102239
0.000213855 0.000102369

0.000213855 0.00010237
0.000214011 0.000102964

0.000214011 0.000102964
0.000214202 0.000103689

0.000214201 0.000103689
0.000214393 0.000104414

0.000214393 0.000104414
0.000214581 0.00010512

0.000214581 0.00010512
0.000214586 0.000105139

0.000214586 0.000105139
0.000214778 0.000105864

0.000214778 0.000105864
0.000214971 0.000106589

0.00021497 0.000106589
0.000215164 0.000107314

0.000215165 0.000107314
0.000215306 0.00010784

0.000215306 0.00010784
0.000215359 0.00010804

0.000215359 0.00010804
0.000215553 0.000108765

0.000215552 0.000108765
0.000215746 0.00010949

0.000215746 0.00010949
0.00021594 0.000110215

0.000215941 0.000110215
0.000216031 0.000110549

0.000216031 0.000110549
0.000216136 0.00011094

0.000216135 0.00011094
0.000216329 0.000111665

0.000216328 0.000111665
0.000216522 0.00011239

0.000216522 0.00011239
0.000216716 0.000113115

0.000216717 0.000113115
0.000216756 0.00011326

0.000216756 0.00011326
0.000216911 0.00011384

0.000216911 0.00011384
0.000217103 0.000114565

0.000217103 0.000114565
0.000217296 0.000115291

0.000217297 0.000115291
0.000217481 0.00011598

0.000217481 0.00011598
0.00021749 0.000116016

0.000204593 0.000116016
0.000204796 0.000116741

0.000204796 0.000116741
0.000204999 0.000117466

0.000204999 0.000117466
0.000205154 0.000118024

0.000205154 0.000118024
0.000205201 0.000118191

0.000205201 0.000118191
0.000205403 0.000118916

0.000205403 0.000118916
0.000205604 0.000119641

0.000205604 0.000119641
0.000205805 0.000120366

0.000205805 0.000120366
0.000205879 0.000120635

0.000205879 0.000120636
0.000206005 0.000121091

0.000206006 0.000121091
0.000206206 0.000121816

0.000206206 0.000121816
0.000206405 0.000122542

0.000206405 0.000122542
0.000206603 0.000123267

0.000206604 0.000123267
0.000206604 0.00012327

0.000206604 0.000123271
0.000206802 0.000123992

0.000206802 0.000123992
0.000206999 0.000124717

0.000206999 0.000124717
0.000207196 0.000125442

0.000207196 0.000125442
0.00020733 0.000125935

0.00020733 0.000125935
0.000207392 0.000126167

0.000207393 0.000126167
0.000207588 0.000126892

0.000207588 0.000126892
0.000207783 0.000127617

0.000207783 0.000127617
0.000207977 0.000128342

0.000207977 0.000128342
0.000208055 0.000128632

0.000217491 0.000116016
0.000217683 0.000116741

0.000217683 0.000116741
0.000217875 0.000117466

0.000217875 0.000117466
0.000218067 0.000118191

0.000218068 0.000118191
0.000218206 0.00011871

0.000218206 0.00011871
0.000218261 0.000118916

0.000218261 0.000118916
0.000218452 0.000119641

0.000218452 0.000119641
0.000218642 0.000120366

0.000218642 0.000120366
0.000218833 0.000121091

0.000218834 0.000121091
0.000218931 0.000121459

0.000218931 0.00012146
0.000219025 0.000121816

0.000219025 0.000121816
0.000219214 0.000122542

0.000219214 0.000122542
0.000219403 0.000123267

0.000219403 0.000123267
0.000219593 0.000123992

0.000219593 0.000123992
0.000219656 0.000124233

0.000208055 0.000128633
0.000208171 0.000129067

0.000208171 0.000129067
0.000208364 0.000129792

0.000208364 0.000129792
0.000208556 0.000130518

0.000208556 0.000130518
0.000208747 0.000131243

0.000208747 0.000131243
0.00020878 0.000131366

0.00020878 0.000131367
0.000208938 0.000131968

0.000208938 0.000131968
0.000209128 0.000132693

0.000209128 0.000132693
0.000209317 0.000133418

0.000209317 0.000133418
0.000209505 0.000134142

0.000209505 0.000134143
0.000209693 0.000134868

0.000209693 0.000134868
0.00020988 0.000135593

0.00020988 0.000135593
0.000210066 0.000136318

0.000210066 0.000136318
0.00021023 0.00013696

0.00021023 0.000136961
0.000210251 0.000137043

0.000210251 0.000137043
0.000210436 0.000137769

0.000210436 0.000137769
0.00021062 0.000138494

0.00021062 0.000138494
0.000210803 0.000139219

0.000210803 0.000139219
0.000210955 0.000139825

0.000210955 0.000139825
0.000210985 0.000139944

0.000210985 0.000139944
0.000211167 0.000140669

0.000211167 0.000140669
0.000211348 0.000141394

0.000211348 0.000141394
0.000211528 0.000142119

0.000211528 0.000142119
0.00021168 0.000142736

0.00021168 0.000142736
0.000211707 0.000142844

0.000211707 0.000142844
0.000211886 0.000143569

0.000211886 0.000143569
0.000212064 0.000144294

0.000212064 0.000144294
0.000212241 0.00014502

0.000212241 0.00014502
0.000212405 0.000145693

0.000212405 0.000145693
0.000212418 0.000145745

0.000212418 0.000145745
0.000212594 0.00014647

0.000212594 0.00014647
0.00021277 0.000147195

0.00021277 0.000147195
0.000212944 0.00014792

0.000212944 0.00014792
0.000213119 0.000148645

0.000213119 0.000148645
0.00021313 0.000148694

0.00021313 0.000148695
0.000213292 0.00014937

0.000213292 0.00014937
0.000213466 0.000150095

0.000213466 0.000150095
0.000213638 0.00015082

0.000213638 0.00015082
0.00021381 0.000151545

0.00021381 0.000151545
0.000213855 0.000151737

0.000213855 0.000151738
0.000213982 0.000152271

0.000213982 0.000152271
0.000214153 0.000152996

0.000214153 0.000152996
0.000214324 0.000153721

0.000214324 0.000153721
0.000214494 0.000154446

0.000214494 0.000154446
0.000214581 0.000154816

0.000214581 0.000154817
0.000214663 0.000155171

0.000214664 0.000155171
0.000214833 0.000155896

0.000214833 0.000155896
0.000215002 0.000156621

0.000215002 0.000156621
0.000215171 0.000157346

0.000215171 0.000157346
0.000215306 0.000157928

0.000215306 0.000157929
0.000215339 0.000158071

0.000215339 0.000158071
0.000215507 0.000158796

0.000215507 0.000158796
0.000215675 0.000159521

0.000215674 0.000159521
0.000215842 0.000160247

0.000215842 0.000160247
0.000216008 0.000160972

0.000216009 0.000160972
0.000216031 0.000161068

0.000216031 0.000161069
0.000216175 0.000161697

0.000216175 0.000161697
0.000216342 0.000162422

0.000216342 0.000162422
0.000216508 0.000163147

0.000216508 0.000163147
0.000216673 0.000163872

0.000216673 0.000163872
0.000216756 0.000164233

0.000216756 0.000164233
0.000216839 0.000164597

0.000216839 0.000164597
0.000217005 0.000165322

0.000217005 0.000165322
0.00021717 0.000166047

0.00021717 0.000166047
0.000217334 0.000166772

0.000217334 0.000166772
0.000217481 0.000167418

0.000217481 0.000167418
0.000217499 0.000167498

0.000217499 0.000167498
0.000217663 0.000168223

0.000217664 0.000168223
0.000217828 0.000168948

0.000217828 0.000168948
0.000217992 0.000169673

0.000217992 0.000169673
0.000218155 0.000170398

0.000218155 0.000170398
0.000218206 0.000170622

0.000218206 0.000170623
0.000218319 0.000171123

0.000218319 0.000171123
0.000218483 0.000171848

0.000218483 0.000171848
0.000218646 0.000172573

0.000218646 0.000172573
0.000218809 0.000173298

0.000218809 0.000173298
0.000218931 0.000173845

0.000218931 0.000173845
0.000218971 0.000174023

0.000218971 0.000174023
0.000219134 0.000174749

0.000219134 0.000174749
0.000219296 0.000175474

0.000219296 0.000175474
0.000219458 0.000176199

0.000219458 0.000176199
0.00021962 0.000176924

0.00021962 0.000176924
0.000219656 0.000177087

0.000219656 0.000124233
0.000219782 0.000124717

0.000219782 0.000124717
0.000219969 0.000125442

0.000219969 0.000125442
0.000220156 0.000126167

0.000220156 0.000126167
0.000220344 0.000126892

0.000220344 0.000126892
0.000220381 0.000127036

0.000220381 0.000127037
0.000220531 0.000127617

0.00022053 0.000127617
0.000220715 0.000128342

0.000220715 0.000128342
0.0002209 0.000129067

0.0002209 0.000129067
0.000221085 0.000129792

0.000221085 0.000129792
0.000221106 0.000129875

0.000221106 0.000129876
0.000221269 0.000130518

0.000221269 0.000130518
0.000221451 0.000131243

0.000221451 0.000131243
0.000221633 0.000131968

0.000221633 0.000131968
0.000221815 0.000132693

0.000221816 0.000132693
0.000221832 0.000132757

0.000221832 0.000132757
0.000221996 0.000133418

0.000221996 0.000133418
0.000222175 0.000134143

0.000222175 0.000134143
0.000222354 0.000134868

0.000222354 0.000134868
0.000222533 0.000135593

0.000222533 0.000135593
0.000222557 0.000135688

0.000222557 0.000135688
0.000222711 0.000136318

0.000222711 0.000136318
0.000222887 0.000137043

0.000222886 0.000137043
0.000223062 0.000137769

0.000223062 0.000137769
0.000223237 0.000138494

0.000223238 0.000138494
0.000223282 0.000138676

0.000223282 0.000138676
0.000223412 0.000139219

0.000223412 0.000139219
0.000223584 0.000139944

0.000223584 0.000139944
0.000223756 0.000140669

0.000223756 0.000140669
0.000223928 0.000141394

0.000223929 0.000141394
0.000224007 0.000141725

0.000224007 0.000141725
0.0002241 0.000142119

0.0002241 0.000142119
0.000224269 0.000142844

0.000224269 0.000142844
0.000224437 0.000143569

0.000224437 0.000143569
0.000224605 0.000144294

0.000224606 0.000144294
0.000224732 0.000144839

0.000224732 0.00014484
0.000224774 0.00014502

0.000224774 0.00014502
0.00022494 0.000145745

0.000224939 0.000145745
0.000225104 0.00014647

0.000225104 0.00014647
0.000225269 0.000147195

0.000225269 0.000147195
0.000225434 0.00014792

0.000225434 0.00014792
0.000225457 0.000148022

0.000225457 0.000148022
0.000225597 0.000148645

0.000225597 0.000148645
0.000225759 0.00014937

0.000225759 0.00014937
0.000225919 0.000150095

0.000225919 0.000150095
0.00022608 0.00015082

0.000226081 0.00015082
0.000226182 0.000151277

0.000226182 0.000151277
0.000226241 0.000151545

0.000226241 0.000151545
0.0002264 0.000152271

0.0002264 0.000152271
0.000226558 0.000152996

0.000226557 0.000152996
0.000226715 0.000153721

0.000226715 0.000153721
0.000226872 0.000154446

0.000226873 0.000154446
0.000226907 0.000154606

0.000226907 0.000154606
0.000227029 0.000155171

0.000227029 0.000155171
0.000227183 0.000155896

0.000227183 0.000155896
0.000227337 0.000156621

0.000227337 0.000156621
0.000227491 0.000157346

0.000227491 0.000157346
0.000227632 0.000158013

0.000227632 0.000158013
0.000227645 0.000158071

0.000227645 0.000158071
0.000227797 0.000158796

0.000227797 0.000158796
0.000227948 0.000159521

0.000227947 0.000159521
0.000228098 0.000160247

0.000228097 0.000160247
0.000228248 0.000160972

0.000228248 0.000160972
0.000228357 0.0001615

0.000228357 0.0001615
0.000228398 0.000161697

0.000228398 0.000161697
0.000228546 0.000162422

0.000228546 0.000162422
0.000228693 0.000163147

0.000228693 0.000163147
0.000228839 0.000163872

0.000228839 0.000163872
0.000228986 0.000164597

0.000228987 0.000164597
0.000229083 0.000165074

0.000229083 0.000165074
0.000229132 0.000165322

0.000229132 0.000165322
0.000229277 0.000166047

0.000229277 0.000166047
0.00022942 0.000166772

0.00022942 0.000166772
0.000229563 0.000167498

0.000229562 0.000167498
0.000229705 0.000168223

0.000229706 0.000168223
0.000229808 0.000168742

0.000229808 0.000168742
0.000229848 0.000168948

0.000229848 0.000168948
0.000229988 0.000169673

0.000229988 0.000169673
0.000230128 0.000170398

0.000230128 0.000170398
0.000230267 0.000171123

0.000230267 0.000171123
0.000230405 0.000171848

0.000230406 0.000171848
0.000230533 0.000172513

0.000230533 0.000172514
0.000230544 0.000172573

0.000230544 0.000172573
0.000230681 0.000173298

0.000230681 0.000173298
0.000230817 0.000174023

0.000219656 0.000177087
0.000219781 0.000177649

0.000219781 0.000177649
0.000219943 0.000178374

0.000219943 0.000178374
0.000220104 0.000179099

0.000220104 0.000179099
0.000220264 0.000179824

0.000220264 0.000179824
0.000220381 0.000180354

0.000220381 0.000180355
0.000220424 0.000180549

0.000220424 0.000180549
0.000220584 0.000181274

0.000220585 0.000181274
0.000220744 0.000182

0.000220744 0.000182
0.000220903 0.000182725

0.000220903 0.000182725
0.000221062 0.00018345

0.000221062 0.00018345
0.000221106 0.000183653

0.000221106 0.000183654
0.00022122 0.000184175

0.00022122 0.000184175
0.000221378 0.0001849

0.000221378 0.0001849
0.000221536 0.000185625

0.000230817 0.000174023
0.000230952 0.000174749

0.000230951 0.000174749
0.000231086 0.000175474

0.000231086 0.000175474
0.00023122 0.000176199

0.00023122 0.000176199
0.000231258 0.000176402

0.000231258 0.000176403
0.000231353 0.000176924

0.000231353 0.000176924
0.000231484 0.000177649

0.000231484 0.000177649
0.000231615 0.000178374

0.000231615 0.000178374
0.000231744 0.000179099

0.000231744 0.000179099
0.000231873 0.000179824

0.000231874 0.000179824
0.000231983 0.000180442

0.000231983 0.000180442
0.000232002 0.000180549

0.000232002 0.000180549
0.000232129 0.000181274

0.000232129 0.000181274
0.000232254 0.000182

0.000232254 0.000182
0.000232378 0.000182725

0.000232378 0.000182725
0.000232501 0.00018345

0.000232501 0.00018345
0.000232624 0.000184175

0.000232624 0.000184175
0.000232708 0.000184676

0.000232708 0.000184676
0.000232746 0.0001849

0.000232745 0.0001849
0.000232865 0.000185625

