0.000128475 0.000185625
0.000128633 0.00018635

0.000128633 0.00018635
0.000128792 0.000187075

0.000128791 0.000187075
0.000128952 0.0001878

0.000128951 0.0001878
0.000129019 0.000188098

0.000129019 0.000188098
0.000129116 0.000188525

0.000129118 0.000188525
0.000129285 0.00018925

0.000129285 0.00018925
0.000129453 0.000189976

0.000129453 0.000189976
0.000129623 0.000190701

0.000129622 0.000190701
0.000129744 0.000191212

0.000129744 0.000191213
0.000129795 0.000191426

0.000129797 0.000191426
0.000129974 0.000192151

0.000129974 0.000192151
0.000130152 0.000192876

0.000130152 0.000192876
0.000130331 0.000193601

0.00013033 0.000193601
0.000130469 0.000194152

0.000130469 0.000194153
0.000130513 0.000194326

0.000130515 0.000194326
0.000130702 0.000195051

0.000130703 0.000195051
0.000130891 0.000195776

0.000130891 0.000195776
0.00013108 0.000196501

0.000131079 0.000196501
0.000131194 0.000196931

0.000131194 0.000196931
0.000131274 0.000197227

0.000131276 0.000197227
0.000131475 0.000197952

0.000131475 0.000197952
0.000131674 0.000198677

0.000131673 0.000198677
0.000131875 0.000199402

0.000131874 0.000199402
0.000131919 0.000199559

0.000131919 0.000199559
0.000132083 0.000200127

0.000132085 0.000200127
0.000132297 0.000200852

0.000132295 0.000200852
0.000132507 0.000201577

0.000132505 0.000201577
0.000132645 0.000202041

0.000132645 0.000202041
0.000132723 0.000202302

0.000132726 0.000202302
0.000132949 0.000203027

0.000132948 0.000203027
0.000133172 0.000203752

0.00013317 0.000203752
0.00013337 0.000204383

0.00013337 0.000204383
0.0001334 0.000204478

0.000133402 0.000204478
0.000133637 0.000205203

0.000133638 0.000205203
0.000133875 0.000205928

0.000133872 0.000205928
0.000134095 0.000206591

0.000134095 0.000206592
0.000134115 0.000206653

0.000134117 0.000206653
0.000134367 0.000207378

0.000134367 0.000207378
0.000134619 0.000208103

0.000134616 0.000208103
0.00013482 0.000208673

0.00013482 0.000208673
0.000134875 0.000208828

0.000143959 0.000185625
0.000144112 0.00018635

0.000144112 0.00018635
0.000144246 0.000186952

0.000144246 0.000186952
0.000144274 0.000187075

0.000144273 0.000187075
0.000144442 0.0001878

0.000144442 0.0001878
0.00014462 0.000188525

0.00014462 0.000188525
0.000144808 0.00018925

0.000144808 0.00018925
0.000144971 0.000189848

0.000144971 0.000189848
0.000145006 0.000189976

0.000145006 0.000189976
0.000145214 0.000190701

0.000145214 0.000190701
0.000145433 0.000191426

0.000145433 0.000191426
0.000145665 0.000192151

0.000145665 0.000192151
0.000145696 0.000192245

0.000145696 0.000192243
0.00014591 0.000192876

0.000145909 0.000192876
0.000146168 0.000193601

0.000146168 0.000193601
0.000146421 0.000194275

0.000146421 0.000194275
0.000146441 0.000194326

0.00014644 0.000194326
0.000146729 0.000195051

0.000146729 0.000195051
0.000147035 0.000195776

0.000147034 0.000195776
0.000147146 0.000196028

0.000147146 0.000196026
0.00014736 0.000196501

0.000147359 0.000196501
0.000147704 0.000197227

0.000147702 0.000197227
0.000147872 0.000197561

0.000147872 0.000197558
0.000148071 0.000197952

0.00014807 0.000197952
0.00014846 0.000198677

0.000148458 0.000198677
0.000148597 0.000198919

0.000148597 0.000198915
0.000148877 0.000199402

0.000148876 0.000199402
0.000149322 0.000200127

0.000149322 0.000200129
0.000149798 0.000200852

0.000149796 0.000200852
0.000150047 0.000201208

0.000134879 0.000208828
0.000135144 0.000209553

0.000135143 0.000209553
0.00013541 0.000210278

0.000135408 0.000210278
0.000135545 0.000210635

0.000135545 0.000210634
0.000135687 0.000211003

0.000135691 0.000211003
0.000135975 0.000211729

0.00013597 0.000211729
0.000136259 0.000212454

0.00013626 0.000212454
0.00013627 0.000212479

0.00013627 0.000212475
0.000136559 0.000213179

0.000136559 0.000213179
0.000136862 0.000213904

0.000136859 0.000213904
0.000136995 0.000214218

0.000136995 0.000214218
0.000137173 0.000214629

0.000137177 0.000214629
0.000137497 0.000215354

0.000137492 0.000215354
0.00013772 0.000215857

0.00013772 0.000215857
0.000137821 0.000216079

0.000137827 0.000210.000106945 0
0.000106946 1.4502e-06

0.000106946 1.4502e-06
0.000106947 2.17529e-06

0.000106948 2.17529e-06
0.000106951 2.90039e-06

0.000106951 2.90039e-06
0.000106955 3.62549e-06

0.000106954 3.62549e-06
0.00010696 4.35059e-06

0.00010696 4.35059e-06
0.000106966 5.07568e-06

0.000106966 5.07568e-06
0.000106973 5.80078e-06

0.000106973 5.80078e-06
0.000106981 6.52588e-06

0.00010698 6.52588e-06
0.000106989 7.25098e-06

0.000106989 7.25098e-06
0.000106998 7.97607e-06

0.000106998 7.97607e-06
0.000107009 8.70117e-06

0.000107009 8.70117e-06
0.00010702 9.42627e-06

0.00010702 9.42627e-06
0.000107032 1.01514e-05

0.000107032 1.01514e-05
0.000107045 1.08765e-05

0.000107045 1.08765e-05
0.000107058 1.16016e-05

0.000107058 1.16016e-05
0.000107071 1.23267e-05

0.000107071 1.23267e-05
0.000107084 1.30518e-05

0.000107084 1.30518e-05
0.000107099 1.37769e-05

0.000107099 1.37769e-05
0.000107115 1.4502e-05

0.000107116 1.4502e-05
0.000107134 1.52271e-05

0.000107134 1.52271e-05
0.000107153 1.59521e-05

0.000107153 1.59521e-05
0.000107171 1.66772e-05

0.000107171 1.66772e-05
0.00010719 1.74023e-05

0.000107191 1.74023e-05
0.000107212 1.81274e-05

0.000107212 1.81274e-05
0.000107234 1.88525e-05

0.000107234 1.88525e-05
0.000107257 1.95776e-05

0.000107257 1.95776e-05
0.000107266 1.98723e-05

0.000107266 1.98724e-05
0.00010728 2.03027e-05

0.00010728 2.03027e-05
0.000107304 2.10278e-05

0.000107304 2.10278e-05
0.000107329 2.17529e-05

0.000107329 2.17529e-05
0.000107355 2.2478e-05

0.000107355 2.2478e-05
0.000107382 2.32031e-05

0.000107382 2.32031e-05
0.000107411 2.39282e-05

0.000107411 2.39282e-05
0.00010744 2.46533e-05

0.000107441 2.46533e-05
0.000107472 2.53784e-05

0.000107472 2.53784e-05
0.000107504 2.61035e-05

0.000107504 2.61035e-05
0.000107538 2.68286e-05

0.000107538 2.68286e-05
0.000107573 2.75537e-05

0.000107573 2.75537e-05
0.000107609 2.82788e-05

0.000107609 2.82788e-05
0.000107646 2.90039e-05

0.000107646 2.90039e-05
0.000107685 2.9729e-05

0.000107685 2.9729e-05
0.000107726 3.04541e-05

0.000107726 3.04541e-05
0.000107768 3.11792e-05

0.000107768 3.11792e-05
0.000107812 3.19043e-05

0.000107812 3.19043e-05
0.000107858 3.26294e-05

0.000107858 3.26294e-05
0.000107904 3.33545e-05

0.000107904 3.33545e-05
0.000107953 3.40796e-05

0.000107953 3.40796e-05
0.000107991 3.46468e-05

0.000107991 3.46469e-05
0.000108002 3.48047e-05

0.000108002 3.48047e-05
0.000108053 3.55298e-05

0.000108053 3.55298e-05
0.000108105 3.62549e-05

0.000108105 3.62549e-05
0.000108158 3.698e-05

0.000108158 3.698e-05
0.000108212 3.77051e-05

0.000108212 3.77051e-05
0.000108268 3.84302e-05

0.000108268 3.84302e-05
0.000108324 3.91553e-05

0.000108324 3.91553e-05
0.000108382 3.98804e-05

0.000108382 3.98804e-05
0.000108441 4.06055e-05

0.000108441 4.06055e-05
0.000108502 4.13306e-05

0.000108502 4.13306e-05
0.000108563 4.20557e-05

0.000108563 4.20557e-05
0.000108625 4.27808e-05

0.000108625 4.27808e-05
0.000108689 4.35059e-05

0.000108689 4.35059e-05
0.000108716 4.38179e-05

0.000108716 4.38181e-05
0.000108753 4.4231e-05

0.000108753 4.4231e-05
0.000108819 4.49561e-05

0.000108819 4.49561e-05
0.000108885 4.56812e-05

0.000108885 4.56812e-05
0.000108953 4.64062e-05

0.000108953 4.64062e-05
0.000109021 4.71313e-05

0.000109021 4.71313e-05
0.000109091 4.78564e-05

0.000109091 4.78564e-05
0.000109161 4.85815e-05

0.000109161 4.85815e-05
0.000109233 4.93066e-05

0.000109233 4.93066e-05
0.000109305 5.00317e-05

0.000109305 5.00317e-05
0.000109378 5.07568e-05

0.000109378 5.07568e-05
0.000109441 5.1375e-05

0.000109441 5.13751e-05
0.000109452 5.14819e-05

0.000109452 5.14819e-05
0.000109527 5.2207e-05

0.000109527 5.2207e-05
0.000109603 5.29321e-05

0.000109603 5.29321e-05
0.00010968 5.36572e-05

0.00010968 5.36572e-05
0.000109758 5.43823e-05

0.000109758 5.43823e-05
0.000109836 5.51074e-05

0.000109836 5.51074e-05
0.000109915 5.58325e-05

0.000109915 5.58325e-05
0.000109995 5.65576e-05

0.000109995 5.65576e-05
0.000110076 5.72827e-05

0.000110075 5.72827e-05
0.000110157 5.80078e-05

0.000110157 5.80078e-05
0.000110167 5.80931e-05

0.000110167 5.80936079
0.000138165 0.000216804

0.000138158 0.000216804
0.000138445 0.000217403

0.000138445 0.000217403
0.000138506 0.000217529

0.000138512 0.000217529
0.000138869 0.000218254

0.000138862 0.000218254
0.00013917 0.000218864

0.00013917 0.000218864
0.000139229 0.000218979

0.000139236 0.000218979
0.000139613 0.000219705

0.000139604 0.000219705
0.000139896 0.000220249

0.000139896 0.000220248
0.000139993 0.00022043

0.00014 0.00022043
0.000140398 0.000221155

0.000140391 0.000221155
0.000140621 0.000221563

0.000140621 0.000221561
0.0001408 0.00022188

0.000140804 0.00022188
0.000141227 0.000222605

0.000141225 0.000222605
0.000141346 0.000222809

0.000141346 0.000222807
0.000141656 0.00022333

0.000141652 0.00022333
0.000142071 0.00022401

0.000142071 0.000224009
0.000142099 0.000224055

0.000142105 0.000224055
0.000142561 0.00022478

0.000142554 0.00022478
0.000142796 0.000225159

0.000142796 0.000225155
0.00014302 0.000225505

0.00014302 0.000225505
0.000143502 0.00022623

0.000143503 0.00022623
0.000143521 0.000226258

0.000143521 0.000226252
0.000143995 0.000226956

0.000143989 0.000226956
0.000144246 0.000227332

0.000144246 0.000227328
0.000144487 0.000227681

0.000144485 0.000227681
0.000144971 0.000228368

0.000144971 0.000228368
0.000144998 0.000228406

0.000145004 0.000228406
0.000145526 0.000229131

0.000145525 0.000229131
0.000145696 0.000229374

0.000145696 0.00022937
0.000146047 0.000229856

0.000146043 0.000229856
0.000146421 0.000230368

0.000146421 0.000230363
0.000146581 0.000230581

0.000146581 0.000230581
0.000147135 0.000231306

0.000147135 0.000231306
0.000147146 0.000231321

0.000147146 0.000231315
0.000147703 0.000232031

0.000150047 0.000201202
0.000150314 0.000201577

0.000150311 0.000201577
0.000150772 0.000202177

0.000150772 0.000202176
0.00015087 0.000202302

0.000150867 0.000202302
0.00015147 0.000203027

0.00015147 0.000203027
0.000151497 0.000203058

0.000151497 0.00020306
0.000152125 0.000203752

0.000152125 0.000203752
0.000152222 0.000203855

0.000152222 0.000203856
0.000152847 0.000204478

0.000152848 0.000204478
0.000152947 0.000204572

0.000152947 0.000204572
0.00015365 0.000205203

0.00015365 0.000205203
0.000153672 0.000205222

0.000153672 0.000205222
0.000154397 0.000205813

0.000154397 0.000205816
0.000154548 0.000205928

0.000154555 0.000205928
0.000155123 0.000206345

0.000155123 0.000206344
0.000155589 0.000206653

0.000155592 0.000206653
0.000155848 0.00020682

0.000155848 0.000206822
0.000156573 0.000207255

0.000156573 0.000207257
0.000156798 0.000207378

0.000156805 0.000207378
0.000157298 0.000207643

0.000157298 0.000207643
0.000158023 0.000207992

0.000158023 0.000207992
0.00015828 0.000208103

0.000158286 0.000208103
0.000158748 0.000208302

0.000158748 0.000208303
0.000159473 0.00020858

0.000159473 0.000208579
0.000160198 0.000208826

0.000160198 0.000208826
0.000160206 0.000208828

0.000160208 0.000208828
0.000160923 0.000209044

0.000160923 0.000209043
0.000161648 0.000209236

0.000161648 0.000209235
0.000162374 0.000209403

0.000162374 0.000209403
0.000163099 0.00020955

0.000163099 0.00020955
0.000163114 0.000209553

0.000163118 0.000209553
0.000163824 0.000209679

0.000163824 0.000209679
0.000164549 0.000209791

0.000164549 0.000209791
0.000165274 0.000209889

0.000165274 0.000209888
0.000165999 0.000209975

0.000165999 0.000209974
0.000166724 0.00021005

0.000166724 0.00021005
0.000167449 0.000210119

0.000167449 0.000210118
0.000168174 0.000210181

0.000168174 0.00021018
0.000168899 0.000210239

0.000168899 0.000210238
0.00016941 0.000210278

0.000169411 0.000210278
0.000169625 0.000210295

0.000169625 0.000210295
0.00017035 0.000210351

0.00017035 0.000210351
0.000171075 0.000210409

0.000171075 0.000210409
0.0001718 0.000210471

0.0001718 0.00021047
0.000172525 0.000210538

0.000172525 0.000210537
0.00017325 0.000210613

0.000147704 0.000232031
0.000147872 0.00023225

0.000147872 0.000232249
0.000148267 0.000232756

0.000148263 0.000232756
0.000148597 0.000233179

0.000148597 0.000233173
0.00014884 0.000233481

0.000148835 0.000233481
0.000149322 0.000234065e-05
0.000110239 5.87329e-05

0.000110239 5.87329e-05
0.000110322 5.9458e-05

0.000110322 5.9458e-05
0.000110405 6.01831e-05

0.000110405 6.01831e-05
0.000110489 6.09082e-05

0.00011049 6.09082e-05
0.000110574 6.16333e-05

0.000110574 6.16333e-05
0.00011066 6.23584e-05

0.00011066 6.23584e-05
0.000110746 6.30835e-05

0.000110746 6.30835e-05
0.000110832 6.38086e-05

0.000110832 6.38086e-05
0.000110892 6.43004e-05

0.000110892 6.43006e-05
0.00011092 6.45337e-05

0.00011092 6.45337e-05
0.000111008 6.52588e-05

0.000111008 6.52588e-05
0.000111096 6.59839e-05

0.000111096 6.59839e-05
0.000111185 6.6709e-05

0.000111185 6.6709e-05
0.000111275 6.74341e-05

0.000111275 6.74341e-05
0.000111365 6.81592e-05

0.000111365 6.81592e-05
0.000111455 6.88843e-05

0.000111455 6.88843e-05
0.000111546 6.96094e-05

0.000111546 6.96094e-05
0.000111617 7.01662e-05

0.000111617 7.01664e-05
0.000111638 7.03345e-05

0.000111638 7.03345e-05
0.00011173 7.10596e-05

0.00011173 7.10596e-05
0.000111823 7.17847e-05

0.000111823 7.17847e-05
0.000111916 7.25098e-05

0.000111916 7.25098e-05
0.00011201 7.32349e-05

0.000112009 7.32349e-05
0.000112103 7.396e-05

0.000112103 7.396e-05
0.000112198 7.46851e-05

0.000112198 7.46851e-05
0.000112293 7.54102e-05

0.000112293 7.54102e-05
0.000112342 7.57837e-05

0.000112342 7.57839e-05
0.000112388 7.61353e-05

0.000112388 7.61353e-05
0.000112484 7.68604e-05

0.000112484 7.68604e-05
0.00011258 7.75854e-05

0.00011258 7.75854e-05
0.000112677 7.83105e-05

0.000112677 7.83105e-05
0.000112774 7.90356e-05

0.000112774 7.90356e-05
0.000112871 7.97607e-05

0.000112871 7.97607e-05
0.000112969 8.04858e-05

0.000112969 8.04858e-05
0.000113067 8.12109e-05

0.000113067 8.12133e-05
0.000113165 8.1936e-05

0.000113165 8.1936e-05
0.000113264 8.26611e-05

0.000113264 8.26611e-05
0.000113364 8.33862e-05

0.000113364 8.33862e-05
0.000113463 8.41113e-05

0.000113463 8.41113e-05
0.000113563 8.48364e-05

0.000113563 8.48364e-05
0.000113663 8.55615e-05

0.000113663 8.55615e-05
0.000113764 8.62866e-05

0.000113764 8.62866e-05
0.000113792 8.64882e-05

0.000113792 8.64886e-05
0.000113865 8.70117e-05

0.000113865 8.70117e-05
0.000113967 8.77368e-05

0.000113967 8.77368e-05
0.000114068 8.84619e-05

0.000114068 8.84619e-05
0.00011417 8.9187e-05

0.00011417 8.9187e-05
0.000114273 8.99121e-05

0.000114273 8.99121e-05
0.000114375 9.06372e-05

0.000114375 9.06372e-05
0.000114478 9.13623e-05

0.000114478 9.13623e-05
0.000114517 9.16333e-05

0.000114517 9.16337e-05
0.000114582 9.20874e-05

0.000114582 9.20874e-05
0.000114686 9.28125e-05

0.000128318 0
0.000128319 7.25098e-07

0.000128319 7.25098e-07
0.000128321 1.4502e-06

0.000128321 1.4502e-06
0.000128324 2.17529e-06

0.000128324 2.17529e-06
0.000128327 2.90039e-06

0.000128327 2.90039e-06
0.000128331 3.62549e-06

0.000128331 3.62549e-06
0.000128336 4.35059e-06

0.000128336 4.35059e-06
0.000128342 5.07568e-06

0.000128342 5.07568e-06
0.000128349 5.80078e-06

0.000128349 5.80078e-06
0.000128357 6.52588e-06

0.000128356 6.52588e-06
0.000128365 7.25098e-06

0.000128365 7.25098e-06
0.000128375 7.97607e-06

0.000128375 7.97607e-06
0.000128385 8.70117e-06

0.000128385 8.70117e-06
0.000128396 9.42627e-06

0.000128396 9.42627e-06
0.000128409 1.01514e-05

0.000128409 1.01514e-05
0.000128422 1.08765e-05

0.000128422 1.08765e-05
0.000128436 1.16016e-05

0.000128436 1.16016e-05
0.000128451 1.23267e-05

0.000128451 1.23267e-05
0.000128467 1.30518e-05

0.000128467 1.30518e-05
0.000128483 1.37769e-05

0.000128483 1.37769e-05
0.000128501 1.4502e-05

0.000128501 1.4502e-05
0.000128519 1.52271e-05

0.000128519 1.52271e-05
0.000128539 1.59521e-05

0.000128539 1.59521e-05
0.000128559 1.66772e-05

0.000128559 1.66772e-05
0.00012858 1.74023e-05

0.00012858 1.74023e-05
0.000128602 1.81274e-05

0.000128602 1.81274e-05
0.000128624 1.88525e-05

0.000128624 1.88525e-05
0.000128648 1.95776e-05

0.000128648 1.95776e-05
0.000128672 2.03027e-05

0.000128672 2.03027e-05
0.000128697 2.10278e-05

0.000128697 2.10278e-05
0.000128724 2.17529e-05

0.000128724 2.17529e-05
0.00012875 2.2478e-05

0.00012875 2.2478e-05
0.000128778 2.32031

0.000149322 0.000234059
0.000149448 0.000234207

0.000149443 0.000234207
0.000150047 0.000234873

0.000150047 0.000234873
0.000150101 0.000234932

0.000150098 0.000234932
0.000150772 0.000235615

0.000150772 0.000235615
0.000150815 0.000235657

0.000150817 0.000235657
0.000151497 0.000236286

0.000151497 0.000236287
0.000151606 0.000236382

0.000151614 0.000236382
0.000152222 0.000236894

0.000152222 0.000236903
0.000152487 0.000237107

0.0001525 0.000237107
0.000152947 0.000237449

0.000152947 0.000237461
0.000153492 0.000237832

0.000153491 0.000237832
0.000153672 0.000237951

0.000153672 0.00023795
0.000154397 0.000238377

0.000154397 0.000238383
0.000154746 0.000238557

0.000154755 0.000238557
0.000155123 0.000238741

0.000155123 0.000238739
0.000155848 0.000239037

0.000155848 0.000239038
0.000156573 0.000239275

0.000156573 0.000239276
0.0001566 0.000239282

0.000156606 0.000239282
0.000157298 0.000239451

0.000157298 0.00023945
0.000158023 0.00023957

0.000158023 0.000239569
0.000158748 0.000239636

0.000158748 0.000239636
0.000159473 0.000239652

0.000159473 0.000239651
0.000160198 0.00023962

0.000160198 0.000239619
0.000160923 0.000239543

0.000160923 0.000239543
0.000161648 0.000239425

0.000166724 0.000237626
0.000166287 0.000237832

0.000166724 0.000237626
0.000167449 0.000237262

0.000162374 0.000239265
0.000162295 0.000239282

0.000162374 0.000239266
0.000163099 0.000239072

0.000161648 0.000239425
0.000162304 0.000239282

0.000163099 0.000239071
0.000163824 0.000238843

0.000163824 0.000238843
0.000164549 0.000238581

0.000165274 0.000238288
0.000164604 0.000238557

0.000164549 0.00023858
0.000164606 0.000238557

0.000165274 0.000238288
0.000165999 0.00023797

0.000165999 0.00023797
0.000166292 0.000237832

0.000168174 0.000236877
0.000167739 0.000237107

0.000167449 0.000237262
0.000167742 0.000237107

0.000168174 0.000236877
0.000168899 0.000236478

0.000169625 0.000236064
0.000169065 0.000236382

0.00017035 0.000235637
0.000170316 0.000235657

0.000169625 0.000236064
0.000170321 0.000235657

0.000168899 0.000236478
0.000169068 0.000236382

0.0001718 0.000234767
0.000171528 0.000234932

0.0001718 0.000234768
0.000172525 0.000234324

0.00017325 0.000233874
0.000172713 0.000234207

0.000172525 0.000234324
0.000172715 0.000234207

0.00017035 0.000235639
0.000171075 0.000235207

0.000171075 0.000235208
0.000171531 0.000234932

0.00017325 0.000210612
0.000173975 0.000210696

0.000173975 0.000210696
0.0001747 0.000210791

0.0001747 0.00021079
0.000175425 0.000210898

0.000175425 0.000210897
0.000176036 0.000211003

0.000176037 0.000211003
0.00017615 0.000211023

0.00017615 0.000211023
0.000176875 0.000211173

0.000176875 0.000211174
0.000177601 0.000211344

0.000177601 0.000211341
0.000178326 0.000211537

0.000178326 0.000211533
0.000178927 0.000211729

0.000178926 0.000211729
0.000179051 0.000211769

0.000179051 0.000211772
0.000179776 0.000212048

0.000179776 0.000212039
0.000180501 0.000212364

0.000180501 0.000212359
0.000180678 0.000212454

0.000180663 0.000212454
0.000181226 0.000212755

0.000181226 0.00021274
0.000181894 0.000213179

0.000181891 0.000213179
0.000181951 0.000213219

0.000181951 0.00021321
0.000182676 0.000213815

0.000182676 0.000213813
0.000182772 0.000213904

0.000182772 0.000213904
0.000183401 0.000214572

0.000183401 0.00021457
0.000183451 0.000214629

0.000183442 0.000214629
0.000183988 0.000215354

0.000183995 0.000215354
0.000184126 0.000215575

0.000184126 0.000215589
0.000184419 0.000216079

0.000184418 0.000216079
0.000184745 0.000216804

0.000184745 0.000216804
0.000184852 0.000217134

0.00017615 0.000232004
0.000176109 0.000232031

0.00017615 0.000232008
0.000176875 0.000231511

0.000177601 0.000230996
0.000177164 0.000231306

0.000176875 0.000231511
0.000177168 0.000231306

0.000178326 0.000230457
0.000178158 0.000230581

0.000178326 0.000230462
0.000179051 0.000229894

0.000177601 0.000230999
0.000178164 0.000230581

0.000184852 0.000222059
0.000184686 0.000222605

0.000184687 0.000222605
0.000184409 0.00022333

0.000183401 0.000225215
0.000183219 0.000225505

0.00018321e-05

0.000128778 2.32031e-05
0.000128807 2.39282e-05

0.000128807 2.39282e-05
0.000128836 2.46533e-05

0.000128836 2.46533e-05
0.000128866 2.53784e-05

0.000128866 2.53784e-05
0.000128897 2.61035e-05

0.000128897 2.61035e-05
0.000128929 2.68286e-05

0.000128929 2.68286e-05
0.000128961 2.75537e-05

0.000128961 2.75537e-05
0.000128994 2.82788e-05

0.000128994 2.82788e-05
0.000129019 2.88115e-05

0.000129019 2.88117e-05
0.000129028 2.90039e-05

0.000129028 2.90039e-05
0.000129063 2.9729e-05

0.000129063 2.9729e-05
0.000129098 3.04541e-05

0.000129098 3.04541e-05
0.000129134 3.11792e-05

0.000129134 3.11792e-05
0.000129171 3.19043e-05

0.000129171 3.19043e-05
0.000129208 3.26294e-05

0.000129208 3.26294e-05
0.000129246 3.33545e-05

0.000129246 3.33545e-05
0.000129285 3.40796e-05

0.000129285 3.40796e-05
0.000129324 3.48047e-05

0.000129324 3.48047e-05
0.000129364 3.55298e-05

0.000129364 3.55298e-05
0.000129405 3.62549e-05

0.000129405 3.62549e-05
0.000129446 3.698e-05

0.000129446 3.698e-05
0.000129487 3.77051e-05

0.000129488 3.77051e-05
0.00012953 3.84302e-05

0.00012953 3.84302e-05
0.000129573 3.91553e-05

0.000129573 3.91553e-05
0.000129616 3.98804e-05

0.000129616 3.98804e-05
0.00012966 4.06055e-05

0.00012966 4.06055e-05
0.000129705 4.13306e-05

0.000129705 4.13306e-05
0.000129744 4.19538e-05

0.000129744 4.1954e-05
0.00012975 4.20557e-05

0.000129751 4.20557e-05
0.000129796 4.27808e-05

0.000129796 4.27808e-05
0.000129843 4.35059e-05

0.000129843 4.35059e-05
0.00012989 4.4231e-05

0.00012989 4.4231e-05
0.000129937 4.49561e-05

0.000129937 4.49561e-05
0.000129985 4.56812e-05

0.000129985 4.56812e-05
0.000130034 4.64062e-05

0.000130034 4.64062e-05
0.000130083 4.71313e-05

0.000130083 4.71313e-05
0.000130132 4.78564e-05

0.000130132 4.78564e-05
0.000130183 4.85815e-05

0.000130183 4.85815e-05
0.000130233 4.93066e-05

0.000130233 4.93066e-05
0.000130285 5.00317e-05

0.000130285 5.00317e-05
0.000130337 5.07568e-05

0.000130337 5.07568e-05
0.000130389 5.14819e-05

0.000130389 5.14819e-05
0.000130442 5.2207e-05

0.000130443 5.2207e-05
0.000130469 5.25667e-05

0.000130469 5.25671e-05
0.000130496 5.29321e-05

0.000130496 5.29321e-05
0.000130551 5.36572e-05

0.000130551 5.36572e-05
0.000130606 5.43823e-05

0.000130606 5.43823e-05
0.000130661 5.51074e-05

0.000130661 5.51074e-05
0.000130717 5.58325e-05

0.000130717 5.58325e-05
0.000130774 5.65576e-05

0.000130774 5.65576e-05
0.000130831 5.72827e-05

0.000130831 5.72827e-05
0.00013089 5.80078e-05

0.00013089 5.80078e-05
0.000130948 5.87329e-05

0.000130948 5.87329e-05
0.000131008 5.9458e-05

0.000131008 5.9458e-05
0.000131068 6.01831e-05

0.000131068 6.01831e-05
0.000131129 6.09082e-05

0.000131129 6.09082e-05
0.00013119 6.16333e-05

0.00013119 6.16333e-05
0.000131194 6.16806e-05

0.000131194 6.1681e-05
0.000131253 6.23584e-05

0.000131252 6.23584e-05
0.000131315 6.30835e-05

0.000131315 6.30835e-05
0.000131379 6.38086e-05

0.000131379 6.38086e-05
0.000131443 6.45337e-05

0.000131443 6.45337e-05
0.000131509 6.52588e-05

0.000131509 6.52588e-05
0.000131575 6.59839e-05

0.000131575 6.59839e-05
0.000131641 6.6709e-05

0.000131641 6.6709e-05
0.000131709 6.74341e-05

0.000131709 6.74341e-05
0.000131777 6.81592e-05

0.000131777 6.81592e-05
0.000131847 6.88843e-05

0.000131847 6.88843e-05
0.000131917 6.96094e-05

0.000131917 6.96094e-05
0.000131919 6.96315e-05

0.000131919 6.96319e-05
0.000131988 7.03345e-05

0.000131988 7.03345e-05
0.00013206 7.10596e-05

0.00013206 7.10596e-05
0.000132133 7.17847e-05

0.000132133 7.17847e-05
0.000132207 7.25098e-05

0.000132207 7.25098e-05
0.000132281 7.32349e-05

0.000132281 7.32349e-05
0.000132357 7.396e-05

0.000132357 7.396e-05
0.000132433 7.46851e-05

0.000132433 7.46851e-05
0.000132511 7.54102e-05

0.000132511 7.54102e-05
0.000132589 7.61353e-05

0.000132589 7.61353e-05
0.000132645 7.66373e-05

0.000132645 7.66375e-05
0.000132669 7.68604e-05

0.000132669 7.68604e-05
0.000132749 7.75854e-05

0.000132749 7.75854e-05
0.000132831 7.83105e-05

0.00013283 7.83105e-05
0.000132913 7.90356e-05

0.000132913 7.90356e-05
0.000132996 7.97607e-05

0.0001323 0.000225505
0.000182705 0.00022623

0.000184126 0.000223929
0.000184068 0.000224055

0.000184072 0.000224055
0.000183677 0.00022478

0.000184126 0.00022394
0.00018441 0.00022333

0.000183401 0.000225223
0.000183679 0.00022478

0.000180501 0.000228643
0.000179957 0.000229131

0.000181951 0.000227147
0.000181474 0.000227681

0.000181226 0.000227934
0.00018075 0.000228406

0.000180501 0.000228645
0.000180754 0.000228406

0.000181226 0.000227939
0.000181474 0.000227681

0.000179776 0.000229291
0.000179099 0.000229856

0.000179051 0.000229895
0.000179099 0.000229856

0.000179776 0.000229292
0.000179961 0.000229131

0.000182676 0.000226266
0.000182122 0.000226956

0.000181951 0.000227153
0.000182121 0.000226956

0.000182676 0.000226267
0.000182704 0.00022623

0.000184852 0.000217143
0.000184977 0.000217529

0.000184975 0.000217529
0.000185128 0.000218254

0.000185126 0.000218254
0.000185208 0.000218979

0.000185207 0.000218979
0.000185223 0.000219705

0.000185222 0.000219705
0.000185176 0.00022043

0.000185176 0.00022043
0.00018507 0.000221155

0.00018507 0.000221155
0.000184906 0.00022188

0.000184852 0.000222062
0.000184907 0.00022188

0.000173975 0.000233418
0.000173872 0.000233481

0.000173975 0.00023342
0.0001747 0.000232958

0.00017325 0.000233875
0.000173876 0.000233481

0.000175425 0.000232487
0.00017501 0.000232756

0.0001747 0.000232959
0.000175012 0.000232756

0.000175425 0.000232489
0.000176114 0.000232031

2996 7.97607e-05
0.00013308 8.04858e-05

0.00013308 8.04858e-05
0.000133165 8.12109e-05

0.000133165 8.12109e-05
0.000133251 8.1936e-05

0.000133251 8.1936e-05
0.000133339 8.26611e-05

0.000133339 8.26611e-05
0.00013337 8.29119e-05

0.00013337 8.29122e-05
0.000133427 8.33862e-05

0.000133427 8.33862e-05
0.000133516 8.41113e-05

0.000133516 8.41113e-05
0.000133606 8.48364e-05

0.000133606 8.48364e-05
0.000133696 8.55615e-05

0.000133696 8.55615e-05
0.000133787 8.62866e-05

0.000133787 8.62866e-05
0.000133879 8.70117e-05

0.00013388 8.70117e-05
0.000133973 8.77368e-05

0.000133973 8.77368e-05
0.000134067 8.84619e-05

0.000134068 8.84619e-05
0.000134095 8.86682e-05

0.000134095 8.86685e-05
0.000134163 8.9187e-05

0.000134163 8.9187e-05
0.000134258 8.99121e-05

0.000134258 8.99121e-05
0.000134355 9.06372e-05

0.000134355 9.06372e-05
0.000134454 9.13623e-05

0.000134454 9.13623e-05
0.000134553 9.20874e-05

0.000134553 9.20874e-05
0.000134654 9.28125e-05

0.000114686 9.28125e-05
0.00011479 9.35376e-05

0.00011479 9.35376e-05
0.000114894 9.42627e-05

0.000114894 9.42627e-05
0.000114999 9.49878e-05

0.000114999 9.49878e-05
0.000115104 9.57129e-05

0.000115104 9.57129e-05
0.000115209 9.6438e-05

0.000115209 9.6438e-05
0.000115242 9.66691e-05

0.000115242 9.66695e-05
0.000115314 9.71631e-05

0.000115314 9.71631e-05
0.00011542 9.78882e-05

0.00011542 9.78882e-05
0.000115526 9.86133e-05

0.000115526 9.86133e-05
0.000115632 9.93384e-05

0.000115632 9.93384e-05
0.000115738 0.000100063

0.000115738 0.000100063
0.000115845 0.000100789

0.000115845 0.000100789
0.000115951 0.000101514

0.000115951 0.000101514
0.000115967 0.000101623

0.000115967 0.000101624
0.000116058 0.000102239

0.000116058 0.000102239
0.000116165 0.000102964

0.000116165 0.000102964
0.000116272 0.000103689

0.000116272 0.000103689
0.000116379 0.000104414

0.000116379 0.000104414
0.000116486 0.000105139

0.000116486 0.000105139
0.000116593 0.000105864

0.000116593 0.000105864
0.000116692 0.000106535

0.000116692 0.000106535
0.0001167 0.000106589

0.0001167 0.000106589
0.000116808 0.000107314

0.000116808 0.000107314
0.000116915 0.00010804

0.000116915 0.00010804
0.000117022 0.000108765

0.000117022 0.000108765
0.000117129 0.00010949

0.000117129 0.00010949
0.000117236 0.000110215

0.000117236 0.000110215
0.000117342 0.00011094

0.000117342 0.00011094
0.000117417 0.000111454

0.000117417 0.000111454
0.000117448 0.000111665

0.000117449 0.000111665
0.000117555 0.00011239

0.000117555 0.00011239
0.000117661 0.000113115

0.000117661 0.000113115
0.000117767 0.00011384

0.000117767 0.00011384
0.000117873 0.000114565

0.000117873 0.000114565
0.000117978 0.000115291

0.000117978 0.000115291
0.000118082 0.000116016

0.000118082 0.000116016
0.000118143 0.000116432

0.000118143 0.000116433
0.000118187 0.000116741

0.000118187 0.000116741
0.000118292 0.000117466

0.000118292 0.000117466
0.000118396 0.000118191

0.000118396 0.000118191
0.000118499 0.000118916

0.000118499 0.000118916
0.000118602 0.000119641

0.000118602 0.000119641
0.000118705 0.000120366

0.000118705 0.000120366
0.000118807 0.000121091

0.000118807 0.000121091
0.000118868 0.000121526

0.000118868 0.000121526
0.000118908 0.000121816

0.000118909 0.000121816
0.00011901 0.000122542

0.00011901 0.000122542
0.000119111 0.000123267

0.000119111 0.000123267
0.000119212 0.000123992

0.000119212 0.000123992
0.000119312 0.000124717

0.000119312 0.000124717
0.000119412 0.000125442

0.000119412 0.000125442
0.000119511 0.000126167

0.000119511 0.000126167
0.000119593 0.000126768

0.000119593 0.000126768
0.00011961 0.000126892

0.00011961 0.000126892
0.000119708 0.000127617

0.000119708 0.000127617
0.000119807 0.000128342

0.000119807 0.000128342
0.000119904 0.000129067

0.000119904 0.000129067
0.000120002 0.000129792

0.000120002 0.000129792
0.000120098 0.000130518

0.000120098 0.000130518
0.000120195 0.000131243

0.000120195 0.000131243
0.000120291 0.000131968

0.000120291 0.000131968
0.000120318 0.000132174

0.000120318 0.000132174
0.000120387 0.000132693

0.000120387 0.000132693
0.000120483 0.000133418

0.000120483 0.000133418
0.000120578 0.000134143

0.000120578 0.000134143
0.000120673 0.000134868

0.000120673 0.000134868
0.000120768 0.000135593

0.000120768 0.000135593
0.000120862 0.000136318

0.000120862 0.000136318
0.000120956 0.000137043

0.000120956 0.000137043
0.000121043 0.000137712

0.000121043 0.000137712
0.00012105 0.000137769

0.00012105 0.000137769
0.000121145 0.000138494

0.000121145 0.000138494
0.000121239 0.000139219

0.000121239 0.000139219
0.000121333 0.000139944

0.000121333 0.000139944
0.000121426 0.000140669

0.000121426 0.000140669
0.00012152 0.000141394

0.00012152 0.000141394
0.000121613 0.000142119

0.000121613 0.000142119
0.000121707 0.000142844

0.000121707 0.000142844
0.000121768 0.000143319

0.000121768 0.000143319
0.0001218 0.000143569

0.000121801 0.000143569
0.000121894 0.000144294

0.000121895 0.000144294
0.000121989 0.00014502

0.000121988 0.00014502
0.000122082 0.000145745

0.000122082 0.000145745
0.000122176 0.00014647

0.000122176 0.00014647
0.000122271 0.000147195

0.000122271 0.000147195
0.000122365 0.00014792

0.000122365 0.00014792
0.000122459 0.000148645

0.000122459 0.000148645
0.000122493 0.000148905

0.000122493 0.000148905
0.000122554 0.00014937

0.000122554 0.00014937
0.00012265 0.000150095

0.00012265 0.000150095
0.000122746 0.00015082

0.000122746 0.00015082
0.000122842 0.000151545

0.000122842 0.000151545
0.000122938 0.000152271

0.000122938 0.000152271
0.000123035 0.000152996

0.000123035 0.000152996
0.000123132 0.000153721

0.000123132 0.000153721
0.000123218 0.000154364

0.000123218 0.000154365
0.000123229 0.000154446

0.000123229 0.000154446
0.000123328 0.000155171

0.000123328 0.000155171
0.000123427 0.000155896

0.000123427 0.000155896
0.000123527 0.000156621

0.000123527 0.000156621
0.000123627 0.000157346

0.000123627 0.000157346
0.000123728 0.000158071

0.000123728 0.000158071
0.00012383 0.000158796

0.00012383 0.000158796
0.000123932 0.000159521

0.000123932 0.000159521
0.000123943 0.000159603

0.000123943 0.000159603
0.000124035 0.000160247

0.000124036 0.000160247
0.00012414 0.000160972

0.00012414 0.000160972
0.000124245 0.000161697

0.000124245 0.000161697
0.000124351 0.000162422

0.000124351 0.000162422
0.000124458 0.000163147

0.000124458 0.000163147
0.000124566 0.000163872

0.000124565 0.000163872
0.000124668 0.000164559

0.000124668 0.000164559
0.000124674 0.000164597

0.000124674 0.000164597
0.000124785 0.000165322

0.000124785 0.000165322
0.000124897 0.000166047

0.000124897 0.000166047
0.000125009 0.000166772

0.000125009 0.000166772
0.000125123 0.000167498

0.000125123 0.000167498
0.000125237 0.000168223

0.000125237 0.000168223
0.000125353 0.000168948

0.000125352 0.000168948
0.000125394 0.000169201

0.000125394 0.000169201
0.00012547 0.000169673

0.000125471 0.000169673
0.000125591 0.000170398

0.000125591 0.000170398
0.000125711 0.000171123

0.000125711 0.000171123
0.000125833 0.000171848

0.000125833 0.000171848
0.000125956 0.000172573

0.000125956 0.000172573
0.00012608 0.000173298

0.00012608 0.000173298
0.000126119 0.000173519

0.000126119 0.00017352
0.000126207 0.000174023

0.000126208 0.000174023
0.000126337 0.000174749

0.000126337 0.000174749
0.000126467 0.000175474

0.000126467 0.000175474
0.000126598 0.000176199

0.000126598 0.000176199
0.00012673 0.000176924

0.00012673 0.000176924
0.000126844 0.000177536

0.000134654 9.28125e-05
0.000134757 9.35376e-05

0.000134757 9.35376e-05
0.00013482 9.39743e-05

0.00013482 9.39746e-05
0.000134861 9.42627e-05

0.000134861 9.42627e-05
0.000134966 9.49878e-05

0.000134966 9.49878e-05
0.000135072 9.57129e-05

0.000135072 9.57129e-05
0.000135178 9.6438e-05

0.000135178 9.6438e-05
0.000135286 9.71631e-05

0.000135286 9.71631e-05
0.000135396 9.78882e-05

0.000135396 9.78882e-05
0.000135507 9.86133e-05

0.000135507 9.86133e-05
0.000135545 9.88588e-05

0.000135545 9.8859e-05
0.000135619 9.93384e-05

0.000135619 9.93384e-05
0.000135731 0.000100063

0.000135731 0.000100063
0.000135844 0.000100789

0.000135844 0.000100789
0.000135958 0.000101514

0.000135958 0.000101514
0.000136072 0.000102239

0.000136072 0.000102239
0.000136188 0.000102964

0.000136189 0.000102964
0.00013627 0.000103468

0.00013627 0.000103468
0.000136306 0.000103689

0.000136305 0.000103689
0.000136422 0.000104414

0.000136422 0.000104414
0.00013654 0.000105139

0.000136539 0.000105139
0.000136657 0.000105864

0.000136657 0.000105864
0.000136775 0.000106589

0.000136775 0.000106589
0.000136894 0.000107314

0.000136895 0.000107314
0.000136995 0.000107925

0.000136995 0.000107926
0.000137014 0.00010804

0.000137014 0.00010804
0.000137133 0.000108765

0.000137133 0.000108765
0.000137251 0.00010949

0.000137251 0.00010949
0.000137369 0.000110215

0.000137369 0.000110215
0.000137487 0.00011094

0.000137487 0.00011094
0.000137605 0.000111665

0.000137605 0.000111665
0.00013772 0.000112375

0.00013772 0.000112375
0.000137723 0.00011239

0.000137723 0.00011239
0.000137839 0.000113115

0.000137839 0.000113115
0.000137954 0.00011384

0.000137954 0.00011384
0.000138068 0.000114565

0.000138068 0.000114565
0.000138181 0.000115291

0.000138181 0.000115291
0.000138293 0.000116016

0.000138293 0.000116016
0.000138404 0.000116741

0.000138405 0.000116741
0.000138445 0.000117008

0.000138445 0.000117009
0.000138514 0.000117466

0.000138514 0.000117466
0.000138622 0.000118191

0.000138622 0.000118191
0.000138727 0.000118916

0.000138727 0.000118916
0.000138831 0.000119641

0.000138832 0.000119641
0.000138934 0.000120366

0.000138934 0.000120366
0.000139034 0.000121091

0.000139034 0.000121091
0.000139133 0.000121816

0.000139134 0.000121816
0.00013917 0.00012209

0.00013917 0.000122091
0.000139231 0.000122542

0.00013923 0.000122542
0.000139325 0.000123267

0.000139325 0.000123267
0.000139417 0.000123992

0.000139417 0.000123992
0.000139507 0.000124717

0.000139507 0.000124717
0.000139594 0.000125442

0.000139594 0.000125442
0.00013968 0.000126167

0.00013968 0.000126167
0.000139763 0.000126892

0.000139763 0.000126892
0.000139845 0.000127617

0.000139845 0.000127617
0.000139896 0.000128078

0.000139896 0.000128078
0.000139924 0.000128342

0.000139924 0.000128342
0.000140001 0.000129067

0.000140001 0.000129067
0.000140074 0.000129792

0.000140074 0.000129792
0.000140145 0.000130518

0.000140145 0.000130518
0.000140215 0.000131243

0.000140215 0.000131243
0.000140281 0.000131968

0.000140281 0.000131968
0.000140346 0.000132693

0.000140346 0.000132693
0.000140408 0.000133418

0.000140408 0.000133418
0.000140467 0.000134143

0.000140467 0.000134143
0.000140524 0.000134868

0.000140523 0.000134868
0.000140578 0.000135593

0.000140578 0.000135593
0.000140621 0.000136197

0.000140621 0.000136197
0.000140629 0.000136318

0.000140629 0.000136318
0.000140678 0.000137043

0.000140678 0.000137043
0.000140725 0.000137769

0.000140725 0.000137769
0.000140768 0.000138494

0.000140768 0.000138494
0.00014081 0.000139219

0.00014081 0.000139219
0.000140849 0.000139944

0.000140849 0.000139944
0.000140886 0.000140669

0.000140886 0.000140669
0.000140921 0.000141394

0.000140921 0.000141394
0.000140954 0.000142119

0.000140954 0.000142119
0.000140985 0.000142844

0.000140985 0.000142844
0.000141014 0.000143569

0.000141014 0.000143569
0.000141042 0.000144294

0.000141042 0.000144294
0.000141068 0.00014502

0.000141068 0.00014502
0.000141093 0.000145745

0.000141093 0.000145745
0.000141118 0.00014647

0.000141117 0.00014647
0.000141141 0.000147195

0.000141141 0.000147195
0.000141163 0.00014792

0.000141163 0.00014792
0.000141184 0.000148645

0.000141184 0.000148645
0.000141205 0.00014937

0.000141205 0.00014937
0.000141225 0.000150095

0.000141225 0.000150095
0.000141245 0.00015082

0.000141245 0.00015082
0.000141265 0.000151545

0.000141265 0.000151545
0.000141284 0.000152271

0.000141284 0.000152271
0.000141304 0.000152996

0.000141304 0.000152996
0.000141323 0.000153721

0.000141323 0.000153721
0.000141342 0.000154446

0.000141342 0.000154446
0.000141346 0.000154564

0.000141346 0.000154565
0.000141362 0.000155171

0.000141362 0.000155171
0.000141383 0.000155896

0.000141382 0.000155896
0.000141403 0.000156621

0.000141403 0.000156621
0.000141425 0.000157346

0.000141424 0.000157346
0.000141447 0.000158071

0.000141446 0.000158071
0.000141469 0.000158796

0.000141469 0.000158796
0.000141493 0.000159521

0.000141493 0.000159521
0.000141518 0.000160247

0.000141518 0.000160247
0.000141544 0.000160972

0.000141544 0.000160972
0.000141571 0.000161697

0.000141571 0.000161697
0.000141599 0.000162422

0.000126844 0.000177537
0.000126865 0.000177649

0.000126865 0.000177649
0.000127003 0.000178374

0.000127003 0.000178374
0.000127143 0.000179099

0.000127142 0.000179099
0.000127283 0.000179824

0.000127283 0.000179824
0.000127424 0.000180549

0.000127424 0.000180549
0.000127567 0.000181274

0.000127567 0.000181274
0.000127569 0.000181281

0.000127569 0.000181282
0.000127714 0.000182

0.000127715 0.000182
0.000127864 0.000182725

0.000127864 0.000182725
0.000128013 0.00018345

0.000128013 0.00018345
0.000128164 0.000184175

0.000128163 0.000184175
0.000128294 0.000184792

0.000128294 0.000184792
0.000128317 0.0001849

0.000128317 0.0001849
0.000128474 0.000185625

0.000141599 0.000162422
0.000141629 0.000163147

0.000141629 0.000163147
0.00014166 0.000163872

0.00014166 0.000163872
0.000141693 0.000164597

0.000141693 0.000164597
0.000141728 0.000165322

0.000141728 0.000165322
0.000141765 0.000166047

0.000141765 0.000166047
0.000141803 0.000166772

0.000141803 0.000166772
0.000141844 0.000167498

0.000141844 0.000167498
0.000141886 0.000168223

0.000141886 0.000168223
0.000141932 0.000168948

0.000141931 0.000168948
0.000141979 0.000169673

0.000141979 0.000169673
0.000142029 0.000170398

0.000142029 0.000170398
0.000142071 0.000170973

0.000142071 0.000170973
0.000142082 0.000171123

0.000142082 0.000171123
0.000142137 0.000171848

0.000142137 0.000171848
0.000142196 0.000172573

0.000142196 0.000172573
0.000142257 0.000173298

0.000142257 0.000173298
0.000142322 0.000174023

0.000142322 0.000174023
0.00014239 0.000174749

0.00014239 0.000174749
0.000142462 0.000175474

0.000142462 0.000175474
0.000142537 0.000176199

0.000142537 0.000176199
0.000142617 0.000176924

0.000142617 0.000176924
0.000142701 0.000177649

0.000142701 0.000177649
0.000142789 0.000178374

0.000142789 0.000178374
0.000142796 0.000178431

0.000142796 0.000178431
0.000142881 0.000179099

0.000142881 0.000179099
0.000142978 0.000179824

0.000142978 0.000179824
0.00014308 0.000180549

0.00014308 0.000180549
0.000143188 0.000181274

0.000143188 0.000181274
0.000143301 0.000182

0.000143301 0.000182
0.00014342 0.000182725

0.00014342 0.000182725
0.000143521 0.00018331

0.000143521 0.00018331
0.000143545 0.00018345

0.000143545 0.00018345
0.000143676 0.000184175

0.000143676 0.000184175
0.000143814 0.0001849

0.000143814 0.0001849
0.000143959 0.000185625

