9.33435e-06 0
9.33408e-06 7.25098e-07

9.33403e-06 7.25098e-07
9.3333e-06 1.4502e-06

9.33331e-06 1.4502e-06
9.3322e-06 2.17529e-06

9.33218e-06 2.17529e-06
9.33073e-06 2.90039e-06

9.33077e-06 2.90039e-06
9.32894e-06 3.62549e-06

9.32893e-06 3.62549e-06
9.32667e-06 4.35059e-06

9.32669e-06 4.35059e-06
9.324e-06 5.07568e-06

9.32397e-06 5.07568e-06
9.32087e-06 5.80078e-06

9.32088e-06 5.80078e-06
9.3174e-06 6.52588e-06

9.3173e-06 6.52588e-06
9.31365e-06 7.25098e-06

9.31349e-06 7.25098e-06
9.3102e-06 7.97607e-06

9.31e-06 7.97607e-06
9.30781e-06 8.70117e-06

9.30765e-06 8.70117e-06
9.30727e-06 9.42627e-06

9.30717e-06 9.42627e-06
9.30914e-06 1.01514e-05

9.30907e-06 1.01514e-05
9.31375e-06 1.08765e-05

9.31369e-06 1.08765e-05
9.32133e-06 1.16016e-05

9.3213e-06 1.16016e-05
9.33207e-06 1.23267e-05

9.33208e-06 1.23267e-05
9.34603e-06 1.30518e-05

9.34609e-06 1.30518e-05
9.3631e-06 1.37769e-05

9.36307e-06 1.37769e-05
9.37793e-06 1.43149e-05

9.37793e-06 1.4315e-05
9.38309e-06 1.4502e-05

9.38309e-06 1.4502e-05
9.42934e-06 1.59521e-05

9.42989e-06 1.59521e-05
9.4559e-06 1.66772e-05

9.45602e-06 1.66772e-05
9.48359e-06 1.74023e-05

9.48364e-06 1.74023e-05
9.51242e-06 1.81274e-05

9.51245e-06 1.81274e-05
9.54228e-06 1.88525e-05

9.5423e-06 1.88525e-05
9.57305e-06 1.95776e-05

9.57307e-06 1.95776e-05
9.60465e-06 2.03027e-05

9.60467e-06 2.03027e-05
9.637e-06 2.10278e-05

9.63701e-06 2.10278e-05
9.67001e-06 2.17529e-05

9.67003e-06 2.17529e-05
9.70366e-06 2.2478e-05

9.70366e-06 2.2478e-05
9.73788e-06 2.32031e-05

9.73789e-06 2.32031e-05
9.77266e-06 2.39282e-05

9.77265e-06 2.39282e-05
9.80798e-06 2.46533e-05

9.80798e-06 2.46533e-05
9.8439e-06 2.53784e-05

9.84388e-06 2.53784e-05
9.88045e-06 2.61035e-05

9.88043e-06 2.61035e-05
9.91773e-06 2.68286e-05

9.9177e-06 2.68286e-05
9.95582e-06 2.75537e-05

9.9558e-06 2.75537e-05
9.99482e-06 2.82788e-05

9.9948e-06 2.82788e-05
1.00348e-05 2.90039e-05

1.00348e-05 2.90039e-05
1.00758e-05 2.9729e-05

1.00758e-05 2.9729e-05
1.0103e-05 3.01987e-05

1.0103e-05 3.01988e-05
1.01178e-05 3.04541e-05

1.01178e-05 3.04541e-05
1.0161e-05 3.11792e-05

1.0161e-05 3.11792e-05
1.02052e-05 3.19043e-05

1.02052e-05 3.19043e-05
1.02505e-05 3.26294e-05

1.02505e-05 3.26294e-05
1.02969e-05 3.33545e-05

1.02969e-05 3.33545e-05
1.03443e-05 3.40796e-05

1.03443e-05 3.40796e-05
1.03927e-05 3.48047e-05

1.03927e-05 3.48047e-05
1.04422e-05 3.55298e-05

1.04422e-05 3.55298e-05
1.04927e-05 3.62549e-05

1.04927e-05 3.62549e-05
1.05442e-05 3.698e-05

1.05442e-05 3.698e-05
1.05967e-05 3.77051e-05

1.05967e-05 3.77051e-05
1.06502e-05 3.84302e-05

1.06502e-05 3.84302e-05
1.07047e-05 3.91553e-05

1.07047e-05 3.91553e-05
1.07602e-05 3.98804e-05

1.07601e-05 3.98804e-05
1.08166e-05 4.06055e-05

1.08166e-05 4.06055e-05
1.08281e-05 4.07508e-05

1.08281e-05 4.07513e-05
1.08741e-05 4.13306e-05

1.08742e-05 4.13306e-05
1.09328e-05 4.20557e-05

1.09328e-05 4.20557e-05
1.09923e-05 4.27808e-05

1.09923e-05 4.27808e-05
1.10528e-05 4.35059e-05

1.10528e-05 4.35059e-05
1.11143e-05 4.4231e-05

1.11143e-05 4.4231e-05
1.11767e-05 4.49561e-05

1.11768e-05 4.49561e-05
1.12401e-05 4.56812e-05

1.12401e-05 4.56812e-05
1.13043e-05 4.64062e-05

1.13044e-05 4.64062e-05
1.13695e-05 4.71313e-05

1.13695e-05 4.71313e-05
1.14354e-05 4.78564e-05

1.14354e-05 4.78564e-05
1.15022e-05 4.85815e-05

1.15021e-05 4.85815e-05
1.15532e-05 4.91296e-05

1.15532e-05 4.91298e-05
1.15697e-05 4.93066e-05

1.15698e-05 4.93066e-05
1.16383e-05 5.00317e-05

1.16384e-05 5.00317e-05
1.17077e-05 5.07568e-05

1.17077e-05 5.07568e-05
1.17778e-05 5.14819e-05

1.17778e-05 5.14819e-05
1.18488e-05 5.2207e-05

1.18487e-05 5.2207e-05
1.19206e-05 5.29321e-05

1.19206e-05 5.29321e-05
1.19935e-05 5.36572e-05

1.19934e-05 5.36572e-05
1.20672e-05 5.43823e-05

1.20672e-05 5.43823e-05
1.2142e-05 5.51074e-05

1.2142e-05 5.51074e-05
1.22178e-05 5.58325e-05

1.22177e-05 5.58325e-05
1.22783e-05 5.64044e-05

1.22783e-05 5.64047e-05
1.22945e-05 5.65576e-05

1.22946e-05 5.65576e-05
1.23727e-05 5.72827e-05

1.23728e-05 5.72827e-05
1.24518e-05 5.80078e-05

1.24518e-05 5.80078e-05
1.25317e-05 5.87329e-05

1.25317e-05 5.87329e-05
1.26125e-05 5.9458e-05

1.26125e-05 5.9458e-05
1.26943e-05 6.01831e-05

1.26943e-05 6.01831e-05
1.27771e-05 6.09082e-05

1.27771e-05 6.09082e-05
1.28607e-05 6.16333e-05

1.28607e-05 6.16333e-05
1.29453e-05 6.23584e-05

1.29452e-05 6.23584e-05
1.30034e-05 6.28498e-05

1.30034e-05 6.28502e-05
1.3031e-05 6.30835e-05

1.30311e-05 6.30835e-05
1.31183e-05 6.38086e-05

1.31184e-05 6.38086e-05
1.32065e-05 6.45337e-05

1.32063e-05 6.45337e-05
1.32953e-05 6.52588e-05

1.32953e-05 6.52588e-05
1.33853e-05 6.59839e-05

1.33853e-05 6.59839e-05
1.34763e-05 6.6709e-05

1.34764e-05 6.6709e-05
1.35683e-05 6.74341e-05

1.35683e-05 6.74341e-05
1.36613e-05 6.81592e-05

1.36611e-05 6.81592e-05
1.37285e-05 6.8677e-05

1.37285e-05 6.86774e-05
1.37555e-05 6.88843e-05

1.37557e-05 6.88843e-05
1.38516e-05 6.96094e-05

1.38516e-05 6.96094e-05
1.39485e-05 7.03345e-05

1.39485e-05 7.03345e-05
1.40463e-05 7.10596e-05

1.40463e-05 7.10596e-05
1.4145e-05 7.17847e-05

1.4145e-05 7.17847e-05
1.42448e-05 7.25098e-05

1.42448e-05 7.25098e-05
1.43456e-05 7.32349e-05

1.43454e-05 7.32349e-05
1.44475e-05 7.396e-05

1.44475e-05 7.396e-05
1.44536e-05 7.40024e-05

1.44536e-05 7.40033e-05
1.45512e-05 7.46851e-05

1.45515e-05 7.46851e-05
1.46566e-05 7.54102e-05

1.46564e-05 7.54102e-05
1.47622e-05 7.61353e-05

1.47622e-05 7.61353e-05
1.48689e-05 7.68604e-05

1.48689e-05 7.68604e-05
1.49766e-05 7.75854e-05

1.49766e-05 7.75854e-05
1.50853e-05 7.83105e-05

1.50851e-05 7.83105e-05
1.51787e-05 7.89257e-05

1.51787e-05 7.8926e-05
1.51954e-05 7.90356e-05

1.51956e-05 7.90356e-05
1.53078e-05 7.97607e-05

1.5308e-05 7.97607e-05
1.54214e-05 8.04858e-05

1.54213e-05 8.04858e-05
1.55354e-05 8.12109e-05

1.55354e-05 8.12109e-05
1.56505e-05 8.1936e-05

1.56504e-05 8.1936e-05
1.57666e-05 8.26611e-05

1.57665e-05 8.26611e-05
1.58842e-05 8.33862e-05

1.5884e-05 8.33862e-05
1.59038e-05 8.35057e-05

1.59038e-05 8.35068e-05
1.6004e-05 8.41113e-05

1.60047e-05 8.41113e-05
1.61264e-05 8.48364e-05

1.61261e-05 8.48364e-05
1.62486e-05 8.55615e-05

1.62486e-05 8.55615e-05
1.63722e-05 8.62866e-05

1.63722e-05 8.62866e-05
1.64969e-05 8.70117e-05

1.64966e-05 8.70117e-05
1.66231e-05 8.77368e-05

1.66232e-05 8.77368e-05
1.66289e-05 8.7769e-05

1.66289e-05 8.777e-05
1.67522e-05 8.84619e-05

1.67528e-05 8.84619e-05
1.68835e-05 8.9187e-05

1.68834e-05 8.9187e-05
1.70147e-05 8.99121e-05

1.70147e-05 8.99121e-05
1.71469e-05 9.06372e-05

1.71467e-05 9.06372e-05
1.72804e-05 9.13623e-05

1.72799e-05 9.13623e-05
1.7354e-05 9.17558e-05

1.7354e-05 9.17565e-05
1.74163e-05 9.20874e-05

1.74172e-05 9.20874e-05
1.75562e-05 9.28125e-05

6.6428e-05 0
6.64314e-05 7.25098e-07

6.64314e-05 7.25098e-07
6.64414e-05 1.4502e-06

6.64412e-05 1.4502e-06
6.64579e-05 2.17529e-06

6.64578e-05 2.17529e-06
6.64818e-05 2.90039e-06

6.64817e-05 2.90039e-06
6.65133e-05 3.62549e-06

6.65134e-05 3.62549e-06
6.65525e-05 4.35059e-06

6.65527e-05 4.35059e-06
6.65991e-05 5.07568e-06

6.65996e-05 5.07568e-06
6.66519e-05 5.80078e-06

6.66528e-05 5.80078e-06
6.66606e-05 5.90346e-06

6.66606e-05 5.90206e-06
6.67083e-05 6.52588e-06

6.67089e-05 6.52588e-06
6.67643e-05 7.25098e-06

6.6765e-05 7.25098e-06
6.68182e-05 7.97607e-06

6.68188e-05 7.97607e-06
6.68673e-05 8.70117e-06

6.68677e-05 8.70117e-06
6.69093e-05 9.42627e-06

6.69095e-05 9.42627e-06
6.69429e-05 1.01514e-05

6.69429e-05 1.01514e-05
6.69677e-05 1.08765e-05

6.69674e-05 1.08765e-05
6.69844e-05 1.16016e-05

6.69839e-05 1.16016e-05
6.69944e-05 1.23267e-05

6.69939e-05 1.23267e-05
6.69998e-05 1.30518e-05

6.69993e-05 1.30518e-05
6.70026e-05 1.37769e-05

6.70021e-05 1.37769e-05
6.70047e-05 1.4502e-05

6.70044e-05 1.4502e-05
6.70079e-05 1.52271e-05

6.70077e-05 1.52271e-05
6.70136e-05 1.59521e-05

6.70134e-05 1.59521e-05
6.70225e-05 1.66772e-05

6.70225e-05 1.66772e-05
6.70353e-05 1.74023e-05

6.70353e-05 1.74023e-05
6.70519e-05 1.81274e-05

6.7052e-05 1.81274e-05
6.70719e-05 1.88525e-05

6.70721e-05 1.88525e-05
6.70947e-05 1.95776e-05

6.70947e-05 1.95776e-05
6.71197e-05 2.03027e-05

6.71199e-05 2.03027e-05
6.71467e-05 2.10278e-05

6.71468e-05 2.10278e-05
6.7175e-05 2.17529e-05

6.7175e-05 2.17529e-05
6.72047e-05 2.2478e-05

6.72048e-05 2.2478e-05
6.72362e-05 2.32031e-05

6.72361e-05 2.32031e-05
6.72693e-05 2.39282e-05

6.72693e-05 2.39282e-05
6.73043e-05 2.46533e-05

6.73041e-05 2.46533e-05
6.73413e-05 2.53784e-05

6.73414e-05 2.53784e-05
6.73807e-05 2.61035e-05

6.73809e-05 2.61035e-05
6.73857e-05 2.61898e-05

6.73857e-05 2.61863e-05
6.74216e-05 2.68286e-05

6.74214e-05 2.68286e-05
6.74624e-05 2.75537e-05

6.74624e-05 2.75537e-05
6.75044e-05 2.82788e-05

6.75044e-05 2.82788e-05
6.75476e-05 2.90039e-05

6.75476e-05 2.90039e-05
6.75921e-05 2.9729e-05

6.7592e-05 2.9729e-05
6.7638e-05 3.04541e-05

6.7638e-05 3.04541e-05
6.76856e-05 3.11792e-05

6.76855e-05 3.11792e-05
6.7735e-05 3.19043e-05

6.77349e-05 3.19043e-05
6.77866e-05 3.26294e-05

6.77865e-05 3.26294e-05
6.78406e-05 3.33545e-05

6.78405e-05 3.33545e-05
6.78975e-05 3.40796e-05

6.78974e-05 3.40796e-05
6.79578e-05 3.48047e-05

6.79575e-05 3.48047e-05
6.8022e-05 3.55298e-05

6.80224e-05 3.55298e-05
6.80905e-05 3.62549e-05

6.80916e-05 3.62549e-05
6.81108e-05 3.64594e-05

6.81108e-05 3.64583e-05
6.816e-05 3.698e-05

6.81593e-05 3.698e-05
6.8227e-05 3.77051e-05

6.82269e-05 3.77051e-05
6.82957e-05 3.84302e-05

6.82957e-05 3.84302e-05
6.83658e-05 3.91553e-05

6.83658e-05 3.91553e-05
6.84374e-05 3.98804e-05

6.84373e-05 3.98804e-05
6.85104e-05 4.06055e-05

6.85103e-05 4.06055e-05
6.85851e-05 4.13306e-05

6.85849e-05 4.13306e-05
6.86619e-05 4.20557e-05

6.86617e-05 4.20557e-05
6.87419e-05 4.27808e-05

6.87431e-05 4.27808e-05
6.88248e-05 4.35059e-05

6.88252e-05 4.35059e-05
6.88359e-05 4.36034e-05

6.88359e-05 4.36023e-05
6.89051e-05 4.4231e-05

6.8904e-05 4.4231e-05
6.89828e-05 4.49561e-05

6.89825e-05 4.49561e-05
6.9063e-05 4.56812e-05

6.90628e-05 4.56812e-05
6.91458e-05 4.64062e-05

6.91457e-05 4.64062e-05
6.92317e-05 4.71313e-05

6.92315e-05 4.71313e-05
6.93209e-05 4.78564e-05

6.93207e-05 4.78564e-05
6.94143e-05 4.85815e-05

6.94149e-05 4.85815e-05
6.95122e-05 4.93066e-05

6.95145e-05 4.93066e-05
6.9561e-05 4.96606e-05

6.9561e-05 4.96602e-05
6.96099e-05 5.00317e-05

6.9608e-05 5.00317e-05
6.97007e-05 5.07568e-05

6.97004e-05 5.07568e-05
6.97948e-05 5.14819e-05

6.97946e-05 5.14819e-05
6.98917e-05 5.2207e-05

6.98916e-05 5.2207e-05
6.99918e-05 5.29321e-05

6.99915e-05 5.29321e-05
7.00956e-05 5.36572e-05

7.00953e-05 5.36572e-05
7.02045e-05 5.43823e-05

7.02079e-05 5.43823e-05
7.02861e-05 5.49056e-05

7.02861e-05 5.49059e-05
7.03163e-05 5.51074e-05

7.03137e-05 5.51074e-05
7.04198e-05 5.58325e-05

7.04193e-05 5.58325e-05
7.05293e-05 5.65576e-05

7.05292e-05 5.65576e-05
7.06446e-05 5.72827e-05

7.06445e-05 5.72827e-05
7.07656e-05 5.80078e-05

7.07653e-05 5.80078e-05
7.08932e-05 5.87329e-05

7.08977e-05 5.87329e-05
7.10112e-05 5.93859e-05

7.10112e-05 5.93863e-05
7.10237e-05 5.9458e-05

7.10208e-05 5.9458e-05
7.11419e-05 6.01831e-05

7.11411e-05 6.01831e-05
7.12646e-05 6.09082e-05

7.12643e-05 6.09082e-05
7.13926e-05 6.16333e-05

7.13924e-05 6.16333e-05
7.15266e-05 6.23584e-05

7.15279e-05 6.23584e-05
7.16658e-05 6.30835e-05

7.16685e-05 6.30835e-05
7.17363e-05 6.34511e-05

7.17363e-05 6.34534e-05
7.18019e-05 6.38086e-05

7.17991e-05 6.38086e-05
7.193e-05 6.45337e-05

7.19291e-05 6.45337e-05
7.20649e-05 6.52588e-05

7.20646e-05 6.52588e-05
7.22076e-05 6.59839e-05

7.22082e-05 6.59839e-05
7.23581e-05 6.6709e-05

7.23629e-05 6.6709e-05
7.24614e-05 6.71975e-05

7.24614e-05 6.71987e-05
7.25089e-05 6.74341e-05

7.25051e-05 6.74341e-05
7.26465e-05 6.81592e-05

7.26454e-05 6.81592e-05
7.27923e-05 6.88843e-05

7.27917e-05 6.88843e-05
7.29476e-05 6.96094e-05

7.29504e-05 6.96094e-05
7.3111e-05 7.03345e-05

7.31134e-05 7.03345e-05
7.31865e-05 7.06739e-05

7.31865e-05 7.06799e-05
7.32683e-05 7.10596e-05

7.32655e-05 7.10596e-05
7.34204e-05 7.17847e-05

7.34193e-05 7.17847e-05
7.35816e-05 7.25098e-05

7.35807e-05 7.25098e-05
7.37543e-05 7.32349e-05

7.37625e-05 7.32349e-05
7.39116e-05 7.38694e-05

7.39116e-05 7.38701e-05
7.39328e-05 7.396e-05

7.39273e-05 7.396e-05
7.40895e-05 7.46851e-05

7.40878e-05 7.46851e-05
7.42562e-05 7.54102e-05

7.42546e-05 7.54102e-05
7.44359e-05 7.61353e-05

7.44442e-05 7.61353e-05
7.4625e-05 7.68604e-05

7.46257e-05 7.68604e-05
7.46367e-05 7.69067e-05

7.46367e-05 7.69296e-05
7.47928e-05 7.75854e-05

7.47907e-05 7.75854e-05
7.49685e-05 7.83105e-05

7.49664e-05 7.83105e-05
7.51586e-05 7.90356e-05

7.51688e-05 7.90356e-05
7.53593e-05 7.97607e-05

7.53596e-05 7.97607e-05
7.53618e-05 7.97698e-05

7.53618e-05 7.97941e-05
7.55335e-05 8.04858e-05

7.5531e-05 8.04858e-05
7.57171e-05 8.12109e-05

7.57161e-05 8.12109e-05
7.5916e-05 8.1936e-05

7.59259e-05 8.1936e-05
7.60869e-05 8.25317e-05

7.60869e-05 8.25321e-05
7.61218e-05 8.26611e-05

7.61154e-05 8.26611e-05
7.6301e-05 8.33862e-05

7.62976e-05 8.33862e-05
7.64926e-05 8.41113e-05

7.64967e-05 8.41113e-05
7.66999e-05 8.48364e-05

7.67055e-05 8.48364e-05
7.6812e-05 8.52334e-05

7.6812e-05 8.52432e-05
7.68974e-05 8.55615e-05

7.68933e-05 8.55615e-05
7.70816e-05 8.62866e-05

7.70777e-05 8.62866e-05
7.72784e-05 8.70117e-05

7.72878e-05 8.70117e-05
7.74897e-05 8.77368e-05

7.74925e-05 8.77368e-05
7.75371e-05 8.79087e-05

7.75371e-05 8.79332e-05
7.76743e-05 8.84619e-05

7.76715e-05 8.84619e-05
7.78584e-05 8.9187e-05

7.78547e-05 8.9187e-05
7.80565e-05 8.99121e-05

7.80707e-05 8.99121e-05
7.82622e-05 9.06216e-05

7.82622e-05 9.06215e-05
7.82665e-05 9.06372e-05

7.82622e-05 9.06494e-05
7.84346e-05 9.13623e-05

7.84315e-05 9.13623e-05
7.86069e-05 9.20874e-05

7.86039e-05 9.20874e-05
7.87916e-05 9.28125e-05

1.75562e-05 9.28125e-05
1.76958e-05 9.35376e-05

1.76957e-05 9.35376e-05
1.78362e-05 9.42627e-05

1.7836e-05 9.42627e-05
1.79778e-05 9.49878e-05

1.79772e-05 9.49878e-05
1.80791e-05 9.54976e-05

1.80791e-05 9.54982e-05
1.8122e-05 9.57129e-05

1.81229e-05 9.57129e-05
1.82707e-05 9.6438e-05

1.82709e-05 9.6438e-05
1.84195e-05 9.71631e-05

1.84193e-05 9.71631e-05
1.85687e-05 9.78882e-05

1.85683e-05 9.78882e-05
1.87193e-05 9.86133e-05

1.87187e-05 9.86133e-05
1.88042e-05 9.90133e-05

1.88042e-05 9.9014e-05
1.88735e-05 9.93384e-05

1.88747e-05 9.93384e-05
1.90326e-05 0.000100063

1.90326e-05 0.000100063
1.91912e-05 0.000100789

1.9191e-05 0.000100789
1.93507e-05 0.000101514

1.935e-05 0.000101514
1.95127e-05 0.000102239

1.95128e-05 0.000102239
1.95293e-05 0.00010231

1.95293e-05 0.000102311
1.96797e-05 0.000102964

1.96811e-05 0.000102964
1.98502e-05 0.000103689

1.98497e-05 0.000103689
2.0019e-05 0.000104414

2.00184e-05 0.000104414
2.01899e-05 0.000105139

2.01892e-05 0.000105139
2.02544e-05 0.000105407

2.02544e-05 0.000105408
2.03656e-05 0.000105864

2.03676e-05 0.000105864
2.0547e-05 0.000106589

2.05464e-05 0.000106589
2.07257e-05 0.000107314

2.07251e-05 0.000107314
2.09067e-05 0.00010804

2.09059e-05 0.00010804
2.09795e-05 0.000108325

2.09795e-05 0.000108326
2.10927e-05 0.000108765

2.1095e-05 0.000108765
2.12848e-05 0.00010949

2.1284e-05 0.00010949
2.14736e-05 0.000110215

2.14728e-05 0.000110215
2.16656e-05 0.00011094

2.16653e-05 0.00011094
2.17046e-05 0.000111083

2.17046e-05 0.000111084
2.18638e-05 0.000111665

2.18662e-05 0.000111665
2.20673e-05 0.00011239

2.2066e-05 0.00011239
2.22674e-05 0.000113115

2.22659e-05 0.000113115
2.24297e-05 0.000113688

2.24297e-05 0.000113689
2.2473e-05 0.00011384

2.24752e-05 0.00011384
2.26872e-05 0.000114565

2.26871e-05 0.000114565
2.28996e-05 0.000115291

2.28983e-05 0.000115291
2.31138e-05 0.000116016

2.31136e-05 0.000116016
2.31548e-05 0.00011615

2.31548e-05 0.000116151
2.33353e-05 0.000116741

2.33378e-05 0.000116741
2.35618e-05 0.000117466

2.356e-05 0.000117466
2.37846e-05 0.000118191

2.37833e-05 0.000118191
2.38799e-05 0.000118493

2.38799e-05 0.000118493
2.4015e-05 0.000118916

2.40184e-05 0.000118916
2.4253e-05 0.000119641

2.42508e-05 0.000119641
2.44856e-05 0.000120366

2.44841e-05 0.000120366
2.4605e-05 0.000120728

2.4605e-05 0.000120728
2.47264e-05 0.000121091

2.47301e-05 0.000121091
2.49756e-05 0.000121816

2.49734e-05 0.000121816
2.52193e-05 0.000122542

2.52178e-05 0.000122542
2.53301e-05 0.000122863

2.53301e-05 0.000122862
2.54714e-05 0.000123267

2.54751e-05 0.000123267
2.57318e-05 0.000123992

2.5729e-05 0.000123992
2.59868e-05 0.000124717

2.59862e-05 0.000124717
2.60552e-05 0.000124905

2.60552e-05 0.000124905
2.62518e-05 0.000125442

2.62547e-05 0.000125442
2.65226e-05 0.000126167

2.65192e-05 0.000126167
2.67803e-05 0.000126864

2.67803e-05 0.000126864
2.67906e-05 0.000126892

2.6793e-05 0.000126892
2.70702e-05 0.000127617

2.70699e-05 0.000127617
2.73488e-05 0.000128342

2.73465e-05 0.000128342
2.75054e-05 0.000128745

2.75054e-05 0.000128745
2.76322e-05 0.000129067

2.76361e-05 0.000129067
2.79253e-05 0.000129792

2.79217e-05 0.000129792
2.82139e-05 0.000130518

2.82149e-05 0.000130518
2.82305e-05 0.000130555

2.82305e-05 0.000130553
2.85146e-05 0.000131243

2.85148e-05 0.000131243
2.88161e-05 0.000131968

2.88138e-05 0.000131968
2.89556e-05 0.000132302

2.89556e-05 0.000132302
2.91217e-05 0.000132693

2.91254e-05 0.000132693
2.9437e-05 0.000133418

2.94326e-05 0.000133418
2.96807e-05 0.000133987

2.96807e-05 0.000133987
2.9749e-05 0.000134143

2.97531e-05 0.000134143
3.00745e-05 0.000134868

3.00709e-05 0.000134868
3.03962e-05 0.000135593

3.03973e-05 0.000135593
3.04058e-05 0.000135612

3.04058e-05 0.000135609
3.07302e-05 0.000136318

3.0729e-05 0.000136318
3.10641e-05 0.000137043

3.10638e-05 0.000137043
3.11309e-05 0.000137186

3.11309e-05 0.000137186
3.14053e-05 0.000137769

3.14065e-05 0.000137769
3.1752e-05 0.000138494

3.17501e-05 0.000138494
3.1856e-05 0.000138712

3.1856e-05 0.000138712
3.21011e-05 0.000139219

3.21036e-05 0.000139219
3.24593e-05 0.000139944

3.24565e-05 0.000139944
3.25811e-05 0.000140194

3.25811e-05 0.000140194
3.28174e-05 0.000140669

3.28203e-05 0.000140669
3.31862e-05 0.000141394

3.31834e-05 0.000141394
3.33062e-05 0.000141634

3.33062e-05 0.000141634
3.3554e-05 0.000142119

3.35565e-05 0.000142119
3.39324e-05 0.000142844

3.39305e-05 0.000142844
3.40312e-05 0.000143037

7.88052e-05 9.28125e-05
7.89842e-05 9.35376e-05

7.89846e-05 9.35376e-05
7.89873e-05 9.35505e-05

7.89873e-05 9.35801e-05
7.91327e-05 9.42627e-05

7.91301e-05 9.42627e-05
7.92772e-05 9.49878e-05

7.92762e-05 9.49878e-05
7.94234e-05 9.57129e-05

7.9422e-05 9.57129e-05
7.9574e-05 9.6438e-05

7.95851e-05 9.6438e-05
7.97124e-05 9.7111e-05

7.97124e-05 9.71114e-05
7.97222e-05 9.71631e-05

7.97174e-05 9.71631e-05
7.98272e-05 9.78882e-05

7.98261e-05 9.78882e-05
7.99207e-05 9.86133e-05

7.99209e-05 9.86133e-05
8.00024e-05 9.93384e-05

8.00031e-05 9.93384e-05
8.00696e-05 0.000100063

8.00704e-05 0.000100063
8.01188e-05 0.000100789

8.01194e-05 0.000100789
8.01469e-05 0.000101514

8.01474e-05 0.000101514
8.01518e-05 0.000102239

8.01522e-05 0.000102239
8.01318e-05 0.000102964

8.01322e-05 0.000102964
8.00855e-05 0.000103689

8.00864e-05 0.000103689
8.00106e-05 0.000104414

8.00113e-05 0.000104414
7.99035e-05 0.000105139

7.99074e-05 0.000105139
7.97584e-05 0.000105864

7.97124e-05 0.000105996
7.95679e-05 0.000106589

7.95758e-05 0.000106589
7.93837e-05 0.000107314

7.97124e-05 0.000106055
7.97588e-05 0.000105864

7.89873e-05 0.000108451
7.88693e-05 0.000108765

7.82622e-05 0.0001102
7.82555e-05 0.000110215

7.88756e-05 0.000108765
7.85824e-05 0.00010949

7.85961e-05 0.00010949
7.82723e-05 0.000110215

7.939e-05 0.000107314
7.91604e-05 0.00010804

7.89873e-05 0.000108515
7.91663e-05 0.00010804

7.6812e-05 0.000113033
7.67683e-05 0.000113115

7.75371e-05 0.000111672
7.71605e-05 0.00011239

7.6812e-05 0.000113065
7.71698e-05 0.00011239

7.60869e-05 0.000114409
7.60054e-05 0.000114565

7.53618e-05 0.000115872
7.52932e-05 0.000116016

7.60112e-05 0.000114565
7.56459e-05 0.000115291

7.53618e-05 0.00011589
7.56494e-05 0.000115291

7.6775e-05 0.000113115
7.63893e-05 0.00011384

7.60869e-05 0.000114435
7.63957e-05 0.00011384

7.82558e-05 0.000110215
7.79068e-05 0.00011094

7.79187e-05 0.00011094
7.75534e-05 0.000111665

7.82622e-05 0.000110236
7.82726e-05 0.000110215

7.75371e-05 0.000111697
7.75538e-05 0.000111665

7.46367e-05 0.000117534
7.43807e-05 0.000118191

7.43839e-05 0.000118191
7.41258e-05 0.000118916

7.39116e-05 0.000119558
7.38845e-05 0.000119641

7.38866e-05 0.000119641
7.3672e-05 0.000120366

7.39116e-05 0.000119567
7.41251e-05 0.000118916

7.36742e-05 0.000120366
7.34795e-05 0.000121091

7.34793e-05 0.000121091
7.33006e-05 0.000121816

7.31865e-05 0.000122325
7.31383e-05 0.000122542

7.314e-05 0.000122542
7.2994e-05 0.000123267

7.2995e-05 0.000123267
7.286e-05 0.000123992

7.28601e-05 0.000123992
7.2734e-05 0.000124717

7.31865e-05 0.000122328
7.33004e-05 0.000121816

7.27344e-05 0.000124717
7.26162e-05 0.000125442

7.26166e-05 0.000125442
7.25045e-05 0.000126167

7.24614e-05 0.000126458
7.23968e-05 0.000126892

7.23978e-05 0.000126892
7.22915e-05 0.000127617

7.24614e-05 0.00012646
7.25051e-05 0.000126167

7.5297e-05 0.000116016
7.49698e-05 0.000116741

7.49725e-05 0.000116741
7.46669e-05 0.000117466

7.46367e-05 0.000117539
7.46654e-05 0.000117466

7.17363e-05 0.000131158
7.17219e-05 0.000131243

7.17231e-05 0.000131243
7.1591e-05 0.000131968

7.15915e-05 0.000131968
7.14492e-05 0.000132693

7.14494e-05 0.000132693
7.12958e-05 0.000133418

7.22918e-05 0.000127617
7.21848e-05 0.000128342

7.21851e-05 0.000128342
7.20761e-05 0.000129067

7.20765e-05 0.000129067
7.19639e-05 0.000129792

7.19643e-05 0.000129792
7.18465e-05 0.000130518

7.17363e-05 0.000131163
7.18469e-05 0.000130518

7.10112e-05 0.000134626
7.09519e-05 0.000134868

7.1296e-05 0.000133418
7.11304e-05 0.000134143

7.10112e-05 0.00013463
7.11307e-05 0.000134143

7.09531e-05 0.000134868
7.07614e-05 0.000135593

7.07614e-05 0.000135593
7.05546e-05 0.000136318

7.02861e-05 0.000137186
7.00966e-05 0.000137769

7.00971e-05 0.000137769
6.98463e-05 0.000138494

6.98456e-05 0.000138494
6.95803e-05 0.000139219

7.05544e-05 0.000136318
7.03327e-05 0.000137043

7.02861e-05 0.000137187
7.03328e-05 0.000137043

3.40313e-05 0.000143037
3.43105e-05 0.000143569

3.43118e-05 0.000143569
3.46976e-05 0.000144294

3.46975e-05 0.000144294
3.47563e-05 0.000144404

3.47563e-05 0.000144404
3.50865e-05 0.00014502

3.50853e-05 0.00014502
3.54804e-05 0.000145745

3.54833e-05 0.000145745
3.5881e-05 0.00014647

3.58766e-05 0.00014647
3.62065e-05 0.000147063

3.62065e-05 0.000147062
3.62802e-05 0.000147195

3.62852e-05 0.000147195
3.66912e-05 0.00014792

3.66853e-05 0.00014792
3.69316e-05 0.000148356

3.69316e-05 0.000148355
3.70955e-05 0.000148645

3.71001e-05 0.000148645
3.75136e-05 0.00014937

3.75098e-05 0.00014937
3.76567e-05 0.000149627

3.76567e-05 0.000149627
3.79247e-05 0.000150095

3.79263e-05 0.000150095
3.83458e-05 0.00015082

3.8347e-05 0.00015082
3.83818e-05 0.000150881

3.83818e-05 0.000150881
3.87656e-05 0.000151545

3.87622e-05 0.000151545
3.91069e-05 0.000152137

3.91069e-05 0.000152136
3.91852e-05 0.000152271

3.91901e-05 0.000152271
3.96124e-05 0.000152996

3.96067e-05 0.000152996
3.9832e-05 0.000153383

3.9832e-05 0.000153381
4.00296e-05 0.000153721

4.00336e-05 0.000153721
4.04573e-05 0.000154446

4.04554e-05 0.000154446
4.05571e-05 0.000154621

4.05571e-05 0.000154622
4.08758e-05 0.000155171

4.08754e-05 0.000155171
4.12822e-05 0.000155869

4.12822e-05 0.000155869
4.12976e-05 0.000155896

4.13013e-05 0.000155896
4.17189e-05 0.000156621

4.17136e-05 0.000156621
4.20073e-05 0.000157133

4.20073e-05 0.000157132
4.21305e-05 0.000157346

4.21362e-05 0.000157346
4.25492e-05 0.000158071

4.25437e-05 0.000158071
4.27324e-05 0.000158406

4.27324e-05 0.000158406
4.29522e-05 0.000158796

4.29564e-05 0.000158796
4.33621e-05 0.000159521

4.33603e-05 0.000159521
4.34575e-05 0.000159698

4.34575e-05 0.0001597
4.37588e-05 0.000160247

4.37596e-05 0.000160247
4.41562e-05 0.000160972

4.4158e-05 0.000160972
4.41826e-05 0.000161018

4.41826e-05 0.000161018
4.45473e-05 0.000161697

4.4544e-05 0.000161697
4.49077e-05 0.000162378

4.49077e-05 0.000162378
4.49311e-05 0.000162422

4.49355e-05 0.000162422
4.53177e-05 0.000163147

4.53114e-05 0.000163147
4.56328e-05 0.000163759

4.56328e-05 0.000163758
4.56927e-05 0.000163872

4.56984e-05 0.000163872
4.6079e-05 0.000164597

4.60709e-05 0.000164597
4.63579e-05 0.000165139

4.63579e-05 0.000165138
4.64556e-05 0.000165322

4.64613e-05 0.000165322
4.6854e-05 0.000166047

4.6845e-05 0.000166047
4.7083e-05 0.000166472

4.7083e-05 0.000166471
4.72523e-05 0.000166772

4.72544e-05 0.000166772
4.76878e-05 0.000167498

4.76825e-05 0.000167498
4.78081e-05 0.000167697

4.78081e-05 0.000167693
4.81489e-05 0.000168223

4.81388e-05 0.000168223
4.85332e-05 0.000168764

4.85332e-05 0.000168761
4.86706e-05 0.000168948

4.86643e-05 0.000168948
4.92583e-05 0.000169649

4.92583e-05 0.00016965
4.92792e-05 0.000169673

4.92693e-05 0.000169673
4.99834e-05 0.000170386

4.99834e-05 0.000170386
4.99963e-05 0.000170398

4.99985e-05 0.000170398
5.07085e-05 0.000170981

5.07085e-05 0.000170991
5.09106e-05 0.000171123

5.09394e-05 0.000171123
5.14336e-05 0.000171447

5.14336e-05 0.00017145
5.21587e-05 0.000171816

5.21587e-05 0.000171819
5.2238e-05 0.000171848

5.22553e-05 0.000171848
5.28838e-05 0.000172079

5.28838e-05 0.000172077
5.36089e-05 0.000172254

5.36089e-05 0.000172254
5.4334e-05 0.00017235

5.4334e-05 0.000172349
5.50591e-05 0.000172364

5.50591e-05 0.000172364
5.57842e-05 0.0001723

5.57842e-05 0.0001723
5.65093e-05 0.000172159

5.65093e-05 0.000172162
5.72344e-05 0.000171938

6.88359e-05 0.000141091
6.87107e-05 0.000141394

6.87115e-05 0.000141394
6.8405e-05 0.000142119

6.73857e-05 0.000144495
6.71678e-05 0.00014502

6.81108e-05 0.000142797
6.80906e-05 0.000142844

6.80917e-05 0.000142844
6.77803e-05 0.000143569

6.81108e-05 0.000142802
6.84038e-05 0.000142119

6.77796e-05 0.000143569
6.74709e-05 0.000144294

6.73857e-05 0.000144496
6.74695e-05 0.000144294

6.59355e-05 0.000148475
6.58846e-05 0.000148645

6.58853e-05 0.000148645
6.56895e-05 0.00014937

6.56899e-05 0.00014937
6.55143e-05 0.000150095

6.55144e-05 0.000150095
6.53579e-05 0.00015082

6.66606e-05 0.000146309
6.65996e-05 0.00014647

6.71681e-05 0.00014502
6.6878e-05 0.000145745

6.66606e-05 0.000146312
6.68763e-05 0.000145745

6.66002e-05 0.00014647
6.63427e-05 0.000147195

6.63426e-05 0.000147195
6.61037e-05 0.00014792

6.59355e-05 0.000148476
6.61027e-05 0.00014792

6.52104e-05 0.000151606
6.50994e-05 0.000152271

6.53581e-05 0.00015082
6.522e-05 0.000151545

6.52104e-05 0.000151606
6.52206e-05 0.000151545

6.51001e-05 0.000152271
6.49929e-05 0.000152996

6.49934e-05 0.000152996
6.48977e-05 0.000153721

6.48982e-05 0.000153721
6.4812e-05 0.000154446

6.48126e-05 0.000154446
6.47336e-05 0.000155171

6.47342e-05 0.000155171
6.46603e-05 0.000155896

6.46608e-05 0.000155896
6.45897e-05 0.000156621

6.44854e-05 0.000157696
6.44481e-05 0.000158071

6.44488e-05 0.000158071
6.43726e-05 0.000158796

6.43732e-05 0.000158796
6.42906e-05 0.000159521

6.45902e-05 0.000156621
6.45197e-05 0.000157346

6.44854e-05 0.000157697
6.45202e-05 0.000157346

6.42912e-05 0.000159521
6.41995e-05 0.000160247

6.42002e-05 0.000160247
6.40969e-05 0.000160972

6.40977e-05 0.000160972
6.398e-05 0.000161697

6.39807e-05 0.000161697
6.38456e-05 0.000162422

6.9561e-05 0.000139268
6.93021e-05 0.000139944

6.93022e-05 0.000139944
6.90123e-05 0.000140669

6.9561e-05 0.000139269
6.95801e-05 0.000139219

6.88359e-05 0.000141094
6.90115e-05 0.000140669

6.30352e-05 0.000165405
6.27882e-05 0.000166047

6.27899e-05 0.000166047
6.24673e-05 0.000166772

6.23101e-05 0.000167081
6.20947e-05 0.000167498

6.20978e-05 0.000167498
6.16606e-05 0.000168223

6.23101e-05 0.000167082
6.247e-05 0.000166772

5.94097e-05 0.00017072
5.88385e-05 0.000171123

6.01348e-05 0.000170084
5.97841e-05 0.000170398

5.94097e-05 0.000170724
5.98061e-05 0.000170398

5.79595e-05 0.000171626
5.74369e-05 0.000171848

5.72344e-05 0.00017194
5.74513e-05 0.000171848

5.79595e-05 0.000171636
5.86846e-05 0.000171233

5.86846e-05 0.000171235
5.88555e-05 0.000171123

6.08599e-05 0.0001693
6.05412e-05 0.000169673

6.1585e-05 0.000168335
6.11505e-05 0.000168948

6.08599e-05 0.000169311
6.11492e-05 0.000168948

6.01348e-05 0.000170095
6.05477e-05 0.000169673

6.1585e-05 0.00016834
6.16625e-05 0.000168223

6.37603e-05 0.000162822
6.36906e-05 0.000163147

6.36919e-05 0.000163147
6.35122e-05 0.000163872

6.37603e-05 0.000162824
6.38465e-05 0.000162422

6.35131e-05 0.000163872
6.3305e-05 0.000164597

6.33061e-05 0.000164597
6.30653e-05 0.000165322

6.30352e-05 0.000165405
6.3067e-05 0.000165322

