2.7362e-06 0
2.73637e-06 7.25098e-07

2.73629e-06 7.25098e-07
2.73696e-06 1.4502e-06

2.73685e-06 1.4502e-06
2.73838e-06 2.17529e-06

2.73838e-06 2.17529e-06
2.74099e-06 2.90039e-06

2.74109e-06 2.90039e-06
2.74458e-06 3.62549e-06

2.74452e-06 3.62549e-06
2.74882e-06 4.35059e-06

2.74883e-06 4.35059e-06
2.75408e-06 5.07568e-06

2.75404e-06 5.07568e-06
2.76029e-06 5.80078e-06

2.76036e-06 5.80078e-06
2.76754e-06 6.52588e-06

2.76747e-06 6.52588e-06
2.77559e-06 7.25098e-06

2.7758e-06 7.25098e-06
2.78455e-06 7.97607e-06

2.78452e-06 7.97607e-06
2.79353e-06 8.70117e-06

2.79361e-06 8.70117e-06
2.80277e-06 9.42627e-06

2.80261e-06 9.42627e-06
2.8121e-06 1.01514e-05

2.81198e-06 1.01514e-05
2.8224e-06 1.08765e-05

2.8223e-06 1.08765e-05
2.83408e-06 1.16016e-05

2.83405e-06 1.16016e-05
2.84747e-06 1.23267e-05

2.84747e-06 1.23267e-05
2.85205e-06 1.25465e-05

2.85205e-06 1.25463e-05
2.86258e-06 1.30518e-05

2.86261e-06 1.30518e-05
2.87934e-06 1.37769e-05

2.87937e-06 1.37769e-05
2.89762e-06 1.4502e-05

2.89766e-06 1.4502e-05
2.91729e-06 1.52271e-05

2.9173e-06 1.52271e-05
2.9382e-06 1.59521e-05

2.93822e-06 1.59521e-05
2.96033e-06 1.66772e-05

2.96032e-06 1.66772e-05
2.98361e-06 1.74023e-05

2.98362e-06 1.74023e-05
3.00808e-06 1.81274e-05

3.00808e-06 1.81274e-05
3.0337e-06 1.88525e-05

3.03371e-06 1.88525e-05
3.06048e-06 1.95776e-05

3.06048e-06 1.95776e-05
3.0884e-06 2.03027e-05

3.0884e-06 2.03027e-05
3.11747e-06 2.10278e-05

3.11747e-06 2.10278e-05
3.14769e-06 2.17529e-05

3.14769e-06 2.17529e-05
3.17905e-06 2.2478e-05

3.17905e-06 2.2478e-05
3.21153e-06 2.32031e-05

3.21153e-06 2.32031e-05
3.24513e-06 2.39282e-05

3.24513e-06 2.39282e-05
3.27985e-06 2.46533e-05

3.27985e-06 2.46533e-05
3.31568e-06 2.53784e-05

3.31568e-06 2.53784e-05
3.35261e-06 2.61035e-05

3.35261e-06 2.61035e-05
3.39064e-06 2.68286e-05

3.39064e-06 2.68286e-05
3.42976e-06 2.75537e-05

3.42977e-06 2.75537e-05
3.46998e-06 2.82788e-05

3.46998e-06 2.82788e-05
3.51128e-06 2.90039e-05

3.51128e-06 2.90039e-05
3.55364e-06 2.9729e-05

3.55363e-06 2.9729e-05
3.57715e-06 3.01217e-05

3.57715e-06 3.01219e-05
3.59705e-06 3.04541e-05

3.59706e-06 3.04541e-05
3.6416e-06 3.11792e-05

3.6416e-06 3.11792e-05
3.6872e-06 3.19043e-05

3.68719e-06 3.19043e-05
3.73384e-06 3.26294e-05

3.73384e-06 3.26294e-05
3.78154e-06 3.33545e-05

3.78154e-06 3.33545e-05
3.8303e-06 3.40796e-05

3.83029e-06 3.40796e-05
3.8801e-06 3.48047e-05

3.8801e-06 3.48047e-05
3.93096e-06 3.55298e-05

3.93096e-06 3.55298e-05
3.98285e-06 3.62549e-05

3.98286e-06 3.62549e-05
4.03577e-06 3.698e-05

4.03577e-06 3.698e-05
4.0897e-06 3.77051e-05

4.08971e-06 3.77051e-05
4.14466e-06 3.84302e-05

4.14465e-06 3.84302e-05
4.20059e-06 3.91553e-05

4.20061e-06 3.91553e-05
4.25752e-06 3.98804e-05

4.25748e-06 3.98804e-05
4.30225e-06 4.04407e-05

4.30225e-06 4.04409e-05
4.31539e-06 4.06055e-05

4.31543e-06 4.06055e-05
4.37441e-06 4.13306e-05

4.37443e-06 4.13306e-05
4.43438e-06 4.20557e-05

4.43438e-06 4.20557e-05
4.49527e-06 4.27808e-05

4.49526e-06 4.27808e-05
4.5571e-06 4.35059e-05

4.5571e-06 4.35059e-05
4.61993e-06 4.4231e-05

4.61994e-06 4.4231e-05
4.68372e-06 4.49561e-05

4.68372e-06 4.49561e-05
4.74845e-06 4.56812e-05

4.74845e-06 4.56812e-05
4.81415e-06 4.64062e-05

4.81417e-06 4.64062e-05
4.88078e-06 4.71313e-05

4.88076e-06 4.71313e-05
4.94825e-06 4.78564e-05

4.94826e-06 4.78564e-05
5.01667e-06 4.85815e-05

5.0166e-06 4.85815e-05
5.02734e-06 4.86936e-05

5.02734e-06 4.86941e-05
5.08609e-06 4.93066e-05

5.08626e-06 4.93066e-05
5.15686e-06 5.00317e-05

5.15681e-06 5.00317e-05
5.22822e-06 5.07568e-05

5.22822e-06 5.07568e-05
5.30054e-06 5.14819e-05

5.30051e-06 5.14819e-05
5.37382e-06 5.2207e-05

5.37384e-06 5.2207e-05
5.44814e-06 5.29321e-05

5.44815e-06 5.29321e-05
5.5234e-06 5.36572e-05

5.5234e-06 5.36572e-05
5.59957e-06 5.43823e-05

5.59955e-06 5.43823e-05
5.67667e-06 5.51074e-05

5.67661e-06 5.51074e-05
5.75244e-06 5.58104e-05

5.75244e-06 5.58107e-05
5.7548e-06 5.58325e-05

5.75479e-06 5.58325e-05
5.83427e-06 5.65576e-05

5.83441e-06 5.65576e-05
5.91491e-06 5.72827e-05

5.91485e-06 5.72827e-05
5.99621e-06 5.80078e-05

5.9962e-06 5.80078e-05
6.07856e-06 5.87329e-05

6.07856e-06 5.87329e-05
6.16193e-06 5.9458e-05

6.16194e-06 5.9458e-05
6.2463e-06 6.01831e-05

6.2463e-06 6.01831e-05
6.33164e-06 6.09082e-05

6.33163e-06 6.09082e-05
6.41797e-06 6.16333e-05

6.41783e-06 6.16333e-05
6.47754e-06 6.2127e-05

6.47754e-06 6.21274e-05
6.50547e-06 6.23584e-05

6.50565e-06 6.23584e-05
6.5947e-06 6.30835e-05

6.59475e-06 6.30835e-05
6.68479e-06 6.38086e-05

6.68475e-06 6.38086e-05
6.77576e-06 6.45337e-05

6.77575e-06 6.45337e-05
6.86782e-06 6.52588e-05

6.86783e-06 6.52588e-05
6.96094e-06 6.59839e-05

6.96092e-06 6.59839e-05
7.05508e-06 6.6709e-05

7.05507e-06 6.6709e-05
7.15033e-06 6.74341e-05

7.15008e-06 6.74341e-05
7.20264e-06 6.78273e-05

7.20264e-06 6.78278e-05
7.24693e-06 6.81592e-05

7.24733e-06 6.81592e-05
7.34576e-06 6.88843e-05

7.34567e-06 6.88843e-05
7.44506e-06 6.96094e-05

7.44513e-06 6.96094e-05
7.54554e-06 7.03345e-05

7.54547e-06 7.03345e-05
7.64691e-06 7.10596e-05

7.64693e-06 7.10596e-05
7.7495e-06 7.17847e-05

7.74947e-06 7.17847e-05
7.8532e-06 7.25098e-05

7.85297e-06 7.25098e-05
7.92773e-06 7.30238e-05

7.92773e-06 7.30242e-05
7.95837e-06 7.32349e-05

7.95868e-06 7.32349e-05
8.06588e-06 7.396e-05

8.06596e-06 7.396e-05
8.17423e-06 7.46851e-05

8.17419e-06 7.46851e-05
8.28346e-06 7.54102e-05

8.28347e-06 7.54102e-05
8.3938e-06 7.61353e-05

8.39377e-06 7.61353e-05
8.50519e-06 7.68604e-05

8.50507e-06 7.68604e-05
8.61788e-06 7.75854e-05

8.61766e-06 7.75854e-05
8.65283e-06 7.78071e-05

8.65283e-06 7.7808e-05
8.73258e-06 7.83105e-05

8.73319e-06 7.83105e-05
8.84995e-06 7.90356e-05

8.84983e-06 7.90356e-05
8.9674e-06 7.97607e-05

8.96741e-06 7.97607e-05
9.08601e-06 8.04858e-05

9.08597e-06 8.04858e-05
9.20567e-06 8.12109e-05

9.20554e-06 8.12109e-05
9.32668e-06 8.1936e-05

9.32635e-06 8.1936e-05
9.37793e-06 8.22386e-05

9.37793e-06 8.22393e-05
9.44985e-06 8.26611e-05

9.4506e-06 8.26611e-05
9.57615e-06 8.33862e-05

9.57606e-06 8.33862e-05
9.70234e-06 8.41113e-05

9.70233e-06 8.41113e-05
9.82953e-06 8.48364e-05

9.82942e-06 8.48364e-05
9.95779e-06 8.55615e-05

9.95754e-06 8.55615e-05
1.00878e-05 8.62866e-05

1.00877e-05 8.62866e-05
1.0103e-05 8.63701e-05

1.0103e-05 8.63712e-05
1.02207e-05 8.70117e-05

1.02216e-05 8.70117e-05
1.03565e-05 8.77368e-05

1.03561e-05 8.77368e-05
1.04916e-05 8.84619e-05

1.04915e-05 8.84619e-05
1.06282e-05 8.9187e-05

1.0628e-05 8.9187e-05
1.07663e-05 8.99121e-05

1.07657e-05 8.99121e-05
1.08281e-05 9.02317e-05

1.08281e-05 9.02326e-05
1.09071e-05 9.06372e-05

1.09082e-05 9.06372e-05
1.10521e-05 9.13623e-05

1.1052e-05 9.13623e-05
1.11965e-05 9.20874e-05

1.11964e-05 9.20874e-05
1.13419e-05 9.28125e-05

6.55638e-05 0
6.55642e-05 7.25098e-07

6.55643e-05 7.25098e-07
6.55656e-05 1.4502e-06

6.55656e-05 1.4502e-06
6.55677e-05 2.17529e-06

6.55677e-05 2.17529e-06
6.55706e-05 2.90039e-06

6.55706e-05 2.90039e-06
6.55742e-05 3.62549e-06

6.55742e-05 3.62549e-06
6.55786e-05 4.35059e-06

6.55786e-05 4.35059e-06
6.55837e-05 5.07568e-06

6.55837e-05 5.07568e-06
6.55895e-05 5.80078e-06

6.55895e-05 5.80078e-06
6.5596e-05 6.52588e-06

6.5596e-05 6.52588e-06
6.56034e-05 7.25098e-06

6.56034e-05 7.25098e-06
6.56116e-05 7.97607e-06

6.56116e-05 7.97607e-06
6.56208e-05 8.70117e-06

6.56208e-05 8.70117e-06
6.56311e-05 9.42627e-06

6.56311e-05 9.42627e-06
6.56425e-05 1.01514e-05

6.56425e-05 1.01514e-05
6.56552e-05 1.08765e-05

6.56552e-05 1.08765e-05
6.56692e-05 1.16016e-05

6.56692e-05 1.16016e-05
6.56847e-05 1.23267e-05

6.56846e-05 1.23267e-05
6.57016e-05 1.30518e-05

6.57016e-05 1.30518e-05
6.57201e-05 1.37769e-05

6.57201e-05 1.37769e-05
6.57403e-05 1.4502e-05

6.57403e-05 1.4502e-05
6.57622e-05 1.52271e-05

6.57622e-05 1.52271e-05
6.5786e-05 1.59521e-05

6.57859e-05 1.59521e-05
6.58116e-05 1.66772e-05

6.58115e-05 1.66772e-05
6.58393e-05 1.74023e-05

6.58392e-05 1.74023e-05
6.58692e-05 1.81274e-05

6.58691e-05 1.81274e-05
6.59017e-05 1.88525e-05

6.59021e-05 1.88525e-05
6.59355e-05 1.95503e-05

6.59355e-05 1.95503e-05
6.59369e-05 1.95776e-05

6.59372e-05 1.95776e-05
6.59726e-05 2.03027e-05

6.59722e-05 2.03027e-05
6.60082e-05 2.10278e-05

6.6008e-05 2.10278e-05
6.60456e-05 2.17529e-05

6.60454e-05 2.17529e-05
6.60854e-05 2.2478e-05

6.60852e-05 2.2478e-05
6.61281e-05 2.32031e-05

6.6128e-05 2.32031e-05
6.61742e-05 2.39282e-05

6.61741e-05 2.39282e-05
6.62239e-05 2.46533e-05

6.6224e-05 2.46533e-05
6.62774e-05 2.53784e-05

6.62774e-05 2.53784e-05
6.63342e-05 2.61035e-05

6.63342e-05 2.61035e-05
6.63947e-05 2.68286e-05

6.63948e-05 2.68286e-05
6.6459e-05 2.75537e-05

6.64594e-05 2.75537e-05
6.65264e-05 2.82788e-05

6.65265e-05 2.82788e-05
6.65955e-05 2.90039e-05

6.65973e-05 2.90039e-05
6.66606e-05 2.96871e-05

6.66606e-05 2.9687e-05
6.66645e-05 2.9729e-05

6.66645e-05 2.9729e-05
6.67265e-05 3.04541e-05

6.67253e-05 3.04541e-05
6.67844e-05 3.11792e-05

6.67843e-05 3.11792e-05
6.6843e-05 3.19043e-05

6.68429e-05 3.19043e-05
6.69017e-05 3.26294e-05

6.69016e-05 3.26294e-05
6.69609e-05 3.33545e-05

6.69609e-05 3.33545e-05
6.70208e-05 3.40796e-05

6.70208e-05 3.40796e-05
6.70816e-05 3.48047e-05

6.70815e-05 3.48047e-05
6.71436e-05 3.55298e-05

6.71435e-05 3.55298e-05
6.72076e-05 3.62549e-05

6.72072e-05 3.62549e-05
6.72742e-05 3.698e-05

6.72743e-05 3.698e-05
6.73447e-05 3.77051e-05

6.73464e-05 3.77051e-05
6.73857e-05 3.81121e-05

6.73857e-05 3.81132e-05
6.74164e-05 3.84302e-05

6.74146e-05 3.84302e-05
6.74845e-05 3.91553e-05

6.74843e-05 3.91553e-05
6.75584e-05 3.98804e-05

6.75584e-05 3.98804e-05
6.76371e-05 4.06055e-05

6.76373e-05 4.06055e-05
6.77205e-05 4.13306e-05

6.77206e-05 4.13306e-05
6.78077e-05 4.20557e-05

6.78077e-05 4.20557e-05
6.78984e-05 4.27808e-05

6.78983e-05 4.27808e-05
6.79929e-05 4.35059e-05

6.79949e-05 4.35059e-05
6.80894e-05 4.4231e-05

6.80897e-05 4.4231e-05
6.81108e-05 4.43989e-05

6.81108e-05 4.44049e-05
6.81803e-05 4.49561e-05

6.8179e-05 4.49561e-05
6.82709e-05 4.56812e-05

6.82707e-05 4.56812e-05
6.83662e-05 4.64062e-05

6.83662e-05 4.64062e-05
6.84657e-05 4.71313e-05

6.84656e-05 4.71313e-05
6.85691e-05 4.78564e-05

6.85689e-05 4.78564e-05
6.8677e-05 4.85815e-05

6.86786e-05 4.85815e-05
6.87885e-05 4.93066e-05

6.87898e-05 4.93066e-05
6.88359e-05 4.96195e-05

6.88359e-05 4.96261e-05
6.88958e-05 5.00317e-05

6.8894e-05 5.00317e-05
6.90014e-05 5.07568e-05

6.90013e-05 5.07568e-05
6.91139e-05 5.14819e-05

6.9114e-05 5.14819e-05
6.9232e-05 5.2207e-05

6.9232e-05 5.2207e-05
6.93552e-05 5.29321e-05

6.93563e-05 5.29321e-05
6.94825e-05 5.36572e-05

6.94853e-05 5.36572e-05
6.9561e-05 5.41069e-05

6.9561e-05 5.41123e-05
6.96065e-05 5.43823e-05

6.96037e-05 5.43823e-05
6.97236e-05 5.51074e-05

6.97232e-05 5.51074e-05
6.98485e-05 5.58325e-05

6.98485e-05 5.58325e-05
6.99799e-05 5.65576e-05

6.99794e-05 5.65576e-05
7.01176e-05 5.72827e-05

7.01219e-05 5.72827e-05
7.02593e-05 5.80078e-05

7.02605e-05 5.80078e-05
7.02861e-05 5.81482e-05

7.02861e-05 5.81715e-05
7.03888e-05 5.87329e-05

7.03878e-05 5.87329e-05
7.05238e-05 5.9458e-05

7.05237e-05 5.9458e-05
7.06668e-05 6.01831e-05

7.06665e-05 6.01831e-05
7.08176e-05 6.09082e-05

7.08223e-05 6.09082e-05
7.09725e-05 6.16333e-05

7.09743e-05 6.16333e-05
7.10112e-05 6.18201e-05

7.10112e-05 6.18457e-05
7.11127e-05 6.23584e-05

7.11115e-05 6.23584e-05
7.12574e-05 6.30835e-05

7.12572e-05 6.30835e-05
7.14112e-05 6.38086e-05

7.14105e-05 6.38086e-05
7.15744e-05 6.45337e-05

7.15817e-05 6.45337e-05
7.17363e-05 6.52324e-05

7.17363e-05 6.52331e-05
7.1742e-05 6.52588e-05

7.17365e-05 6.52588e-05
7.18902e-05 6.59839e-05

7.1889e-05 6.59839e-05
7.20497e-05 6.6709e-05

7.20488e-05 6.6709e-05
7.22207e-05 6.74341e-05

7.22263e-05 6.74341e-05
7.23999e-05 6.81592e-05

7.24027e-05 6.81592e-05
7.24614e-05 6.84153e-05

7.24614e-05 6.8443e-05
7.25626e-05 6.88843e-05

7.25611e-05 6.88843e-05
7.273e-05 6.96094e-05

7.27288e-05 6.96094e-05
7.29103e-05 7.03345e-05

7.29155e-05 7.03345e-05
7.31012e-05 7.10596e-05

7.31053e-05 7.10596e-05
7.31865e-05 7.13903e-05

7.31865e-05 7.14166e-05
7.32769e-05 7.17847e-05

7.32748e-05 7.17847e-05
7.34538e-05 7.25098e-05

7.34522e-05 7.25098e-05
7.36456e-05 7.32349e-05

7.36535e-05 7.32349e-05
7.38487e-05 7.396e-05

7.38523e-05 7.396e-05
7.39116e-05 7.41926e-05

7.39116e-05 7.4225e-05
7.4029e-05 7.46851e-05

7.40271e-05 7.46851e-05
7.42149e-05 7.54102e-05

7.42128e-05 7.54102e-05
7.4417e-05 7.61353e-05

7.44286e-05 7.61353e-05
7.46301e-05 7.68604e-05

7.46306e-05 7.68604e-05
7.46367e-05 7.68836e-05

7.46367e-05 7.69142e-05
7.48126e-05 7.75854e-05

7.48091e-05 7.75854e-05
7.50094e-05 7.83105e-05

7.50131e-05 7.83105e-05
7.52241e-05 7.90356e-05

7.52319e-05 7.90356e-05
7.53618e-05 7.95013e-05

7.53618e-05 7.95199e-05
7.5429e-05 7.97607e-05

7.54245e-05 7.97607e-05
7.56219e-05 8.04858e-05

7.56184e-05 8.04858e-05
7.5834e-05 8.12109e-05

7.58473e-05 8.12109e-05
7.60618e-05 8.1936e-05

7.60637e-05 8.1936e-05
7.60869e-05 8.20206e-05

7.60869e-05 8.20548e-05
7.62533e-05 8.26611e-05

7.6249e-05 8.26611e-05
7.64561e-05 8.33862e-05

7.64609e-05 8.33862e-05
7.66778e-05 8.41113e-05

7.66867e-05 8.41113e-05
7.6812e-05 8.45576e-05

7.6812e-05 8.45796e-05
7.68842e-05 8.48364e-05

7.68795e-05 8.48364e-05
7.70739e-05 8.55615e-05

7.70696e-05 8.55615e-05
7.72805e-05 8.62866e-05

7.72948e-05 8.62866e-05
7.7502e-05 8.70117e-05

7.7505e-05 8.70117e-05
7.75371e-05 8.71374e-05

7.75371e-05 8.71773e-05
7.76801e-05 8.77368e-05

7.76769e-05 8.77368e-05
7.7861e-05 8.84619e-05

7.78583e-05 8.84619e-05
7.8057e-05 8.9187e-05

7.80727e-05 8.9187e-05
7.82602e-05 8.99121e-05

7.82604e-05 8.99121e-05
7.82622e-05 8.99202e-05

7.82622e-05 8.99589e-05
7.84128e-05 9.06372e-05

7.84099e-05 9.06372e-05
7.85667e-05 9.13623e-05

7.85656e-05 9.13623e-05
7.87269e-05 9.20874e-05

7.87317e-05 9.20874e-05
7.88903e-05 9.28125e-05

1.13416e-05 9.28125e-05
1.14889e-05 9.35376e-05

1.14884e-05 9.35376e-05
1.15532e-05 9.38486e-05

1.15532e-05 9.38494e-05
1.16394e-05 9.42627e-05

1.16408e-05 9.42627e-05
1.17946e-05 9.49878e-05

1.17944e-05 9.49878e-05
1.19487e-05 9.57129e-05

1.19485e-05 9.57129e-05
1.2104e-05 9.6438e-05

1.21034e-05 9.6438e-05
1.22616e-05 9.71631e-05

1.22617e-05 9.71631e-05
1.22783e-05 9.72372e-05

1.22783e-05 9.72381e-05
1.2424e-05 9.78882e-05

1.24253e-05 9.78882e-05
1.25895e-05 9.86133e-05

1.25891e-05 9.86133e-05
1.27533e-05 9.93384e-05

1.27528e-05 9.93384e-05
1.29191e-05 0.000100063

1.29183e-05 0.000100063
1.30034e-05 0.000100424

1.30034e-05 0.000100425
1.30891e-05 0.000100789

1.30909e-05 0.000100789
1.3265e-05 0.000101514

1.32647e-05 0.000101514
1.3439e-05 0.000102239

1.34386e-05 0.000102239
1.36146e-05 0.000102964

1.36135e-05 0.000102964
1.37285e-05 0.000103425

1.37285e-05 0.000103426
1.37942e-05 0.000103689

1.37961e-05 0.000103689
1.39805e-05 0.000104414

1.39803e-05 0.000104414
1.4165e-05 0.000105139

1.41643e-05 0.000105139
1.43508e-05 0.000105864

1.43497e-05 0.000105864
1.44536e-05 0.000106256

1.44536e-05 0.000106257
1.45418e-05 0.000106589

1.45443e-05 0.000106589
1.474e-05 0.000107314

1.47394e-05 0.000107314
1.4935e-05 0.00010804

1.49341e-05 0.00010804
1.51326e-05 0.000108765

1.51322e-05 0.000108765
1.51787e-05 0.000108929

1.51787e-05 0.00010893
1.53366e-05 0.00010949

1.53391e-05 0.00010949
1.55459e-05 0.000110215

1.55446e-05 0.000110215
1.57513e-05 0.00011094

1.57497e-05 0.00011094
1.59038e-05 0.000111465

1.59038e-05 0.000111466
1.59623e-05 0.000111665

1.5965e-05 0.000111665
1.6182e-05 0.00011239

1.61815e-05 0.00011239
1.63985e-05 0.000113115

1.6397e-05 0.000113115
1.66179e-05 0.00011384

1.66186e-05 0.00011384
1.66289e-05 0.000113873

1.66289e-05 0.000113873
1.68453e-05 0.000114565

1.68469e-05 0.000114565
1.70748e-05 0.000115291

1.70729e-05 0.000115291
1.73029e-05 0.000116016

1.73024e-05 0.000116016
1.7354e-05 0.000116174

1.7354e-05 0.000116174
1.7539e-05 0.000116741

1.75418e-05 0.000116741
1.77805e-05 0.000117466

1.77782e-05 0.000117466
1.80182e-05 0.000118191

1.80176e-05 0.000118191
1.80791e-05 0.000118371

1.80791e-05 0.000118371
1.82646e-05 0.000118916

1.82676e-05 0.000118916
1.85167e-05 0.000119641

1.85139e-05 0.000119641
1.87647e-05 0.000120366

1.87648e-05 0.000120366
1.88042e-05 0.000120477

1.88042e-05 0.000120477
1.90226e-05 0.000121091

1.90248e-05 0.000121091
1.92844e-05 0.000121816

1.92813e-05 0.000121816
1.95293e-05 0.000122499

1.95293e-05 0.000122499
1.95446e-05 0.000122542

1.95471e-05 0.000122542
1.98156e-05 0.000123267

1.98153e-05 0.000123267
2.00851e-05 0.000123992

2.00827e-05 0.000123992
2.02544e-05 0.000124442

2.02544e-05 0.000124442
2.03591e-05 0.000124717

2.03631e-05 0.000124717
2.06431e-05 0.000125442

2.064e-05 0.000125442
2.09216e-05 0.000126167

2.09215e-05 0.000126167
2.09795e-05 0.000126313

2.09795e-05 0.000126312
2.12107e-05 0.000126892

2.12128e-05 0.000126892
2.1504e-05 0.000127617

2.15005e-05 0.000127617
2.17046e-05 0.000128116

2.17046e-05 0.000128117
2.17968e-05 0.000128342

2.18011e-05 0.000128342
2.21015e-05 0.000129067

2.2098e-05 0.000129067
2.24011e-05 0.000129792

2.2402e-05 0.000129792
2.24297e-05 0.000129857

2.24297e-05 0.000129856
2.27123e-05 0.000130518

2.27127e-05 0.000130518
2.30249e-05 0.000131243

2.30225e-05 0.000131243
2.31548e-05 0.000131544

2.31548e-05 0.000131544
2.3341e-05 0.000131968

2.33447e-05 0.000131968
2.36666e-05 0.000132693

2.36622e-05 0.000132693
2.38799e-05 0.000133176

2.38799e-05 0.000133176
2.39891e-05 0.000133418

2.39938e-05 0.000133418
2.4325e-05 0.000134143

2.43201e-05 0.000134143
2.4605e-05 0.000134759

2.4605e-05 0.000134758
2.46558e-05 0.000134868

2.46602e-05 0.000134868
2.50007e-05 0.000135593

2.49967e-05 0.000135593
2.53301e-05 0.000136295

2.53301e-05 0.000136295
2.53412e-05 0.000136318

2.53448e-05 0.000136318
2.56945e-05 0.000137043

2.56915e-05 0.000137043
2.60452e-05 0.000137769

2.60464e-05 0.000137769
2.60552e-05 0.000137786

2.60552e-05 0.000137783
2.64065e-05 0.000138494

2.6404e-05 0.000138494
2.67669e-05 0.000139219

2.67682e-05 0.000139219
2.67803e-05 0.000139243

2.67803e-05 0.00013924
2.71365e-05 0.000139944

2.71338e-05 0.000139944
2.75054e-05 0.000140669

2.75087e-05 0.000140669
2.78839e-05 0.000141394

2.78802e-05 0.000141394
2.82305e-05 0.000142063

2.82305e-05 0.000142062
2.82602e-05 0.000142119

2.82646e-05 0.000142119
2.86474e-05 0.000142844

2.86422e-05 0.000142844
2.89556e-05 0.000143431

2.89556e-05 0.000143431
2.90296e-05 0.000143569

2.90351e-05 0.000143569
2.9425e-05 0.000144294

2.94188e-05 0.000144294
2.96807e-05 0.000144778

2.96807e-05 0.000144776
2.98124e-05 0.00014502

2.9818e-05 0.00014502
3.0214e-05 0.000145745

3.02085e-05 0.000145745
3.04058e-05 0.000146104

3.04058e-05 0.000146104
3.06065e-05 0.00014647

3.06109e-05 0.00014647
3.10116e-05 0.000147195

3.10086e-05 0.000147195
3.11309e-05 0.000147416

3.11309e-05 0.000147416
3.14094e-05 0.00014792

3.14109e-05 0.00014792
3.18148e-05 0.000148645

3.18159e-05 0.000148645
3.1856e-05 0.000148717

3.1856e-05 0.000148718
3.2218e-05 0.00014937

3.22152e-05 0.00014937
3.25811e-05 0.000150026

3.25811e-05 0.000150025
3.26201e-05 0.000150095

3.2625e-05 0.000150095
3.30276e-05 0.00015082

3.30215e-05 0.00015082
3.33062e-05 0.000151333

3.33062e-05 0.000151332
3.34245e-05 0.000151545

3.34306e-05 0.000151545
3.38316e-05 0.000152271

3.38256e-05 0.000152271
3.40312e-05 0.000152645

7.88978e-05 9.28125e-05
7.89873e-05 9.32989e-05

7.89873e-05 9.33156e-05
7.90281e-05 9.35376e-05

7.90239e-05 9.35376e-05
7.91315e-05 9.42627e-05

7.91308e-05 9.42627e-05
7.92265e-05 9.49878e-05

7.92273e-05 9.49878e-05
7.93109e-05 9.57129e-05

7.93121e-05 9.57129e-05
7.93793e-05 9.6438e-05

7.93805e-05 9.6438e-05
7.94267e-05 9.71631e-05

7.94273e-05 9.71631e-05
7.94487e-05 9.78882e-05

7.94492e-05 9.78882e-05
7.94436e-05 9.86133e-05

7.94441e-05 9.86133e-05
7.94096e-05 9.93384e-05

7.94103e-05 9.93384e-05
7.93442e-05 0.000100063

7.93457e-05 0.000100063
7.92437e-05 0.000100789

7.9246e-05 0.000100789
7.91009e-05 0.000101514

7.89873e-05 0.000101911
7.89018e-05 0.000102239

7.89044e-05 0.000102239
7.86866e-05 0.000102964

7.82622e-05 0.000104067
7.81121e-05 0.000104414

7.86974e-05 0.000102964
7.84408e-05 0.000103689

7.82622e-05 0.000104122
7.84495e-05 0.000103689

7.89873e-05 0.000101965
7.9105e-05 0.000101514

7.46367e-05 0.000109742
7.42674e-05 0.000110215

7.02861e-05 0.000115623
7.00354e-05 0.000116016

7.10112e-05 0.00011452
7.09806e-05 0.000114565

7.17363e-05 0.000113499
7.14908e-05 0.00011384

7.10112e-05 0.000114528
7.14914e-05 0.00011384

7.09842e-05 0.000114565
7.04991e-05 0.000115291

7.02861e-05 0.000115625
7.05e-05 0.000115291

7.31865e-05 0.000111577
7.31181e-05 0.000111665

7.24614e-05 0.000112525
7.20179e-05 0.000113115

7.31252e-05 0.000111665
7.25648e-05 0.00011239

7.24614e-05 0.00011253
7.2566e-05 0.00011239

7.39116e-05 0.000110658
7.36928e-05 0.00011094

7.31865e-05 0.000111591
7.36974e-05 0.00011094

7.39116e-05 0.000110673
7.42707e-05 0.000110215

7.17363e-05 0.000113505
7.20195e-05 0.000113115

7.75371e-05 0.000105539
7.7359e-05 0.000105864

7.6812e-05 0.000106754
7.6443e-05 0.000107314

7.7369e-05 0.000105864
7.69268e-05 0.000106589

7.6812e-05 0.000106773
7.69301e-05 0.000106589

7.60869e-05 0.00010781
7.59286e-05 0.00010804

7.59367e-05 0.00010804
7.53985e-05 0.000108765

7.53618e-05 0.000108807
7.48374e-05 0.00010949

7.46367e-05 0.000109754
7.48396e-05 0.00010949

7.53618e-05 0.000108814
7.53995e-05 0.000108765

7.60869e-05 0.000107834
7.64514e-05 0.000107314

7.81203e-05 0.000104414
7.77636e-05 0.000105139

7.75371e-05 0.000105575
7.77757e-05 0.000105139

6.88359e-05 0.000118068
6.87678e-05 0.000118191

6.87693e-05 0.000118191
6.83815e-05 0.000118916

6.73857e-05 0.000120904
6.72949e-05 0.000121091

6.72965e-05 0.000121091
6.69515e-05 0.000121816

6.81108e-05 0.000119441
6.80078e-05 0.000119641

6.80093e-05 0.000119641
6.76477e-05 0.000120366

6.81108e-05 0.000119443
6.83824e-05 0.000118916

6.73857e-05 0.000120907
6.76485e-05 0.000120366

6.59355e-05 0.000124003
6.56042e-05 0.000124717

6.44854e-05 0.00012707
6.42171e-05 0.000127617

6.52104e-05 0.000125558
6.4922e-05 0.000126167

6.56047e-05 0.000124717
6.52654e-05 0.000125442

6.52104e-05 0.000125559
6.52659e-05 0.000125442

6.49224e-05 0.000126167
6.4573e-05 0.000126892

6.44854e-05 0.000127072
6.45733e-05 0.000126892

6.66606e-05 0.000122435
6.66109e-05 0.000122542

6.66127e-05 0.000122542
6.62759e-05 0.000123267

6.66606e-05 0.000122439
6.69524e-05 0.000121816

6.62765e-05 0.000123267
6.59407e-05 0.000123992

6.59355e-05 0.000124004
6.59411e-05 0.000123992

6.30352e-05 0.000129938
6.27316e-05 0.000130518

6.1585e-05 0.000132672
6.15737e-05 0.000132693

6.15751e-05 0.000132693
6.11941e-05 0.000133418

6.23101e-05 0.000131312
6.19616e-05 0.000131968

6.27315e-05 0.000130518
6.23479e-05 0.000131243

6.23101e-05 0.000131313
6.23475e-05 0.000131243

6.1585e-05 0.000132676
6.19611e-05 0.000131968

6.01348e-05 0.000135528
6.01031e-05 0.000135593

6.0104e-05 0.000135593
5.97706e-05 0.000136318

5.86846e-05 0.000139071
5.86333e-05 0.000139219

5.94097e-05 0.000137153
5.91596e-05 0.000137769

5.97703e-05 0.000136318
5.94551e-05 0.000137043

5.94097e-05 0.000137154
5.94544e-05 0.000137043

5.91605e-05 0.000137769
5.88869e-05 0.000138494

5.86846e-05 0.000139072
5.88861e-05 0.000138494

6.08599e-05 0.000134062
6.08178e-05 0.000134143

6.08188e-05 0.000134143
6.04554e-05 0.000134868

6.08599e-05 0.000134065
6.11935e-05 0.000133418

6.01348e-05 0.000135531
6.04547e-05 0.000134868

6.37603e-05 0.000128529
6.34866e-05 0.000129067

6.42175e-05 0.000127617
6.38555e-05 0.000128342

6.37603e-05 0.00012853
6.38557e-05 0.000128342

6.34869e-05 0.000129067
6.31122e-05 0.000129792

6.30352e-05 0.000129939
6.31121e-05 0.000129792

6.9561e-05 0.000116798
6.91721e-05 0.000117466

7.00364e-05 0.000116016
6.95941e-05 0.000116741

6.9561e-05 0.000116798
6.95943e-05 0.000116741

6.88359e-05 0.000118071
6.9173e-05 0.000117466

3.40313e-05 0.000152645
3.42241e-05 0.000152996

3.42292e-05 0.000152996
3.4626e-05 0.000153721

3.46224e-05 0.000153721
3.47563e-05 0.000153968

3.47563e-05 0.000153969
3.50144e-05 0.000154446

3.50173e-05 0.000154446
3.54077e-05 0.000155171

3.54073e-05 0.000155171
3.54814e-05 0.00015531

3.54814e-05 0.000155312
3.57915e-05 0.000155896

3.57916e-05 0.000155896
3.61744e-05 0.000156621

3.61763e-05 0.000156621
3.62065e-05 0.000156679

3.62065e-05 0.00015668
3.65536e-05 0.000157346

3.65508e-05 0.000157346
3.69265e-05 0.000158071

3.69277e-05 0.000158071
3.69316e-05 0.000158079

3.69316e-05 0.000158075
3.73022e-05 0.000158796

3.72971e-05 0.000158796
3.76567e-05 0.000159497

3.76567e-05 0.000159497
3.76694e-05 0.000159521

3.76742e-05 0.000159521
3.80473e-05 0.000160247

3.80399e-05 0.000160247
3.83818e-05 0.000160901

3.83818e-05 0.0001609
3.84191e-05 0.000160972

3.84247e-05 0.000160972
3.88129e-05 0.000161697

3.88029e-05 0.000161697
3.91069e-05 0.00016224

3.91069e-05 0.000162239
3.92091e-05 0.000162422

5.72344e-05 0.000145297
5.71669e-05 0.000145745

5.71674e-05 0.000145745
5.7067e-05 0.00014647

5.70672e-05 0.00014647
5.69741e-05 0.000147195

5.69745e-05 0.000147195
5.68876e-05 0.00014792

5.68878e-05 0.00014792
5.68059e-05 0.000148645

5.68062e-05 0.000148645
5.67282e-05 0.00014937

5.67286e-05 0.00014937
5.6653e-05 0.000150095

5.66533e-05 0.000150095
5.6579e-05 0.00015082

5.65093e-05 0.000151505
5.65051e-05 0.000151545

5.65055e-05 0.000151545
5.64302e-05 0.000152271

5.65093e-05 0.000151506
5.65794e-05 0.00015082

5.64307e-05 0.000152271
5.63525e-05 0.000152996

5.63528e-05 0.000152996
5.62702e-05 0.000153721

5.62708e-05 0.000153721
5.61821e-05 0.000154446

5.61826e-05 0.000154446
5.6086e-05 0.000155171

5.60866e-05 0.000155171
5.598e-05 0.000155896

5.59805e-05 0.000155896
5.58617e-05 0.000156621

5.4334e-05 0.000161944
5.41112e-05 0.000162422

5.57842e-05 0.000157045
5.57288e-05 0.000157346

5.57299e-05 0.000157346
5.55795e-05 0.000158071

5.55804e-05 0.000158071
5.54094e-05 0.000158796

5.54102e-05 0.000158796
5.52151e-05 0.000159521

5.57842e-05 0.000157047
5.58624e-05 0.000156621

5.50591e-05 0.00016003
5.49926e-05 0.000160247

5.49945e-05 0.000160247
5.47393e-05 0.000160972

5.50591e-05 0.000160033
5.52163e-05 0.000159521

5.47407e-05 0.000160972
5.44474e-05 0.000161697

5.4334e-05 0.000161945
5.44497e-05 0.000161697

3.92132e-05 0.000162422
3.96465e-05 0.000163147

3.96362e-05 0.000163147
3.9832e-05 0.000163451

3.9832e-05 0.000163445
4.0109e-05 0.000163872

4.00997e-05 0.000163872
4.05571e-05 0.000164487

4.05571e-05 0.000164486
4.06422e-05 0.000164597

4.06363e-05 0.000164597
4.12672e-05 0.000165322

4.12671e-05 0.000165322
4.12822e-05 0.000165338

4.12822e-05 0.000165349
4.20073e-05 0.000166047

4.20156e-05 0.000166047
4.27324e-05 0.000166605

4.27324e-05 0.000166616
4.29887e-05 0.000166772

4.30169e-05 0.000166772
4.34575e-05 0.000167042

4.34575e-05 0.000167042
4.41826e-05 0.000167379

4.41826e-05 0.000167383
4.45268e-05 0.000167498

4.4545e-05 0.000167498
4.49077e-05 0.000167618

4.49077e-05 0.000167617
4.56328e-05 0.000167767

4.56328e-05 0.000167766
4.63579e-05 0.000167833

4.63579e-05 0.000167833
4.7083e-05 0.00016782

4.7083e-05 0.00016782
4.78081e-05 0.000167727

4.78081e-05 0.000167728
4.85332e-05 0.000167553

4.92583e-05 0.000167294
4.86816e-05 0.000167498

4.85332e-05 0.000167553
4.86913e-05 0.000167498

4.92583e-05 0.0001673
4.99834e-05 0.000166955

5.07085e-05 0.000166504
5.02727e-05 0.000166772

5.14336e-05 0.000165935
5.12954e-05 0.000166047

5.07085e-05 0.000166518
5.1321e-05 0.000166047

4.99834e-05 0.000166962
5.02944e-05 0.000166772

5.21587e-05 0.000165251
5.20908e-05 0.000165322

5.28838e-05 0.0001644
5.27356e-05 0.000164597

5.21587e-05 0.000165263
5.27446e-05 0.000164597

5.36089e-05 0.000163333
5.32701e-05 0.000163872

5.41138e-05 0.000162422
5.37227e-05 0.000163147

5.36089e-05 0.000163336
5.37252e-05 0.000163147

5.28838e-05 0.000164402
5.3275e-05 0.000163872

5.14336e-05 0.000165959
5.21078e-05 0.000165322

5.86341e-05 0.000139219
5.84034e-05 0.000139944

5.8404e-05 0.000139944
5.81928e-05 0.000140669

5.79595e-05 0.000141563
5.78258e-05 0.000142119

5.81926e-05 0.000140669
5.79999e-05 0.000141394

5.79595e-05 0.000141563
5.8e-05 0.000141394

5.78266e-05 0.000142119
5.76688e-05 0.000142844

5.76692e-05 0.000142844
5.75255e-05 0.000143569

5.75259e-05 0.000143569
5.7395e-05 0.000144294

5.73954e-05 0.000144294
5.72759e-05 0.00014502

5.72344e-05 0.000145296
5.72761e-05 0.00014502

