3.76567e-05 9.25978e-05
3.71459e-05 9.28125e-05

3.76567e-05 9.2596e-05
3.83818e-05 9.22838e-05

3.91069e-05 9.19688e-05
3.88364e-05 9.20874e-05

3.83818e-05 9.22833e-05
3.88285e-05 9.20874e-05

3.91069e-05 9.19668e-05
3.9832e-05 9.16412e-05

4.05571e-05 9.13135e-05
4.04505e-05 9.13623e-05

4.05571e-05 9.131e-05
4.12822e-05 9.09711e-05

3.9832e-05 9.16393e-05
4.04376e-05 9.13623e-05

4.20073e-05 9.0631e-05
4.19942e-05 9.06372e-05

4.12822e-05 9.09691e-05
4.19788e-05 9.06372e-05

4.20073e-05 9.06263e-05
4.27324e-05 9.0273e-05

4.41826e-05 8.95441e-05
4.34577e-05 8.99121e-05

4.49077e-05 8.91765e-05
4.48873e-05 8.9187e-05

4.41826e-05 8.9541e-05
4.48665e-05 8.9187e-05

4.49077e-05 8.91688e-05
4.56328e-05 8.87864e-05

4.27324e-05 9.02704e-05
4.34526e-05 8.99121e-05

4.92583e-05 8.67594e-05
4.88246e-05 8.70117e-05

4.92583e-05 8.67558e-05
4.99834e-05 8.63268e-05

5.14336e-05 8.54564e-05
5.12624e-05 8.55615e-05

5.07085e-05 8.58917e-05
5.00539e-05 8.62866e-05

4.99834e-05 8.63287e-05
5.00541e-05 8.62866e-05

5.07085e-05 8.5885e-05
5.12341e-05 8.55615e-05

4.63579e-05 8.84027e-05
4.62479e-05 8.84619e-05

4.63579e-05 8.83955e-05
4.7083e-05 8.7998e-05

4.56328e-05 8.87823e-05
4.62279e-05 8.84619e-05

4.78081e-05 8.75971e-05
4.75585e-05 8.77368e-05

4.7083e-05 8.79936e-05
4.75418e-05 8.77368e-05

4.78081e-05 8.75913e-05
4.85332e-05 8.71785e-05

4.85332e-05 8.71765e-05
4.88164e-05 8.70117e-05

5.36089e-05 8.40766e-05
5.3554e-05 8.41113e-05

5.36089e-05 8.40576e-05
5.4334e-05 8.35784e-05

5.14336e-05 8.54444e-05
5.21587e-05 8.49915e-05

5.28838e-05 8.45307e-05
5.2405e-05 8.48364e-05

5.21587e-05 8.49883e-05
5.23969e-05 8.48364e-05

5.28838e-05 8.45253e-05
5.35208e-05 8.41113e-05

5.57842e-05 8.26113e-05
5.57103e-05 8.26611e-05

5.50591e-05 8.30925e-05
5.46242e-05 8.33862e-05

5.4334e-05 8.3572e-05
5.46098e-05 8.33862e-05

5.50591e-05 8.30847e-05
5.56758e-05 8.26611e-05

5.57842e-05 8.25906e-05
5.65093e-05 8.20841e-05

5.72344e-05 8.15691e-05
5.67199e-05 8.1936e-05

5.65093e-05 8.20779e-05
5.67125e-05 8.1936e-05

7.17363e-05 6.909e-05
7.12284e-05 6.96094e-05

7.46367e-05 6.59562e-05
7.4612e-05 6.59839e-05

7.46367e-05 6.59881e-05
7.39846e-05 6.6709e-05

7.31865e-05 6.75708e-05
7.2635e-05 6.81592e-05

7.24614e-05 6.83374e-05
7.19394e-05 6.88843e-05

7.17363e-05 6.90975e-05
7.19433e-05 6.88843e-05

7.24614e-05 6.83458e-05
7.2639e-05 6.81592e-05

7.39116e-05 6.67885e-05
7.33168e-05 6.74341e-05

7.31865e-05 6.75787e-05
7.33213e-05 6.74341e-05

7.39116e-05 6.67935e-05
7.39887e-05 6.6709e-05

7.6812e-05 6.34571e-05
7.65212e-05 6.38086e-05

7.75371e-05 6.25891e-05
7.7134e-05 6.30835e-05

7.6812e-05 6.34949e-05
7.71478e-05 6.30835e-05

7.89873e-05 6.0735e-05
7.88537e-05 6.09082e-05

8.04375e-05 5.88538e-05
7.9992e-05 5.9458e-05

7.97124e-05 5.98101e-05
7.94339e-05 6.01831e-05

7.89873e-05 6.07917e-05
7.94585e-05 6.01831e-05

7.97124e-05 5.98589e-05
8.00098e-05 5.9458e-05

7.82622e-05 6.16959e-05
7.77304e-05 6.23584e-05

7.88869e-05 6.09082e-05
7.83133e-05 6.16333e-05

7.82622e-05 6.17044e-05
7.83184e-05 6.16333e-05

7.75371e-05 6.26143e-05
7.77422e-05 6.23584e-05

7.53618e-05 6.51402e-05
7.52584e-05 6.52588e-05

7.60869e-05 6.43082e-05
7.58949e-05 6.45337e-05

7.53618e-05 6.51757e-05
7.59204e-05 6.45337e-05

7.52858e-05 6.52588e-05
7.46417e-05 6.59839e-05

7.46367e-05 6.59897e-05
7.46419e-05 6.59839e-05

7.60869e-05 6.43456e-05
7.65415e-05 6.38086e-05

5.79595e-05 8.10592e-05
5.77466e-05 8.12109e-05

5.79595e-05 8.10397e-05
5.86846e-05 8.05049e-05

6.01348e-05 7.94107e-05
5.96774e-05 7.97607e-05

5.94097e-05 7.99614e-05
5.87112e-05 8.04858e-05

5.86846e-05 8.05046e-05
5.87099e-05 8.04858e-05

5.94097e-05 7.99505e-05
5.96624e-05 7.97607e-05

6.1585e-05 7.82895e-05
6.15585e-05 7.83105e-05

6.1585e-05 7.82684e-05
6.23101e-05 7.76859e-05

6.30352e-05 7.70949e-05
6.24346e-05 7.75854e-05

6.23101e-05 7.76799e-05
6.24269e-05 7.75854e-05

6.08599e-05 7.8858e-05
6.06285e-05 7.90356e-05

6.01348e-05 7.93978e-05
6.06003e-05 7.90356e-05

6.08599e-05 7.88401e-05
6.15297e-05 7.83105e-05

6.52104e-05 7.52606e-05
6.50374e-05 7.54102e-05

6.59355e-05 7.4624-9.39327e-05 0
-9.39303e-05 7.25098e-07

-9.39304e-05 7.25098e-07
-9.39227e-05 1.4502e-06

-9.39226e-05 1.4502e-06
-9.39097e-05 2.17529e-06

-9.39098e-05 2.17529e-06
-9.3892e-05 2.90039e-06

-9.3892e-05 2.90039e-06
-9.38693e-05 3.62549e-06

-9.38693e-05 3.62549e-06
-9.38418e-05 4.35059e-06

-9.38417e-05 4.35059e-06
-9.38094e-05 5.07568e-06

-9.38094e-05 5.07568e-06
-9.37723e-05 5.80078e-06

-9.37722e-05 5.80078e-06
-9.37307e-05 6.52588e-06

-9.37307e-05 6.52588e-06
-9.36847e-05 7.25098e-06

-9.36847e-05 7.25098e-06
-9.36344e-05 7.97607e-06

-9.36346e-05 7.97607e-06
-9.35859e-05 8.61514e-06

-9.35859e-05 8.61552e-06
-9.35794e-05 8.70117e-06

-9.35794e-05 8.70117e-06
-9.3519e-05 9.42627e-06

-9.35188e-05 9.42627e-06
-9.34536e-05 1.01514e-05

-9.34536e-05 1.01514e-05
-9.33837e-05 1.08765e-05

-9.33837e-05 1.08765e-05
-9.33091e-05 1.16016e-05

-9.3309e-05 1.16016e-05
-9.32298e-05 1.23267e-05

-9.32297e-05 1.23267e-05
-9.3146e-05 1.30518e-05

-9.3146e-05 1.30518e-05
-9.30582e-05 1.37769e-05

-9.30584e-05 1.37769e-05
-9.29659e-05 1.4502e-05

-9.29666e-05 1.4502e-05
-9.28674e-05 1.52271e-05

-9.2867e-05 1.52271e-05
-9.28608e-05 1.52688e-05

-9.28608e-05 1.52714e-05
-9.27604e-05 1.59521e-05

-9.27592e-05 1.59521e-05
-9.2647e-05 1.66772e-05

-9.26471e-05 1.66772e-05
-9.25319e-05 1.74023e-05

-9.2532e-05 1.74023e-05
-9.24133e-05 1.81274e-05

-9.24138e-05 1.81274e-05
-9.22905e-05 1.88525e-05

-9.22914e-05 1.88525e-05
-9.21606e-05 1.95776e-05

-9.21601e-05 1.95776e-05
-9.21357e-05 1.97041e-05

-9.21357e-05 1.97052e-05
-9.20208e-05 2.03027e-05

-9.20182e-05 2.03027e-05
-9.18757e-05 2.10278e-05

-9.18767e-05 2.10278e-05
-9.17341e-05 2.17529e-05

-9.1735e-05 2.17529e-05
-9.15884e-05 2.2478e-05

-9.15901e-05 2.2478e-05
-9.14344e-05 2.32031e-05

-9.14328e-05 2.32031e-05
-9.14106e-05 2.33005e-05

-9.14106e-05 2.33009e-05
-9.12676e-05 2.39282e-05

-9.12647e-05 2.39282e-05
-9.10986e-05 2.46533e-05

-9.11011e-05 2.46533e-05
-9.09349e-05 2.53784e-05

-9.09368e-05 2.53784e-05
-9.07616e-05 2.61035e-05

-9.07616e-05 2.61035e-05
-9.06855e-05 2.63967e-05

-9.06855e-05 2.63967e-05
-9.05735e-05 2.68286e-05

-9.0568e-05 2.68286e-05
-9.03782e-05 2.75537e-05

-9.03821e-05 2.75537e-05
-9.01935e-05 2.82788e-05

-9.01961e-05 2.82788e-05
-8.99959e-05 2.90039e-05

-8.99937e-05 2.90039e-05
-8.99604e-05 2.91179e-05

-8.99604e-05 2.91158e-05
-8.97817e-05 2.9729e-05

-8.97785e-05 2.9729e-05
-8.95681e-05 3.04541e-05

-8.95733e-05 3.04541e-05
-8.93601e-05 3.11792e-05

-8.93614e-05 3.11792e-05
-8.92354e-05 3.1579e-05

-8.92354e-05 3.15779e-05
-8.91325e-05 3.19043e-05

-8.91246e-05 3.19043e-05
-8.88944e-05 3.26294e-05

-8.8901e-05 3.26294e-05
-8.86719e-05 3.33545e-05

-8.86742e-05 3.33545e-05
-8.85103e-05 3.38386e-05

-8.85103e-05 3.38375e-05
-8.84283e-05 3.40796e-05

-8.84194e-05 3.40796e-05
-8.8171e-05 3.48047e-05

-8.81782e-05 3.48047e-05
-8.79308e-05 3.55298e-05

-8.79327e-05 3.55298e-05
-8.77852e-05 3.5935e-05

-8.77852e-05 3.59325e-05
-8.76678e-05 3.62549e-05

-8.76595e-05 3.62549e-05
-8.73938e-05 3.698e-05

-8.74026e-05 3.698e-05
-8.7135e-05 3.77051e-05

-8.7134e-05 3.77051e-05
-8.70601e-05 3.78956e-05

-8.70601e-05 3.78897e-05
-8.68502e-05 3.84302e-05

-8.68471e-05 3.84302e-05
-8.65645e-05 3.91553e-05

-8.65727e-05 3.91553e-05
-8.6335e-05 3.97446e-05

-8.6335e-05 3.9744e-05
-8.628e-05 3.98804e-05

-8.62697e-05 3.98804e-05
-8.59719e-05 4.06055e-05

-8.59808e-05 4.06055e-05
-8.56808e-05 4.13306e-05

-8.56794e-05 4.13306e-05
-8.56099e-05 4.14918e-05

-8.56099e-05 4.14851e-05
-8.53638e-05 4.20557e-05

-8.53626e-05 4.20557e-05
-8.50481e-05 4.27808e-05

-8.50548e-05 4.27808e-05
-8.48848e-05 4.31605e-05

-8.48848e-05 4.31572e-05
-8.47286e-05 4.35059e-05

-8.47202e-05 4.35059e-05
-8.43916e-05 4.4231e-05

-8.44031e-05 4.4231e-05
-8.41597e-05 4.47552e-05

-8.41597e-05 4.47531e-05
-8.40654e-05 4.49561e-05

-8.40537e-05 4.49561e-05
-8.37111e-05 4.56812e-05

-8.37245e-05 4.56812e-05
-8.34346e-05 4.62816e-05

-8.34346e-05 4.62797e-05
-8.33735e-05 4.64062e-05

-8.33604e-05 4.64062e-05
-8.30038e-05 4.71313e-05

-8.30181e-05 4.71313e-05
-8.27095e-05 4.77464e-05

-8.27095e-08.62383e-05 4.96436e-05
8.60336e-05 5.00317e-05

8.60499e-05 5.00317e-05
8.56517e-05 5.07568e-05

8.55132e-05 5.09799e-05
8.5233e-05 5.14819e-05

8.52516e-05 5.14819e-05
8.48312e-05 5.2207e-05

8.55132e-05 5.10305e-05
8.56659e-05 5.07568e-05

8.33379e-05 5.46188e-05
8.30275e-05 5.51074e-05

8.11626e-05 5.78109e-05
8.10246e-05 5.80078e-05

8.18877e-05 5.68047e-05
8.15608e-05 5.72827e-05

8.11626e-05 5.78778e-05
8.15832e-05 5.72827e-05

8.26128e-05 5.57025e-05
8.25279e-05 5.58325e-05

8.25547e-05 5.58325e-05
8.20617e-05 5.65576e-05

8.26128e-05 5.57667e-05
8.30484e-05 5.51074e-05

8.18877e-05 5.68418e-05
8.20783e-05 5.65576e-05

8.4063e-05 5.34403e-05
8.39318e-05 5.36572e-05

8.47881e-05 5.22558e-05
8.43887e-05 5.29321e-05

8.4063e-05 5.35141e-05
8.4416e-05 5.29321e-05

8.39543e-05 5.36572e-05
8.34949e-05 5.43823e-05

8.33379e-05 5.46581e-05
8.35117e-05 5.43823e-05

8.47881e-05 5.22857e-05
8.48335e-05 5.2207e-05

8.76885e-05 4.67366e-05
8.7502e-05 4.71313e-05

8.75134e-05 4.71313e-05
8.71633e-05 4.78564e-05

8.69634e-05 4.82337e-05
8.679e-05 4.85815e-05

8.68022e-05 4.85815e-05
8.64289e-05 4.93066e-05

8.69634e-05 4.82956e-05
8.71823e-05 4.78564e-05

8.76885e-05 4.68004e-05
8.78746e-05 4.64062e-05

8.62383e-05 4.97059e-05
8.64488e-05 4.93066e-05

8.10561e-05 5.80078e-05
8.05284e-05 5.87329e-05

8.04375e-05 5.88691e-05
8.05351e-05 5.87329e-05

1e-05
6.58666e-05 7.46851e-05

6.52104e-05 7.52515e-05
6.58554e-05 7.46851e-05

6.88359e-05 7.19569e-05
6.8247e-05 7.25098e-05

6.73857e-05 7.33091e-05
6.66697e-05 7.396e-05

6.59355e-05 7.4616e-05
6.66606e-05 7.39683e-05

6.66606e-05 7.39682e-05
6.66697e-05 7.396e-05

6.81108e-05 7.26386e-05
6.74661e-05 7.32349e-05

6.73857e-05 7.33088e-05
6.74663e-05 7.32349e-05

6.81108e-05 7.26379e-05
6.82482e-05 7.25098e-05

6.44854e-05 7.58841e-05
6.33218e-05 7.68604e-05

6.30352e-05 7.70871e-05
6.33133e-05 7.68604e-05

6.44854e-05 7.5876e-05
6.50253e-05 7.54102e-05

5.72344e-05 8.15581e-05
5.77124e-05 8.12109e-05

7.02861e-05 7.05515e-05
6.97658e-05 7.10596e-05

6.9561e-05 7.12616e-05
6.90128e-05 7.17847e-05

6.88359e-05 7.19573e-05
6.90175e-05 7.17847e-05

6.9561e-05 7.12626e-05
6.97704e-05 7.10596e-05

7.10112e-05 6.98277e-05
7.05041e-05 7.03345e-05

7.02861e-05 7.05552e-05
7.05093e-05 7.03345e-05

7.10112e-05 6.98335e-05
7.12333e-05 6.96094e-05

-1.2375e-05 9.96713e-05
-1.16499e-05 9.9769e-05

-1.16499e-05 9.97691e-05
-1.09248e-05 9.98617e-05

-1.09248e-05 9.98612e-05
-1.01997e-05 9.99496e-05

-1.01997e-05 9.99505e-05
-9.47461e-06 0.000100034

-9.47461e-06 0.000100036
-9.19873e-06 0.000100063

-9.20217e-06 0.000100063
-8.74951e-06 0.000100109

-8.74951e-06 0.000100107
-8.02441e-06 0.000100169

-8.02441e-06 0.000100169
-7.29932e-06 0.000100225

-7.29932e-06 0.000100225
-6.57422e-06 0.000100276

-6.57422e-06 0.000100276
-5.84912e-06 0.000100321

-5.84912e-06 0.000100321
-5.12402e-06 0.00010036

-5.12402e-06 0.00010036
-4.39893e-06 0.000100394

-4.39893e-06 0.000100394
-3.67383e-06 0.000100421

-3.67383e-06 0.000100421
-2.94873e-06 0.000100442

-2.94873e-06 0.000100442
-2.22363e-06 0.000100457

-2.22363e-06 0.000100457
-1.49854e-06 0.000100466

-1.49854e-06 0.000100466
-7.73437e-07 0.000100468

-7.73437e-07 0.000100468
-4.83398e-08 0.000100464

-4.83398e-08 0.000100464
6.76758e-07 0.000100455

6.76758e-07 0.000100455
1.40186e-06 0.000100439

1.40186e-06 0.000100439
2.12695e-06 0.000100418

2.12695e-06 0.000100418
2.85205e-06 0.000100391

2.85205e-06 0.000100391
3.57715e-06 0.000100358

3.57715e-06 0.000100358
4.30225e-06 0.000100319

4.30225e-06 0.000100319
5.02734e-06 0.000100274

5.02734e-06 0.000100274
5.75244e-06 0.000100224

5.75244e-06 0.000100224
6.47754e-06 0.000100167

7.92773e-06 0.000100038
7.64461e-06 0.000100063

6.47754e-06 0.000100167
7.20264e-06 0.000100105

7.20264e-06 0.000100103
7.64098e-06 0.000100063

7.92773e-06 0.000100038
8.65283e-06 9.99691e-05

8.65283e-06 9.99697e-05
9.37793e-06 9.98947e-05

9.37793e-06 9.98944e-05
1.0103e-05 9.98133e-05

1.0103e-05 9.98132e-05
1.08281e-05 9.97265e-05

1.08281e-05 9.97265e-05
1.15532e-05 9.96347e-05

1.15532e-05 9.96347e-05
1.22783e-05 9.95378e-05

1.22783e-05 9.95378e-05
1.30034e-05 9.94358e-05

1.37285e-05 9.93297e-05
1.36691e-05 9.93384e-05

1.30034e-05 9.94353e-05
1.36674e-05 9.93384e-05

1.37285e-05 9.93285e-05
1.44536e-05 9.92218e-05

1.44536e-05 9.92233e-05
1.51787e-05 9.91145e-05

1.51787e-05 9.91148e-05
1.59038e-05 9.90004e-05

1.59038e-05 9.90005e-05
1.66289e-05 9.88797e-05

1.88042e-05 9.84745e-05
1.809e-05 9.86133e-05

1.88042e-05 9.84757e-05
1.95293e-05 9.83293e-05

1.95293e-05 9.83291e-05
2.02544e-05 9.8175e-05

2.02544e-05 9.81751e-05
2.09795e-05 9.80135e-05

2.17046e-05 9.78436e-05
2.15128e-05 9.78882e-05

2.09795e-05 9.80134e-05
2.15175e-05 9.78882e-05

2.17046e-05 9.78439e-05
2.24297e-05 9.76697e-05

1.66289e-05 9.888e-05
1.7354e-05 9.87521e-05

1.7354e-05 9.8752e-05
1.80791e-05 9.86165e-05

1.80791e-05 9.86157e-05
1.80916e-05 9.86133e-05

2.24297e-05 9.76702e-05
2.31548e-05 9.74903e-05

2.31548e-05 9.74903e-05
2.38799e-05 9.73035e-05

2.4605e-05 9.7109e-05
2.44024e-05 9.71631e-05

2.4605e-05 9.71094e-05
2.53301e-05 9.691e-05

2.38799e-05 9.73036e-05
2.44061e-05 9.71631e-05

2.53301e-05 9.69103e-05
2.60552e-05 9.67052e-05

2.60552e-05 9.67052e-05
2.67803e-05 9.64938e-05

2.75054e-05 9.62762e-05
2.69658e-05 9.6438e-05

2.67803e-05 9.6494e-05
2.6967e-05 9.6438e-05

2.75054e-05 9.6276e-05
2.82305e-05 9.60533e-05

2.96807e-05 9.55944e-05
2.93097e-05 9.571295 4.77442e-05
-8.26532e-05 4.78564e-05

-8.26398e-05 4.78564e-05
-8.2269e-05 4.85815e-05

-8.2284e-05 4.85815e-05
-8.19844e-05 4.91556e-05

-8.19844e-05 4.91523e-05
-8.19038e-05 4.93066e-05

-8.18906e-05 4.93066e-05
-8.15044e-05 5.00317e-05

-8.15194e-05 5.00317e-05
-8.12593e-05 5.0512e-05

-8.12593e-05 5.05068e-05
-8.11239e-05 5.07568e-05

-8.11133e-05 5.07568e-05
-8.07109e-05 5.14819e-05

-8.07228e-05 5.14819e-05
-8.05342e-05 5.18185e-05

-8.05342e-05 5.18112e-05
-8.03123e-05 5.2207e-05

-8.03093e-05 5.2207e-05
-7.98893e-05 5.29321e-05

-7.98914e-05 5.29321e-05
-7.98091e-05 5.3074e-05

-7.98091e-05 5.30672e-05
-7.94656e-05 5.36572e-05

-7.94733e-05 5.36572e-05
-7.9084e-05 5.43047e-05

-7.9084e-05 5.43023e-05
-7.90363e-05 5.43823e-05

-7.90259e-05 5.43823e-05
-7.85847e-05 5.51074e-05

-7.85987e-05 5.51074e-05
-7.83589e-05 5.54971e-05

-7.83589e-05 5.54872e-05
-7.81464e-05 5.58325e-05

-7.8145e-05 5.58325e-05
-7.76809e-05 5.65576e-05

-7.76792e-05 5.65576e-05
-7.76338e-05 5.66306e-05

-7.76338e-05 5.66245e-05
-7.72121e-05 5.72827e-05

-7.7223e-05 5.72827e-05
-7.69087e-05 5.77625e-05

-7.69087e-05 5.77545e-05
-7.67431e-05 5.80078e-05

-7.67403e-05 5.80078e-05
-7.62492e-05 5.87329e-05

-7.62496e-05 5.87329e-05
-7.61836e-05 5.88326e-05

-7.61836e-05 5.88264e-05
-7.5755e-05 5.9458e-05

-7.57641e-05 5.9458e-05
-7.54585e-05 5.98993e-05

-7.54585e-05 5.98899e-05
-7.52563e-05 6.01831e-05

-7.52576e-05 6.01831e-05
-7.47366e-05 6.09082e-05

-7.47365e-05 6.09082e-05
-7.47334e-05 6.09125e-05

-7.47307e-05 6.09082e-05
-7.42064e-05 6.16333e-05

-7.42156e-05 6.16333e-05
-7.40083e-05 6.19235e-05

-7.40083e-05 6.19093e-05
-7.36814e-05 6.23584e-05

-7.36873e-05 6.23584e-05
-7.32832e-05 6.28939e-05

-7.32832e-05 6.28894e-05
-7.31378e-05 6.30835e-05

-7.31363e-05 6.30835e-05
-7.2572e-05 6.38086e-05

-7.25716e-05 6.38086e-05
-7.25581e-05 6.38259e-05

-7.25581e-05 6.38206e-05
-7.20009e-05 6.45337e-05

-7.20069e-05 6.45337e-05
-7.1833e-05 6.47599e-05

-7.1833e-05 6.47514e-05
-7.14354e-05 6.52588e-05

-7.14399e-05 6.52588e-05
-7.11079e-05 6.5676e-05

-7.11079e-05 6.56652e-05
-7.08536e-05 6.59839e-05

-7.08554e-05 6.59839e-05
-7.03828e-05 6.655e-05

-7.03828e-05 6.65473e-05
-7.02471e-05 6.6709e-05

-7.02473e-05 6.6709e-05
-6.96577e-05 6.73955e-05

-6.96577e-05 6.73956e-05
-6.96245e-05 6.74341e-05

-6.96208e-05 6.74341e-05
-6.89925e-05 6.81592e-05

-6.8993e-05 6.81592e-05
-6.89326e-05 6.82292e-05

-6.89326e-05 6.82293e-05
-6.83655e-05 6.88843e-05

-6.837e-05 6.88843e-05
-6.82075e-05 6.90719e-05

-6.82075e-05 6.90669e-05
-6.77332e-05 6.96094e-05

-6.77353e-05 6.96094e-05
-6.74824e-05 6.9894e-05

-6.74824e-05 6.98869e-05
-6.70818e-05 7.03345e-05

-6.70797e-05 7.03345e-05
-6.67573e-05 7.06845e-05

-6.67573e-05 7.0681e-05
-6.6404e-05 7.10596e-05

-6.64017e-05 7.10596e-05
-6.60322e-05 7.1448e-05

-6.60322e-05 7.1447e-05
-6.57067e-05 7.17847e-05

-6.57046e-05 7.17847e-05
-6.53071e-05 7.21913e-05

-6.53071e-05 7.21921e-05
-6.49928e-05 7.25098e-05

-6.49908e-05 7.25098e-05
-6.4582e-05 7.29177e-05

-6.4582e-05 7.292e-05
-6.4263e-05 7.32349e-05

-6.4261e-05 7.32349e-05
-6.38569e-05 7.36289e-05

-6.38569e-05 7.36327e-05
-6.35177e-05 7.396e-05

-6.35151e-05 7.396e-05
-6.31318e-05 7.43256e-05

-6.31318e-05 7.43311e-05
-6.2757e-05 7.46851e-05

-6.27532e-05 7.46851e-05
-6.24067e-05 7.50098e-05

-6.24067e-05 7.50172e-05
-6.19833e-05 7.54102e-05

-6.19782e-05 7.54102e-05
-6.16816e-05 7.56847e-05

-6.16816e-05 7.56948e-05
-6.11997e-05 7.61353e-05

-6.11935e-05 7.61353e-05
-6.09565e-05 7.63526e-05

-6.09565e-05 7.63634e-05
-6.04087e-05 7.68604e-05

-6.04014e-05 7.68604e-05
-6.02314e-05 7.70139e-05

-6.02314e-05 7.70231e-05
-5.95982e-05 7.75854e-05

-5.95945e-05 7.75854e-05
-5.95063e-05 7.76628e-05

-5.95063e-05 7.76686e-05
-5.87812e-05 7.82884e-05

-5.87812e-05 7.82893e-05
-5.87557e-05 7.83105e-05

-5.8749e-05 7.83105e-05
-5.80562e-05 7.8884e-05

-5.80562e-05 7.88893e-05
-5.78767e-05 7.90356e-05

-5.78655e-05 7.90356e-05
-5.73311e-05 7.94733e-05

-5.73311e-05 7.94866e-05
-5.6989e-05 7.97607e-05

-5.69765e-05 7.97607e-05
-5.6606e-05 8.00583e-05

-5.6606e-05 8.00729ee-05

2.96807e-05 9.55917e-05
3.04058e-05 9.53494e-05

3.04058e-05 9.53494e-05
3.11309e-05 9.51022e-05

2.82305e-05 9.60533e-05
2.89556e-05 9.58261e-05

2.89556e-05 9.58271e-05
2.93085e-05 9.57129e-05

3.1856e-05 9.48496e-05
3.14607e-05 9.49878e-05

3.11309e-05 9.51027e-05
3.14595e-05 9.49878e-05

3.1856e-05 9.48488e-05
3.25811e-05 9.45888e-05

3.40312e-05 9.4053e-05
3.34721e-05 9.42627e-05

3.25811e-05 9.45886e-05
3.33062e-05 9.43237e-05

3.33062e-05 9.43248e-05
3.34718e-05 9.42627e-05

3.40313e-05 9.40517e-05
3.47563e-05 9.3773e-05

3.54814e-05 9.34915e-05
3.53637e-05 9.35376e-05

3.47563e-05 9.37731e-05
3.53583e-05 9.35376e-05

3.54814e-05 9.34905e-05
3.62065e-05 9.31994e-05

3.62065e-05 9.31981e-05
3.69316e-05 9.29006e-05

3.69316e-05 9.29019e-05
3.71444e-05 9.28125e-05

9.757e-05 0
9.75679e-05 7.25098e-07

9.7568e-05 7.25098e-07
9.75615e-05 1.4502e-06

9.75615e-05 1.4502e-06
9.75505e-05 2.17529e-06

9.75505e-05 2.17529e-06
9.75348e-05 2.90039e-06

9.75348e-05 2.90039e-06
9.75147e-05 3.62549e-06

9.75146e-05 3.62549e-06
9.74902e-05 4.35059e-06

9.74901e-05 4.35059e-06
9.74615e-05 5.07568e-06

9.74615e-05 5.07568e-06
9.7429e-05 5.80078e-06

9.74289e-05 5.80078e-06
9.73928e-05 6.52588e-06

9.73927e-05 6.52588e-06
9.7353e-05 7.25098e-06

9.7353e-05 7.25098e-06
9.73097e-05 7.97607e-06

9.73098e-05 7.97607e-06
9.72624e-05 8.70117e-06

9.72627e-05 8.70117e-06
9.72103e-05 9.42627e-06

9.72108e-05 9.42627e-06
9.71517e-05 1.01514e-05

9.71147e-05 1.05532e-05
9.70845e-05 1.08765e-05

9.70823e-05 1.08765e-05
9.70088e-05 1.16016e-05

9.71147e-05 1.05504e-05
9.71521e-05 1.01514e-05

9.70087e-05 1.16016e-05
9.69341e-05 1.23267e-05

9.69343e-05 1.23267e-05
9.68582e-05 1.30518e-05

9.68584e-05 1.30518e-05
9.67799e-05 1.37769e-05

9.67801e-05 1.37769e-05
9.66982e-05 1.4502e-05

9.63896e-05 1.68547e-05
9.63066e-05 1.74023e-05

9.66986e-05 1.4502e-05
9.66122e-05 1.52271e-05

9.66129e-05 1.52271e-05
9.65199e-05 1.59521e-05

9.65205e-05 1.59521e-05
9.64181e-05 1.66772e-05

9.63896e-05 1.68589e-05
9.64172e-05 1.66772e-05

9.63035e-05 1.74023e-05
9.61951e-05 1.81274e-05

9.6198e-05 1.81274e-05
9.60917e-05 1.88525e-05

9.60925e-05 1.88525e-05
9.59809e-05 1.95776e-05

9.59821e-05 1.95776e-05
9.58613e-05 2.03027e-05

9.56646e-05 2.13419e-05
9.55834e-05 2.17529e-05

9.58615e-05 2.03027e-05
9.57284e-05 2.10278e-05

9.56646e-05 2.13478e-05
9.57278e-05 2.10278e-05

9.55783e-05 2.17529e-05
9.54388e-05 2.2478e-05

9.54441e-05 2.2478e-05
9.53089e-05 2.32031e-05

9.20391e-05 3.55846e-05
9.18144e-05 3.62549e-05

9.1826e-05 3.62549e-05
9.15924e-05 3.698e-05

9.15987e-05 3.698e-05
9.13419e-05 3.77051e-05

9.05889e-05 3.98093e-05
9.0562e-05 3.98804e-05

9.0547e-05 3.98804e-05
9.02739e-05 4.06055e-05

9.1314e-05 3.77291e-05
9.10664e-05 3.84302e-05

9.10815e-05 3.84302e-05
9.08348e-05 3.91553e-05

9.1314e-05 3.77782e-05
9.13398e-05 3.77051e-05

9.05889e-05 3.9819e-05
9.08396e-05 3.91553e-05

8.91387e-05 4.34845e-05
8.91297e-05 4.35059e-05

8.91122e-05 4.35059e-05
8.88054e-05 4.4231e-05

8.88248e-05 4.4231e-05
8.85158e-05 4.49561e-05

8.84136e-05 4.51394e-05
8.81718e-05 4.56812e-05

8.81863e-05 4.56812e-05
8.786e-05 4.64062e-05

8.84136e-05 4.51956e-05
8.85205e-05 4.49561e-05

8.98638e-05 4.16795e-05
8.97116e-05 4.20557e-05

9.0291e-05 4.06055e-05
9.00213e-05 4.13306e-05

8.98638e-05 4.17397e-05
9.00293e-05 4.13306e-05

8.97163e-05 4.20557e-05
8.94227e-05 4.27808e-05

8.91387e-05 4.34882e-05
8.94366e-05 4.27808e-05

9.49395e-05 2.49324e-05
9.48359e-05 2.53784e-05

9.48314e-05 2.53784e-05
9.4669e-05 2.61035e-05

9.46764e-05 2.61035e-05
9.45161e-05 2.68286e-05

9.45173e-05 2.68286e-05
9.43419e-05 2.75537e-05

9.42144e-05 2.80283e-05
9.41481e-05 2.82788e-05

9.41388e-05 2.82788e-05
9.39533e-05 2.90039e-05

9.42144e-05 2.80374e-05
9.43423e-05 2.75537e-05

9.53105e-05 2.32031e-05
9.51657e-05 2.39282e-05

9.51661e-05 2.39282e-05
9.50077e-05 2.46533e-05

9.49395e-05 2.49441e-05
9.5007e-05 2.46533e-05

9.34893e-05 3.07874e-05
9.33764e-05 3.11792e-05

9.33723e-05 3.11792e-05
9.31702e-05 3.19043e-05

9.39637e-05 2.90039e-05
9.37852e-05 2.9729e-05

9.37867e-05 2.9729e-05
-5.60918e-05 8.04858e-05

-5.60821e-05 8.04858e-05
-5.58809e-05 8.06452e-05

-5.58809e-05 8.06558e-05
-5.51645e-05 8.12109e-05

-5.51644e-05 8.12109e-05
-5.51558e-05 8.12175e-05

-5.51558e-05 8.12125e-05
-5.44307e-05 8.17582e-05

-5.44307e-05 8.17683e-05
-5.42025e-05 8.1936e-05

-5.41843e-05 8.1936e-05
-5.37056e-05 8.22949e-05

-5.37056e-05 8.23085e-05
-5.32287e-05 8.26611e-05

-5.32153e-05 8.26611e-05
-5.29805e-05 8.28305e-05

-5.29805e-05 8.28426e-05
-5.22554e-05 8.33585e-05

-5.22554e-05 8.33601e-05
-5.22175e-05 8.33862e-05

-5.22051e-05 8.33862e-05
-5.15303e-05 8.38563e-05

-5.15303e-05 8.38686e-05
-5.11814e-05 8.41113e-05

-5.11522e-05 8.41113e-05
-5.08052e-05 8.43527e-05

-5.08052e-05 8.43686e-05
-5.01131e-05 8.48364e-05

-5.01139e-05 8.48364e-05
-5.00801e-05 8.48587e-05

-5.00801e-05 8.48519e-05
-4.9355e-05 8.533e-05

-4.9355e-05 8.53412e-05
-4.90204e-05 8.55615e-05

-4.89907e-05 8.55615e-05
-4.86299e-05 8.5799e-05

-4.86299e-05 8.58153e-05
-4.79048e-05 8.62762e-05

-4.79048e-05 8.62774e-05
-4.78895e-05 8.62866e-05

-4.78699e-05 8.62866e-05
-4.71797e-05 8.67176e-05

-4.71797e-05 8.67303e-05
-4.67251e-05 8.70117e-05

-4.67097e-05 8.70117e-05
-4.64546e-05 8.71696e-05

-4.64546e-05 8.71736e-05
-4.57295e-05 8.7605e-05

-4.57295e-05 8.76129e-05
-4.5521e-05 8.77368e-05

-4.54857e-05 8.77368e-05
-4.50044e-05 8.80228e-05

-4.50044e-05 8.80426e-05
-4.42793e-05 8.84594e-05

-4.42793e-05 8.84602e-05
-4.42762e-05 8.84619e-05

-4.42442e-05 8.84619e-05
-4.35542e-05 8.8852e-05

-4.35542e-05 8.88691e-05
-4.29838e-05 8.9187e-05

-4.29819e-05 8.9187e-05
-4.28291e-05 8.92722e-05

-4.28291e-05 8.9259e-05
-4.2104e-05 8.96526e-05

-4.2104e-05 8.96655e-05
-4.16438e-05 8.99121e-05

-4.16346e-05 8.99121e-05
-4.13789e-05 9.00491e-05

-4.13789e-05 9.0043e-05
-4.06538e-05 9.04226e-05

-4.06538e-05 9.04337e-05
-4.02588e-05 9.06372e-05

-4.02446e-05 9.06372e-05
-3.99287e-05 9.07999e-05

-3.99287e-05 9.07967e-05
-3.92036e-05 9.11629e-05

-3.92036e-05 9.11738e-05
-3.88222e-05 9.13623e-05

-3.8808e-05 9.13623e-05
-3.84785e-05 9.15252e-05

-3.84785e-05 9.15202e-05
-3.77534e-05 9.18733e-05

-3.77534e-05 9.1886e-05
-3.73283e-05 9.20874e-05

-3.73188e-05 9.20874e-05
-3.70283e-05 9.2225e-05

-3.70283e-05 9.22137e-05
-3.63032e-05 9.25538e-05

-3.63032e-05 9.25708e-05
-3.57731e-05 9.28125e-05

-3.57721e-05 9.28125e-05
-3.55781e-05 9.29009e-05

-3.55781e-05 9.28838e-05
-3.4853e-05 9.32063e-05

-3.4853e-05 9.32235e-05
-3.41297e-05 9.35376e-05

-3.41298e-05 9.35376e-05
-3.41279e-05 9.35384e-05

-3.40989e-05 9.35376e-05
-3.34028e-05 9.38233e-05

-3.34028e-05 9.38262e-05
-3.26777e-05 9.41263e-05

-3.26777e-05 9.41342e-05
-3.2352e-05 9.42627e-05

-3.23409e-05 9.42627e-05
-3.19526e-05 9.44159e-05

-3.19526e-05 9.44043e-05
-3.12275e-05 9.46928e-05

-3.12275e-05 9.47109e-05
-3.05149e-05 9.49878e-05

-3.05149e-05 9.49878e-05
-3.05024e-05 9.49926e-05

-3.04859e-05 9.49878e-05
-2.97773e-05 9.5242e-05

-2.97773e-05 9.52365e-05
-2.90522e-05 9.55077e-05

-2.90522e-05 9.55239e-05
-2.85271e-05 9.57129e-05

-2.85283e-05 9.57129e-05
-2.83271e-05 9.57853e-05

-2.83271e-05 9.5773e-05
-2.76021e-05 9.60152e-05

-2.76021e-05 9.60128e-05
-2.6877e-05 9.62647e-05

-2.6877e-05 9.62782e-05
-2.63929e-05 9.6438e-05

-2.63942e-05 9.6438e-05
-2.61519e-05 9.6518e-05

-2.61519e-05 9.65073e-05
-2.54268e-05 9.67279e-05

-2.54268e-05 9.67227e-05
-2.47017e-05 9.6956e-05

-2.47017e-05 9.69731e-05
-2.40806e-05 9.71631e-05

-2.40816e-05 9.71631e-05
-2.39766e-05 9.71952e-05

-2.39766e-05 9.71839e-05
-2.32515e-05 9.73818e-05

-2.32515e-05 9.7378e-05
-2.25264e-05 9.75818e-05

-2.25264e-05 9.75874e-05
-2.18013e-05 9.77933e-05

-2.18013e-05 9.77984e-05
-2.1453e-05 9.78882e-05

-2.14518e-05 9.78882e-05
-2.10762e-05 9.7985e-05

-2.10762e-05 9.79784e-05
-2.03511e-05 9.81499e-05

-2.03511e-05 9.81479e-05
-1.9626e-05 9.83215e-05

-1.9626e-05 9.8323e-05
-1.89009e-05 9.84995e-05

-1.89009e-05 9.85078e-05
-1.84216e-05 9.86133e-05

-1.84236e-05 9.86133e-05
-1.81758e-05 9.86678e-05

-1.81758e-05 9.86602e-05
-1.74507e-05 9.88008e-05

-1.74507e-05 9.87993e-05
-1.67256e-05 9.89387e-05

-1.67256e-05 9.89389e--05
9.35913e-05 3.04541e-05

9.34893e-05 3.08075e-05
9.35911e-05 3.04541e-05

9.27642e-05 3.332e-05
9.27534e-05 3.33545e-05

9.31804e-05 3.19043e-05
9.29784e-05 3.26294e-05

9.27642e-05 3.33216e-05
9.29809e-05 3.26294e-05

9.27372e-05 3.33545e-05
9.25134e-05 3.40796e-05

9.25272e-05 3.40796e-05
9.23122e-05 3.48047e-05

9.23159e-05 3.48047e-05
9.20747e-05 3.55298e-05

9.20391e-05 3.56271e-05
9.20717e-05 3.55298e-05

05
-1.60005e-05 9.90798e-05

-1.60005e-05 9.90797e-05
-1.52754e-05 9.92219e-05

-1.52754e-05 9.92293e-05
-1.46618e-05 9.93384e-05

-1.46619e-05 9.93384e-05
-1.45503e-05 9.93582e-05

-1.45503e-05 9.9353e-05
-1.38252e-05 9.94642e-05

-1.38252e-05 9.94632e-05
-1.31001e-05 9.95689e-05

-1.31001e-05 9.95689e-05
-1.2375e-05 9.9671e-05

