0.000521984 0
0.000521986 7.25098e-07

0.000521986 7.25098e-07
0.000521989 1.4502e-06

0.000521989 1.4502e-06
0.000521995 2.17529e-06

0.000521995 2.17529e-06
0.000522003 2.90039e-06

0.000522004 2.90039e-06
0.000522014 3.62549e-06

0.000522014 3.62549e-06
0.000522022 4.13714e-06

0.000522022 4.13752e-06
0.000522025 4.35059e-06

0.000522025 4.35059e-06
0.000522038 5.07568e-06

0.000522038 5.07568e-06
0.000522054 5.80078e-06

0.000522055 5.80078e-06
0.000522072 6.52588e-06

0.000522072 6.52588e-06
0.000522091 7.25098e-06

0.000522091 7.25098e-06
0.000522111 7.97607e-06

0.000522111 7.97607e-06
0.00052213 8.70117e-06

0.00052213 8.70117e-06
0.000522149 9.42627e-06

0.000522149 9.42627e-06
0.000522169 1.01514e-05

0.000522169 1.01514e-05
0.000522189 1.08765e-05

0.000522189 1.08765e-05
0.000522209 1.16016e-05

0.000530985 0
0.000530987 1.4502e-06

0.000530987 1.4502e-06
0.000530994 2.90039e-06

0.000530994 2.90039e-06
0.000531006 4.35059e-06

0.000531007 4.35059e-06
0.000531023 5.80078e-06

0.000531022 5.80078e-06
0.000531042 7.25098e-06

0.000531043 7.25098e-06
0.000531068 8.70117e-06

0.000531068 8.70117e-06
0.000531095 1.01514e-05

0.000531095 1.01514e-05
0.000531125 1.16016e-05

0.000522209 1.16016e-05
0.00052223 1.23267e-05

0.00052223 1.23267e-05
0.000522251 1.30518e-05

0.000522251 1.30518e-05
0.000522272 1.37769e-05

0.000522272 1.37769e-05
0.000522294 1.4502e-05

0.000522294 1.4502e-05
0.000522317 1.52271e-05

0.000522317 1.52271e-05
0.00052234 1.59521e-05

0.00052234 1.59521e-05
0.000522364 1.66772e-05

0.000522364 1.66772e-05
0.000522389 1.74023e-05

0.000522389 1.74023e-05
0.000522415 1.81274e-05

0.000522415 1.81274e-05
0.000522441 1.88525e-05

0.000522441 1.88525e-05
0.000522469 1.95776e-05

0.000522469 1.95776e-05
0.000522498 2.03027e-05

0.000522498 2.03027e-05
0.000522527 2.10278e-05

0.000522527 2.10278e-05
0.000522558 2.17529e-05

0.000522558 2.17529e-05
0.00052259 2.2478e-05

0.00052259 2.2478e-05
0.000522623 2.32031e-05

0.000531125 1.16016e-05
0.000531159 1.30518e-05

0.000531159 1.30518e-05
0.000531196 1.4502e-05

0.000531195 1.4502e-05
0.000531235 1.59521e-05

0.000531235 1.59521e-05
0.000531278 1.74023e-05

0.000531278 1.74023e-05
0.000531325 1.88525e-05

0.000531325 1.88525e-05
0.000531376 2.03027e-05

0.000531376 2.03027e-05
0.000531431 2.17529e-05

0.00053143 2.17529e-05
0.000531448 2.21984e-05

0.000531448 2.21789e-05
0.00053146 2.2478e-05

0.00053146 2.2478e-05
0.000531491 2.32031e-05

0.000522623 2.32031e-05
0.000522657 2.39282e-05

0.000522657 2.39282e-05
0.000522693 2.46533e-05

0.000522693 2.46533e-05
0.000522729 2.53784e-05

0.000522729 2.53784e-05
0.000522747 2.5716e-05

0.000522747 2.5716e-05
0.000522767 2.61035e-05

0.000522767 2.61035e-05
0.000522807 2.68286e-05

0.000522806 2.68286e-05
0.000522847 2.75537e-05

0.000522847 2.75537e-05
0.000522889 2.82788e-05

0.000522889 2.82788e-05
0.000522931 2.90039e-05

0.000522931 2.90039e-05
0.000522975 2.9729e-05

0.000522975 2.9729e-05
0.000523021 3.04541e-05

0.000523021 3.04541e-05
0.000523067 3.11792e-05

0.000523067 3.11792e-05
0.000523115 3.19043e-05

0.000523115 3.19043e-05
0.000523164 3.26294e-05

0.000523164 3.26294e-05
0.000523214 3.33545e-05

0.000523214 3.33545e-05
0.000523265 3.40796e-05

0.000523265 3.40796e-05
0.000523318 3.48047e-05

0.000531447 2.32031e-05
0.000531448 2.32251e-05

0.00053149 2.32031e-05
0.000531523 2.39282e-05

0.000531523 2.39282e-05
0.000531557 2.46533e-05

0.000531556 2.46533e-05
0.000531591 2.53784e-05

0.000531592 2.53784e-05
0.000531628 2.61035e-05

0.000531628 2.61035e-05
0.000531666 2.68286e-05

0.000531666 2.68286e-05
0.000531706 2.75537e-05

0.000531705 2.75537e-05
0.000531746 2.82788e-05

0.000531746 2.82788e-05
0.000531789 2.90039e-05

0.000531788 2.90039e-05
0.000531832 2.9729e-05

0.000531832 2.9729e-05
0.000531877 3.04541e-05

0.000531877 3.04541e-05
0.000531923 3.11792e-05

0.000531923 3.11792e-05
0.000531971 3.19043e-05

0.000531971 3.19043e-05
0.00053202 3.26294e-05

0.00053202 3.26294e-05
0.00053207 3.33545e-05

0.00053207 3.33545e-05
0.000532121 3.40796e-05

0.000532122 3.40796e-05
0.000532173 3.47839e-05

0.000532173 3.47839e-05
0.000532175 3.48047e-05

0.000523318 3.48047e-05
0.000523371 3.55298e-05

0.000523371 3.55298e-05
0.000523426 3.62549e-05

0.000523426 3.62549e-05
0.000523472 3.68452e-05

0.000523472 3.68451e-05
0.000523483 3.698e-05

0.000523483 3.698e-05
0.00052354 3.77051e-05

0.00052354 3.77051e-05
0.000523599 3.84302e-05

0.000523599 3.84302e-05
0.000523659 3.91553e-05

0.000523659 3.91553e-05
0.00052372 3.98804e-05

0.00052372 3.98804e-05
0.000523783 4.06055e-05

0.000523783 4.06055e-05
0.000523847 4.13306e-05

0.000523847 4.13306e-05
0.000523912 4.20557e-05

0.000523912 4.20557e-05
0.000523979 4.27808e-05

0.000523979 4.27808e-05
0.000524047 4.35059e-05

0.000524047 4.35059e-05
0.000524116 4.4231e-05

0.000524116 4.4231e-05
0.000524186 4.49561e-05

0.000524186 4.49561e-05
0.000524197 4.50657e-05

0.000524197 4.50656e-05
0.000524258 4.56812e-05

0.000524258 4.56812e-05
0.000524332 4.64062e-05

0.000532174 3.48047e-05
0.000532229 3.55298e-05

0.000532229 3.55298e-05
0.000532285 3.62549e-05

0.000532285 3.62549e-05
0.000532342 3.698e-05

0.000532343 3.698e-05
0.000532402 3.77051e-05

0.000532401 3.77051e-05
0.000532462 3.84302e-05

0.000532462 3.84302e-05
0.000532524 3.91553e-05

0.000532524 3.91553e-05
0.000532587 3.98804e-05

0.000532587 3.98804e-05
0.000532652 4.06055e-05

0.000532652 4.06055e-05
0.000532718 4.13306e-05

0.000532718 4.13306e-05
0.000532786 4.20557e-05

0.000532786 4.20557e-05
0.000532898 4.32179e-05

0.000532898 4.32192e-05
0.000532927 4.35059e-05

0.000532927 4.35059e-05
0.000533 4.4231e-05

0.000533 4.4231e-05
0.000533074 4.49561e-05

0.000533074 4.49561e-05
0.000533151 4.56812e-05

0.000533151 4.56812e-05
0.000533229 4.64062e-05

0.000524332 4.64062e-05
0.000524407 4.71313e-05

0.000524407 4.71313e-05
0.000524483 4.78564e-05

0.000524483 4.78564e-05
0.000524561 4.85815e-05

0.000524561 4.85815e-05
0.000524641 4.93066e-05

0.000524641 4.93066e-05
0.000524722 5.00317e-05

0.000524722 5.00317e-05
0.000524805 5.07568e-05

0.000524805 5.07568e-05
0.000524889 5.14819e-05

0.000524889 5.14819e-05
0.000524922 5.17589e-05

0.000524922 5.17588e-05
0.000524976 5.2207e-05

0.000524976 5.2207e-05
0.000525064 5.29321e-05

0.000525064 5.29321e-05
0.000525154 5.36572e-05

0.000525154 5.36572e-05
0.000525246 5.43823e-05

0.000525246 5.43823e-05
0.00052534 5.51074e-05

0.00052534 5.51074e-05
0.000525436 5.58325e-05

0.000525436 5.58325e-05
0.000525535 5.65576e-05

0.000525535 5.65576e-05
0.000525635 5.72827e-05

0.000525635 5.72827e-05
0.000525647 5.73701e-05

0.000525647 5.737e-05
0.000525738 5.80078e-05

0.000525738 5.80078e-05
0.000525844 5.87329e-05

0.000525844 5.87329e-05
0.000525952 5.9458e-05

0.000525952 5.9458e-05
0.000526062 6.01831e-05

0.000526062 6.01831e-05
0.000526176 6.09082e-05

0.000526176 6.09082e-05
0.000526292 6.16333e-05

0.000526292 6.16333e-05
0.000526373 6.21253e-05

0.000526373 6.21253e-05
0.000526411 6.23584e-05

0.000526411 6.23584e-05
0.000526533 6.30835e-05

0.000526533 6.30835e-05
0.000526659 6.38086e-05

0.000526659 6.38086e-05
0.000526787 6.45337e-05

0.000526787 6.45337e-05
0.000526919 6.52588e-05

0.000526919 6.52588e-05
0.000527055 6.59839e-05

0.000527054 6.59839e-05
0.000527098 6.62091e-05

0.000527098 6.6209e-05
0.000527194 6.6709e-05

0.000527194 6.6709e-05
0.000527337 6.74341e-05

0.000527337 6.74341e-05
0.000527483 6.81592e-05

0.000527483 6.81592e-05
0.000527634 6.88843e-05

0.000527634 6.88843e-05
0.000527788 6.96094e-05

0.000533229 4.64062e-05
0.000533309 4.71313e-05

0.000533309 4.71313e-05
0.000533391 4.78564e-05

0.000533391 4.78564e-05
0.000533475 4.85815e-05

0.000533475 4.85815e-05
0.000533561 4.93066e-05

0.000533561 4.93066e-05
0.000533624 4.98203e-05

0.000533624 4.98203e-05
0.000533649 5.00317e-05

0.000533649 5.00317e-05
0.000533739 5.07568e-05

0.000533739 5.07568e-05
0.000533831 5.14819e-05

0.000533831 5.14819e-05
0.000533926 5.2207e-05

0.000533926 5.2207e-05
0.000534022 5.29321e-05

0.000534022 5.29321e-05
0.000534121 5.36572e-05

0.00053412 5.36572e-05
0.000534324 5.51074e-05

0.000534323 5.51074e-05
0.000534349 5.5282e-05

0.000534349 5.52737e-05
0.00053443 5.58325e-05

0.00053443 5.58325e-05
0.000534538 5.65576e-05

0.000534538 5.65576e-05
0.000534648 5.72827e-05

0.000534649 5.72827e-05
0.000534762 5.80078e-05

0.000534761 5.80078e-05
0.000534876 5.87329e-05

0.000534877 5.87329e-05
0.000534995 5.9458e-05

0.000534994 5.9458e-05
0.000535074 5.9936e-05

0.000535074 5.9936e-05
0.000535115 6.01831e-05

0.000535115 6.01831e-05
0.000535238 6.09082e-05

0.000535238 6.09082e-05
0.000535364 6.16333e-05

0.000535364 6.16333e-05
0.000535493 6.23584e-05

0.000535492 6.23584e-05
0.000535623 6.30835e-05

0.000535624 6.30835e-05
0.000535758 6.38086e-05

0.000535757 6.38086e-05
0.000535799 6.4029e-05

0.000535799 6.40289e-05
0.000535894 6.45337e-05

0.000535894 6.45337e-05
0.000536034 6.52588e-05

0.000536033 6.52588e-05
0.000536175 6.59839e-05

0.000536176 6.59839e-05
0.000536321 6.6709e-05

0.000536321 6.6709e-05
0.000536468 6.74341e-05

0.000536468 6.74341e-05
0.000536524 6.77013e-05

0.000536524 6.77012e-05
0.000536619 6.81592e-05

0.000536619 6.81592e-05
0.000536773 6.88843e-05

0.000536774 6.88843e-05
0.000536931 6.96094e-05

0.000527788 6.96094e-05
0.000527823 6.97675e-05

0.000527823 6.97675e-05
0.000527947 7.03345e-05

0.000527947 7.03345e-05
0.00052811 7.10596e-05

0.00052811 7.10596e-05
0.000528278 7.17847e-05

0.000528278 7.17847e-05
0.00052845 7.25098e-05

0.00052845 7.25098e-05
0.000528548 7.29124e-05

0.000528548 7.29124e-05
0.000528626 7.32349e-05

0.000528626 7.32349e-05
0.000528808 7.396e-05

0.000528808 7.396e-05
0.000528994 7.46851e-05

0.000528994 7.46851e-05
0.000529184 7.54102e-05

0.000529184 7.54102e-05
0.000529273 7.57393e-05

0.000529273 7.57392e-05
0.00052938 7.61353e-05

0.00052938 7.61353e-05
0.00052958 7.68604e-05

0.00052958 7.68604e-05
0.000529786 7.75854e-05

0.000529785 7.75854e-05
0.000529995 7.83105e-05

0.000529995 7.83105e-05
0.000529998 7.83201e-05

0.000529998 7.832e-05
0.00053021 7.90356e-05

0.000530211 7.90356e-05
0.000530431 7.97607e-05

0.000530431 7.97607e-05
0.000530655 8.04858e-05

0.000530655 8.04858e-05
0.000530723 8.07008e-05

0.000530723 8.07007e-05
0.000530885 8.12109e-05

0.000530885 8.12109e-05
0.00053112 8.1936e-05

0.00053112 8.1936e-05
0.000531359 8.26611e-05

0.000531359 8.26611e-05
0.000531448 8.29266e-05

0.000531448 8.29266e-05
0.000531603 8.33862e-05

0.000531603 8.33862e-05
0.000531852 8.41113e-05

0.000531852 8.41113e-05
0.000532105 8.48364e-05

0.000532105 8.48364e-05
0.000532173 8.50286e-05

0.000532173 8.50284e-05
0.000532363 8.55615e-05

0.000532363 8.55615e-05
0.000532626 8.62866e-05

0.000532626 8.62866e-05
0.000532892 8.70117e-05

0.000532892 8.70117e-05
0.000532898 8.70285e-05

0.00053693 6.96094e-05
0.000537091 7.03345e-05

0.000537091 7.03345e-05
0.000537249 7.10371e-05

0.000537246 7.10596e-05
0.000537249 7.10732e-05

0.000537249 7.1037e-05
0.000537254 7.10596e-05

0.000537254 7.10596e-05
0.000537421 7.17847e-05

0.000537422 7.17847e-05
0.000537592 7.25098e-05

0.000537592 7.25098e-05
0.000537765 7.32349e-05

0.000537765 7.32349e-05
0.000537942 7.396e-05

0.000537942 7.396e-05
0.000537974 7.40892e-05

0.000537974 7.4089e-05
0.000538123 7.46851e-05

0.000538123 7.46851e-05
0.000538308 7.54102e-05

0.000538307 7.54102e-05
0.000538494 7.61353e-05

0.000538494 7.61353e-05
0.000538685 7.68604e-05

0.000538685 7.68604e-05
0.000538699 7.69139e-05

0.000538699 7.69137e-05
0.000538879 7.75854e-05

0.00053888 7.75854e-05
0.000539078 7.83105e-05

0.000539077 7.83105e-05
0.000539278 7.90356e-05

0.000539278 7.90356e-05
0.000539424 7.95523e-05

0.000539424 7.95523e-05
0.000539483 7.97607e-05

0.000539483 7.97607e-05
0.000539691 8.04858e-05

0.000539692 8.04858e-05
0.000539903 8.12109e-05

0.000532898 8.70282e-05
0.000533164 8.77368e-05

0.000533164 8.77368e-05
0.000533439 8.84619e-05

0.000533439 8.84619e-05
0.000533624 8.89408e-05

0.000533624 8.89408e-05
0.000533718 8.9187e-05

0.000533718 8.9187e-05
0.000534002 8.99121e-05

0.000534002 8.99121e-05
0.00053429 9.06372e-05

0.000534289 9.06372e-05
0.000534349 9.07846e-05

0.000534349 9.07844e-05
0.000534581 9.13623e-05

0.000534581 9.13623e-05
0.000534876 9.20874e-05

0.000534876 9.20874e-05
0.000535074 9.2568e-05

0.000535074 9.25679e-05
0.000535174 9.28125e-05

0.000539903 8.12109e-05
0.000540118 8.1936e-05

0.000540118 8.1936e-05
0.000540149 8.20413e-05

0.000540149 8.20411e-05
0.000540336 8.26611e-05

0.000540335 8.26611e-05
0.000540557 8.33862e-05

0.000540558 8.33862e-05
0.000540783 8.41113e-05

0.000540783 8.41113e-05
0.000540875 8.44033e-05

0.000540875 8.44032e-05
0.000541011 8.48364e-05

0.000541011 8.48364e-05
0.000541242 8.55615e-05

0.000541242 8.55615e-05
0.000541477 8.62866e-05

0.000541477 8.62866e-05
0.0005416 8.66594e-05

0.0005416 8.66593e-05
0.000541715 8.70117e-05

0.000541715 8.70117e-05
0.000541956 8.77368e-05

0.000541956 8.77368e-05
0.0005422 8.84619e-05

0.0005422 8.84619e-05
0.000542325 8.88269e-05

0.000542325 8.88268e-05
0.000542448 8.9187e-05

0.000542448 8.9187e-05
0.000542698 8.99121e-05

0.000542698 8.99121e-05
0.000542951 9.06372e-05

0.000542951 9.06372e-05
0.00054305 9.09164e-05

0.00054305 9.09163e-05
0.000543207 9.13623e-05

0.000543207 9.13623e-05
0.000543467 9.20874e-05

0.000543467 9.20874e-05
0.000543729 9.28125e-05

0.000535175 9.28125e-05
0.000535477 9.35376e-05

0.000535477 9.35376e-05
0.000535782 9.42627e-05

0.000535782 9.42627e-05
0.000535799 9.43016e-05

0.000535799 9.43012e-05
0.000536091 9.49878e-05

0.000536091 9.49878e-05
0.000536403 9.57129e-05

0.000536403 9.57129e-05
0.000536524 9.59903e-05

0.000536524 9.59901e-05
0.000536719 9.6438e-05

0.000536719 9.6438e-05
0.000537037 9.71631e-05

0.000537037 9.71631e-05
0.000537249 9.76419e-05

0.000537249 9.76418e-05
0.000537358 9.78882e-05

0.000537358 9.78882e-05
0.000537682 9.86133e-05

0.000537682 9.86133e-05
0.000537974 9.92612e-05

0.000537974 9.92612e-05
0.000538009 9.93384e-05

0.000538009 9.93384e-05
0.000538338 0.000100063

0.000538338 0.000100063
0.00053867 0.000100789

0.00053867 0.000100789
0.000538699 0.000100853

0.000543729 9.28125e-05
0.000543775 9.29388e-05

0.000543775 9.29387e-05
0.000543994 9.35376e-05

0.000543994 9.35376e-05
0.000544262 9.42627e-05

0.000544261 9.42627e-05
0.0005445 9.49018e-05

0.000538699 0.000100852
0.000539004 0.000101514

0.000539005 0.000101514
0.000539341 0.000102239

0.000539341 0.000102239
0.000539424 0.000102417

0.000539424 0.000102417
0.00053968 0.000102964

0.00053968 0.000102964
0.000540021 0.000103689

0.000540021 0.000103689
0.000540149 0.00010396

0.000540149 0.00010396
0.000540364 0.000104414

0.000540365 0.000104414
0.00054071 0.000105139

0.00054071 0.000105139
0.000540875 0.000105484

0.000540875 0.000105483
0.000541057 0.000105864

0.000541057 0.000105864
0.000541406 0.000106589

0.000541405 0.000106589
0.0005416 0.000106991

0.0005416 0.000106991
0.000541756 0.000107314

0.000541756 0.000107314
0.000542109 0.00010804

0.000542109 0.00010804
0.000542325 0.000108483

0.000542325 0.000108482
0.000542462 0.000108765

0.000542463 0.000108765
0.000542818 0.00010949

0.000542817 0.00010949
0.00054305 0.000109962

0.00054305 0.000109962
0.000543174 0.000110215

0.000543175 0.000110215
0.000543533 0.00011094

0.000543533 0.00011094
0.000543775 0.000111429

0.000543775 0.000111428
0.000543892 0.000111665

0.000543892 0.000111665
0.000544253 0.00011239

0.000544253 0.00011239
0.0005445 0.000112886

0.0005445 9.49019e-05
0.000544532 9.49878e-05

0.000544532 9.49878e-05
0.000544805 9.57129e-05

0.000544805 9.57129e-05
0.000545081 9.6438e-05

0.000545081 9.6438e-05
0.000545225 9.68123e-05

0.000545225 9.68123e-05
0.00054536 9.71631e-05

0.00054536 9.71631e-05
0.000545641 9.78882e-05

0.000545641 9.78882e-05
0.000545925 9.86133e-05

0.000545925 9.86133e-05
0.00054595 9.86782e-05

0.00054595 9.8678e-05
0.000546211 9.93384e-05

0.000546211 9.93384e-05
0.000546499 0.000100063

0.000546499 0.000100063
0.000546675 0.000100502

0.000546675 0.000100502
0.00054679 0.000100789

0.00054679 0.000100789
0.000547084 0.000101514

0.000547083 0.000101514
0.000547379 0.000102239

0.000547379 0.000102239
0.0005474 0.000102291

0.0005474 0.000102291
0.000547677 0.000102964

0.000547677 0.000102964
0.000547977 0.000103689

0.000547977 0.000103689
0.000548125 0.000104046

0.000548125 0.000104046
0.000548279 0.000104414

0.000548279 0.000104414
0.000548583 0.000105139

0.000548583 0.000105139
0.000548851 0.000105772

0.000548851 0.000105772
0.00054889 0.000105864

0.00054889 0.000105864
0.000549198 0.000106589

0.000549198 0.000106589
0.000549508 0.000107314

0.000549508 0.000107314
0.000549576 0.000107471

0.000549576 0.000107471
0.000549821 0.00010804

0.000549821 0.00010804
0.000550135 0.000108765

0.000550135 0.000108765
0.000550301 0.000109146

0.0005445 0.000112885
0.000544615 0.000113115

0.000544615 0.000113115
0.000544978 0.00011384

0.000544978 0.00011384
0.000545225 0.000114332

0.000545225 0.000114332
0.000545343 0.000114565

0.000545343 0.000114565
0.000545708 0.000115291

0.000545708 0.000115291
0.00054595 0.000115771

0.00054595 0.00011577
0.000546074 0.000116016

0.000550301 0.000109146
0.00055045 0.00010949

0.00055045 0.00010949
0.000550768 0.000110215

0.000550768 0.000110215
0.000551026 0.000110801

0.000551026 0.000110801
0.000551087 0.00011094

0.000551087 0.00011094
0.000551408 0.000111665

0.000551408 0.000111665
0.00055173 0.00011239

0.00055173 0.00011239
0.000551751 0.000112436

0.000551751 0.000112436
0.000552054 0.000113115

0.000552054 0.000113115
0.00055238 0.00011384

0.00055238 0.00011384
0.000552476 0.000114054

0.000552476 0.000114054
0.000552706 0.000114565

0.000552706 0.000114565
0.000553035 0.000115291

0.000553035 0.000115291
0.000553201 0.000115657

0.000553201 0.000115657
0.000553364 0.000116016

0.000546074 0.000116016
0.000546442 0.000116741

0.000546442 0.000116741
0.000546675 0.0001172

0.000546675 0.0001172
0.00054681 0.000117466

0.00054681 0.000117466
0.00054718 0.000118191

0.000547179 0.000118191
0.0005474 0.000118624

0.0005474 0.000118624
0.00054755 0.000118916

0.00054755 0.000118916
0.000547921 0.000119641

0.000547921 0.000119641
0.000548125 0.000120039

0.000548125 0.000120039
0.000548293 0.000120366

0.000548293 0.000120366
0.000548666 0.000121091

0.000548666 0.000121091
0.000548851 0.00012145

0.000548851 0.000121449
0.00054904 0.000121816

0.00054904 0.000121816
0.000549415 0.000122542

0.000549414 0.000122542
0.000549576 0.000122853

0.000549576 0.000122853
0.00054979 0.000123267

0.00054979 0.000123267
0.000550166 0.000123992

0.000550166 0.000123992
0.000550301 0.000124251

0.000553364 0.000116016
0.000553695 0.000116741

0.000553695 0.000116741
0.000553926 0.000117247

0.000553926 0.000117247
0.000554026 0.000117466

0.000554026 0.000117466
0.000554359 0.000118191

0.000554359 0.000118191
0.000554651 0.000118825

0.000554651 0.000118825
0.000554693 0.000118916

0.000554693 0.000118916
0.000555029 0.000119641

0.000555029 0.000119641
0.000555365 0.000120366

0.000555365 0.000120366
0.000555376 0.000120391

0.000555376 0.000120391
0.000555702 0.000121091

0.000555702 0.000121091
0.00055604 0.000121816

0.000550301 0.000124251
0.000550543 0.000124717

0.000550543 0.000124717
0.00055092 0.000125442

0.00055092 0.000125442
0.000551026 0.000125645

0.000551026 0.000125645
0.000551298 0.000126167

0.000551298 0.000126167
0.000551676 0.000126892

0.000551676 0.000126892
0.000551751 0.000127036

0.000551751 0.000127035
0.000552055 0.000127617

0.00055604 0.000121816
0.000556102 0.000121948

0.000552055 0.000127617
0.000552434 0.000128342

0.000552434 0.000128342
0.000552476 0.000128423

0.000552476 0.000128423
0.000552814 0.000129067

0.000552814 0.000129067
0.000553194 0.000129792

0.000553194 0.000129792
0.000553201 0.000129807

0.000553201 0.000129807
0.000553574 0.000130518

0.000553574 0.000130518
0.000553926 0.000131189

0.000553926 0.000131189
0.000553955 0.000131243

0.000553955 0.000131243
0.000554335 0.000131968

0.000554336 0.000131968
0.000554651 0.000132569

0.000554651 0.000132569
0.000554717 0.000132693

0.000554717 0.000132693
0.000555098 0.000133418

0.000555098 0.000133418
0.000555376 0.000133947

0.000555376 0.000133947
0.00055548 0.000134143

0.00055548 0.000134143
0.000555861 0.000134868

0.000555861 0.000134868
0.000556102 0.000135325

0.000556102 0.000121948
0.000556379 0.000122542

0.000556379 0.000122542
0.00055672 0.000123267

0.00055672 0.000123267
0.000556827 0.000123494

0.000556827 0.000123494
0.000557061 0.000123992

0.000557061 0.000123992
0.000557403 0.000124717

0.000557403 0.000124717
0.000557552 0.000125032

0.000557552 0.000125032
0.000557746 0.000125442

0.000557746 0.000125442
0.000558089 0.000126167

0.000558089 0.000126167
0.000558277 0.000126561

0.000558277 0.000126561
0.000558434 0.000126892

0.000558434 0.000126892
0.000558779 0.000127617

0.000558779 0.000127617
0.000559002 0.000128083

0.000559002 0.000128083
0.000559126 0.000128342

0.000559126 0.000128342
0.000559473 0.000129067

0.000559473 0.000129067
0.000559727 0.000129598

0.000559727 0.000129598
0.00055982 0.000129792

0.00055982 0.000129792
0.000560168 0.000130518

0.000560168 0.000130518
0.000560452 0.000131107

0.000560452 0.000131107
0.000560517 0.000131243

0.000560517 0.000131243
0.000560867 0.000131968

0.000560867 0.000131968
0.000561177 0.00013261

0.000561177 0.00013261
0.000561217 0.000132693

0.000561217 0.000132693
0.000561568 0.000133418

0.000556102 0.000135324
0.000556243 0.000135593

0.000556243 0.000135593
0.000556625 0.000136318

0.000556625 0.000136318
0.000556827 0.000136701

0.000556827 0.0001367
0.000557007 0.000137043

0.000557008 0.000137043
0.00055739 0.000137769

0.00055739 0.000137769
0.000557552 0.000138076

0.000557552 0.000138075
0.000557772 0.000138494

0.000557773 0.000138494
0.000558155 0.000139219

0.000561568 0.000133418
0.000561902 0.000134109

0.000561902 0.000134109
0.000561919 0.000134143

0.000561919 0.000134143
0.000562271 0.000134868

0.000562271 0.000134868
0.000562623 0.000135593

0.000562623 0.000135593
0.000562627 0.000135602

0.000562627 0.000135602
0.000562976 0.000136318

0.000562976 0.000136318
0.000563329 0.000137043

0.000563329 0.000137043
0.000563353 0.000137091

0.000563353 0.000137091
0.000563683 0.000137769

0.000563683 0.000137769
0.000564037 0.000138494

0.000564037 0.000138494
0.000564078 0.000138576

0.000564078 0.000138576
0.000564392 0.000139219

0.000558155 0.000139219
0.000558277 0.00013945

0.000558277 0.00013945
0.000558538 0.000139944

0.000558538 0.000139944
0.000558921 0.000140669

0.000558921 0.000140669
0.000559002 0.000140823

0.000559002 0.000140823
0.000559304 0.000141394

0.000559304 0.000141394
0.000559687 0.000142119

0.000559687 0.000142119
0.000559727 0.000142195

0.000559727 0.000142195
0.00056007 0.000142844

0.00056007 0.000142844
0.000560452 0.000143566

0.000560452 0.000143566
0.000560454 0.000143569

0.000560454 0.000143569
0.000560837 0.000144294

0.000560837 0.000144294
0.000561177 0.000144937

0.000561177 0.000144937
0.000561221 0.00014502

0.000561221 0.00014502
0.000561605 0.000145745

0.000561605 0.000145745
0.000561902 0.000146307

0.000564392 0.000139219
0.000564747 0.000139944

0.000564747 0.000139944
0.000564803 0.000140057

0.000564803 0.000140057
0.000565103 0.000140669

0.000565103 0.000140669
0.000565459 0.000141394

0.000565459 0.000141394
0.000565528 0.000141534

0.000565528 0.000141534
0.000565815 0.000142119

0.000565815 0.000142119
0.000566172 0.000142844

0.000566172 0.000142844
0.000566253 0.000143008

0.000566253 0.000143008
0.00056653 0.000143569

0.00056653 0.000143569
0.000566887 0.000144294

0.000566887 0.000144294
0.000566978 0.000144478

0.000566978 0.000144478
0.000567245 0.00014502

0.000561902 0.000146307
0.000561989 0.00014647

0.000561989 0.00014647
0.000562373 0.000147195

0.000562373 0.000147195
0.000562627 0.000147675

0.000562627 0.000147675
0.000562757 0.00014792

0.000562757 0.00014792
0.000563142 0.000148645

0.000563141 0.000148645
0.000563353 0.000149043

0.000563353 0.000149043
0.000563526 0.00014937

0.000563526 0.00014937
0.000563911 0.000150095

0.00056391 0.000150095
0.000564078 0.00015041

0.000564078 0.00015041
0.000564295 0.00015082

0.000567245 0.00014502
0.000567604 0.000145745

0.000567604 0.000145745
0.000567703 0.000145945

0.000564295 0.00015082
0.00056468 0.000151545

0.00056468 0.000151545
0.000564803 0.000151777

0.000564803 0.000151776
0.000565065 0.000152271

0.000565065 0.000152271
0.000565451 0.000152996

0.00056545 0.000152996
0.000565528 0.000153141

0.000565528 0.000153141
0.000565836 0.000153721

0.000565836 0.000153721
0.000566222 0.000154446

0.000566221 0.000154446
0.000566253 0.000154505

0.000566253 0.000154505
0.000566607 0.000155171

0.000566607 0.000155171
0.000566978 0.000155867

0.000566978 0.000155867
0.000566993 0.000155896

0.000566993 0.000155896
0.00056738 0.000156621

0.00056738 0.000156621
0.000567703 0.000157228

0.000567703 0.000145945
0.000567963 0.00014647

0.000567963 0.00014647
0.000568323 0.000147195

0.000568323 0.000147195
0.000568428 0.000147408

0.000568428 0.000147408
0.000568682 0.00014792

0.000568682 0.00014792
0.000569043 0.000148645

0.000569043 0.000148645
0.000569153 0.000148867

0.000569153 0.000148867
0.000569403 0.00014937

0.000569403 0.00014937
0.000569765 0.000150095

0.000569765 0.000150095
0.000569878 0.000150323

0.000569878 0.000150323
0.000570126 0.00015082

0.000570126 0.00015082
0.000570488 0.000151545

0.000570488 0.000151545
0.000570604 0.000151776

0.000570604 0.000151776
0.000570851 0.000152271

0.000570851 0.000152271
0.000571214 0.000152996

0.000571214 0.000152996
0.000571329 0.000153225

0.000571329 0.000153225
0.000571577 0.000153721

0.000571577 0.000153721
0.000571941 0.000154446

0.000571941 0.000154446
0.000572054 0.00015467

0.000572054 0.00015467
0.000572305 0.000155171

0.000572305 0.000155171
0.00057267 0.000155896

0.00057267 0.000155896
0.000572779 0.000156112

0.000572779 0.000156112
0.000573035 0.000156621

0.000567703 0.000157228
0.000567766 0.000157346

0.000567766 0.000157346
0.000568153 0.000158071

0.000568153 0.000158071
0.000568428 0.000158588

0.000568428 0.000158588
0.00056854 0.000158796

0.00056854 0.000158796
0.000568927 0.000159521

0.000568927 0.000159521
0.000569153 0.000159946

0.000569153 0.000159946
0.000569314 0.000160247

0.000569314 0.000160247
0.000569702 0.000160972

0.000569702 0.000160972
0.000569878 0.000161302

0.000569878 0.000161302
0.00057009 0.000161697

0.00057009 0.000161697
0.000570478 0.000162422

0.000573035 0.000156621
0.000573401 0.000157346

0.000573401 0.000157346
0.000573504 0.00015755

0.000573504 0.00015755
0.000573767 0.000158071

0.000573767 0.000158071
0.000574134 0.000158796

0.000574134 0.000158796
0.000574229 0.000158984

0.000574229 0.000158984
0.000574501 0.000159521

0.000574501 0.000159521
0.000574869 0.000160247

0.000574869 0.000160247
0.000574954 0.000160414

0.000574954 0.000160414
0.000575237 0.000160972

0.000575237 0.000160972
0.000575606 0.000161697

0.000575606 0.000161697
0.000575679 0.00016184

0.000575679 0.00016184
0.000575976 0.000162422

0.000570478 0.000162422
0.000570604 0.000162656

0.000570604 0.000162656
0.000570867 0.000163147

0.000570867 0.000163147
0.000571256 0.000163872

0.000571256 0.000163872
0.000571329 0.000164008

0.000571329 0.000164008
0.000571645 0.000164597

0.000571645 0.000164597
0.000572035 0.000165322

0.000572035 0.000165322
0.000572054 0.000165358

0.000572054 0.000165357
0.000572425 0.000166047

0.000572425 0.000166047
0.000572779 0.000166704

0.000572779 0.000166704
0.000572816 0.000166772

0.000572816 0.000166772
0.000573207 0.000167498

0.000573207 0.000167498
0.000573504 0.000168047

0.000575976 0.000162422
0.000576346 0.000163147

0.000576346 0.000163147
0.000576404 0.000163262

0.000573504 0.000168047
0.000573599 0.000168223

0.000576404 0.000163262
0.000576716 0.000163872

0.000576716 0.000163872
0.000577088 0.000164597

0.000577088 0.000164597
0.000577129 0.000164679

0.000577129 0.000164679
0.00057746 0.000165322

0.00057746 0.000165322
0.000577832 0.000166047

0.000577832 0.000166047
0.000577854 0.000166091

0.000577854 0.000166091
0.000578205 0.000166772

0.000578205 0.000166772
0.00057858 0.000167498

0.00057858 0.000167498
0.000578954 0.000168223

0.000573599 0.000168223
0.000573991 0.000168948

0.000573991 0.000168948
0.000574229 0.000169388

0.000574229 0.000169388
0.000574383 0.000169673

0.000574384 0.000169673
0.000574777 0.000170398

0.000574777 0.000170398
0.000574954 0.000170725

0.000574954 0.000170724
0.000575171 0.000171123

0.000575171 0.000171123
0.000575565 0.000171848

0.000575565 0.000171848
0.000575679 0.000172058

0.000575679 0.000172057
0.00057596 0.000172573

0.000575961 0.000172573
0.000576357 0.000173298

0.000576356 0.000173298
0.000576404 0.000173386

0.000578954 0.000168223
0.000579305 0.000168899

0.000576404 0.000173386
0.000576753 0.000174023

0.000576753 0.000174023
0.000577129 0.000174709

0.000577129 0.000174709
0.000577151 0.000174749

0.000577151 0.000174749
0.000577549 0.000175474

0.000577549 0.000175474
0.000577854 0.000176028

0.000577854 0.000176028
0.000577948 0.000176199

0.000577948 0.000176199
0.000578348 0.000176924

0.000578348 0.000176924
0.00057858 0.000177342

0.00057858 0.000177342
0.000578749 0.000177649

0.00057875 0.000177649
0.000579152 0.000178374

0.000579151 0.000178374
0.000579305 0.00017865

0.000579305 0.000168899
0.00057933 0.000168948

0.00057933 0.000168948
0.000579706 0.000169673

0.000579706 0.000169673
0.00058003 0.000170295

0.00058003 0.000170295
0.000580084 0.000170398

0.000580083 0.000170398
0.000580462 0.000171123

0.000580462 0.000171123
0.000580755 0.000171684

0.000580755 0.000171684
0.000580841 0.000171848

0.000580841 0.000171848
0.00058122 0.000172573

0.00058122 0.000172573
0.00058148 0.000173067

0.00058148 0.000173067
0.000581601 0.000173298

0.000581601 0.000173298
0.000581983 0.000174023

0.000581983 0.000174023
0.000582205 0.000174444

0.000579305 0.00017865
0.000579554 0.000179099

0.000579555 0.000179099
0.000579959 0.000179824

0.000582205 0.000174444
0.000582366 0.000174749

0.000582366 0.000174749
0.00058275 0.000175474

0.00058275 0.000175474
0.00058293 0.000175814

0.00058293 0.000175814
0.000583134 0.000176199

0.000583134 0.000176199
0.00058352 0.000176924

0.00058352 0.000176924
0.000583655 0.000177177

0.000583655 0.000177177
0.000583907 0.000177649

0.000583907 0.000177649
0.000584295 0.000178374

0.000584295 0.000178374
0.00058438 0.000178532

0.00058438 0.000178532
0.000584685 0.000179099

0.000584685 0.000179099
0.000585075 0.000179824

0.000579958 0.000179824
0.00058003 0.000179952

0.00058003 0.000179952
0.000580364 0.000180549

0.000580364 0.000180549
0.000580755 0.000181247

0.000580755 0.000181247
0.00058077 0.000181274

0.00058077 0.000181274
0.000581178 0.000182

0.000581178 0.000182
0.00058148 0.000182536

0.00058148 0.000182536
0.000581586 0.000182725

0.000581586 0.000182725
0.000581996 0.00018345

0.000581996 0.00018345
0.000582205 0.000183818

0.000585075 0.000179824
0.000585105 0.00017988

0.000582205 0.000183818
0.000582408 0.000184175

0.000582408 0.000184175
0.00058282 0.0001849

0.00058282 0.0001849
0.00058293 0.000185093

0.00058293 0.000185092
0.000583234 0.000185625

0.000585105 0.00017988
0.000585467 0.000180549

0.000585467 0.000180549
0.000585831 0.00018122

0.000585831 0.00018122
0.00058586 0.000181274

0.00058586 0.000181274
0.000586254 0.000182

0.000586254 0.000182
0.000586556 0.000182552

0.000586556 0.000182552
0.00058665 0.000182725

0.00058665 0.000182725
0.000587047 0.00018345

0.000587047 0.00018345
0.000587281 0.000183875

0.000587281 0.000183875
0.000587446 0.000184175

0.000587446 0.000184175
0.000587846 0.0001849

0.000587846 0.0001849
0.000588006 0.000185189

0.000588006 0.000185189
0.000588247 0.000185625

0.000583234 0.000185625
0.00058365 0.00018635

0.00058365 0.00018635
0.000583655 0.00018636

0.000583655 0.000186359
0.000584067 0.000187075

0.000584067 0.000187075
0.00058438 0.000187618

0.00058438 0.000187618
0.000584486 0.0001878

0.000584486 0.0001878
0.000584906 0.000188525

0.000584905 0.000188525
0.000585105 0.000188869

0.000585105 0.000188869
0.000585327 0.00018925

0.000585328 0.00018925
0.000585751 0.000189976

0.000585751 0.000189976
0.000585831 0.000190112

0.000585831 0.000190111
0.000586176 0.000190701

0.000586176 0.000190701
0.000586556 0.000191345

0.000586556 0.000191344
0.000586603 0.000191426

0.000588247 0.000185625
0.00058865 0.00018635

0.00058865 0.00018635
0.000588731 0.000186495

0.000588731 0.000186495
0.000589055 0.000187075

0.000589055 0.000187075
0.000589456 0.000187791

0.000589456 0.000187791
0.000589461 0.0001878

0.000589461 0.0001878
0.000589869 0.000188525

0.000589869 0.000188525
0.000590181 0.000189077

0.000590181 0.000189077
0.000590279 0.00018925

0.000590279 0.00018925
0.00059069 0.000189976

0.00059069 0.000189976
0.000590906 0.000190354

0.000586603 0.000191426
0.000587032 0.000192151

0.000587032 0.000192151
0.000587281 0.000192569

0.000587281 0.000192569
0.000587463 0.000192876

0.000587463 0.000192876
0.000587896 0.000193601

0.000587896 0.000193601
0.000588006 0.000193785

0.000588006 0.000193785
0.00058833 0.000194326

0.000588331 0.000194326
0.000588731 0.000194991

0.000588731 0.00019499
0.000588767 0.000195051

0.000588767 0.000195051
0.000589206 0.000195776

0.000589206 0.000195776
0.000589456 0.000196187

0.000589456 0.000196187
0.000589647 0.000196501

0.000589648 0.000196501
0.000590091 0.000197227

0.000590091 0.000197227
0.000590181 0.000197375

0.000590181 0.000197374
0.000590536 0.000197952

0.000590536 0.000197952
0.000590906 0.00019855

0.000590906 0.000190354
0.000591104 0.000190701

0.000591104 0.000190701
0.000591519 0.000191426

0.000591519 0.000191426
0.000591631 0.000191621

0.000591631 0.000191621
0.000591936 0.000192151

0.000591936 0.000192151
0.000592355 0.000192876

0.000592356 0.000192876
0.000592356 0.000192878

0.000592356 0.000192878
0.000592777 0.000193601

0.000592777 0.000193601
0.000593082 0.000194124

0.000593082 0.000194124
0.0005932 0.000194326

0.0005932 0.000194326
0.000593625 0.000195051

0.000593625 0.000195051
0.000593807 0.000195359

0.000593807 0.000195359
0.000594053 0.000195776

0.000594053 0.000195776
0.000594482 0.000196501

0.000594483 0.000196501
0.000594532 0.000196585

0.000594532 0.000196584
0.000594914 0.000197227

0.000590906 0.00019855
0.000590984 0.000198677

0.000590984 0.000198677
0.000591435 0.000199402

0.000591434 0.000199402
0.000591631 0.000199717

0.000591631 0.000199717
0.000591887 0.000200127

0.000591887 0.000200127
0.000592343 0.000200852

0.000592343 0.000200852
0.000592356 0.000200874

0.000592356 0.000200874
0.0005928 0.000201577

0.0005928 0.000201577
0.000593082 0.00020202

0.000593082 0.00020202
0.000593261 0.000202302

0.000593261 0.000202302
0.000593724 0.000203027

0.000594914 0.000197227
0.000595257 0.000197798

0.000595257 0.000197798
0.000595349 0.000197952

0.000595349 0.000197952
0.000595785 0.000198677

0.000595786 0.000198677
0.000595982 0.000199001

0.000595982 0.000199001
0.000596225 0.000199402

0.000596225 0.000199402
0.000596666 0.000200127

0.000596667 0.000200127
0.000596707 0.000200194

0.000593724 0.000203027
0.000593807 0.000203158

0.000593807 0.000203156
0.00059419 0.000203752

0.00059419 0.000203752
0.000594532 0.000204282

0.000594532 0.000204281
0.000594658 0.000204478

0.000594658 0.000204478
0.00059513 0.000205203

0.00059513 0.000205203
0.000595257 0.000205399

0.000595257 0.000205397
0.000595604 0.000205928

0.000595604 0.000205928
0.000595982 0.000206502

0.000595982 0.000206501
0.00059608 0.000206653

0.000596081 0.000206653
0.000596561 0.000207378

0.000596562 0.000207378
0.000596707 0.000207598

0.000596707 0.000200194
0.00059711 0.000200852

0.000597111 0.000200852
0.000597432 0.000201374

0.000597432 0.000201374
0.000597557 0.000201577

0.000597557 0.000201577
0.000598007 0.000202302

0.000598007 0.000202302
0.000598157 0.000202544

0.000598157 0.000202544
0.000598459 0.000203027

0.000598459 0.000203027
0.000598882 0.000203702

0.000598882 0.000203701
0.000598913 0.000203752

0.000598914 0.000203752
0.000599372 0.000204478

0.000599372 0.000204478
0.000599607 0.000204849

0.000596707 0.000207596
0.000597045 0.000208103

0.000597045 0.000208103
0.000597432 0.00020868

0.000597432 0.000208679
0.00059753 0.000208828

0.000599607 0.000204849
0.000599832 0.000205203

0.000599832 0.000205203
0.000600296 0.000205928

0.000600297 0.000205928
0.000600333 0.000205984

0.000600333 0.000205985
0.000600763 0.000206653

0.000600763 0.000206653
0.000601058 0.000207108

0.000601058 0.000207108
0.000601232 0.000207378

0.000601232 0.000207378
0.000601705 0.000208103

0.000601707 0.000208103
0.000601783 0.000208222

0.000601783 0.000208221
0.000602181 0.000208828

0.000597531 0.000208828
0.000598021 0.000209553

0.000598022 0.000209553
0.000598157 0.000209756

0.000598157 0.000209754
0.000598514 0.000210278

0.000598514 0.000210278
0.000598882 0.000210817

0.000598882 0.000210815
0.000599009 0.000211003

0.00059901 0.000211003
0.00059951 0.000211729

0.000599511 0.000211729
0.000599607 0.000211871

0.000602182 0.000208828
0.000602508 0.000209322

0.000599607 0.000211869
0.000600013 0.000212454

0.000600013 0.000212454
0.000600333 0.000212911

0.000600333 0.00021291
0.000600519 0.000213179

0.00060052 0.000213179
0.00060103 0.000213904

0.000601031 0.000213904
0.000601058 0.000213941

0.000601058 0.000213943
0.000601544 0.000214629

0.000601544 0.000214629
0.000601783 0.000214964

0.000601783 0.000214963
0.000602062 0.000215354

0.000602062 0.000215354
0.000602508 0.000215974

0.000602508 0.000209321
0.000602661 0.000209553

0.000602661 0.000209553
0.000603144 0.000210278

0.000603145 0.000210278
0.000603233 0.000210412

0.000603233 0.000210411
0.00060363 0.000211003

0.00060363 0.000211003
0.000603958 0.000211489

0.000603958 0.000211488
0.000604119 0.000211729

0.00060412 0.000211729
0.000604613 0.000212454

0.000604615 0.000212454
0.000604683 0.000212556

0.000604683 0.000212556
0.00060511 0.000213179

0.00060511 0.000213179
0.000605408 0.00021361

0.000605408 0.000213609
0.000605611 0.000213904

0.000605611 0.000213904
0.000606116 0.000214629

0.000602508 0.000215974
0.000602583 0.000216079

0.000602583 0.000216079
0.000603109 0.000216804

0.00060311 0.000216804
0.000603233 0.000216976

0.000603233 0.000216975
0.000603638 0.000217529

0.000603638 0.000217529
0.000603958 0.000217964

0.000603958 0.000217962
0.00060417 0.000218254

0.000604172 0.000218254
0.000604683 0.000218944

0.000604683 0.000218944
0.000604709 0.000218979

0.000604709 0.000218979
0.000605251 0.000219705

0.000605253 0.000219705
0.000605408 0.000219915

0.000606117 0.000214629
0.000606133 0.000214652

0.000606133 0.000214654
0.000606624 0.000215354

0.000606625 0.000215354
0.000606858 0.000215686

0.000606858 0.000215685
0.000607137 0.000216079

0.000607137 0.000216079
0.000607583 0.000216706

0.000607583 0.000216706
0.000607653 0.000216804

0.000607653 0.000216804
0.000608174 0.000217529

0.000605408 0.000219914
0.000605797 0.00022043

0.000608176 0.000217529
0.000608309 0.000217716

0.000608309 0.000217716
0.000608699 0.000218254

0.000608699 0.000218254
0.000609034 0.000218713

0.000609034 0.000218711
0.000609227 0.000218979

0.000609228 0.000218979
0.000609759 0.000219701

0.000609759 0.000219701
0.000609762 0.000219705

0.000609762 0.000219705
0.0006103 0.00022043

0.000605797 0.00022043
0.000606133 0.000220873

0.000606133 0.00022087
0.000606346 0.000221155

0.000606348 0.000221155
0.000606858 0.000221822

0.000606858 0.000221822
0.000606903 0.00022188

0.000606903 0.00022188
0.000607462 0.000222605

0.000607464 0.000222605
0.000607583 0.00022276

0.000607583 0.000222761
0.000608026 0.00022333

0.000608029 0.00022333
0.000608309 0.000223692

0.000610302 0.00022043
0.000610484 0.000220678

0.000610484 0.000220676
0.000610842 0.000221155

0.000610843 0.000221155
0.000611209 0.00022164

0.000608309 0.000223687
0.000608594 0.000224055

0.000608596 0.000224055
0.000609034 0.000224608

0.000609034 0.000224607
0.000609169 0.00022478

0.00060917 0.00022478
0.000609749 0.000225505

0.00060975 0.000225505
0.000609759 0.000225516

0.000609759 0.000225518
0.000610333 0.00022623

0.000611209 0.000221638
0.000611389 0.00022188

0.00061139 0.00022188
0.000611934 0.000222594

0.000611934 0.000222594
0.000611942 0.000222605

0.000611942 0.000222605
0.000612499 0.00022333

0.000612502 0.00022333
0.000612659 0.000223537

0.000612659 0.000223537
0.000613061 0.000224055

0.000613062 0.000224055
0.000613384 0.000224469

0.000613384 0.000224465
0.000613626 0.00022478

0.000613628 0.00022478
0.000614109 0.00022539

0.000610335 0.00022623
0.000610484 0.000226416

0.000610484 0.000226417
0.000610922 0.000226956

0.000610925 0.000226956
0.000611209 0.000227308

0.000611209 0.000227303
0.000611514 0.000227681

0.000611517 0.000227681
0.000611934 0.000228186

0.000611934 0.000228185
0.000612116 0.000228406

0.000612117 0.000228406
0.000612659 0.000229055

0.000612659 0.000229056
0.000612722 0.000229131

0.000612722 0.000229131
0.000613333 0.000229856

0.000613335 0.000229856
0.000613384 0.000229914

0.000613384 0.000229916
0.00061395 0.000230581

0.000613952 0.000230581
0.000614109 0.000230766

0.000614109 0.000225389
0.0006142 0.000225505

0.000614201 0.000225505
0.000614778 0.00022623

0.00061478 0.00022623
0.000614834 0.000226299

0.000614834 0.000226301
0.000615361 0.000226956

0.000615364 0.000226956
0.00061556 0.0002272

0.00061556 0.0002272
0.000615949 0.000227681

0.000615952 0.000227681
0.000616285 0.000228092

0.000616285 0.000228088
0.000616542 0.000228406

0.000616544 0.000228406
0.00061701 0.000228969

0.000614109 0.000230767
0.000614572 0.000231306

0.000614575 0.000231306
0.000614834 0.000231608

0.000614834 0.000231606
0.000615198 0.000232031

0.00061701 0.000228969
0.000617143 0.000229131

0.000617144 0.000229131
0.000617735 0.000229838

0.000617735 0.000229838
0.00061775 0.000229856

0.000617749 0.000229856
0.000618361 0.000230581

0.000618363 0.000230581
0.00061846 0.000230695

0.00061846 0.000230697
0.000618979 0.000231306

0.000618981 0.000231306
0.000619185 0.000231545

0.000619185 0.000231545
0.000619601 0.000232031

0.000615205 0.000232031
0.00061556 0.000232443

0.00061556 0.000232439
0.000615835 0.000232756

0.000615839 0.000232756
0.000616285 0.000233264

0.000616285 0.000233262
0.000616478 0.000233481

0.000616479 0.000233481
0.00061701 0.000234076

0.00061701 0.000234076
0.000617127 0.000234207

0.000617126 0.000234207
0.000617735 0.00023488

0.000617735 0.000234881
0.000617781 0.000234932

0.000619606 0.000232031
0.00061991 0.000232386

0.000617781 0.000234932
0.000618443 0.000235657

0.000618444 0.000235657
0.00061846 0.000235674

0.00061846 0.000235676
0.000619111 0.000236382

0.000619113 0.000236382
0.000619185 0.00023646

0.000619185 0.000236461
0.000619787 0.000237107

0.000619789 0.000237107
0.00061991 0.000237237

0.00061991 0.000232383
0.000620231 0.000232756

0.000620237 0.000232756
0.000620635 0.000233216

0.000620635 0.000233213
0.00062087 0.000233481

0.000620872 0.000233481
0.00062136 0.000234034

0.00062136 0.000234033
0.000621515 0.000234207

0.000621515 0.000234207
0.000622085 0.000234843

0.000622085 0.000234843
0.000622165 0.000234932

0.00061991 0.000237237
0.000620469 0.000237832

0.000622165 0.000234932
0.000622811 0.000235643

0.000622811 0.000235643
0.000622823 0.000235657

0.000622823 0.000235657
0.000623488 0.000236382

0.00062349 0.000236382
0.000623536 0.000236432

0.000623536 0.000236434
0.00062416 0.000237107

0.000624161 0.000237107
0.000624261 0.000237213

0.000624261 0.000237215
0.000624839 0.000237832

0.000620471 0.000237832
0.000620635 0.000238005

0.000620635 0.000238004
0.000621158 0.000238557

0.000621162 0.000238557
0.00062136 0.000238764

0.00062136 0.000238764
0.000621857 0.000239282

0.00062186 0.000239282
0.000622085 0.000239515

0.000622085 0.000239515
0.000622564 0.000240007

0.000622566 0.000240007
0.000622811 0.000240257

0.000622811 0.000240258
0.000623278 0.000240732

0.000624841 0.000237832
0.000624986 0.000237986

0.000624986 0.000237986
0.000625524 0.000238557

0.000625528 0.000238557
0.000625711 0.000238749

0.00062328 0.000240732
0.000623536 0.00024099

0.000623536 0.000240991
0.000624001 0.000241458

0.000624002 0.000241458
0.000624261 0.000241715

0.000624261 0.000241716
0.000624733 0.000242183

0.000624732 0.000242183
0.000624986 0.000242432

0.000624986 0.000242433
0.000625473 0.000242908

0.000625472 0.000242908
0.000625711 0.00024314

0.000625711 0.000238749
0.000626219 0.000239282

0.000626222 0.000239282
0.000626436 0.000239504

0.000626436 0.000239504
0.000626922 0.000240007

0.000626925 0.000240007
0.000627161 0.00024025

0.000627161 0.00024025
0.000627633 0.000240732

0.000625711 0.000243141
0.000626222 0.000243633

0.000627635 0.000240732
0.000627886 0.000240987

0.000627886 0.000240988
0.000628353 0.000241458

0.000628354 0.000241458
0.000628611 0.000241715

0.000628611 0.000241716
0.00062908 0.000242183

0.000629081 0.000242183
0.000629336 0.000242436

0.000629336 0.000242436
0.000629817 0.000242908

0.000629816 0.000242908
0.000630062 0.000243147

0.000630062 0.000243149
0.000630562 0.000243633

0.00062622 0.000243633
0.000626436 0.00024384

0.000626436 0.000243842
0.000626981 0.000244358

0.000626978 0.000244358
0.000627161 0.000244532

0.000627161 0.000244533
0.000627746 0.000245083

0.000627745 0.000245083
0.000627886 0.000245216

0.000627886 0.000245216
0.000628521 0.000245808

0.000628521 0.000245808
0.000628611 0.000245892

0.000628611 0.000245892
0.000629307 0.000246533

0.000630561 0.000243633
0.000630787 0.000243851

0.000630787 0.000243853
0.000631316 0.000244358

0.000631314 0.000244358
0.000631512 0.000244546

0.000629306 0.000246533
0.000629336 0.000246561

0.000629336 0.000246561
0.000630062 0.000247222

0.000630062 0.000247222
0.000630102 0.000247258

0.000630102 0.000247258
0.000630787 0.000247875

0.000630787 0.000247875
0.000630908 0.000247983

0.000630908 0.000247983
0.000631512 0.000248521

0.000631512 0.000244548
0.000632079 0.000245083

0.000632077 0.000245083
0.000632237 0.000245234

0.000632237 0.000245235
0.00063285 0.000245808

0.000632848 0.000245808
0.000632962 0.000245914

0.000632962 0.000245914
0.00063363 0.000246533

0.000631512 0.000248522
0.000631724 0.000248708

0.000631723 0.000248708
0.000632237 0.000249159

0.000632237 0.000249161
0.000632551 0.000249434

0.00063363 0.000246533
0.000633687 0.000246586

0.000633687 0.000246586
0.000634412 0.00024725

0.000634412 0.00024725
0.000634421 0.000247258

0.000634421 0.000247258
0.000635137 0.000247908

0.000635137 0.000247907
0.000635222 0.000247983

0.000635222 0.000247983
0.000635862 0.000248557

0.000635862 0.000248558
0.000636032 0.000248708

0.000636032 0.000248708
0.000636587 0.000249199

0.000636587 0.000249201
0.000636854 0.000249434

0.000632547 0.000249434
0.000632962 0.000249789

0.000632962 0.000249795
0.000633391 0.000250159

0.000633385 0.000250159
0.000633687 0.000250416

0.000633687 0.000250417
0.000634235 0.000250884

0.000634234 0.000250884
0.000634412 0.000251035

0.000634412 0.000251035
0.000635093 0.000251609

0.000635093 0.000251609
0.000635137 0.000251646

0.000635137 0.000251646
0.000635862 0.000252251

0.00063685 0.000249434
0.000637312 0.000249833

0.000635862 0.000252251
0.000635963 0.000252334

0.000635963 0.000252334
0.000636587 0.000252849

0.000636587 0.00025285
0.000636846 0.000253059

0.000636844 0.000253059
0.000637312 0.00025344

0.000637312 0.000249838
0.000637686 0.000250159

0.000637682 0.000250159
0.000638038 0.000250463

0.000638038 0.000250466
0.000638527 0.000250884

0.000638524 0.000250884
0.000638763 0.000251087

0.000638763 0.000251087
0.000639377 0.000251609

0.000639376 0.000251609
0.000639488 0.000251703

0.000639488 0.000251703
0.000640213 0.000252312

0.000637312 0.000253443
0.000637738 0.000253784

0.000637735 0.000253784
0.000638038 0.000254025

0.000638038 0.000254027
0.000638641 0.000254509

0.00063864 0.000254509
0.000638763 0.000254606

0.000638763 0.000254606
0.000639488 0.00025518

0.000639488 0.00025518
0.000639557 0.000255234

0.000640213 0.000252312
0.000640239 0.000252334

0.000640239 0.000252334
0.000640938 0.000252916

0.000640938 0.000252916
0.000641112 0.000253059

0.000641112 0.000253059
0.000641663 0.000253513

0.000641663 0.000253515
0.000641998 0.000253784

0.000641993 0.000253784
0.000642388 0.000254102

0.000642388 0.000254105
0.00064289 0.000254509

0.000642888 0.000254509
0.000643113 0.000254689

0.000643113 0.00025469
0.000643795 0.000255234

0.000639557 0.000255234
0.000640213 0.000255748

0.000640213 0.00025575
0.000640487 0.000255959

0.000640485 0.000255959
0.000640938 0.00025631

0.000640938 0.000256311
0.000641424 0.000256685

0.000641422 0.000256685
0.000641663 0.000256866

0.000641663 0.000256868
0.000642375 0.00025741

0.000642375 0.00025741
0.000642388 0.00025742

0.000642388 0.00025742
0.000643113 0.000257966

0.000643794 0.000255234
0.000643838 0.00025527

0.000643838 0.000255269
0.000644563 0.000255844

0.000643113 0.000257968
0.000643341 0.000258135

0.000644563 0.000255844
0.000644711 0.000255959

0.000644711 0.000255959
0.000645289 0.000256413

0.000645289 0.000256415
0.000645639 0.000256685

0.000645635 0.000256685
0.000646014 0.000256976

0.000643339 0.000258135
0.000643838 0.000258508

0.000643838 0.000258508
0.000644313 0.00025886

0.000644311 0.00025886
0.000644563 0.000259042

0.000644563 0.000259045
0.000645289 0.000259577

0.000645289 0.000259577
0.000645299 0.000259585

0.0006453 0.000259585
0.000646014 0.000260105

0.000646014 0.000256978
0.000646573 0.00025741

0.000646572 0.00025741
0.000646739 0.000257537

0.000646739 0.000257537
0.000647464 0.000258092

0.000647464 0.000258092
0.000647521 0.000258135

0.000646014 0.000260106
0.0006463 0.00026031

0.000646299 0.00026031
0.000646739 0.000260628

0.000646739 0.000260628
0.000647307 0.000261035

0.00064752 0.000258135
0.000648189 0.000258642

0.000648189 0.000258644
0.00064848 0.00025886

0.000648477 0.00025886
0.000648914 0.000259188

0.000647305 0.000261035
0.000647464 0.000261146

0.000647464 0.000261147
0.000648189 0.000261663

0.000648189 0.000261664
0.000648328 0.00026176

0.000648327 0.00026176
0.000648914 0.000262174

0.000648914 0.000259189
0.000649444 0.000259585

0.000649442 0.000259585
0.000649639 0.00025973

0.000649639 0.000259731
0.000650364 0.000260269

0.000650364 0.000260269
0.00065042 0.00026031

0.00065042 0.00026031
0.000651089 0.000260804

0.000651089 0.000260805
0.000651406 0.000261035

0.000648914 0.000262175
0.000649357 0.000262485

0.000649357 0.000262485
0.000649639 0.000262681

0.000649639 0.000262683
0.000650364 0.000263188

0.000651404 0.000261035
0.000651814 0.000261335

0.000650364 0.000263188
0.000650397 0.00026321

0.000650398 0.00026321
0.000651089 0.000263689

0.000651089 0.000263689
0.000651447 0.000263936

0.000651448 0.000263936
0.000651814 0.000264188

0.000651814 0.000261336
0.000652397 0.00026176

0.000652395 0.00026176
0.00065254 0.000261864

0.00065254 0.000261864
0.000653265 0.00026239

0.000653265 0.000262391
0.000653397 0.000262485

0.000653396 0.000262485
0.00065399 0.000262914

0.00065399 0.000262914
0.000654401 0.00026321

0.0006544 0.00026321
0.000654715 0.000263435

0.000651814 0.000264188
0.000652504 0.000264661

0.000652504 0.000264661
0.00065254 0.000264685

0.00065254 0.000264685
0.000653265 0.000265179

0.000653265 0.00026518
0.000653569 0.000265386

0.000653569 0.000265386
0.00065399 0.000265672

0.00065399 0.000265672
0.000654636 0.000266111

0.000654635 0.000266111
0.000654715 0.000266164

0.000654715 0.000263436
0.00065541 0.000263936

0.000655408 0.000263936
0.00065544 0.000263958

0.00065544 0.000263957
0.000656165 0.000264478

0.000654715 0.000266164
0.00065544 0.000266657

0.00065544 0.000266657
0.000655704 0.000266836

0.000656165 0.00026448
0.000656421 0.000264661

0.000656419 0.000264661
0.00065689 0.000265

0.00065689 0.000265
0.000657424 0.000265386

0.000657421 0.000265386
0.000657615 0.000265524

0.000657615 0.000265524
0.00065834 0.000266053

0.00065834 0.000266053
0.00065842 0.000266111

0.00065842 0.000266111
0.000659065 0.000266588

0.000659065 0.000266589
0.000659399 0.000266836

0.000655704 0.000266836
0.000656165 0.00026715

0.000656165 0.00026715
0.000656765 0.000267561

0.000656763 0.000267561
0.00065689 0.000267646

0.00065689 0.000267646
0.000657615 0.000268147

0.000657615 0.000268149
0.000657816 0.000268286

0.000657814 0.000268286
0.00065834 0.000268656

0.00065834 0.000268654
0.000658838 0.000269011

0.000658835 0.000269011
0.000659065 0.000269173

0.000659396 0.000266836
0.000659791 0.000267132

0.000659791 0.000267131
0.00066035 0.000267561

0.000660347 0.000267561
0.000660516 0.00026769

0.000659065 0.000269173
0.000659791 0.000269708

0.000659791 0.000269708
0.000659828 0.000269736

0.000659827 0.000269736
0.000660516 0.000270262

0.000660516 0.000267687
0.000661241 0.000268262

0.000661241 0.000268262
0.00066127 0.000268286

0.000661271 0.000268286
0.000661966 0.00026886

0.000661966 0.00026886
0.000662144 0.000269011

0.000662142 0.000269011
0.000662691 0.000269488

0.000662691 0.000269489
0.000662965 0.000269736

0.000660516 0.000270262
0.000660774 0.000270461

0.000660774 0.000270461
0.000661241 0.000270834

0.000661241 0.000270835
0.000661664 0.000271187

0.000661652 0.000271187
0.000661966 0.000271456

0.000662961 0.000269736
0.000663416 0.000270157

0.000661966 0.000271454
0.000662475 0.000271912

0.000662468 0.000271912
0.000662691 0.000272121

0.000662691 0.000272114
0.000663216 0.000272637

0.000663416 0.000270156
0.00066373 0.000270461

0.00066373 0.000270461
0.000664141 0.00027088

0.000664141 0.000270878
0.000664431 0.000271187

0.000664435 0.000271187
0.000664866 0.000271677

0.000664866 0.000271672
0.00066507 0.000271912

0.000665074 0.000271912
0.000665591 0.00027256

0.000665591 0.000272558
0.000665651 0.000272637

0.000663213 0.000272637
0.000663416 0.000272852

0.000663416 0.000272846
0.000663877 0.000273362

0.00066388 0.000273362
0.000664141 0.000273682

0.000664141 0.000273677
0.000664466 0.000274087

0.000664468 0.000274087
0.000664866 0.000274641

0.000665651 0.000272637
0.000666172 0.000273362

0.000666173 0.000273362
0.000666316 0.000273589

0.000664866 0.000274635
0.000664986 0.000274812

0.000664987 0.000274812
0.000665446 0.000275537

0.000665444 0.000275537
0.000665591 0.000275802

0.000665591 0.000275801
0.000665848 0.000276262

0.000665846 0.000276262
0.000666202 0.000276987

0.000666201 0.000276987
0.000666316 0.000277253

0.000666316 0.000273587
0.000666638 0.000274087

0.000666637 0.000274087
0.000667042 0.000274791

0.000667042 0.00027479
0.000667054 0.000274812

0.000667053 0.000274812
0.000667424 0.000275537

0.000667423 0.000275537
0.000667754 0.000276262

0.000667756 0.000276262
0.000667767 0.000276291

0.000666316 0.000277253
0.000666516 0.000277712

0.000666515 0.000277712
0.000666794 0.000278437

0.000667767 0.000276295
0.000668048 0.000276987

0.000668047 0.000276987
0.000668309 0.000277712

0.000668309 0.000277712
0.000668492 0.000278282

0.000668492 0.000278281
0.000668542 0.000278437

0.000666793 0.000278437
0.000667041 0.000279163

0.00066704 0.000279163
0.000667042 0.000279168

0.000667042 0.000279167
0.000667261 0.000279888

0.000667259 0.000279888
0.000667456 0.000280613

0.000667455 0.000280613
0.000667633 0.000281338

0.000668541 0.000278437
0.000668748 0.000279163

0.000668747 0.000279163
0.00066893 0.000279888

0.000668929 0.000279888
0.000669092 0.000280613

0.000669092 0.000280613
0.000669217 0.00028124

0.000667632 0.000281338
0.000667767 0.000281939

0.000667767 0.000281928
0.000667792 0.000282063

0.000667793 0.000282063
0.000667946 0.000282788

0.000667944 0.000282788
0.000668093 0.000283513

0.000668091 0.000283513
0.000668244 0.000284238

0.000669217 0.000281237
0.000669237 0.000281338

0.000669236 0.000281338
0.000669368 0.000282063

0.000669366 0.000282063
0.000669489 0.000282788

0.000669488 0.000282788
0.000669605 0.000283513

0.000669602 0.000283513
0.000669721 0.000284238

0.00066824 0.000284238
0.00066841 0.000284963

0.000668415 0.000284963
0.000668492 0.000285261

0.000668492 0.000285162
0.000668581 0.000285688

0.000668608 0.000285688
0.00066879 0.000286414

0.0006688 0.000286414
0.000668965 0.000287139

0.000668969 0.000287139
0.000669092 0.000287864

0.000669094 0.000287864
0.000669162 0.000288589

0.000669166 0.000288589
0.000669168 0.000289314

0.000669149 0.000289314
0.000669114 0.000290039

0.000669719 0.000284238
0.000669852 0.000284963

0.000669898 0.000284963
0.000669942 0.000285347

0.000669942 0.000285374
0.000670013 0.000285688

0.000670031 0.000285688
0.000670197 0.000286414

0.000670202 0.000286414
0.000670351 0.000287139

0.000670357 0.000287139
0.000670464 0.000287864

0.00067047 0.000287864
0.00067051 0.000288589

0.000670505 0.000288589
0.000670478 0.000289314

0.000670459 0.000289314
0.000670414 0.000290039

0.000669128 0.000290039
0.000669067 0.000290764

0.000669059 0.000290764
0.000668956 0.000291489

0.000668953 0.000291489
0.000668828 0.000292214

0.000668821 0.000292214
0.000668695 0.000292939

0.000668653 0.000292939
0.000668626 0.000293665

0.000668649 0.000293665
0.000668757 0.00029439

0.000668763 0.00029439
0.000668945 0.000295115

0.000668944 0.000295115
0.000669192 0.00029584

0.000670425 0.000290039
0.000670379 0.000290764

0.000670375 0.000290764
0.000670313 0.000291489

0.000670327 0.000291489
0.000670227 0.000292214

0.000670206 0.000292214
0.000670082 0.000292939

0.000670026 0.000292939
0.000670032 0.000293665

0.000670033 0.000293665
0.000670278 0.00029439

0.000670275 0.00029439
0.000670667 0.000294975

0.000670667 0.000294971
0.000670767 0.000295115

0.000670787 0.000295115
0.000671392 0.000295747

0.000671392 0.000295743
0.0006715 0.00029584

0.000669187 0.00029584
0.000669217 0.00029591

0.000669217 0.000295887
0.000669505 0.000296565

0.000669558 0.000296565
0.000669809 0.00029729

0.000669822 0.00029729
0.000669879 0.000298015

0.000669846 0.000298015
0.000669749 0.00029874

0.000671518 0.00029584
0.000672117 0.000296346

0.000669725 0.00029874
0.000669588 0.000299465

0.000669574 0.000299465
0.000669473 0.00030019

0.000669463 0.00030019
0.000669447 0.000300916

0.000669431 0.000300916
0.000669556 0.000301641

0.000672117 0.000296334
0.000672419 0.000296565

0.000672439 0.000296565
0.000672842 0.000296883

0.000672842 0.000296866
0.000673324 0.00029729

0.000673321 0.00029729
0.000673567 0.000297548

0.000673567 0.00029753
0.000673967 0.000298015

0.000673965 0.000298015
0.000674292 0.000298575

0.000674292 0.000298571
0.000674386 0.00029874

0.000674379 0.00029874
0.000674631 0.000299465

0.000674625 0.000299465
0.000674737 0.00030019

0.000674738 0.00030019
0.000674721 0.000300916

0.000674729 0.000300916
0.000674564 0.000301641

0.000669529 0.000301641
0.000669878 0.000302366

0.00066989 0.000302366
0.000669942 0.000302438

0.000669942 0.000302479
0.00067054 0.000303091

0.000670593 0.000303091
0.000670667 0.000303146

0.000670667 0.000303167
0.000671392 0.000303547

0.000671392 0.000303544
0.000672117 0.000303659

0.000673567 0.000303088
0.000673564 0.000303091

0.000672117 0.000303656
0.000672842 0.000303518

0.000672842 0.000303545
0.000673567 0.000303106

0.000674292 0.000302226
0.000674221 0.000302366

0.000674239 0.000302366
0.000673579 0.000303091

0.000674292 0.000302206
0.00067458 0.000301641

0.000673567 0.000303101
0.000673579 0.000303091

0.000693145 0.000307318
0.000692988 0.000307441

0.000693145 0.0003073
0.00069387 0.000306926

0.00069387 0.000306928
0.000694595 0.000306851

0.000694595 0.000306828
0.00069532 0.000307087

0.00069242 0.000308103
0.000692384 0.000308167

0.000692394 0.000308167
0.000692232 0.000308892

0.000692232 0.000308892
0.000692378 0.000309617

0.000692371 0.000309617
0.00069242 0.000309703

0.00069242 0.000308043
0.000692924 0.000307441

0.00069242 0.000309749
0.000692881 0.000310342

0.000692924 0.000310342
0.000693145 0.000310531

0.000693145 0.000310554
0.00069387 0.000310945

0.00069387 0.000310935
0.000694595 0.000310996

0.000694595 0.00031101
0.00069532 0.000310734

0.00069532 0.000307078
0.000695778 0.000307441

0.000695743 0.000307441
0.000696045 0.000307831

0.000696045 0.0003078
0.000696269 0.000308167

0.000696242 0.000308167
0.000696397 0.000308892

0.000696045 0.000309981
0.000695779 0.000310342

0.0006964 0.000308892
0.000696262 0.000309617

0.000696045 0.000310005
0.00069628 0.000309617

0.00069532 0.000310745
0.000695811 0.000310342

0.000709822 0.000324662
0.000709561 0.000324844

0.000709822 0.000324641
0.000710547 0.000324265

0.000711272 0.00032406
0.000711085 0.000324119

0.000710547 0.000324263
0.000711013 0.000324119

0.000711272 0.00032405
0.000711998 0.000323957

0.000711998 0.000323951
0.000712723 0.000323994

0.000712723 0.00032397
0.000713214 0.000324119

0.000713129 0.000324119
0.000713448 0.000324215

0.000713448 0.00032418
0.000714173 0.000324641

0.000714173 0.000324636
0.000714407 0.000324844

0.000706922 0.000328706
0.000706773 0.000329194

0.000706775 0.000329194
0.000706606 0.000329919

0.000706608 0.000329919
0.000706482 0.000330645

0.000706483 0.000330645
0.000706396 0.00033137

0.000706397 0.00033137
0.000706343 0.000332095

0.000706344 0.000332095
0.00070632 0.00033282

0.000706321 0.00033282
0.000706325 0.000333545

0.000706325 0.000333545
0.000706354 0.00033427

0.000706354 0.00033427
0.000706406 0.000334995

0.000706406 0.000334995
0.00070648 0.00033572

0.00070648 0.00033572
0.000706576 0.000336445

0.000706575 0.000336445
0.000706693 0.00033717

0.000706692 0.00033717
0.000706835 0.000337896

0.000706833 0.000337896
0.000706922 0.000338271

0.000708372 0.000325932
0.000708088 0.000326294

0.000707647 0.000326985
0.000707627 0.000327019

0.000707628 0.000327019
0.000707268 0.000327744

0.000707647 0.000326976
0.000708085 0.000326294

0.000709097 0.000325189
0.000708695 0.000325569

0.000708372 0.000325931
0.000708686 0.000325569

0.000709097 0.000325169
0.000709531 0.000324844

0.000707273 0.000327744
0.000706991 0.000328469

0.000706922 0.000328704
0.000706993 0.000328469

0.000714397 0.000324844
0.000714898 0.000325429

0.000714898 0.000325417
0.000715 0.000325569

0.000714984 0.000325569
0.000715327 0.000326294

0.000715312 0.000326294
0.00071547 0.000327019

0.000715462 0.000327019
0.000715478 0.000327744

0.000715473 0.000327744
0.000715372 0.000328469

0.000715368 0.000328469
0.000715166 0.000329194

0.000714898 0.000329856
0.000714873 0.000329919

0.000714867 0.000329919
0.000714526 0.000330645

0.000714898 0.000329863
0.000715161 0.000329194

0.000714173 0.000331327
0.000714152 0.00033137

0.000714143 0.00033137
0.000713814 0.000332095

0.000713448 0.000333273
0.00071339 0.000333545

0.000713805 0.000332095
0.000713549 0.00033282

0.000713448 0.000333274
0.000713544 0.00033282

0.000714173 0.000331335
0.000714515 0.000330645

0.00071339 0.000333545
0.00071335 0.00033427

0.000713352 0.00033427
0.000713421 0.000334995

0.000713425 0.000334995
0.000713448 0.000335095

0.000713448 0.00033509
0.00071359 0.00033572

0.000713599 0.00033572
0.00071383 0.000336445

0.000706922 0.000338272
0.000707004 0.000338621

0.000707002 0.000338621
0.00070721 0.000339346

0.000707207 0.000339346
0.000707463 0.000340071

0.000707456 0.000340071
0.000707647 0.000340497

0.000707647 0.000340497
0.000707781 0.000340796

0.000707771 0.000340796
0.0007082 0.000341521

0.000708198 0.000341521
0.000708372 0.00034176

0.000708372 0.000341761
0.000708773 0.000342246

0.00070879 0.000342246
0.000709097 0.000342541

0.000709097 0.000342574
0.000709644 0.000342971

0.000709703 0.000342971
0.000709822 0.000343047

0.000709822 0.000343066
0.000710547 0.000343393

0.000710547 0.000343398
0.000711272 0.000343566

0.000711272 0.000343565
0.000711998 0.000343565

0.000711998 0.000343574
0.000712723 0.000343389

0.000713841 0.000336445
0.000714102 0.00033717

0.000714112 0.00033717
0.000714173 0.000337348

0.000714173 0.000337346
0.000714363 0.000337896

0.00071437 0.000337896
0.000714574 0.000338621

0.000714579 0.000338621
0.000714711 0.000339346

0.000714173 0.000342109
0.000714096 0.000342246

0.000714715 0.000339346
0.000714755 0.000340071

0.00071476 0.000340071
0.000714688 0.000340796

0.000714697 0.000340796
0.000714485 0.000341521

0.000714173 0.00034211
0.000714503 0.000341521

0.000713448 0.000342911
0.000713359 0.000342971

0.000712723 0.000343425
0.000713448 0.000342973

0.000713448 0.000342965
0.000714117 0.000342246

0.00061991 0.000540512
0.000619529 0.000540923

0.000619185 0.000541433
0.000619053 0.000541648

0.000619059 0.000541648
0.000618765 0.000542373

0.000619185 0.000541424
0.000619519 0.000540923

0.000618777 0.000542373
0.000618608 0.000543098

0.000618614 0.000543098
0.000618533 0.000543823

0.000618536 0.000543823
0.000618525 0.000544548

0.000618527 0.000544548
0.000618577 0.000545273

0.000622085 0.00053947
0.000622072 0.000539473

0.000622085 0.000539449
0.000622584 0.000539473

0.000620635 0.000539961
0.000620306 0.000540198

0.00061991 0.000540494
0.00062028 0.000540198

0.000620635 0.000539942
0.00062136 0.000539597

0.00062136 0.000539604
0.000621989 0.000539473

0.000622502 0.000539473
0.000622811 0.000539488

0.000622811 0.000539477
0.000623536 0.00053972

0.000623536 0.000539697
0.000624247 0.000540198

0.000624233 0.000540198
0.000624261 0.00054022

0.000624261 0.000540223
0.000624891 0.000540923

0.000624879 0.000540923
0.000624986 0.000541102

0.000624986 0.000541121
0.000625302 0.000541648

0.000625291 0.000541648
0.000625578 0.000542373

0.000625568 0.000542373
0.000625711 0.000542929

0.000618578 0.000545273
0.000618682 0.000545999

0.000618683 0.000545999
0.000618835 0.000546724

0.000618837 0.000546724
0.00061903 0.000547449

0.000619033 0.000547449
0.000619185 0.000547934

0.000619185 0.000547933
0.000619261 0.000548174

0.000619262 0.000548174
0.000619516 0.000548899

0.000619519 0.000548899
0.00061979 0.000549624

0.000619793 0.000549624
0.00061991 0.000549929

0.00061991 0.000549929
0.000620072 0.000550349

0.000620074 0.000550349
0.000620351 0.000551074

0.000620353 0.000551074
0.000620618 0.000551799

0.000620621 0.000551799
0.000620635 0.000551843

0.000620635 0.000551844
0.000620865 0.000552524

0.000620866 0.000552524
0.000621083 0.00055325

0.000621084 0.00055325
0.000621269 0.000553975

0.000621269 0.000553975
0.00062136 0.00055441

0.00062136 0.00055441
0.000621421 0.0005547

0.00062142 0.0005547
0.000621541 0.000555425

0.000621541 0.000555425
0.000621634 0.00055615

0.000621634 0.00055615
0.0006217 0.000556875

0.000625711 0.000542928
0.000625755 0.000543098

0.000625747 0.000543098
0.000625868 0.000543823

0.000625863 0.000543823
0.000625942 0.000544548

0.000625939 0.000544548
0.000625991 0.000545273

0.000625989 0.000545273
0.000626025 0.000545999

0.000626023 0.000545999
0.00062605 0.000546724

0.000626049 0.000546724
0.00062607 0.000547449

0.000626069 0.000547449
0.00062609 0.000548174

0.000626089 0.000548174
0.000626112 0.000548899

0.000626111 0.000548899
0.000626137 0.000549624

0.000626137 0.000549624
0.00062617 0.000550349

0.000626169 0.000550349
0.00062621 0.000551074

0.00062621 0.000551074
0.000626261 0.000551799

0.000626261 0.000551799
0.000626324 0.000552524

0.000626324 0.000552524
0.0006264 0.00055325

0.0006264 0.00055325
0.000626436 0.000553546

0.000626436 0.000553545
0.000626489 0.000553975

0.000626489 0.000553975
0.00062659 0.0005547

0.00062659 0.0005547
0.000626703 0.000555425

0.000626703 0.000555425
0.000626826 0.00055615

0.000626826 0.00055615
0.000626959 0.000556875

0.000704747 0.000404558
0.000704707 0.000404604

0.000704747 0.000404514
0.000705472 0.00040397

0.00070465 0.000404604
0.000704339 0.00040533

0.000704324 0.00040533
0.000704646 0.000406055

0.000705472 0.000403945
0.000706197 0.000404031

0.000706197 0.000404054
0.000706803 0.000404604

0.000706765 0.000404604
0.000706922 0.000404975

0.000706922 0.000405718
0.000706771 0.000406055

0.000704666 0.000406055
0.000704747 0.000406144

0.000704747 0.000406129
0.000705472 0.000406638

0.000705472 0.000406648
0.000706197 0.000406582

0.000706197 0.00040659
0.000706822 0.000406055

0.000706922 0.00040498
0.000707043 0.00040533

0.000706922 0.000405767
0.000707068 0.00040533

0.000621699 0.000556875
0.000621738 0.0005576

0.000621737 0.0005576
0.000621754 0.000558325

0.000621753 0.000558325
0.000621752 0.00055905

0.000621752 0.00055905
0.000621734 0.000559775

0.000621734 0.000559775
0.000621703 0.0005605

0.000621702 0.0005605
0.000621659 0.000561226

0.000621658 0.000561226
0.000621604 0.000561951

0.000621604 0.000561951
0.00062154 0.000562676

0.00062136 0.000564379
0.000621306 0.000564851

0.000621306 0.000564851
0.000621217 0.000565576

0.00062154 0.000562676
0.000621468 0.000563401

0.000621468 0.000563401
0.00062139 0.000564126

0.00062136 0.000564379
0.00062139 0.000564126

0.000621217 0.000565576
0.000621126 0.000566301

0.000621126 0.000566301
0.000621033 0.000567026

0.000621032 0.000567026
0.000620938 0.000567751

0.000620938 0.000567751
0.000620845 0.000568477

0.000620844 0.000568477
0.000620752 0.000569202

0.000620752 0.000569202
0.000620663 0.000569927

0.000620635 0.000570159
0.000620577 0.000570652

0.000620577 0.000570652
0.000620496 0.000571377

0.000620635 0.000570158
0.000620663 0.000569927

0.000620496 0.000571377
0.000620421 0.000572102

0.00062042 0.000572102
0.000620352 0.000572827

0.000620352 0.000572827
0.000620291 0.000573552

0.000620291 0.000573552
0.000620239 0.000574277

0.000620239 0.000574277
0.000620195 0.000575002

0.000620195 0.000575002
0.000620162 0.000575728

0.000620162 0.000575728
0.000620139 0.000576453

0.000620139 0.000576453
0.000620127 0.000577178

0.000620127 0.000577178
0.000620128 0.000577903

0.000620128 0.000577903
0.000620141 0.000578628

0.000620141 0.000578628
0.000620167 0.000579353

0.000620167 0.000579353
0.000620208 0.000580078

0.000626959 0.000556875
0.0006271 0.0005576

0.000627101 0.0005576
0.000627161 0.000557896

0.000627161 0.000557895
0.000627249 0.000558325

0.000627249 0.000558325
0.000627404 0.00055905

0.000627404 0.00055905
0.000627565 0.000559775

0.000627565 0.000559775
0.000627732 0.0005605

0.000627732 0.0005605
0.000627886 0.000561154

0.000627886 0.000561154
0.000627903 0.000561226

0.000627903 0.000561226
0.000628079 0.000561951

0.000628079 0.000561951
0.000628257 0.000562676

0.000628258 0.000562676
0.000628439 0.000563401

0.000628439 0.000563401
0.000628611 0.000564078

0.000628611 0.000564078
0.000628624 0.000564126

0.000628624 0.000564126
0.00062881 0.000564851

0.00062881 0.000564851
0.000628997 0.000565576

0.000628997 0.000565576
0.000629185 0.000566301

0.000629186 0.000566301
0.000629336 0.000566877

0.000629336 0.000566876
0.000629376 0.000567026

0.000629376 0.000567026
0.000629567 0.000567751

0.000629567 0.000567751
0.00062976 0.000568477

0.00062976 0.000568477
0.000629955 0.000569202

0.000629955 0.000569202
0.000630062 0.000569592

0.000630062 0.000569591
0.000630153 0.000569927

0.000630153 0.000569927
0.000630352 0.000570652

0.000630352 0.000570652
0.000630553 0.000571377

0.000630553 0.000571377
0.000630756 0.000572102

0.000630756 0.000572102
0.000630787 0.000572211

0.000630787 0.000572209
0.000630961 0.000572827

0.000630961 0.000572827
0.000631166 0.000573552

0.000631166 0.000573552
0.00063137 0.000574277

0.000631371 0.000574277
0.000631512 0.000574779

0.000631512 0.000574778
0.000631575 0.000575002

0.000631575 0.000575002
0.000631774 0.000575728

0.000631775 0.000575728
0.000631969 0.000576453

0.000631969 0.000576453
0.000632156 0.000577178

0.000632157 0.000577178
0.000632237 0.000577504

0.000632237 0.000577504
0.000632334 0.000577903

0.000632335 0.000577903
0.0006325 0.000578628

0.0006325 0.000578628
0.000632651 0.000579353

0.000632652 0.000579353
0.000632786 0.000580078

0.000620208 0.000580078
0.000620264 0.000580803

0.000620263 0.000580803
0.000620335 0.000581528

0.000620335 0.000581528
0.000620423 0.000582253

0.000620423 0.000582253
0.000620529 0.000582979

0.000620529 0.000582979
0.000620635 0.000583592

0.000620635 0.000583593
0.000620654 0.000583704

0.000620654 0.000583704
0.000620802 0.000584429

0.000620802 0.000584429
0.000620973 0.000585154

0.000620972 0.000585154
0.00062117 0.000585879

0.000621168 0.000585879
0.00062136 0.000586482

0.00062136 0.000586484
0.000621399 0.000586604

0.000621398 0.000586604
0.00062167 0.000587329

0.000621665 0.000587329
0.00062199 0.000588054

0.000621982 0.000588054
0.000622085 0.000588244

0.000622085 0.000588237
0.000622385 0.000588779

0.000622374 0.000588779
0.000622811 0.000589401

0.000622811 0.000589402
0.000622885 0.000589504

0.000622872 0.000589504
0.000623531 0.000590229

0.000623532 0.000590229
0.000623536 0.000590233

0.000623536 0.000590232
0.000624261 0.000590854

0.000624261 0.000590859
0.000624409 0.000590955

0.000624432 0.000590955
0.000624986 0.00059131

0.000624986 0.00059131
0.000625711 0.000591639

0.000625711 0.000591643
0.000625844 0.00059168

0.000628611 0.000591667
0.000628559 0.00059168

0.000628611 0.000591677
0.000629336 0.000591375

0.000630062 0.000590915
0.00063 0.000590955

0.000629336 0.000591384
0.000630033 0.000590955

0.000631512 0.000589392
0.000631441 0.000589504

0.000631463 0.000589504
0.000630859 0.000590229

0.000630062 0.00059095
0.000630787 0.000590312

0.000630787 0.000590311
0.000630865 0.000590229

0.000632786 0.000580078
0.000632901 0.000580803

0.000632902 0.000580803
0.000632962 0.000581269

0.000632962 0.000581269
0.000632995 0.000581528

0.000632996 0.000581528
0.000633064 0.000582253

0.000633065 0.000582253
0.000633105 0.000582979

0.000632962 0.000585559
0.000632913 0.000585879

0.000633106 0.000582979
0.000633115 0.000583704

0.000633116 0.000583704
0.000633089 0.000584429

0.00063309 0.000584429
0.000633023 0.000585154

0.000632962 0.000585561
0.000633025 0.000585154

0.000632914 0.000585879
0.000632753 0.000586604

0.000632755 0.000586604
0.000632537 0.000587329

0.000632237 0.0005881
0.000631898 0.000588779

0.000632539 0.000587329
0.000632256 0.000588054

0.000632237 0.000588101
0.00063226 0.000588054

0.000631512 0.0005894
0.000631905 0.000588779

0.000625867 0.00059168
0.000626436 0.000591835

0.000626436 0.000591834
0.000627161 0.000591904

0.000627161 0.000591904
0.000627886 0.000591852

0.000627886 0.000591852
0.000628597 0.00059168

0.000792483 0.000423388
0.000792371 0.000423457

0.000792483 0.000423368
0.000793208 0.000423072

0.000793208 0.000423068
0.000793934 0.000422951

0.000791033 0.000424604
0.000790809 0.000424907

0.000790308 0.000426065
0.000790226 0.000426357

0.000790799 0.000424907
0.000790418 0.000425632

0.000790308 0.000426053
0.000790426 0.000425632

0.000790227 0.000426357
0.000790173 0.000427083

0.000790165 0.000427083
0.00079027 0.000427808

0.000790248 0.000427808
0.000790308 0.000427947

0.000790308 0.000427934
0.000790569 0.000428533

0.000790556 0.000428533
0.000791033 0.000429124

0.000791758 0.000423863
0.000791408 0.000424182

0.000791033 0.000424599
0.000791385 0.000424182

0.000791758 0.00042384
0.000792322 0.000423457

0.000791033 0.000429129
0.000791164 0.000429258

0.000793934 0.000422945
0.000794659 0.000423025

0.000794659 0.000423
0.000795384 0.000423339

0.000795384 0.00042334
0.000795544 0.000423457

0.000795533 0.000423457
0.000796109 0.000424011

0.000796109 0.000424008
0.000796245 0.000424182

0.000796232 0.000424182
0.000796637 0.000424907

0.00079662 0.000424907
0.000796811 0.000425632

0.000796801 0.000425632
0.000796831 0.000426357

0.000796828 0.000426357
0.000796723 0.000427083

0.000796726 0.000427083
0.000796487 0.000427808

0.000796109 0.000428501
0.000796092 0.000428533

0.000796109 0.000428561
0.000795487 0.000429258

0.000796109 0.000428515
0.000796498 0.000427808

0.000796109 0.000428559
0.000796127 0.000428533

0.000791187 0.000429258
0.000791758 0.000429711

0.000791758 0.000429714
0.00079234 0.000429983

0.000792372 0.000429983
0.000792483 0.000430033

0.000792483 0.000430036
0.000793208 0.000430155

0.000793208 0.000430152
0.000793934 0.000430081

0.000794659 0.000429821
0.000794206 0.000429983

0.000793934 0.000430086
0.000794222 0.000429983

0.000794659 0.000429844
0.000795384 0.00042935

0.000795384 0.00042935
0.000795488 0.000429258

0.00080771 0.00055782
0.000807307 0.000558325

0.000808436 0.000557257
0.000807968 0.0005576

0.00080771 0.000557811
0.000807943 0.0005576

0.000807305 0.000558325
0.000807026 0.00055905

0.000807034 0.00055905
0.000807057 0.000559775

0.000807036 0.000559775
0.000807387 0.0005605

0.000807418 0.0005605
0.00080771 0.000560844

0.00080771 0.000560872
0.000808141 0.000561226

0.000808193 0.000561226
0.000808436 0.000561386

0.000808436 0.000557247
0.000809161 0.000556992

0.000809161 0.000556993
0.000809886 0.000557032

0.000809886 0.00055701
0.000810611 0.000557387

0.000810611 0.000557389
0.000810858 0.0005576

0.00081084 0.0005576
0.000811336 0.000558195

0.000808436 0.000561405
0.000809161 0.000561659

0.000809161 0.000561663
0.000809886 0.00056165

0.000811336 0.000560595
0.000810759 0.000561226

0.000809886 0.000561674
0.000810611 0.000561339

0.000810611 0.000561341
0.000810762 0.000561226

0.000811336 0.000558182
0.000811423 0.000558325

0.000811407 0.000558325
0.000811655 0.00055905

0.000811643 0.00055905
0.00081163 0.000559775

0.000811642 0.000559775
0.000811369 0.0005605

0.000811336 0.000560602
0.000811399 0.0005605

0.000902698 0.000663592
0.000902052 0.000664189

0.000903423 0.000663221
0.000902971 0.000663464

0.000902698 0.000663589
0.000902927 0.000663464

0.000903423 0.000663213
0.000904148 0.000663073

0.000901973 0.000664304
0.000901578 0.000664915

0.000901593 0.000664915
0.000901397 0.00066564

0.000901973 0.000664305
0.000902052 0.000664189

0.000901407 0.00066564
0.000901438 0.000666365

0.000901427 0.000666365
0.000901685 0.00066709

0.000901675 0.00066709
0.000901973 0.000667513

0.000901973 0.000667506
0.000902217 0.000667815

0.000902249 0.000667815
0.000902698 0.000668206

0.000902698 0.000668238
0.000903229 0.00066854

0.000903285 0.00066854
0.000903423 0.000668614

0.000903423 0.000668628
0.000904148 0.000668791

0.000904148 0.000663065
0.000904874 0.000663194

0.000904874 0.000663175
0.000905368 0.000663464

0.000905307 0.000663464
0.000905599 0.000663644

0.000905599 0.000663626
0.000906138 0.000664189

0.000906129 0.000664189
0.000906324 0.000664518

0.000906324 0.000664519
0.000906549 0.000664915

0.00090654 0.000664915
0.000906728 0.00066564

0.00090672 0.00066564
0.000906715 0.000666365

0.000906717 0.000666365
0.000906532 0.00066709

0.000905599 0.00066836
0.00090526 0.00066854

0.000904148 0.000668801
0.000904874 0.000668724

0.000904874 0.000668747
0.000905286 0.00066854

0.000906324 0.000667491
0.000906134 0.000667815

0.000905599 0.000668378
0.000906165 0.000667815

0.000906324 0.000667505
0.000906554 0.00066709

0.00112748 0.000593963
0.00112687 0.00059458

0.00112675 0.000594792
0.0011265 0.000595305

0.0011265 0.000595305
0.00112651 0.00059603

0.00112675 0.000594796
0.00112686 0.00059458

0.0011265 0.00059603
0.00112675 0.000596525

0.00112675 0.000596517
0.00112688 0.000596755

0.00112691 0.000596755
0.00112748 0.000597317

0.0011282 0.000593593
0.0011277 0.000593855

0.00112748 0.000593947
0.00112765 0.000593855

0.0011282 0.000593582
0.00112893 0.000593554

0.00112893 0.000593531
0.00112958 0.000593855

0.00112949 0.000593855
0.00112965 0.000593938

0.00112965 0.000593914
0.00113028 0.00059458

0.00112748 0.00059734
0.00112772 0.00059748

0.00113027 0.00059458
0.00113038 0.000594813

0.00113038 0.000596885
0.00112982 0.00059748

0.00112776 0.00059748
0.0011282 0.000597727

0.0011282 0.000597742
0.00112893 0.000597843

0.00112893 0.000597867
0.00112965 0.000597603

0.00112965 0.000597599
0.00112982 0.00059748

0.00113038 0.000594825
0.0011306 0.000595305

0.0011306 0.000595305
0.00113065 0.00059603

0.00113067 0.00059603
0.00113043 0.000596755

0.00113038 0.000596894
0.00113046 0.000596755

0.00111298 0.000864596
0.00111269 0.000865042

0.00111267 0.000865042
0.00111261 0.000865767

0.0011126 0.000865767
0.00111298 0.000866431

0.0011137 0.000863935
0.00111322 0.000864316

0.0011137 0.000863902
0.00111443 0.000863688

0.00111443 0.000863672
0.00111515 0.000863939

0.00111515 0.000863953
0.00111557 0.000864316

0.00111298 0.000864594
0.0011132 0.000864316

0.00111298 0.00086642
0.00111302 0.000866492

0.00111305 0.000866492
0.0011137 0.000867039

0.0011137 0.000867052
0.0011142 0.000867217

0.00111554 0.000864316
0.00111588 0.000864814

0.00111515 0.000867102
0.00111473 0.000867217

0.00111588 0.000866285
0.00111579 0.000866492

0.00111515 0.000867126
0.00111583 0.000866492

0.0011143 0.000867217
0.00111443 0.000867257

0.00111443 0.000867317
0.00111481 0.000867217

0.00111588 0.000864795
0.00111601 0.000865042

0.001116 0.000865042
0.00111608 0.000865767

0.00111588 0.000866304
0.0011161 0.000865767

0.00127902 0.000817826
0.00127876 0.00081791

0.00127902 0.000817777
0.00127963 0.00081791

0.00127757 0.000818635
0.0012771 0.00081936

0.00127757 0.00081863
0.0012783 0.000818029

0.00127711 0.00081936
0.00127703 0.000820085

0.00127702 0.000820085
0.00127734 0.000820811

0.00127738 0.000820811
0.00127757 0.000821044

0.00127757 0.000821066
0.00127811 0.000821536

0.00127816 0.000821536
0.0012783 0.000821624

0.0012783 0.000818021
0.00127865 0.00081791

0.00127946 0.00081791
0.00127975 0.000817974

0.00127975 0.000817937
0.00128047 0.000818543

0.00128047 0.00081855
0.00128055 0.000818635

0.00128054 0.000818635
0.00128096 0.00081936

0.00128094 0.00081936
0.00128104 0.000820085

0.00128105 0.000820085
0.00128085 0.000820811

0.0012783 0.00082165
0.00127902 0.000821908

0.00127902 0.000821928
0.00127975 0.000821846

0.00128047 0.000821326
0.00128023 0.000821536

0.00127975 0.000821863
0.00128026 0.000821536

0.00128047 0.00082135
0.00128088 0.000820811

0.00122174 0.000912091
0.00122169 0.000912173

0.00122166 0.000912173
0.00122149 0.000912898

0.00122148 0.000912898
0.00122174 0.000913541

0.00122247 0.000911316
0.0012223 0.000911448

0.00122174 0.000912049
0.00122227 0.000911448

0.00122247 0.000911279
0.00122319 0.000910948

0.00122174 0.000913538
0.00122178 0.000913623

0.0012218 0.000913623
0.00122247 0.000914285

0.00122247 0.000914286
0.0012226 0.000914348

0.00122261 0.000914348
0.00122319 0.000914623

0.00122319 0.000910935
0.00122392 0.000911041

0.00122392 0.00091104
0.00122447 0.000911448

0.00122443 0.000911448
0.00122464 0.000911674

0.00122464 0.000911668
0.00122498 0.000912173

0.00122498 0.000912173
0.00122514 0.000912898

0.00122515 0.000912898
0.00122495 0.000913623

0.00122319 0.000914636
0.00122392 0.000914582

0.00122464 0.000914055
0.00122429 0.000914348

0.00122392 0.000914593
0.00122432 0.000914348

0.00122464 0.000914071
0.00122497 0.000913623

0.00129425 0.000599352
0.00129404 0.000599656

0.00129403 0.000599656
0.00129382 0.000600381

0.00129498 0.000598672
0.00129465 0.000598931

0.00129498 0.00059864
0.0012957 0.000598319

0.00129425 0.000599345
0.00129461 0.000598931

0.00129381 0.000600381
0.00129396 0.000601106

0.00129396 0.000601106
0.00129425 0.000601524

0.00129425 0.000601523
0.00129451 0.000601831

0.00129456 0.000601831
0.00129498 0.000602164

0.00129498 0.000602179
0.0012957 0.000602511

0.0012957 0.000598317
0.00129643 0.000598351

0.00129643 0.000598335
0.00129715 0.00059876

0.00129715 0.00059877
0.00129733 0.000598931

0.00129732 0.000598931
0.00129788 0.000599642

0.00129786 0.000599656
0.00129788 0.000599704

0.00129788 0.000599714
0.00129807 0.000600381

0.0012957 0.000602517
0.00129643 0.000602554

0.00129715 0.000602254
0.00129649 0.000602556

0.00129643 0.000602558
0.00129643 0.000602556

0.00129788 0.000601363
0.00129759 0.000601831

0.00129807 0.000600381
0.00129799 0.000601106

0.00129788 0.000601384
0.00129802 0.000601106

0.00129715 0.000602255
0.00129761 0.000601831

0.00141824 0.000568466
0.00141823 0.000568477

0.00141824 0.000568351
0.00141897 0.000568276

0.00141897 0.000568278
0.00141929 0.000568477

0.00141808 0.000568477
0.00141761 0.000569202

0.00141761 0.000569202
0.00141811 0.000569927

0.00141824 0.000570015
0.00141897 0.000570083

0.00141922 0.000568477
0.00141969 0.00056916

0.00141969 0.000569254
0.00141919 0.000569927

0.00141969 0.000569208
0.00141969 0.000569202

0.00141897 0.000570082
0.00141923 0.000569927

0.00144578 0.0005576
0.0014458 0.000557925

0.00144652 0.00055703
0.00144585 0.0005576

0.0014458 0.000558015
0.00144584 0.000558325

0.00144594 0.000558325
0.00144652 0.000558766

0.00144652 0.000556906
0.00144725 0.000557268

0.00144725 0.000557212
0.00144749 0.0005576

0.00144748 0.0005576
0.00144739 0.000558325

0.00144652 0.000558869
0.00144725 0.00055853

0.00144725 0.000558554
0.00144742 0.000558325

0.00140229 0.000662256
0.00140204 0.000662739

0.00140302 0.000661513
0.00140245 0.000662014

0.00140229 0.000662262
0.00140243 0.000662014

0.00140202 0.000662739
0.00140213 0.000663464

0.00140217 0.000663464
0.00140229 0.000663656

0.00140229 0.000663678
0.00140276 0.000664189

0.00140282 0.000664189
0.00140302 0.000664326

0.00140374 0.000661264
0.00140382 0.000661289

0.00140302 0.000661484
0.00140363 0.000661289

0.00140387 0.000661289
0.00140447 0.000661525

0.00140447 0.000661537
0.00140495 0.000662014

0.00140493 0.000662014
0.00140519 0.000662526

0.00140519 0.00066251
0.00140529 0.000662739

0.00140519 0.000663621
0.00140475 0.000664189

0.00140529 0.000662739
0.00140524 0.000663464

0.00140519 0.000663628
0.00140528 0.000663464

0.00140302 0.000664365
0.00140374 0.000664617

0.00140374 0.000664651
0.00140447 0.00066444

0.00140447 0.000664429
0.00140477 0.000664189

0.00140882 0.000677861
0.00140872 0.000677966

0.00140868 0.000677966
0.0014083 0.000678691

0.00140828 0.000678691
0.00140847 0.000679417

0.00140854 0.000679417
0.00140882 0.000679749

0.00140882 0.000677825
0.00140954 0.000677311

0.00140954 0.000677305
0.00141027 0.000677347

0.00141027 0.000677343
0.00141099 0.000677959

0.00141096 0.000677966
0.00141099 0.00067803

0.00141099 0.000678027
0.00141129 0.000678691

0.00140882 0.000679778
0.0014093 0.000680142

0.00140941 0.000680142
0.00140954 0.000680216

0.00140954 0.000680282
0.00141027 0.000680268

0.00141099 0.000679677
0.00141048 0.000680142

0.00141129 0.000678691
0.00141116 0.000679417

0.00141099 0.000679686
0.00141117 0.000679417

0.00141027 0.000680268
0.00141049 0.000680142

0.00157849 0.0004176
0.00157828 0.000417656

0.00157849 0.000417559
0.00157879 0.000417656

0.00157697 0.000418381
0.00157659 0.000419106

0.00157663 0.000419106
0.00157673 0.000419832

0.00157672 0.000419832
0.00157704 0.000420291

0.00157704 0.000418368
0.00157776 0.000417783

0.00157776 0.000417765
0.00157817 0.000417656

0.00157704 0.000420296
0.00157728 0.000420557

0.00157877 0.000417656
0.00157921 0.000417818

0.00157921 0.000417807
0.00157979 0.000418381

0.00157975 0.000418381
0.00157994 0.000418823

0.00157994 0.000419931
0.00157949 0.000420557

0.00157735 0.000420557
0.00157776 0.000420861

0.00157776 0.000420896
0.00157849 0.000421086

0.00157849 0.000421123
0.00157921 0.00042084

0.00157921 0.000420832
0.00157953 0.000420557

0.00157994 0.000418811
0.00158006 0.000419106

0.00158005 0.000419106
0.00157997 0.000419832

0.00157994 0.000419931
0.00157999 0.000419832

0.00159154 0.00053624
0.00159114 0.000536572

0.00159082 0.000536907
0.0015906 0.000537297

0.00159065 0.000537297
0.00159064 0.000538022

0.00159082 0.000536909
0.00159105 0.000536572

0.0015906 0.000538022
0.00159082 0.000538461

0.00159082 0.000538453
0.00159097 0.000538748

0.00159101 0.000538748
0.00159154 0.000539235

0.00159154 0.000536206
0.00159227 0.000535878

0.00159227 0.000535847
0.00159227 0.000535847

0.00159227 0.000535858
0.00159299 0.000535898

0.00159299 0.000535854
0.00159372 0.00053639

0.00159372 0.000536388
0.00159387 0.000536572

0.00159154 0.00053928
0.00159202 0.000539473

0.00159299 0.000539439
0.00159269 0.000539473

0.00159385 0.000536572
0.00159424 0.000537297

0.00159421 0.000537297
0.00159424 0.000538022

0.00159372 0.000538991
0.00159304 0.000539473

0.00159427 0.000538022
0.00159392 0.000538748

0.00159372 0.000538998
0.00159393 0.000538748

0.00159227 0.000539514
0.00159264 0.000539473

0.00171118 0.000477723
0.0017111 0.000477839

0.00171101 0.000477839
0.00171099 0.000478564

0.00171118 0.000477696
0.00171191 0.000477153

0.00171191 0.000477107
0.00171194 0.000477114

0.00171197 0.000477114
0.00171263 0.000477493

0.00171263 0.000477464
0.00171288 0.000477839

0.00171288 0.000477839
0.00171287 0.000478564

0.00171109 0.000478564
0.00171118 0.000478703

0.00171118 0.000478742
0.00171191 0.000479284

0.00171263 0.0004789
0.00171199 0.00047929

0.00171263 0.00047891
0.00171286 0.000478564

0.00166695 0.000671771
0.00166659 0.000672166

0.00166645 0.000672166
0.0016664 0.000672891

0.00166695 0.000671705
0.00166761 0.00067144

0.00166776 0.00067144
0.0016684 0.000671998

0.0016684 0.000671983
0.0016685 0.000672166

0.00166843 0.000672166
0.00166847 0.000672891

0.00166654 0.000672891
0.00166695 0.000673378

0.00166695 0.000673431
0.00166738 0.000673616

0.00166741 0.000673616
0.00166768 0.000673694

0.0016684 0.000673129
0.00166787 0.000673616

0.00166768 0.000673719
0.0016679 0.000673616

0.0016684 0.000673144
0.00166853 0.000672891

0.00179747 0.000627668
0.00179727 0.000627935

0.00179721 0.000627935
0.00179708 0.00062866

0.00179711 0.00062866
0.00179747 0.00062923

0.00179819 0.000627174
0.00179813 0.000627209

0.00179747 0.000627635
0.001798 0.000627209

0.00179819 0.000627085
0.00179892 0.000627181

0.00179871 0.000627209
0.00179892 0.000627239

0.00179747 0.000629229
0.00179763 0.000629385

0.00179895 0.000627209
0.00179964 0.000627934

0.00179961 0.000627935
0.00179964 0.000628168

0.00179964 0.000628867
0.00179927 0.000629385

0.00179964 0.000628164
0.00179972 0.00062866

0.00179964 0.000628873
0.00179974 0.00062866

0.00179767 0.000629385
0.00179819 0.00062972

0.00179819 0.000629764
0.00179892 0.000629683

0.00179892 0.00062967
0.00179931 0.000629385

0.00161257 0.000808699
0.00161219 0.000809209

0.00161329 0.000808214
0.00161285 0.000808484

0.00161257 0.000808682
0.00161281 0.000808484

0.00161329 0.000808162
0.00161402 0.000808241

0.00161402 0.000808255
0.00161435 0.000808484

0.0016143 0.000808484
0.00161474 0.000809004

0.00161215 0.000809209
0.00161213 0.000809934

0.00161216 0.000809934
0.00161257 0.000810504

0.00161257 0.00081051
0.00161274 0.000810659

0.00161277 0.000810659
0.00161329 0.000810978

0.00161474 0.000810232
0.0016144 0.000810659

0.00161329 0.000811014
0.00161402 0.000810958

0.00161402 0.000810952
0.00161444 0.000810659

0.00161474 0.000808997
0.00161486 0.000809209

0.00161486 0.000809209
0.0016149 0.000809934

0.00161474 0.000810259
0.00161492 0.000809934

0.00163287 0.000789428
0.00163268 0.000789631

0.00163263 0.000789631
0.00163231 0.000790356

0.00163287 0.000789393
0.0016336 0.000788965

0.0016323 0.000790356
0.00163266 0.000791082

0.00163272 0.000791082
0.00163287 0.000791231

0.00163287 0.000791256
0.0016336 0.000791669

0.0016336 0.000788938
0.00163432 0.000789206

0.00163432 0.00078922
0.00163472 0.000789631

0.0016347 0.000789631
0.001635 0.000790356

0.0016336 0.000791706
0.00163432 0.000791474

0.00163502 0.000790356
0.0016347 0.000791082

0.00163432 0.00079147
0.00163472 0.000791082

