0 0.999994 0.999993 0.00119999
7.96124e-06 0.999994 0.999993 0.00119999
2.50542e-05 0.999994 0.999992 0.00119999
4.31777e-05 0.999994 0.999992 0.00119999
6.23832e-05 0.999994 0.999992 0.00119999
8.26558e-05 0.999994 0.999993 0.00119999
0.000103893 0.999994 0.999992 0.00119999
0.000126038 0.999994 0.999989 0.00119999
0.000149041 0.999994 0.999984 0.00119998
0.000172838 0.999994 0.999983 0.00119998
0.000197347 0.999994 0.999991 0.00119999
0.000222508 0.999994 0.999999 0.0012
0.000248275 0.999994 1.00001 0.00120001
0.000274604 0.999994 1.00001 0.00120001
0.000301448 0.999994 0.999981 0.00119998
0.000328761 0.999994 0.999975 0.00119997
0.000356504 0.999994 0.999987 0.00119998
0.000384647 0.999994 0.999995 0.00119999
0.000413157 0.999994 0.999997 0.0012
0.000442004 0.999994 0.999962 0.00119995
0.000471161 0.999993 0.99995 0.00119994
0.000500604 0.999993 0.99997 0.00119996
0.00053031 0.999993 0.999976 0.00119997
0.000560259 0.999993 0.999968 0.00119996
0.000589859 0.999993 0.999923 0.00119991
0.000619718 0.999993 0.999906 0.00119989
0.000645636 0.999993 0.999933 0.00119992
0.000665978 0.999993 0.999942 0.00119993
0.000687428 0.999993 0.999925 0.00119991
0.000703128 0.999993 0.999905 0.00119989
0.00072013 0.999993 0.999907 0.00119989
0.000735829 0.999993 0.999929 0.00119992
0.000750158 0.999993 0.999935 0.00119992
0.000764959 0.999993 0.999907 0.00119989
0.000773166 0.999993 0.99989 0.00119987
0.000781882 0.999993 0.999896 0.00119988
0.000789492 0.999993 0.999911 0.00119989
0.00079752 0.999993 0.999903 0.00119988
0.000803479 0.999993 0.999878 0.00119985
0.000809677 0.999993 0.999872 0.00119985
0.000815725 0.999993 0.999895 0.00119987
0.000820154 0.999993 0.999904 0.00119988
0.000824685 0.999993 0.999884 0.00119986
0.00082784 0.999993 0.999869 0.00119984
0.000831112 0.999992 0.999878 0.00119985
0.000833813 0.999992 0.999892 0.00119987
0.000836628 0.999992 0.999881 0.00119986
0.000838754 0.999992 0.999862 0.00119983
0.000841012 0.999992 0.999865 0.00119984
0.000843091 0.999992 0.999881 0.00119986
0.000845295 0.999992 0.999874 0.00119985
0.000847025 0.999992 0.999853 0.00119982
0.000848897 0.999992 0.999852 0.00119982
0.000850722 0.999992 0.999868 0.00119984
0.000852677 0.999992 0.999863 0.00119984
0.00085425 0.999992 0.999841 0.00119981
0.000855973 0.999992 0.999837 0.0011998
0.000857677 0.999992 0.999853 0.00119982
0.000859518 0.999992 0.999849 0.00119982
0.00086103 0.999992 0.999826 0.00119979
0.000862701 0.999992 0.999821 0.00119979
0.000864352 0.999992 0.999836 0.0011998
0.000866138 0.999992 0.999834 0.0011998
0.000867644 0.999992 0.999814 0.00119978
0.00086931 0.999992 0.999809 0.00119977
0.000870944 0.999992 0.999824 0.00119979
0.000872693 0.999992 0.999824 0.00119979
0.00087424 0.999992 0.999804 0.00119976
0.000875902 0.999992 0.999797 0.00119976
0.000877566 0.999992 0.999812 0.00119977
0.000879303 0.999992 0.999814 0.00119978
0.000880934 0.999992 0.999793 0.00119975
0.000882612 0.999992 0.999783 0.00119974
0.000884296 0.999992 0.999798 0.00119976
0.000886012 0.999992 0.999805 0.00119977
0.000887739 0.999992 0.999784 0.00119974
0.000889245 0.999992 0.99977 0.00119972
0.000890776 0.999992 0.999782 0.00119974
0.000892348 0.999992 0.999791 0.00119975
0.000893968 0.999992 0.999774 0.00119973
0.00089533 0.999992 0.999759 0.00119971
0.000896732 0.999992 0.999767 0.00119972
0.0008982 0.999992 0.999776 0.00119973
0.00089974 0.999992 0.999763 0.00119972
0.00090114 0.999992 0.99975 0.0011997
0.000902589 0.999992 0.999758 0.00119971
0.000904084 0.999992 0.999767 0.00119972
0.000905653 0.999992 0.999758 0.00119971
0.00090704 0.999992 0.999745 0.00119969
0.000908487 0.999992 0.99975 0.0011997
0.000909979 0.999992 0.99976 0.00119971
0.000911557 0.999992 0.999752 0.0011997
0.000912964 0.999992 0.999738 0.00119969
0.00091444 0.999992 0.999743 0.00119969
0.000915954 0.999992 0.999753 0.0011997
0.000917559 0.999992 0.999746 0.00119969
0.000918974 0.999992 0.999731 0.00119968
0.000920467 0.999992 0.999735 0.00119968
0.000921995 0.999992 0.999746 0.00119969
0.000923622 0.999992 0.999739 0.00119969
0.000925053 0.999992 0.999724 0.00119967
0.000926571 0.999992 0.999726 0.00119967
0.000928119 0.999992 0.999737 0.00119968
0.000929771 0.999992 0.999731 0.00119968
0.000931219 0.999992 0.999716 0.00119966
0.00093276 0.999992 0.999717 0.00119966
0.000934329 0.999992 0.999729 0.00119967
0.000936005 0.999992 0.999725 0.00119967
0.000937472 0.999992 0.999711 0.00119965
0.000939041 0.999992 0.999713 0.00119966
0.000940632 0.999992 0.999724 0.00119967
0.000942336 0.999992 0.999722 0.00119967
0.000943823 0.999992 0.999708 0.00119965
0.000945419 0.999992 0.999708 0.00119965
0.000947034 0.999992 0.99972 0.00119966
0.000948769 0.999992 0.999718 0.00119966
0.000950278 0.999992 0.999703 0.00119964
0.000951904 0.999992 0.999703 0.00119964
0.000953546 0.999992 0.999715 0.00119966
0.000955312 0.999992 0.999714 0.00119966
0.000956842 0.999992 0.999699 0.00119964
0.000958497 0.999992 0.999697 0.00119964
0.000960166 0.999992 0.99971 0.00119965
0.000961964 0.999992 0.999709 0.00119965
0.000963514 0.999992 0.999693 0.00119963
0.000965201 0.999992 0.999691 0.00119963
0.000966898 0.999992 0.999704 0.00119964
0.000968733 0.999992 0.999704 0.00119964
0.000970308 0.999992 0.999687 0.00119962
0.000972033 0.999992 0.999683 0.00119962
0.000973766 0.999992 0.999697 0.00119964
0.000975646 0.999992 0.999698 0.00119964
0.000977249 0.999992 0.999682 0.00119962
0.000979016 0.999992 0.999679 0.00119961
0.000980788 0.999992 0.999692 0.00119963
0.000982715 0.999992 0.999695 0.00119963
0.000984359 0.999992 0.99968 0.00119962
0.000986174 0.999992 0.999676 0.00119961
0.000987994 0.999992 0.999689 0.00119963
0.000989929 0.999992 0.999693 0.00119963
0.000991663 0.999992 0.999678 0.00119961
0.000993483 0.999992 0.999672 0.00119961
0.000995314 0.999992 0.999685 0.00119962
0.000997218 0.999992 0.999692 0.00119963
0.000999123 0.999992 0.999676 0.00119961
0.00100093 0.999992 0.999666 0.0011996
0.00100275 0.999992 0.999679 0.00119962
0.00100459 0.999992 0.99969 0.00119963
0.00100645 0.999992 0.999676 0.00119961
0.00100792 0.999992 0.999665 0.0011996
0.00100941 0.999992 0.999674 0.00119961
0.001011 0.999992 0.999682 0.00119962
0.00101266 0.999992 0.999672 0.00119961
0.00101429 0.999992 0.99966 0.00119959
0.00101594 0.999992 0.999669 0.0011996
0.00101764 0.999992 0.99968 0.00119962
0.00101938 0.999992 0.999671 0.0011996
0.00102091 0.999992 0.999658 0.00119959
0.00102248 0.999992 0.999665 0.0011996
0.00102412 0.999992 0.999675 0.00119961
0.00102582 0.999992 0.999669 0.0011996
0.00102742 0.999992 0.999659 0.00119959
0.00102906 0.999992 0.999665 0.0011996
0.00103075 0.999992 0.999676 0.00119961
0.0010325 0.999992 0.999672 0.00119961
0.00103409 0.999992 0.999661 0.00119959
0.00103573 0.999992 0.999666 0.0011996
0.00103741 0.999992 0.999678 0.00119961
0.00103918 0.999992 0.999674 0.00119961
0.0010408 0.999992 0.999663 0.0011996
0.00104248 0.999992 0.999667 0.0011996
0.0010442 0.999992 0.999679 0.00119961
0.001046 0.999992 0.999676 0.00119961
0.00104764 0.999992 0.999664 0.0011996
0.00104935 0.999992 0.999668 0.0011996
0.00105109 0.999992 0.99968 0.00119962
0.00105292 0.999992 0.999677 0.00119961
0.00105459 0.999992 0.999665 0.0011996
0.00105634 0.999992 0.999667 0.0011996
0.00105812 0.999992 0.99968 0.00119962
0.00105999 0.999992 0.999679 0.00119961
0.00106168 0.999992 0.999666 0.0011996
0.00106346 0.999992 0.999667 0.0011996
0.00106527 0.999992 0.99968 0.00119962
0.00106718 0.999992 0.99968 0.00119962
0.0010689 0.999992 0.999666 0.0011996
0.00107074 0.999992 0.999665 0.0011996
0.00107258 0.999992 0.999679 0.00119961
0.00107456 0.999992 0.99968 0.00119962
0.00107631 0.999992 0.999665 0.0011996
0.00107821 0.999992 0.999663 0.0011996
0.00108011 0.999992 0.999677 0.00119961
0.00108215 0.999992 0.99968 0.00119962
0.00108395 0.999992 0.999664 0.0011996
0.00108592 0.999992 0.999661 0.00119959
0.0010879 0.999992 0.999675 0.00119961
0.00109002 0.999992 0.999681 0.00119962
0.00109191 0.999992 0.999668 0.0011996
0.0010939 0.999992 0.999664 0.0011996
0.0010959 0.999992 0.999678 0.00119961
0.00109799 0.999992 0.999685 0.00119962
0.00110007 0.999992 0.999673 0.00119961
0.00110206 0.999992 0.999664 0.0011996
0.00110385 0.999992 0.999677 0.00119961
0.00110575 0.999992 0.999686 0.00119962
0.00110769 0.999992 0.999677 0.00119961
0.00110964 0.999992 0.999669 0.0011996
0.00111154 0.999992 0.999681 0.00119962
0.00111349 0.999992 0.999693 0.00119963
0.00111546 0.999992 0.999685 0.00119962
0.00111719 0.999992 0.999675 0.00119961
0.00111893 0.999992 0.999683 0.00119962
0.00112074 0.999992 0.999694 0.00119963
0.0011226 0.999992 0.999688 0.00119963
0.00112438 0.999992 0.999677 0.00119961
0.00112618 0.999992 0.999684 0.00119962
0.00112802 0.999992 0.999696 0.00119964
0.00112991 0.999992 0.999691 0.00119963
0.00113166 0.999992 0.99968 0.00119962
0.00113345 0.999992 0.999686 0.00119962
0.00113527 0.999992 0.999698 0.00119964
0.00113715 0.999992 0.999694 0.00119963
0.00113894 0.999992 0.999682 0.00119962
0.00114077 0.999992 0.999686 0.00119962
0.00114263 0.999992 0.999699 0.00119964
0.00114456 0.999992 0.999697 0.00119964
0.00114635 0.999992 0.999684 0.00119962
0.00114821 0.999992 0.999686 0.00119962
0.00115009 0.999992 0.999699 0.00119964
0.00115206 0.999992 0.999699 0.00119964
0.00115389 0.999992 0.999685 0.00119962
0.00115581 0.999992 0.999685 0.00119962
0.00115774 0.999992 0.999699 0.00119964
0.00115978 0.999992 0.9997 0.00119964
0.00116165 0.999992 0.999689 0.00119963
0.00116364 0.999992 0.999688 0.00119963
0.00116563 0.999992 0.999702 0.00119964
0.00116776 0.999992 0.999707 0.00119965
0.00116969 0.999992 0.999696 0.00119964
0.00117179 0.999992 0.999693 0.00119963
0.00117382 0.999992 0.999708 0.00119965
0.001176 0.999992 0.999714 0.00119966
0.00117812 0.999992 0.999702 0.00119964
0.00118028 0.999992 0.999697 0.00119964
0.00118217 0.999992 0.999711 0.00119965
0.0011842 0.999992 0.999719 0.00119966
0.00118628 0.999992 0.99971 0.00119965
0.00118838 0.999992 0.999704 0.00119964
0.00119028 0.999992 0.999717 0.00119966
0.00119229 0.999992 0.999726 0.00119967
0.00119434 0.999992 0.999719 0.00119966
0.0011964 0.999992 0.999711 0.00119965
0.00119835 0.999992 0.999722 0.00119967
0.00120037 0.999991 0.999734 0.00119968
0.00120242 0.999991 0.999727 0.00119967
0.00120436 0.999991 0.999718 0.00119966
0.00120631 0.999991 0.999727 0.00119967
0.0012083 0.999991 0.999739 0.00119969
0.00121032 0.999991 0.999734 0.00119968
0.00121216 0.999991 0.999724 0.00119967
0.00121402 0.999991 0.99973 0.00119968
0.00121593 0.999991 0.999742 0.00119969
0.00121789 0.999991 0.999739 0.00119969
0.00121978 0.999991 0.999727 0.00119967
0.00122171 0.999991 0.999732 0.00119968
0.00122367 0.999991 0.999746 0.00119969
0.00122568 0.999991 0.999744 0.00119969
0.00122756 0.999991 0.999732 0.00119968
0.0012295 0.999991 0.999734 0.00119968
0.00123146 0.999991 0.999748 0.0011997
0.00123351 0.999991 0.999748 0.0011997
0.00123544 0.999991 0.999735 0.00119968
0.00123746 0.999991 0.999735 0.00119968
0.00123949 0.999991 0.99975 0.0011997
0.00124162 0.999991 0.999752 0.0011997
0.0012436 0.999991 0.999738 0.00119969
0.00124571 0.999991 0.999735 0.00119968
0.00124777 0.999991 0.999751 0.0011997
0.00124998 0.999991 0.999756 0.00119971
0.00125211 0.999991 0.999742 0.00119969
0.00125431 0.999991 0.999739 0.00119969
0.00125624 0.999991 0.999753 0.0011997
0.00125834 0.999991 0.999761 0.00119971
0.00126049 0.999991 0.999753 0.0011997
0.00126267 0.999991 0.99975 0.0011997
0.00126456 0.999991 0.999763 0.00119972
0.00126661 0.999991 0.999771 0.00119973
0.0012687 0.999991 0.999766 0.00119972
0.00127084 0.999991 0.999761 0.00119971
0.00127285 0.999991 0.999773 0.00119973
0.00127495 0.999991 0.999784 0.00119974
0.00127707 0.999991 0.999779 0.00119973
0.0012792 0.999991 0.999771 0.00119973
0.00128122 0.999991 0.999781 0.00119974
0.00128328 0.999991 0.999793 0.00119975
0.00128538 0.999991 0.99979 0.00119975
0.00128739 0.999991 0.999782 0.00119974
0.00128942 0.999991 0.999789 0.00119975
0.00129147 0.999991 0.999802 0.00119976
0.00129357 0.999991 0.9998 0.00119976
0.00129551 0.999991 0.99979 0.00119975
0.00129749 0.999991 0.999795 0.00119975
0.0012995 0.999991 0.999808 0.00119977
0.00130157 0.999991 0.999808 0.00119977
0.00130356 0.999991 0.999797 0.00119976
0.00130562 0.999991 0.999799 0.00119976
0.00130768 0.999991 0.999814 0.00119978
0.00130983 0.999991 0.999817 0.00119978
0.00131184 0.999991 0.999804 0.00119977
0.00131397 0.999991 0.999804 0.00119976
0.00131603 0.999991 0.999819 0.00119978
0.00131824 0.999991 0.999824 0.00119979
0.00132042 0.999991 0.99981 0.00119977
0.00132267 0.999991 0.999806 0.00119977
0.00132446 0.999991 0.99982 0.00119978
0.00132653 0.999991 0.999826 0.00119979
0.00132867 0.999991 0.999817 0.00119978
0.00133092 0.999991 0.999814 0.00119978
0.0013329 0.999991 0.999829 0.00119979
0.00133505 0.999991 0.999837 0.0011998
0.00133723 0.999991 0.999827 0.00119979
0.00133945 0.999991 0.999821 0.00119979
0.0013414 0.999991 0.999834 0.0011998
0.00134347 0.999991 0.999843 0.00119981
0.0013456 0.999991 0.999836 0.0011998
0.00134774 0.999991 0.999828 0.00119979
0.00134984 0.999991 0.999839 0.00119981
0.00135199 0.999991 0.999851 0.00119982
0.00135415 0.999991 0.999845 0.00119981
0.00135621 0.999991 0.999834 0.0011998
0.00135828 0.999991 0.999842 0.00119981
0.00136037 0.999991 0.999856 0.00119983
0.00136249 0.999991 0.999852 0.00119982
0.00136447 0.999991 0.999843 0.00119981
0.00136647 0.999991 0.999849 0.00119982
0.00136851 0.999991 0.999862 0.00119983
0.0013706 0.999991 0.999863 0.00119984
0.00137261 0.999991 0.999855 0.00119983
0.0013747 0.999991 0.999859 0.00119983
0.00137677 0.999991 0.999873 0.00119985
0.00137894 0.999991 0.999877 0.00119985
0.00138098 0.999991 0.999868 0.00119984
0.00138314 0.999991 0.999869 0.00119984
0.00138516 0.999991 0.999884 0.00119986
0.00138735 0.999991 0.999889 0.00119987
0.00138955 0.999991 0.99988 0.00119986
0.00139182 0.999991 0.999876 0.00119985
0.00139355 0.999991 0.999889 0.00119987
0.00139559 0.999991 0.999895 0.00119987
0.00139772 0.999991 0.999891 0.00119987
0.00139998 0.999991 0.999888 0.00119987
0.00140215 0.999991 0.999903 0.00119988
0.00140442 0.999991 0.999915 0.0011999
0.00140674 0.999991 0.999912 0.00119989
0.00140909 0.999991 0.999892 0.00119987
0.00141135 0.999991 0.999902 0.00119988
0.00141369 0.999991 0.999928 0.00119991
0.00141607 0.999991 0.99993 0.00119992
0.00141846 0.999991 0.999908 0.00119989
0.00142085 0.999991 0.999914 0.0011999
0.00142329 0.999991 0.999946 0.00119993
0.00142577 0.999991 0.999953 0.00119994
0.00142827 0.999991 0.999944 0.00119993
0.00143079 0.999991 0.999945 0.00119993
0.00143336 0.999991 0.999966 0.00119996
0.00143599 0.999991 0.999974 0.00119997
0.00143864 0.999991 0.999968 0.00119996
0.00144133 0.999991 0.999968 0.00119996
0.00144407 0.999991 0.999984 0.00119998
0.00144689 0.999991 0.999995 0.00119999
0.00144971 0.999991 0.999988 0.00119999
0.00145259 0.999991 0.999986 0.00119998
0.0014555 0.999991 1 0.0012
0.00145851 0.999991 1.00002 0.00120002
0.00146136 0.999991 1.00001 0.00120001
0.0014643 0.999991 1.00001 0.00120001
0.00146727 0.999991 1.00002 0.00120003
0.00147038 0.999991 1.00004 0.00120005
0.00147326 0.999991 1.00003 0.00120004
0.00147628 0.999991 1.00003 0.00120003
0.00147932 0.999991 1.00005 0.00120005
0.00148255 0.999991 1.00006 0.00120008
0.00148547 0.999991 1.00006 0.00120007
0.00148858 0.999991 1.00005 0.00120006
0.00149171 0.999991 1.00007 0.00120008
0.00149508 0.999991 1.00009 0.00120011
0.00149808 0.999991 1.00009 0.0012001
0.00150134 0.999991 1.00008 0.0012001
0.00150444 0.999991 1.0001 0.00120012
0.00150786 0.999991 1.00012 0.00120014
0.00151108 0.999991 1.00012 0.00120014
0.00151449 0.999991 1.00011 0.00120013
0.00151741 0.999991 1.00012 0.00120015
0.00152068 0.999991 1.00014 0.00120017
0.00152398 0.999991 1.00014 0.00120017
0.00152741 0.999991 1.00013 0.00120016
0.00153039 0.999991 1.00014 0.00120017
0.00153366 0.999991 1.00016 0.0012002
0.00153697 0.999991 1.00016 0.0012002
0.00154036 0.999991 1.00016 0.00120019
0.00154354 0.999991 1.00016 0.0012002
0.00154687 0.999991 1.00018 0.00120022
0.00155024 0.999991 1.00019 0.00120023
0.00155363 0.999991 1.00018 0.00120022
0.00155692 0.999991 1.00019 0.00120022
0.00156027 0.999991 1.00021 0.00120025
0.00156366 0.999991 1.00021 0.00120026
0.00156687 0.999991 1.0002 0.00120025
0.0015701 0.999991 1.00021 0.00120025
0.0015734 0.999991 1.00022 0.00120027
0.00157676 0.999991 1.00023 0.00120028
0.00158013 0.999991 1.00023 0.00120028
0.00158354 0.999991 1.00023 0.00120028
0.001587 0.999991 1.00025 0.0012003
0.00159057 0.999991 1.00026 0.00120031
0.00159413 0.999991 1.00026 0.00120031
0.00159778 0.999991 1.00026 0.00120031
0.00160146 0.999991 1.00027 0.00120033
0.00160532 0.999991 1.00028 0.00120034
0.00160904 0.999991 1.00028 0.00120034
0.00161293 0.999991 1.00028 0.00120034
0.00161686 0.999991 1.0003 0.00120036
0.00162105 0.999991 1.00031 0.00120038
0.00162501 0.999991 1.00031 0.00120038
0.00162927 0.999991 1.00031 0.00120038
0.00163354 0.999991 1.00033 0.00120039
0.00163804 0.999991 1.00034 0.00120041
0.00164222 0.999991 1.00035 0.00120042
0.00164651 0.999991 1.00034 0.00120041
0.00165061 0.999991 1.00035 0.00120043
0.0016549 0.999991 1.00037 0.00120044
0.0016592 0.999991 1.00038 0.00120045
0.00166352 0.999991 1.00037 0.00120045
0.00166753 0.999991 1.00038 0.00120046
0.00167167 0.999991 1.00039 0.00120047
0.00167587 0.999991 1.0004 0.00120048
0.00168008 0.999991 1.0004 0.00120048
0.0016843 0.999991 1.0004 0.00120048
0.00168857 0.999991 1.00042 0.0012005
0.00169289 0.999991 1.00042 0.00120051
0.0016968 0.999991 1.00042 0.00120051
0.00170078 0.999991 1.00042 0.00120051
0.00170483 0.999991 1.00044 0.00120052
0.00170901 0.999991 1.00045 0.00120053
0.0017129 0.999991 1.00044 0.00120053
0.00171693 0.999991 1.00044 0.00120053
0.00172099 0.999991 1.00046 0.00120055
0.00172525 0.999991 1.00047 0.00120056
0.00172913 0.999991 1.00047 0.00120056
0.00173323 0.999991 1.00046 0.00120056
0.00173734 0.99999 1.00047 0.00120057
0.00174175 0.99999 1.00049 0.00120058
0.00174554 0.99999 1.00049 0.00120058
0.00174969 0.99999 1.00048 0.00120058
0.00175359 0.99999 1.00049 0.00120059
0.00175789 0.99999 1.0005 0.0012006
0.00176177 0.99999 1.0005 0.00120061
0.00176587 0.99999 1.0005 0.0012006
0.00176973 0.99999 1.00051 0.00120061
0.00177386 0.99999 1.00052 0.00120062
0.00177789 0.99999 1.00052 0.00120063
0.00178201 0.99999 1.00052 0.00120062
0.00178579 0.99999 1.00052 0.00120063
0.00178975 0.99999 1.00053 0.00120064
0.00179373 0.99999 1.00054 0.00120064
0.00179775 0.99999 1.00053 0.00120064
0.00180174 0.99999 1.00053 0.00120064
0.00180578 0.99999 1.00055 0.00120065
0.00180984 0.99999 1.00055 0.00120066
0.00181343 0.99999 1.00055 0.00120066
0.00181706 0.99999 1.00055 0.00120066
0.00182076 0.99999 1.00056 0.00120067
0.00182453 0.99999 1.00057 0.00120068
0.00182802 0.99999 1.00056 0.00120067
0.00183158 0.99999 1.00056 0.00120067
0.00183518 0.99999 1.00057 0.00120068
0.0018389 0.99999 1.00058 0.00120069
0.00184238 0.99999 1.00057 0.00120069
0.00184597 0.99999 1.00057 0.00120069
0.0018496 0.99999 1.00058 0.0012007
0.00185339 0.99999 1.00059 0.00120071
0.00185702 0.99999 1.00059 0.0012007
0.00186084 0.99999 1.00058 0.0012007
0.00186468 0.99999 1.00059 0.00120071
0.00186884 0.99999 1.0006 0.00120072
0.00187297 0.99999 1.0006 0.00120072
0.00187744 0.99999 1.0006 0.00120072
0.00188193 0.99999 1.00062 0.00120074
0.00188672 0.99999 1.00063 0.00120076
0.00189147 0.99999 1.00063 0.00120076
0.00189635 0.99999 1.00064 0.00120076
0.00190112 0.99999 1.00065 0.00120078
0.00190609 0.99999 1.00066 0.0012008
0.0019111 0.99999 1.00067 0.0012008
0.00191617 0.99999 1.00067 0.0012008
0.00192124 0.99999 1.00068 0.00120081
0.00192643 0.99999 1.00069 0.00120083
0.00193167 0.99999 1.0007 0.00120084
0.00193694 0.99999 1.0007 0.00120084
0.00194225 0.99999 1.00071 0.00120085
0.00194764 0.99999 1.00072 0.00120087
0.00195315 0.99999 1.00073 0.00120088
0.00195858 0.99999 1.00073 0.00120088
0.00196415 0.99999 1.00074 0.00120088
0.00196979 0.99999 1.00075 0.0012009
0.00197569 0.99999 1.00076 0.00120091
0.00198141 0.99999 1.00076 0.00120091
0.00198747 0.99999 1.00076 0.00120091
0.00199354 0.99999 1.00077 0.00120093
0.00200005 0.99999 1.00079 0.00120094
0.00200577 0.99999 1.00079 0.00120094
0.00201175 0.99999 1.00079 0.00120095
0.00201773 0.99999 1.0008 0.00120096
0.00202392 0.99999 1.00081 0.00120097
0.00202985 0.99999 1.00081 0.00120098
0.00203584 0.99999 1.00081 0.00120097
0.00204184 0.99999 1.00082 0.00120098
0.0020479 0.99999 1.00083 0.001201
0.002054 0.99999 1.00084 0.001201
0.00205966 0.99999 1.00084 0.001201
0.00206542 0.99999 1.00084 0.00120101
0.00207123 0.99999 1.00085 0.00120102
0.0020772 0.99999 1.00086 0.00120103
0.00208286 0.99999 1.00086 0.00120103
0.00208874 0.99999 1.00086 0.00120103
0.00209468 0.99999 1.00087 0.00120104
0.00210099 0.99999 1.00088 0.00120105
0.0021073 0.99999 1.00088 0.00120105
0.00211408 0.99999 1.00088 0.00120106
0.00212091 0.99999 1.00089 0.00120107
0.00212808 0.99999 1.0009 0.00120108
0.00213499 0.99999 1.0009 0.00120108
0.00214204 0.99999 1.00091 0.00120109
0.00214913 0.99999 1.00091 0.0012011
0.00215636 0.99999 1.00092 0.00120111
0.00216361 0.99999 1.00093 0.00120112
0.00217076 0.99999 1.00093 0.00120112
0.00217796 0.99999 1.00094 0.00120112
0.00218519 0.99999 1.00095 0.00120114
0.00219253 0.99999 1.00095 0.00120115
0.00219923 0.99999 1.00096 0.00120115
0.00220612 0.99999 1.00096 0.00120115
0.00221305 0.99999 1.00097 0.00120116
0.00222025 0.99999 1.00098 0.00120117
0.00222704 0.99999 1.00098 0.00120117
0.00223419 0.99999 1.00098 0.00120118
0.00224135 0.99999 1.00099 0.00120119
0.00224901 0.99999 1.001 0.0012012
0.00225652 0.99999 1.001 0.0012012
0.00226428 0.99999 1.001 0.00120121
0.00227206 0.99999 1.00101 0.00120122
0.00228004 0.99999 1.00102 0.00120123
0.00228811 0.99999 1.00103 0.00120123
0.00229627 0.99999 1.00103 0.00120124
0.0023046 0.99999 1.00104 0.00120124
0.00231314 0.99999 1.00105 0.00120126
0.00232199 0.99999 1.00105 0.00120126
0.00233097 0.99999 1.00106 0.00120127
0.00234035 0.99999 1.00106 0.00120128
0.00234996 0.999991 1.00107 0.00120129
0.0023602 0.999991 1.00108 0.0012013
0.00237061 0.999991 1.00109 0.0012013
0.00238192 0.999991 1.00109 0.00120131
0.00239352 0.999991 1.0011 0.00120133
0.00240601 0.999991 1.00112 0.00120134
0.00241885 0.999991 1.00112 0.00120135
0.00243202 0.999991 1.00113 0.00120136
0.00244555 0.999991 1.00114 0.00120137
0.00245937 0.999991 1.00115 0.00120138
0.00247381 0.999991 1.00116 0.0012014
0.00248847 0.999991 1.00117 0.0012014
0.00250426 0.999991 1.00118 0.00120142
0.00252047 0.999991 1.00119 0.00120143
0.00253827 0.999991 1.00121 0.00120145
0.00255692 0.999991 1.00122 0.00120146
0.00257694 0.999991 1.00123 0.00120148
0.00259822 0.999991 1.00124 0.00120149
0.0026203 0.999991 1.00126 0.00120151
0.00264345 0.999991 1.00128 0.00120153
0.00266742 0.999991 1.00129 0.00120155
0.00269228 0.999991 1.00131 0.00120157
0.00271797 0.999991 1.00132 0.00120159
0.00274441 0.999991 1.00134 0.00120161
0.00277153 0.999991 1.00136 0.00120163
0.00279927 0.999991 1.00137 0.00120165
0.00282759 0.999992 1.0014 0.00120168
0.00285642 0.999992 1.00142 0.00120171
0.00288573 0.999992 1.00145 0.00120174
0.00291547 0.999992 1.00147 0.00120177
0.00294561 0.999992 1.0015 0.0012018
0.00297611 0.999992 1.00152 0.00120183
0.00300695 0.999992 1.00155 0.00120186
0.00303809 0.999992 1.00157 0.00120188
0.00306951 0.999993 1.00159 0.00120191
0.00310119 0.999993 1.00162 0.00120194
0.00313311 0.999993 1.00164 0.00120197
0.00316525 0.999993 1.00167 0.001202
0.00319758 0.999993 1.00169 0.00120203
0.0032301 0.999993 1.00171 0.00120205
0.0032628 0.999993 1.00173 0.00120208
0.00329565 0.999994 1.00176 0.00120211
0.00332865 0.999994 1.00179 0.00120214
0.00336179 0.999994 1.00182 0.00120218
0.00339505 0.999994 1.00185 0.00120221
0.00342843 0.999994 1.00187 0.00120225
0.00346192 0.999995 1.0019 0.00120228
0.00349552 0.999995 1.00193 0.00120232
0.00352921 0.999995 1.00196 0.00120235
0.00356299 0.999995 1.00199 0.00120239
0.00359686 0.999996 1.00202 0.00120242
0.00363081 0.999996 1.00204 0.00120245
0.00366483 0.999996 1.00207 0.00120248
0.00369893 0.999996 1.0021 0.00120251
0.00373309 0.999997 1.00212 0.00120255
0.00376731 0.999997 1.00215 0.00120258
0.0038016 0.999997 1.00218 0.00120261
0.00383595 0.999997 1.00221 0.00120265
0.00387035 0.999998 1.00225 0.00120269
0.0039048 0.999998 1.00228 0.00120273
0.00393931 0.999998 1.00231 0.00120277
0.00397386 0.999999 1.00234 0.00120281
0.00400847 0.999999 1.00237 0.00120285
0.00404312 0.999999 1.0024 0.00120289
0.00407781 0.999999 1.00244 0.00120292
0.00411254 1 1.00247 0.00120296
0.00414732 1 1.0025 0.001203
0.00418214 1 1.00253 0.00120303
0.004217 1 1.00257 0.00120308
0.00425189 1 1.0026 0.00120312
0.00428682 1 1.00264 0.00120317
0.00432179 1 1.00268 0.00120322
0.0043568 1 1.00272 0.00120326
0.00439184 1 1.00275 0.00120331
0.00442691 1 1.00279 0.00120335
0.00446202 1 1.00283 0.00120339
0.00449716 1 1.00287 0.00120344
0.00453234 1 1.00291 0.0012035
0.00456754 1 1.00296 0.00120355
0.00460278 1 1.003 0.00120361
0.00463805 1.00001 1.00305 0.00120366
0.00467335 1.00001 1.00309 0.00120371
0.00470868 1.00001 1.00314 0.00120377
0.00474404 1.00001 1.00319 0.00120383
0.00477943 1.00001 1.00325 0.0012039
0.00481485 1.00001 1.0033 0.00120396
0.0048503 1.00001 1.00336 0.00120403
0.00488578 1.00001 1.00341 0.0012041
0.00492128 1.00001 1.00348 0.00120417
0.00495682 1.00001 1.00354 0.00120425
0.00499238 1.00001 1.00361 0.00120433
0.00502797 1.00001 1.00368 0.00120441
0.00506368 1.00001 1.00375 0.0012045
0.0050995 1.00001 1.00383 0.0012046
0.00513542 1.00001 1.00391 0.0012047
0.00517144 1.00001 1.004 0.0012048
0.00520761 1.00001 1.00408 0.0012049
0.00524392 1.00001 1.00417 0.001205
0.00528035 1.00001 1.00425 0.0012051
0.00531691 1.00001 1.00434 0.0012052
0.00535359 1.00001 1.00442 0.0012053
0.00539236 1.00001 1.00451 0.00120541
0.00543305 1.00002 1.0046 0.00120552
0.00547551 1.00002 1.00469 0.00120563
0.00551959 1.00002 1.00478 0.00120574
0.00556515 1.00002 1.00488 0.00120585
0.00561208 1.00002 1.00498 0.00120597
0.00566028 1.00002 1.00507 0.00120609
0.00570963 1.00002 1.00517 0.00120621
0.00576006 1.00002 1.00527 0.00120633
0.00581148 1.00002 1.00537 0.00120644
0.00586383 1.00002 1.00547 0.00120656
0.00591703 1.00002 1.00557 0.00120668
0.00597102 1.00002 1.00566 0.00120679
0.00602576 1.00002 1.00576 0.00120691
0.00608119 1.00003 1.00585 0.00120702
0.00613727 1.00003 1.00594 0.00120713
0.00619396 1.00003 1.00604 0.00120724
0.00625123 1.00003 1.00612 0.00120735
0.00630903 1.00003 1.00621 0.00120745
0.00636734 1.00003 1.0063 0.00120756
0.00642613 1.00003 1.00638 0.00120766
0.00648537 1.00003 1.00646 0.00120776
0.00654506 1.00003 1.00654 0.00120785
0.00660515 1.00003 1.00662 0.00120795
0.00666564 1.00004 1.0067 0.00120804
0.00672651 1.00004 1.00677 0.00120812
0.00678774 1.00004 1.00684 0.00120821
0.00684972 1.00004 1.00691 0.00120829
0.00691237 1.00004 1.00698 0.00120837
0.00697563 1.00004 1.00704 0.00120845
0.00703946 1.00004 1.0071 0.00120852
0.0071038 1.00004 1.00716 0.0012086
0.00716861 1.00004 1.00722 0.00120867
0.00723385 1.00005 1.00728 0.00120873
0.00729948 1.00005 1.00733 0.0012088
0.00736547 1.00005 1.00738 0.00120886
0.00743178 1.00005 1.00743 0.00120892
0.0074984 1.00005 1.00748 0.00120897
0.00756529 1.00005 1.00752 0.00120903
0.00763243 1.00005 1.00756 0.00120908
0.0076998 1.00006 1.0076 0.00120912
0.00776738 1.00006 1.00764 0.00120917
0.00783516 1.00006 1.00768 0.00120921
0.00790312 1.00006 1.00771 0.00120925
0.00797125 1.00006 1.00774 0.00120929
0.00803953 1.00006 1.00777 0.00120932
0.00810795 1.00006 1.0078 0.00120936
0.0081765 1.00007 1.00782 0.00120939
0.00824517 1.00007 1.00784 0.00120941
0.00831395 1.00007 1.00786 0.00120944
0.00838283 1.00007 1.00788 0.00120946
0.00845181 1.00007 1.0079 0.00120948
0.00852088 1.00007 1.00792 0.0012095
0.00859003 1.00008 1.00793 0.00120952
0.00865926 1.00008 1.00794 0.00120953
0.00872856 1.00008 1.00795 0.00120954
0.00879793 1.00008 1.00796 0.00120955
0.00886736 1.00008 1.00797 0.00120956
0.00893686 1.00008 1.00798 0.00120957
0.0090064 1.00009 1.00798 0.00120958
0.00907601 1.00009 1.00798 0.00120958
0.00914566 1.00009 1.00798 0.00120958
0.00921536 1.00009 1.00798 0.00120958
0.00928511 1.00009 1.00798 0.00120958
0.0093549 1.0001 1.00798 0.00120958
0.00942473 1.0001 1.00798 0.00120957
0.0094946 1.0001 1.00797 0.00120957
0.0095645 1.0001 1.00797 0.00120956
0.00963445 1.0001 1.00796 0.00120955
0.00970442 1.0001 1.00795 0.00120954
0.00977443 1.00011 1.00794 0.00120953
0.00984447 1.00011 1.00793 0.00120952
0.00991455 1.00011 1.00792 0.00120951
0.00998465 1.00011 1.00791 0.00120949
0.0100548 1.00011 1.0079 0.00120948
0.0101249 1.00012 1.00788 0.00120946
0.0101951 1.00012 1.00787 0.00120944
0.0102653 1.00012 1.00786 0.00120943
0.0103356 1.00012 1.00784 0.00120941
0.0104058 1.00012 1.00782 0.00120939
0.0104761 1.00013 1.00781 0.00120937
0.0105465 1.00013 1.00779 0.00120935
0.0106168 1.00013 1.00777 0.00120932
0.0106871 1.00013 1.00775 0.0012093
0.0107575 1.00014 1.00773 0.00120928
0.0108279 1.00014 1.00771 0.00120925
0.0108984 1.00014 1.00769 0.00120923
0.0109688 1.00014 1.00767 0.0012092
0.0110393 1.00014 1.00765 0.00120918
0.0111098 1.00015 1.00762 0.00120915
0.0111803 1.00015 1.0076 0.00120912
0.0112508 1.00015 1.00758 0.00120909
0.0113214 1.00015 1.00755 0.00120906
0.0113919 1.00015 1.00753 0.00120904
0.0114625 1.00016 1.00751 0.00120901
0.0115331 1.00016 1.00748 0.00120898
0.0116038 1.00016 1.00746 0.00120895
0.0116744 1.00016 1.00743 0.00120892
0.0117451 1.00017 1.0074 0.00120889
0.0118158 1.00017 1.00738 0.00120885
0.0118865 1.00017 1.00735 0.00120882
0.0119572 1.00017 1.00733 0.00120879
0.012028 1.00018 1.0073 0.00120876
0.0120987 1.00018 1.00727 0.00120873
0.0121695 1.00018 1.00725 0.00120869
0.0122403 1.00018 1.00722 0.00120866
0.0123111 1.00019 1.00719 0.00120863
0.012382 1.00019 1.00716 0.00120859
0.0124528 1.00019 1.00713 0.00120856
0.0125237 1.00019 1.00711 0.00120853
0.0125946 1.0002 1.00708 0.00120849
0.0126655 1.0002 1.00705 0.00120846
0.0127365 1.0002 1.00702 0.00120843
0.0128074 1.0002 1.00699 0.00120839
0.0128784 1.00021 1.00696 0.00120836
0.0129494 1.00021 1.00693 0.00120832
0.0130204 1.00021 1.00691 0.00120829
0.0130914 1.00021 1.00688 0.00120825
0.0131624 1.00022 1.00685 0.00120822
0.0132335 1.00022 1.00682 0.00120818
0.0133045 1.00022 1.00679 0.00120815
0.0133756 1.00022 1.00676 0.00120811
0.0134467 1.00023 1.00673 0.00120808
0.0135178 1.00023 1.0067 0.00120804
0.013589 1.00023 1.00667 0.00120801
0.0136601 1.00024 1.00664 0.00120797
0.0137313 1.00024 1.00661 0.00120794
0.0138025 1.00024 1.00658 0.0012079
0.0138737 1.00024 1.00655 0.00120786
0.0139449 1.00025 1.00652 0.00120783
0.0140161 1.00025 1.00649 0.00120779
0.0140874 1.00025 1.00647 0.00120776
0.0141587 1.00025 1.00644 0.00120772
0.0142299 1.00026 1.00641 0.00120769
0.0143012 1.00026 1.00638 0.00120765
0.0143725 1.00026 1.00635 0.00120762
0.0144439 1.00027 1.00632 0.00120758
0.0145152 1.00027 1.00629 0.00120755
0.0145866 1.00027 1.00626 0.00120751
0.0146579 1.00028 1.00623 0.00120748
0.0147293 1.00028 1.0062 0.00120744
0.0148007 1.00028 1.00617 0.0012074
0.0148722 1.00028 1.00614 0.00120737
0.0149436 1.00029 1.00611 0.00120733
0.015015 1.00029 1.00608 0.0012073
0.0150865 1.00029 1.00605 0.00120726
0.015158 1.0003 1.00603 0.00120723
0.0152295 1.0003 1.006 0.0012072
0.015301 1.0003 1.00597 0.00120716
0.0153725 1.00031 1.00594 0.00120713
0.0154441 1.00031 1.00591 0.00120709
0.0155156 1.00031 1.00588 0.00120706
0.0155872 1.00032 1.00585 0.00120702
0.0156588 1.00032 1.00582 0.00120699
0.0157304 1.00032 1.00579 0.00120695
0.015802 1.00032 1.00577 0.00120692
0.0158737 1.00033 1.00574 0.00120688
0.0159453 1.00033 1.00571 0.00120685
0.016017 1.00033 1.00568 0.00120682
0.0160887 1.00034 1.00565 0.00120678
0.0161604 1.00034 1.00562 0.00120675
0.0162321 1.00034 1.00559 0.00120671
0.0163038 1.00035 1.00557 0.00120668
0.0163756 1.00035 1.00554 0.00120664
0.0164473 1.00035 1.00551 0.00120661
0.0165191 1.00036 1.00548 0.00120658
0.0165909 1.00036 1.00545 0.00120654
0.0166627 1.00036 1.00542 0.00120651
0.0167345 1.00037 1.0054 0.00120647
0.0168064 1.00037 1.00537 0.00120644
0.0168782 1.00037 1.00534 0.00120641
0.0169501 1.00038 1.00531 0.00120637
0.017022 1.00038 1.00528 0.00120634
0.0170939 1.00038 1.00526 0.00120631
0.0171658 1.00039 1.00523 0.00120627
0.0172378 1.00039 1.0052 0.00120624
0.0173097 1.0004 1.00517 0.00120621
0.0173817 1.0004 1.00514 0.00120617
0.0174537 1.0004 1.00512 0.00120614
0.0175257 1.00041 1.00509 0.00120611
0.0175977 1.00041 1.00506 0.00120607
0.0176697 1.00041 1.00503 0.00120604
0.0177418 1.00042 1.00501 0.00120601
0.0178139 1.00042 1.00498 0.00120598
0.017886 1.00042 1.00495 0.00120594
0.0179581 1.00043 1.00493 0.00120591
0.0180302 1.00043 1.0049 0.00120588
0.0181023 1.00043 1.00487 0.00120585
0.0181744 1.00044 1.00485 0.00120581
0.0182466 1.00044 1.00482 0.00120578
0.0183188 1.00045 1.00479 0.00120575
0.018391 1.00045 1.00476 0.00120572
0.0184632 1.00045 1.00474 0.00120569
0.0185354 1.00046 1.00471 0.00120565
0.0186077 1.00046 1.00469 0.00120562
0.0186799 1.00046 1.00466 0.00120559
0.0187522 1.00047 1.00463 0.00120556
0.0188245 1.00047 1.00461 0.00120553
0.0188968 1.00048 1.00458 0.0012055
0.0189691 1.00048 1.00455 0.00120546
0.0190415 1.00048 1.00453 0.00120543
0.0191138 1.00049 1.0045 0.0012054
0.0191862 1.00049 1.00448 0.00120537
0.0192586 1.0005 1.00445 0.00120534
0.019331 1.0005 1.00442 0.00120531
0.0194034 1.0005 1.0044 0.00120528
0.0194758 1.00051 1.00437 0.00120525
0.0195483 1.00051 1.00435 0.00120522
0.0196208 1.00052 1.00432 0.00120519
0.0196932 1.00052 1.0043 0.00120515
0.0197657 1.00052 1.00427 0.00120512
0.0198382 1.00053 1.00424 0.00120509
0.0199108 1.00053 1.00422 0.00120506
0.0199833 1.00054 1.00419 0.00120503
0.0200559 1.00054 1.00417 0.001205
0.0201284 1.00054 1.00414 0.00120497
0.020201 1.00055 1.00412 0.00120494
0.0202736 1.00055 1.00409 0.00120491
0.0203463 1.00056 1.00407 0.00120488
0.0204189 1.00056 1.00404 0.00120485
0.0204916 1.00057 1.00402 0.00120482
0.0205642 1.00057 1.00399 0.00120479
0.0206369 1.00057 1.00397 0.00120476
0.0207096 1.00058 1.00394 0.00120473
0.0207823 1.00058 1.00392 0.0012047
0.0208551 1.00059 1.00389 0.00120467
0.0209278 1.00059 1.00387 0.00120464
0.0210006 1.0006 1.00384 0.00120461
0.0210733 1.0006 1.00382 0.00120458
0.0211461 1.0006 1.0038 0.00120456
0.0212189 1.00061 1.00377 0.00120453
0.0212918 1.00061 1.00375 0.0012045
0.0213646 1.00062 1.00372 0.00120447
0.0214375 1.00062 1.0037 0.00120444
0.0215103 1.00063 1.00367 0.00120441
0.0215832 1.00063 1.00365 0.00120438
0.0216561 1.00063 1.00363 0.00120435
0.021729 1.00064 1.0036 0.00120432
0.021802 1.00064 1.00358 0.00120429
0.0218749 1.00065 1.00355 0.00120427
0.0219479 1.00065 1.00353 0.00120424
0.0220209 1.00066 1.00351 0.00120421
0.0220939 1.00066 1.00348 0.00120418
0.0221669 1.00067 1.00346 0.00120415
0.0222399 1.00067 1.00344 0.00120412
0.0223129 1.00068 1.00341 0.00120409
0.022386 1.00068 1.00339 0.00120407
0.022459 1.00068 1.00336 0.00120404
0.0225321 1.00069 1.00334 0.00120401
0.0226052 1.00069 1.00332 0.00120398
0.0226783 1.0007 1.00329 0.00120395
0.0227515 1.0007 1.00327 0.00120392
0.0228246 1.00071 1.00325 0.0012039
0.0228978 1.00071 1.00322 0.00120387
0.0229709 1.00072 1.0032 0.00120384
0.0230441 1.00072 1.00318 0.00120381
0.0231173 1.00073 1.00315 0.00120378
0.0231905 1.00073 1.00313 0.00120376
0.0232637 1.00074 1.00311 0.00120373
0.023337 1.00074 1.00308 0.0012037
0.0234102 1.00075 1.00306 0.00120367
0.0234835 1.00075 1.00304 0.00120365
0.0235568 1.00076 1.00302 0.00120362
0.0236301 1.00076 1.00299 0.00120359
0.0237034 1.00077 1.00297 0.00120356
0.0237767 1.00077 1.00295 0.00120354
0.0238501 1.00078 1.00292 0.00120351
0.0239234 1.00078 1.0029 0.00120348
0.0239968 1.00079 1.00288 0.00120345
0.0240702 1.00079 1.00286 0.00120343
0.0241436 1.0008 1.00283 0.0012034
0.024217 1.0008 1.00281 0.00120337
0.0242904 1.00081 1.00279 0.00120334
0.0243638 1.00081 1.00276 0.00120332
0.0244373 1.00082 1.00274 0.00120329
0.0245108 1.00082 1.00272 0.00120326
0.0245842 1.00083 1.0027 0.00120324
0.0246577 1.00083 1.00267 0.00120321
0.0247312 1.00084 1.00265 0.00120318
0.0248048 1.00084 1.00263 0.00120316
0.0248783 1.00085 1.00261 0.00120313
0.0249518 1.00085 1.00258 0.0012031
0.0250254 1.00086 1.00256 0.00120308
0.025099 1.00086 1.00254 0.00120305
0.0251726 1.00087 1.00252 0.00120302
0.0252462 1.00087 1.0025 0.001203
0.0253198 1.00088 1.00247 0.00120297
0.0253934 1.00088 1.00245 0.00120294
0.0254671 1.00089 1.00243 0.00120292
0.0255407 1.00089 1.00241 0.00120289
0.0256144 1.0009 1.00239 0.00120286
0.0256881 1.0009 1.00236 0.00120284
0.0257617 1.00091 1.00234 0.00120281
0.0258354 1.00092 1.00232 0.00120278
0.0259092 1.00092 1.0023 0.00120276
0.0259829 1.00093 1.00227 0.00120273
0.0260566 1.00093 1.00225 0.0012027
0.0261304 1.00094 1.00223 0.00120268
0.0262042 1.00094 1.00221 0.00120265
0.026278 1.00095 1.00219 0.00120262
0.0263517 1.00095 1.00217 0.0012026
0.0264256 1.00096 1.00214 0.00120257
0.0264994 1.00096 1.00212 0.00120255
0.0265732 1.00097 1.0021 0.00120252
0.0266471 1.00098 1.00208 0.00120249
0.0267209 1.00098 1.00206 0.00120247
0.0267948 1.00099 1.00203 0.00120244
0.0268687 1.00099 1.00201 0.00120242
0.0269426 1.001 1.00199 0.00120239
0.0270165 1.001 1.00197 0.00120236
0.0270904 1.00101 1.00195 0.00120234
0.0271643 1.00101 1.00193 0.00120231
0.0272383 1.00102 1.0019 0.00120229
0.0273122 1.00103 1.00188 0.00120226
0.0273862 1.00103 1.00186 0.00120223
0.0274602 1.00104 1.00184 0.00120221
0.0275342 1.00104 1.00182 0.00120218
0.0276082 1.00105 1.0018 0.00120216
0.0276822 1.00105 1.00178 0.00120213
0.0277562 1.00106 1.00175 0.00120211
0.0278303 1.00107 1.00173 0.00120208
0.0279043 1.00107 1.00171 0.00120205
0.0279784 1.00108 1.00169 0.00120203
0.0280525 1.00108 1.00167 0.001202
0.0281265 1.00109 1.00165 0.00120198
0.0282006 1.00109 1.00163 0.00120195
0.0282748 1.0011 1.0016 0.00120192
0.0283489 1.00111 1.00158 0.0012019
0.028423 1.00111 1.00156 0.00120187
0.0284972 1.00112 1.00154 0.00120185
0.0285713 1.00112 1.00152 0.00120182
0.0286455 1.00113 1.0015 0.0012018
0.0287197 1.00114 1.00148 0.00120177
0.0287939 1.00114 1.00145 0.00120175
0.0288681 1.00115 1.00143 0.00120172
0.0289423 1.00115 1.00141 0.00120169
0.0290165 1.00116 1.00139 0.00120167
0.0290908 1.00117 1.00137 0.00120164
0.029165 1.00117 1.00135 0.00120162
0.0292393 1.00118 1.00133 0.00120159
0.0293136 1.00118 1.00131 0.00120157
0.0293879 1.00119 1.00128 0.00120154
0.0294622 1.0012 1.00126 0.00120152
0.0295365 1.0012 1.00124 0.00120149
0.0296108 1.00121 1.00122 0.00120147
0.0296851 1.00121 1.0012 0.00120144
0.0297595 1.00122 1.00118 0.00120142
0.0298338 1.00123 1.00116 0.00120139
0.0299082 1.00123 1.00114 0.00120136
0.0299826 1.00124 1.00112 0.00120134
0.030057 1.00125 1.00109 0.00120131
0.0301314 1.00125 1.00107 0.00120129
0.0302058 1.00126 1.00105 0.00120126
0.0302802 1.00126 1.00103 0.00120124
0.0303546 1.00127 1.00101 0.00120121
0.0304291 1.00128 1.00099 0.00120119
0.0305035 1.00128 1.00097 0.00120116
0.030578 1.00129 1.00095 0.00120114
0.0306525 1.0013 1.00093 0.00120111
0.030727 1.0013 1.00091 0.00120109
0.0308015 1.00131 1.00088 0.00120106
0.030876 1.00132 1.00086 0.00120104
0.0309505 1.00132 1.00084 0.00120101
0.0310251 1.00133 1.00082 0.00120099
0.0310996 1.00133 1.0008 0.00120096
0.0311742 1.00134 1.00078 0.00120094
0.0312487 1.00135 1.00076 0.00120091
0.0313233 1.00135 1.00074 0.00120089
0.0313979 1.00136 1.00072 0.00120086
0.0314725 1.00137 1.0007 0.00120083
0.0315471 1.00137 1.00067 0.00120081
0.0316218 1.00138 1.00065 0.00120078
0.0316964 1.00139 1.00063 0.00120076
0.031771 1.00139 1.00061 0.00120073
0.0318457 1.0014 1.00059 0.00120071
0.0319204 1.00141 1.00057 0.00120068
0.0319951 1.00141 1.00055 0.00120066
0.0320697 1.00142 1.00053 0.00120063
0.0321445 1.00143 1.00051 0.00120061
0.0322192 1.00143 1.00049 0.00120058
0.0322939 1.00144 1.00046 0.00120056
0.0323686 1.00145 1.00044 0.00120053
0.0324434 1.00145 1.00042 0.00120051
0.0325181 1.00146 1.0004 0.00120048
0.0325929 1.00147 1.00038 0.00120046
0.0326677 1.00147 1.00036 0.00120043
0.0327425 1.00148 1.00034 0.00120041
0.0328173 1.00149 1.00032 0.00120038
0.0328921 1.00149 1.0003 0.00120036
0.0329669 1.0015 1.00028 0.00120033
0.0330417 1.00151 1.00025 0.00120031
0.0331166 1.00151 1.00023 0.00120028
0.0331914 1.00152 1.00021 0.00120026
0.0332663 1.00153 1.00019 0.00120023
0.0333412 1.00154 1.00017 0.0012002
0.0334161 1.00154 1.00015 0.00120018
0.033491 1.00155 1.00013 0.00120015
0.0335659 1.00156 1.00011 0.00120013
0.0336408 1.00156 1.00009 0.0012001
0.0337157 1.00157 1.00007 0.00120008
0.0337907 1.00158 1.00005 0.00120005
0.0338656 1.00158 1.00002 0.00120003
0.0339406 1.00159 1 0.0012
0.0340155 1.0016 0.999982 0.00119998
0.0340905 1.00161 0.999962 0.00119995
0.0341655 1.00161 0.999941 0.00119993
0.0342405 1.00162 0.99992 0.0011999
0.0343155 1.00163 0.999899 0.00119988
0.0343906 1.00163 0.999878 0.00119985
0.0344656 1.00164 0.999857 0.00119983
0.0345406 1.00165 0.999836 0.0011998
0.0346157 1.00166 0.999815 0.00119978
0.0346908 1.00166 0.999794 0.00119975
0.0347659 1.00167 0.999774 0.00119973
0.0348409 1.00168 0.999753 0.0011997
0.034916 1.00169 0.999732 0.00119968
0.0349911 1.00169 0.999711 0.00119965
0.0350663 1.0017 0.99969 0.00119963
0.0351414 1.00171 0.999669 0.0011996
0.0352165 1.00171 0.999648 0.00119958
0.0352917 1.00172 0.999628 0.00119955
0.0353669 1.00173 0.999607 0.00119953
0.035442 1.00174 0.999586 0.0011995
0.0355172 1.00174 0.999565 0.00119948
0.0355924 1.00175 0.999544 0.00119945
0.0356676 1.00176 0.999523 0.00119943
0.0357428 1.00177 0.999502 0.0011994
0.035818 1.00177 0.999481 0.00119938
0.0358933 1.00178 0.999461 0.00119935
0.0359685 1.00179 0.99944 0.00119933
0.0360438 1.0018 0.999419 0.0011993
0.036119 1.0018 0.999398 0.00119928
0.0361943 1.00181 0.999377 0.00119925
0.0362696 1.00182 0.999356 0.00119923
0.0363449 1.00183 0.999335 0.0011992
0.0364202 1.00183 0.999314 0.00119918
0.0364955 1.00184 0.999293 0.00119915
0.0365708 1.00185 0.999273 0.00119913
0.0366462 1.00186 0.999252 0.0011991
0.0367215 1.00186 0.999231 0.00119908
0.0367969 1.00187 0.99921 0.00119905
0.0368722 1.00188 0.999189 0.00119903
0.0369476 1.00189 0.999168 0.001199
0.037023 1.00189 0.999147 0.00119898
0.0370984 1.0019 0.999126 0.00119895
0.0371738 1.00191 0.999105 0.00119893
0.0372492 1.00192 0.999084 0.0011989
0.0373246 1.00193 0.999063 0.00119888
0.0374001 1.00193 0.999042 0.00119885
0.0374755 1.00194 0.999021 0.00119883
0.037551 1.00195 0.999 0.0011988
0.0376264 1.00196 0.998979 0.00119878
0.0377019 1.00196 0.998959 0.00119875
0.0377774 1.00197 0.998938 0.00119873
0.0378529 1.00198 0.998917 0.0011987
0.0379284 1.00199 0.998896 0.00119867
0.0380039 1.002 0.998875 0.00119865
0.0380794 1.002 0.998854 0.00119862
0.038155 1.00201 0.998833 0.0011986
0.0382305 1.00202 0.998812 0.00119857
0.0383061 1.00203 0.998791 0.00119855
0.0383816 1.00204 0.99877 0.00119852
0.0384572 1.00204 0.998749 0.0011985
0.0385328 1.00205 0.998728 0.00119847
0.0386084 1.00206 0.998706 0.00119845
0.038684 1.00207 0.998685 0.00119842
0.0387596 1.00208 0.998664 0.0011984
0.0388352 1.00208 0.998643 0.00119837
0.0389108 1.00209 0.998622 0.00119835
0.0389865 1.0021 0.998601 0.00119832
0.0390621 1.00211 0.99858 0.0011983
0.0391378 1.00212 0.998559 0.00119827
0.0392135 1.00212 0.998538 0.00119825
0.0392891 1.00213 0.998517 0.00119822
0.0393648 1.00214 0.998496 0.00119819
0.0394405 1.00215 0.998475 0.00119817
0.0395162 1.00216 0.998453 0.00119814
0.0395919 1.00217 0.998432 0.00119812
0.0396677 1.00217 0.998411 0.00119809
0.0397434 1.00218 0.99839 0.00119807
0.0398191 1.00219 0.998369 0.00119804
0.0398949 1.0022 0.998348 0.00119802
0.0399706 1.00221 0.998327 0.00119799
0.0400464 1.00222 0.998305 0.00119797
0.0401222 1.00222 0.998284 0.00119794
0.040198 1.00223 0.998263 0.00119792
0.0402738 1.00224 0.998242 0.00119789
0.0403496 1.00225 0.99822 0.00119786
0.0404254 1.00226 0.998199 0.00119784
0.0405012 1.00227 0.998178 0.00119781
0.040577 1.00227 0.998157 0.00119779
0.0406529 1.00228 0.998135 0.00119776
0.0407287 1.00229 0.998114 0.00119774
0.0408046 1.0023 0.998093 0.00119771
0.0408805 1.00231 0.998072 0.00119769
0.0409564 1.00232 0.99805 0.00119766
0.0410322 1.00232 0.998029 0.00119763
0.0411081 1.00233 0.998008 0.00119761
0.041184 1.00234 0.997986 0.00119758
0.04126 1.00235 0.997965 0.00119756
0.0413359 1.00236 0.997944 0.00119753
0.0414118 1.00237 0.997922 0.00119751
0.0414878 1.00238 0.997901 0.00119748
0.0415637 1.00238 0.997879 0.00119746
0.0416397 1.00239 0.997858 0.00119743
0.0417156 1.0024 0.997837 0.0011974
0.0417916 1.00241 0.997815 0.00119738
0.0418676 1.00242 0.997794 0.00119735
0.0419436 1.00243 0.997772 0.00119733
0.0420196 1.00244 0.997751 0.0011973
0.0420956 1.00244 0.997729 0.00119728
0.0421716 1.00245 0.997708 0.00119725
0.0422476 1.00246 0.997686 0.00119722
0.0423237 1.00247 0.997665 0.0011972
0.0423997 1.00248 0.997643 0.00119717
0.0424758 1.00249 0.997622 0.00119715
0.0425518 1.0025 0.9976 0.00119712
0.0426279 1.00251 0.997579 0.00119709
0.042704 1.00251 0.997557 0.00119707
0.0427801 1.00252 0.997536 0.00119704
0.0428562 1.00253 0.997514 0.00119702
0.0429323 1.00254 0.997492 0.00119699
0.0430084 1.00255 0.997471 0.00119696
0.0430845 1.00256 0.997449 0.00119694
0.0431607 1.00257 0.997427 0.00119691
0.0432368 1.00258 0.997406 0.00119689
0.0433129 1.00259 0.997384 0.00119686
0.0433891 1.00259 0.997362 0.00119683
0.0434653 1.0026 0.997341 0.00119681
0.0435414 1.00261 0.997319 0.00119678
0.0436176 1.00262 0.997297 0.00119676
0.0436938 1.00263 0.997275 0.00119673
0.04377 1.00264 0.997253 0.0011967
0.0438462 1.00265 0.997232 0.00119668
0.0439224 1.00266 0.99721 0.00119665
0.0439987 1.00267 0.997188 0.00119663
0.0440749 1.00268 0.997166 0.0011966
0.0441511 1.00268 0.997144 0.00119657
0.0442274 1.00269 0.997122 0.00119655
0.0443036 1.0027 0.9971 0.00119652
0.0443799 1.00271 0.997078 0.00119649
0.0444562 1.00272 0.997055 0.00119647
0.0445324 1.00273 0.997033 0.00119644
0.0446087 1.00274 0.997011 0.00119641
0.044685 1.00275 0.996989 0.00119639
0.0447613 1.00276 0.996967 0.00119636
0.0448377 1.00277 0.996945 0.00119633
0.044914 1.00278 0.996922 0.00119631
0.0449903 1.00279 0.9969 0.00119628
0.0450667 1.00279 0.996878 0.00119625
0.045143 1.0028 0.996856 0.00119623
0.0452194 1.00281 0.996834 0.0011962
0.0452957 1.00282 0.996811 0.00119617
0.0453721 1.00283 0.996789 0.00119615
0.0454485 1.00284 0.996767 0.00119612
0.0455249 1.00285 0.996745 0.00119609
0.0456013 1.00286 0.996722 0.00119607
0.0456777 1.00287 0.9967 0.00119604
0.0457541 1.00288 0.996678 0.00119601
0.0458305 1.00289 0.996656 0.00119599
0.0459069 1.0029 0.996633 0.00119596
0.0459834 1.00291 0.996611 0.00119593
0.0460598 1.00292 0.996589 0.00119591
0.0461362 1.00293 0.996566 0.00119588
0.0462127 1.00294 0.996544 0.00119585
0.0462892 1.00294 0.996522 0.00119583
0.0463657 1.00295 0.9965 0.0011958
0.0464421 1.00296 0.996477 0.00119577
0.0465186 1.00297 0.996455 0.00119575
0.0465951 1.00298 0.996433 0.00119572
0.0466716 1.00299 0.99641 0.00119569
0.0467481 1.003 0.996388 0.00119567
0.0468247 1.00301 0.996365 0.00119564
0.0469012 1.00302 0.996343 0.00119561
0.0469777 1.00303 0.996321 0.00119558
0.0470543 1.00304 0.996298 0.00119556
0.0471308 1.00305 0.996276 0.00119553
0.0472074 1.00306 0.996253 0.0011955
0.047284 1.00307 0.996231 0.00119548
0.0473606 1.00308 0.996209 0.00119545
0.0474371 1.00309 0.996186 0.00119542
0.0475137 1.0031 0.996164 0.0011954
0.0475903 1.00311 0.996141 0.00119537
0.0476669 1.00312 0.996119 0.00119534
0.0477436 1.00313 0.996096 0.00119532
0.0478202 1.00314 0.996074 0.00119529
0.0478968 1.00315 0.996051 0.00119526
0.0479735 1.00316 0.996028 0.00119523
0.0480501 1.00317 0.996006 0.00119521
0.0481268 1.00318 0.995983 0.00119518
0.0482034 1.00319 0.995961 0.00119515
0.0482801 1.0032 0.995938 0.00119513
0.0483568 1.00321 0.995916 0.0011951
0.0484335 1.00322 0.995893 0.00119507
0.0485102 1.00323 0.99587 0.00119504
0.0485869 1.00324 0.995848 0.00119502
0.0486636 1.00325 0.995825 0.00119499
0.0487403 1.00326 0.995802 0.00119496
0.048817 1.00327 0.99578 0.00119494
0.0488937 1.00328 0.995757 0.00119491
0.0489705 1.00329 0.995734 0.00119488
0.0490472 1.0033 0.995711 0.00119485
0.049124 1.00331 0.995689 0.00119483
0.0492008 1.00332 0.995666 0.0011948
0.0492775 1.00333 0.995643 0.00119477
0.0493543 1.00334 0.99562 0.00119474
0.0494311 1.00335 0.995597 0.00119472
0.0495079 1.00336 0.995575 0.00119469
0.0495847 1.00337 0.995552 0.00119466
0.0496615 1.00338 0.995529 0.00119463
0.0497383 1.00339 0.995506 0.00119461
0.0498151 1.0034 0.995483 0.00119458
0.049892 1.00341 0.99546 0.00119455
0.0499688 1.00342 0.995437 0.00119452
0.0500456 1.00343 0.995414 0.0011945
0.0501225 1.00344 0.995391 0.00119447
0.0501993 1.00345 0.995368 0.00119444
0.0502762 1.00346 0.995345 0.00119441
0.0503531 1.00347 0.995322 0.00119439
0.05043 1.00348 0.995299 0.00119436
0.0505069 1.00349 0.995276 0.00119433
0.0505838 1.0035 0.995253 0.0011943
0.0506607 1.00351 0.99523 0.00119428
0.0507376 1.00352 0.995207 0.00119425
0.0508145 1.00353 0.995184 0.00119422
0.0508914 1.00354 0.995161 0.00119419
0.0509683 1.00355 0.995138 0.00119417
0.0510453 1.00356 0.995115 0.00119414
0.0511222 1.00357 0.995091 0.00119411
0.0511992 1.00358 0.995068 0.00119408
0.0512762 1.00359 0.995045 0.00119405
0.0513531 1.0036 0.995022 0.00119403
0.0514301 1.00362 0.994999 0.001194
0.0515071 1.00363 0.994975 0.00119397
0.0515841 1.00364 0.994952 0.00119394
0.0516611 1.00365 0.994929 0.00119391
0.0517381 1.00366 0.994905 0.00119389
0.0518151 1.00367 0.994882 0.00119386
0.0518921 1.00368 0.994859 0.00119383
0.0519691 1.00369 0.994835 0.0011938
0.0520462 1.0037 0.994812 0.00119377
0.0521232 1.00371 0.994789 0.00119375
0.0522003 1.00372 0.994765 0.00119372
0.0522773 1.00373 0.994742 0.00119369
0.0523544 1.00374 0.994719 0.00119366
0.0524315 1.00375 0.994695 0.00119363
0.0525085 1.00376 0.994672 0.00119361
0.0525856 1.00377 0.994648 0.00119358
0.0526627 1.00379 0.994625 0.00119355
0.0527398 1.0038 0.994601 0.00119352
0.0528169 1.00381 0.994578 0.00119349
0.052894 1.00382 0.994554 0.00119346
0.0529712 1.00383 0.99453 0.00119344
0.0530483 1.00384 0.994507 0.00119341
0.0531254 1.00385 0.994483 0.00119338
0.0532026 1.00386 0.99446 0.00119335
0.0532797 1.00387 0.994436 0.00119332
0.0533569 1.00388 0.994412 0.00119329
0.053434 1.00389 0.994389 0.00119327
0.0535112 1.0039 0.994365 0.00119324
0.0535884 1.00392 0.994341 0.00119321
0.0536656 1.00393 0.994317 0.00119318
0.0537428 1.00394 0.994294 0.00119315
0.05382 1.00395 0.99427 0.00119312
0.0538972 1.00396 0.994246 0.0011931
0.0539744 1.00397 0.994222 0.00119307
0.0540516 1.00398 0.994198 0.00119304
0.0541288 1.00399 0.994174 0.00119301
0.0542061 1.004 0.99415 0.00119298
0.0542833 1.00401 0.994126 0.00119295
0.0543606 1.00403 0.994102 0.00119292
0.0544378 1.00404 0.994078 0.00119289
0.0545151 1.00405 0.994054 0.00119286
0.0545924 1.00406 0.994029 0.00119284
0.0546696 1.00407 0.994005 0.00119281
0.0547469 1.00408 0.993981 0.00119278
0.0548242 1.00409 0.993957 0.00119275
0.0549015 1.0041 0.993932 0.00119272
0.0549788 1.00412 0.993908 0.00119269
0.0550561 1.00413 0.993884 0.00119266
0.0551334 1.00414 0.993859 0.00119263
0.0552108 1.00415 0.993835 0.0011926
0.0552881 1.00416 0.993811 0.00119257
0.0553654 1.00417 0.993786 0.00119254
0.0554428 1.00418 0.993762 0.00119251
0.0555201 1.00419 0.993737 0.00119248
0.0555975 1.00421 0.993713 0.00119246
0.0556749 1.00422 0.993688 0.00119243
0.0557522 1.00423 0.993664 0.0011924
0.0558296 1.00424 0.993639 0.00119237
0.055907 1.00425 0.993615 0.00119234
0.0559844 1.00426 0.99359 0.00119231
0.0560618 1.00427 0.993566 0.00119228
0.0561392 1.00429 0.993541 0.00119225
0.0562166 1.0043 0.993517 0.00119222
0.056294 1.00431 0.993492 0.00119219
0.0563715 1.00432 0.993468 0.00119216
0.0564489 1.00433 0.993443 0.00119213
0.0565263 1.00434 0.993418 0.0011921
0.0566038 1.00435 0.993394 0.00119207
0.0566812 1.00437 0.993369 0.00119204
0.0567587 1.00438 0.993345 0.00119201
0.0568362 1.00439 0.99332 0.00119198
0.0569137 1.0044 0.993295 0.00119195
0.0569911 1.00441 0.993271 0.00119192
0.0570686 1.00442 0.993246 0.0011919
0.0571461 1.00444 0.993221 0.00119187
0.0572236 1.00445 0.993196 0.00119184
0.0573011 1.00446 0.993172 0.00119181
0.0573787 1.00447 0.993147 0.00119178
0.0574562 1.00448 0.993122 0.00119175
0.0575337 1.00449 0.993097 0.00119172
0.0576112 1.00451 0.993073 0.00119169
0.0576888 1.00452 0.993048 0.00119166
0.0577663 1.00453 0.993023 0.00119163
0.0578439 1.00454 0.992998 0.0011916
0.0579215 1.00455 0.992973 0.00119157
0.057999 1.00456 0.992948 0.00119154
0.0580766 1.00458 0.992924 0.00119151
0.0581542 1.00459 0.992899 0.00119148
0.0582318 1.0046 0.992874 0.00119145
0.0583094 1.00461 0.992849 0.00119142
0.058387 1.00462 0.992824 0.00119139
0.0584646 1.00464 0.992799 0.00119136
0.0585422 1.00465 0.992774 0.00119133
0.0586198 1.00466 0.992749 0.0011913
0.0586975 1.00467 0.992724 0.00119127
0.0587751 1.00468 0.992699 0.00119124
0.0588528 1.0047 0.992674 0.00119121
0.0589304 1.00471 0.992649 0.00119118
0.0590081 1.00472 0.992624 0.00119115
0.0590857 1.00473 0.992599 0.00119112
0.0591634 1.00474 0.992574 0.00119109
0.0592411 1.00476 0.992548 0.00119106
0.0593188 1.00477 0.992523 0.00119103
0.0593965 1.00478 0.992498 0.001191
0.0594742 1.00479 0.992473 0.00119097
0.0595519 1.0048 0.992448 0.00119094
0.0596296 1.00482 0.992423 0.00119091
0.0597073 1.00483 0.992397 0.00119088
0.059785 1.00484 0.992372 0.00119085
0.0598627 1.00485 0.992347 0.00119082
0.0599405 1.00486 0.992322 0.00119079
0.0600182 1.00488 0.992296 0.00119076
0.060096 1.00489 0.992271 0.00119073
0.0601737 1.0049 0.992246 0.00119069
0.0602515 1.00491 0.99222 0.00119066
0.0603293 1.00493 0.992195 0.00119063
0.060407 1.00494 0.99217 0.0011906
0.0604848 1.00495 0.992144 0.00119057
0.0605626 1.00496 0.992119 0.00119054
0.0606404 1.00497 0.992093 0.00119051
0.0607182 1.00499 0.992068 0.00119048
0.060796 1.005 0.992042 0.00119045
0.0608738 1.00501 0.992017 0.00119042
0.0609517 1.00502 0.991991 0.00119039
0.0610295 1.00504 0.991966 0.00119036
0.0611073 1.00505 0.99194 0.00119033
0.0611852 1.00506 0.991915 0.0011903
0.061263 1.00507 0.991889 0.00119027
0.0613409 1.00509 0.991863 0.00119024
0.0614187 1.0051 0.991838 0.00119021
0.0614966 1.00511 0.991812 0.00119017
0.0615745 1.00512 0.991787 0.00119014
0.0616524 1.00514 0.991761 0.00119011
0.0617302 1.00515 0.991735 0.00119008
0.0618081 1.00516 0.991709 0.00119005
0.061886 1.00517 0.991684 0.00119002
0.0619639 1.00519 0.991658 0.00118999
0.0620419 1.0052 0.991632 0.00118996
0.0621198 1.00521 0.991606 0.00118993
0.0621977 1.00522 0.991581 0.0011899
0.0622756 1.00524 0.991555 0.00118987
0.0623536 1.00525 0.991529 0.00118983
0.0624315 1.00526 0.991503 0.0011898
0.0625095 1.00527 0.991477 0.00118977
0.0625874 1.00529 0.991451 0.00118974
0.0626654 1.0053 0.991425 0.00118971
0.0627434 1.00531 0.991399 0.00118968
0.0628213 1.00533 0.991373 0.00118965
0.0628993 1.00534 0.991347 0.00118962
0.0629773 1.00535 0.991321 0.00118959
0.0630553 1.00536 0.991295 0.00118955
0.0631333 1.00538 0.991269 0.00118952
0.0632113 1.00539 0.991243 0.00118949
0.0632893 1.0054 0.991217 0.00118946
0.0633673 1.00541 0.991191 0.00118943
0.0634454 1.00543 0.991164 0.0011894
0.0635234 1.00544 0.991138 0.00118937
0.0636014 1.00545 0.991112 0.00118933
0.0636795 1.00547 0.991085 0.0011893
0.0637575 1.00548 0.991059 0.00118927
0.0638356 1.00549 0.991032 0.00118924
0.0639137 1.00551 0.991006 0.00118921
0.0639917 1.00552 0.990979 0.00118918
0.0640698 1.00553 0.990953 0.00118914
0.0641479 1.00554 0.990926 0.00118911
0.064226 1.00556 0.990899 0.00118908
0.0643041 1.00557 0.990873 0.00118905
0.0643822 1.00558 0.990846 0.00118902
0.0644603 1.0056 0.99082 0.00118898
0.0645384 1.00561 0.990793 0.00118895
0.0646165 1.00562 0.990766 0.00118892
0.0646947 1.00564 0.99074 0.00118889
0.0647728 1.00565 0.990713 0.00118886
0.0648509 1.00566 0.990686 0.00118882
0.0649291 1.00567 0.990659 0.00118879
0.0650072 1.00569 0.990633 0.00118876
0.0650854 1.0057 0.990606 0.00118873
0.0651635 1.00571 0.990579 0.0011887
0.0652417 1.00573 0.990553 0.00118866
0.0653199 1.00574 0.990526 0.00118863
0.0653981 1.00575 0.990499 0.0011886
0.0654763 1.00577 0.990472 0.00118857
0.0655545 1.00578 0.990445 0.00118853
0.0656327 1.00579 0.990419 0.0011885
0.0657109 1.00581 0.990392 0.00118847
0.0657891 1.00582 0.990365 0.00118844
0.0658673 1.00583 0.990338 0.00118841
0.0659455 1.00585 0.990311 0.00118837
0.0660238 1.00586 0.990284 0.00118834
0.066102 1.00587 0.990258 0.00118831
0.0661802 1.00589 0.990231 0.00118828
0.0662585 1.0059 0.990204 0.00118824
0.0663367 1.00591 0.990177 0.00118821
0.066415 1.00593 0.99015 0.00118818
0.0664933 1.00594 0.990123 0.00118815
0.0665715 1.00595 0.990096 0.00118812
0.0666498 1.00597 0.990069 0.00118808
0.0667281 1.00598 0.990042 0.00118805
0.0668064 1.00599 0.990015 0.00118802
0.0668847 1.00601 0.989988 0.00118799
0.066963 1.00602 0.989961 0.00118795
0.0670413 1.00603 0.989934 0.00118792
0.0671196 1.00605 0.989907 0.00118789
0.0671979 1.00606 0.98988 0.00118786
0.0672763 1.00607 0.989853 0.00118782
0.0673546 1.00609 0.989825 0.00118779
0.0674329 1.0061 0.989798 0.00118776
0.0675113 1.00611 0.989771 0.00118773
0.0675896 1.00613 0.989744 0.00118769
0.067668 1.00614 0.989717 0.00118766
0.0677463 1.00616 0.98969 0.00118763
0.0678247 1.00617 0.989662 0.00118759
0.0679031 1.00618 0.989635 0.00118756
0.0679815 1.0062 0.989608 0.00118753
0.0680598 1.00621 0.989581 0.0011875
0.0681382 1.00622 0.989553 0.00118746
0.0682166 1.00624 0.989526 0.00118743
0.068295 1.00625 0.989499 0.0011874
0.0683734 1.00626 0.989471 0.00118737
0.0684518 1.00628 0.989444 0.00118733
0.0685302 1.00629 0.989416 0.0011873
0.0686087 1.00631 0.989389 0.00118727
0.0686871 1.00632 0.989362 0.00118723
0.0687655 1.00633 0.989334 0.0011872
0.068844 1.00635 0.989307 0.00118717
0.0689224 1.00636 0.989279 0.00118714
0.0690008 1.00638 0.989252 0.0011871
0.0690793 1.00639 0.989224 0.00118707
0.0691578 1.0064 0.989197 0.00118704
0.0692362 1.00642 0.989169 0.001187
0.0693147 1.00643 0.989142 0.00118697
0.0693932 1.00644 0.989114 0.00118694
0.0694716 1.00646 0.989086 0.0011869
0.0695501 1.00647 0.989059 0.00118687
0.0696286 1.00649 0.989031 0.00118684
0.0697071 1.0065 0.989004 0.0011868
0.0697856 1.00652 0.988976 0.00118677
0.0698641 1.00653 0.988948 0.00118674
0.0699426 1.00654 0.98892 0.0011867
0.0700211 1.00656 0.988893 0.00118667
0.0700997 1.00657 0.988865 0.00118664
0.0701782 1.00659 0.988837 0.0011866
0.0702567 1.0066 0.988809 0.00118657
0.0703353 1.00661 0.988782 0.00118654
0.0704138 1.00663 0.988754 0.0011865
0.0704923 1.00664 0.988726 0.00118647
0.0705709 1.00666 0.988698 0.00118644
0.0706495 1.00667 0.98867 0.0011864
0.070728 1.00669 0.988642 0.00118637
0.0708066 1.0067 0.988615 0.00118634
0.0708852 1.00671 0.988587 0.0011863
0.0709637 1.00673 0.988559 0.00118627
0.0710423 1.00674 0.988531 0.00118624
0.0711209 1.00676 0.988503 0.0011862
0.0711995 1.00677 0.988475 0.00118617
0.0712781 1.00679 0.988447 0.00118614
0.0713567 1.0068 0.988418 0.0011861
0.0714353 1.00681 0.98839 0.00118607
0.0715139 1.00683 0.988362 0.00118603
0.0715926 1.00684 0.988334 0.001186
0.0716712 1.00686 0.988306 0.00118597
0.0717498 1.00687 0.988278 0.00118593
0.0718285 1.00689 0.988249 0.0011859
0.0719071 1.0069 0.988221 0.00118586
0.0719857 1.00691 0.988192 0.00118583
0.0720644 1.00693 0.988164 0.0011858
0.0721431 1.00694 0.988135 0.00118576
0.0722217 1.00696 0.988107 0.00118573
0.0723004 1.00697 0.988078 0.00118569
0.0723791 1.00699 0.98805 0.00118566
0.0724577 1.007 0.988021 0.00118563
0.0725364 1.00702 0.987992 0.00118559
0.0726151 1.00703 0.987964 0.00118556
0.0726938 1.00705 0.987935 0.00118552
0.0727725 1.00706 0.987906 0.00118549
0.0728512 1.00708 0.987878 0.00118545
0.0729299 1.00709 0.987849 0.00118542
0.0730086 1.0071 0.98782 0.00118538
0.0730873 1.00712 0.987791 0.00118535
0.0731661 1.00713 0.987762 0.00118531
0.0732448 1.00715 0.987733 0.00118528
0.0733235 1.00716 0.987705 0.00118525
0.0734023 1.00718 0.987676 0.00118521
0.073481 1.00719 0.987647 0.00118518
0.0735598 1.00721 0.987618 0.00118514
0.0736385 1.00722 0.987589 0.00118511
0.0737173 1.00724 0.98756 0.00118507
0.0737961 1.00725 0.987531 0.00118504
0.0738748 1.00727 0.987502 0.001185
0.0739536 1.00728 0.987473 0.00118497
0.0740324 1.0073 0.987444 0.00118493
0.0741112 1.00731 0.987415 0.0011849
0.07419 1.00733 0.987385 0.00118486
0.0742688 1.00734 0.987356 0.00118483
0.0743476 1.00736 0.987327 0.00118479
0.0744264 1.00737 0.987298 0.00118476
0.0745052 1.00739 0.987269 0.00118472
0.074584 1.0074 0.98724 0.00118469
0.0746628 1.00742 0.98721 0.00118465
0.0747417 1.00743 0.987181 0.00118462
0.0748205 1.00745 0.987152 0.00118458
0.0748994 1.00746 0.987123 0.00118455
0.0749782 1.00748 0.987093 0.00118451
0.075057 1.00749 0.987064 0.00118448
0.0751359 1.00751 0.987035 0.00118444
0.0752148 1.00752 0.987005 0.00118441
0.0752936 1.00754 0.986976 0.00118437
0.0753725 1.00755 0.986947 0.00118434
0.0754514 1.00757 0.986917 0.0011843
0.0755303 1.00758 0.986888 0.00118427
0.0756091 1.0076 0.986859 0.00118423
0.075688 1.00761 0.986829 0.00118419
0.0757669 1.00763 0.9868 0.00118416
0.0758458 1.00764 0.98677 0.00118412
0.0759247 1.00766 0.986741 0.00118409
0.0760037 1.00767 0.986711 0.00118405
0.0760826 1.00769 0.986682 0.00118402
0.0761615 1.0077 0.986652 0.00118398
0.0762404 1.00772 0.986623 0.00118395
0.0763194 1.00773 0.986593 0.00118391
0.0763983 1.00775 0.986564 0.00118388
0.0764773 1.00776 0.986534 0.00118384
0.0765562 1.00778 0.986504 0.00118381
0.0766352 1.00779 0.986475 0.00118377
0.0767141 1.00781 0.986445 0.00118373
0.0767931 1.00782 0.986416 0.0011837
0.0768721 1.00784 0.986386 0.00118366
0.076951 1.00786 0.986356 0.00118363
0.07703 1.00787 0.986327 0.00118359
0.077109 1.00789 0.986297 0.00118356
0.077188 1.0079 0.986267 0.00118352
0.077267 1.00792 0.986237 0.00118348
0.077346 1.00793 0.986208 0.00118345
0.077425 1.00795 0.986178 0.00118341
0.077504 1.00796 0.986148 0.00118338
0.077583 1.00798 0.986118 0.00118334
0.077662 1.00799 0.986088 0.00118331
0.0777411 1.00801 0.986059 0.00118327
0.0778201 1.00803 0.986029 0.00118323
0.0778991 1.00804 0.985999 0.0011832
0.0779782 1.00806 0.985969 0.00118316
0.0780572 1.00807 0.985939 0.00118313
0.0781363 1.00809 0.985909 0.00118309
0.0782153 1.0081 0.985879 0.00118306
0.0782944 1.00812 0.985849 0.00118302
0.0783735 1.00813 0.985819 0.00118298
0.0784525 1.00815 0.985789 0.00118295
0.0785316 1.00817 0.985759 0.00118291
0.0786107 1.00818 0.985729 0.00118288
0.0786898 1.0082 0.985699 0.00118284
0.0787689 1.00821 0.985669 0.0011828
0.078848 1.00823 0.985639 0.00118277
0.0789271 1.00824 0.985609 0.00118273
0.0790062 1.00826 0.985579 0.00118269
0.0790853 1.00828 0.985549 0.00118266
0.0791644 1.00829 0.985519 0.00118262
0.0792435 1.00831 0.985489 0.00118259
0.0793227 1.00832 0.985458 0.00118255
0.0794018 1.00834 0.985428 0.00118251
0.0794809 1.00835 0.985398 0.00118248
0.0795601 1.00837 0.985367 0.00118244
0.0796392 1.00839 0.985337 0.0011824
0.0797184 1.0084 0.985307 0.00118237
0.0797975 1.00842 0.985276 0.00118233
0.0798767 1.00843 0.985245 0.00118229
0.0799559 1.00845 0.985215 0.00118226
0.0800351 1.00846 0.985184 0.00118222
0.0801142 1.00848 0.985154 0.00118218
0.0801934 1.0085 0.985123 0.00118215
0.0802726 1.00851 0.985092 0.00118211
0.0803518 1.00853 0.985061 0.00118207
0.080431 1.00854 0.985031 0.00118204
0.0805102 1.00856 0.985 0.001182
0.0805894 1.00858 0.984969 0.00118196
0.0806686 1.00859 0.984938 0.00118193
0.0807478 1.00861 0.984907 0.00118189
0.0808271 1.00862 0.984877 0.00118185
0.0809063 1.00864 0.984846 0.00118181
0.0809855 1.00866 0.984815 0.00118178
0.0810648 1.00867 0.984784 0.00118174
0.081144 1.00869 0.984753 0.0011817
0.0812233 1.0087 0.984722 0.00118167
0.0813025 1.00872 0.984691 0.00118163
0.0813818 1.00874 0.98466 0.00118159
0.0814611 1.00875 0.984629 0.00118156
0.0815403 1.00877 0.984598 0.00118152
0.0816196 1.00879 0.984567 0.00118148
0.0816989 1.0088 0.984536 0.00118144
0.0817782 1.00882 0.984505 0.00118141
0.0818574 1.00883 0.984474 0.00118137
0.0819367 1.00885 0.984443 0.00118133
0.082016 1.00887 0.984412 0.00118129
0.0820953 1.00888 0.984381 0.00118126
0.0821747 1.0089 0.98435 0.00118122
0.082254 1.00891 0.984319 0.00118118
0.0823333 1.00893 0.984288 0.00118115
0.0824126 1.00895 0.984256 0.00118111
0.0824919 1.00896 0.984225 0.00118107
0.0825713 1.00898 0.984194 0.00118103
0.0826506 1.009 0.984163 0.001181
0.08273 1.00901 0.984132 0.00118096
0.0828093 1.00903 0.984101 0.00118092
0.0828887 1.00905 0.984069 0.00118088
0.082968 1.00906 0.984038 0.00118085
0.0830474 1.00908 0.984007 0.00118081
0.0831268 1.00909 0.983976 0.00118077
0.0832061 1.00911 0.983944 0.00118073
0.0832855 1.00913 0.983913 0.0011807
0.0833649 1.00914 0.983882 0.00118066
0.0834443 1.00916 0.98385 0.00118062
0.0835237 1.00918 0.983819 0.00118058
0.0836031 1.00919 0.983788 0.00118055
0.0836825 1.00921 0.983756 0.00118051
0.0837619 1.00923 0.983725 0.00118047
0.0838413 1.00924 0.983693 0.00118043
0.0839207 1.00926 0.983662 0.00118039
0.0840001 1.00928 0.983631 0.00118036
0.0840796 1.00929 0.983599 0.00118032
0.084159 1.00931 0.983568 0.00118028
0.0842384 1.00933 0.983536 0.00118024
0.0843179 1.00934 0.983505 0.00118021
0.0843973 1.00936 0.983473 0.00118017
0.0844768 1.00938 0.983442 0.00118013
0.0845562 1.00939 0.98341 0.00118009
0.0846357 1.00941 0.983379 0.00118005
0.0847151 1.00943 0.983347 0.00118002
0.0847946 1.00944 0.983315 0.00117998
0.0848741 1.00946 0.983284 0.00117994
0.0849536 1.00948 0.983252 0.0011799
0.0850331 1.00949 0.983221 0.00117986
0.0851125 1.00951 0.983189 0.00117983
0.085192 1.00953 0.983157 0.00117979
0.0852715 1.00954 0.983126 0.00117975
0.085351 1.00956 0.983094 0.00117971
0.0854306 1.00958 0.983062 0.00117967
0.0855101 1.00959 0.983031 0.00117964
0.0855896 1.00961 0.982999 0.0011796
0.0856691 1.00963 0.982967 0.00117956
0.0857486 1.00964 0.982935 0.00117952
0.0858282 1.00966 0.982904 0.00117948
0.0859077 1.00968 0.982872 0.00117945
0.0859873 1.00969 0.98284 0.00117941
0.0860668 1.00971 0.982808 0.00117937
0.0861464 1.00973 0.982777 0.00117933
0.0862259 1.00974 0.982745 0.00117929
0.0863055 1.00976 0.982713 0.00117926
0.086385 1.00978 0.982681 0.00117922
0.0864646 1.0098 0.982649 0.00117918
0.0865442 1.00981 0.982617 0.00117914
0.0866238 1.00983 0.982585 0.0011791
0.0867033 1.00985 0.982553 0.00117906
0.0867829 1.00986 0.982521 0.00117903
0.0868625 1.00988 0.982489 0.00117899
0.0869421 1.0099 0.982457 0.00117895
0.0870217 1.00991 0.982424 0.00117891
0.0871013 1.00993 0.982392 0.00117887
0.087181 1.00995 0.98236 0.00117883
0.0872606 1.00997 0.982328 0.00117879
0.0873402 1.00998 0.982295 0.00117875
0.0874198 1.01 0.982263 0.00117872
0.0874995 1.01002 0.98223 0.00117868
0.0875791 1.01003 0.982198 0.00117864
0.0876587 1.01005 0.982166 0.0011786
0.0877384 1.01007 0.982133 0.00117856
0.087818 1.01009 0.982101 0.00117852
0.0878977 1.0101 0.982068 0.00117848
0.0879773 1.01012 0.982035 0.00117844
0.088057 1.01014 0.982003 0.0011784
0.0881367 1.01015 0.98197 0.00117836
0.0882164 1.01017 0.981938 0.00117833
0.088296 1.01019 0.981905 0.00117829
0.0883757 1.01021 0.981872 0.00117825
0.0884554 1.01022 0.98184 0.00117821
0.0885351 1.01024 0.981807 0.00117817
0.0886148 1.01026 0.981774 0.00117813
0.0886945 1.01027 0.981742 0.00117809
0.0887742 1.01029 0.981709 0.00117805
0.0888539 1.01031 0.981676 0.00117801
0.0889336 1.01033 0.981643 0.00117797
0.0890133 1.01034 0.981611 0.00117793
0.0890931 1.01036 0.981578 0.00117789
0.0891728 1.01038 0.981545 0.00117785
0.0892525 1.0104 0.981512 0.00117781
0.0893323 1.01041 0.981479 0.00117778
0.089412 1.01043 0.981446 0.00117774
0.0894918 1.01045 0.981414 0.0011777
0.0895715 1.01047 0.981381 0.00117766
0.0896513 1.01048 0.981348 0.00117762
0.089731 1.0105 0.981315 0.00117758
0.0898108 1.01052 0.981282 0.00117754
0.0898906 1.01054 0.981249 0.0011775
0.0899704 1.01055 0.981216 0.00117746
0.0900501 1.01057 0.981183 0.00117742
0.0901299 1.01059 0.98115 0.00117738
0.0902097 1.01061 0.981117 0.00117734
0.0902895 1.01062 0.981084 0.0011773
0.0903693 1.01064 0.981051 0.00117726
0.0904491 1.01066 0.981018 0.00117722
0.0905289 1.01068 0.980985 0.00117718
0.0906087 1.01069 0.980952 0.00117714
0.0906885 1.01071 0.980919 0.0011771
0.0907684 1.01073 0.980886 0.00117706
0.0908482 1.01075 0.980853 0.00117702
0.090928 1.01076 0.98082 0.00117698
0.0910079 1.01078 0.980787 0.00117694
0.0910877 1.0108 0.980753 0.0011769
0.0911675 1.01082 0.98072 0.00117686
0.0912474 1.01084 0.980687 0.00117682
0.0913272 1.01085 0.980654 0.00117678
0.0914071 1.01087 0.980621 0.00117675
0.091487 1.01089 0.980588 0.00117671
0.0915668 1.01091 0.980554 0.00117667
0.0916467 1.01092 0.980521 0.00117663
0.0917266 1.01094 0.980488 0.00117659
0.0918064 1.01096 0.980455 0.00117655
0.0918863 1.01098 0.980422 0.00117651
0.0919662 1.01099 0.980388 0.00117647
0.0920461 1.01101 0.980355 0.00117643
0.092126 1.01103 0.980322 0.00117639
0.0922059 1.01105 0.980288 0.00117635
0.0922858 1.01107 0.980255 0.00117631
0.0923657 1.01108 0.980222 0.00117627
0.0924456 1.0111 0.980189 0.00117623
0.0925255 1.01112 0.980155 0.00117619
0.0926055 1.01114 0.980122 0.00117615
0.0926854 1.01116 0.980089 0.00117611
0.0927653 1.01117 0.980055 0.00117607
0.0928452 1.01119 0.980022 0.00117603
0.0929252 1.01121 0.979988 0.00117599
0.0930051 1.01123 0.979955 0.00117595
0.0930851 1.01125 0.979922 0.00117591
0.093165 1.01126 0.979888 0.00117587
0.093245 1.01128 0.979855 0.00117583
0.0933249 1.0113 0.979822 0.00117579
0.0934049 1.01132 0.979788 0.00117575
0.0934848 1.01134 0.979755 0.00117571
0.0935648 1.01135 0.979721 0.00117567
0.0936448 1.01137 0.979687 0.00117562
0.0937247 1.01139 0.979654 0.00117558
0.0938047 1.01141 0.97962 0.00117554
0.0938847 1.01143 0.979586 0.0011755
0.0939647 1.01144 0.979553 0.00117546
0.0940447 1.01146 0.979519 0.00117542
0.0941247 1.01148 0.979485 0.00117538
0.0942047 1.0115 0.979451 0.00117534
0.0942846 1.01152 0.979417 0.0011753
0.0943647 1.01154 0.979383 0.00117526
0.0944447 1.01155 0.97935 0.00117522
0.0945247 1.01157 0.979316 0.00117518
0.0946047 1.01159 0.979282 0.00117514
0.0946847 1.01161 0.979248 0.0011751
0.0947647 1.01163 0.979214 0.00117506
0.0948447 1.01165 0.97918 0.00117502
0.0949248 1.01166 0.979146 0.00117497
0.0950048 1.01168 0.979112 0.00117493
0.0950848 1.0117 0.979077 0.00117489
0.0951649 1.01172 0.979043 0.00117485
0.0952449 1.01174 0.979009 0.00117481
0.095325 1.01176 0.978975 0.00117477
0.095405 1.01177 0.978941 0.00117473
0.0954851 1.01179 0.978907 0.00117469
0.0955651 1.01181 0.978873 0.00117465
0.0956452 1.01183 0.978839 0.00117461
0.0957253 1.01185 0.978805 0.00117457
0.0958053 1.01187 0.97877 0.00117452
0.0958854 1.01189 0.978736 0.00117448
0.0959655 1.0119 0.978702 0.00117444
0.0960456 1.01192 0.978668 0.0011744
0.0961257 1.01194 0.978634 0.00117436
0.0962057 1.01196 0.978599 0.00117432
0.0962858 1.01198 0.978565 0.00117428
0.0963659 1.012 0.978531 0.00117424
0.096446 1.01202 0.978497 0.0011742
0.0965261 1.01203 0.978462 0.00117415
0.0966063 1.01205 0.978428 0.00117411
0.0966864 1.01207 0.978394 0.00117407
0.0967665 1.01209 0.978359 0.00117403
0.0968466 1.01211 0.978325 0.00117399
0.0969267 1.01213 0.978291 0.00117395
0.0970068 1.01215 0.978257 0.00117391
0.097087 1.01217 0.978222 0.00117387
0.0971671 1.01218 0.978188 0.00117383
0.0972472 1.0122 0.978153 0.00117378
0.0973274 1.01222 0.978119 0.00117374
0.0974075 1.01224 0.978085 0.0011737
0.0974877 1.01226 0.97805 0.00117366
0.0975678 1.01228 0.978016 0.00117362
0.097648 1.0123 0.977982 0.00117358
0.0977282 1.01232 0.977947 0.00117354
0.0978083 1.01233 0.977913 0.0011735
0.0978885 1.01235 0.977878 0.00117345
0.0979687 1.01237 0.977844 0.00117341
0.0980488 1.01239 0.977809 0.00117337
0.098129 1.01241 0.977775 0.00117333
0.0982092 1.01243 0.977741 0.00117329
0.0982894 1.01245 0.977706 0.00117325
0.0983696 1.01247 0.977672 0.00117321
0.0984498 1.01249 0.977637 0.00117316
0.09853 1.01251 0.977603 0.00117312
0.0986102 1.01252 0.977568 0.00117308
0.0986904 1.01254 0.977534 0.00117304
0.0987706 1.01256 0.977499 0.001173
0.0988508 1.01258 0.977465 0.00117296
0.098931 1.0126 0.97743 0.00117292
0.0990113 1.01262 0.977395 0.00117287
0.0990915 1.01264 0.977361 0.00117283
0.0991717 1.01266 0.977326 0.00117279
0.099252 1.01268 0.977292 0.00117275
0.0993322 1.0127 0.977257 0.00117271
0.0994124 1.01272 0.977223 0.00117267
0.0994927 1.01273 0.977188 0.00117263
0.0995729 1.01275 0.977153 0.00117258
0.0996532 1.01277 0.977119 0.00117254
0.0997335 1.01279 0.977084 0.0011725
0.0998137 1.01281 0.977049 0.00117246
0.099894 1.01283 0.977015 0.00117242
0.0999743 1.01285 0.97698 0.00117238
0.100055 1.01287 0.976945 0.00117233
0.100135 1.01289 0.976911 0.00117229
0.100215 1.01291 0.976876 0.00117225
0.100295 1.01293 0.976841 0.00117221
0.100376 1.01295 0.976806 0.00117217
0.100456 1.01297 0.976771 0.00117213
0.100536 1.01298 0.976736 0.00117208
0.100617 1.013 0.976701 0.00117204
0.100697 1.01302 0.976666 0.001172
0.100777 1.01304 0.976631 0.00117196
0.100857 1.01306 0.976596 0.00117192
0.100938 1.01308 0.976561 0.00117187
0.101018 1.0131 0.976526 0.00117183
0.101098 1.01312 0.976491 0.00117179
0.101179 1.01314 0.976456 0.00117175
0.101259 1.01316 0.976421 0.0011717
0.101339 1.01318 0.976385 0.00117166
0.10142 1.0132 0.97635 0.00117162
0.1015 1.01322 0.976315 0.00117158
0.10158 1.01324 0.976279 0.00117154
0.101661 1.01326 0.976244 0.00117149
0.101741 1.01328 0.976209 0.00117145
0.101822 1.0133 0.976173 0.00117141
0.101902 1.01332 0.976138 0.00117137
0.101982 1.01334 0.976102 0.00117132
0.102063 1.01335 0.976067 0.00117128
0.102143 1.01337 0.976032 0.00117124
0.102223 1.01339 0.975996 0.0011712
0.102304 1.01341 0.975961 0.00117115
0.102384 1.01343 0.975925 0.00117111
0.102465 1.01345 0.975889 0.00117107
0.102545 1.01347 0.975854 0.00117102
0.102625 1.01349 0.975818 0.00117098
0.102706 1.01351 0.975783 0.00117094
0.102786 1.01353 0.975747 0.0011709
0.102867 1.01355 0.975711 0.00117085
0.102947 1.01357 0.975676 0.00117081
0.103027 1.01359 0.97564 0.00117077
0.103108 1.01361 0.975604 0.00117073
0.103188 1.01363 0.975568 0.00117068
0.103269 1.01365 0.975533 0.00117064
0.103349 1.01367 0.975497 0.0011706
0.10343 1.01369 0.975461 0.00117055
0.10351 1.01371 0.975426 0.00117051
0.103591 1.01373 0.97539 0.00117047
0.103671 1.01375 0.975354 0.00117042
0.103751 1.01377 0.975318 0.00117038
0.103832 1.01379 0.975282 0.00117034
0.103912 1.01381 0.975247 0.0011703
0.103993 1.01383 0.975211 0.00117025
0.104073 1.01385 0.975175 0.00117021
0.104154 1.01387 0.975139 0.00117017
0.104234 1.01389 0.975103 0.00117012
0.104315 1.01391 0.975067 0.00117008
0.104395 1.01393 0.975031 0.00117004
0.104476 1.01395 0.974995 0.00116999
0.104556 1.01397 0.974959 0.00116995
0.104637 1.01399 0.974924 0.00116991
0.104717 1.01401 0.974888 0.00116987
0.104798 1.01403 0.974852 0.00116982
0.104878 1.01405 0.974816 0.00116978
0.104959 1.01407 0.97478 0.00116974
0.105039 1.01409 0.974744 0.00116969
0.10512 1.01411 0.974708 0.00116965
0.1052 1.01413 0.974672 0.00116961
0.105281 1.01415 0.974636 0.00116956
0.105361 1.01417 0.9746 0.00116952
0.105442 1.01419 0.974564 0.00116948
0.105522 1.01421 0.974528 0.00116943
0.105603 1.01423 0.974492 0.00116939
0.105684 1.01425 0.974456 0.00116935
0.105764 1.01427 0.974419 0.0011693
0.105845 1.01429 0.974383 0.00116926
0.105925 1.01431 0.974347 0.00116922
0.106006 1.01433 0.974311 0.00116917
0.106086 1.01435 0.974275 0.00116913
0.106167 1.01437 0.974239 0.00116909
0.106247 1.01439 0.974203 0.00116904
0.106328 1.01441 0.974167 0.001169
0.106409 1.01443 0.974131 0.00116896
0.106489 1.01445 0.974094 0.00116891
0.10657 1.01447 0.974058 0.00116887
0.10665 1.01449 0.974022 0.00116883
0.106731 1.01451 0.973985 0.00116878
0.106812 1.01453 0.973949 0.00116874
0.106892 1.01455 0.973913 0.0011687
0.106973 1.01457 0.973876 0.00116865
0.107053 1.01459 0.97384 0.00116861
0.107134 1.01461 0.973803 0.00116856
0.107215 1.01463 0.973767 0.00116852
0.107295 1.01466 0.97373 0.00116848
0.107376 1.01468 0.973693 0.00116843
0.107457 1.0147 0.973657 0.00116839
0.107537 1.01472 0.97362 0.00116834
0.107618 1.01474 0.973583 0.0011683
0.107699 1.01476 0.973547 0.00116826
0.107779 1.01478 0.97351 0.00116821
0.10786 1.0148 0.973473 0.00116817
0.107941 1.01482 0.973436 0.00116812
0.108021 1.01484 0.9734 0.00116808
0.108102 1.01486 0.973363 0.00116804
0.108182 1.01488 0.973326 0.00116799
0.108263 1.0149 0.973289 0.00116795
0.108344 1.01492 0.973252 0.0011679
0.108425 1.01494 0.973215 0.00116786
0.108505 1.01496 0.973179 0.00116781
0.108586 1.01498 0.973142 0.00116777
0.108667 1.015 0.973105 0.00116773
0.108747 1.01502 0.973068 0.00116768
0.108828 1.01505 0.973031 0.00116764
0.108909 1.01507 0.972994 0.00116759
0.108989 1.01509 0.972957 0.00116755
0.10907 1.01511 0.97292 0.0011675
0.109151 1.01513 0.972883 0.00116746
0.109232 1.01515 0.972846 0.00116742
0.109312 1.01517 0.972809 0.00116737
0.109393 1.01519 0.972772 0.00116733
0.109474 1.01521 0.972735 0.00116728
0.109554 1.01523 0.972698 0.00116724
0.109635 1.01525 0.972661 0.00116719
0.109716 1.01527 0.972624 0.00116715
0.109797 1.01529 0.972587 0.0011671
0.109877 1.01532 0.97255 0.00116706
0.109958 1.01534 0.972513 0.00116702
0.110039 1.01536 0.972476 0.00116697
0.11012 1.01538 0.972439 0.00116693
0.1102 1.0154 0.972401 0.00116688
0.110281 1.01542 0.972364 0.00116684
0.110362 1.01544 0.972327 0.00116679
0.110443 1.01546 0.97229 0.00116675
0.110524 1.01548 0.972253 0.0011667
0.110604 1.0155 0.972216 0.00116666
0.110685 1.01552 0.972178 0.00116661
0.110766 1.01555 0.972141 0.00116657
0.110847 1.01557 0.972104 0.00116652
0.110928 1.01559 0.972067 0.00116648
0.111008 1.01561 0.97203 0.00116644
0.111089 1.01563 0.971992 0.00116639
0.11117 1.01565 0.971955 0.00116635
0.111251 1.01567 0.971918 0.0011663
0.111332 1.01569 0.971881 0.00116626
0.111412 1.01571 0.971843 0.00116621
0.111493 1.01573 0.971806 0.00116617
0.111574 1.01576 0.971769 0.00116612
0.111655 1.01578 0.971732 0.00116608
0.111736 1.0158 0.971694 0.00116603
0.111817 1.01582 0.971657 0.00116599
0.111897 1.01584 0.97162 0.00116594
0.111978 1.01586 0.971582 0.0011659
0.112059 1.01588 0.971545 0.00116585
0.11214 1.0159 0.971508 0.00116581
0.112221 1.01592 0.971471 0.00116576
0.112302 1.01595 0.971433 0.00116572
0.112383 1.01597 0.971396 0.00116568
0.112463 1.01599 0.971358 0.00116563
0.112544 1.01601 0.971321 0.00116559
0.112625 1.01603 0.971284 0.00116554
0.112706 1.01605 0.971246 0.0011655
0.112787 1.01607 0.971209 0.00116545
0.112868 1.01609 0.971171 0.00116541
0.112949 1.01611 0.971134 0.00116536
0.11303 1.01614 0.971096 0.00116532
0.113111 1.01616 0.971058 0.00116527
0.113191 1.01618 0.971021 0.00116522
0.113272 1.0162 0.970983 0.00116518
0.113353 1.01622 0.970945 0.00116513
0.113434 1.01624 0.970908 0.00116509
0.113515 1.01626 0.97087 0.00116504
0.113596 1.01628 0.970832 0.001165
0.113677 1.01631 0.970794 0.00116495
0.113758 1.01633 0.970757 0.00116491
0.113839 1.01635 0.970719 0.00116486
0.11392 1.01637 0.970681 0.00116482
0.114001 1.01639 0.970643 0.00116477
0.114081 1.01641 0.970605 0.00116473
0.114162 1.01643 0.970567 0.00116468
0.114243 1.01646 0.970529 0.00116464
0.114324 1.01648 0.970492 0.00116459
0.114405 1.0165 0.970454 0.00116454
0.114486 1.01652 0.970416 0.0011645
0.114567 1.01654 0.970378 0.00116445
0.114648 1.01656 0.97034 0.00116441
0.114729 1.01659 0.970302 0.00116436
0.11481 1.01661 0.970264 0.00116432
0.114891 1.01663 0.970226 0.00116427
0.114972 1.01665 0.970187 0.00116422
0.115053 1.01667 0.970149 0.00116418
0.115134 1.01669 0.970111 0.00116413
0.115215 1.01671 0.970073 0.00116409
0.115296 1.01674 0.970035 0.00116404
0.115377 1.01676 0.969997 0.001164
0.115458 1.01678 0.969959 0.00116395
0.115539 1.0168 0.969921 0.0011639
0.11562 1.01682 0.969883 0.00116386
0.115701 1.01684 0.969845 0.00116381
0.115782 1.01687 0.969806 0.00116377
0.115863 1.01689 0.969768 0.00116372
0.115944 1.01691 0.96973 0.00116368
0.116025 1.01693 0.969692 0.00116363
0.116106 1.01695 0.969654 0.00116358
0.116187 1.01697 0.969615 0.00116354
0.116268 1.017 0.969577 0.00116349
0.116349 1.01702 0.969539 0.00116345
0.11643 1.01704 0.969501 0.0011634
0.116511 1.01706 0.969463 0.00116336
0.116592 1.01708 0.969424 0.00116331
0.116673 1.01711 0.969386 0.00116326
0.116754 1.01713 0.969348 0.00116322
0.116835 1.01715 0.96931 0.00116317
0.116916 1.01717 0.969271 0.00116313
0.116997 1.01719 0.969233 0.00116308
0.117078 1.01721 0.969195 0.00116303
0.117159 1.01724 0.969157 0.00116299
0.11724 1.01726 0.969118 0.00116294
0.117321 1.01728 0.96908 0.0011629
0.117402 1.0173 0.969042 0.00116285
0.117483 1.01732 0.969004 0.0011628
0.117564 1.01735 0.968965 0.00116276
0.117645 1.01737 0.968927 0.00116271
0.117727 1.01739 0.968889 0.00116267
0.117808 1.01741 0.96885 0.00116262
0.117889 1.01743 0.968812 0.00116257
0.11797 1.01746 0.968774 0.00116253
0.118051 1.01748 0.968736 0.00116248
0.118132 1.0175 0.968697 0.00116244
0.118213 1.01752 0.968659 0.00116239
0.118294 1.01754 0.968621 0.00116234
0.118375 1.01757 0.968582 0.0011623
0.118456 1.01759 0.968544 0.00116225
0.118537 1.01761 0.968506 0.00116221
0.118619 1.01763 0.968467 0.00116216
0.1187 1.01766 0.968429 0.00116211
0.118781 1.01768 0.96839 0.00116207
0.118862 1.0177 0.968352 0.00116202
0.118943 1.01772 0.968313 0.00116198
0.119024 1.01774 0.968274 0.00116193
0.119105 1.01777 0.968236 0.00116188
0.119186 1.01779 0.968197 0.00116184
0.119267 1.01781 0.968158 0.00116179
0.119349 1.01783 0.96812 0.00116174
0.11943 1.01786 0.968081 0.0011617
0.119511 1.01788 0.968042 0.00116165
0.119592 1.0179 0.968003 0.0011616
0.119673 1.01792 0.967965 0.00116156
0.119754 1.01794 0.967926 0.00116151
0.119835 1.01797 0.967887 0.00116146
0.119917 1.01799 0.967848 0.00116142
0.119998 1.01801 0.967809 0.00116137
0.120079 1.01803 0.96777 0.00116132
0.12016 1.01806 0.967732 0.00116128
0.120241 1.01808 0.967693 0.00116123
0.120322 1.0181 0.967654 0.00116118
0.120404 1.01812 0.967615 0.00116114
0.120485 1.01815 0.967576 0.00116109
0.120566 1.01817 0.967537 0.00116104
0.120647 1.01819 0.967498 0.001161
0.120728 1.01821 0.967459 0.00116095
0.12081 1.01824 0.96742 0.0011609
0.120891 1.01826 0.967381 0.00116086
0.120972 1.01828 0.967342 0.00116081
0.121053 1.0183 0.967303 0.00116076
0.121134 1.01833 0.967264 0.00116072
0.121216 1.01835 0.967225 0.00116067
0.121297 1.01837 0.967186 0.00116062
0.121378 1.01839 0.967147 0.00116058
0.121459 1.01842 0.967108 0.00116053
0.121541 1.01844 0.967069 0.00116048
0.121622 1.01846 0.96703 0.00116044
0.121703 1.01848 0.96699 0.00116039
0.121784 1.01851 0.966951 0.00116034
0.121865 1.01853 0.966912 0.00116029
0.121947 1.01855 0.966873 0.00116025
0.122028 1.01857 0.966834 0.0011602
0.122109 1.0186 0.966795 0.00116015
0.12219 1.01862 0.966756 0.00116011
0.122272 1.01864 0.966717 0.00116006
0.122353 1.01866 0.966678 0.00116001
0.122434 1.01869 0.966638 0.00115997
0.122516 1.01871 0.966599 0.00115992
0.122597 1.01873 0.96656 0.00115987
0.122678 1.01875 0.966521 0.00115983
0.122759 1.01878 0.966482 0.00115978
0.122841 1.0188 0.966443 0.00115973
0.122922 1.01882 0.966404 0.00115968
0.123003 1.01885 0.966364 0.00115964
0.123085 1.01887 0.966325 0.00115959
0.123166 1.01889 0.966286 0.00115954
0.123247 1.01891 0.966247 0.0011595
0.123328 1.01894 0.966208 0.00115945
0.12341 1.01896 0.966169 0.0011594
0.123491 1.01898 0.966129 0.00115936
0.123572 1.01901 0.96609 0.00115931
0.123654 1.01903 0.966051 0.00115926
0.123735 1.01905 0.966012 0.00115921
0.123816 1.01907 0.965973 0.00115917
0.123898 1.0191 0.965934 0.00115912
0.123979 1.01912 0.965894 0.00115907
0.12406 1.01914 0.965855 0.00115903
0.124142 1.01917 0.965816 0.00115898
0.124223 1.01919 0.965777 0.00115893
0.124304 1.01921 0.965738 0.00115889
0.124386 1.01923 0.965698 0.00115884
0.124467 1.01926 0.965659 0.00115879
0.124548 1.01928 0.965619 0.00115874
0.12463 1.0193 0.96558 0.0011587
0.124711 1.01933 0.965541 0.00115865
0.124792 1.01935 0.965501 0.0011586
0.124874 1.01937 0.965462 0.00115855
0.124955 1.0194 0.965422 0.00115851
0.125037 1.01942 0.965383 0.00115846
0.125118 1.01944 0.965343 0.00115841
0.125199 1.01947 0.965304 0.00115836
0.125281 1.01949 0.965264 0.00115832
0.125362 1.01951 0.965225 0.00115827
0.125443 1.01953 0.965185 0.00115822
0.125525 1.01956 0.965145 0.00115817
0.125606 1.01958 0.965106 0.00115813
0.125688 1.0196 0.965066 0.00115808
0.125769 1.01963 0.965026 0.00115803
0.125851 1.01965 0.964987 0.00115798
0.125932 1.01967 0.964947 0.00115794
0.126013 1.0197 0.964907 0.00115789
0.126095 1.01972 0.964867 0.00115784
0.126176 1.01974 0.964828 0.00115779
0.126258 1.01977 0.964788 0.00115775
0.126339 1.01979 0.964748 0.0011577
0.12642 1.01981 0.964708 0.00115765
0.126502 1.01984 0.964668 0.0011576
0.126583 1.01986 0.964628 0.00115755
0.126665 1.01988 0.964588 0.00115751
0.126746 1.01991 0.964548 0.00115746
0.126828 1.01993 0.964508 0.00115741
0.126909 1.01995 0.964468 0.00115736
0.126991 1.01998 0.964428 0.00115731
0.127072 1.02 0.964389 0.00115727
0.127154 1.02002 0.964348 0.00115722
0.127235 1.02005 0.964308 0.00115717
0.127316 1.02007 0.964268 0.00115712
0.127398 1.02009 0.964228 0.00115707
0.127479 1.02012 0.964188 0.00115703
0.127561 1.02014 0.964148 0.00115698
0.127642 1.02016 0.964108 0.00115693
0.127724 1.02019 0.964068 0.00115688
0.127805 1.02021 0.964028 0.00115683
0.127887 1.02023 0.963988 0.00115679
0.127968 1.02026 0.963948 0.00115674
0.12805 1.02028 0.963908 0.00115669
0.128131 1.0203 0.963868 0.00115664
0.128213 1.02033 0.963827 0.00115659
0.128294 1.02035 0.963787 0.00115654
0.128376 1.02038 0.963747 0.0011565
0.128457 1.0204 0.963707 0.00115645
0.128539 1.02042 0.963667 0.0011564
0.12862 1.02045 0.963627 0.00115635
0.128702 1.02047 0.963586 0.0011563
0.128784 1.02049 0.963546 0.00115626
0.128865 1.02052 0.963506 0.00115621
0.128947 1.02054 0.963466 0.00115616
0.129028 1.02056 0.963426 0.00115611
0.12911 1.02059 0.963386 0.00115606
0.129191 1.02061 0.963345 0.00115601
0.129273 1.02063 0.963305 0.00115597
0.129354 1.02066 0.963265 0.00115592
0.129436 1.02068 0.963225 0.00115587
0.129517 1.02071 0.963185 0.00115582
0.129599 1.02073 0.963144 0.00115577
0.129681 1.02075 0.963104 0.00115572
0.129762 1.02078 0.963064 0.00115568
0.129844 1.0208 0.963024 0.00115563
0.129925 1.02082 0.962983 0.00115558
0.130007 1.02085 0.962943 0.00115553
0.130088 1.02087 0.962903 0.00115548
0.13017 1.02089 0.962862 0.00115543
0.130252 1.02092 0.962822 0.00115539
0.130333 1.02094 0.962781 0.00115534
0.130415 1.02097 0.962741 0.00115529
0.130496 1.02099 0.9627 0.00115524
0.130578 1.02101 0.96266 0.00115519
0.13066 1.02104 0.962619 0.00115514
0.130741 1.02106 0.962578 0.00115509
0.130823 1.02108 0.962538 0.00115505
0.130904 1.02111 0.962497 0.001155
0.130986 1.02113 0.962457 0.00115495
0.131068 1.02116 0.962416 0.0011549
0.131149 1.02118 0.962375 0.00115485
0.131231 1.0212 0.962334 0.0011548
0.131313 1.02123 0.962294 0.00115475
0.131394 1.02125 0.962253 0.0011547
0.131476 1.02128 0.962212 0.00115465
0.131557 1.0213 0.962171 0.00115461
0.131639 1.02132 0.962131 0.00115456
0.131721 1.02135 0.96209 0.00115451
0.131802 1.02137 0.962049 0.00115446
0.131884 1.0214 0.962008 0.00115441
0.131966 1.02142 0.961967 0.00115436
0.132047 1.02144 0.961926 0.00115431
0.132129 1.02147 0.961885 0.00115426
0.132211 1.02149 0.961844 0.00115421
0.132292 1.02152 0.961803 0.00115416
0.132374 1.02154 0.961762 0.00115411
