-0.00119174 0
-0.00119172 5.85937e-06

-0.00119172 5.85938e-06
-0.00119168 1.17187e-05

-0.00119168 1.17187e-05
-0.00119161 1.75781e-05

-0.00119161 1.75781e-05
-0.00119151 2.34375e-05

-0.00119151 2.34375e-05
-0.00119138 2.92969e-05

-0.00119138 2.92969e-05
-0.00119122 3.51562e-05

-0.00119122 3.51562e-05
-0.00119103 4.10156e-05

-0.00119103 4.10156e-05
-0.00119081 4.6875e-05

-0.00119081 4.6875e-05
-0.00119063 5.13945e-05

-0.00119063 5.13958e-05
-0.00119057 5.27344e-05

-0.00119057 5.27344e-05
-0.00119029 5.85937e-05

-0.00119029 5.85937e-05
-0.00118999 6.44531e-05

-0.00118999 6.44531e-05
-0.00118966 7.03125e-05

-0.00118966 7.03125e-05
-0.0011893 7.61719e-05

-0.0011893 7.61719e-05
-0.00118891 8.20312e-05

-0.00118891 8.20312e-05
-0.0011885 8.78906e-05

-0.0011885 8.78906e-05
-0.00118805 9.375e-05

-0.00118805 9.375e-05
-0.00118758 9.96094e-05

-0.00118758 9.96094e-05
-0.00118708 0.000105469

-0.00118708 0.000105469
-0.00118654 0.000111328

-0.00118654 0.000111328
-0.00118598 0.000117187

-0.00118598 0.000117187
-0.00118539 0.000123047

-0.00118539 0.000123047
-0.00118477 0.000128906

-0.00118477 0.000128906
-0.00118477 0.000128965

-0.00118477 0.000128959
-0.00118412 0.000134766

-0.00118412 0.000134766
-0.00118345 0.000140625

-0.00118345 0.000140625
-0.00118274 0.000146484

-0.00118274 0.000146484
-0.00118201 0.000152344

-0.00118201 0.000152344
-0.00118125 0.000158203

-0.00118125 0.000158203
-0.00118046 0.000164062

-0.00118046 0.000164062
-0.00117963 0.000169922

-0.00117963 0.000169922
-0.00117891 0.000174902

-0.00117891 0.000174901
-0.00117878 0.000175781

-0.00117878 0.000175781
-0.00117789 0.000181641

-0.0011779 0.000181641
-0.00117699 0.0001875

-0.00117699 0.0001875
-0.00117605 0.000193359

-0.00117605 0.000193359
-0.00117508 0.000199219

-0.00117508 0.000199219
-0.00117409 0.000205078

-0.00117409 0.000205078
-0.00117305 0.000210937

-0.00117305 0.000210937
-0.00117305 0.000210965

-0.00117305 0.000210955
-0.00117199 0.000216797

-0.00117199 0.000216797
-0.00117091 0.000222656

-0.00117091 0.000222656
-0.00116979 0.000228516

-0.00116979 0.000228516
-0.00116865 0.000234375

-0.00116865 0.000234375
-0.00116747 0.000240234

-0.00116746 0.000240234
-0.00116719 0.000241572

-0.00116719 0.000241567
-0.00116625 0.000246094

-0.00116625 0.000246094
-0.00116502 0.000251953

-0.00116502 0.000251953
-0.00116375 0.000257812

-0.00116375 0.000257812
-0.00116245 0.000263672

-0.00116245 0.000263672
-0.00116133 0.000268617

-0.00116133 0.000268615
-0.00116112 0.000269531

-0.00116112 0.000269531
-0.00115976 0.000275391

-0.00115976 0.000275391
-0.00115838 0.00028125

-0.00115838 0.00028125
-0.00115696 0.000287109

-0.00115696 0.000287109
-0.0011555 0.000292969

-0.0011555 0.000292969
-0.00115547 0.000293075

-0.00115547 0.000293069
-0.00115401 0.000298828

-0.00115402 0.000298828
-0.00115251 0.000304687

-0.00115251 0.000304687
-0.00115096 0.000310547

-0.00115096 0.000310547
-0.00114961 0.000315561

-0.00114961 0.000315559
-0.00114938 0.000316406

-0.00114938 0.000316406
-0.00114777 0.000322266

-0.00114778 0.000322266
-0.00114614 0.000328125

-0.00114614 0.000328125
-0.00114447 0.000333984

-0.00114447 0.000333984
-0.00114375 0.000336441

-0.00114375 0.000336434
-0.00114276 0.000339844

-0.00114276 0.000339844
-0.00114103 0.000345703

-0.00114103 0.000345703
-0.00113927 0.000351562

-0.00113926 0.000351562
-0.00113789 0.000356018

-0.00113789 0.000356014
-0.00113746 0.000357422

-0.00113745 0.000357422
-0.00113562 0.000363281

-0.00113563 0.000363281
-0.00113377 0.000369141

-0.00113377 0.000369141
-0.00113203 0.000374486

-0.00113203 0.000374484
-0.00113186 0.000375

-0.00113186 0.000375
-0.00112993 0.000380859

-0.00112994 0.000380859
-0.00112798 0.000386719

-0.00112798 0.000386719
-0.00112617 0.000391995

-0.00112617 0.000391993
-0.00112597 0.000392578

-0.00112597 0.000392578
-0.00112394 0.000398437

-0.00112395 0.000398437
-0.00112188 0.000404297

-0.00112188 0.000404297
-0.00112031 0.000408669

-0.00112031 0.000408662
-0.00111978 0.000410156

-0.00111978 0.000410156
-0.00111765 0.000416016

-0.00111765 0.000416016
-0.00111548 0.000421875

-0.00111548 0.000421875
-0.00111445 0.000424607

-0.00111445 0.000424593
-0.00111327 0.000427734

-0.00111328 0.000427734
-0.00111104 0.000433594

-0.00111105 0.000433594
-0.00110877 0.000439453

-0.00110876 0.000439453
-0.00110859 0.000439876

-0.00110859 0.000439875
-0.00110645 0.000445312

-0.00110646 0.000445312
-0.00110413 0.000451172

-0.00110412 0.000451172
-0.00110273 0.000454586

-0.00110273 0.00045457
-0.00110173 0.000457031

-0.00110174 0.000457031
-0.00109933 0.000462891

-0.00109933 0.000462891
-0.00109687 0.000468749

-0.00109687 0.00046875
-0.00109438 0.000474609

-0.00109439 0.000474609
-0.00109187 0.000480469

-0.00109186 0.000480469
-0.00109102 0.00048241

-0.00109102 0.000482389
-0.00108929 0.000486328

-0.00108931 0.000486328
-0.00108671 0.000492187

-0.00108671 0.000492187
-0.00108516 0.000495633

-0.00108516 0.000495617
-0.00108406 0.000498047

-0.00108407 0.000498047
-0.0010814 0.000503906

-0.0010814 0.000503906
-0.0010793 0.000508444

-0.0010793 0.000508436
-0.00107868 0.000509766

-0.00107868 0.000509766
-0.00107593 0.000515625

-0.00107594 0.000515625
-0.00107344 0.000520873

-0.00107344 0.00052087
-0.00107315 0.000521484

-0.00107314 0.000521484
-0.00107031 0.000527344

-0.00107032 0.000527344
-0.00106758 0.000532945

-0.00106758 0.000532944
-0.00106745 0.000533203

-0.00106745 0.000533203
-0.00106454 0.000539062

-0.00106455 0.000539062
-0.00106172 0.000544681

-0.00106172 0.00054468
-0.0010616 0.000544922

-0.00106159 0.000544922
-0.0010586 0.000550781

-0.00105861 0.000550781
-0.00105586 0.000556102

-0.00105586 0.000556098
-0.00105558 0.000556641

-0.00105558 0.000556641
-0.00105251 0.0005625

-0.00105251 0.0005625
-0.00105 0.00056723

-0.00105 0.00056722
-0.0010494 0.000568359

-0.0010494 0.000568359
-0.00104624 0.000574219

-0.00104625 0.000574219
-0.00104414 0.000578085

-0.00104414 0.000578064
-0.00104304 0.000580078

-0.00104305 0.000580078
-0.00103981 0.000585937

-0.00103982 0.000585937
-0.00103828 0.000588688

-0.00103828 0.000588648
-0.00103652 0.000591797

-0.00103653 0.000591797
-0.00103321 0.000597656

-0.00103322 0.000597656
-0.00103242 0.000599044

-0.00103242 0.000598998
-0.00102982 0.000603516

-0.00102984 0.000603516
-0.00102656 0.000609138

-0.00102656 0.000609135
-0.00102642 0.000609375

-0.00102642 0.000609375
-0.00102296 0.000615234

-0.00102297 0.000615234
-0.0010207 0.000619035

-0.0010207 0.000619
-0.00101945 0.000621094

-0.00101947 0.000621094
-0.00101591 0.000626953

-0.00101594 0.000626953
-0.00101484 0.000628738

-0.00101484 0.000628672
-0.0010123 0.000632812

-0.00101232 0.000632812
-0.00100898 0.000638185

-0.00100898 0.000638174
-0.00100868 0.000638672

-0.00100868 0.000638672
-0.00100499 0.000644531

-0.00100502 0.000644531
-0.00100313 0.000647503

-0.00100312 0.000647435
-0.00100124 0.000650391

-0.00100126 0.000650391
-0.000997475 0.00065625

-0.000997455 0.00065625
-0.000997266 0.000656548

-0.000997266 0.000656563
-0.000993643 0.000662109

-0.000993671 0.000662109
-0.000991406 0.000665534

-0.000991406 0.000665469
-0.000989754 0.000667969

-0.000989773 0.000667969
-0.000985837 0.000673828

-0.000985817 0.000673828
-0.000985547 0.000674236

-0.000985547 0.000674249
-0.000981858 0.000679687

-0.000981892 0.000679687
-0.000979688 0.000682896

-0.000979687 0.000682818
-0.000977814 0.000685547

-0.000977836 0.000685547
-0.000973828 0.000691293

-0.000973828 0.000691293
-0.00097375 0.000691406

-0.000973747 0.000691406
-0.000969614 0.000697266

-0.000969644 0.000697266
-0.000967969 0.000699642

-0.000967969 0.000699542
-0.000965412 0.000703125

-0.000965443 0.000703125
-0.000962109 0.000707731

-0.000962109 0.000707702
-0.000961196 0.000708984

-0.000961195 0.000708984
-0.000956893 0.000714844

-0.000956884 0.000714844
-0.00095625 0.000715714

-0.00095625 0.000715705
-0.000952543 0.000720703

-0.000952572 0.000720703
-0.000950391 0.000723636

-0.000950391 0.000723534
-0.00094813 0.000726562

-0.000948156 0.000726562
-0.000944531 0.000731317

-0.000944531 0.0007313
-0.000943683 0.000732422

-0.000943683 0.000732422
-0.000939154 0.000738281

-0.000939139 0.000738281
-0.000938672 0.000738887

-0.000938672 0.000738897
-0.000934576 0.000744141

-0.000934591 0.000744141
-0.000932813 0.000746434

-0.000932812 0.000746349
-0.000929935 0.00075

-0.000929958 0.00075
-0.000926953 0.000753766

-0.000926953 0.000753704
-0.000925245 0.000755859

-0.000925258 0.000755859
-0.000921094 0.000760979

-0.000921094 0.000760975
-0.000920489 0.000761719

-0.000920487 0.000761719
-0.000915656 0.000767578

-0.000915646 0.000767578
-0.000915234 0.000768076

-0.000915234 0.000768084
-0.000910771 0.000773437

-0.000910783 0.000773437
-0.000909375 0.000775124

-0.000909375 0.000775081
-0.000905825 0.000779297

-0.000905826 0.000779297
-0.000903516 0.000782042

-0.000903516 0.000781976
-0.000900836 0.000785156

-0.000900812 0.000785156
-0.000897656 0.00078885

-0.000897656 0.000788804
-0.00089575 0.000791016

-0.000895751 0.000791016
-0.000891797 0.00079553

-0.000891797 0.000795514
-0.0008906 0.000796875

-0.000890608 0.000796875
-0.000885937 0.000802117

-0.000885938 0.000802117
-0.000885385 0.000802734

-0.000885387 0.000802734
-0.000880093 0.000808594

-0.000880096 0.000808594
-0.000880078 0.000808613

-0.000880078 0.000808608
-0.000874729 0.000814453

-0.000874729 0.000814453
-0.000874219 0.000815007

-0.000874219 0.000815003
-0.000869301 0.000820312

-0.000869308 0.000820312
-0.000868359 0.000821331

-0.000868359 0.00082131
-0.000863811 0.000826172

-0.000863817 0.000826172
-0.0008625 0.000827567

-0.0008625 0.000827531
-0.000858261 0.000832031

-0.000858251 0.000832031
-0.000856641 0.000833716

-0.000856641 0.000833692
-0.000852625 0.000837891

-0.000852611 0.000837891
-0.000850781 0.00083978

-0.000850781 0.000839772
-0.000846914 0.00084375

-0.000846899 0.00084375
-0.000844922 0.000845762

-0.000844922 0.000845767
-0.000841126 0.000849609

-0.00084111 0.000849609
-0.000839062 0.000851664

-0.000839063 0.000851679
-0.000835258 0.000855469

-0.000835241 0.000855469
-0.000833203 0.000857484

-0.000833203 0.00085751
-0.000829307 0.000861328

-0.000829287 0.000861328
-0.000827344 0.000863222

-0.000827344 0.000863261
-0.000823269 0.000867187

-0.000823245 0.000867187
-0.000821484 0.000868879

-0.000821484 0.000868935
-0.000817139 0.000873047

-0.000817112 0.000873047
-0.000815625 0.000874454

-0.000815625 0.000874509
-0.000810927 0.000878906

-0.000810891 0.000878906
-0.000809766 0.000879957

-0.000809766 0.000879998
-0.000804613 0.000884766

-0.000804591 0.000884766
-0.000803906 0.000885395

-0.000803906 0.000885416
-0.000798194 0.000890625

-0.000798189 0.000890625
-0.000798047 0.000890754

-0.000798047 0.000890757
-0.000792188 0.000896026

-0.000792188 0.000896032
-0.000791681 0.000896484

-0.000791668 0.000896484
-0.000786328 0.000901226

-0.000786328 0.000901248
-0.000785082 0.000902344

-0.000785053 0.000902344
-0.000780469 0.00090636

-0.000780469 0.000906406
-0.000778389 0.000908203

-0.000778355 0.000908203
-0.000774609 0.000911414

-0.000774609 0.000911501
-0.00077158 0.000914062

-0.00077154 0.000914062
-0.00076875 0.000916414

-0.00076875 0.000916492
-0.00076468 0.000919922

-0.000764628 0.000919922
-0.000762891 0.000921375

-0.000762891 0.000921422
-0.000757656 0.000925781

-0.000757659 0.000925781
-0.000757031 0.0009263

-0.000757031 0.000926302
-0.000751172 0.000931111

-0.000751172 0.000931122
-0.000750533 0.000931641

-0.000750509 0.000931641
-0.000745313 0.000935852

-0.000745313 0.000935915
-0.000743319 0.0009375

-0.000743231 0.0009375
-0.000739453 0.000940522

-0.000739453 0.000940608
-0.000735968 0.000943359

-0.000735863 0.000943359
-0.000733594 0.000945122

-0.000733594 0.0009452
-0.000728449 0.000949219

-0.000728474 0.000949219
-0.000727734 0.000949792

-0.000727734 0.00094978
-0.000721875 0.000954292

-0.000721875 0.000954313
-0.000720866 0.000955078

-0.000720823 0.000955078
-0.000716016 0.000958737

-0.000716016 0.000958824
-0.00071319 0.000960937

-0.000713028 0.000960937
-0.000710156 0.000963084

-0.000710156 0.000963163
-0.000705264 0.000966797

-0.000705278 0.000966797
-0.000704297 0.000967517

-0.000704297 0.000967514
-0.000698438 0.000971801

-0.000698438 0.000971834
-0.000697289 0.000972656

-0.000697233 0.000972656
-0.000692578 0.000976026

-0.000692578 0.000976098
-0.0006892 0.000978516

-0.000689028 0.000978516
-0.000686719 0.000980152

-0.000686719 0.000980236
-0.000680859 0.000984366

-0.000680842 0.000984375
-0.000675 0.000988441

-0.000675 0.000988513
-0.000672495 0.000990234

-0.000672308 0.000990234
-0.000669141 0.000992416

-0.000669141 0.00099248
-0.000663823 0.000996094

-0.000663863 0.000996094
-0.000663281 0.000996482

-0.000663281 0.000996459
-0.000657422 0.00100038

-0.000657422 0.00100045
-0.000655146 0.00100195

-0.000654977 0.00100195
-0.000651563 0.00100422

-0.000651563 0.00100427
-0.000646149 0.00100781

-0.000646189 0.00100781
-0.000645703 0.00100812

-0.000645703 0.0010081
-0.000639844 0.00101188

-0.000639844 0.00101194
-0.000637127 0.00101367

-0.000636945 0.00101367
-0.000633984 0.00101556

-0.000633984 0.00101562
-0.000628125 0.00101931

-0.000628125 0.00101932
-0.000627775 0.00101953

-0.000627748 0.00101953
-0.000622266 0.00102294

-0.000622266 0.00102298
-0.000618333 0.00102539

-0.000618204 0.00102539
-0.000616406 0.00102649

-0.000616406 0.00102654
-0.000610547 0.00103008

-0.000610547 0.00103013
-0.00060868 0.00103125

-0.000608549 0.00103125
-0.000604688 0.00103356

-0.000604688 0.0010336
-0.000598828 0.00103706

-0.000598828 0.00103706
-0.000598741 0.00103711

-0.000598717 0.00103711
-0.000592969 0.00104046

-0.000592969 0.00104049
-0.000588656 0.00104297

-0.000588576 0.00104297
-0.000587109 0.00104381

-0.000587109 0.00104383
-0.00058125 0.00104716

-0.00058125 0.00104721
-0.000578364 0.00104883

-0.00057822 0.00104883
-0.000575391 0.00105042

-0.000575391 0.00105045
-0.000569531 0.00105369

-0.000569531 0.00105373
-0.000567783 0.00105469

-0.000567684 0.00105469
-0.000563672 0.00105688

-0.000563672 0.0010569
-0.000557813 0.00106006

-0.000557813 0.00106008
-0.000556935 0.00106055

-0.000556877 0.00106055
-0.000551953 0.00106317

-0.000551953 0.00106318
-0.000546094 0.00106626

-0.000546094 0.00106626
-0.000545819 0.00106641

-0.000545782 0.00106641
-0.000540234 0.00106928

-0.000540234 0.00106929
-0.000534415 0.00107227

-0.000534415 0.00107227
-0.000534375 0.00107229

-0.000534375 0.00107227
-0.000528516 0.00107523

-0.000528516 0.00107524
-0.000522719 0.00107812

-0.000522719 0.00107812
-0.000522656 0.00107816

-0.000522656 0.00107814
-0.000516797 0.00108102

-0.000516797 0.00108103
-0.000510938 0.00108387

-0.000510937 0.00108388
-0.000510712 0.00108398

-0.000510681 0.00108398
-0.000505078 0.00108666

-0.000505078 0.00108667
-0.000499219 0.00108943

-0.000499219 0.00108945
-0.000498371 0.00108984

-0.000498314 0.00108984
-0.000493359 0.00109215

-0.000493359 0.00109215
-0.0004875 0.00109484

-0.0004875 0.00109487
-0.000485658 0.0010957

-0.000485561 0.0010957
-0.000481641 0.00109747

-0.000481641 0.00109748
-0.000475781 0.0011001

-0.000475781 0.00110013
-0.000472509 0.00110156

-0.000472418 0.00110156
-0.000469922 0.00110266

-0.000469922 0.00110266
-0.000464063 0.0011052

-0.000464062 0.00110522
-0.000458916 0.00110742

-0.000458922 0.00110742
-0.000458203 0.00110773

-0.000458203 0.00110771
-0.000452344 0.00111017

-0.000452344 0.00111018
-0.000446484 0.00111261

-0.000446484 0.00111263
-0.000444897 0.00111328

-0.000444803 0.00111328
-0.000440625 0.00111498

-0.000440625 0.00111499
-0.000434766 0.00111735

-0.000434766 0.00111736
-0.000430277 0.00111914

-0.000430276 0.00111914
-0.000428906 0.00111968

-0.000428906 0.00111967
-0.000423047 0.00112194

-0.000423047 0.00112195
-0.000417188 0.0011242

-0.000417187 0.00112423
-0.00041514 0.001125

-0.000415042 0.001125
-0.000411328 0.0011264

-0.000411328 0.0011264
-0.000405469 0.00112858

-0.000405469 0.0011286
-0.000399609 0.00113074

-0.000399609 0.00113075
-0.0003993 0.00113086

-0.00039925 0.00113086
-0.00039375 0.00113283

-0.00039375 0.00113282
-0.000387891 0.0011349

-0.000387891 0.00113492
-0.00038272 0.00113672

-0.000382721 0.00113672
-0.000382031 0.00113696

-0.000382031 0.00113694
-0.000376172 0.00113893

-0.000376172 0.00113893
-0.000370313 0.00114091

-0.000370312 0.00114093
-0.000365309 0.00114258

-0.00036531 0.00114258
-0.000364453 0.00114286

-0.000364453 0.00114285
-0.000358594 0.00114474

-0.000358594 0.00114473
-0.000352734 0.00114661

-0.000352734 0.00114663
-0.000346953 0.00114844

-0.000346953 0.00114844
-0.000346875 0.00114846

-0.000346875 0.00114845
-0.000341016 0.00115024

-0.000341016 0.00115023
-0.000335156 0.00115201

-0.000335156 0.00115202
-0.000329297 0.00115376

-0.000329297 0.00115377
-0.000327483 0.0011543

-0.000327381 0.0011543
-0.000323438 0.00115543

-0.000323437 0.00115544
-0.000317578 0.0011571

-0.000317578 0.0011571
-0.000311719 0.00115875

-0.000311719 0.00115876
-0.000306623 0.00116016

-0.000306613 0.00116016
-0.000305859 0.00116036

-0.000305859 0.00116035
-0.0003 0.00116191

-0.0003 0.00116191
-0.000294141 0.00116345

-0.000294141 0.00116345
-0.000288281 0.00116497

-0.000288281 0.00116498
-0.000284142 0.00116602

-0.000284119 0.00116602
-0.000282422 0.00116644

-0.000282422 0.00116644
-0.000276563 0.00116787

-0.000276562 0.00116787
-0.000270703 0.00116928

-0.000270703 0.00116928
-0.000264844 0.00117067

-0.000264844 0.00117068
-0.000259655 0.00117187

-0.000259641 0.00117187
-0.000258984 0.00117203

-0.000258984 0.00117202
-0.000253125 0.00117332

-0.000253125 0.00117332
-0.000247266 0.0011746

-0.000247266 0.0011746
-0.000241406 0.00117587

-0.000241406 0.00117588
-0.000235547 0.0011771

-0.000235547 0.00117711
-0.000232451 0.00117773

-0.000232386 0.00117773
-0.000229687 0.00117828

-0.000229687 0.00117828
-0.000223828 0.00117943

-0.000223828 0.00117943
-0.000217969 0.00118057

-0.000217969 0.00118057
-0.000212109 0.00118168

-0.000212109 0.00118168
-0.00020625 0.00118276

-0.00020625 0.00118276
-0.000201538 0.00118359

-0.000201503 0.00118359
-0.000200391 0.00118379

-0.000200391 0.00118379
-0.000194531 0.00118478

-0.000194531 0.00118478
-0.000188672 0.00118576

-0.000188672 0.00118576
-0.000182812 0.00118671

-0.000182813 0.00118671
-0.000176953 0.00118764

-0.000176953 0.00118763
-0.000171094 0.00118853

-0.000171094 0.00118854
-0.000165234 0.00118939

-0.000165234 0.0011894
-0.000164845 0.00118945

-0.000164738 0.00118945
-0.000159375 0.0011902

-0.000159375 0.0011902
-0.000153516 0.00119099

-0.000153516 0.00119099
-0.000147656 0.00119176

-0.000147656 0.00119176
-0.000141797 0.0011925

-0.000141797 0.0011925
-0.000135937 0.00119321

-0.000135938 0.00119321
-0.000130078 0.00119389

-0.000130078 0.00119389
-0.000124219 0.00119455

-0.000124219 0.00119455
-0.000118359 0.00119517

-0.000118359 0.00119517
-0.000116971 0.00119531

-0.000116866 0.00119531
-0.0001125 0.00119575

-0.0001125 0.00119575
-0.000106641 0.0011963

-0.000106641 0.0011963
-0.000100781 0.00119683

-0.000100781 0.00119683
-9.49219e-05 0.00119733

-9.49219e-05 0.00119734
-8.90625e-05 0.00119781

-8.90625e-05 0.00119781
-8.32031e-05 0.00119825

-8.32031e-05 0.00119825
-7.73438e-05 0.00119867

-7.73438e-05 0.00119867
-7.14844e-05 0.00119905

-7.14844e-05 0.00119905
-6.5625e-05 0.00119941

-6.5625e-05 0.00119941
-5.97656e-05 0.00119973

-5.97656e-05 0.00119973
-5.39063e-05 0.00120003

-5.39063e-05 0.00120003
-4.80469e-05 0.0012003

-4.80469e-05 0.0012003
-4.21875e-05 0.00120054

-4.21875e-05 0.00120054
-3.63281e-05 0.00120075

-3.63281e-05 0.00120075
-3.04688e-05 0.00120093

-3.04688e-05 0.00120093
-2.46094e-05 0.00120109

-2.46094e-05 0.00120109
-2.09373e-05 0.00120117

-2.09313e-05 0.00120117
-1.875e-05 0.00120122

-1.875e-05 0.00120122
-1.28906e-05 0.00120131

-1.28906e-05 0.00120131
-7.03125e-06 0.00120138

-7.03125e-06 0.00120138
-1.17187e-06 0.00120142

-1.17187e-06 0.00120142
4.6875e-06 0.00120143

4.6875e-06 0.00120143
1.05469e-05 0.00120141

1.05469e-05 0.00120141
1.64062e-05 0.00120136

1.64063e-05 0.00120136
2.22656e-05 0.00120128

2.22656e-05 0.00120128
2.8125e-05 0.00120118

3.39844e-05 0.00120105
2.83834e-05 0.00120117

2.8125e-05 0.00120118
2.83918e-05 0.00120117

3.39844e-05 0.00120105
3.98437e-05 0.00120089

3.98438e-05 0.00120089
4.57031e-05 0.0012007

4.57031e-05 0.0012007
5.15625e-05 0.00120048

5.15625e-05 0.00120048
5.74219e-05 0.00120024

5.74219e-05 0.00120024
6.32812e-05 0.00119996

6.32813e-05 0.00119996
6.91406e-05 0.00119966

6.91406e-05 0.00119966
7.5e-05 0.00119933

0.000426562 0.00112452
0.000425282 0.001125

0.000426562 0.00112456
0.000432422 0.00112234

0.000432422 0.00112234
0.000438281 0.00112008

0.000444141 0.00111777
0.000440648 0.00111914

0.000438281 0.0011201
0.000440718 0.00111914

0.000444141 0.00111778
0.00045 0.00111545

7.5e-05 0.00119933
8.08594e-05 0.00119897

8.08594e-05 0.00119897
8.67187e-05 0.00119858

8.67188e-05 0.00119858
9.25781e-05 0.00119816

9.25781e-05 0.00119816
9.84375e-05 0.00119771

9.84375e-05 0.00119771
0.000104297 0.00119723

0.000104297 0.00119723
0.000110156 0.00119673

0.000110156 0.00119673
0.000116016 0.00119619

0.000116016 0.00119619
0.000121875 0.00119562

0.000127734 0.00119502
0.000124854 0.00119531

0.000127734 0.00119502
0.000133594 0.0011944

0.000133594 0.0011944
0.000139453 0.00119376

0.000139453 0.00119375
0.000145312 0.00119308

0.000121875 0.00119563
0.000124938 0.00119531

0.000145312 0.00119308
0.000151172 0.00119237

0.000151172 0.00119237
0.000157031 0.00119163

0.000157031 0.00119163
0.000162891 0.00119086

0.000162891 0.00119086
0.00016875 0.00119006

0.000174609 0.00118921
0.000172926 0.00118945

0.00016875 0.00119007
0.000173068 0.00118945

0.000174609 0.00118922
0.000180469 0.00118837

0.000180469 0.00118837
0.000186328 0.00118749

0.000186328 0.00118749
0.000192187 0.00118658

0.000192187 0.00118658
0.000198047 0.00118563

0.000198047 0.00118563
0.000203906 0.00118466

0.000215625 0.0011826
0.000210015 0.00118359

0.000203906 0.00118466
0.000209766 0.00118365

0.000209766 0.00118365
0.00021006 0.00118359

0.000215625 0.00118261
0.000221484 0.00118155

0.000221484 0.00118155
0.000227344 0.00118046

0.000227344 0.00118046
0.000233203 0.00117933

0.000233203 0.00117933
0.000239062 0.00117818

0.000244922 0.00117698
0.000241189 0.00117773

0.000239062 0.00117818
0.000241268 0.00117773

0.000244922 0.00117698
0.000250781 0.00117577

0.000250781 0.00117577
0.000256641 0.00117453

0.000256641 0.00117453
0.0002625 0.00117325

0.000274219 0.00117059
0.000268609 0.00117187

0.000274219 0.0011706
0.000280078 0.00116924

0.000280078 0.00116924
0.000285937 0.00116784

0.000285937 0.00116784
0.000291797 0.0011664

0.000297656 0.00116493
0.000293307 0.00116602

0.000291797 0.00116641
0.000293367 0.00116602

0.000297656 0.00116493
0.000303516 0.00116344

0.000303516 0.00116345
0.000309375 0.00116192

0.0002625 0.00117326
0.000268359 0.00117194

0.000268359 0.00117194
0.000268649 0.00117187

0.000321094 0.00115876
0.000315964 0.00116016

0.000309375 0.00116192
0.000315234 0.00116036

0.000315234 0.00116037
0.00031601 0.00116016

0.000321094 0.00115877
0.000326953 0.00115716

0.000326953 0.00115716
0.000332812 0.00115551

0.000338672 0.00115379
0.000336899 0.0011543

0.000332812 0.00115551
0.000337036 0.0011543

0.000338672 0.00115381
0.000344531 0.00115209

0.000344531 0.0011521
0.000350391 0.00115035

0.000350391 0.00115035
0.00035625 0.00114857

0.000362109 0.00114674
0.00035664 0.00114844

0.000362109 0.00114675
0.000367969 0.00114491

0.000367969 0.00114491
0.000373828 0.00114302

0.000379687 0.0011411
0.000375163 0.00114258

0.000373828 0.00114303
0.000375212 0.00114258

0.00035625 0.00114857
0.000356675 0.00114844

0.000379687 0.00114111
0.000385547 0.00113916

0.000385547 0.00113916
0.000391406 0.00113718

0.000397266 0.00113515
0.00039272 0.00113672

0.000397266 0.00113516
0.000403125 0.00113312

0.000391406 0.00113719
0.000392769 0.00113672

0.000403125 0.00113312
0.000408984 0.00113103

0.000414844 0.0011289
0.000409435 0.00113086

0.000408984 0.00113103
0.000409467 0.00113086

0.000414844 0.00112891
0.000420703 0.00112676

0.000420703 0.00112677
0.000425439 0.001125

0.0012 0.000147717
0.00119924 0.000152344

0.00119925 0.000152344
0.00119825 0.000158203

0.00119825 0.000158203
0.00119721 0.000164062

0.00119721 0.000164062
0.00119613 0.000169922

0.00119613 0.000169922
0.00119501 0.000175781

0.00119414 0.000180081
0.00119383 0.000181641

0.00119384 0.000181641
0.00119264 0.0001875

0.00119414 0.000180166
0.00119501 0.000175781

0.00118828 0.000207394
0.00118747 0.000210937

0.00119264 0.0001875
0.00119141 0.000193359

0.00119141 0.000193359
0.00119013 0.000199219

0.00119013 0.000199219
0.00118882 0.000205078

0.00118828 0.000207417
0.00118882 0.000205078

0.00118747 0.000210937
0.00118609 0.000216797

0.00118609 0.000216797
0.00118468 0.000222656

0.00118242 0.000231753
0.00118176 0.000234375

0.00118468 0.000222656
0.00118324 0.000228516

0.00118242 0.000231774
0.00118324 0.000228516

0.00117656 0.000254355
0.00117564 0.000257812

0.00117564 0.000257812
0.00117406 0.000263672

0.00117406 0.000263672
0.00117245 0.000269531

0.0011707 0.000275841
0.00116919 0.00028125

0.00117245 0.000269531
0.00117083 0.000275391

0.0011707 0.000275842
0.00117083 0.000275391

0.00118177 0.000234375
0.00118027 0.000240234

0.00118027 0.000240234
0.00117875 0.000246094

0.00117875 0.000246094
0.00117721 0.000251953

0.00117656 0.000254364
0.00117721 0.000251953

0.00115312 0.000336394
0.00115208 0.000339844

0.00115208 0.000339844
0.00115029 0.000345703

0.00115029 0.000345703
0.00114848 0.000351562

0.00114141 0.000373942
0.00114107 0.000375

0.00114727 0.000355492
0.00114666 0.000357422

0.00114666 0.000357422
0.00114481 0.000363281

0.00114727 0.000355451
0.00114848 0.000351562

0.00114481 0.000363281
0.00114295 0.000369141

0.00114141 0.00037392
0.00114295 0.000369141

0.00116484 0.000296575
0.0011642 0.000298828

0.0011642 0.000298828
0.00116251 0.000304687

0.00116919 0.00028125
0.00116754 0.000287109

0.00116755 0.000287109
0.00116588 0.000292969

0.00116484 0.000296576
0.00116588 0.000292969

0.00116251 0.000304687
0.00116081 0.000310547

0.00116081 0.000310547
0.00115909 0.000316406

0.00115898 0.000316742
0.00115735 0.000322266

0.00115735 0.000322266
0.00115561 0.000328125

0.00115898 0.00031674
0.00115908 0.000316406

0.00115561 0.000328125
0.00115385 0.000333984

0.00115312 0.000336363
0.00115385 0.000333984

0.0010125 0.000649239
0.00101178 0.000650391

0.00101177 0.000650391
0.00100799 0.00065625

0.000942187 0.00074779
0.00094046 0.00075

0.000959766 0.000725064
0.000958652 0.000726562

0.000965625 0.00071724
0.000963056 0.000720703

0.000959766 0.000725071
0.000963049 0.000720703

0.000953906 0.000732779
0.000949661 0.000738281

0.000948047 0.000740354
0.000945091 0.000744141

0.000942187 0.000747808
0.000945078 0.000744141

0.000948047 0.00074035
0.000949632 0.000738281

0.000958644 0.000726562
0.000954181 0.000732422

0.000953906 0.000732771
0.000954173 0.000732422

0.000977344 0.000701139
0.000975946 0.000703125

0.000989062 0.000684491
0.000988351 0.000685547

0.00098834 0.000685547
0.000984257 0.000691406

0.000983203 0.000692906
0.000980127 0.000697266

0.000977344 0.000701156
0.000980123 0.000697266

0.000983203 0.000692894
0.000984225 0.000691406

0.00100078 0.000667211
0.00100029 0.000667969

0.000994922 0.000675938
0.000992375 0.000679687

0.00100028 0.000667969
0.00099635 0.000673828

0.000994922 0.00067592
0.000996331 0.000673828

0.00100664 0.00065832
0.00100416 0.000662109

0.00100078 0.00066721
0.00100416 0.000662109

0.00100664 0.000658296
0.00100797 0.00065625

0.000989062 0.000684496
0.00099237 0.000679687

0.000971484 0.000709271
0.000967399 0.000714844

0.000975935 0.000703125
0.000971694 0.000708984

0.000971484 0.000709264
0.000971687 0.000708984

0.000965625 0.000717238
0.000967373 0.000714844

0.00110625 0.000470219
0.00110442 0.000474609

0.00110442 0.000474609
0.00110194 0.000480469

0.00110039 0.000484079
0.00109942 0.000486328

0.00109942 0.000486328
0.00109686 0.000492187

0.00110039 0.000484067
0.00110194 0.000480469

0.00109453 0.000497447
0.00109426 0.000498047

0.00109426 0.000498047
0.00109162 0.000503906

0.00108867 0.000510346
0.00108622 0.000515625

0.00109162 0.000503906
0.00108894 0.000509766

0.00108867 0.000510318
0.00108893 0.000509766

0.00109453 0.000497441
0.00109686 0.000492187

0.00108281 0.000522831
0.00108065 0.000527344

0.00107695 0.000534934
0.00107492 0.000539062

0.00108065 0.000527344
0.0010778 0.000533203

0.00107695 0.000534906
0.00107779 0.000533203

0.00107109 0.000546682
0.00106901 0.000550781

0.00106523 0.000558105
0.00106294 0.0005625

0.00106901 0.000550781
0.001066 0.000556641

0.00106523 0.000558077
0.00106598 0.000556641

0.00107492 0.000539062
0.00107199 0.000544922

0.00107109 0.000546656
0.00107197 0.000544922

0.00108622 0.000515625
0.00108346 0.000521484

0.00108281 0.000522801
0.00108344 0.000521484

0.00112969 0.000408774
0.0011292 0.000410156

0.0011292 0.000410156
0.00112712 0.000416016

0.00112712 0.000416016
0.00112501 0.000421875

0.00114106 0.000375
0.00113915 0.000380859

0.00113915 0.000380859
0.00113722 0.000386719

0.00113555 0.000391711
0.00113526 0.000392578

0.00113525 0.000392578
0.00113326 0.000398437

0.00113555 0.000391698
0.00113721 0.000386719

0.00113327 0.000398437
0.00113125 0.000404297

0.00112969 0.000408757
0.00113125 0.000404297

0.00111797 0.000440789
0.00111623 0.000445312

0.00112383 0.000425122
0.00112287 0.000427734

0.00112287 0.000427734
0.00112069 0.000433594

0.00112383 0.000425099
0.00112501 0.000421875

0.00112069 0.000433594
0.00111848 0.000439453

0.00111797 0.000440723
0.00111846 0.000439453

0.00111211 0.0004558
0.00111162 0.000457031

0.00111623 0.000445312
0.00111394 0.000451172

0.00111211 0.000455794
0.00111394 0.000451172

0.00111162 0.000457031
0.00110926 0.000462891

0.00110926 0.000462891
0.00110686 0.00046875

0.00110625 0.000470168
0.00110684 0.00046875

0.00105937 0.000569223
0.00105669 0.000574219

0.00105351 0.000580078
0.00105028 0.000585937

0.00105352 0.000580063
0.00105669 0.000574219

0.00104766 0.00059063
0.001047 0.000591797

0.001047 0.000591797
0.00104368 0.000597656

0.0010418 0.000600946
0.00104032 0.000603516

0.00104032 0.000603516
0.00103691 0.000609375

0.0010418 0.00060094
0.00104368 0.000597656

0.00104766 0.000590625
0.00105028 0.000585937

0.00102422 0.000630542
0.00102283 0.000632812

0.00103008 0.000620909
0.00102997 0.000621094

0.00103594 0.000611037
0.00103346 0.000615234

0.00103008 0.000620899
0.00103346 0.000615234

0.00102996 0.000621094
0.00102642 0.000626953

0.00102422 0.000630538
0.00102642 0.000626953

0.00101836 0.000639995
0.00101551 0.000644531

0.00102283 0.000632812
0.00101919 0.000638672

0.00101836 0.000639967
0.00101917 0.000638672

0.0010125 0.000649245
0.0010155 0.000644531

0.00103594 0.000611005
0.0010369 0.000609375

0.00106294 0.0005625
0.00105984 0.000568359

0.00105937 0.000569197
0.00105982 0.000568359

0.000455859 0.00111302
0.000455211 0.00111328

0.000455859 0.00111308
0.000461719 0.00111067

0.00045 0.00111546
0.000455387 0.00111328

0.000461719 0.00111068
0.000467578 0.00110824

0.000473437 0.00110574
0.000469469 0.00110742

0.000467578 0.00110825
0.000469529 0.00110742

0.000485156 0.00110064
0.000483042 0.00110156

0.000485156 0.00110068
0.000491016 0.00109809

0.000496875 0.00109539
0.000496172 0.0010957

0.000491016 0.0010981
0.000496352 0.0010957

0.000473438 0.00110575
0.000479297 0.00110324

0.000479297 0.00110326
0.000483183 0.00110156

0.000537891 0.00107596
0.000533518 0.00107812

0.000537891 0.00107597
0.00054375 0.00107302

0.000496875 0.00109545
0.000502734 0.00109279

0.000502734 0.00109279
0.000508594 0.00109009

0.000514453 0.00108734
0.000509098 0.00108984

0.000514453 0.00108734
0.000520312 0.00108456

0.000508594 0.00109009
0.000509126 0.00108984

0.000526172 0.00108173
0.000521487 0.00108398

0.000520313 0.00108457
0.000521533 0.00108398

0.000526172 0.00108173
0.000532031 0.00107887

0.000532031 0.00107889
0.000533577 0.00107812

0.000619922 0.00103084
0.00061923 0.00103125

0.000619922 0.00103093
0.000625781 0.00102739

0.000631641 0.00102375
0.000628969 0.00102539

0.000625781 0.00102743
0.000629118 0.00102539

0.000631641 0.0010238
0.0006375 0.00102016

0.000549609 0.00107003
0.000545219 0.00107227

0.00054375 0.00107305
0.000545283 0.00107227

0.000549609 0.00107004
0.000555469 0.00106701

0.000561328 0.00106394
0.000556615 0.00106641

0.000561328 0.00106395
0.000567187 0.00106084

0.000555469 0.00106703
0.000556669 0.00106641

0.000578906 0.00105441
0.000578397 0.00105469

0.000578906 0.00105449
0.000584766 0.00105126

0.000590625 0.00104791
0.000588985 0.00104883

0.000584766 0.00105129
0.000589163 0.00104883

0.000573047 0.00105768
0.00056772 0.00106055

0.000567188 0.00106085
0.000567753 0.00106055

0.000573047 0.0010577
0.000578569 0.00105469

0.000602344 0.00104126
0.000599368 0.00104297

0.000590625 0.00104798
0.000596484 0.00104466

0.000596484 0.0010447
0.000599497 0.00104297

0.000602344 0.0010413
0.000608203 0.00103789

0.000614062 0.00103443
0.000609508 0.00103711

0.000608203 0.00103791
0.000609564 0.00103711

0.000614063 0.00103445
0.000619416 0.00103125

0.000754688 0.000936718
0.000753708 0.0009375

0.000754687 0.000936792
0.000760547 0.000932038

0.000766406 0.000927225
0.00076103 0.000931641

0.000760547 0.000932052
0.000761052 0.000931641

0.000772266 0.00092234
0.000768123 0.000925781

0.000778125 0.000917398
0.000775091 0.000919922

0.000772266 0.000922361
0.00077521 0.000919922

0.000766406 0.000927252
0.000768197 0.000925781

0.000813281 0.000886384
0.000808618 0.000890625

0.000825 0.00087548
0.000821319 0.000878906

0.000819141 0.000880981
0.000815001 0.000884766

0.000813281 0.000886405
0.000815069 0.000884766

0.000819141 0.00088099
0.000821384 0.000878906

0.000783984 0.000912365
0.000781989 0.000914062

0.000789844 0.000907284
0.000788782 0.000908203

0.000783984 0.000912419
0.000788858 0.000908203

0.000795703 0.000902156
0.00079549 0.000902344

0.000795703 0.000902201
0.000801563 0.000896997

0.000789844 0.00090734
0.000795543 0.000902344

0.000778125 0.000917421
0.000782091 0.000914062

0.000807422 0.000891726
0.000802132 0.000896484

0.000801562 0.000897013
0.000802154 0.000896484

0.000807422 0.00089175
0.000808665 0.000890625

0.000660937 0.00100513
0.000656836 0.00100781

0.000643359 0.00101648
0.000638501 0.00101953

0.000649219 0.00101267
0.000647634 0.00101367

0.000643359 0.00101652
0.000647827 0.00101367

0.0006375 0.00102018
0.00063855 0.00101953

0.000649219 0.00101275
0.000655078 0.00100897

0.000655078 0.001009
0.000656914 0.00100781

0.000666797 0.00100118
0.000665602 0.00100195

0.000660938 0.00100517
0.000665802 0.00100195

0.000666797 0.00100127
0.000672656 0.000997341

0.000678516 0.000993354
0.000674477 0.000996094

0.000684375 0.000989258
0.000682923 0.000990234

0.000678516 0.000993399
0.000683117 0.000990234

0.000672656 0.000997366
0.000674561 0.000996094

0.000696094 0.000981123
0.00069148 0.000984375

0.000707812 0.000972635
0.000707782 0.000972656

0.000701953 0.00097689
0.000699649 0.000978516

0.000696094 0.000981172
0.000699814 0.000978516

0.000701953 0.000976947
0.000707812 0.000972706

0.000725391 0.0009596
0.000723586 0.000960937

0.000725391 0.000959666
0.00073125 0.000955205

0.000713672 0.000968412
0.000707878 0.000972656

0.000719531 0.000964048
0.000715824 0.000966797

0.000713672 0.000968433
0.000715932 0.000966797

0.000707812 0.000972709
0.000707886 0.000972656

0.000719531 0.000964101
0.000723741 0.000960937

0.000684375 0.000989339
0.000690234 0.000985258

0.000690234 0.000985272
0.000691544 0.000984375

0.000742969 0.000946102
0.000738974 0.000949219

0.000737109 0.000950689
0.000731414 0.000955078

0.00073125 0.000955211
0.000731424 0.000955078

0.000737109 0.000950712
0.00073906 0.000949219

0.000748828 0.000941451
0.000746381 0.000943359

0.000742969 0.000946141
0.000746512 0.000943359

0.000748828 0.000941501
0.000753823 0.0009375

0.000860156 0.00084094
0.000857406 0.00084375

0.000871875 0.000828777
0.000868788 0.000832031

0.000866016 0.000834902
0.000863135 0.000837891

0.000860156 0.000840958
0.000863135 0.000837891

0.000866016 0.000834917
0.000868778 0.000832031

0.000901172 0.000796807
0.000901112 0.000796875

0.000907031 0.000790125
0.000906258 0.000791016

0.000901172 0.000796814
0.000906262 0.000791016

0.000912891 0.000783339
0.000911341 0.000785156

0.00091875 0.000776439
0.000916366 0.000779297

0.000912891 0.000783353
0.000916338 0.000779297

0.000907031 0.000790129
0.000911339 0.000785156

0.000883594 0.00081625
0.000879873 0.000820312

0.000895312 0.000803394
0.000890625 0.000808594

0.000889453 0.000809872
0.000885282 0.000814453

0.000883594 0.000816267
0.00088526 0.000814453

0.000889453 0.00080987
0.000890611 0.000808594

0.000877734 0.000822561
0.000874367 0.000826172

0.000871875 0.000828789
0.000874345 0.000826172

0.000877734 0.000822573
0.000879838 0.000820312

0.000901119 0.000796875
0.000895906 0.000802734

0.000895312 0.000803387
0.000895897 0.000802734

0.000836719 0.000864269
0.000833684 0.000867187

0.000848438 0.000852762
0.000845708 0.000855469

0.000842578 0.000858554
0.000839737 0.000861328

0.000836719 0.000864298
0.000839781 0.000861328

0.000842578 0.000858582
0.000845741 0.000855469

0.000830859 0.00086991
0.000827545 0.000873047

0.000825 0.000875502
0.000827605 0.000873047

0.000830859 0.000869937
0.000833737 0.000867187

0.000854297 0.000846892
0.000851597 0.000849609

0.000848437 0.000852788
0.000851619 0.000849609

0.000854297 0.000846914
0.000857416 0.00084375

0.000924609 0.000769458
0.000921303 0.000773437

0.000930469 0.000762358
0.000926175 0.000767578

0.000924609 0.000769453
0.000926152 0.000767578

0.000936328 0.000755143
0.000935755 0.000755859

0.000935752 0.000755859
0.000930994 0.000761719

0.000936328 0.00075514
0.000940448 0.00075

0.000930469 0.000762348
0.000930982 0.000761719

0.00091875 0.000776475
0.000921266 0.000773437

0.00121141 0
0.0012114 5.85937e-06

0.0012114 5.85938e-06
0.00121134 1.17187e-05

0.00121134 1.17187e-05
0.00121126 1.75781e-05

0.00121126 1.75781e-05
0.00121114 2.34375e-05

0.00121114 2.34375e-05
0.00121099 2.92969e-05

0.00121099 2.92969e-05
0.0012108 3.51562e-05

0.0012108 3.51562e-05
0.00121058 4.10156e-05

0.00121058 4.10156e-05
0.00121032 4.6875e-05

0.00121032 4.6875e-05
0.00121003 5.27344e-05

0.00121003 5.27344e-05
0.0012097 5.85937e-05

0.0012097 5.85937e-05
0.00120934 6.44531e-05

0.00120934 6.44531e-05
0.00120894 7.03125e-05

0.00120894 7.03125e-05
0.0012085 7.61719e-05

0.0012085 7.61719e-05
0.00120803 8.20312e-05

0.00120803 8.20312e-05
0.00120752 8.78906e-05

0.00120752 8.78906e-05
0.00120697 9.375e-05

0.00120586 0.000104403
0.00120574 0.000105469

0.00120697 9.375e-05
0.00120638 9.96094e-05

0.00120586 0.000104424
0.00120638 9.96094e-05

0.00120575 0.000105469
0.00120508 0.000111328

0.00120508 0.000111328
0.00120437 0.000117187

0.00120437 0.000117187
0.00120362 0.000123047

0.00120362 0.000123047
0.00120283 0.000128906

0.00120283 0.000128906
0.001202 0.000134766

0.001202 0.000134766
0.00120112 0.000140625

0.00120112 0.000140625
0.00120021 0.000146484

0.0012 0.000147831
0.00120022 0.000146484

