0 0
1 117.628
2 158.102
3 184.061
4 236.427
5 240.294
6 188.698
7 144.811
8 128.659
9 125.689
10 125.139
11 124.889
12 124.936
13 125.45
14 125.835
15 126.202
16 126.173
17 126.419
18 126.654
19 126.958
20 127.481
21 128.477
22 129.201
23 129.753
24 129.583
25 130.445
26 130.594
27 130.319
28 131.404
29 130.306
30 131.94
31 131.24
32 131.946
33 134.398
34 131.689
35 136.151
36 131.695
37 143.339
38 133.677
39 145.972
40 142.674
41 145.787
42 157.285
43 149.15
44 170.245
45 148.491
46 195.317
47 151.361
48 200.303
49 150.455
50 231.189
51 153.666
52 223.19
53 152.495
54 255.454
55 155.254
56 239.359
57 154.365
58 267.438
59 156.439
60 249.457
61 155.516
62 271.5
63 157.915
64 256.653
65 157.015
66 269.316
67 161.316
68 260.162
69 162.421
70 265.688
71 176.43
72 264.909
73 179.396
74 256.291
75 214.01
76 256.237
77 191.346
78 239.13
79 235.075
80 238
81 191.548
82 220.932
83 234.79
84 221.991
85 203.716
86 204.796
87 242.825
88 206.844
89 207.487
90 192.768
91 246.016
92 195.417
93 213.9
94 182.907
95 250.889
96 185.917
97 218.056
98 175.368
99 254.153
100 178.605
101 222.715
102 169.345
103 257.272
104 172.459
105 227.052
106 164.409
107 260.031
108 167.347
109 231.358
110 160.376
111 262.887
112 163.334
113 235.64
114 157.35
115 265.701
116 160.137
117 239.953
118 155.245
119 268.358
120 157.977
121 243.783
122 153.659
123 270.321
124 156.48
125 247.041
126 153.288
127 271.99
128 156.021
129 250.486
130 153.98
131 273.718
132 157.061
133 253.589
134 156.189
135 274.368
136 160.356
137 257.006
138 161.069
139 270.395
140 171.195
141 259.481
142 172.714
143 260.332
144 207.052
145 269.979
146 199.266
147 253.746
148 244.923
149 253.211
150 183.97
151 237.013
152 229.484
153 239.825
154 208.156
155 218.472
156 246.686
157 221.959
158 203.509
159 204.544
160 243.915
161 207.625
162 215.366
163 190.621
164 251.976
165 194.247
166 217.893
167 179.868
168 253.808
169 182.697
170 225.435
171 169.868
172 258.613
173 172.604
174 230.56
175 162.023
176 261.76
177 164.501
178 237.235
179 156.073
180 265.587
181 158.392
182 242.597
183 152.416
184 268.207
185 155.2
186 248.866
187 151.909
188 271.019
189 155.472
190 254.851
191 154.802
192 273.464
193 160.697
194 261.186
195 163.02
196 274.025
197 174.628
198 262.3
199 177.305
200 262.067
201 215.197
202 274.154
203 182.733
204 233.375
205 219.055
206 245.636
207 207.932
208 220.805
209 248.02
210 225.447
211 207.335
212 206.367
213 248.345
214 208.697
215 224.646
216 188.04
217 258.836
218 190.251
219 229.163
220 173.192
221 261.152
222 174.172
223 239.371
224 160.847
225 266.852
226 161.728
227 245.739
228 153.399
229 270.014
230 155.463
231 254.619
232 152.051
233 274.116
234 156.804
235 262.303
236 158.016
237 276.569
238 168.079
239 271.428
240 169.726
241 268.397
242 198.043
243 280.041
244 175.382
245 239.009
246 209.103
247 255.747
248 187.889
249 218.919
250 225.421
251 228.867
252 208.947
253 200.473
254 247.764
255 205.13
256 227.095
257 185.276
258 264.432
259 187.789
260 231.053
261 170.414
262 264.561
263 170.586
264 247.798
265 157.355
266 273.188
267 158.525
268 254.373
269 152.092
270 275.564
271 155.757
272 266.624
273 156.416
274 280.232
275 165.249
276 275.113
277 168
278 274.944
279 191.969
280 283.352
281 173.201
282 243.967
283 205.167
284 261.542
285 179.272
286 216.435
287 213.58
288 227.35
289 202.595
290 199.436
291 241.095
292 203.426
293 225.303
294 176.3
295 259.701
296 177.203
297 244.432
298 161.106
299 274.456
300 161.391
301 253.425
302 152.401
303 277.275
304 155.646
305 271.408
306 156.636
307 284.58
308 166.309
309 281.331
310 169.514
311 277.79
312 199.217
313 294.947
314 163.912
315 233.702
316 191.565
317 255.862
318 179.74
319 220.851
320 217.945
321 232.443
322 193.138
323 192.815
324 231.213
325 197.641
326 226.661
327 175.674
328 263.82
329 176.41
330 248.906
331 160.206
332 279.874
333 160.515
334 260.54
335 152.26
336 283.555
337 156.761
338 280.807
339 159.9
340 290.033
341 172.907
342 292.294
343 172.659
344 273.909
345 204.416
346 296.412
347 162.222
348 222.069
349 184.693
350 243.83
351 188.679
352 218.798
353 210.024
354 222.399
355 193.429
356 195.193
357 207.386
358 192.179
359 190.594
360 175.037
361 197.428
362 169.911
363 183.949
364 159.52
365 191.039
366 155.641
367 182.716
368 148.962
369 190.911
370 146.176
371 186.34
372 141.801
373 195.071
374 140.24
375 187.405
376 137.846
377 197.075
378 137.764
379 189.669
380 136.323
381 198.647
382 137.33
383 190.533
384 136.938
385 199.135
386 139.375
387 191.152
388 138.183
389 193.33
390 144.103
391 191.357
392 138.729
393 180.256
394 147.063
395 183.938
396 141.941
397 172.343
398 153.354
399 173.159
400 150.15
401 165.495
402 165.443
403 163.764
404 160.055
405 156.341
406 175.131
407 153.015
408 161.448
409 145.554
410 169.564
411 141.564
412 162.752
413 136.845
414 168.876
415 135.088
416 164.162
417 132.694
418 169.266
419 133.273
420 164.795
421 132.55
422 169.003
423 135.443
424 165.167
425 136.314
426 165.575
427 141.074
428 158.576
429 139.531
430 153.994
431 147.539
432 151.227
433 144
434 144.132
435 152.285
436 141.136
437 151.731
438 137.551
439 160.463
440 135.086
441 154.61
442 133.212
443 164.177
444 132.334
445 160.133
446 131.125
447 168.099
448 132.211
449 163.525
450 132.27
451 170.001
452 134.733
453 162.414
454 133.771
455 162.884
456 137.607
457 157.931
458 136.959
459 155.259
460 145.016
461 153.467
462 142.746
463 147.116
464 153.34
465 145.827
466 154.423
467 141.759
468 166.861
469 139.95
470 158.541
471 137.282
472 171.654
473 135.955
474 164.35
475 133.694
476 174.354
477 133.429
478 166.736
479 131.723
480 172.067
481 132.017
482 162.863
483 130.727
484 162.247
485 132.495
486 156.758
487 132.16
488 154.071
489 135.36
490 148.32
491 134.098
492 143.632
493 137.985
494 139.241
495 136.697
496 135.838
497 140.736
498 132.535
499 139.129
500 129.983
501 142.44
502 128.454
503 140.45
504 127.364
505 143.145
506 127.78
507 141.327
508 128.134
509 142.298
510 129.945
511 136.92
512 130.342
513 136.133
514 134.013
515 133.064
516 134.822
517 130.892
518 139.149
519 128.665
520 136.708
521 127.588
522 140.56
523 126.547
524 136.496
525 125.62
526 137.018
527 126.011
528 135.557
529 126.256
530 134.256
531 127.488
532 131.206
533 127.565
534 129.502
535 129.595
536 127.417
537 129.541
538 125.914
539 131.729
540 124.621
541 130.586
542 123.906
543 132.976
544 123.736
545 131.926
546 123.759
547 132.394
548 124.623
549 129.867
550 124.184
551 127.097
552 124.566
553 124.641
554 123.747
555 123.182
556 123.997
557 122.007
558 123.39
559 121.524
560 123.553
561 121.178
562 122.854
563 120.983
564 122.441
565 121.197
566 121.368
567 120.937
568 120.602
569 120.88
570 119.863
571 120.107
572 119.325
573 119.641
574 119.073
575 118.904
576 118.497
577 118.096
578 117.884
579 117.351
580 117.174
581 116.948
582 116.862
583 116.501
584 116.154
585 115.936
586 115.702
587 115.463
588 115.267
589 114.973
590 114.682
591 114.293
592 113.837
593 113.464
594 113.11
595 112.784
596 112.443
597 112.228
598 111.873
599 111.533
600 111.185
601 110.865
602 110.466
603 110.184
604 109.932
605 109.747
606 109.593
607 109.419
608 109.333
609 109.298
610 108.798
611 108.413
612 108.057
613 107.801
614 107.14
615 106.814
616 106.496
617 106.199
618 105.974
619 105.835
620 105.674
621 105.027
622 104.617
623 104.259
624 103.927
625 103.598
626 103.264
627 102.812
628 102.128
629 101.92
630 101.578
631 101.208
632 100.985
633 100.601
634 100.472
635 100.378
636 100.1
637 99.6039
638 99.2952
639 98.9954
640 98.844
641 98.6798
642 98.5392
643 98.3786
644 98.0685
645 97.813
646 97.6084
647 97.367
648 97.1462
649 96.9354
650 96.7629
651 96.5586
652 96.3048
653 96.0551
654 95.8154
655 95.7005
656 95.5509
657 95.4203
658 95.3444
659 95.3025
660 95.2425
661 95.1125
662 95.0287
663 94.9387
664 94.7936
665 94.7134
666 94.6874
667 94.5827
668 94.54
669 94.4278
670 94.3594
671 94.2714
672 94.1584
673 94.0619
674 93.9692
675 93.9632
676 94.2084
677 94.2028
678 94.155
679 94.0694
680 94.0051
681 93.8648
682 93.7712
683 93.7261
684 93.7479
685 93.7162
686 93.5917
687 93.3747
688 93.4746
689 93.3101
690 93.1344
691 93.0134
692 92.9793
693 92.8149
694 92.803
695 92.6754
696 92.5275
697 92.3931
698 92.3957
699 92.3228
700 92.2712
701 92.1369
702 92.0582
703 91.9242
704 91.8678
705 91.7098
706 91.7001
707 91.6754
708 91.5912
709 91.4769
710 91.3936
711 91.3653
712 91.4418
713 91.4306
714 91.339
715 91.3256
716 91.2263
717 91.2162
718 91.1442
719 91.0369
720 90.9391
721 90.8469
722 90.8575
723 90.8222
724 90.8301
725 90.8329
726 90.7282
727 90.697
728 90.6647
729 90.62
730 90.55
731 90.4692
732 90.4236
733 90.1643
734 89.9726
735 89.7939
736 89.7581
737 89.6008
738 89.4604
739 89.4282
740 89.4994
741 89.4948
742 89.4464
743 89.3258
744 89.2072
745 89.0787
746 88.9598
747 88.8479
748 88.7372
749 88.6739
750 88.6358
751 88.6073
752 88.4452
753 88.3578
754 88.2934
755 88.249
756 88.2091
757 88.1122
758 88.113
759 88.0438
760 87.988
761 87.8699
762 87.8933
763 87.8578
764 87.8243
765 87.8157
766 87.7545
767 87.7169
768 87.6073
769 87.5159
770 87.4432
771 87.393
772 87.2968
773 87.2319
774 87.2255
775 87.1776
776 87.1273
777 87.0692
778 86.9927
779 86.9891
780 86.9142
781 86.8637
782 86.8177
783 86.7669
784 86.7296
785 86.7109
786 86.5873
787 86.5317
788 86.4742
789 86.4165
790 86.3765
791 86.332
792 86.2196
793 86.0624
794 86.0781
795 86.0385
796 86.0023
797 85.9932
798 85.9809
799 85.9028
800 85.8533
801 85.7997
802 85.8789
803 85.8166
804 85.6339
805 85.4881
806 85.433
807 85.3781
808 85.3114
809 85.2485
810 85.197
811 85.087
812 85.1461
813 85.1413
814 85.085
815 85.0827
816 85.0166
817 84.904
818 84.7496
819 84.6749
820 84.6688
821 84.6741
822 84.6337
823 84.719
824 84.6851
825 84.5573
826 84.6696
827 84.6312
828 84.6338
829 84.4412
830 84.51
831 84.474
832 84.4038
833 84.4864
834 84.4561
835 84.3716
836 84.3769
837 84.3974
838 84.3728
839 84.2879
840 84.2029
841 84.1628
842 84.246
843 84.2409
844 84.3
845 84.2498
846 84.217
847 84.1738
848 84.2
849 84.2047
850 84.1436
851 84.1718
852 84.2161
853 84.1783
854 84.1322
855 84.1893
856 84.1357
857 84.0963
858 84.077
859 84.0483
860 84.0097
861 84
862 84.0062
863 84.0181
864 83.9249
865 83.9099
866 83.92
867 83.8903
868 83.897
869 83.909
870 83.8542
871 83.8626
872 83.8147
873 83.7705
874 83.7917
875 83.7636
876 83.7505
877 83.722
878 83.6621
879 83.5672
880 83.536
881 83.5332
882 83.5149
883 83.4416
884 83.4307
885 83.3569
886 83.2721
887 83.2702
888 83.2609
889 83.33
890 83.3027
891 83.2429
892 83.1973
893 83.1298
894 83.0531
895 83.0297
896 83.029
897 82.9564
898 82.935
899 82.9299
900 82.9027
901 82.9195
902 82.8874
903 82.8358
904 82.7991
905 82.8148
906 82.8302
907 82.8021
908 82.813
909 82.8679
910 82.8712
911 82.8468
912 82.8543
913 82.866
914 82.8715
915 83.0167
916 83.0391
917 83.0455
918 83.0009
919 83.0207
920 82.9638
921 82.9946
922 82.9034
923 82.8928
924 82.8995
925 82.8883
926 82.8555
927 82.8015
928 82.7637
929 82.7539
930 82.7413
931 82.7616
932 82.7385
933 82.7579
934 82.7356
935 82.7098
936 82.7235
937 82.6988
938 82.6159
939 82.5839
940 82.5791
941 82.5437
942 82.5925
943 82.5705
944 82.6307
945 82.6396
946 82.6412
947 82.6197
948 82.6246
949 82.5676
950 82.5749
951 82.5533
952 82.5267
953 82.4959
954 82.5342
955 82.5563
956 82.5764
957 82.6028
958 82.5817
959 82.5644
960 82.5768
961 82.5563
962 82.5356
963 82.5137
964 82.4931
965 82.4728
966 82.5075
967 82.4979
968 82.4963
969 82.4741
970 82.4935
971 82.5177
972 82.5526
973 82.541
974 82.4882
975 82.4725
976 82.4553
977 82.4325
978 82.4106
979 82.3825
980 82.3613
981 82.3452
982 82.3417
983 82.3337
984 82.2766
985 82.2612
986 82.2773
987 82.2754
988 82.2249
989 82.2289
990 82.2072
991 82.1883
992 82.1543
993 82.1042
994 82.1225
995 82.1037
996 82.1035
997 82.0845
998 82.1375
999 82.1205
1000 82.1333
1001 82.1343
1002 82.1395
1003 82.1288
1004 82.1695
1005 82.1465
1006 82.1041
1007 82.086
1008 82.0874
1009 82.065
1010 82.0497
1011 82.0325
1012 82.0217
1013 82.0889
1014 82.1154
1015 82.103
1016 82.085
1017 82.032
1018 82.0108
1019 82.0374
1020 82.0176
1021 82.0841
1022 82.0668
1023 82.0728
1024 82.1097
1025 82.0617
1026 81.9759
1027 81.8953
1028 81.8463
1029 81.7928
1030 81.746
1031 81.7017
1032 81.7429
1033 81.7255
1034 81.6819
1035 81.6671
1036 81.676
1037 81.6708
1038 81.6532
1039 81.6637
1040 81.6219
1041 81.6239
1042 81.6204
1043 81.6417
1044 81.6254
1045 81.6586
1046 81.6958
1047 81.6809
1048 81.6767
1049 81.6952
1050 81.7747
1051 81.8165
1052 81.8177
1053 81.7945
1054 81.7536
1055 81.6871
1056 81.7475
1057 81.7968
1058 81.738
1059 81.7226
1060 81.7627
1061 81.7431
1062 81.671
1063 81.7123
1064 81.6969
1065 81.6526
1066 81.6638
1067 81.668
1068 81.6225
1069 81.5994
1070 81.6644
1071 81.6169
1072 81.653
1073 81.6363
1074 81.6242
1075 81.658
1076 81.6005
1077 81.5656
1078 81.5446
1079 81.5698
1080 81.5013
1081 81.448
1082 81.4573
1083 81.4369
1084 81.4423
1085 81.4658
1086 81.4509
1087 81.4533
1088 81.4385
1089 81.5194
1090 81.4995
1091 81.51
1092 81.4906
1093 81.5013
1094 81.4866
1095 81.4646
1096 81.4696
1097 81.4271
1098 81.4909
1099 81.5001
1100 81.5375
1101 81.5299
1102 81.4955
1103 81.4811
1104 81.4577
1105 81.3916
1106 81.3932
1107 81.3791
1108 81.3634
1109 81.3856
1110 81.4064
1111 81.3912
1112 81.3733
1113 81.3547
1114 81.3723
1115 81.3584
1116 81.3575
1117 81.3782
1118 81.4203
1119 81.406
1120 81.3643
1121 81.4038
1122 81.4742
1123 81.5038
1124 81.4899
1125 81.4995
1126 81.4531
1127 81.4585
1128 81.5244
1129 81.5197
1130 81.4252
1131 81.4116
1132 81.4148
1133 81.4431
1134 81.4293
1135 81.4157
1136 81.4022
1137 81.3965
1138 81.3514
1139 81.3214
1140 81.3632
1141 81.3497
1142 81.3358
1143 81.3731
1144 81.3238
1145 81.3569
1146 81.3559
1147 81.4002
1148 81.3533
1149 81.4105
1150 81.4207
1151 81.4076
1152 81.3941
1153 81.3894
1154 81.3893
1155 81.4045
1156 81.3918
1157 81.3793
1158 81.4166
1159 81.3645
1160 81.3796
1161 81.4036
1162 81.3915
1163 81.3783
1164 81.3264
1165 81.3466
1166 81.3338
1167 81.348
1168 81.3348
1169 81.3212
1170 81.3846
1171 81.368
1172 81.3845
1173 81.4174
1174 81.4629
1175 81.4463
1176 81.3756
1177 81.3899
1178 81.3637
1179 81.3871
1180 81.3742
1181 81.3616
1182 81.3535
1183 81.3615
1184 81.3463
1185 81.3662
1186 81.3471
1187 81.3948
1188 81.382
1189 81.364
1190 81.377
1191 81.4081
1192 81.3955
1193 81.3485
1194 81.3361
1195 81.3691
1196 81.3567
1197 81.4088
1198 81.3845
1199 81.4079
1200 81.3956
1201 81.3816
1202 81.3427
1203 81.3305
1204 81.3476
1205 81.3334
1206 81.3222
1207 81.3095
1208 81.2974
1209 81.2955
1210 81.2834
1211 81.2637
1212 81.2213
1213 81.2095
1214 81.1588
1215 81.1471
1216 81.1354
1217 81.1403
1218 81.1645
1219 81.186
1220 81.1898
1221 81.2483
1222 81.236
1223 81.2087
1224 81.2124
1225 81.2054
1226 81.1733
1227 81.1748
1228 81.189
1229 81.1766
1230 81.1054
1231 81.0372
1232 80.9968
1233 80.9855
1234 80.973
1235 80.9828
1236 80.9729
1237 80.961
1238 80.919
1239 80.9068
1240 80.9201
1241 80.9007
1242 80.9501
1243 80.9394
1244 80.9399
1245 80.9731
1246 80.9634
1247 81.0051
1248 81.0548
1249 81.0086
1250 80.9735
1251 80.9947
1252 80.981
1253 80.9954
1254 80.9843
1255 80.9899
1256 80.9324
1257 80.8569
1258 80.8393
1259 80.8299
1260 80.807
1261 80.8134
1262 80.821
1263 80.8102
1264 80.7965
1265 80.805
1266 80.8386
1267 80.8542
1268 80.9568
1269 80.9636
1270 80.9753
1271 80.9556
1272 80.9516
1273 80.9371
1274 80.9227
1275 80.9121
1276 80.8896
1277 80.8948
1278 80.884
1279 80.868
1280 80.8574
1281 80.8504
1282 80.8356
1283 80.8817
1284 80.8523
1285 80.8092
1286 80.7974
1287 80.8053
1288 80.7627
1289 80.7905
1290 80.7988
1291 80.8598
1292 80.9176
1293 80.9836
1294 80.9714
1295 80.9838
1296 80.9668
1297 80.9579
1298 80.9517
1299 80.9665
1300 80.9667
1301 80.9581
1302 80.9376
1303 80.9652
1304 80.9806
1305 80.9736
1306 80.9229
1307 80.9143
1308 80.9173
1309 80.8709
1310 80.8606
1311 80.8496
1312 80.8393
1313 80.8765
1314 80.9131
1315 80.8936
1316 80.939
1317 80.9355
1318 80.9253
1319 80.8856
1320 80.8754
1321 80.8654
1322 80.9111
1323 80.8397
1324 80.8296
1325 80.8197
1326 80.8817
1327 80.8787
1328 80.8686
1329 80.8808
1330 80.8688
1331 80.9355
1332 80.9708
1333 81.015
1334 81.0186
1335 81.0712
1336 81.0454
1337 81.0296
1338 81.0391
1339 81.0294
1340 81.0194
1341 81.0096
1342 80.9556
1343 80.9457
1344 80.9641
1345 80.9508
1346 80.9606
1347 81.0054
1348 81.0121
1349 81.0023
1350 81.0123
1351 81.0025
1352 80.9606
1353 80.9511
1354 80.9414
1355 80.9315
1356 80.984
1357 80.9743
1358 81.0152
1359 81.0077
1360 81.0504
1361 81.0576
1362 81.0639
1363 81.0543
1364 81.0413
1365 80.9516
1366 80.9418
1367 80.9256
1368 80.9161
1369 80.903
1370 80.921
1371 80.9078
1372 80.8978
1373 80.8933
1374 80.8826
1375 80.9038
1376 80.9021
1377 80.8889
1378 80.8791
1379 80.8709
1380 80.859
1381 80.9311
1382 80.9719
1383 81.012
1384 80.9986
1385 81.0092
1386 81.02
1387 81.0672
1388 81.0048
1389 80.9138
1390 80.9065
1391 80.9332
1392 80.9238
1393 80.9147
1394 80.9053
1395 80.931
1396 80.9057
1397 80.9267
1398 80.937
1399 80.93
1400 81.0276
1401 81.0071
1402 80.998
1403 80.9887
1404 80.9895
1405 80.9717
1406 81.0134
1407 80.9798
1408 80.9642
1409 80.9549
1410 80.9459
1411 80.886
1412 80.8992
1413 80.9045
1414 80.9104
1415 80.9016
1416 80.9722
1417 80.9851
1418 81.0336
1419 81.0478
1420 81.0388
1421 81.0685
1422 81.0595
1423 81.0509
1424 81.0934
1425 81.0598
1426 81.0911
1427 81.0825
1428 81.088
1429 81.1049
1430 81.0961
1431 81.0512
1432 81.0424
1433 81.0552
1434 80.9949
1435 80.9859
1436 80.9781
1437 80.9717
1438 81.0316
1439 81.0316
1440 81.0311
1441 81.0216
1442 81.0205
1443 81.0347
1444 81.0466
1445 81.0056
1446 81.0261
1447 81.0449
1448 80.9992
1449 81.0185
1450 80.9753
1451 81.0177
1452 81.0357
1453 81.0021
1454 80.9904
1455 80.981
1456 80.9471
1457 80.9681
1458 80.96
1459 80.9502
1460 80.9666
1461 80.9583
1462 80.9541
1463 80.944
1464 80.9906
1465 81.001
1466 81.0381
1467 81.029
1468 81.0156
1469 81.0068
1470 81.0296
1471 81.0665
1472 81.0739
1473 81.0675
1474 81.056
1475 81.0472
1476 81.0389
1477 81.0315
1478 81.0229
1479 81.0143
1480 80.9971
1481 80.989
1482 81.0552
1483 81.0455
1484 81.0544
1485 81.0623
1486 81.0641
1487 81.0785
1488 81.1459
1489 81.1372
1490 81.0869
1491 81.0787
1492 81.0713
1493 81.0371
1494 81.0313
1495 81.0233
1496 81.0152
1497 81.0083
1498 80.9957
1499 80.9878
1500 80.9797
1501 80.974
1502 80.9707
1503 80.958
1504 80.95
1505 80.9421
1506 80.9341
1507 80.9581
1508 80.95
1509 80.9328
1510 80.9196
1511 80.9118
1512 80.9028
1513 80.9164
1514 80.9036
1515 80.8959
1516 80.888
1517 80.9107
1518 80.9029
1519 81.0163
1520 81.0084
1521 80.9973
1522 81.0203
1523 81.0296
1524 81.0383
1525 81.0351
1526 81.07
1527 81.0638
1528 81.056
1529 81.0661
1530 81.0582
1531 81.0624
1532 81.1042
1533 81.0962
1534 81.0877
1535 81.0797
1536 81.0858
1537 81.151
1538 81.1961
1539 81.1258
1540 81.1575
1541 81.2314
1542 81.2236
1543 81.2159
1544 81.22
1545 81.2116
1546 81.2037
1547 81.292
1548 81.3296
1549 81.3288
1550 81.3268
1551 81.3174
1552 81.2837
1553 81.269
1554 81.2612
1555 81.2554
1556 81.2115
1557 81.2097
1558 81.1994
1559 81.1893
1560 81.1816
1561 81.1957
1562 81.1874
1563 81.1784
1564 81.1679
1565 81.1601
1566 81.1626
1567 81.1552
1568 81.1759
1569 81.1976
1570 81.1895
1571 81.1974
1572 81.2455
1573 81.2141
1574 81.2063
1575 81.1978
1576 81.1878
1577 81.2052
1578 81.1978
1579 81.1859
1580 81.2283
1581 81.2298
1582 81.2222
1583 81.1879
1584 81.1852
1585 81.2022
1586 81.278
1587 81.2429
1588 81.1946
1589 81.1576
1590 81.1502
1591 81.1787
1592 81.1956
1593 81.1789
1594 81.1648
1595 81.1775
1596 81.1993
1597 81.2176
1598 81.2284
1599 81.2547
1600 81.3412
1601 81.2954
1602 81.2881
1603 81.3181
1604 81.2591
1605 81.2517
1606 81.2406
1607 81.289
1608 81.2818
1609 81.2751
1610 81.27
1611 81.2576
1612 81.2506
1613 81.2421
1614 81.2349
1615 81.2278
1616 81.2441
1617 81.2295
1618 81.2561
1619 81.2478
1620 81.2914
1621 81.3359
1622 81.3501
1623 81.3406
1624 81.3591
1625 81.3709
1626 81.4182
1627 81.4368
1628 81.4287
1629 81.4217
1630 81.4139
1631 81.3976
1632 81.4349
1633 81.4643
1634 81.5357
1635 81.5939
1636 81.5514
1637 81.5443
1638 81.5454
1639 81.5733
1640 81.5841
1641 81.5497
1642 81.5817
1643 81.5985
1644 81.5921
1645 81.6103
1646 81.6162
1647 81.6098
1648 81.6013
1649 81.648
1650 81.6849
1651 81.7097
1652 81.7013
1653 81.7154
1654 81.6773
1655 81.6647
1656 81.6485
1657 81.6423
1658 81.6313
1659 81.593
1660 81.5529
1661 81.5836
1662 81.5766
1663 81.6157
1664 81.6212
1665 81.6144
1666 81.6373
1667 81.6304
1668 81.6228
1669 81.6157
1670 81.6068
1671 81.599
1672 81.5922
1673 81.5834
1674 81.5949
1675 81.5882
1676 81.5799
1677 81.6182
1678 81.6696
1679 81.7272
1680 81.7432
1681 81.7786
1682 81.8255
1683 81.8172
1684 81.7542
1685 81.832
1686 81.8098
1687 81.8075
1688 81.8027
1689 81.795
1690 81.7829
1691 81.7396
1692 81.7636
1693 81.7628
1694 81.7536
1695 81.7471
1696 81.7574
1697 81.751
1698 81.7654
1699 81.7587
1700 81.7868
1701 81.7997
1702 81.7931
1703 81.7865
1704 81.7799
1705 81.7733
1706 81.7735
1707 81.7672
1708 81.7606
1709 81.7546
1710 81.748
1711 81.743
1712 81.7085
1713 81.747
1714 81.7392
1715 81.7292
1716 81.7244
1717 81.7388
1718 81.7547
1719 81.8461
1720 81.8676
1721 81.8609
1722 81.8192
1723 81.8556
1724 81.8382
1725 81.8307
1726 81.9055
1727 81.8724
1728 81.8872
1729 81.9693
1730 81.9864
1731 81.9289
1732 81.9282
1733 82.0178
1734 81.9857
1735 81.9965
1736 81.9643
1737 81.9575
1738 81.949
1739 82.0379
1740 81.9997
1741 82.0299
1742 82.0234
1743 82.1371
1744 82.1544
1745 82.141
1746 82.1236
1747 82.1626
1748 82.1564
1749 82.1537
1750 82.1471
1751 82.151
1752 82.1659
1753 82.1749
1754 82.1906
1755 82.2043
1756 82.1979
1757 82.229
1758 82.222
1759 82.2491
1760 82.239
1761 82.233
1762 82.2689
1763 82.2627
1764 82.2563
1765 82.2341
1766 82.2726
1767 82.2665
1768 82.2811
1769 82.3427
1770 82.3569
1771 82.3506
1772 82.3161
1773 82.3444
1774 82.3753
1775 82.4246
1776 82.4807
1777 82.4292
1778 82.4197
1779 82.4298
1780 82.4192
1781 82.4138
1782 82.4058
1783 82.3993
1784 82.393
1785 82.4099
1786 82.4522
1787 82.4841
1788 82.4776
1789 82.4905
1790 82.5182
1791 82.529
1792 82.5579
1793 82.5519
1794 82.5747
1795 82.5685
1796 82.5617
1797 82.5517
1798 82.5723
1799 82.5649
1800 82.5339
1801 82.5665
1802 82.5604
1803 82.5544
1804 82.5577
1805 82.5518
1806 82.526
1807 82.5234
1808 82.5823
1809 82.5709
1810 82.5624
1811 82.5542
1812 82.5464
1813 82.5867
1814 82.6018
1815 82.6299
1816 82.6546
1817 82.6728
1818 82.6718
1819 82.6405
1820 82.6241
1821 82.6834
1822 82.6809
1823 82.654
1824 82.6443
1825 82.6824
1826 82.7036
1827 82.7001
1828 82.6995
1829 82.6955
1830 82.7497
1831 82.7821
1832 82.7702
1833 82.8235
1834 82.8676
1835 82.9179
1836 82.9733
1837 82.9309
1838 82.9242
1839 82.9162
1840 82.9105
1841 82.9034
1842 82.8959
1843 82.9309
1844 82.9474
1845 82.9226
1846 82.9183
1847 82.9017
1848 82.8792
1849 82.8899
1850 82.9001
1851 82.9193
1852 82.9003
1853 82.8579
1854 82.8583
1855 82.8818
1856 82.8796
1857 82.859
1858 82.8536
1859 82.8358
1860 82.87
1861 82.8975
1862 82.8955
1863 82.8762
1864 82.8953
1865 82.89
1866 82.9385
1867 82.9335
1868 82.8646
1869 82.8789
1870 82.8702
1871 82.8633
1872 82.8463
1873 82.83
1874 82.8242
1875 82.8098
1876 82.8449
1877 82.8402
1878 82.8292
1879 82.8362
1880 82.8284
1881 82.8517
1882 82.8626
1883 82.8546
1884 82.8504
1885 82.9236
1886 82.9463
1887 82.9372
1888 82.8491
1889 82.843
1890 82.837
1891 82.8311
1892 82.8697
1893 82.9073
1894 82.9352
1895 82.9968
1896 83.0168
1897 83.0456
1898 83.0923
1899 83.0544
1900 83.0486
1901 83.0442
1902 83.0578
1903 83.0522
1904 83.0465
1905 83.0424
1906 83.0847
1907 83.0608
1908 83.0805
1909 83.0999
1910 83.0946
1911 83.1622
1912 83.1557
1913 83.2046
1914 83.1134
1915 83.1078
1916 83.0945
1917 83.1028
1918 83.0913
1919 83.138
1920 83.1146
1921 83.1004
1922 83.1329
1923 83.173
1924 83.1513
1925 83.2247
1926 83.1931
1927 83.184
1928 83.3166
1929 83.3125
1930 83.3039
1931 83.3453
1932 83.3434
1933 83.338
1934 83.3555
1935 83.3511
1936 83.3673
1937 83.3567
1938 83.3441
1939 83.3278
1940 83.2866
1941 83.2813
1942 83.297
1943 83.2914
1944 83.2882
1945 83.3338
1946 83.3213
1947 83.3151
1948 83.3309
1949 83.3254
1950 83.32
1951 83.3441
1952 83.3372
1953 83.3613
1954 83.3916
1955 83.4379
1956 83.4026
1957 83.3575
1958 83.3526
1959 83.3184
1960 83.296
1961 83.2843
1962 83.2642
1963 83.2497
1964 83.2453
1965 83.2449
1966 83.2075
1967 83.1982
1968 83.1929
1969 83.1841
1970 83.204
1971 83.1966
1972 83.1895
1973 83.15
1974 83.1449
1975 83.1308
1976 83.1093
1977 83.1313
1978 83.1244
1979 83.1678
1980 83.1793
1981 83.1798
1982 83.1694
1983 83.1643
1984 83.1476
1985 83.133
1986 83.1242
1987 83.1186
1988 83.1502
1989 83.1802
1990 83.1646
1991 83.2101
1992 83.2008
1993 83.1971
1994 83.1876
1995 83.1887
1996 83.1962
1997 83.2541
1998 83.3435
1999 83.3819
2000 83.4071
2001 83.3344
2002 83.3269
2003 83.3658
2004 83.3827
2005 83.369
2006 83.3473
2007 83.344
2008 83.3388
2009 83.33
2010 83.3218
2011 83.3178
2012 83.3125
2013 83.3038
2014 83.3163
2015 83.4184
2016 83.4131
2017 83.4078
2018 83.4279
2019 83.4642
2020 83.4543
2021 83.4732
2022 83.4411
2023 83.4359
2024 83.4306
2025 83.4146
2026 83.408
2027 83.4542
2028 83.475
2029 83.44
2030 83.4946
2031 83.5066
2032 83.4955
2033 83.4896
2034 83.527
2035 83.5408
2036 83.564
2037 83.5588
2038 83.5386
2039 83.5785
2040 83.5669
2041 83.5682
2042 83.5328
2043 83.5985
2044 83.6443
2045 83.5785
2046 83.5652
2047 83.5816
2048 83.5896
2049 83.5889
2050 83.5787
2051 83.5743
2052 83.6069
2053 83.6251
2054 83.6703
2055 83.6987
2056 83.6907
2057 83.6853
2058 83.7129
2059 83.735
2060 83.7302
2061 83.7603
2062 83.7365
2063 83.7319
2064 83.7267
2065 83.7275
2066 83.7486
2067 83.7633
2068 83.7836
2069 83.9887
2070 83.9732
2071 83.9889
2072 84.0075
2073 83.9975
2074 83.9934
2075 83.9778
2076 84.0558
2077 84.0573
2078 84.0964
2079 84.089
2080 84.0843
2081 84.0801
2082 84.0749
2083 84.0205
2084 83.9983
2085 83.9939
2086 84.0432
2087 84.0369
2088 83.9774
2089 83.9727
2090 83.9678
2091 83.9611
2092 83.9684
2093 83.966
2094 83.9834
2095 83.9575
2096 83.9902
2097 84.0151
2098 84.0464
2099 84.0412
2100 84.0466
2101 84.0375
2102 84.0005
2103 84.0167
2104 84.0139
2105 84.009
2106 84.0109
2107 84.038
2108 84.0348
2109 84.0017
2110 84.0185
2111 84.0161
2112 83.9868
2113 84.0039
2114 84.0126
2115 84.0049
2116 84.0111
2117 84.0154
2118 84.0105
2119 84.0056
2120 84.0235
2121 84.0709
2122 84.0646
2123 84.0705
2124 84.0888
2125 84.0838
2126 84.127
2127 84.1641
2128 84.1504
2129 84.2321
2130 84.215
2131 84.146
2132 84.1591
2133 84.1708
2134 84.191
2135 84.1929
2136 84.2136
2137 84.2087
2138 84.2274
2139 84.2248
2140 84.2561
2141 84.2487
2142 84.2669
2143 84.2847
2144 84.311
2145 84.33
2146 84.3252
2147 84.332
2148 84.3272
2149 84.3176
2150 84.3128
2151 84.2956
2152 84.281
2153 84.2657
2154 84.2609
2155 84.2938
2156 84.2787
2157 84.3113
2158 84.3065
2159 84.3019
2160 84.2947
2161 84.2886
2162 84.2837
2163 84.3028
2164 84.3223
2165 84.3186
2166 84.312
2167 84.3073
2168 84.3266
2169 84.3185
2170 84.3324
2171 84.3278
2172 84.3782
2173 84.4054
2174 84.3943
2175 84.379
2176 84.3867
2177 84.3879
2178 84.4201
2179 84.3647
2180 84.3582
2181 84.3536
2182 84.3436
2183 84.3432
2184 84.3667
2185 84.3596
2186 84.3537
2187 84.3435
2188 84.337
2189 84.3192
2190 84.31
2191 84.3156
2192 84.3364
2193 84.3421
2194 84.3417
2195 84.3643
2196 84.4054
2197 84.4009
2198 84.3909
2199 84.3863
2200 84.384
2201 84.3511
2202 84.3256
2203 84.3225
2204 84.3316
2205 84.327
2206 84.2892
2207 84.2912
2208 84.3379
2209 84.3303
2210 84.3453
2211 84.3636
2212 84.4123
2213 84.4056
2214 84.4549
2215 84.5016
2216 84.5233
2217 84.4492
2218 84.4439
2219 84.4711
2220 84.5182
2221 84.5432
2222 84.5363
2223 84.6105
2224 84.6075
2225 84.6032
2226 84.6049
2227 84.6005
2228 84.596
2229 84.5916
2230 84.6083
2231 84.6416
2232 84.6389
2233 84.6339
2234 84.6526
2235 84.6716
2236 84.6648
2237 84.6608
2238 84.6402
2239 84.6396
2240 84.6647
2241 84.691
2242 84.6887
2243 84.7587
2244 84.7529
2245 84.7505
2246 84.7452
2247 84.7401
2248 84.7369
2249 84.7113
2250 84.723
2251 84.7172
2252 84.7094
2253 84.7216
2254 84.7173
2255 84.7095
2256 84.7229
2257 84.8169
2258 84.8105
2259 84.7546
2260 84.7338
2261 84.7298
2262 84.7903
2263 84.8152
2264 84.8594
2265 84.8547
2266 84.8526
2267 84.8426
2268 84.8208
2269 84.8165
2270 84.8139
2271 84.771
2272 84.7823
2273 84.778
2274 84.7995
2275 84.7921
2276 84.7538
2277 84.7866
2278 84.8018
2279 84.7957
2280 84.8192
2281 84.8165
2282 84.8423
2283 84.8568
2284 84.9023
2285 84.8252
2286 84.8186
2287 84.7978
2288 84.7944
2289 84.791
2290 84.7811
2291 84.8074
2292 84.8802
2293 84.9031
2294 84.8459
2295 84.865
2296 84.8584
2297 84.8783
2298 84.8516
2299 84.8112
2300 84.8079
2301 84.8129
2302 84.8311
2303 84.8214
2304 84.815
2305 84.8822
2306 84.8724
2307 84.8874
2308 84.9393
