0 0.999994 0.999993 9.89993e-05
3.70505e-07 0.999994 0.999993 9.89993e-05
8.04864e-07 0.999994 0.999992 9.89992e-05
1.13299e-06 0.999994 0.999993 9.89993e-05
1.46221e-06 0.999994 0.999993 9.89993e-05
1.79559e-06 0.999994 0.999988 9.89989e-05
2.13466e-06 0.999994 0.999977 9.89977e-05
2.47915e-06 0.999994 0.999971 9.89971e-05
2.82826e-06 0.999994 0.999995 9.89995e-05
3.18146e-06 0.999994 1.00006 9.90055e-05
3.52798e-06 0.999994 1.00013 9.9013e-05
3.80527e-06 0.999994 1.00023 9.90231e-05
4.09333e-06 0.999994 1.0003 9.90301e-05
4.34248e-06 0.999994 1.00032 9.90315e-05
4.48664e-06 0.999994 1.00029 9.90286e-05
4.64313e-06 0.999994 1.00026 9.90254e-05
4.7659e-06 0.999994 1.00026 9.90261e-05
4.85945e-06 0.999994 1.0003 9.90302e-05
4.95649e-06 0.999994 1.00034 9.90337e-05
5.00247e-06 0.999994 1.00032 9.90321e-05
5.05238e-06 0.999994 1.0003 9.903e-05
5.09289e-06 0.999994 1.00032 9.90313e-05
5.12209e-06 0.999994 1.00036 9.90355e-05
5.15133e-06 0.999994 1.00038 9.90374e-05
5.16329e-06 0.999994 1.00035 9.9035e-05
5.17549e-06 0.999994 1.00035 9.90347e-05
5.18405e-06 0.999994 1.00039 9.90382e-05
5.19272e-06 0.999994 1.00041 9.90402e-05
5.19745e-06 0.999994 1.00038 9.90378e-05
5.20223e-06 0.999994 1.00039 9.90383e-05
5.20718e-06 0.999994 1.00043 9.90422e-05
5.21204e-06 0.999994 1.00044 9.90431e-05
5.21528e-06 0.999994 1.00041 9.90402e-05
5.21815e-06 0.999994 1.00042 9.90416e-05
5.22135e-06 0.999994 1.00043 9.90429e-05
5.22467e-06 0.999994 1.00042 9.90415e-05
5.22811e-06 0.999994 1.00042 9.90413e-05
5.23181e-06 0.999994 1.00044 9.90437e-05
5.23576e-06 0.999994 1.00045 9.90445e-05
5.23974e-06 0.999994 1.00043 9.90423e-05
5.24375e-06 0.999994 1.00043 9.90422e-05
5.24786e-06 0.999994 1.00046 9.90454e-05
5.25206e-06 0.999994 1.00047 9.90463e-05
5.25561e-06 0.999994 1.00044 9.90439e-05
5.25899e-06 0.999994 1.00045 9.90447e-05
5.26301e-06 0.999994 1.00048 9.90475e-05
5.26709e-06 0.999994 1.00048 9.90478e-05
5.27138e-06 0.999994 1.00046 9.90456e-05
5.27522e-06 0.999994 1.00048 9.90472e-05
5.27983e-06 0.999994 1.00051 9.90502e-05
5.28383e-06 0.999994 1.0005 9.90499e-05
5.28812e-06 0.999994 1.00049 9.90488e-05
5.29244e-06 0.999994 1.00052 9.90513e-05
5.29707e-06 0.999994 1.00055 9.90541e-05
5.30043e-06 0.999994 1.00054 9.90533e-05
5.3039e-06 0.999994 1.00054 9.90538e-05
5.30802e-06 0.999994 1.00057 9.90563e-05
5.31237e-06 0.999994 1.00058 9.90573e-05
5.31681e-06 0.999994 1.00057 9.90562e-05
5.32109e-06 0.999994 1.00058 9.90571e-05
5.32557e-06 0.999994 1.00061 9.90605e-05
5.3301e-06 0.999994 1.00062 9.90616e-05
5.33443e-06 0.999994 1.00061 9.90599e-05
5.33791e-06 0.999994 1.00061 9.90606e-05
5.3424e-06 0.999994 1.00064 9.9063e-05
5.34698e-06 0.999994 1.00064 9.90631e-05
5.35192e-06 0.999994 1.00063 9.90622e-05
5.35652e-06 0.999994 1.00065 9.90645e-05
5.36155e-06 0.999994 1.00068 9.90675e-05
5.36517e-06 0.999994 1.00068 9.9067e-05
5.36894e-06 0.999994 1.00068 9.90673e-05
5.37321e-06 0.999994 1.0007 9.90697e-05
5.37772e-06 0.999994 1.00072 9.9071e-05
5.38224e-06 0.999994 1.00071 9.90702e-05
5.38652e-06 0.999994 1.00072 9.90709e-05
5.39097e-06 0.999994 1.00075 9.90738e-05
5.39555e-06 0.999994 1.00076 9.90751e-05
5.39967e-06 0.999994 1.00075 9.90739e-05
5.40336e-06 0.999994 1.00076 9.90748e-05
5.40773e-06 0.999994 1.00078 9.90773e-05
5.41228e-06 0.999994 1.00079 9.9078e-05
5.41701e-06 0.999994 1.00078 9.90772e-05
5.42133e-06 0.999994 1.00079 9.90785e-05
5.42611e-06 0.999994 1.00082 9.90814e-05
5.43095e-06 0.999994 1.00083 9.9082e-05
5.43584e-06 0.999994 1.00081 9.90804e-05
5.4393e-06 0.999994 1.00082 9.90816e-05
5.44337e-06 0.999994 1.00084 9.90829e-05
5.44764e-06 0.999994 1.00084 9.90828e-05
5.45207e-06 0.999994 1.00084 9.90831e-05
5.45663e-06 0.999994 1.00086 9.90854e-05
5.46139e-06 0.999994 1.00088 9.9087e-05
5.46506e-06 0.999994 1.00087 9.90861e-05
5.46876e-06 0.999994 1.00087 9.90866e-05
5.47306e-06 0.999994 1.0009 9.90888e-05
5.47749e-06 0.999994 1.0009 9.90894e-05
5.48203e-06 0.999994 1.0009 9.90886e-05
5.48598e-06 0.999994 1.00091 9.90897e-05
5.49064e-06 0.999994 1.00093 9.90917e-05
5.49538e-06 0.999994 1.00093 9.90921e-05
5.50044e-06 0.999994 1.00092 9.90913e-05
5.50464e-06 0.999994 1.00094 9.90928e-05
5.50949e-06 0.999994 1.00096 9.90946e-05
5.5141e-06 0.999994 1.00096 9.90946e-05
5.51896e-06 0.999994 1.00095 9.90941e-05
5.52334e-06 0.999994 1.00097 9.90961e-05
5.52797e-06 0.999994 1.00098 9.90975e-05
5.53184e-06 0.999994 1.00098 9.90971e-05
5.5358e-06 0.999994 1.00099 9.90976e-05
5.54008e-06 0.999994 1.001 9.90991e-05
5.54459e-06 0.999994 1.00101 9.91e-05
5.54892e-06 0.999994 1.00101 9.90995e-05
5.55325e-06 0.999994 1.00101 9.91003e-05
5.55775e-06 0.999994 1.00103 9.9102e-05
5.56236e-06 0.999994 1.00104 9.91029e-05
5.56639e-06 0.999994 1.00103 9.91023e-05
5.57009e-06 0.999994 1.00104 9.91033e-05
5.57451e-06 0.999994 1.00106 9.91045e-05
5.57918e-06 0.999994 1.00106 9.91053e-05
5.58405e-06 0.999994 1.00106 9.91052e-05
5.58859e-06 0.999994 1.00107 9.91064e-05
5.59356e-06 0.999994 1.00109 9.91081e-05
5.59859e-06 0.999994 1.0011 9.91088e-05
5.60364e-06 0.999994 1.00109 9.91082e-05
5.60717e-06 0.999994 1.0011 9.91092e-05
5.61159e-06 0.999994 1.00111 9.911e-05
5.61628e-06 0.999994 1.00112 9.91105e-05
5.62118e-06 0.999994 1.00112 9.91112e-05
5.62619e-06 0.999994 1.00114 9.9113e-05
5.63146e-06 0.999994 1.00115 9.91143e-05
5.63531e-06 0.999994 1.00115 9.91139e-05
5.63922e-06 0.999994 1.00116 9.91148e-05
5.64371e-06 0.999994 1.00117 9.91158e-05
5.64841e-06 0.999994 1.00118 9.91164e-05
5.65317e-06 0.999994 1.00117 9.91163e-05
5.6573e-06 0.999994 1.00118 9.91173e-05
5.66197e-06 0.999994 1.00119 9.91183e-05
5.66693e-06 0.999994 1.0012 9.91188e-05
5.67198e-06 0.999994 1.0012 9.91186e-05
5.67633e-06 0.999994 1.00121 9.91199e-05
5.68116e-06 0.999994 1.00122 9.91211e-05
5.68623e-06 0.999994 1.00123 9.91215e-05
5.69136e-06 0.999994 1.00122 9.91212e-05
5.69558e-06 0.999994 1.00124 9.91224e-05
5.70037e-06 0.999994 1.00125 9.91234e-05
5.7055e-06 0.999994 1.00125 9.91238e-05
5.71072e-06 0.999994 1.00125 9.91236e-05
5.71522e-06 0.999994 1.00126 9.91248e-05
5.72016e-06 0.999994 1.00127 9.91259e-05
5.72531e-06 0.999994 1.00127 9.91262e-05
5.73048e-06 0.999994 1.00127 9.91258e-05
5.73466e-06 0.999994 1.00128 9.91269e-05
5.73939e-06 0.999994 1.00129 9.91276e-05
5.74455e-06 0.999994 1.00129 9.91281e-05
5.74979e-06 0.999994 1.00129 9.91279e-05
5.75457e-06 0.999994 1.0013 9.9129e-05
5.75964e-06 0.999994 1.00131 9.91299e-05
5.76484e-06 0.999994 1.00131 9.91302e-05
5.76933e-06 0.999994 1.00131 9.91297e-05
5.77328e-06 0.999994 1.00132 9.91309e-05
5.77787e-06 0.999994 1.00132 9.91311e-05
5.78285e-06 0.999994 1.00133 9.91315e-05
5.78795e-06 0.999994 1.00133 9.91314e-05
5.79257e-06 0.999994 1.00134 9.91325e-05
5.79754e-06 0.999994 1.00134 9.9133e-05
5.80266e-06 0.999994 1.00135 9.91333e-05
5.80751e-06 0.999994 1.00134 9.91329e-05
5.81158e-06 0.999994 1.00135 9.9134e-05
5.81619e-06 0.999994 1.00135 9.91341e-05
5.82126e-06 0.999994 1.00136 9.91346e-05
5.8264e-06 0.999994 1.00136 9.91344e-05
5.8313e-06 0.999994 1.00137 9.91354e-05
5.83639e-06 0.999994 1.00137 9.91359e-05
5.84159e-06 0.999994 1.00137 9.9136e-05
5.84574e-06 0.999994 1.00137 9.91355e-05
5.84964e-06 0.999994 1.00138 9.91368e-05
5.85409e-06 0.999994 1.00138 9.91364e-05
5.85887e-06 0.999994 1.00138 9.91368e-05
5.86376e-06 0.999994 1.00138 9.91366e-05
5.86821e-06 0.999994 1.00139 9.91375e-05
5.87302e-06 0.999994 1.00139 9.91376e-05
5.87801e-06 0.999994 1.00139 9.91378e-05
5.88301e-06 0.999994 1.00139 9.91375e-05
5.88718e-06 0.999994 1.0014 9.91384e-05
5.8918e-06 0.999994 1.0014 9.91384e-05
5.89684e-06 0.999994 1.0014 9.91388e-05
5.90192e-06 0.999994 1.0014 9.91384e-05
5.90696e-06 0.999994 1.00141 9.91393e-05
5.91208e-06 0.999994 1.00141 9.91397e-05
5.91733e-06 0.999994 1.00141 9.91396e-05
5.92133e-06 0.999994 1.00141 9.91391e-05
5.92534e-06 0.999994 1.00142 9.91404e-05
5.92986e-06 0.999994 1.00141 9.91397e-05
5.93473e-06 0.999994 1.00141 9.91397e-05
5.93976e-06 0.999994 1.00141 9.91395e-05
5.94482e-06 0.999994 1.00142 9.91404e-05
5.95013e-06 0.999994 1.00142 9.91404e-05
5.95562e-06 0.999994 1.00142 9.91401e-05
5.96114e-06 0.999994 1.00141 9.91398e-05
5.96631e-06 0.999994 1.00142 9.91411e-05
5.97195e-06 0.999994 1.00142 9.91406e-05
5.97781e-06 0.999994 1.00142 9.91405e-05
5.98388e-06 0.999994 1.00142 9.91404e-05
5.98996e-06 0.999994 1.00143 9.91415e-05
5.9964e-06 0.999994 1.00143 9.91413e-05
6.00295e-06 0.999994 1.00142 9.91409e-05
6.00963e-06 0.999994 1.00142 9.91408e-05
6.01548e-06 0.999994 1.00143 9.91418e-05
6.02212e-06 0.999994 1.00143 9.91414e-05
6.02895e-06 0.999994 1.00143 9.91414e-05
6.03618e-06 0.999994 1.00143 9.91414e-05
6.04329e-06 0.999994 1.00144 9.91424e-05
6.05082e-06 0.999994 1.00144 9.91423e-05
6.05837e-06 0.999994 1.00143 9.91418e-05
6.066e-06 0.999994 1.00143 9.91417e-05
6.07218e-06 0.999994 1.00144 9.91427e-05
6.07927e-06 0.999994 1.00144 9.91423e-05
6.08657e-06 0.999994 1.00144 9.91423e-05
6.09429e-06 0.999994 1.00144 9.91423e-05
6.10186e-06 0.999994 1.00145 9.91433e-05
6.10981e-06 0.999994 1.00145 9.91432e-05
6.11724e-06 0.999994 1.00144 9.91428e-05
6.12486e-06 0.999994 1.00144 9.91426e-05
6.13188e-06 0.999994 1.00145 9.91435e-05
6.13938e-06 0.999994 1.00145 9.91433e-05
6.14691e-06 0.999994 1.00144 9.91429e-05
6.15457e-06 0.999994 1.00144 9.91426e-05
6.16121e-06 0.999994 1.00145 9.91435e-05
6.16844e-06 0.999994 1.00145 9.91433e-05
6.17577e-06 0.999994 1.00145 9.91431e-05
6.18331e-06 0.999994 1.00144 9.91428e-05
6.19058e-06 0.999994 1.00145 9.91437e-05
6.1982e-06 0.999994 1.00145 9.91436e-05
6.20565e-06 0.999994 1.00145 9.91431e-05
6.21322e-06 0.999994 1.00144 9.91428e-05
6.22052e-06 0.999994 1.00145 9.91437e-05
6.22832e-06 0.999994 1.00145 9.91434e-05
6.23624e-06 0.999994 1.00144 9.91428e-05
6.24448e-06 0.999994 1.00144 9.91427e-05
6.25278e-06 0.999994 1.00145 9.91435e-05
6.26164e-06 0.999994 1.00145 9.91431e-05
6.27072e-06 0.999994 1.00144 9.91424e-05
6.28018e-06 0.999994 1.00144 9.91423e-05
6.28972e-06 0.999994 1.00145 9.91431e-05
6.29977e-06 0.999994 1.00144 9.91427e-05
6.31004e-06 0.999994 1.00143 9.91419e-05
6.3206e-06 0.999994 1.00143 9.91417e-05
6.33124e-06 0.999994 1.00144 9.91425e-05
6.34222e-06 0.999994 1.00144 9.91422e-05
6.3534e-06 0.999994 1.00143 9.91414e-05
6.36475e-06 0.999994 1.00143 9.91412e-05
6.37621e-06 0.999994 1.00143 9.9142e-05
6.38785e-06 0.999994 1.00143 9.91418e-05
6.39972e-06 0.999994 1.00142 9.91409e-05
6.41164e-06 0.999994 1.00142 9.91406e-05
6.42369e-06 0.999994 1.00143 9.91413e-05
6.43582e-06 0.999994 1.00143 9.91412e-05
6.44823e-06 0.999994 1.00142 9.91405e-05
6.46018e-06 0.999994 1.00141 9.914e-05
6.47235e-06 0.999994 1.00142 9.91407e-05
6.48459e-06 0.999994 1.00142 9.91407e-05
6.49725e-06 0.999994 1.00141 9.91399e-05
6.50916e-06 0.999994 1.00141 9.91394e-05
6.52142e-06 0.999993 1.00141 9.91399e-05
6.53375e-06 0.999993 1.00141 9.914e-05
6.5467e-06 0.999993 1.00141 9.91394e-05
6.55868e-06 0.999993 1.0014 9.91388e-05
6.57118e-06 0.999993 1.00141 9.91392e-05
6.58372e-06 0.999993 1.00141 9.91394e-05
6.59711e-06 0.999993 1.0014 9.91388e-05
6.60908e-06 0.999993 1.0014 9.91382e-05
6.62176e-06 0.999993 1.0014 9.91385e-05
6.63449e-06 0.999993 1.0014 9.91387e-05
6.64834e-06 0.999993 1.0014 9.91382e-05
6.66037e-06 0.999993 1.00139 9.91376e-05
6.67331e-06 0.999993 1.00139 9.91378e-05
6.68631e-06 0.999993 1.00139 9.91381e-05
6.70071e-06 0.999993 1.00139 9.91376e-05
6.71287e-06 0.999993 1.00138 9.9137e-05
6.72618e-06 0.999993 1.00139 9.91372e-05
6.73954e-06 0.999993 1.00139 9.91374e-05
6.75445e-06 0.999993 1.00138 9.91371e-05
6.76696e-06 0.999993 1.00138 9.91365e-05
6.78095e-06 0.999993 1.00138 9.91365e-05
6.79494e-06 0.999993 1.00138 9.91367e-05
6.81067e-06 0.999993 1.00138 9.91365e-05
6.82293e-06 0.999993 1.00137 9.9136e-05
6.83718e-06 0.999993 1.00137 9.9136e-05
6.85153e-06 0.999993 1.00138 9.91362e-05
6.86784e-06 0.999993 1.00137 9.91361e-05
6.88064e-06 0.999993 1.00137 9.91356e-05
6.89578e-06 0.999993 1.00137 9.91354e-05
6.91103e-06 0.999993 1.00137 9.91356e-05
6.92771e-06 0.999993 1.00137 9.91357e-05
6.94095e-06 0.999993 1.00137 9.91353e-05
6.95592e-06 0.999993 1.00136 9.91351e-05
6.97112e-06 0.999993 1.00137 9.91353e-05
6.9873e-06 0.999994 1.00137 9.91355e-05
7.00198e-06 0.999993 1.00137 9.91357e-05
7.01743e-06 0.999993 1.00138 9.91369e-05
7.03298e-06 0.999993 1.0014 9.91384e-05
7.0488e-06 0.999994 1.0014 9.9139e-05
7.06437e-06 0.999994 1.00141 9.91393e-05
7.08e-06 0.999993 1.00142 9.91404e-05
7.0957e-06 0.999993 1.00144 9.91422e-05
7.11025e-06 0.999993 1.00144 9.91427e-05
7.12503e-06 0.999994 1.00144 9.91427e-05
7.1394e-06 0.999993 1.00145 9.91436e-05
7.1542e-06 0.999993 1.00147 9.91454e-05
7.16791e-06 0.999993 1.00147 9.91459e-05
7.18223e-06 0.999994 1.00147 9.91456e-05
7.19601e-06 0.999994 1.00148 9.91465e-05
7.21065e-06 0.999993 1.0015 9.91482e-05
7.22402e-06 0.999993 1.0015 9.91488e-05
7.23837e-06 0.999994 1.0015 9.91483e-05
7.25208e-06 0.999994 1.00151 9.9149e-05
7.26697e-06 0.999993 1.00152 9.91507e-05
7.28049e-06 0.999992 1.00153 9.91514e-05
7.29528e-06 0.999993 1.00152 9.91508e-05
7.30846e-06 0.999994 1.00153 9.91513e-05
7.32232e-06 0.999994 1.00154 9.91529e-05
7.33627e-06 0.999992 1.00155 9.91537e-05
7.35055e-06 0.999992 1.00155 9.91531e-05
7.36345e-06 0.999994 1.00155 9.91532e-05
7.37667e-06 0.999995 1.00156 9.91544e-05
7.39006e-06 0.999993 1.00157 9.91555e-05
7.40363e-06 0.999991 1.00157 9.9155e-05
7.41721e-06 0.999993 1.00156 9.91549e-05
7.43105e-06 0.999995 1.00158 9.91561e-05
7.44126e-06 0.999994 1.00159 9.91572e-05
7.45219e-06 0.999993 1.00159 9.91571e-05
7.46348e-06 0.999993 1.00159 9.91571e-05
7.47576e-06 0.999995 1.0016 9.9158e-05
7.48706e-06 0.999995 1.00161 9.91589e-05
7.49935e-06 0.999993 1.00161 9.9159e-05
7.51175e-06 0.999993 1.0016 9.91587e-05
7.52482e-06 0.999995 1.00161 9.91591e-05
7.53762e-06 0.999995 1.00162 9.91602e-05
7.55105e-06 0.999994 1.00162 9.91604e-05
7.5646e-06 0.999993 1.00162 9.91599e-05
7.57868e-06 0.999994 1.00163 9.91609e-05
7.5929e-06 0.999995 1.00164 9.91626e-05
7.60727e-06 0.999994 1.00166 9.91641e-05
7.62178e-06 0.999993 1.00167 9.91649e-05
7.63636e-06 0.999993 1.00168 9.91659e-05
7.65134e-06 0.999995 1.00169 9.91676e-05
7.66381e-06 0.999995 1.00171 9.9169e-05
7.67718e-06 0.999993 1.00172 9.91699e-05
7.69078e-06 0.999993 1.00173 9.91708e-05
7.70578e-06 0.999995 1.00174 9.91723e-05
7.71869e-06 0.999995 1.00175 9.91737e-05
7.73347e-06 0.999994 1.00176 9.91746e-05
7.74834e-06 0.999993 1.00177 9.91755e-05
7.76484e-06 0.999995 1.00179 9.91769e-05
7.7795e-06 0.999995 1.0018 9.91784e-05
7.79571e-06 0.999994 1.00181 9.91795e-05
7.8121e-06 0.999993 1.00182 9.91804e-05
7.82922e-06 0.999994 1.00183 9.91816e-05
7.84642e-06 0.999995 1.00185 9.91832e-05
7.86365e-06 0.999994 1.00186 9.91846e-05
7.8811e-06 0.999993 1.00187 9.91854e-05
7.89827e-06 0.999993 1.00188 9.91865e-05
7.91615e-06 0.999994 1.0019 9.91881e-05
7.93069e-06 0.999994 1.00191 9.91893e-05
7.9465e-06 0.999993 1.00192 9.91902e-05
7.96255e-06 0.999993 1.00193 9.91912e-05
7.98089e-06 0.999994 1.00195 9.91927e-05
7.99617e-06 0.999994 1.00196 9.91939e-05
8.01467e-06 0.999993 1.00197 9.9195e-05
8.03317e-06 0.999993 1.00198 9.91961e-05
8.0533e-06 0.999994 1.00199 9.91975e-05
8.07111e-06 0.999994 1.00201 9.91989e-05
8.08977e-06 0.999993 1.00202 9.92e-05
8.10865e-06 0.999992 1.00203 9.9201e-05
8.12799e-06 0.999993 1.00204 9.92022e-05
8.14764e-06 0.999994 1.00206 9.92037e-05
8.16619e-06 0.999993 1.00207 9.9205e-05
8.18546e-06 0.999991 1.00208 9.92059e-05
8.20479e-06 0.999992 1.00209 9.92071e-05
8.22555e-06 0.999994 1.00211 9.92086e-05
8.24288e-06 0.999993 1.00212 9.92098e-05
8.26257e-06 0.999991 1.00213 9.92109e-05
8.28242e-06 0.999991 1.00214 9.92119e-05
8.30338e-06 0.999994 1.00216 9.92134e-05
8.32404e-06 0.999994 1.00217 9.92149e-05
8.34511e-06 0.999991 1.00218 9.92161e-05
8.36622e-06 0.999989 1.00219 9.9217e-05
8.38728e-06 0.999992 1.00221 9.92184e-05
8.40852e-06 0.999994 1.00222 9.922e-05
8.42737e-06 0.999992 1.00223 9.9221e-05
8.44701e-06 0.999988 1.00224 9.9222e-05
8.46589e-06 0.99999 1.00226 9.92234e-05
8.48567e-06 0.999994 1.00226 9.92241e-05
8.50369e-06 0.999993 1.00227 9.92249e-05
8.52215e-06 0.999989 1.00228 9.9226e-05
8.53877e-06 0.999988 1.0023 9.92275e-05
8.55561e-06 0.999991 1.0023 9.92275e-05
8.57255e-06 0.999993 1.0023 9.92275e-05
8.58695e-06 0.99999 1.00231 9.92288e-05
8.60153e-06 0.999988 1.00233 9.92306e-05
8.61485e-06 0.999989 1.00233 9.92309e-05
8.62846e-06 0.999991 1.00233 9.92305e-05
8.64045e-06 0.999991 1.00234 9.92318e-05
8.65285e-06 0.999989 1.00236 9.92336e-05
8.66421e-06 0.999988 1.00236 9.92334e-05
8.67601e-06 0.99999 1.00235 9.92329e-05
8.68753e-06 0.99999 1.00237 9.92344e-05
8.69949e-06 0.999989 1.00238 9.92361e-05
8.70983e-06 0.999988 1.00238 9.92357e-05
8.7208e-06 0.999988 1.00238 9.92352e-05
8.73198e-06 0.999989 1.00239 9.92368e-05
8.74395e-06 0.999989 1.00241 9.92383e-05
8.75615e-06 0.999987 1.0024 9.92379e-05
8.76933e-06 0.999987 1.0024 9.92375e-05
8.78281e-06 0.999989 1.00242 9.92394e-05
8.79736e-06 0.999989 1.00244 9.92411e-05
8.81213e-06 0.999987 1.00243 9.92407e-05
8.82785e-06 0.999986 1.00243 9.92404e-05
8.84383e-06 0.999987 1.00245 9.92425e-05
8.86032e-06 0.999989 1.00247 9.92444e-05
8.87719e-06 0.999988 1.00247 9.92442e-05
8.89426e-06 0.999985 1.00246 9.92439e-05
8.91135e-06 0.999984 1.00248 9.92458e-05
8.92886e-06 0.999987 1.0025 9.92479e-05
8.94426e-06 0.999988 1.00251 9.9248e-05
8.96112e-06 0.999986 1.00251 9.92481e-05
8.97812e-06 0.999983 1.00252 9.92497e-05
8.99575e-06 0.999985 1.00254 9.92515e-05
9.01125e-06 0.999988 1.00254 9.92519e-05
9.02688e-06 0.999987 1.00255 9.92522e-05
9.04257e-06 0.999984 1.00256 9.92534e-05
9.05743e-06 0.999983 1.00257 9.92547e-05
9.07275e-06 0.999986 1.00258 9.92554e-05
9.08708e-06 0.999987 1.00258 9.92557e-05
9.10277e-06 0.999984 1.00259 9.92568e-05
9.1185e-06 0.999982 1.00261 9.92581e-05
9.13521e-06 0.999983 1.00262 9.92589e-05
9.15123e-06 0.999986 1.00262 9.92594e-05
9.16746e-06 0.999985 1.00263 9.92604e-05
9.18352e-06 0.999982 1.00264 9.92617e-05
9.19909e-06 0.999981 1.00265 9.92626e-05
9.21505e-06 0.999984 1.00266 9.92632e-05
9.22925e-06 0.999985 1.00267 9.9264e-05
9.24459e-06 0.999983 1.00268 9.92651e-05
9.26005e-06 0.99998 1.00269 9.9266e-05
9.27662e-06 0.999982 1.00269 9.92668e-05
9.29233e-06 0.999985 1.0027 9.92676e-05
9.30834e-06 0.999984 1.00271 9.92687e-05
9.3237e-06 0.99998 1.00272 9.92696e-05
9.33911e-06 0.99998 1.00273 9.92704e-05
9.35482e-06 0.999983 1.00274 9.92712e-05
9.36899e-06 0.999984 1.00275 9.92721e-05
9.38408e-06 0.999981 1.00276 9.92731e-05
9.39927e-06 0.999979 1.00277 9.92738e-05
9.41565e-06 0.999981 1.00277 9.92747e-05
9.4305e-06 0.999984 1.00278 9.92756e-05
9.44577e-06 0.999982 1.00279 9.92765e-05
9.46058e-06 0.999979 1.0028 9.92773e-05
9.47552e-06 0.999978 1.00281 9.9278e-05
9.4907e-06 0.999982 1.00282 9.92789e-05
9.50479e-06 0.999983 1.00283 9.92798e-05
9.51956e-06 0.999979 1.00283 9.92806e-05
9.53439e-06 0.999977 1.00284 9.92813e-05
9.55075e-06 0.999979 1.00285 9.92823e-05
9.56561e-06 0.999982 1.00286 9.92832e-05
9.58103e-06 0.999981 1.00287 9.9284e-05
9.59536e-06 0.999977 1.00288 9.92847e-05
9.61e-06 0.999977 1.00288 9.92855e-05
9.62488e-06 0.99998 1.00289 9.92864e-05
9.6397e-06 0.999981 1.0029 9.92873e-05
9.65496e-06 0.999977 1.00291 9.9288e-05
9.67003e-06 0.999975 1.00292 9.92888e-05
9.68645e-06 0.999978 1.00293 9.92898e-05
9.70151e-06 0.99998 1.00294 9.92906e-05
9.7172e-06 0.999978 1.00294 9.92914e-05
9.73132e-06 0.999975 1.00295 9.92922e-05
9.74591e-06 0.999975 1.00296 9.9293e-05
9.76075e-06 0.999978 1.00297 9.92938e-05
9.77566e-06 0.999978 1.00298 9.92946e-05
9.79092e-06 0.999975 1.00298 9.92954e-05
9.80619e-06 0.999973 1.00299 9.92962e-05
9.82252e-06 0.999975 1.003 9.92971e-05
9.83757e-06 0.999978 1.00301 9.92979e-05
9.85355e-06 0.999975 1.00302 9.92988e-05
9.86823e-06 0.999972 1.00303 9.92995e-05
9.88338e-06 0.999972 1.00303 9.93004e-05
9.89869e-06 0.999976 1.00304 9.93012e-05
9.91407e-06 0.999975 1.00305 9.9302e-05
9.92966e-06 0.999972 1.00306 9.93028e-05
9.94525e-06 0.99997 1.00307 9.93036e-05
9.96165e-06 0.999973 1.00308 9.93045e-05
9.97661e-06 0.999975 1.00308 9.93053e-05
9.9928e-06 0.999972 1.00309 9.93061e-05
1.00078e-05 0.999969 1.0031 9.93069e-05
1.00234e-05 0.99997 1.00311 9.93077e-05
1.00391e-05 0.999973 1.00312 9.93085e-05
1.00548e-05 0.999972 1.00312 9.93094e-05
1.00706e-05 0.999968 1.00313 9.93102e-05
1.00863e-05 0.999967 1.00314 9.9311e-05
1.01026e-05 0.99997 1.00315 9.93118e-05
1.01176e-05 0.999972 1.00316 9.93126e-05
1.01341e-05 0.999969 1.00317 9.93135e-05
1.01497e-05 0.999965 1.00317 9.93143e-05
1.01658e-05 0.999966 1.00318 9.93151e-05
1.01818e-05 0.99997 1.00319 9.93159e-05
1.01979e-05 0.999969 1.0032 9.93167e-05
1.02137e-05 0.999965 1.00321 9.93175e-05
1.02294e-05 0.999964 1.00322 9.93184e-05
1.02457e-05 0.999966 1.00322 9.93192e-05
1.02606e-05 0.999968 1.00323 9.93199e-05
1.02769e-05 0.999965 1.00324 9.93208e-05
1.02927e-05 0.999962 1.00325 9.93216e-05
1.03092e-05 0.999963 1.00326 9.93224e-05
1.03245e-05 0.999966 1.00326 9.93232e-05
1.034e-05 0.999965 1.00327 9.93239e-05
1.03556e-05 0.999961 1.00328 9.93247e-05
1.03712e-05 0.99996 1.00329 9.93255e-05
1.03873e-05 0.999963 1.0033 9.93263e-05
1.04025e-05 0.999965 1.0033 9.93271e-05
1.04187e-05 0.999961 1.00331 9.93279e-05
1.04349e-05 0.999958 1.00332 9.93287e-05
1.04518e-05 0.99996 1.00333 9.93295e-05
1.04667e-05 0.999963 1.00334 9.93303e-05
1.04821e-05 0.999962 1.00334 9.9331e-05
1.04975e-05 0.999958 1.00335 9.93318e-05
1.05131e-05 0.999957 1.00336 9.93326e-05
1.05291e-05 0.99996 1.00337 9.93334e-05
1.05448e-05 0.999961 1.00337 9.93341e-05
1.05614e-05 0.999958 1.00338 9.93349e-05
1.05779e-05 0.999954 1.00339 9.93357e-05
1.05951e-05 0.999956 1.0034 9.93366e-05
1.06098e-05 0.999959 1.00341 9.93373e-05
1.06251e-05 0.999958 1.00341 9.93381e-05
1.06404e-05 0.999954 1.00342 9.93388e-05
1.0656e-05 0.999953 1.00343 9.93396e-05
1.06719e-05 0.999956 1.00344 9.93403e-05
1.06879e-05 0.999957 1.00345 9.93411e-05
1.07046e-05 0.999954 1.00345 9.93419e-05
1.07213e-05 0.999951 1.00346 9.93427e-05
1.07387e-05 0.999952 1.00347 9.93436e-05
1.07534e-05 0.999955 1.00348 9.93443e-05
1.07688e-05 0.999954 1.00348 9.9345e-05
1.07843e-05 0.99995 1.00349 9.93458e-05
1.08e-05 0.999949 1.0035 9.93465e-05
1.0816e-05 0.999952 1.00351 9.93473e-05
1.0832e-05 0.999953 1.00352 9.9348e-05
1.08487e-05 0.999949 1.00352 9.93488e-05
1.08655e-05 0.999946 1.00353 9.93496e-05
1.0883e-05 0.999948 1.00354 9.93505e-05
1.08978e-05 0.999951 1.00355 9.93512e-05
1.09132e-05 0.999949 1.00355 9.93519e-05
1.09288e-05 0.999946 1.00356 9.93526e-05
1.09446e-05 0.999945 1.00357 9.93534e-05
1.09607e-05 0.999948 1.00358 9.93541e-05
1.09768e-05 0.999949 1.00358 9.93549e-05
1.09935e-05 0.999945 1.00359 9.93557e-05
1.10097e-05 0.999942 1.0036 9.93565e-05
1.10271e-05 0.999944 1.00361 9.93573e-05
1.10425e-05 0.999947 1.00362 9.9358e-05
1.10585e-05 0.999945 1.00362 9.93587e-05
1.10742e-05 0.999941 1.00363 9.93595e-05
1.10901e-05 0.999941 1.00364 9.93602e-05
1.11062e-05 0.999943 1.00365 9.9361e-05
1.11224e-05 0.999944 1.00365 9.93617e-05
1.1139e-05 0.99994 1.00366 9.93625e-05
1.11547e-05 0.999938 1.00367 9.93632e-05
1.11719e-05 0.999939 1.00368 9.9364e-05
1.11878e-05 0.999942 1.00368 9.93647e-05
1.12042e-05 0.99994 1.00369 9.93655e-05
1.1219e-05 0.999936 1.0037 9.93662e-05
1.12343e-05 0.999936 1.00371 9.93669e-05
1.12498e-05 0.999938 1.00371 9.93676e-05
1.12656e-05 0.999939 1.00372 9.93683e-05
1.12817e-05 0.999935 1.00373 9.93691e-05
1.12979e-05 0.999933 1.00374 9.93698e-05
1.13155e-05 0.999935 1.00374 9.93706e-05
1.13312e-05 0.999937 1.00375 9.93713e-05
1.13477e-05 0.999935 1.00376 9.93721e-05
1.13628e-05 0.999931 1.00377 9.93728e-05
1.13785e-05 0.999931 1.00377 9.93735e-05
1.13943e-05 0.999934 1.00378 9.93742e-05
1.14103e-05 0.999934 1.00379 9.93749e-05
1.14266e-05 0.99993 1.00379 9.93757e-05
1.14429e-05 0.999928 1.0038 9.93764e-05
1.14602e-05 0.99993 1.00381 9.93772e-05
1.14764e-05 0.999932 1.00382 9.93779e-05
1.14933e-05 0.999929 1.00382 9.93787e-05
1.15078e-05 0.999926 1.00383 9.93793e-05
1.15231e-05 0.999926 1.00384 9.938e-05
1.15386e-05 0.999928 1.00385 9.93807e-05
1.15544e-05 0.999928 1.00385 9.93814e-05
1.15704e-05 0.999924 1.00386 9.93821e-05
1.15865e-05 0.999922 1.00387 9.93828e-05
1.16035e-05 0.999924 1.00387 9.93836e-05
1.16201e-05 0.999926 1.00388 9.93843e-05
1.16376e-05 0.999923 1.00389 9.93851e-05
1.16518e-05 0.99992 1.0039 9.93857e-05
1.16669e-05 0.99992 1.0039 9.93864e-05
1.16824e-05 0.999922 1.00391 9.93871e-05
1.16981e-05 0.999922 1.00392 9.93878e-05
1.1714e-05 0.999918 1.00392 9.93885e-05
1.173e-05 0.999916 1.00393 9.93892e-05
1.17466e-05 0.999918 1.00394 9.93899e-05
1.17633e-05 0.99992 1.00395 9.93907e-05
1.17811e-05 0.999917 1.00395 9.93915e-05
1.17952e-05 0.999913 1.00396 9.93921e-05
1.18102e-05 0.999914 1.00397 9.93927e-05
1.18255e-05 0.999916 1.00397 9.93934e-05
1.18412e-05 0.999915 1.00398 9.93941e-05
1.1857e-05 0.999911 1.00399 9.93948e-05
1.1873e-05 0.99991 1.00399 9.93955e-05
1.18894e-05 0.999912 1.004 9.93962e-05
1.19058e-05 0.999913 1.00401 9.93969e-05
1.19232e-05 0.99991 1.00402 9.93977e-05
1.19379e-05 0.999906 1.00402 9.93983e-05
1.19535e-05 0.999907 1.00403 9.9399e-05
1.19692e-05 0.999909 1.00404 9.93997e-05
1.19853e-05 0.999908 1.00404 9.94003e-05
1.20002e-05 0.999904 1.00405 9.9401e-05
1.20155e-05 0.999903 1.00406 9.94016e-05
1.20311e-05 0.999905 1.00406 9.94023e-05
1.20469e-05 0.999906 1.00407 9.9403e-05
1.20633e-05 0.999903 1.00408 9.94037e-05
1.20788e-05 0.999899 1.00408 9.94044e-05
1.20952e-05 0.999901 1.00409 9.94051e-05
1.21101e-05 0.999903 1.0041 9.94057e-05
1.21255e-05 0.999901 1.0041 9.94064e-05
1.21404e-05 0.999898 1.00411 9.9407e-05
1.21556e-05 0.999897 1.00412 9.94077e-05
1.21711e-05 0.999899 1.00412 9.94083e-05
1.21866e-05 0.9999 1.00413 9.9409e-05
1.22027e-05 0.999896 1.00414 9.94097e-05
1.22183e-05 0.999893 1.00414 9.94103e-05
1.22351e-05 0.999894 1.00415 9.9411e-05
1.22496e-05 0.999897 1.00416 9.94117e-05
1.22648e-05 0.999895 1.00416 9.94123e-05
1.22798e-05 0.999891 1.00417 9.94129e-05
1.22951e-05 0.999891 1.00418 9.94136e-05
1.23105e-05 0.999893 1.00418 9.94142e-05
1.23261e-05 0.999893 1.00419 9.94149e-05
1.23419e-05 0.999889 1.0042 9.94155e-05
1.23576e-05 0.999887 1.0042 9.94162e-05
1.23746e-05 0.999888 1.00421 9.94169e-05
1.23891e-05 0.99989 1.00422 9.94175e-05
1.24043e-05 0.999888 1.00422 9.94182e-05
1.2419e-05 0.999885 1.00423 9.94188e-05
1.24342e-05 0.999884 1.00424 9.94194e-05
1.24494e-05 0.999886 1.00424 9.942e-05
1.24648e-05 0.999886 1.00425 9.94207e-05
1.24804e-05 0.999883 1.00426 9.94213e-05
1.2496e-05 0.99988 1.00426 9.9422e-05
1.25125e-05 0.999882 1.00427 9.94227e-05
1.25275e-05 0.999884 1.00428 9.94233e-05
1.25434e-05 0.999881 1.00428 9.9424e-05
1.2557e-05 0.999878 1.00429 9.94245e-05
1.25714e-05 0.999878 1.00429 9.94251e-05
1.2586e-05 0.99988 1.0043 9.94257e-05
1.26009e-05 0.999879 1.00431 9.94263e-05
1.26159e-05 0.999876 1.00431 9.94269e-05
1.26311e-05 0.999874 1.00432 9.94276e-05
1.2647e-05 0.999875 1.00433 9.94282e-05
1.26628e-05 0.999877 1.00433 9.94289e-05
1.26796e-05 0.999874 1.00434 9.94296e-05
1.26921e-05 0.999871 1.00434 9.94301e-05
1.27056e-05 0.999871 1.00435 9.94306e-05
1.27196e-05 0.999872 1.00436 9.94312e-05
1.2734e-05 0.999871 1.00436 9.94318e-05
1.27485e-05 0.999868 1.00437 9.94324e-05
1.27633e-05 0.999866 1.00437 9.9433e-05
1.27785e-05 0.999868 1.00438 9.94336e-05
1.27938e-05 0.999869 1.00439 9.94342e-05
1.28099e-05 0.999866 1.00439 9.94349e-05
1.28241e-05 0.999863 1.0044 9.94355e-05
1.28391e-05 0.999863 1.0044 9.94361e-05
1.28536e-05 0.999865 1.00441 9.94367e-05
1.28685e-05 0.999864 1.00442 9.94373e-05
1.28834e-05 0.99986 1.00442 9.94379e-05
1.28984e-05 0.999859 1.00443 9.94385e-05
1.29138e-05 0.999861 1.00444 9.94391e-05
1.29285e-05 0.999862 1.00444 9.94397e-05
1.29442e-05 0.999858 1.00445 9.94403e-05
1.29589e-05 0.999855 1.00445 9.94409e-05
1.29756e-05 0.999856 1.00446 9.94416e-05
1.29919e-05 0.999858 1.00447 9.94422e-05
1.30091e-05 0.999856 1.00447 9.94429e-05
1.30263e-05 0.999851 1.00448 9.94436e-05
1.30437e-05 0.999851 1.00449 9.94443e-05
1.30613e-05 0.999854 1.0045 9.9445e-05
1.30789e-05 0.999853 1.0045 9.94457e-05
1.30971e-05 0.999848 1.00451 9.94464e-05
1.31131e-05 0.999847 1.00452 9.94471e-05
1.31302e-05 0.999848 1.00452 9.94478e-05
1.31476e-05 0.999849 1.00453 9.94485e-05
1.31674e-05 0.999874 1.00454 9.94492e-05
1.31831e-05 0.999881 1.00454 9.94499e-05
1.32013e-05 0.99987 1.00455 9.94506e-05
1.32196e-05 0.999893 1.00456 9.94513e-05
1.32393e-05 0.999931 1.00457 9.94521e-05
1.3259e-05 0.999947 1.00457 9.94529e-05
1.32791e-05 0.999931 1.00458 9.94536e-05
1.32992e-05 0.999935 1.00459 9.94544e-05
1.33187e-05 0.999968 1.0046 9.94552e-05
1.3339e-05 0.999995 1.00461 9.9456e-05
1.33561e-05 0.999987 1.00461 9.94567e-05
1.33746e-05 0.999974 1.00462 9.94574e-05
1.33933e-05 1 1.00463 9.94581e-05
1.34148e-05 1.00004 1.00464 9.9459e-05
1.34314e-05 1.00004 1.00464 9.94596e-05
1.34505e-05 1.00003 1.00465 9.94604e-05
1.34699e-05 1.00005 1.00466 9.94611e-05
1.34905e-05 1.00008 1.00467 9.94619e-05
1.35112e-05 1.0001 1.00467 9.94627e-05
1.35322e-05 1.00008 1.00468 9.94635e-05
1.35533e-05 1.00008 1.00469 9.94644e-05
1.35738e-05 1.00011 1.0047 9.94651e-05
1.35948e-05 1.00013 1.00471 9.94659e-05
1.36127e-05 1.00013 1.00471 9.94666e-05
1.36315e-05 1.00011 1.00472 9.94674e-05
1.36504e-05 1.00013 1.00473 9.94681e-05
1.36703e-05 1.00016 1.00474 9.94688e-05
1.36869e-05 1.00017 1.00474 9.94695e-05
1.37056e-05 1.00015 1.00475 9.94702e-05
1.37221e-05 1.00016 1.00476 9.94708e-05
1.37405e-05 1.00019 1.00476 9.94715e-05
1.37576e-05 1.0002 1.00477 9.94722e-05
1.37761e-05 1.00019 1.00478 9.94729e-05
1.37925e-05 1.00019 1.00478 9.94735e-05
1.38096e-05 1.00021 1.00479 9.94742e-05
1.38267e-05 1.00022 1.0048 9.94748e-05
1.3844e-05 1.00022 1.0048 9.94755e-05
1.38614e-05 1.00021 1.00481 9.94761e-05
1.38755e-05 1.00022 1.00481 9.94767e-05
1.38901e-05 1.00023 1.00482 9.94772e-05
1.39048e-05 1.00024 1.00483 9.94778e-05
1.39202e-05 1.00023 1.00483 9.94783e-05
1.39331e-05 1.00023 1.00484 9.94788e-05
1.39469e-05 1.00025 1.00484 9.94793e-05
1.39609e-05 1.00025 1.00485 9.94799e-05
1.39765e-05 1.00025 1.00485 9.94804e-05
1.39892e-05 1.00025 1.00486 9.94809e-05
1.40037e-05 1.00026 1.00486 9.94815e-05
1.40183e-05 1.00027 1.00487 9.9482e-05
1.40352e-05 1.00027 1.00488 9.94826e-05
1.40488e-05 1.00027 1.00488 9.94831e-05
1.40641e-05 1.00027 1.00489 9.94837e-05
1.40795e-05 1.00028 1.00489 9.94843e-05
1.40957e-05 1.00029 1.0049 9.94849e-05
1.41109e-05 1.00028 1.0049 9.94854e-05
1.41264e-05 1.00028 1.00491 9.9486e-05
1.4142e-05 1.00029 1.00491 9.94866e-05
1.41577e-05 1.0003 1.00492 9.94872e-05
1.41736e-05 1.0003 1.00493 9.94877e-05
1.41871e-05 1.0003 1.00493 9.94882e-05
1.42011e-05 1.0003 1.00494 9.94887e-05
1.42154e-05 1.00031 1.00494 9.94893e-05
1.42305e-05 1.00031 1.00495 9.94898e-05
1.42439e-05 1.00031 1.00495 9.94903e-05
1.42585e-05 1.00031 1.00496 9.94908e-05
1.42732e-05 1.00032 1.00496 9.94914e-05
1.42897e-05 1.00033 1.00497 9.9492e-05
1.43034e-05 1.00032 1.00497 9.94925e-05
1.43196e-05 1.00032 1.00498 9.94931e-05
1.43357e-05 1.00033 1.00499 9.94936e-05
1.43533e-05 1.00034 1.00499 9.94943e-05
1.43684e-05 1.00034 1.005 9.94948e-05
1.43844e-05 1.00033 1.005 9.94954e-05
1.44007e-05 1.00034 1.00501 9.9496e-05
1.44174e-05 1.00035 1.00502 9.94966e-05
1.44343e-05 1.00035 1.00502 9.94972e-05
1.44511e-05 1.00035 1.00503 9.94978e-05
1.44681e-05 1.00035 1.00503 9.94984e-05
1.44848e-05 1.00036 1.00504 9.9499e-05
1.45021e-05 1.00036 1.00505 9.94996e-05
1.4517e-05 1.00036 1.00505 9.95002e-05
1.45333e-05 1.00036 1.00506 9.95007e-05
1.45496e-05 1.00037 1.00506 9.95013e-05
1.45679e-05 1.00038 1.00507 9.9502e-05
1.45837e-05 1.00037 1.00508 9.95025e-05
1.46019e-05 1.00036 1.00508 9.95032e-05
1.46202e-05 1.00037 1.00509 9.95038e-05
1.46395e-05 1.00039 1.0051 9.95045e-05
1.46568e-05 1.00039 1.0051 9.95051e-05
1.46747e-05 1.00038 1.00511 9.95057e-05
1.46927e-05 1.00038 1.00511 9.95064e-05
1.47111e-05 1.0004 1.00512 9.9507e-05
1.47297e-05 1.0004 1.00513 9.95077e-05
1.47471e-05 1.00039 1.00513 9.95083e-05
1.47651e-05 1.00039 1.00514 9.95089e-05
1.47832e-05 1.0004 1.00515 9.95095e-05
1.48023e-05 1.00041 1.00515 9.95102e-05
1.48191e-05 1.0004 1.00516 9.95108e-05
1.48378e-05 1.00039 1.00517 9.95114e-05
1.48566e-05 1.00041 1.00517 9.95121e-05
1.48776e-05 1.00042 1.00518 9.95128e-05
1.48957e-05 1.00042 1.00519 9.95135e-05
1.49151e-05 1.00041 1.00519 9.95141e-05
1.49345e-05 1.00041 1.0052 9.95148e-05
1.49546e-05 1.00044 1.00521 9.95155e-05
1.49748e-05 1.00044 1.00521 9.95162e-05
1.49946e-05 1.00043 1.00522 9.95169e-05
1.50147e-05 1.00042 1.00523 9.95176e-05
1.50334e-05 1.00043 1.00523 9.95182e-05
1.50528e-05 1.00045 1.00524 9.95189e-05
1.50715e-05 1.00045 1.00525 9.95195e-05
1.50917e-05 1.00042 1.00525 9.95202e-05
1.51105e-05 1.00044 1.00526 9.95209e-05
1.513e-05 1.00046 1.00527 9.95216e-05
1.51496e-05 1.00047 1.00527 9.95222e-05
1.51683e-05 1.00045 1.00528 9.95229e-05
1.51872e-05 1.00044 1.00529 9.95235e-05
1.5203e-05 1.00046 1.00529 9.9524e-05
1.52193e-05 1.00048 1.0053 9.95246e-05
1.52357e-05 1.00047 1.0053 9.95252e-05
1.52527e-05 1.00046 1.00531 9.95257e-05
1.52676e-05 1.00048 1.00532 9.95263e-05
1.52834e-05 1.0005 1.00532 9.95268e-05
1.52995e-05 1.0005 1.00533 9.95273e-05
1.53166e-05 1.00048 1.00533 9.95279e-05
1.53337e-05 1.00049 1.00534 9.95285e-05
1.5351e-05 1.00052 1.00534 9.95291e-05
1.53685e-05 1.00053 1.00535 9.95297e-05
1.53839e-05 1.00052 1.00536 9.95302e-05
1.53998e-05 1.00051 1.00536 9.95307e-05
1.54142e-05 1.00053 1.00537 9.95312e-05
1.54297e-05 1.00055 1.00537 9.95317e-05
1.54447e-05 1.00055 1.00538 9.95322e-05
1.54606e-05 1.00053 1.00538 9.95328e-05
1.54743e-05 1.00055 1.00539 9.95332e-05
1.54891e-05 1.00057 1.00539 9.95337e-05
1.55041e-05 1.00058 1.0054 9.95342e-05
1.55199e-05 1.00056 1.0054 9.95348e-05
1.55357e-05 1.00057 1.00541 9.95353e-05
1.55516e-05 1.00059 1.00541 9.95358e-05
1.55678e-05 1.00061 1.00542 9.95364e-05
1.55821e-05 1.00059 1.00542 9.95369e-05
1.55969e-05 1.00058 1.00543 9.95374e-05
1.56103e-05 1.00061 1.00543 9.95378e-05
1.56251e-05 1.00063 1.00544 9.95383e-05
1.56391e-05 1.00063 1.00544 9.95388e-05
1.56547e-05 1.00061 1.00545 9.95393e-05
1.56676e-05 1.00063 1.00545 9.95397e-05
1.5682e-05 1.00066 1.00546 9.95402e-05
1.56967e-05 1.00066 1.00546 9.95407e-05
1.57122e-05 1.00064 1.00547 9.95412e-05
1.57277e-05 1.00065 1.00547 9.95417e-05
1.57435e-05 1.00068 1.00548 9.95422e-05
1.57595e-05 1.0007 1.00548 9.95428e-05
1.57738e-05 1.00068 1.00549 9.95432e-05
1.57886e-05 1.00067 1.00549 9.95437e-05
1.58017e-05 1.0007 1.0055 9.95442e-05
1.58163e-05 1.00072 1.0055 9.95447e-05
1.583e-05 1.00071 1.00551 9.95451e-05
1.58458e-05 1.0007 1.00551 9.95456e-05
1.5858e-05 1.00071 1.00552 9.9546e-05
1.58722e-05 1.00074 1.00552 9.95465e-05
1.58865e-05 1.00074 1.00552 9.9547e-05
1.59022e-05 1.00072 1.00553 9.95475e-05
1.59176e-05 1.00073 1.00554 9.9548e-05
1.59332e-05 1.00076 1.00554 9.95485e-05
1.59491e-05 1.00077 1.00555 9.9549e-05
1.59641e-05 1.00075 1.00555 9.95495e-05
1.59795e-05 1.00075 1.00556 9.955e-05
1.59922e-05 1.00077 1.00556 9.95505e-05
1.6006e-05 1.00079 1.00556 9.95509e-05
1.60197e-05 1.00079 1.00557 9.95514e-05
1.6035e-05 1.00079 1.00557 9.95519e-05
1.60467e-05 1.0008 1.00558 9.95522e-05
1.6061e-05 1.00082 1.00558 9.95527e-05
1.60751e-05 1.00083 1.00559 9.95532e-05
1.60912e-05 1.00084 1.00559 9.95537e-05
1.61042e-05 1.00083 1.0056 9.95541e-05
1.6119e-05 1.00085 1.0056 9.95546e-05
1.6134e-05 1.00087 1.00561 9.95551e-05
1.61497e-05 1.0009 1.00561 9.95556e-05
1.61655e-05 1.00089 1.00562 9.95561e-05
1.61814e-05 1.00087 1.00562 9.95566e-05
1.61977e-05 1.0009 1.00563 9.95572e-05
1.62111e-05 1.00093 1.00563 9.95576e-05
1.62256e-05 1.00094 1.00564 9.95581e-05
1.62393e-05 1.00091 1.00564 9.95585e-05
1.62545e-05 1.00091 1.00565 9.9559e-05
1.6267e-05 1.00095 1.00565 9.95594e-05
1.62814e-05 1.00098 1.00566 9.95599e-05
1.62944e-05 1.00096 1.00566 9.95603e-05
1.6309e-05 1.00094 1.00566 9.95608e-05
1.63229e-05 1.00097 1.00567 9.95612e-05
1.63383e-05 1.00101 1.00567 9.95617e-05
1.63524e-05 1.001 1.00568 9.95622e-05
1.63672e-05 1.00098 1.00568 9.95626e-05
1.63822e-05 1.00099 1.00569 9.95631e-05
1.63973e-05 1.00103 1.00569 9.95636e-05
1.64126e-05 1.00104 1.0057 9.95641e-05
1.64253e-05 1.00101 1.0057 9.95645e-05
1.64387e-05 1.00101 1.00571 9.95649e-05
1.64521e-05 1.00104 1.00571 9.95654e-05
1.64666e-05 1.00106 1.00572 9.95658e-05
1.64776e-05 1.00104 1.00572 9.95662e-05
1.64899e-05 1.00103 1.00572 9.95666e-05
1.65023e-05 1.00106 1.00573 9.9567e-05
1.65169e-05 1.00107 1.00573 9.95674e-05
1.65279e-05 1.00105 1.00574 9.95678e-05
1.65407e-05 1.00104 1.00574 9.95682e-05
1.65537e-05 1.00107 1.00574 9.95686e-05
1.65682e-05 1.00108 1.00575 9.95691e-05
1.65805e-05 1.00107 1.00575 9.95695e-05
1.65942e-05 1.00105 1.00576 9.95699e-05
1.6608e-05 1.00107 1.00576 9.95704e-05
1.6623e-05 1.00109 1.00577 9.95708e-05
1.6638e-05 1.00108 1.00577 9.95713e-05
1.66532e-05 1.00106 1.00578 9.95718e-05
1.66685e-05 1.00106 1.00578 9.95723e-05
1.66827e-05 1.00109 1.00579 9.95727e-05
1.66973e-05 1.00109 1.00579 9.95732e-05
1.671e-05 1.00107 1.00579 9.95736e-05
1.67234e-05 1.00106 1.0058 9.9574e-05
1.67366e-05 1.00108 1.0058 9.95744e-05
1.67512e-05 1.00108 1.00581 9.95749e-05
1.67625e-05 1.00107 1.00581 9.95753e-05
1.67752e-05 1.00106 1.00581 9.95757e-05
1.67881e-05 1.00107 1.00582 9.95761e-05
1.68023e-05 1.00108 1.00582 9.95765e-05
1.68152e-05 1.00106 1.00583 9.95769e-05
1.68292e-05 1.00105 1.00583 9.95774e-05
1.68433e-05 1.00106 1.00584 9.95778e-05
1.68585e-05 1.00108 1.00584 9.95783e-05
1.68737e-05 1.00107 1.00585 9.95788e-05
1.68892e-05 1.00105 1.00585 9.95793e-05
1.69047e-05 1.00105 1.00586 9.95797e-05
1.69197e-05 1.00107 1.00586 9.95802e-05
1.69351e-05 1.00107 1.00587 9.95807e-05
1.6948e-05 1.00105 1.00587 9.95811e-05
1.69618e-05 1.00105 1.00587 9.95815e-05
1.69757e-05 1.00107 1.00588 9.9582e-05
1.69905e-05 1.00107 1.00588 9.95824e-05
1.70026e-05 1.00106 1.00589 9.95828e-05
1.70157e-05 1.00105 1.00589 9.95832e-05
1.7029e-05 1.00107 1.0059 9.95836e-05
1.70433e-05 1.00107 1.0059 9.95841e-05
1.70573e-05 1.00106 1.0059 9.95845e-05
1.70721e-05 1.00105 1.00591 9.9585e-05
1.70871e-05 1.00106 1.00591 9.95854e-05
1.71024e-05 1.00108 1.00592 9.95859e-05
1.71178e-05 1.00107 1.00592 9.95864e-05
1.71322e-05 1.00106 1.00593 9.95869e-05
1.71469e-05 1.00106 1.00593 9.95873e-05
1.71609e-05 1.00107 1.00594 9.95877e-05
1.71756e-05 1.00107 1.00594 9.95882e-05
1.7188e-05 1.00106 1.00595 9.95886e-05
1.72013e-05 1.00106 1.00595 9.9589e-05
1.72147e-05 1.00108 1.00595 9.95894e-05
1.72291e-05 1.00113 1.00596 9.95899e-05
1.7242e-05 1.00114 1.00596 9.95903e-05
1.72558e-05 1.00115 1.00597 9.95907e-05
1.72697e-05 1.00118 1.00597 9.95911e-05
1.72845e-05 1.00123 1.00598 9.95916e-05
1.72993e-05 1.00125 1.00598 9.9592e-05
1.73145e-05 1.00126 1.00598 9.95925e-05
1.73298e-05 1.00127 1.00599 9.9593e-05
1.73451e-05 1.00132 1.00599 9.95934e-05
1.73607e-05 1.00137 1.006 9.95939e-05
1.73734e-05 1.00137 1.006 9.95943e-05
1.73871e-05 1.00139 1.00601 9.95947e-05
1.74008e-05 1.00142 1.00601 9.95951e-05
1.74154e-05 1.00147 1.00602 9.95956e-05
1.74281e-05 1.00148 1.00602 9.9596e-05
1.74416e-05 1.00149 1.00602 9.95964e-05
1.74553e-05 1.00152 1.00603 9.95968e-05
1.74698e-05 1.00157 1.00603 9.95973e-05
1.74844e-05 1.00159 1.00604 9.95977e-05
1.74996e-05 1.00159 1.00604 9.95982e-05
1.7515e-05 1.00161 1.00605 9.95986e-05
1.75305e-05 1.00166 1.00605 9.95991e-05
1.75462e-05 1.00171 1.00606 9.95996e-05
1.75597e-05 1.00171 1.00606 9.96e-05
1.75738e-05 1.00172 1.00607 9.96004e-05
1.7588e-05 1.00177 1.00607 9.96009e-05
1.76029e-05 1.00181 1.00607 9.96013e-05
1.76155e-05 1.00182 1.00608 9.96017e-05
1.76291e-05 1.00183 1.00608 9.96021e-05
1.76429e-05 1.00186 1.00609 9.96025e-05
1.76575e-05 1.00191 1.00609 9.9603e-05
1.7672e-05 1.00193 1.0061 9.96034e-05
1.7687e-05 1.00193 1.0061 9.96039e-05
1.77022e-05 1.00195 1.0061 9.96043e-05
1.77177e-05 1.00199 1.00611 9.96048e-05
1.77333e-05 1.00202 1.00611 9.96053e-05
1.77472e-05 1.00203 1.00612 9.96057e-05
1.77616e-05 1.00205 1.00612 9.96061e-05
1.77753e-05 1.00207 1.00613 9.96065e-05
1.77897e-05 1.0021 1.00613 9.9607e-05
1.78018e-05 1.00211 1.00613 9.96073e-05
1.7815e-05 1.00213 1.00614 9.96077e-05
1.78282e-05 1.00215 1.00614 9.96081e-05
1.78423e-05 1.00217 1.00615 9.96086e-05
1.78543e-05 1.00218 1.00615 9.96089e-05
1.78674e-05 1.0022 1.00615 9.96093e-05
1.78805e-05 1.00222 1.00616 9.96097e-05
1.78946e-05 1.00224 1.00616 9.96101e-05
1.79085e-05 1.00225 1.00617 9.96105e-05
1.79232e-05 1.00227 1.00617 9.9611e-05
1.79379e-05 1.00228 1.00618 9.96114e-05
1.79531e-05 1.00231 1.00618 9.96119e-05
1.79685e-05 1.00233 1.00619 9.96123e-05
1.79831e-05 1.00234 1.00619 9.96128e-05
1.79981e-05 1.00236 1.00619 9.96132e-05
1.80109e-05 1.00238 1.0062 9.96136e-05
1.80245e-05 1.00239 1.0062 9.9614e-05
1.80373e-05 1.00241 1.00621 9.96144e-05
1.80512e-05 1.00242 1.00621 9.96148e-05
1.80633e-05 1.00244 1.00621 9.96152e-05
1.80764e-05 1.00245 1.00622 9.96156e-05
1.80892e-05 1.00247 1.00622 9.96159e-05
1.8103e-05 1.00248 1.00623 9.96164e-05
1.81156e-05 1.00249 1.00623 9.96167e-05
1.81292e-05 1.00251 1.00623 9.96171e-05
1.81429e-05 1.00253 1.00624 9.96175e-05
1.81575e-05 1.00254 1.00624 9.9618e-05
1.81721e-05 1.00255 1.00625 9.96184e-05
1.8187e-05 1.00257 1.00625 9.96188e-05
1.82022e-05 1.00259 1.00626 9.96193e-05
1.82156e-05 1.0026 1.00626 9.96197e-05
1.82296e-05 1.00261 1.00626 9.96201e-05
1.82421e-05 1.00262 1.00627 9.96205e-05
1.82554e-05 1.00264 1.00627 9.96209e-05
1.8267e-05 1.00265 1.00627 9.96212e-05
1.82799e-05 1.00266 1.00628 9.96216e-05
1.82917e-05 1.00267 1.00628 9.96219e-05
1.83046e-05 1.00268 1.00629 9.96223e-05
1.8316e-05 1.00269 1.00629 9.96227e-05
1.83288e-05 1.0027 1.00629 9.9623e-05
1.83409e-05 1.00271 1.0063 9.96234e-05
1.83541e-05 1.00273 1.0063 9.96238e-05
1.83662e-05 1.00274 1.0063 9.96241e-05
1.83796e-05 1.00275 1.00631 9.96245e-05
1.83929e-05 1.00276 1.00631 9.96249e-05
1.84074e-05 1.00278 1.00632 9.96253e-05
1.84219e-05 1.0028 1.00632 9.96258e-05
1.84367e-05 1.0028 1.00633 9.96262e-05
1.84516e-05 1.00281 1.00633 9.96266e-05
1.84643e-05 1.00282 1.00633 9.9627e-05
1.84777e-05 1.00284 1.00634 9.96274e-05
1.84897e-05 1.00285 1.00634 9.96277e-05
1.85029e-05 1.00286 1.00634 9.96281e-05
1.85141e-05 1.00287 1.00635 9.96285e-05
1.85267e-05 1.00288 1.00635 9.96288e-05
1.85378e-05 1.00289 1.00636 9.96292e-05
1.85507e-05 1.00289 1.00636 9.96295e-05
1.85617e-05 1.0029 1.00636 9.96298e-05
1.85741e-05 1.00292 1.00637 9.96302e-05
1.85856e-05 1.00293 1.00637 9.96305e-05
1.85988e-05 1.00293 1.00637 9.96309e-05
1.86102e-05 1.00294 1.00638 9.96313e-05
1.8623e-05 1.00295 1.00638 9.96316e-05
1.86359e-05 1.00297 1.00638 9.9632e-05
1.86498e-05 1.00297 1.00639 9.96324e-05
1.86629e-05 1.00297 1.00639 9.96328e-05
1.86765e-05 1.00298 1.0064 9.96332e-05
1.86904e-05 1.003 1.0064 9.96336e-05
1.87039e-05 1.003 1.0064 9.9634e-05
1.87179e-05 1.003 1.00641 9.96344e-05
1.87289e-05 1.00301 1.00641 9.96347e-05
1.87409e-05 1.00302 1.00641 9.9635e-05
1.87523e-05 1.00302 1.00642 9.96354e-05
1.87653e-05 1.00302 1.00642 9.96357e-05
1.87751e-05 1.00303 1.00642 9.9636e-05
1.87867e-05 1.00304 1.00643 9.96364e-05
1.87975e-05 1.00304 1.00643 9.96367e-05
1.88104e-05 1.00304 1.00643 9.9637e-05
1.882e-05 1.00304 1.00644 9.96373e-05
1.88316e-05 1.00305 1.00644 9.96377e-05
1.88426e-05 1.00306 1.00644 9.9638e-05
1.88557e-05 1.00305 1.00645 9.96383e-05
1.88658e-05 1.00305 1.00645 9.96386e-05
1.88776e-05 1.00306 1.00645 9.9639e-05
1.88895e-05 1.00306 1.00646 9.96393e-05
1.89033e-05 1.00306 1.00646 9.96397e-05
1.89148e-05 1.00305 1.00647 9.964e-05
1.89278e-05 1.00305 1.00647 9.96404e-05
1.8941e-05 1.00306 1.00647 9.96408e-05
1.89551e-05 1.00305 1.00648 9.96412e-05
1.89692e-05 1.00304 1.00648 9.96416e-05
1.89837e-05 1.00304 1.00648 9.9642e-05
1.89986e-05 1.00304 1.00649 9.96424e-05
1.90129e-05 1.00303 1.00649 9.96428e-05
1.90282e-05 1.00302 1.0065 9.96433e-05
1.90406e-05 1.00301 1.0065 9.96436e-05
1.90541e-05 1.00301 1.00651 9.9644e-05
1.90676e-05 1.00301 1.00651 9.96444e-05
1.90824e-05 1.00299 1.00651 9.96448e-05
1.90945e-05 1.00299 1.00652 9.96452e-05
1.91078e-05 1.00298 1.00652 9.96455e-05
1.91212e-05 1.00298 1.00652 9.96459e-05
1.9136e-05 1.00297 1.00653 9.96464e-05
1.91498e-05 1.00296 1.00653 9.96467e-05
1.91647e-05 1.00295 1.00654 9.96472e-05
1.91797e-05 1.00295 1.00654 9.96476e-05
1.9195e-05 1.00294 1.00655 9.9648e-05
1.92105e-05 1.00292 1.00655 9.96485e-05
1.92262e-05 1.00292 1.00655 9.96489e-05
1.92422e-05 1.00291 1.00656 9.96494e-05
1.9256e-05 1.0029 1.00656 9.96498e-05
1.92708e-05 1.00289 1.00657 9.96502e-05
1.92856e-05 1.00288 1.00657 9.96506e-05
1.9301e-05 1.00287 1.00658 9.9651e-05
1.93144e-05 1.00287 1.00658 9.96514e-05
1.93288e-05 1.00285 1.00658 9.96518e-05
1.93432e-05 1.00285 1.00659 9.96522e-05
1.93585e-05 1.00284 1.00659 9.96526e-05
1.93723e-05 1.00283 1.0066 9.9653e-05
1.93872e-05 1.00282 1.0066 9.96535e-05
1.94022e-05 1.00281 1.0066 9.96539e-05
1.94182e-05 1.0028 1.00661 9.96543e-05
1.94339e-05 1.0028 1.00661 9.96548e-05
1.945e-05 1.00278 1.00662 9.96552e-05
1.94663e-05 1.00277 1.00662 9.96557e-05
1.94828e-05 1.00276 1.00663 9.96561e-05
1.94994e-05 1.00275 1.00663 9.96566e-05
1.95152e-05 1.00275 1.00664 9.96571e-05
1.95312e-05 1.00273 1.00664 9.96575e-05
1.95473e-05 1.00272 1.00665 9.96579e-05
1.95637e-05 1.00272 1.00665 9.96584e-05
1.95797e-05 1.00271 1.00666 9.96589e-05
1.9596e-05 1.0027 1.00666 9.96593e-05
1.96125e-05 1.00269 1.00666 9.96598e-05
1.96293e-05 1.00268 1.00667 9.96602e-05
1.96463e-05 1.00268 1.00667 9.96607e-05
1.9664e-05 1.00267 1.00668 9.96612e-05
1.96801e-05 1.00266 1.00668 9.96616e-05
1.96973e-05 1.00265 1.00669 9.96621e-05
1.97145e-05 1.00265 1.00669 9.96626e-05
1.97325e-05 1.00263 1.0067 9.96631e-05
1.97496e-05 1.00263 1.0067 9.96636e-05
1.97673e-05 1.00262 1.00671 9.96641e-05
1.97838e-05 1.00262 1.00671 9.96645e-05
1.98008e-05 1.00261 1.00672 9.9665e-05
1.9818e-05 1.0026 1.00672 9.96655e-05
1.98355e-05 1.0026 1.00673 9.9666e-05
1.98531e-05 1.0026 1.00673 9.96664e-05
1.98708e-05 1.00259 1.00674 9.96669e-05
1.9889e-05 1.00258 1.00674 9.96674e-05
1.99049e-05 1.00258 1.00675 9.96679e-05
1.99217e-05 1.00258 1.00675 9.96683e-05
1.99386e-05 1.00258 1.00676 9.96688e-05
1.99569e-05 1.00257 1.00676 9.96693e-05
1.99737e-05 1.00257 1.00677 9.96698e-05
1.9991e-05 1.00262 1.00677 9.96702e-05
2.00085e-05 1.00265 1.00677 9.96707e-05
2.0026e-05 1.00268 1.00678 9.96712e-05
2.00436e-05 1.00272 1.00678 9.96717e-05
2.00579e-05 1.00276 1.00679 9.96721e-05
2.00726e-05 1.00279 1.00679 9.96725e-05
2.00872e-05 1.00281 1.0068 9.96729e-05
2.01025e-05 1.00284 1.0068 9.96733e-05
2.01151e-05 1.00287 1.0068 9.96736e-05
2.01285e-05 1.0029 1.00681 9.9674e-05
2.01419e-05 1.00292 1.00681 9.96744e-05
2.01566e-05 1.00295 1.00682 9.96748e-05
2.01688e-05 1.00298 1.00682 9.96751e-05
2.01822e-05 1.003 1.00682 9.96755e-05
2.01956e-05 1.00302 1.00683 9.96758e-05
2.02107e-05 1.00305 1.00683 9.96762e-05
2.02236e-05 1.00308 1.00683 9.96766e-05
2.02375e-05 1.00311 1.00684 9.9677e-05
2.02517e-05 1.00313 1.00684 9.96774e-05
2.02662e-05 1.00315 1.00685 9.96778e-05
2.0281e-05 1.00318 1.00685 9.96781e-05
2.02947e-05 1.00321 1.00685 9.96785e-05
2.03089e-05 1.00323 1.00686 9.96789e-05
2.0321e-05 1.00324 1.00686 9.96792e-05
2.03342e-05 1.00327 1.00686 9.96796e-05
2.03462e-05 1.00329 1.00687 9.96799e-05
2.03592e-05 1.00331 1.00687 9.96803e-05
2.03705e-05 1.00333 1.00687 9.96806e-05
2.03832e-05 1.00335 1.00688 9.96809e-05
2.03946e-05 1.00337 1.00688 9.96812e-05
2.04073e-05 1.00339 1.00688 9.96816e-05
2.04184e-05 1.00341 1.00689 9.96819e-05
2.04311e-05 1.00343 1.00689 9.96822e-05
2.04424e-05 1.00345 1.00689 9.96825e-05
2.04551e-05 1.00347 1.0069 9.96829e-05
2.04662e-05 1.00348 1.0069 9.96832e-05
2.04789e-05 1.0035 1.0069 9.96835e-05
2.04903e-05 1.00352 1.00691 9.96838e-05
2.0503e-05 1.00354 1.00691 9.96842e-05
2.05142e-05 1.00355 1.00691 9.96845e-05
2.0527e-05 1.00358 1.00692 9.96848e-05
2.05383e-05 1.0036 1.00692 9.96851e-05
2.05512e-05 1.00361 1.00692 9.96855e-05
2.05623e-05 1.00363 1.00693 9.96858e-05
2.05752e-05 1.00365 1.00693 9.96861e-05
2.05866e-05 1.00366 1.00693 9.96864e-05
2.05996e-05 1.00368 1.00694 9.96868e-05
2.06108e-05 1.00369 1.00694 9.96871e-05
2.06238e-05 1.00372 1.00694 9.96874e-05
2.06353e-05 1.00373 1.00695 9.96877e-05
2.06484e-05 1.00375 1.00695 9.96881e-05
2.06597e-05 1.00376 1.00695 9.96884e-05
2.06728e-05 1.00378 1.00696 9.96887e-05
2.06845e-05 1.0038 1.00696 9.9689e-05
2.06979e-05 1.00381 1.00696 9.96894e-05
2.07094e-05 1.00383 1.00697 9.96897e-05
2.07228e-05 1.00385 1.00697 9.96901e-05
2.07349e-05 1.00386 1.00697 9.96904e-05
2.07487e-05 1.00388 1.00698 9.96907e-05
2.07612e-05 1.00389 1.00698 9.96911e-05
2.07748e-05 1.00391 1.00698 9.96914e-05
2.07883e-05 1.00393 1.00699 9.96918e-05
2.08022e-05 1.00394 1.00699 9.96922e-05
2.08162e-05 1.00396 1.007 9.96925e-05
2.08288e-05 1.00398 1.007 9.96929e-05
2.08418e-05 1.004 1.007 9.96932e-05
2.0853e-05 1.00401 1.00701 9.96935e-05
2.0865e-05 1.00402 1.00701 9.96938e-05
2.08758e-05 1.00403 1.00701 9.96941e-05
2.08877e-05 1.00405 1.00701 9.96944e-05
2.08978e-05 1.00406 1.00702 9.96947e-05
2.09091e-05 1.00407 1.00702 9.9695e-05
2.09194e-05 1.00409 1.00702 9.96953e-05
2.09315e-05 1.00411 1.00703 9.96956e-05
2.09411e-05 1.00412 1.00703 9.96959e-05
2.0952e-05 1.00413 1.00703 9.96961e-05
2.09626e-05 1.00414 1.00703 9.96964e-05
2.09749e-05 1.00417 1.00704 9.96968e-05
2.09843e-05 1.00417 1.00704 9.9697e-05
2.09952e-05 1.00418 1.00704 9.96973e-05
2.1006e-05 1.0042 1.00705 9.96976e-05
2.10183e-05 1.00422 1.00705 9.96979e-05
2.1028e-05 1.00423 1.00705 9.96982e-05
2.10389e-05 1.00423 1.00705 9.96984e-05
2.10499e-05 1.00425 1.00706 9.96987e-05
2.10623e-05 1.00426 1.00706 9.96991e-05
2.10725e-05 1.00427 1.00706 9.96993e-05
2.1084e-05 1.00427 1.00707 9.96996e-05
2.10956e-05 1.00429 1.00707 9.96999e-05
2.11084e-05 1.0043 1.00707 9.97003e-05
2.11198e-05 1.00431 1.00708 9.97006e-05
2.11324e-05 1.00431 1.00708 9.97009e-05
2.11451e-05 1.00432 1.00708 9.97012e-05
2.11586e-05 1.00433 1.00709 9.97016e-05
2.11722e-05 1.00433 1.00709 9.9702e-05
2.11858e-05 1.00433 1.00709 9.97023e-05
2.11998e-05 1.00433 1.0071 9.97027e-05
2.12121e-05 1.00435 1.0071 9.9703e-05
2.1225e-05 1.00435 1.0071 9.97033e-05
2.12372e-05 1.00435 1.00711 9.97037e-05
2.12501e-05 1.00435 1.00711 9.9704e-05
2.12621e-05 1.00436 1.00711 9.97043e-05
2.12749e-05 1.00436 1.00712 9.97046e-05
2.12873e-05 1.00436 1.00712 9.9705e-05
2.13003e-05 1.00436 1.00712 9.97053e-05
2.13133e-05 1.00437 1.00713 9.97057e-05
2.1327e-05 1.00437 1.00713 9.9706e-05
2.13407e-05 1.00437 1.00713 9.97064e-05
2.13548e-05 1.00436 1.00714 9.97067e-05
2.1369e-05 1.00437 1.00714 9.97071e-05
2.13835e-05 1.00438 1.00715 9.97075e-05
2.13961e-05 1.00437 1.00715 9.97078e-05
2.14091e-05 1.00436 1.00715 9.97081e-05
2.14224e-05 1.00436 1.00716 9.97085e-05
2.14362e-05 1.00437 1.00716 9.97089e-05
2.1449e-05 1.00437 1.00716 9.97092e-05
2.14627e-05 1.00437 1.00717 9.97095e-05
2.14764e-05 1.00436 1.00717 9.97099e-05
2.14913e-05 1.00436 1.00717 9.97103e-05
2.1504e-05 1.00436 1.00718 9.97106e-05
2.15184e-05 1.00436 1.00718 9.9711e-05
2.15329e-05 1.00435 1.00719 9.97114e-05
2.15491e-05 1.00434 1.00719 9.97118e-05
2.15625e-05 1.00435 1.00719 9.97121e-05
2.15773e-05 1.00434 1.0072 9.97125e-05
2.15922e-05 1.00433 1.0072 9.97129e-05
2.1608e-05 1.00433 1.00721 9.97133e-05
2.16236e-05 1.00433 1.00721 9.97137e-05
2.16392e-05 1.00432 1.00721 9.97141e-05
2.16539e-05 1.00431 1.00722 9.97145e-05
2.16688e-05 1.00431 1.00722 9.97149e-05
2.1684e-05 1.00431 1.00722 9.97153e-05
2.16962e-05 1.0043 1.00723 9.97156e-05
2.17089e-05 1.0043 1.00723 9.97159e-05
2.17218e-05 1.0043 1.00723 9.97162e-05
2.17352e-05 1.00429 1.00724 9.97166e-05
2.17471e-05 1.00429 1.00724 9.97169e-05
2.17594e-05 1.00429 1.00724 9.97172e-05
2.17719e-05 1.00428 1.00725 9.97175e-05
2.1785e-05 1.00428 1.00725 9.97179e-05
2.17965e-05 1.00428 1.00725 9.97182e-05
2.18087e-05 1.00427 1.00726 9.97185e-05
2.1821e-05 1.00427 1.00726 9.97188e-05
2.18342e-05 1.00427 1.00726 9.97191e-05
2.18458e-05 1.00426 1.00727 9.97194e-05
2.18582e-05 1.00426 1.00727 9.97197e-05
2.18707e-05 1.00426 1.00727 9.972e-05
2.18844e-05 1.00426 1.00728 9.97204e-05
2.18961e-05 1.00425 1.00728 9.97207e-05
2.19089e-05 1.00425 1.00728 9.9721e-05
2.19218e-05 1.00425 1.00729 9.97213e-05
2.19362e-05 1.00425 1.00729 9.97217e-05
2.19482e-05 1.00424 1.00729 9.9722e-05
2.19618e-05 1.00424 1.0073 9.97224e-05
2.19754e-05 1.00424 1.0073 9.97227e-05
2.19907e-05 1.00424 1.0073 9.97231e-05
2.20033e-05 1.00423 1.00731 9.97234e-05
2.2018e-05 1.00423 1.00731 9.97238e-05
2.20327e-05 1.00423 1.00731 9.97241e-05
2.2049e-05 1.00423 1.00732 9.97246e-05
2.20625e-05 1.00423 1.00732 9.97249e-05
2.20771e-05 1.00423 1.00733 9.97253e-05
2.20918e-05 1.00423 1.00733 9.97256e-05
2.21071e-05 1.00422 1.00733 9.9726e-05
2.21222e-05 1.00422 1.00734 9.97264e-05
2.21374e-05 1.00422 1.00734 9.97268e-05
2.21521e-05 1.00422 1.00735 9.97272e-05
2.21669e-05 1.00422 1.00735 9.97275e-05
2.21818e-05 1.00422 1.00735 9.97279e-05
2.2194e-05 1.00422 1.00736 9.97282e-05
2.22064e-05 1.00422 1.00736 9.97285e-05
2.22192e-05 1.00422 1.00736 9.97288e-05
2.22325e-05 1.00422 1.00737 9.97292e-05
2.22448e-05 1.00422 1.00737 9.97295e-05
2.22575e-05 1.00422 1.00737 9.97298e-05
2.22703e-05 1.00422 1.00737 9.97301e-05
2.2284e-05 1.00422 1.00738 9.97305e-05
2.22957e-05 1.00422 1.00738 9.97308e-05
2.23081e-05 1.00422 1.00738 9.97311e-05
2.23207e-05 1.00422 1.00739 9.97314e-05
2.23345e-05 1.00586 1.00739 9.97317e-05
2.23465e-05 1.00586 1.00739 9.9732e-05
2.23596e-05 1.00587 1.0074 9.97323e-05
2.23727e-05 1.00423 1.0074 9.97327e-05
2.23873e-05 1.00423 1.0074 9.9733e-05
2.23995e-05 1.00423 1.00741 9.97333e-05
2.24133e-05 1.00423 1.00741 9.97337e-05
2.24271e-05 1.00423 1.00741 9.9734e-05
2.24425e-05 1.00423 1.00742 9.97344e-05
2.24556e-05 1.00423 1.00742 9.97347e-05
2.24707e-05 1.00423 1.00743 9.97351e-05
2.24857e-05 1.00424 1.00743 9.97355e-05
2.25018e-05 1.00424 1.00743 9.97359e-05
2.25151e-05 1.00424 1.00744 9.97362e-05
2.25294e-05 1.00424 1.00744 9.97366e-05
2.25439e-05 1.00424 1.00744 9.97369e-05
2.25589e-05 1.00424 1.00745 9.97373e-05
2.25741e-05 1.00425 1.00745 9.97377e-05
2.25892e-05 1.00425 1.00745 9.9738e-05
2.26044e-05 1.00425 1.00746 9.97384e-05
2.26187e-05 1.00425 1.00746 9.97388e-05
2.26334e-05 1.00426 1.00747 9.97391e-05
2.26461e-05 1.00426 1.00747 9.97394e-05
2.26593e-05 1.00426 1.00747 9.97397e-05
2.26727e-05 1.00426 1.00748 9.97401e-05
2.26868e-05 1.00426 1.00748 9.97404e-05
2.26991e-05 1.00427 1.00748 9.97407e-05
2.27123e-05 1.00427 1.00749 9.9741e-05
2.27256e-05 1.00427 1.00749 9.97414e-05
2.274e-05 1.00427 1.00749 9.97417e-05
2.27525e-05 1.00428 1.0075 9.9742e-05
2.27664e-05 1.00428 1.0075 9.97424e-05
2.27803e-05 1.00428 1.0075 9.97427e-05
2.27957e-05 1.00428 1.00751 9.97431e-05
2.28089e-05 1.00429 1.00751 9.97434e-05
2.28241e-05 1.00429 1.00751 9.97438e-05
2.28386e-05 1.00431 1.00752 9.97441e-05
2.28543e-05 1.00434 1.00752 9.97445e-05
2.28683e-05 1.00436 1.00752 9.97449e-05
2.2883e-05 1.00438 1.00753 9.97452e-05
2.28978e-05 1.0044 1.00753 9.97456e-05
2.2913e-05 1.00442 1.00753 9.9746e-05
2.29282e-05 1.00445 1.00754 9.97463e-05
2.29429e-05 1.00447 1.00754 9.97467e-05
2.29577e-05 1.00449 1.00755 9.9747e-05
2.29724e-05 1.00451 1.00755 9.97474e-05
2.29874e-05 1.00453 1.00755 9.97478e-05
2.29998e-05 1.00455 1.00756 9.97481e-05
2.30127e-05 1.00457 1.00756 9.97484e-05
2.30258e-05 1.00458 1.00756 9.97487e-05
2.30398e-05 1.0046 1.00757 9.9749e-05
2.30527e-05 1.00462 1.00757 9.97494e-05
2.30664e-05 1.00464 1.00757 9.97497e-05
2.30802e-05 1.00466 1.00758 9.975e-05
2.30951e-05 1.00468 1.00758 9.97504e-05
2.3108e-05 1.0047 1.00758 9.97507e-05
2.31222e-05 1.00471 1.00759 9.9751e-05
2.31366e-05 1.00473 1.00759 9.97514e-05
2.31524e-05 1.00475 1.00759 9.97518e-05
2.31661e-05 1.00477 1.0076 9.97521e-05
2.31815e-05 1.00479 1.0076 9.97525e-05
2.31968e-05 1.00481 1.0076 9.97528e-05
2.3213e-05 1.00483 1.00761 9.97532e-05
2.32272e-05 1.00485 1.00761 9.97536e-05
2.3242e-05 1.00486 1.00762 9.97539e-05
2.3257e-05 1.00488 1.00762 9.97543e-05
2.32722e-05 1.00489 1.00762 9.97547e-05
2.32877e-05 1.00492 1.00763 9.9755e-05
2.33023e-05 1.00493 1.00763 9.97554e-05
2.33173e-05 1.00495 1.00763 9.97557e-05
2.33323e-05 1.00496 1.00764 9.97561e-05
2.33479e-05 1.00498 1.00764 9.97565e-05
2.33609e-05 1.005 1.00764 9.97568e-05
2.33748e-05 1.00501 1.00765 9.97571e-05
2.33889e-05 1.00502 1.00765 9.97575e-05
2.34042e-05 1.00504 1.00765 9.97578e-05
2.34179e-05 1.00506 1.00766 9.97582e-05
2.34332e-05 1.00507 1.00766 9.97585e-05
2.34484e-05 1.00508 1.00767 9.97589e-05
2.34656e-05 1.0051 1.00767 9.97593e-05
2.34801e-05 1.00513 1.00767 9.97596e-05
2.3496e-05 1.00514 1.00768 9.976e-05
2.35119e-05 1.00515 1.00768 9.97604e-05
2.35285e-05 1.00516 1.00768 9.97608e-05
2.35451e-05 1.00519 1.00769 9.97612e-05
2.35614e-05 1.0052 1.00769 9.97616e-05
2.35764e-05 1.00521 1.0077 9.97619e-05
2.35917e-05 1.00523 1.0077 9.97623e-05
2.36073e-05 1.00525 1.0077 9.97627e-05
2.36212e-05 1.00526 1.00771 9.9763e-05
2.36354e-05 1.00527 1.00771 9.97633e-05
2.36497e-05 1.00528 1.00771 9.97637e-05
2.36648e-05 1.0053 1.00772 9.9764e-05
2.36778e-05 1.00531 1.00772 9.97643e-05
2.36914e-05 1.00532 1.00772 9.97647e-05
2.37053e-05 1.00533 1.00773 9.9765e-05
2.37202e-05 1.00535 1.00773 9.97654e-05
2.37334e-05 1.00536 1.00773 9.97657e-05
2.37475e-05 1.00537 1.00774 9.9766e-05
2.37617e-05 1.00538 1.00774 9.97663e-05
2.37775e-05 1.0054 1.00774 9.97667e-05
2.37907e-05 1.00541 1.00775 9.9767e-05
2.38055e-05 1.00542 1.00775 9.97674e-05
2.38204e-05 1.00543 1.00775 9.97677e-05
2.38374e-05 1.00545 1.00776 9.97681e-05
2.38513e-05 1.00546 1.00776 9.97685e-05
2.38676e-05 1.00548 1.00777 9.97688e-05
2.38839e-05 1.00549 1.00777 9.97692e-05
2.39016e-05 1.0055 1.00777 9.97696e-05
2.39177e-05 1.00552 1.00778 9.977e-05
2.39344e-05 1.00553 1.00778 9.97704e-05
2.39511e-05 1.00554 1.00779 9.97708e-05
2.3968e-05 1.00555 1.00779 9.97712e-05
2.3985e-05 1.00557 1.00779 9.97716e-05
2.39994e-05 1.00559 1.0078 9.97719e-05
2.4014e-05 1.0056 1.0078 9.97723e-05
2.40288e-05 1.0056 1.0078 9.97726e-05
2.4044e-05 1.00562 1.00781 9.9773e-05
2.40569e-05 1.00563 1.00781 9.97733e-05
2.40702e-05 1.00564 1.00781 9.97736e-05
2.40838e-05 1.00565 1.00782 9.97739e-05
2.40981e-05 1.00566 1.00782 9.97743e-05
2.41108e-05 1.00568 1.00782 9.97746e-05
2.4124e-05 1.00568 1.00783 9.97749e-05
2.41374e-05 1.00569 1.00783 9.97752e-05
2.41518e-05 1.0057 1.00783 9.97755e-05
2.41642e-05 1.00571 1.00784 9.97758e-05
2.41773e-05 1.00573 1.00784 9.97761e-05
2.41907e-05 1.00573 1.00784 9.97764e-05
2.42053e-05 1.00574 1.00785 9.97768e-05
2.42178e-05 1.00575 1.00785 9.97771e-05
2.42313e-05 1.00577 1.00785 9.97774e-05
2.4245e-05 1.00577 1.00786 9.97777e-05
2.42602e-05 1.00578 1.00786 9.9778e-05
2.42726e-05 1.00579 1.00786 9.97783e-05
2.42865e-05 1.00581 1.00787 9.97787e-05
2.43005e-05 1.00581 1.00787 9.9779e-05
2.43163e-05 1.00582 1.00787 9.97794e-05
2.4329e-05 1.00583 1.00788 9.97797e-05
2.43434e-05 1.00584 1.00788 9.978e-05
2.43579e-05 1.00585 1.00788 9.97803e-05
2.43746e-05 1.00586 1.00789 9.97807e-05
2.43877e-05 1.00587 1.00789 9.9781e-05
2.44029e-05 1.00588 1.00789 9.97814e-05
2.44181e-05 1.0059 1.0079 9.97817e-05
2.44359e-05 1.0059 1.0079 9.97821e-05
2.44497e-05 1.00591 1.0079 9.97825e-05
2.44658e-05 1.00593 1.00791 9.97828e-05
2.4482e-05 1.00594 1.00791 9.97832e-05
2.44996e-05 1.00595 1.00792 9.97836e-05
2.45158e-05 1.00596 1.00792 9.9784e-05
2.45325e-05 1.00597 1.00792 9.97844e-05
2.45492e-05 1.00599 1.00793 9.97848e-05
2.45661e-05 1.006 1.00793 9.97852e-05
2.45829e-05 1.006 1.00793 9.97856e-05
2.45964e-05 1.00601 1.00794 9.97859e-05
2.46101e-05 1.00602 1.00794 9.97862e-05
2.46241e-05 1.00603 1.00794 9.97865e-05
2.46385e-05 1.00604 1.00795 9.97868e-05
2.4651e-05 1.00604 1.00795 9.97871e-05
2.46639e-05 1.00606 1.00795 9.97874e-05
2.4677e-05 1.00607 1.00796 9.97877e-05
2.46906e-05 1.00608 1.00796 9.9788e-05
2.47025e-05 1.00608 1.00796 9.97883e-05
2.47148e-05 1.00608 1.00797 9.97886e-05
2.47274e-05 1.0061 1.00797 9.97889e-05
2.47406e-05 1.00611 1.00797 9.97892e-05
2.47512e-05 1.00611 1.00797 9.97894e-05
2.47625e-05 1.00611 1.00798 9.97897e-05
2.47739e-05 1.00613 1.00798 9.97899e-05
2.47861e-05 1.00614 1.00798 9.97902e-05
2.47963e-05 1.00614 1.00798 9.97905e-05
2.48071e-05 1.00614 1.00799 9.97907e-05
2.48181e-05 1.00615 1.00799 9.97909e-05
2.483e-05 1.00617 1.00799 9.97912e-05
2.48413e-05 1.00617 1.00799 9.97915e-05
2.48533e-05 1.00617 1.008 9.97917e-05
2.48654e-05 1.00618 1.008 9.9792e-05
2.4878e-05 1.0062 1.008 9.97923e-05
2.48906e-05 1.0062 1.00801 9.97926e-05
2.49029e-05 1.0062 1.00801 9.97929e-05
2.49154e-05 1.00621 1.00801 9.97932e-05
2.49266e-05 1.00622 1.00801 9.97934e-05
2.4938e-05 1.00623 1.00802 9.97937e-05
2.49483e-05 1.00623 1.00802 9.97939e-05
2.49593e-05 1.00623 1.00802 9.97942e-05
2.49702e-05 1.00625 1.00802 9.97944e-05
2.49817e-05 1.00626 1.00803 9.97947e-05
2.49914e-05 1.00625 1.00803 9.97949e-05
2.50021e-05 1.00626 1.00803 9.97951e-05
2.50128e-05 1.00627 1.00803 9.97954e-05
2.50244e-05 1.00628 1.00804 9.97957e-05
2.50357e-05 1.00628 1.00804 9.97959e-05
2.50476e-05 1.00628 1.00804 9.97962e-05
2.50596e-05 1.00629 1.00804 9.97965e-05
2.5072e-05 1.00631 1.00805 9.97967e-05
2.50846e-05 1.00631 1.00805 9.9797e-05
2.50967e-05 1.00631 1.00805 9.97973e-05
2.51092e-05 1.00632 1.00806 9.97976e-05
2.51204e-05 1.00633 1.00806 9.97978e-05
2.51322e-05 1.00634 1.00806 9.97981e-05
2.51428e-05 1.00634 1.00806 9.97983e-05
2.51545e-05 1.00634 1.00807 9.97986e-05
2.51654e-05 1.00636 1.00807 9.97989e-05
2.51775e-05 1.00636 1.00807 9.97991e-05
2.51878e-05 1.00636 1.00807 9.97994e-05
2.51996e-05 1.00636 1.00808 9.97996e-05
2.52113e-05 1.00638 1.00808 9.97999e-05
2.52241e-05 1.00639 1.00808 9.98002e-05
2.52353e-05 1.00639 1.00809 9.98004e-05
2.52476e-05 1.00639 1.00809 9.98007e-05
2.526e-05 1.0064 1.00809 9.9801e-05
2.52734e-05 1.00642 1.00809 9.98013e-05
2.5287e-05 1.00642 1.0081 9.98016e-05
2.5301e-05 1.00642 1.0081 9.98019e-05
2.53154e-05 1.00643 1.0081 9.98022e-05
2.53298e-05 1.00645 1.00811 9.98026e-05
2.53444e-05 1.00645 1.00811 9.98029e-05
2.53574e-05 1.00645 1.00811 9.98032e-05
2.53708e-05 1.00645 1.00812 9.98035e-05
2.53843e-05 1.00647 1.00812 9.98038e-05
2.5398e-05 1.00648 1.00812 9.98041e-05
2.54117e-05 1.00648 1.00813 9.98044e-05
2.54254e-05 1.00648 1.00813 9.98047e-05
2.54394e-05 1.00649 1.00813 9.9805e-05
2.54523e-05 1.00651 1.00813 9.98053e-05
2.54658e-05 1.00651 1.00814 9.98056e-05
2.54792e-05 1.00651 1.00814 9.98059e-05
2.54935e-05 1.00652 1.00814 9.98062e-05
2.55062e-05 1.00653 1.00815 9.98065e-05
2.55201e-05 1.00654 1.00815 9.98068e-05
2.55339e-05 1.00654 1.00815 9.98072e-05
2.55486e-05 1.00654 1.00816 9.98075e-05
2.55621e-05 1.00656 1.00816 9.98078e-05
2.5576e-05 1.00656 1.00816 9.98081e-05
2.55899e-05 1.00656 1.00817 9.98084e-05
2.5604e-05 1.00657 1.00817 9.98087e-05
2.56183e-05 1.00658 1.00817 9.98091e-05
2.56297e-05 1.00659 1.00817 9.98093e-05
2.56414e-05 1.00659 1.00818 9.98096e-05
2.56534e-05 1.0066 1.00818 9.98098e-05
2.56658e-05 1.0066 1.00818 9.98101e-05
2.56772e-05 1.00661 1.00819 9.98104e-05
2.56888e-05 1.00662 1.00819 9.98106e-05
2.57006e-05 1.00662 1.00819 9.98109e-05
2.57129e-05 1.00663 1.00819 9.98112e-05
2.57231e-05 1.00663 1.0082 9.98114e-05
2.57337e-05 1.00664 1.0082 9.98116e-05
2.57447e-05 1.00664 1.0082 9.98119e-05
2.57563e-05 1.00665 1.0082 9.98121e-05
2.57672e-05 1.00666 1.00821 9.98124e-05
2.57784e-05 1.00666 1.00821 9.98126e-05
2.57898e-05 1.00666 1.00821 9.98129e-05
2.58019e-05 1.00667 1.00821 9.98131e-05
2.58117e-05 1.00668 1.00822 9.98134e-05
2.58219e-05 1.00668 1.00822 9.98136e-05
2.58326e-05 1.00668 1.00822 9.98138e-05
2.58439e-05 1.00669 1.00822 9.98141e-05
2.58548e-05 1.0067 1.00823 9.98143e-05
2.58662e-05 1.0067 1.00823 9.98146e-05
2.58776e-05 1.00671 1.00823 9.98148e-05
2.58897e-05 1.00671 1.00823 9.98151e-05
2.58992e-05 1.00672 1.00824 9.98153e-05
2.59092e-05 1.00672 1.00824 9.98155e-05
2.59196e-05 1.00673 1.00824 9.98158e-05
2.59307e-05 1.00673 1.00824 9.9816e-05
2.59418e-05 1.00674 1.00824 9.98162e-05
2.59533e-05 1.00674 1.00825 9.98165e-05
2.59648e-05 1.00675 1.00825 9.98167e-05
2.5977e-05 1.00675 1.00825 9.9817e-05
2.59863e-05 1.00676 1.00825 9.98172e-05
2.5996e-05 1.00676 1.00826 9.98174e-05
2.60063e-05 1.00677 1.00826 9.98177e-05
2.60173e-05 1.00677 1.00826 9.98179e-05
2.60282e-05 1.00678 1.00826 9.98182e-05
2.60395e-05 1.00678 1.00827 9.98184e-05
2.60509e-05 1.00679 1.00827 9.98187e-05
2.60629e-05 1.00679 1.00827 9.98189e-05
2.60724e-05 1.0068 1.00827 9.98191e-05
2.60822e-05 1.0068 1.00828 9.98193e-05
2.60925e-05 1.00681 1.00828 9.98196e-05
2.61034e-05 1.00681 1.00828 9.98198e-05
2.61144e-05 1.00682 1.00828 9.98201e-05
2.61256e-05 1.00682 1.00829 9.98203e-05
2.61369e-05 1.00683 1.00829 9.98205e-05
2.61489e-05 1.00683 1.00829 9.98208e-05
2.61582e-05 1.00684 1.00829 9.9821e-05
2.61678e-05 1.00684 1.0083 9.98212e-05
2.6178e-05 1.00685 1.0083 9.98215e-05
2.61887e-05 1.00685 1.0083 9.98217e-05
2.61995e-05 1.00686 1.0083 9.98219e-05
2.62106e-05 1.00686 1.0083 9.98222e-05
2.62217e-05 1.00687 1.00831 9.98224e-05
2.62335e-05 1.00687 1.00831 9.98227e-05
2.62429e-05 1.00688 1.00831 9.98229e-05
2.62526e-05 1.00688 1.00831 9.98231e-05
2.62628e-05 1.00689 1.00832 9.98233e-05
2.62736e-05 1.00689 1.00832 9.98236e-05
2.62843e-05 1.0069 1.00832 9.98238e-05
2.62953e-05 1.0069 1.00832 9.9824e-05
2.63064e-05 1.00691 1.00833 9.98243e-05
2.63181e-05 1.00691 1.00833 9.98245e-05
2.63273e-05 1.00692 1.00833 9.98247e-05
2.63368e-05 1.00692 1.00833 9.98249e-05
2.63469e-05 1.00692 1.00833 9.98252e-05
2.63574e-05 1.00693 1.00834 9.98254e-05
2.6368e-05 1.00693 1.00834 9.98256e-05
2.63789e-05 1.00694 1.00834 9.98259e-05
2.63899e-05 1.00694 1.00834 9.98261e-05
2.64013e-05 1.00695 1.00835 9.98263e-05
2.64106e-05 1.00695 1.00835 9.98266e-05
2.64202e-05 1.00696 1.00835 9.98268e-05
2.64303e-05 1.00696 1.00835 9.9827e-05
2.64408e-05 1.00697 1.00836 9.98272e-05
2.64514e-05 1.00697 1.00836 9.98274e-05
2.64622e-05 1.00698 1.00836 9.98277e-05
2.64732e-05 1.00698 1.00836 9.98279e-05
2.64846e-05 1.00699 1.00837 9.98282e-05
2.64936e-05 1.00699 1.00837 9.98284e-05
2.65031e-05 1.007 1.00837 9.98286e-05
2.6513e-05 1.007 1.00837 9.98288e-05
2.65233e-05 1.00701 1.00837 9.9829e-05
2.65337e-05 1.00701 1.00838 9.98292e-05
2.65444e-05 1.00702 1.00838 9.98295e-05
2.65552e-05 1.00702 1.00838 9.98297e-05
2.65664e-05 1.00703 1.00838 9.98299e-05
2.65756e-05 1.00703 1.00839 9.98301e-05
2.65851e-05 1.00703 1.00839 9.98303e-05
2.6595e-05 1.00704 1.00839 9.98306e-05
2.66053e-05 1.00704 1.00839 9.98308e-05
2.66157e-05 1.00705 1.00839 9.9831e-05
2.66264e-05 1.00705 1.0084 9.98312e-05
2.66371e-05 1.00706 1.0084 9.98315e-05
2.66483e-05 1.00706 1.0084 9.98317e-05
2.66572e-05 1.00707 1.0084 9.98319e-05
2.66665e-05 1.00707 1.00841 9.98321e-05
2.66763e-05 1.00708 1.00841 9.98323e-05
2.66865e-05 1.00708 1.00841 9.98325e-05
2.66967e-05 1.00709 1.00841 9.98328e-05
2.67072e-05 1.00709 1.00841 9.9833e-05
2.67178e-05 1.0071 1.00842 9.98332e-05
2.67289e-05 1.0071 1.00842 9.98335e-05
2.67379e-05 1.00711 1.00842 9.98337e-05
2.67472e-05 1.00711 1.00842 9.98339e-05
2.67569e-05 1.00711 1.00842 9.98341e-05
2.67671e-05 1.00712 1.00843 9.98343e-05
2.67774e-05 1.00712 1.00843 9.98345e-05
2.67878e-05 1.00713 1.00843 9.98347e-05
2.67984e-05 1.00713 1.00843 9.9835e-05
2.68094e-05 1.00714 1.00844 9.98352e-05
2.68182e-05 1.00714 1.00844 9.98354e-05
2.68273e-05 1.00715 1.00844 9.98356e-05
2.68369e-05 1.00715 1.00844 9.98358e-05
2.6847e-05 1.00716 1.00844 9.9836e-05
2.68571e-05 1.00716 1.00845 9.98362e-05
2.68675e-05 1.00716 1.00845 9.98365e-05
2.68779e-05 1.00717 1.00845 9.98367e-05
2.68888e-05 1.00717 1.00845 9.98369e-05
2.68976e-05 1.00718 1.00846 9.98371e-05
2.69068e-05 1.00718 1.00846 9.98373e-05
2.69163e-05 1.00719 1.00846 9.98375e-05
2.69264e-05 1.00719 1.00846 9.98377e-05
2.69364e-05 1.0072 1.00846 9.98379e-05
2.69468e-05 1.0072 1.00847 9.98382e-05
2.69571e-05 1.00721 1.00847 9.98384e-05
2.6968e-05 1.00721 1.00847 9.98386e-05
2.69766e-05 1.00721 1.00847 9.98388e-05
2.69857e-05 1.00722 1.00847 9.9839e-05
2.69951e-05 1.00722 1.00848 9.98392e-05
2.7005e-05 1.00723 1.00848 9.98394e-05
2.7015e-05 1.00723 1.00848 9.98396e-05
2.70252e-05 1.00724 1.00848 9.98398e-05
2.70355e-05 1.00724 1.00849 9.98401e-05
2.70462e-05 1.00725 1.00849 9.98403e-05
2.70549e-05 1.00725 1.00849 9.98405e-05
2.7064e-05 1.00725 1.00849 9.98407e-05
2.70734e-05 1.00726 1.00849 9.98409e-05
2.70833e-05 1.00726 1.0085 9.98411e-05
2.70933e-05 1.00727 1.0085 9.98413e-05
2.71035e-05 1.00727 1.0085 9.98415e-05
2.71138e-05 1.00728 1.0085 9.98417e-05
2.71246e-05 1.00728 1.0085 9.9842e-05
2.7133e-05 1.00729 1.00851 9.98422e-05
2.71419e-05 1.00729 1.00851 9.98423e-05
2.71513e-05 1.00729 1.00851 9.98425e-05
2.71611e-05 1.0073 1.00851 9.98428e-05
2.7171e-05 1.0073 1.00851 9.9843e-05
2.71812e-05 1.00731 1.00852 9.98432e-05
2.71914e-05 1.00731 1.00852 9.98434e-05
2.72022e-05 1.00732 1.00852 9.98436e-05
2.72107e-05 1.00732 1.00852 9.98438e-05
2.72196e-05 1.00733 1.00853 9.9844e-05
2.7229e-05 1.00733 1.00853 9.98442e-05
2.72388e-05 1.00733 1.00853 9.98444e-05
2.72487e-05 1.00734 1.00853 9.98446e-05
2.72589e-05 1.00734 1.00853 9.98448e-05
2.72692e-05 1.00735 1.00854 9.98451e-05
2.728e-05 1.00735 1.00854 9.98453e-05
2.72885e-05 1.00736 1.00854 9.98455e-05
2.72975e-05 1.00736 1.00854 9.98457e-05
2.73069e-05 1.00736 1.00854 9.98459e-05
2.73168e-05 1.00737 1.00855 9.98461e-05
2.73268e-05 1.00737 1.00855 9.98463e-05
2.7337e-05 1.00738 1.00855 9.98465e-05
2.73474e-05 1.00738 1.00855 9.98467e-05
2.73582e-05 1.00739 1.00856 9.9847e-05
2.73671e-05 1.00739 1.00856 9.98471e-05
2.73763e-05 1.0074 1.00856 9.98473e-05
2.73859e-05 1.0074 1.00856 9.98475e-05
2.73961e-05 1.0074 1.00856 9.98478e-05
2.74063e-05 1.00741 1.00857 9.9848e-05
2.74168e-05 1.00741 1.00857 9.98482e-05
2.74273e-05 1.00742 1.00857 9.98484e-05
2.74384e-05 1.00742 1.00857 9.98487e-05
2.74471e-05 1.00743 1.00857 9.98488e-05
2.74563e-05 1.00743 1.00858 9.9849e-05
2.74659e-05 1.00744 1.00858 9.98492e-05
2.7476e-05 1.00744 1.00858 9.98495e-05
2.74862e-05 1.00745 1.00858 9.98497e-05
2.74967e-05 1.00745 1.00858 9.98499e-05
2.75073e-05 1.00745 1.00859 9.98501e-05
2.75185e-05 1.00746 1.00859 9.98503e-05
2.75274e-05 1.00746 1.00859 9.98505e-05
2.75367e-05 1.00747 1.00859 9.98507e-05
2.75464e-05 1.00747 1.0086 9.98509e-05
2.75568e-05 1.00748 1.0086 9.98512e-05
2.7567e-05 1.00748 1.0086 9.98514e-05
2.75776e-05 1.00749 1.0086 9.98516e-05
2.75883e-05 1.00749 1.0086 9.98518e-05
2.75996e-05 1.0075 1.00861 9.98521e-05
2.76084e-05 1.0075 1.00861 9.98522e-05
2.76177e-05 1.0075 1.00861 9.98524e-05
2.76274e-05 1.00751 1.00861 9.98526e-05
2.76377e-05 1.00751 1.00861 9.98529e-05
2.7648e-05 1.00752 1.00862 9.98531e-05
2.76587e-05 1.00752 1.00862 9.98533e-05
2.76694e-05 1.00753 1.00862 9.98535e-05
2.76809e-05 1.00753 1.00862 9.98538e-05
2.76896e-05 1.00754 1.00863 9.9854e-05
2.76989e-05 1.00754 1.00863 9.98542e-05
2.77086e-05 1.00754 1.00863 9.98544e-05
2.7719e-05 1.00755 1.00863 9.98546e-05
2.77293e-05 1.00755 1.00863 9.98548e-05
2.774e-05 1.00756 1.00864 9.9855e-05
2.77508e-05 1.00756 1.00864 9.98552e-05
2.77623e-05 1.00757 1.00864 9.98555e-05
2.77711e-05 1.00757 1.00864 9.98557e-05
2.77805e-05 1.00758 1.00865 9.98559e-05
2.77903e-05 1.00758 1.00865 9.98561e-05
2.78008e-05 1.00758 1.00865 9.98563e-05
2.7811e-05 1.00759 1.00865 9.98565e-05
2.78217e-05 1.00759 1.00865 9.98567e-05
2.78324e-05 1.0076 1.00866 9.98569e-05
2.78439e-05 1.0076 1.00866 9.98572e-05
2.78528e-05 1.00761 1.00866 9.98574e-05
2.78623e-05 1.00761 1.00866 9.98576e-05
2.78721e-05 1.00762 1.00866 9.98578e-05
2.78827e-05 1.00762 1.00867 9.9858e-05
2.78929e-05 1.00763 1.00867 9.98582e-05
2.79035e-05 1.00763 1.00867 9.98584e-05
2.79142e-05 1.00763 1.00867 9.98587e-05
2.79258e-05 1.00764 1.00868 9.98589e-05
2.79348e-05 1.00764 1.00868 9.98591e-05
2.79443e-05 1.00765 1.00868 9.98593e-05
2.79541e-05 1.00765 1.00868 9.98595e-05
2.79649e-05 1.00766 1.00868 9.98597e-05
2.7975e-05 1.00766 1.00869 9.98599e-05
2.79856e-05 1.00767 1.00869 9.98602e-05
2.79963e-05 1.00767 1.00869 9.98604e-05
2.8008e-05 1.00768 1.00869 9.98606e-05
2.80169e-05 1.00768 1.0087 9.98608e-05
2.80265e-05 1.00768 1.0087 9.9861e-05
2.80364e-05 1.00769 1.0087 9.98612e-05
2.80473e-05 1.00769 1.0087 9.98614e-05
2.80573e-05 1.0077 1.0087 9.98617e-05
2.80679e-05 1.0077 1.00871 9.98619e-05
2.80786e-05 1.00771 1.00871 9.98621e-05
2.80902e-05 1.00771 1.00871 9.98623e-05
2.80992e-05 1.00771 1.00871 9.98625e-05
2.81089e-05 1.00772 1.00871 9.98627e-05
2.81189e-05 1.00772 1.00872 9.98629e-05
2.81298e-05 1.00773 1.00872 9.98632e-05
2.81398e-05 1.00773 1.00872 9.98634e-05
2.81503e-05 1.00774 1.00872 9.98636e-05
2.81609e-05 1.00774 1.00873 9.98638e-05
2.81726e-05 1.00775 1.00873 9.9864e-05
2.81816e-05 1.00775 1.00873 9.98642e-05
2.81914e-05 1.00775 1.00873 9.98644e-05
2.82014e-05 1.00776 1.00873 9.98646e-05
2.82124e-05 1.00776 1.00874 9.98649e-05
2.82223e-05 1.00777 1.00874 9.98651e-05
2.82328e-05 1.00777 1.00874 9.98653e-05
2.82434e-05 1.00778 1.00874 9.98655e-05
2.82551e-05 1.00778 1.00875 9.98658e-05
2.82641e-05 1.00779 1.00875 9.9866e-05
2.8274e-05 1.00779 1.00875 9.98662e-05
2.82841e-05 1.00779 1.00875 9.98664e-05
2.82952e-05 1.0078 1.00875 9.98666e-05
2.8305e-05 1.0078 1.00876 9.98668e-05
2.83157e-05 1.00781 1.00876 9.9867e-05
2.83264e-05 1.00781 1.00876 9.98672e-05
2.83383e-05 1.00782 1.00876 9.98675e-05
2.83472e-05 1.00782 1.00876 9.98677e-05
2.83572e-05 1.00783 1.00877 9.98679e-05
2.83674e-05 1.00783 1.00877 9.98681e-05
2.83788e-05 1.00783 1.00877 9.98683e-05
2.83888e-05 1.00784 1.00877 9.98685e-05
2.84002e-05 1.00784 1.00878 9.98688e-05
2.8411e-05 1.00785 1.00878 9.9869e-05
2.84231e-05 1.00785 1.00878 9.98692e-05
2.8432e-05 1.00786 1.00878 9.98694e-05
2.84426e-05 1.00786 1.00878 9.98696e-05
2.84533e-05 1.00787 1.00879 9.98699e-05
2.84653e-05 1.00787 1.00879 9.98701e-05
2.84751e-05 1.00788 1.00879 9.98703e-05
2.84869e-05 1.00788 1.00879 9.98706e-05
2.84984e-05 1.00788 1.0088 9.98708e-05
2.85114e-05 1.00789 1.0088 9.98711e-05
2.85203e-05 1.00789 1.0088 9.98712e-05
2.85316e-05 1.0079 1.0088 9.98715e-05
2.85431e-05 1.0079 1.00881 9.98717e-05
2.85559e-05 1.00791 1.00881 9.9872e-05
2.85658e-05 1.00791 1.00881 9.98722e-05
2.85779e-05 1.00792 1.00881 9.98724e-05
2.85901e-05 1.00792 1.00881 9.98727e-05
2.86038e-05 1.00793 1.00882 9.9873e-05
2.86131e-05 1.00793 1.00882 9.98732e-05
2.86249e-05 1.00794 1.00882 9.98734e-05
2.86369e-05 1.00794 1.00882 9.98736e-05
2.86505e-05 1.00795 1.00883 9.98739e-05
2.86606e-05 1.00795 1.00883 9.98741e-05
2.86733e-05 1.00796 1.00883 9.98744e-05
2.8686e-05 1.00796 1.00883 9.98747e-05
2.87006e-05 1.00797 1.00884 9.9875e-05
2.87102e-05 1.00797 1.00884 9.98752e-05
2.87228e-05 1.00798 1.00884 9.98754e-05
2.87355e-05 1.00798 1.00885 9.98757e-05
2.87502e-05 1.00799 1.00885 9.9876e-05
2.87604e-05 1.00799 1.00885 9.98762e-05
2.87738e-05 1.008 1.00885 9.98765e-05
2.87872e-05 1.008 1.00886 9.98767e-05
2.88025e-05 1.00801 1.00886 9.98771e-05
2.88124e-05 1.00801 1.00886 9.98773e-05
2.88255e-05 1.00802 1.00886 9.98775e-05
2.88387e-05 1.00802 1.00887 9.98778e-05
2.88538e-05 1.00803 1.00887 9.98781e-05
2.88646e-05 1.00803 1.00887 9.98783e-05
2.88781e-05 1.00804 1.00887 9.98786e-05
2.88917e-05 1.00805 1.00888 9.98789e-05
2.8906e-05 1.00805 1.00888 9.98792e-05
2.89176e-05 1.00806 1.00888 9.98794e-05
2.893e-05 1.00806 1.00889 9.98797e-05
2.89428e-05 1.00807 1.00889 9.98799e-05
2.89558e-05 1.00807 1.00889 9.98802e-05
2.89689e-05 1.00808 1.00889 9.98805e-05
2.89809e-05 1.00808 1.0089 9.98807e-05
2.89934e-05 1.00809 1.0089 9.9881e-05
2.90042e-05 1.00809 1.0089 9.98812e-05
2.90153e-05 1.00809 1.0089 9.98814e-05
2.90255e-05 1.0081 1.00891 9.98816e-05
2.90367e-05 1.0081 1.00891 9.98819e-05
2.90469e-05 1.00811 1.00891 9.98821e-05
2.90579e-05 1.00811 1.00891 9.98823e-05
2.9067e-05 1.00812 1.00891 9.98825e-05
2.90774e-05 1.00812 1.00892 9.98827e-05
2.90879e-05 1.00812 1.00892 9.98829e-05
2.90995e-05 1.00813 1.00892 9.98831e-05
2.91081e-05 1.00813 1.00892 9.98833e-05
2.91182e-05 1.00814 1.00892 9.98835e-05
2.91287e-05 1.00814 1.00893 9.98837e-05
2.91401e-05 1.00814 1.00893 9.9884e-05
2.91492e-05 1.00815 1.00893 9.98841e-05
2.91599e-05 1.00815 1.00893 9.98844e-05
2.91706e-05 1.00816 1.00893 9.98846e-05
2.91832e-05 1.00816 1.00894 9.98848e-05
2.91929e-05 1.00816 1.00894 9.9885e-05
2.92046e-05 1.00817 1.00894 9.98853e-05
2.92147e-05 1.00817 1.00894 9.98855e-05
2.92264e-05 1.00818 1.00895 9.98857e-05
2.92367e-05 1.00818 1.00895 9.98859e-05
2.92488e-05 1.00819 1.00895 9.98862e-05
2.92573e-05 1.00819 1.00895 9.98863e-05
2.92674e-05 1.00819 1.00895 9.98865e-05
2.92775e-05 1.0082 1.00896 9.98867e-05
2.9289e-05 1.0082 1.00896 9.9887e-05
2.92975e-05 1.00821 1.00896 9.98871e-05
2.93073e-05 1.00821 1.00896 9.98873e-05
2.93171e-05 1.00821 1.00896 9.98875e-05
2.93282e-05 1.00822 1.00897 9.98877e-05
2.93371e-05 1.00822 1.00897 9.98879e-05
2.93471e-05 1.00822 1.00897 9.98881e-05
2.93572e-05 1.00823 1.00897 9.98883e-05
2.93684e-05 1.00823 1.00898 9.98886e-05
2.93781e-05 1.00824 1.00898 9.98887e-05
2.93885e-05 1.00824 1.00898 9.9889e-05
2.93991e-05 1.00824 1.00898 9.98892e-05
2.94098e-05 1.00825 1.00898 9.98894e-05
2.94206e-05 1.00825 1.00899 9.98896e-05
2.943e-05 1.00826 1.00899 9.98898e-05
2.944e-05 1.00826 1.00899 9.989e-05
2.94488e-05 1.00826 1.00899 9.98902e-05
2.94581e-05 1.00827 1.00899 9.98904e-05
2.94666e-05 1.00827 1.009 9.98905e-05
2.94759e-05 1.00827 1.009 9.98907e-05
2.94839e-05 1.00828 1.009 9.98909e-05
2.94925e-05 1.00828 1.009 9.9891e-05
2.9501e-05 1.00828 1.009 9.98912e-05
2.95104e-05 1.00829 1.009 9.98914e-05
2.95178e-05 1.00829 1.00901 9.98916e-05
2.95258e-05 1.00829 1.00901 9.98917e-05
2.95339e-05 1.0083 1.00901 9.98919e-05
2.95431e-05 1.0083 1.00901 9.98921e-05
2.95507e-05 1.0083 1.00901 9.98922e-05
2.95589e-05 1.00831 1.00901 9.98924e-05
2.95671e-05 1.01074 1.00902 9.98925e-05
2.95763e-05 1.01075 1.00902 9.98927e-05
2.95838e-05 1.01075 1.00902 9.98929e-05
2.95919e-05 1.01078 1.00902 9.9893e-05
2.96e-05 1.01078 1.00902 9.98932e-05
2.96089e-05 1.01076 1.00902 9.98934e-05
2.96166e-05 1.01077 1.00903 9.98935e-05
2.96247e-05 1.01082 1.00903 9.98937e-05
2.96329e-05 1.01082 1.00903 9.98939e-05
2.96418e-05 1.01078 1.00903 9.9894e-05
2.96492e-05 1.01079 1.00903 9.98942e-05
2.96569e-05 1.01085 1.00903 9.98943e-05
2.96648e-05 1.01086 1.00904 9.98945e-05
2.96733e-05 1.0108 1.00904 9.98947e-05
2.96811e-05 1.01081 1.00904 9.98948e-05
2.96892e-05 1.01086 1.00904 9.9895e-05
2.96971e-05 1.01088 1.00904 9.98951e-05
2.97056e-05 1.01082 1.00904 9.98953e-05
2.97129e-05 1.01083 1.00905 9.98955e-05
2.97204e-05 1.01085 1.00905 9.98956e-05
2.97281e-05 1.01087 1.00905 9.98958e-05
2.97361e-05 1.01084 1.00905 9.98959e-05
2.97442e-05 1.01085 1.00905 9.98961e-05
2.97523e-05 1.01085 1.00905 9.98962e-05
2.97597e-05 1.01087 1.00905 9.98964e-05
2.97675e-05 1.01086 1.00906 9.98965e-05
2.97754e-05 1.01087 1.00906 9.98967e-05
2.97833e-05 1.01087 1.00906 9.98969e-05
2.97906e-05 1.01087 1.00906 9.9897e-05
2.97983e-05 1.01088 1.00906 9.98972e-05
2.9806e-05 1.01089 1.00906 9.98973e-05
2.98139e-05 1.01089 1.00907 9.98975e-05
2.98211e-05 1.01089 1.00907 9.98976e-05
2.98288e-05 1.0109 1.00907 9.98978e-05
2.98365e-05 1.01091 1.00907 9.98979e-05
2.98444e-05 1.01091 1.00907 9.98981e-05
2.98515e-05 1.01091 1.00907 9.98982e-05
2.98591e-05 1.01092 1.00907 9.98984e-05
2.98668e-05 1.01093 1.00908 9.98985e-05
2.98746e-05 1.01093 1.00908 9.98987e-05
2.98818e-05 1.01093 1.00908 9.98988e-05
2.98895e-05 1.01094 1.00908 9.9899e-05
2.98971e-05 1.01094 1.00908 9.98991e-05
2.9905e-05 1.01095 1.00908 9.98993e-05
2.99122e-05 1.01095 1.00908 9.98994e-05
2.99198e-05 1.01096 1.00909 9.98996e-05
2.99275e-05 1.01096 1.00909 9.98997e-05
2.99355e-05 1.01097 1.00909 9.98999e-05
2.99427e-05 1.01097 1.00909 9.99e-05
2.99504e-05 1.01097 1.00909 9.99002e-05
2.99581e-05 1.01098 1.00909 9.99003e-05
2.99661e-05 1.01098 1.0091 9.99005e-05
2.99733e-05 1.01099 1.0091 9.99006e-05
2.99811e-05 1.01099 1.0091 9.99008e-05
2.99888e-05 1.011 1.0091 9.99009e-05
2.99969e-05 1.011 1.0091 9.99011e-05
3.00042e-05 1.011 1.0091 9.99012e-05
3.0012e-05 1.01101 1.0091 9.99014e-05
3.00198e-05 1.01101 1.00911 9.99015e-05
3.0028e-05 1.01102 1.00911 9.99017e-05
3.00353e-05 1.01102 1.00911 9.99019e-05
3.00432e-05 1.01103 1.00911 9.9902e-05
3.00511e-05 1.01104 1.00911 9.99022e-05
3.00595e-05 1.01105 1.00911 9.99023e-05
3.00669e-05 1.01106 1.00912 9.99025e-05
3.00749e-05 1.01106 1.00912 9.99026e-05
3.00829e-05 1.01107 1.00912 9.99028e-05
3.00915e-05 1.01108 1.00912 9.9903e-05
3.00992e-05 1.01109 1.00912 9.99031e-05
3.01074e-05 1.0111 1.00912 9.99033e-05
3.01157e-05 1.0111 1.00913 9.99034e-05
3.01247e-05 1.01111 1.00913 9.99036e-05
3.01325e-05 1.01112 1.00913 9.99038e-05
3.01409e-05 1.01113 1.00913 9.99039e-05
3.01494e-05 1.01114 1.00913 9.99041e-05
3.01587e-05 1.01114 1.00913 9.99043e-05
3.01664e-05 1.01115 1.00914 9.99044e-05
3.0175e-05 1.01116 1.00914 9.99046e-05
3.01836e-05 1.01117 1.00914 9.99048e-05
3.01931e-05 1.01118 1.00914 9.9905e-05
3.0201e-05 1.01118 1.00914 9.99051e-05
3.02097e-05 1.01119 1.00914 9.99053e-05
3.02184e-05 1.0112 1.00915 9.99055e-05
3.02281e-05 1.01121 1.00915 9.99057e-05
3.02361e-05 1.01121 1.00915 9.99058e-05
3.02449e-05 1.01122 1.00915 9.9906e-05
3.02537e-05 1.01123 1.00915 9.99062e-05
3.02637e-05 1.01123 1.00916 9.99064e-05
3.02717e-05 1.01124 1.00916 9.99065e-05
3.02807e-05 1.01125 1.00916 9.99067e-05
3.02897e-05 1.01125 1.00916 9.99069e-05
3.02998e-05 1.01126 1.00916 9.99071e-05
3.03079e-05 1.01126 1.00916 9.99072e-05
3.0317e-05 1.01127 1.00917 9.99074e-05
3.03261e-05 1.01127 1.00917 9.99076e-05
3.03364e-05 1.01128 1.00917 9.99078e-05
3.03446e-05 1.01128 1.00917 9.99079e-05
3.03538e-05 1.01129 1.00917 9.99081e-05
3.03631e-05 1.01129 1.00917 9.99083e-05
3.03735e-05 1.01129 1.00918 9.99085e-05
3.03818e-05 1.0113 1.00918 9.99087e-05
3.0391e-05 1.0113 1.00918 9.99088e-05
3.04002e-05 1.0113 1.00918 9.9909e-05
3.04107e-05 1.0113 1.00918 9.99092e-05
3.04191e-05 1.01131 1.00919 9.99094e-05
3.04284e-05 1.01131 1.00919 9.99096e-05
3.04378e-05 1.01131 1.00919 9.99098e-05
3.04484e-05 1.01131 1.00919 9.991e-05
3.04566e-05 1.01131 1.00919 9.99101e-05
3.04659e-05 1.01131 1.0092 9.99103e-05
3.04752e-05 1.01131 1.0092 9.99105e-05
3.04856e-05 1.01131 1.0092 9.99107e-05
3.04941e-05 1.01131 1.0092 9.99109e-05
3.05036e-05 1.01131 1.0092 9.9911e-05
3.0513e-05 1.01131 1.0092 9.99112e-05
3.05236e-05 1.01131 1.00921 9.99114e-05
3.05319e-05 1.01131 1.00921 9.99116e-05
3.0541e-05 1.01131 1.00921 9.99118e-05
3.05502e-05 1.01131 1.00921 9.9912e-05
3.05604e-05 1.0113 1.00921 9.99122e-05
3.05691e-05 1.0113 1.00922 9.99123e-05
3.05787e-05 1.0113 1.00922 9.99125e-05
3.05877e-05 1.0113 1.00922 9.99127e-05
3.05977e-05 1.01129 1.00922 9.99129e-05
3.06066e-05 1.0113 1.00922 9.99131e-05
3.06165e-05 1.01129 1.00922 9.99132e-05
3.06251e-05 1.01129 1.00923 9.99134e-05
3.06345e-05 1.01128 1.00923 9.99136e-05
3.06439e-05 1.01128 1.00923 9.99138e-05
3.06543e-05 1.01128 1.00923 9.9914e-05
3.06623e-05 1.01127 1.00923 9.99141e-05
3.06709e-05 1.01127 1.00924 9.99143e-05
3.06797e-05 1.01127 1.00924 9.99145e-05
3.06893e-05 1.01127 1.00924 9.99147e-05
3.0698e-05 1.01126 1.00924 9.99148e-05
3.07073e-05 1.01126 1.00924 9.9915e-05
3.07166e-05 1.01127 1.00924 9.99152e-05
3.07266e-05 1.01129 1.00925 9.99154e-05
3.07345e-05 1.01128 1.00925 9.99155e-05
3.07429e-05 1.01128 1.00925 9.99157e-05
3.07515e-05 1.01129 1.00925 9.99159e-05
3.07608e-05 1.0113 1.00925 9.99161e-05
3.07693e-05 1.0113 1.00925 9.99162e-05
3.07783e-05 1.0113 1.00926 9.99164e-05
3.07872e-05 1.01131 1.00926 9.99166e-05
3.07967e-05 1.01132 1.00926 9.99167e-05
3.08046e-05 1.01132 1.00926 9.99169e-05
3.08129e-05 1.01131 1.00926 9.99171e-05
3.08214e-05 1.01133 1.00926 9.99172e-05
3.08303e-05 1.01133 1.00927 9.99174e-05
3.08389e-05 1.01133 1.00927 9.99176e-05
3.08477e-05 1.01133 1.00927 9.99177e-05
3.08566e-05 1.01134 1.00927 9.99179e-05
3.08659e-05 1.01135 1.00927 9.99181e-05
3.08738e-05 1.01135 1.00928 9.99182e-05
3.08821e-05 1.01135 1.00928 9.99184e-05
3.08905e-05 1.01136 1.00928 9.99186e-05
3.08994e-05 1.01137 1.00928 9.99187e-05
3.0908e-05 1.01136 1.00928 9.99189e-05
3.09168e-05 1.01136 1.00928 9.99191e-05
3.09257e-05 1.01137 1.00929 9.99192e-05
3.0935e-05 1.01138 1.00929 9.99194e-05
3.09431e-05 1.01138 1.00929 9.99196e-05
3.09514e-05 1.01138 1.00929 9.99197e-05
3.09599e-05 1.01138 1.00929 9.99199e-05
3.0969e-05 1.01139 1.00929 9.99201e-05
3.09773e-05 1.01139 1.0093 9.99202e-05
3.09858e-05 1.01138 1.0093 9.99204e-05
3.09943e-05 1.01139 1.0093 9.99206e-05
3.10033e-05 1.01139 1.0093 9.99207e-05
3.10117e-05 1.01139 1.0093 9.99209e-05
3.10203e-05 1.01139 1.0093 9.99211e-05
3.10288e-05 1.01139 1.00931 9.99212e-05
3.10376e-05 1.01139 1.00931 9.99214e-05
3.10462e-05 1.01139 1.00931 9.99216e-05
3.10543e-05 1.01139 1.00931 9.99217e-05
3.10625e-05 1.01139 1.00931 9.99219e-05
3.10706e-05 1.01139 1.00931 9.9922e-05
3.1079e-05 1.01138 1.00932 9.99222e-05
3.10855e-05 1.01138 1.00932 9.99223e-05
3.10929e-05 1.01139 1.00932 9.99225e-05
3.11001e-05 1.01138 1.00932 9.99226e-05
3.11081e-05 1.01138 1.00932 9.99228e-05
3.11146e-05 1.01138 1.00932 9.99229e-05
3.11216e-05 1.01138 1.00932 9.9923e-05
3.11274e-05 1.01138 1.00932 9.99231e-05
3.11336e-05 1.01137 1.00933 9.99232e-05
3.11399e-05 1.01137 1.00933 9.99234e-05
3.11467e-05 1.01138 1.00933 9.99235e-05
3.1152e-05 1.01137 1.00933 9.99236e-05
3.11578e-05 1.01137 1.00933 9.99237e-05
3.11639e-05 1.01137 1.00933 9.99238e-05
3.11705e-05 1.01137 1.00933 9.9924e-05
3.11774e-05 1.01137 1.00933 9.99241e-05
3.11848e-05 1.01137 1.00934 9.99242e-05
3.11924e-05 1.01137 1.00934 9.99244e-05
3.12006e-05 1.01137 1.00934 9.99245e-05
3.12074e-05 1.01137 1.00934 9.99247e-05
3.12148e-05 1.01137 1.00934 9.99248e-05
3.12224e-05 1.01137 1.00934 9.99249e-05
3.12306e-05 1.01137 1.00934 9.99251e-05
3.12388e-05 1.01137 1.00935 9.99253e-05
3.12473e-05 1.01137 1.00935 9.99254e-05
3.12548e-05 1.01137 1.00935 9.99256e-05
3.12627e-05 1.01137 1.00935 9.99257e-05
3.12704e-05 1.01137 1.00935 9.99259e-05
3.12781e-05 1.01136 1.00935 9.9926e-05
