-9.89997e-05 0
-9.89985e-05 4.83398e-07

-9.89985e-05 4.83398e-07
-9.8995e-05 9.66797e-07

-9.8995e-05 9.66797e-07
-9.89891e-05 1.4502e-06

-9.89891e-05 1.4502e-06
-9.89808e-05 1.93359e-06

-9.89808e-05 1.93359e-06
-9.89702e-05 2.41699e-06

-9.89702e-05 2.41699e-06
-9.89572e-05 2.90039e-06

-9.89572e-05 2.90039e-06
-9.89419e-05 3.38379e-06

-9.89419e-05 3.38379e-06
-9.89241e-05 3.86719e-06

-9.89241e-05 3.86719e-06
-9.89041e-05 4.35059e-06

-9.89041e-05 4.35059e-06
-9.88816e-05 4.83398e-06

-9.88816e-05 4.83398e-06
-9.88568e-05 5.31738e-06

-9.88568e-05 5.31738e-06
-9.88297e-05 5.80078e-06

-9.88297e-05 5.80078e-06
-9.88002e-05 6.28418e-06

-9.88002e-05 6.28418e-06
-9.87683e-05 6.76758e-06

-9.87683e-05 6.76758e-06
-9.8734e-05 7.25098e-06

-9.87341e-05 7.25098e-06
-9.871e-05 7.56874e-06

-9.871e-05 7.56886e-06
-9.86974e-05 7.73437e-06

-9.86974e-05 7.73437e-06
-9.86582e-05 8.21777e-06

-9.86582e-05 8.21777e-06
-9.86167e-05 8.70117e-06

-9.86167e-05 8.70117e-06
-9.85728e-05 9.18457e-06

-9.85728e-05 9.18457e-06
-9.85265e-05 9.66797e-06

-9.85265e-05 9.66797e-06
-9.84779e-05 1.01514e-05

-9.84779e-05 1.01514e-05
-9.84269e-05 1.06348e-05

-9.84269e-05 1.06348e-05
-9.83735e-05 1.11182e-05

-9.83735e-05 1.11182e-05
-9.83177e-05 1.16016e-05

-9.83177e-05 1.16016e-05
-9.82595e-05 1.2085e-05

-9.82596e-05 1.2085e-05
-9.82266e-05 1.23481e-05

-9.82266e-05 1.23482e-05
-9.81989e-05 1.25684e-05

-9.81989e-05 1.25684e-05
-9.81357e-05 1.30518e-05

-9.81357e-05 1.30518e-05
-9.80701e-05 1.35352e-05

-9.80701e-05 1.35352e-05
-9.80022e-05 1.40186e-05

-9.80022e-05 1.40186e-05
-9.79318e-05 1.4502e-05

-9.79318e-05 1.4502e-05
-9.78591e-05 1.49854e-05

-9.78591e-05 1.49854e-05
-9.77839e-05 1.54687e-05

-9.7784e-05 1.54687e-05
-9.77432e-05 1.57228e-05

-9.77432e-05 1.57228e-05
-9.77063e-05 1.59521e-05

-9.77062e-05 1.59521e-05
-9.7626e-05 1.64355e-05

-9.7626e-05 1.64355e-05
-9.75433e-05 1.69189e-05

-9.75433e-05 1.69189e-05
-9.74582e-05 1.74023e-05

-9.74582e-05 1.74023e-05
-9.73707e-05 1.78857e-05

-9.73708e-05 1.78857e-05
-9.72808e-05 1.83691e-05

-9.72809e-05 1.83691e-05
-9.72598e-05 1.84795e-05

-9.72598e-05 1.84793e-05
-9.71883e-05 1.88525e-05

-9.71882e-05 1.88525e-05
-9.70931e-05 1.93359e-05

-9.70931e-05 1.93359e-05
-9.69955e-05 1.98193e-05

-9.69955e-05 1.98193e-05
-9.68956e-05 2.03027e-05

-9.68956e-05 2.03027e-05
-9.67932e-05 2.07861e-05

-9.67933e-05 2.07861e-05
-9.67764e-05 2.08638e-05

-9.67764e-05 2.08636e-05
-9.66881e-05 2.12695e-05

-9.6688e-05 2.12695e-05
-9.65803e-05 2.17529e-05

-9.65803e-05 2.17529e-05
-9.64702e-05 2.22363e-05

-9.64702e-05 2.22363e-05
-9.63576e-05 2.27197e-05

-9.63577e-05 2.27197e-05
-9.6293e-05 2.29911e-05

-9.6293e-05 2.29912e-05
-9.62424e-05 2.32031e-05

-9.62423e-05 2.32031e-05
-9.61244e-05 2.36865e-05

-9.61244e-05 2.36865e-05
-9.6004e-05 2.41699e-05

-9.6004e-05 2.41699e-05
-9.58811e-05 2.46533e-05

-9.58812e-05 2.46533e-05
-9.58096e-05 2.4929e-05

-9.58096e-05 2.4929e-05
-9.57556e-05 2.51367e-05

-9.57555e-05 2.51367e-05
-9.56272e-05 2.56201e-05

-9.56272e-05 2.56201e-05
-9.54964e-05 2.61035e-05

-9.54964e-05 2.61035e-05
-9.5363e-05 2.65869e-05

-9.53632e-05 2.65869e-05
-9.53262e-05 2.67182e-05

-9.53262e-05 2.67181e-05
-9.5227e-05 2.70703e-05

-9.52269e-05 2.70703e-05
-9.5088e-05 2.75537e-05

-9.5088e-05 2.75537e-05
-9.49467e-05 2.80371e-05

-9.49468e-05 2.80371e-05
-9.48428e-05 2.83863e-05

-9.48428e-05 2.83864e-05
-9.48028e-05 2.85205e-05

-9.48027e-05 2.85205e-05
-9.46558e-05 2.90039e-05

-9.46558e-05 2.90039e-05
-9.45063e-05 2.94873e-05

-9.45064e-05 2.94873e-05
-9.43594e-05 2.99547e-05

-9.43594e-05 2.9955e-05
-9.43544e-05 2.99707e-05

-9.43543e-05 2.99707e-05
-9.41993e-05 3.04541e-05

-9.41992e-05 3.04541e-05
-9.40416e-05 3.09375e-05

-9.40417e-05 3.09375e-05
-9.38813e-05 3.14209e-05

-9.38814e-05 3.14209e-05
-9.3876e-05 3.14371e-05

-9.3876e-05 3.14368e-05
-9.37181e-05 3.19043e-05

-9.3718e-05 3.19043e-05
-9.3552e-05 3.23877e-05

-9.35522e-05 3.23877e-05
-9.33926e-05 3.2845e-05

-9.33926e-05 3.28453e-05
-9.33836e-05 3.28711e-05

-9.33834e-05 3.28711e-05
-9.32118e-05 3.33545e-05

-9.32117e-05 3.33545e-05
-9.30374e-05 3.38379e-05

-9.30375e-05 3.38379e-05
-9.29092e-05 3.41879e-05

-9.29092e-05 3.41881e-05
-9.28603e-05 3.43213e-05

-9.28602e-05 3.43213e-05
-9.268e-05 3.48047e-05

-9.268e-05 3.48047e-05
-9.24971e-05 3.52881e-05

-9.24972e-05 3.52881e-05
-9.24258e-05 3.54739e-05

-9.24258e-05 3.54739e-05
-9.23113e-05 3.57715e-05

-9.23112e-05 3.57715e-05
-9.21224e-05 3.62549e-05

-9.21225e-05 3.62549e-05
-9.19424e-05 3.67091e-05

-9.19424e-05 3.67094e-05
-9.19309e-05 3.67383e-05

-9.19308e-05 3.67383e-05
-9.17361e-05 3.72217e-05

-9.1736e-05 3.72217e-05
-9.15384e-05 3.77051e-05

-9.15386e-05 3.77051e-05
-9.1459e-05 3.78969e-05

-9.1459e-05 3.78969e-05
-9.1338e-05 3.81885e-05

-9.13378e-05 3.81885e-05
-9.11342e-05 3.86719e-05

-9.11343e-05 3.86719e-05
-9.09756e-05 3.90432e-05

-9.09756e-05 3.90434e-05
-9.09278e-05 3.91553e-05

-9.09276e-05 3.91553e-05
-9.07179e-05 3.96387e-05

-9.07179e-05 3.96387e-05
-9.05052e-05 4.01221e-05

-9.05053e-05 4.01221e-05
-9.04922e-05 4.01515e-05

-9.04922e-05 4.01513e-05
-9.02893e-05 4.06055e-05

-9.02893e-05 4.06055e-05
-9.00703e-05 4.10889e-05

-9.00705e-05 4.10889e-05
-9.00088e-05 4.12232e-05

-9.00088e-05 4.12231e-05
-8.98483e-05 4.15723e-05

-8.98482e-05 4.15723e-05
-8.9623e-05 4.20557e-05

-8.96231e-05 4.20557e-05
-8.95254e-05 4.22625e-05

-8.95254e-05 4.22625e-05
-8.93947e-05 4.25391e-05

-8.93945e-05 4.25391e-05
-8.91629e-05 4.30225e-05

-8.91631e-05 4.30225e-05
-8.9042e-05 4.32717e-05

-8.9042e-05 4.32717e-05
-8.89282e-05 4.35059e-05

-8.8928e-05 4.35059e-05
-8.86899e-05 4.39893e-05

-8.86901e-05 4.39893e-05
-8.85586e-05 4.42525e-05

-8.85586e-05 4.42526e-05
-8.84487e-05 4.44727e-05

-8.84485e-05 4.44727e-05
-8.82038e-05 4.49561e-05

-8.8204e-05 4.49561e-05
-8.80752e-05 4.5207e-05

-8.80752e-05 4.5207e-05
-8.79559e-05 4.54395e-05

-8.79558e-05 4.54395e-05
-8.77043e-05 4.59229e-05

-8.77045e-05 4.59229e-05
-8.75918e-05 4.61367e-05

-8.75918e-05 4.61366e-05
-8.74497e-05 4.64062e-05

-8.74495e-05 4.64062e-05
-8.71913e-05 4.68896e-05

-8.71915e-05 4.68896e-05
-8.71084e-05 4.70431e-05

-8.71084e-05 4.7043e-05
-8.69297e-05 4.7373e-05

-8.69296e-05 4.7373e-05
-8.66644e-05 4.78564e-05

-8.66646e-05 4.78564e-05
-8.6625e-05 4.79278e-05

-8.6625e-05 4.79275e-05
-8.63958e-05 4.83398e-05

-8.63958e-05 4.83398e-05
-8.61416e-05 4.87911e-05

-8.61416e-05 4.87913e-05
-8.61237e-05 4.88232e-05

-8.61235e-05 4.88232e-05
-8.58477e-05 4.93066e-05

-8.58478e-05 4.93066e-05
-8.56582e-05 4.96345e-05

-8.56582e-05 4.96346e-05
-8.55683e-05 4.979e-05

-8.55682e-05 4.979e-05
-8.52851e-05 5.02734e-05

-8.52852e-05 5.02734e-05
-8.51748e-05 5.04596e-05

-8.51748e-05 5.04595e-05
-8.49984e-05 5.07568e-05

-8.49983e-05 5.07568e-05
-8.47078e-05 5.12402e-05

-8.47077e-05 5.12402e-05
-8.46914e-05 5.12677e-05

-8.46914e-05 5.12671e-05
-8.44135e-05 5.17236e-05

-8.44136e-05 5.17236e-05
-8.4208e-05 5.20569e-05

-8.4208e-05 5.2057e-05
-8.41155e-05 5.2207e-05

-8.41153e-05 5.2207e-05
-8.38134e-05 5.26904e-05

-8.38133e-05 5.26904e-05
-8.37246e-05 5.28314e-05

-8.37246e-05 5.28309e-05
-8.35076e-05 5.31738e-05

-8.35076e-05 5.31738e-05
-8.32412e-05 5.35895e-05

-8.32412e-05 5.3589e-05
-8.31984e-05 5.36572e-05

-8.31978e-05 5.36572e-05
-8.2884e-05 5.41406e-05

-8.2884e-05 5.41406e-05
-8.27578e-05 5.4333e-05

-8.27578e-05 5.43327e-05
-8.25663e-05 5.4624e-05

-8.25663e-05 5.4624e-05
-8.22744e-05 5.50624e-05

-8.22744e-05 5.50622e-05
-8.22449e-05 5.51074e-05

-8.22444e-05 5.51074e-05
-8.19184e-05 5.55908e-05

-8.19181e-05 5.55908e-05
-8.1791e-05 5.57782e-05

-8.1791e-05 5.57775e-05
-8.15884e-05 5.60742e-05

-8.15884e-05 5.60742e-05
-8.13076e-05 5.64801e-05

-8.13076e-05 5.64796e-05
-8.12546e-05 5.65576e-05

-8.1254e-05 5.65576e-05
-8.09153e-05 5.7041e-05

-8.09143e-05 5.7041e-05
-8.08242e-05 5.71714e-05

-8.08242e-05 5.71695e-05
-8.05725e-05 5.75244e-05

-8.05725e-05 5.75244e-05
-8.03408e-05 5.78468e-05

-8.03408e-05 5.78455e-05
-8.02262e-05 5.80078e-05

-8.02251e-05 5.80078e-05
-7.98733e-05 5.84912e-05

-7.98734e-05 5.84912e-05
-7.98574e-05 5.85132e-05

-7.98574e-05 5.85128e-05
-7.95171e-05 5.89746e-05

-7.95159e-05 5.89746e-05
-7.9374e-05 5.91683e-05

-7.9374e-05 5.91663e-05
-7.91564e-05 5.9458e-05

-7.91564e-05 5.9458e-05
-7.88906e-05 5.98095e-05

-7.88906e-05 5.98088e-05
-7.87916e-05 5.99414e-05

-7.87909e-05 5.99414e-05
-7.84208e-05 6.04248e-05

-7.84209e-05 6.04248e-05
-7.84072e-05 6.04426e-05

-7.84072e-05 6.04423e-05
-7.8046e-05 6.09082e-05

-7.8045e-05 6.09082e-05
-7.79238e-05 6.10651e-05

-7.79238e-05 6.10637e-05
-7.76664e-05 6.13916e-05

-7.76656e-05 6.13916e-05
-7.74404e-05 6.16766e-05

-7.74404e-05 6.16742e-05
-7.72829e-05 6.1875e-05

-7.72818e-05 6.1875e-05
-7.6957e-05 6.2278e-05

-7.6957e-05 6.2278e-05
-7.68924e-05 6.23584e-05

-7.68922e-05 6.23584e-05
-7.64976e-05 6.28418e-05

-7.64977e-05 6.28418e-05
-7.64736e-05 6.28711e-05

-7.64736e-05 6.28709e-05
-7.6098e-05 6.33252e-05

-7.60975e-05 6.33252e-05
-7.59902e-05 6.34546e-05

-7.59902e-05 6.34537e-05
-7.56933e-05 6.38086e-05

-7.56918e-05 6.38086e-05
-7.55068e-05 6.40299e-05

-7.55068e-05 6.40262e-05
-7.52847e-05 6.4292e-05

-7.52814e-05 6.4292e-05
-7.50234e-05 6.45959e-05

-7.50234e-05 6.45935e-05
-7.48679e-05 6.47754e-05

-7.48672e-05 6.47754e-05
-7.454e-05 6.51517e-05

-7.454e-05 6.51515e-05
-7.44465e-05 6.52588e-05

-7.44465e-05 6.52588e-05
-7.40566e-05 6.57006e-05

-7.40566e-05 6.57008e-05
-7.40199e-05 6.57422e-05

-7.402e-05 6.57422e-05
-7.35878e-05 6.62256e-05

-7.35878e-05 6.62256e-05
-7.35732e-05 6.62418e-05

-7.35732e-05 6.62416e-05
-7.31499e-05 6.6709e-05

-7.31497e-05 6.6709e-05
-7.30898e-05 6.67746e-05

-7.30898e-05 6.67743e-05
-7.27061e-05 6.71924e-05

-7.27058e-05 6.71924e-05
-7.26064e-05 6.72999e-05

-7.26064e-05 6.72987e-05
-7.22572e-05 6.76758e-05

-7.2256e-05 6.76758e-05
-7.2123e-05 6.78177e-05

-7.2123e-05 6.78158e-05
-7.18018e-05 6.81592e-05

-7.18001e-05 6.81592e-05
-7.16396e-05 6.83281e-05

-7.16396e-05 6.83269e-05
-7.13392e-05 6.86426e-05

-7.13381e-05 6.86426e-05
-7.11562e-05 6.88314e-05

-7.11562e-05 6.88306e-05
-7.08705e-05 6.9126e-05

-7.08698e-05 6.9126e-05
-7.06729e-05 6.93275e-05

-7.06729e-05 6.93271e-05
-7.03954e-05 6.96094e-05

-7.03951e-05 6.96094e-05
-7.01895e-05 6.98168e-05

-7.01895e-05 6.98168e-05
-6.99139e-05 7.00928e-05

-6.99139e-05 7.00928e-05
-6.97061e-05 7.02994e-05

-6.97061e-05 7.02996e-05
-6.94256e-05 7.05762e-05

-6.9426e-05 7.05762e-05
-6.92227e-05 7.07754e-05

-6.92227e-05 7.0776e-05
-6.89305e-05 7.10596e-05

-6.89312e-05 7.10596e-05
-6.87393e-05 7.12449e-05

-6.87393e-05 7.12459e-05
-6.84282e-05 7.1543e-05

-6.84293e-05 7.1543e-05
-6.82559e-05 7.17082e-05

-6.82559e-05 7.17098e-05
-6.79187e-05 7.20264e-05

-6.79203e-05 7.20264e-05
-6.77725e-05 7.21653e-05

-6.77725e-05 7.21667e-05
-6.74026e-05 7.25098e-05

-6.7404e-05 7.25098e-05
-6.72891e-05 7.26163e-05

-6.72891e-05 7.26168e-05
-6.68799e-05 7.29932e-05

-6.68803e-05 7.29932e-05
-6.68057e-05 7.30614e-05

-6.68057e-05 7.30616e-05
-6.63488e-05 7.34766e-05

-6.6349e-05 7.34766e-05
-6.63223e-05 7.35006e-05

-6.63223e-05 7.35006e-05
-6.58389e-05 7.3934e-05

-6.58389e-05 7.3934e-05
-6.58096e-05 7.396e-05

-6.58095e-05 7.396e-05
-6.53555e-05 7.43616e-05

-6.53555e-05 7.43616e-05
-6.5262e-05 7.44434e-05

-6.5262e-05 7.44434e-05
-6.48721e-05 7.47836e-05

-6.48721e-05 7.4784e-05
-6.47058e-05 7.49268e-05

-6.47076e-05 7.49268e-05
-6.43887e-05 7.5199e-05

-6.43887e-05 7.52017e-05
-6.41405e-05 7.54102e-05

-6.4144e-05 7.54102e-05
-6.39053e-05 7.56099e-05

-6.39053e-05 7.56119e-05
-6.3569e-05 7.58936e-05

-6.35703e-05 7.58936e-05
-6.34219e-05 7.60168e-05

-6.34219e-05 7.60174e-05
-6.29882e-05 7.6377e-05

-6.29885e-05 7.6377e-05
-6.29385e-05 7.64181e-05

-6.29385e-05 7.64181e-05
-6.24551e-05 7.68137e-05

-6.24551e-05 7.68138e-05
-6.23975e-05 7.68604e-05

-6.23973e-05 7.68604e-05
-6.19717e-05 7.72043e-05

-6.19717e-05 7.72051e-05
-6.17959e-05 7.73437e-05

-6.17973e-05 7.73438e-05
-6.14883e-05 7.75894e-05

-6.14883e-05 7.75901e-05
-6.11865e-05 7.78271e-05

-6.11886e-05 7.78271e-05
-6.10049e-05 7.79691e-05

-6.10049e-05 7.79704e-05
-6.05674e-05 7.83105e-05

-6.05678e-05 7.83105e-05
-6.05215e-05 7.83461e-05

-6.05215e-05 7.83462e-05
-6.00381e-05 7.87173e-05

-6.00381e-05 7.87177e-05
-5.99366e-05 7.87939e-05

-5.99369e-05 7.87939e-05
-5.95547e-05 7.90837e-05

-5.95547e-05 7.9084e-05
-5.92954e-05 7.92773e-05

-5.92971e-05 7.92773e-05
-5.90713e-05 7.94445e-05

-5.90713e-05 7.94454e-05
-5.86444e-05 7.97607e-05

-5.8645e-05 7.97607e-05
-5.85879e-05 7.98023e-05

-5.85879e-05 7.98024e-05
-5.81045e-05 8.01551e-05

-5.81045e-05 8.0156e-05
-5.79799e-05 8.02441e-05

-5.79809e-05 8.02441e-05
-5.76211e-05 8.05034e-05

-5.76211e-05 8.05034e-05
-5.73059e-05 8.07275e-05

-5.73074e-05 8.07275e-05
-5.71377e-05 8.08462e-05

-5.71377e-05 8.08471e-05
-5.66543e-05 8.11866e-05

-5.66543e-05 8.11869e-05
-5.66192e-05 8.12109e-05

-5.66192e-05 8.12109e-05
-5.61709e-05 8.15218e-05

-5.61709e-05 8.15219e-05
-5.5919e-05 8.16943e-05

-5.59192e-05 8.16943e-05
-5.56875e-05 8.18528e-05

-5.56875e-05 8.18528e-05
-5.52068e-05 8.21777e-05

-5.52071e-05 8.21777e-05
-5.52041e-05 8.21797e-05

-5.52041e-05 8.21795e-05
-5.47207e-05 8.25023e-05

-5.47207e-05 8.25023e-05
-5.44797e-05 8.26611e-05

-5.44797e-05 8.26611e-05
-5.42373e-05 8.28209e-05

-5.42373e-05 8.28208e-05
-5.37539e-05 8.31354e-05

-5.37539e-05 8.31356e-05
-5.37398e-05 8.31445e-05

-5.37396e-05 8.31445e-05
-5.32705e-05 8.3446e-05

-5.32705e-05 8.3446e-05
-5.29837e-05 8.36279e-05

-5.29838e-05 8.36279e-05
-5.27871e-05 8.37527e-05

-5.27871e-05 8.37525e-05
-5.23037e-05 8.40553e-05

-5.23037e-05 8.40557e-05
-5.22129e-05 8.41113e-05

-5.22131e-05 8.41113e-05
-5.18203e-05 8.43542e-05

-5.18203e-05 8.43542e-05
-5.14262e-05 8.45947e-05

-5.14268e-05 8.45947e-05
-5.13369e-05 8.46491e-05

-5.13369e-05 8.46492e-05
-5.08535e-05 8.49405e-05

-5.08535e-05 8.49406e-05
-5.06223e-05 8.50781e-05

-5.06223e-05 8.50781e-05
-5.03701e-05 8.52281e-05

-5.03701e-05 8.5228e-05
-4.98867e-05 8.55119e-05

-4.98867e-05 8.55121e-05
-4.98013e-05 8.55615e-05

-4.98011e-05 8.55615e-05
-4.94033e-05 8.57921e-05

-4.94033e-05 8.57921e-05
-4.89614e-05 8.60449e-05

-4.89618e-05 8.60449e-05
-4.89199e-05 8.60687e-05

-4.89199e-05 8.60686e-05
-4.84365e-05 8.63416e-05

-4.84365e-05 8.63417e-05
-4.81016e-05 8.65283e-05

-4.81017e-05 8.65283e-05
-4.79531e-05 8.66111e-05

-4.79531e-05 8.66109e-05
-4.74697e-05 8.68768e-05

-4.74697e-05 8.6877e-05
-4.72215e-05 8.70117e-05

-4.72215e-05 8.70117e-05
-4.69863e-05 8.71394e-05

-4.69863e-05 8.71392e-05
-4.65029e-05 8.73981e-05

-4.65029e-05 8.73983e-05
-4.63198e-05 8.74951e-05

-4.63197e-05 8.74951e-05
-4.60195e-05 8.76538e-05

-4.60195e-05 8.76536e-05
-4.55361e-05 8.79057e-05

-4.55361e-05 8.79059e-05
-4.53951e-05 8.79785e-05

-4.53949e-05 8.79785e-05
-4.50527e-05 8.81546e-05

-4.50527e-05 8.81545e-05
-4.45693e-05 8.83999e-05

-4.45693e-05 8.84e-05
-4.44458e-05 8.84619e-05

-4.44456e-05 8.84619e-05
-4.40859e-05 8.8642e-05

-4.40859e-05 8.86419e-05
-4.36025e-05 8.88807e-05

-4.36025e-05 8.88809e-05
-4.34703e-05 8.89453e-05

-4.34701e-05 8.89453e-05
-4.31191e-05 8.91163e-05

-4.31191e-05 8.91162e-05
-4.26357e-05 8.93485e-05

-4.26357e-05 8.93487e-05
-4.24668e-05 8.94287e-05

-4.24667e-05 8.94287e-05
-4.21523e-05 8.95777e-05

-4.21523e-05 8.95775e-05
-4.16689e-05 8.98034e-05

-4.16689e-05 8.98036e-05
-4.14334e-05 8.99121e-05

-4.14334e-05 8.99121e-05
-4.11855e-05 9.00263e-05

-4.11855e-05 9.00261e-05
-4.07021e-05 9.02457e-05

-4.07021e-05 9.02459e-05
-4.0368e-05 9.03955e-05

-4.03681e-05 9.03955e-05
-4.02187e-05 9.04624e-05

-4.02187e-05 9.04622e-05
-3.97354e-05 9.06756e-05

-3.97354e-05 9.06756e-05
-3.92682e-05 9.08789e-05

-3.92685e-05 9.08789e-05
-3.9252e-05 9.08861e-05

-3.9252e-05 9.0886e-05
-3.87686e-05 9.10932e-05

-3.87686e-05 9.10931e-05
-3.82852e-05 9.12974e-05

-3.82852e-05 9.12975e-05
-3.81295e-05 9.13623e-05

-3.81294e-05 9.13623e-05
-3.78018e-05 9.14987e-05

-3.78018e-05 9.14985e-05
-3.73184e-05 9.16967e-05

-3.73184e-05 9.16969e-05
-3.69499e-05 9.18457e-05

-3.69501e-05 9.18457e-05
-3.6835e-05 9.18922e-05

-3.6835e-05 9.18921e-05
-3.63516e-05 9.20843e-05

-3.63516e-05 9.20843e-05
-3.58682e-05 9.22737e-05

-3.58682e-05 9.22739e-05
-3.5725e-05 9.23291e-05

-3.57248e-05 9.23291e-05
-3.53848e-05 9.24602e-05

-3.53848e-05 9.24601e-05
-3.49014e-05 9.26436e-05

-3.49014e-05 9.26437e-05
-3.445e-05 9.28125e-05

-3.44503e-05 9.28125e-05
-3.4418e-05 9.28246e-05

-3.4418e-05 9.28245e-05
-3.39346e-05 9.30022e-05

-3.39346e-05 9.30021e-05
-3.34512e-05 9.31771e-05

-3.34512e-05 9.31772e-05
-3.3118e-05 9.32959e-05

-3.31181e-05 9.32959e-05
-3.29678e-05 9.33494e-05

-3.29678e-05 9.33493e-05
-3.24844e-05 9.35185e-05

-3.24844e-05 9.35185e-05
-3.2001e-05 9.36851e-05

-3.2001e-05 9.36852e-05
-3.17233e-05 9.37793e-05

-3.17233e-05 9.37793e-05
-3.15176e-05 9.3849e-05

-3.15176e-05 9.38489e-05
-3.10342e-05 9.40097e-05

-3.10342e-05 9.40097e-05
-3.05508e-05 9.4168e-05

-3.05508e-05 9.41681e-05
-3.02567e-05 9.42627e-05

-3.02568e-05 9.42627e-05
-3.00674e-05 9.43236e-05

-3.00674e-05 9.43235e-05
-2.9584e-05 9.44761e-05

-2.9584e-05 9.44761e-05
-2.91006e-05 9.46262e-05

-2.91006e-05 9.46263e-05
-2.87075e-05 9.47461e-05

-2.87077e-05 9.47461e-05
-2.86172e-05 9.47737e-05

-2.86172e-05 9.47736e-05
-2.81338e-05 9.49181e-05

-2.81338e-05 9.49181e-05
-2.76504e-05 9.506e-05

-2.76504e-05 9.506e-05
-2.7167e-05 9.51994e-05

-2.7167e-05 9.51995e-05
-2.70609e-05 9.52295e-05

-2.70608e-05 9.52295e-05
-2.66836e-05 9.53361e-05

-2.66836e-05 9.5336e-05
-2.62002e-05 9.54698e-05

-2.62002e-05 9.54698e-05
-2.57168e-05 9.56013e-05

-2.57168e-05 9.56014e-05
-2.52982e-05 9.57129e-05

-2.52984e-05 9.57129e-05
-2.52334e-05 9.57302e-05

-2.52334e-05 9.57301e-05
-2.475e-05 9.58561e-05

-2.475e-05 9.58561e-05
-2.42666e-05 9.59796e-05

-2.42666e-05 9.59796e-05
-2.37832e-05 9.61006e-05

-2.37832e-05 9.61007e-05
-2.33928e-05 9.61963e-05

-2.3393e-05 9.61963e-05
-2.32998e-05 9.62191e-05

-2.32998e-05 9.6219e-05
-2.28164e-05 9.63347e-05

-2.28164e-05 9.63346e-05
-2.2333e-05 9.64478e-05

-2.2333e-05 9.64478e-05
-2.18496e-05 9.65585e-05

-2.18496e-05 9.65586e-05
-2.13662e-05 9.66668e-05

-2.13662e-05 9.66669e-05
-2.13075e-05 9.66797e-05

-2.13072e-05 9.66797e-05
-2.08828e-05 9.67723e-05

-2.08828e-05 9.67723e-05
-2.03994e-05 9.68752e-05

-2.03994e-05 9.68752e-05
-1.9916e-05 9.69758e-05

-1.9916e-05 9.69758e-05
-1.94326e-05 9.70739e-05

-1.94326e-05 9.70739e-05
-1.89818e-05 9.71631e-05

-1.8982e-05 9.71631e-05
-1.89492e-05 9.71696e-05

-1.89492e-05 9.71695e-05
-1.84658e-05 9.72625e-05

-1.84658e-05 9.72624e-05
-1.79824e-05 9.73528e-05

-1.79824e-05 9.73528e-05
-1.7499e-05 9.74409e-05

-1.7499e-05 9.74409e-05
-1.70156e-05 9.75265e-05

-1.70156e-05 9.75265e-05
-1.65322e-05 9.76098e-05

-1.65322e-05 9.76098e-05
-1.63125e-05 9.76465e-05

-1.63124e-05 9.76465e-05
-1.60488e-05 9.76905e-05

-1.60488e-05 9.76904e-05
-1.55654e-05 9.77685e-05

-1.55654e-05 9.77685e-05
-1.5082e-05 9.78441e-05

-1.5082e-05 9.78441e-05
-1.45986e-05 9.79174e-05

-1.45986e-05 9.79174e-05
-1.41152e-05 9.79883e-05

-1.41152e-05 9.79883e-05
-1.36318e-05 9.80568e-05

-1.36318e-05 9.80569e-05
-1.31484e-05 9.81229e-05

-1.31484e-05 9.8123e-05
-1.30958e-05 9.81299e-05

-1.30956e-05 9.81299e-05
-1.2665e-05 9.81865e-05

-1.2665e-05 9.81864e-05
-1.21816e-05 9.82475e-05

-1.21816e-05 9.82475e-05
-1.16982e-05 9.83061e-05

-1.16982e-05 9.83061e-05
-1.12148e-05 9.83624e-05

-1.12148e-05 9.83624e-05
-1.07314e-05 9.84164e-05

-1.07314e-05 9.84164e-05
-1.0248e-05 9.84679e-05

-1.0248e-05 9.84679e-05
-9.76465e-06 9.85171e-05

-9.76465e-06 9.85171e-05
-9.28125e-06 9.85639e-05

-9.28125e-06 9.85639e-05
-8.79785e-06 9.86083e-05

-8.79785e-06 9.86083e-05
-8.7404e-06 9.86133e-05

-8.74016e-06 9.86133e-05
-8.31445e-06 9.86502e-05

-8.31445e-06 9.86502e-05
-7.83105e-06 9.86896e-05

-7.83105e-06 9.86896e-05
-7.34766e-06 9.87267e-05

-7.34766e-06 9.87267e-05
-6.86426e-06 9.87615e-05

-6.86426e-06 9.87615e-05
-6.38086e-06 9.87939e-05

-6.38086e-06 9.87939e-05
-5.89746e-06 9.88239e-05

-5.89746e-06 9.88239e-05
-5.41406e-06 9.88516e-05

-5.41406e-06 9.88516e-05
-4.93066e-06 9.88768e-05

-4.93066e-06 9.88768e-05
-4.44727e-06 9.88998e-05

-4.44727e-06 9.88998e-05
-3.96387e-06 9.89203e-05

-3.96387e-06 9.89203e-05
-3.48047e-06 9.89385e-05

-3.48047e-06 9.89385e-05
-2.99707e-06 9.89544e-05

-2.99707e-06 9.89544e-05
-2.51367e-06 9.89679e-05

-2.51367e-06 9.89679e-05
-2.03027e-06 9.8979e-05

-2.03027e-06 9.8979e-05
-1.54687e-06 9.89877e-05

-1.54687e-06 9.89877e-05
-1.06348e-06 9.89941e-05

-1.06348e-06 9.89941e-05
-5.80078e-07 9.89981e-05

-5.80078e-07 9.89981e-05
-9.66797e-08 9.89998e-05

-9.66797e-08 9.89998e-05
3.86719e-07 9.89991e-05

3.86719e-07 9.89991e-05
8.70117e-07 9.8996e-05

8.70117e-07 9.8996e-05
1.35352e-06 9.89905e-05

1.35352e-06 9.89905e-05
1.83691e-06 9.89827e-05

1.83691e-06 9.89827e-05
2.32031e-06 9.89726e-05

2.32031e-06 9.89726e-05
2.80371e-06 9.89601e-05

2.80371e-06 9.89601e-05
3.28711e-06 9.89452e-05

3.28711e-06 9.89452e-05
3.77051e-06 9.89279e-05

3.77051e-06 9.89279e-05
4.25391e-06 9.89083e-05

4.25391e-06 9.89083e-05
4.7373e-06 9.88863e-05

4.7373e-06 9.88863e-05
5.2207e-06 9.8862e-05

5.2207e-06 9.8862e-05
5.7041e-06 9.88352e-05

5.7041e-06 9.88352e-05
6.1875e-06 9.88062e-05

3.4708e-05 9.27164e-05
3.44494e-05 9.28125e-05

3.4708e-05 9.27163e-05
3.51914e-05 9.25338e-05

3.51914e-05 9.25339e-05
3.56748e-05 9.23487e-05

3.61582e-05 9.21605e-05
3.57252e-05 9.23291e-05

3.56748e-05 9.23488e-05
3.57255e-05 9.23291e-05

3.7125e-05 9.17754e-05
3.69499e-05 9.18457e-05

3.61582e-05 9.21604e-05
3.66416e-05 9.19693e-05

3.66416e-05 9.19694e-05
3.69498e-05 9.18457e-05

6.1875e-06 9.88062e-05
6.6709e-06 9.87747e-05

6.6709e-06 9.87747e-05
7.1543e-06 9.87409e-05

7.1543e-06 9.87409e-05
7.6377e-06 9.87048e-05

7.6377e-06 9.87048e-05
8.12109e-06 9.86662e-05

9.08789e-06 9.8582e-05
8.73889e-06 9.86133e-05

9.08789e-06 9.85819e-05
9.57129e-06 9.85361e-05

9.57129e-06 9.85361e-05
1.00547e-05 9.84879e-05

8.12109e-06 9.86662e-05
8.60449e-06 9.86253e-05

8.60449e-06 9.86254e-05
8.739e-06 9.86133e-05

1.00547e-05 9.84879e-05
1.05381e-05 9.84373e-05

1.05381e-05 9.84373e-05
1.10215e-05 9.83843e-05

1.10215e-05 9.83843e-05
1.15049e-05 9.83289e-05

1.15049e-05 9.83289e-05
1.19883e-05 9.82712e-05

1.19883e-05 9.82712e-05
1.24717e-05 9.82111e-05

1.24717e-05 9.82111e-05
1.29551e-05 9.81486e-05

1.34385e-05 9.80836e-05
1.30946e-05 9.81299e-05

1.29551e-05 9.81487e-05
1.30948e-05 9.81299e-05

1.34385e-05 9.80836e-05
1.39219e-05 9.8016e-05

1.39219e-05 9.8016e-05
1.44053e-05 9.79461e-05

1.44053e-05 9.79461e-05
1.48887e-05 9.78737e-05

1.48887e-05 9.78737e-05
1.53721e-05 9.7799e-05

1.53721e-05 9.7799e-05
1.58555e-05 9.77219e-05

1.63389e-05 9.76424e-05
1.63141e-05 9.76465e-05

1.63389e-05 9.76424e-05
1.68223e-05 9.75602e-05

1.58555e-05 9.7722e-05
1.63139e-05 9.76465e-05

1.68223e-05 9.75601e-05
1.73057e-05 9.74754e-05

1.73057e-05 9.74754e-05
1.77891e-05 9.73884e-05

2.16563e-05 9.66022e-05
2.13067e-05 9.66797e-05

1.77891e-05 9.73884e-05
1.82725e-05 9.72989e-05

1.82725e-05 9.72989e-05
1.87559e-05 9.7207e-05

1.92393e-05 9.71125e-05
1.89806e-05 9.71631e-05

1.87559e-05 9.7207e-05
1.89807e-05 9.71631e-05

1.92393e-05 9.71124e-05
1.97227e-05 9.70153e-05

1.97227e-05 9.70153e-05
2.02061e-05 9.69157e-05

2.02061e-05 9.69157e-05
2.06895e-05 9.68137e-05

2.06895e-05 9.68138e-05
2.11729e-05 9.67093e-05

2.11729e-05 9.67094e-05
2.13069e-05 9.66797e-05

2.16563e-05 9.66021e-05
2.21396e-05 9.64924e-05

2.21396e-05 9.64924e-05
2.2623e-05 9.63802e-05

2.2623e-05 9.63802e-05
2.31064e-05 9.62656e-05

2.35898e-05 9.61484e-05
2.33924e-05 9.61963e-05

2.31064e-05 9.62657e-05
2.33924e-05 9.61963e-05

2.35898e-05 9.61483e-05
2.40732e-05 9.60283e-05

2.40732e-05 9.60283e-05
2.45566e-05 9.59058e-05

2.55234e-05 9.56532e-05
2.52976e-05 9.57129e-05

2.45566e-05 9.59058e-05
2.504e-05 9.57808e-05

2.504e-05 9.57809e-05
2.52976e-05 9.57129e-05

2.55234e-05 9.56531e-05
2.60068e-05 9.55227e-05

2.60068e-05 9.55227e-05
2.64902e-05 9.53898e-05

2.64902e-05 9.53899e-05
2.69736e-05 9.52544e-05

2.7457e-05 9.51162e-05
2.70609e-05 9.52295e-05

2.69736e-05 9.52545e-05
2.70611e-05 9.52295e-05

2.89072e-05 9.46856e-05
2.87072e-05 9.47461e-05

2.89072e-05 9.46855e-05
2.93906e-05 9.45364e-05

2.7457e-05 9.51161e-05
2.79404e-05 9.49751e-05

2.79404e-05 9.49751e-05
2.84238e-05 9.48317e-05

2.84238e-05 9.48318e-05
2.87072e-05 9.47461e-05

2.93906e-05 9.45364e-05
2.9874e-05 9.43848e-05

3.03574e-05 9.42307e-05
3.02572e-05 9.42627e-05

2.9874e-05 9.4385e-05
3.0257e-05 9.42627e-05

3.03574e-05 9.42306e-05
3.08408e-05 9.40734e-05

3.08408e-05 9.40733e-05
3.13242e-05 9.39135e-05

3.18076e-05 9.37511e-05
3.17238e-05 9.37793e-05

3.18076e-05 9.3751e-05
3.2291e-05 9.35855e-05

3.13242e-05 9.39136e-05
3.17236e-05 9.37793e-05

3.2291e-05 9.35854e-05
3.27744e-05 9.34173e-05

3.32578e-05 9.32465e-05
3.31182e-05 9.32959e-05

3.27744e-05 9.34174e-05
3.3118e-05 9.32959e-05

3.32578e-05 9.32464e-05
3.37412e-05 9.30725e-05

3.37412e-05 9.30724e-05
3.42246e-05 9.28958e-05

3.42246e-05 9.2896e-05
3.44494e-05 9.28125e-05

9.9e-05 1.90434e-18
9.89988e-05 4.83398e-07

9.89988e-05 4.83398e-07
9.89953e-05 9.66797e-07

9.89953e-05 9.66797e-07
9.89894e-05 1.4502e-06

9.89894e-05 1.4502e-06
9.89811e-05 1.93359e-06

9.89811e-05 1.93359e-06
9.89704e-05 2.41699e-06

9.89704e-05 2.41699e-06
9.89574e-05 2.90039e-06

9.89574e-05 2.90039e-06
9.8942e-05 3.38379e-06

9.8942e-05 3.38379e-06
9.89243e-05 3.86719e-06

9.89243e-05 3.86719e-06
9.89042e-05 4.35059e-06

9.89042e-05 4.35059e-06
9.88817e-05 4.83398e-06

9.88817e-05 4.83398e-06
9.88568e-05 5.31738e-06

9.88568e-05 5.31738e-06
9.88296e-05 5.80078e-06

9.88296e-05 5.80078e-06
9.88001e-05 6.28418e-06

9.88001e-05 6.28418e-06
9.87681e-05 6.76758e-06

9.87681e-05 6.76758e-06
9.87338e-05 7.25098e-06

9.87338e-05 7.25098e-06
9.86971e-05 7.73437e-06

9.86971e-05 7.73437e-06
9.86581e-05 8.21777e-06

9.86581e-05 8.21777e-06
9.86167e-05 8.70117e-06

9.86167e-05 8.70117e-06
9.85729e-05 9.18457e-06

9.85729e-05 9.18457e-06
9.85268e-05 9.66797e-06

9.85166e-05 9.76904e-06
9.84781e-05 1.01514e-05

9.84781e-05 1.01514e-05
9.8427e-05 1.06348e-05

9.85166e-05 9.7692e-06
9.85268e-05 9.66797e-06

9.8427e-05 1.06348e-05
9.83735e-05 1.11182e-05

9.83735e-05 1.11182e-05
9.83176e-05 1.16016e-05

9.83176e-05 1.16016e-05
9.82593e-05 1.2085e-05

9.82593e-05 1.2085e-05
9.81987e-05 1.25684e-05

9.81987e-05 1.25684e-05
9.81357e-05 1.30518e-05

9.81357e-05 1.30518e-05
9.80703e-05 1.35352e-05

9.80332e-05 1.37995e-05
9.80024e-05 1.40186e-05

9.80024e-05 1.40186e-05
9.79319e-05 1.4502e-05

9.79319e-05 1.4502e-05
9.7859e-05 1.49854e-05

9.7859e-05 1.49854e-05
9.77837e-05 1.54687e-05

9.80332e-05 1.37994e-05
9.80703e-05 1.35352e-05

9.77837e-05 1.54687e-05
9.77061e-05 1.59521e-05

9.77061e-05 1.59521e-05
9.7626e-05 1.64355e-05

9.75498e-05 1.68825e-05
9.75436e-05 1.69189e-05

9.75435e-05 1.69189e-05
9.74584e-05 1.74023e-05

9.75498e-05 1.68822e-05
9.76261e-05 1.64355e-05

9.74583e-05 1.74023e-05
9.73707e-05 1.78857e-05

9.73707e-05 1.78857e-05
9.72806e-05 1.83691e-05

9.72806e-05 1.83691e-05
9.71882e-05 1.88525e-05

9.71882e-05 1.88525e-05
9.70933e-05 1.93359e-05

9.70664e-05 1.94693e-05
9.69958e-05 1.98193e-05

9.69957e-05 1.98193e-05
9.68955e-05 2.03027e-05

9.68955e-05 2.03027e-05
9.6793e-05 2.07861e-05

9.6793e-05 2.07861e-05
9.6688e-05 2.12695e-05

9.6583e-05 2.1742e-05
9.65806e-05 2.17529e-05

9.65805e-05 2.17529e-05
9.64703e-05 2.22363e-05

9.6583e-05 2.17418e-05
9.66881e-05 2.12695e-05

9.64702e-05 2.22363e-05
9.63574e-05 2.27197e-05

9.63574e-05 2.27197e-05
9.62422e-05 2.32031e-05

9.70664e-05 1.94694e-05
9.70933e-05 1.93359e-05

9.51328e-05 2.73986e-05
9.50883e-05 2.75537e-05

9.50882e-05 2.75537e-05
9.49467e-05 2.80371e-05

9.49466e-05 2.80371e-05
9.48026e-05 2.85205e-05

9.48027e-05 2.85205e-05
9.4656e-05 2.90039e-05

9.4166e-05 3.05565e-05
9.40417e-05 3.09375e-05

9.46494e-05 2.90252e-05
9.45064e-05 2.94873e-05

9.45063e-05 2.94873e-05
9.43541e-05 2.99707e-05

9.46494e-05 2.90254e-05
9.46561e-05 2.90039e-05

9.43542e-05 2.99707e-05
9.41994e-05 3.04541e-05

9.4166e-05 3.05567e-05
9.41995e-05 3.04541e-05

9.60996e-05 2.37868e-05
9.60041e-05 2.41699e-05

9.6004e-05 2.41699e-05
9.58809e-05 2.46533e-05

9.58809e-05 2.46533e-05
9.57554e-05 2.51367e-05

9.62423e-05 2.32031e-05
9.61245e-05 2.36865e-05

9.60996e-05 2.37869e-05
9.61246e-05 2.36865e-05

9.56162e-05 2.56614e-05
9.54965e-05 2.61035e-05

9.57555e-05 2.51367e-05
9.56274e-05 2.56201e-05

9.56162e-05 2.56616e-05
9.56274e-05 2.56201e-05

9.54964e-05 2.61035e-05
9.53629e-05 2.65869e-05

9.53629e-05 2.65869e-05
9.52269e-05 2.70703e-05

9.51328e-05 2.73985e-05
9.5227e-05 2.70703e-05

8.35313e-05 5.31361e-05
8.35081e-05 5.31738e-05

8.30479e-05 5.38884e-05
8.28841e-05 5.41406e-05

8.35076e-05 5.31738e-05
8.31978e-05 5.36572e-05

8.30479e-05 5.38884e-05
8.31979e-05 5.36572e-05

7.77305e-05 6.13099e-05
7.76665e-05 6.13916e-05

7.76663e-05 6.13916e-05
7.72817e-05 6.1875e-05

7.96641e-05 5.87741e-05
7.95181e-05 5.89746e-05

7.91807e-05 5.94255e-05
7.91565e-05 5.9458e-05

7.91563e-05 5.9458e-05
7.87909e-05 5.99414e-05

7.91807e-05 5.94254e-05
7.95172e-05 5.89746e-05

7.82139e-05 6.069e-05
7.80474e-05 6.09082e-05

7.86973e-05 6.00637e-05
7.84208e-05 6.04248e-05

7.82139e-05 6.06927e-05
7.84201e-05 6.04248e-05

7.77305e-05 6.13099e-05
7.8046e-05 6.09082e-05

7.86973e-05 6.00649e-05
7.87902e-05 5.99414e-05

8.15977e-05 5.60607e-05
8.15885e-05 5.60742e-05

8.06309e-05 5.74416e-05
8.0573e-05 5.75244e-05

8.05724e-05 5.75244e-05
8.02251e-05 5.80078e-05

8.11143e-05 5.67572e-05
8.09154e-05 5.7041e-05

8.15883e-05 5.60742e-05
8.1254e-05 5.65576e-05

8.11143e-05 5.6758e-05
8.12536e-05 5.65576e-05

8.06309e-05 5.74421e-05
8.09154e-05 5.7041e-05

8.25645e-05 5.46267e-05
8.22444e-05 5.51074e-05

8.20811e-05 5.53498e-05
8.19185e-05 5.55908e-05

8.15977e-05 5.60605e-05
8.19185e-05 5.55908e-05

8.20811e-05 5.53498e-05
8.22445e-05 5.51074e-05

8.28841e-05 5.41406e-05
8.25662e-05 5.4624e-05

8.25645e-05 5.4627e-05
8.25664e-05 5.4624e-05

8.01475e-05 5.81146e-05
7.98734e-05 5.84912e-05

7.96641e-05 5.87755e-05
7.98733e-05 5.84912e-05

8.01475e-05 5.81159e-05
8.02244e-05 5.80078e-05

9.12656e-05 3.83602e-05
9.11343e-05 3.86719e-05

9.02988e-05 4.05846e-05
9.02895e-05 4.06055e-05

9.07822e-05 3.94907e-05
9.07181e-05 3.96387e-05

9.11342e-05 3.86719e-05
9.09275e-05 3.91553e-05

9.07822e-05 3.94906e-05
9.09277e-05 3.91553e-05

9.07179e-05 3.96387e-05
9.05051e-05 4.01221e-05

9.02988e-05 4.05843e-05
9.05052e-05 4.01221e-05

9.02894e-05 4.06055e-05
9.00704e-05 4.10889e-05

9.00703e-05 4.10889e-05
8.98483e-05 4.15723e-05

8.98154e-05 4.16429e-05
8.96231e-05 4.20557e-05

8.9623e-05 4.20557e-05
8.93946e-05 4.25391e-05

8.98154e-05 4.16431e-05
8.98484e-05 4.15723e-05

8.9332e-05 4.26698e-05
8.9163e-05 4.30225e-05

8.91629e-05 4.30225e-05
8.8928e-05 4.35059e-05

8.88486e-05 4.36673e-05
8.86901e-05 4.39893e-05

8.86899e-05 4.39893e-05
8.84485e-05 4.44727e-05

8.88486e-05 4.36674e-05
8.89282e-05 4.35059e-05

8.83652e-05 4.46374e-05
8.82039e-05 4.49561e-05

8.82038e-05 4.49561e-05
8.79558e-05 4.54395e-05

8.78818e-05 4.55818e-05
8.77045e-05 4.59229e-05

8.77044e-05 4.59229e-05
8.74495e-05 4.64062e-05

8.78818e-05 4.55819e-05
8.79559e-05 4.54395e-05

8.83652e-05 4.46375e-05
8.84487e-05 4.44727e-05

8.9332e-05 4.26699e-05
8.93947e-05 4.25391e-05

9.31992e-05 3.33896e-05
9.30375e-05 3.38379e-05

9.27158e-05 3.47092e-05
9.26803e-05 3.48047e-05

9.30373e-05 3.38379e-05
9.28601e-05 3.43213e-05

9.27158e-05 3.4709e-05
9.28602e-05 3.43213e-05

9.40416e-05 3.09375e-05
9.38812e-05 3.14209e-05

9.38812e-05 3.14209e-05
9.37181e-05 3.19043e-05

9.36826e-05 3.20079e-05
9.35522e-05 3.23877e-05

9.35521e-05 3.23877e-05
9.33833e-05 3.28711e-05

9.36826e-05 3.20081e-05
9.37183e-05 3.19043e-05

9.33834e-05 3.28711e-05
9.32119e-05 3.33545e-05

9.31992e-05 3.33899e-05
9.3212e-05 3.33545e-05

9.22324e-05 3.59736e-05
9.21226e-05 3.62549e-05

9.21224e-05 3.62549e-05
9.19307e-05 3.67383e-05

9.26801e-05 3.48047e-05
9.24971e-05 3.52881e-05

9.2497e-05 3.52881e-05
9.23112e-05 3.57715e-05

9.22324e-05 3.59736e-05
9.23114e-05 3.57715e-05

9.1749e-05 3.719e-05
9.17363e-05 3.72217e-05

9.17361e-05 3.72217e-05
9.15385e-05 3.77051e-05

9.1749e-05 3.71897e-05
9.19308e-05 3.67383e-05

9.15384e-05 3.77051e-05
9.13378e-05 3.81885e-05

9.12656e-05 3.83603e-05
9.1338e-05 3.81885e-05

8.54648e-05 4.99667e-05
8.52852e-05 5.02734e-05

8.64316e-05 4.82756e-05
8.63959e-05 4.83398e-05

8.73984e-05 4.65021e-05
8.71914e-05 4.68896e-05

8.71913e-05 4.68896e-05
8.69296e-05 4.7373e-05

8.6915e-05 4.73997e-05
8.66645e-05 4.78564e-05

8.64316e-05 4.82753e-05
8.66645e-05 4.78564e-05

8.6915e-05 4.74e-05
8.69298e-05 4.7373e-05

8.59482e-05 4.91306e-05
8.58478e-05 4.93066e-05

8.63957e-05 4.83398e-05
8.61235e-05 4.88232e-05

8.59482e-05 4.91305e-05
8.61236e-05 4.88232e-05

8.58476e-05 4.93066e-05
8.55682e-05 4.979e-05

8.54648e-05 4.99668e-05
8.55683e-05 4.979e-05

8.4498e-05 5.15849e-05
8.44136e-05 5.17236e-05

8.44134e-05 5.17236e-05
8.41153e-05 5.2207e-05

8.49814e-05 5.07849e-05
8.47078e-05 5.12402e-05

8.52851e-05 5.02734e-05
8.49983e-05 5.07568e-05

8.49814e-05 5.07855e-05
8.49983e-05 5.07568e-05

8.4498e-05 5.15848e-05
8.47079e-05 5.12402e-05

8.40146e-05 5.23684e-05
8.38135e-05 5.26904e-05

8.35313e-05 5.31364e-05
8.38135e-05 5.26904e-05

8.40146e-05 5.23686e-05
8.41154e-05 5.2207e-05

8.73984e-05 4.65023e-05
8.74497e-05 4.64062e-05

3.7125e-05 9.17752e-05
3.76084e-05 9.15782e-05

3.76084e-05 9.15782e-05
3.80918e-05 9.13783e-05

3.85752e-05 9.11752e-05
3.81299e-05 9.13623e-05

3.80918e-05 9.13784e-05
3.81301e-05 9.13623e-05

3.85752e-05 9.11751e-05
3.90586e-05 9.09691e-05

3.9542e-05 9.07602e-05
3.92676e-05 9.08789e-05

3.9542e-05 9.076e-05
4.00254e-05 9.05479e-05

4.05088e-05 9.03329e-05
4.03681e-05 9.03955e-05

4.00254e-05 9.0548e-05
4.0368e-05 9.03955e-05

4.05088e-05 9.03327e-05
4.09922e-05 9.01144e-05

3.90586e-05 9.09693e-05
3.92676e-05 9.08789e-05

4.38926e-05 8.87379e-05
4.34704e-05 8.89453e-05

4.38926e-05 8.87378e-05
4.4376e-05 8.84971e-05

4.48594e-05 8.82531e-05
4.44458e-05 8.84619e-05

4.4376e-05 8.84973e-05
4.4446e-05 8.84619e-05

4.14756e-05 8.98931e-05
4.14341e-05 8.99121e-05

4.14756e-05 8.9893e-05
4.1959e-05 8.96683e-05

4.09922e-05 9.01144e-05
4.14339e-05 8.99121e-05

4.1959e-05 8.96683e-05
4.24424e-05 8.94406e-05

4.29258e-05 8.92096e-05
4.24672e-05 8.94287e-05

4.24424e-05 8.94407e-05
4.24675e-05 8.94287e-05

4.29258e-05 8.92095e-05
4.34092e-05 8.89753e-05

4.34092e-05 8.89755e-05
4.34706e-05 8.89453e-05

5.06602e-05 8.50563e-05
5.06228e-05 8.50781e-05

5.06602e-05 8.5056e-05
5.11436e-05 8.47662e-05

5.1627e-05 8.44727e-05
5.14261e-05 8.45947e-05

5.11436e-05 8.47663e-05
5.1426e-05 8.45947e-05

5.25938e-05 8.38742e-05
5.22131e-05 8.41113e-05

5.1627e-05 8.44726e-05
5.21104e-05 8.41753e-05

5.21104e-05 8.41751e-05
5.22138e-05 8.41113e-05

4.58262e-05 8.7755e-05
4.53952e-05 8.79785e-05

4.48594e-05 8.82531e-05
4.53428e-05 8.80057e-05

4.53428e-05 8.80059e-05
4.53955e-05 8.79785e-05

4.58262e-05 8.7755e-05
4.63096e-05 8.75008e-05

4.6793e-05 8.72433e-05
4.63203e-05 8.74951e-05

4.63096e-05 8.7501e-05
4.63206e-05 8.74951e-05

4.72764e-05 8.69824e-05
4.72221e-05 8.70117e-05

4.72764e-05 8.69822e-05
4.77598e-05 8.67178e-05

4.82432e-05 8.64499e-05
4.81018e-05 8.65283e-05

4.77598e-05 8.67179e-05
4.81016e-05 8.65283e-05

4.82432e-05 8.64497e-05
4.87266e-05 8.61782e-05

4.6793e-05 8.72433e-05
4.72218e-05 8.70117e-05

4.921e-05 8.59032e-05
4.8961e-05 8.60449e-05

4.921e-05 8.59031e-05
4.96934e-05 8.56244e-05

4.87266e-05 8.61784e-05
4.8961e-05 8.60449e-05

5.01768e-05 8.53421e-05
4.98011e-05 8.55615e-05

4.96934e-05 8.56245e-05
4.98013e-05 8.55615e-05

5.01768e-05 8.53421e-05
5.06227e-05 8.50781e-05

6.22617e-05 7.69705e-05
6.17973e-05 7.73437e-05

6.41953e-05 7.53655e-05
6.41426e-05 7.54102e-05

6.32285e-05 7.61799e-05
6.29859e-05 7.6377e-05

6.27451e-05 7.65771e-05
6.2397e-05 7.68604e-05

6.22617e-05 7.69699e-05
6.2398e-05 7.68604e-05

6.27451e-05 7.65751e-05
6.29902e-05 7.6377e-05

6.37119e-05 7.57748e-05
6.35692e-05 7.58936e-05

6.32285e-05 7.61779e-05
6.35699e-05 7.58936e-05

6.37119e-05 7.57745e-05
6.41424e-05 7.54102e-05

6.66123e-05 7.32389e-05
6.63472e-05 7.34766e-05

6.70957e-05 7.27956e-05
6.68793e-05 7.29932e-05

6.66123e-05 7.32365e-05
6.68812e-05 7.29932e-05

6.75791e-05 7.23468e-05
6.74035e-05 7.25098e-05

6.80625e-05 7.18921e-05
6.792e-05 7.20264e-05

6.75791e-05 7.23449e-05
6.79219e-05 7.20264e-05

6.70957e-05 7.27936e-05
6.74054e-05 7.25098e-05

6.41953e-05 7.53654e-05
6.46787e-05 7.4951e-05

6.51621e-05 7.45311e-05
6.47066e-05 7.49268e-05

6.46787e-05 7.4951e-05
6.47068e-05 7.49268e-05

6.56455e-05 7.41059e-05
6.52617e-05 7.44434e-05

6.61289e-05 7.36762e-05
6.58073e-05 7.396e-05

6.56455e-05 7.41051e-05
6.58098e-05 7.396e-05

6.51621e-05 7.45308e-05
6.52623e-05 7.44434e-05

6.61289e-05 7.36737e-05
6.63494e-05 7.34766e-05

5.40439e-05 8.29472e-05
5.37391e-05 8.31445e-05

5.45273e-05 8.26306e-05
5.44798e-05 8.26611e-05

5.40439e-05 8.29472e-05
5.44801e-05 8.26611e-05

5.30771e-05 8.35695e-05
5.29836e-05 8.36279e-05

5.25938e-05 8.38742e-05
5.29839e-05 8.36279e-05

5.30771e-05 8.3569e-05
5.35605e-05 8.326e-05

5.35605e-05 8.326e-05
5.37394e-05 8.31445e-05

5.54941e-05 8.19841e-05
5.52062e-05 8.21777e-05

5.45273e-05 8.26301e-05
5.50107e-05 8.23091e-05

5.50107e-05 8.2309e-05
5.52066e-05 8.21777e-05

5.59775e-05 8.16552e-05
5.5919e-05 8.16943e-05

5.54941e-05 8.1984e-05
5.59193e-05 8.16943e-05

5.59775e-05 8.16547e-05
5.64609e-05 8.13212e-05

5.69443e-05 8.09835e-05
5.66188e-05 8.12109e-05

5.74277e-05 8.06424e-05
5.73049e-05 8.07275e-05

5.69443e-05 8.09835e-05
5.7306e-05 8.07275e-05

5.83945e-05 7.99441e-05
5.79811e-05 8.02441e-05

5.74277e-05 8.06414e-05
5.79111e-05 8.02949e-05

5.79111e-05 8.02946e-05
5.7982e-05 8.02441e-05

5.93613e-05 7.92291e-05
5.92961e-05 7.92773e-05

5.93613e-05 7.92288e-05
5.98447e-05 7.88643e-05

6.03281e-05 7.84952e-05
5.9937e-05 7.87939e-05

5.98447e-05 7.88639e-05
5.99378e-05 7.87939e-05

5.88779e-05 7.95893e-05
5.86434e-05 7.97607e-05

5.83945e-05 7.99437e-05
5.86446e-05 7.97607e-05

5.88779e-05 7.95888e-05
5.92962e-05 7.92773e-05

5.64609e-05 8.13204e-05
5.66202e-05 8.12109e-05

6.08115e-05 7.81222e-05
6.05658e-05 7.83105e-05

6.12949e-05 7.7743e-05
6.11868e-05 7.78271e-05

6.08115e-05 7.81214e-05
6.1187e-05 7.78271e-05

6.03281e-05 7.84941e-05
6.05685e-05 7.83105e-05

6.12949e-05 7.77426e-05
6.17783e-05 7.7359e-05

6.17783e-05 7.73591e-05
6.17976e-05 7.73438e-05

7.04795e-05 6.95241e-05
7.03953e-05 6.96094e-05

7.09629e-05 6.90306e-05
7.08701e-05 6.9126e-05

7.04795e-05 6.9525e-05
7.08692e-05 6.9126e-05

7.14463e-05 6.85301e-05
7.13384e-05 6.86426e-05

7.19297e-05 6.80225e-05
7.18004e-05 6.81592e-05

7.14463e-05 6.85317e-05
7.17988e-05 6.81592e-05

7.09629e-05 6.90319e-05
7.13371e-05 6.86426e-05

7.57969e-05 6.36847e-05
7.56933e-05 6.38086e-05

7.43467e-05 6.53716e-05
7.40203e-05 6.57422e-05

7.48301e-05 6.48183e-05
7.44465e-05 6.52588e-05

7.43467e-05 6.53724e-05
7.44462e-05 6.52588e-05

7.53135e-05 6.42562e-05
7.5283e-05 6.4292e-05

7.5283e-05 6.4292e-05
7.48674e-05 6.47754e-05

7.53135e-05 6.4256e-05
7.56931e-05 6.38086e-05

7.48301e-05 6.48186e-05
7.48674e-05 6.47754e-05

7.24131e-05 6.75074e-05
7.22563e-05 6.76758e-05

7.28965e-05 6.69848e-05
7.27063e-05 6.71924e-05

7.24131e-05 6.75093e-05
7.27043e-05 6.71924e-05

7.33799e-05 6.64543e-05
7.31506e-05 6.6709e-05

7.38633e-05 6.59154e-05
7.35896e-05 6.62256e-05

7.33799e-05 6.64564e-05
7.35867e-05 6.62256e-05

7.28965e-05 6.69867e-05
7.31484e-05 6.6709e-05

7.19297e-05 6.80243e-05
7.22545e-05 6.76758e-05

7.38633e-05 6.59183e-05
7.40193e-05 6.57422e-05

6.85459e-05 7.14313e-05
6.84292e-05 7.1543e-05

6.90293e-05 7.09642e-05
6.89311e-05 7.10596e-05

6.85459e-05 7.143e-05
6.89324e-05 7.10596e-05

6.95127e-05 7.04908e-05
6.9426e-05 7.05762e-05

6.99961e-05 7.00108e-05
6.9914e-05 7.00928e-05

6.95127e-05 7.04904e-05
6.99144e-05 7.00928e-05

6.90293e-05 7.09633e-05
6.94269e-05 7.05762e-05

6.80625e-05 7.18904e-05
6.84309e-05 7.1543e-05

6.99961e-05 7.00111e-05
7.03951e-05 6.96094e-05

7.67637e-05 6.25156e-05
7.6498e-05 6.28418e-05

7.62803e-05 6.31034e-05
7.60992e-05 6.33252e-05

7.57969e-05 6.3685e-05
7.60978e-05 6.33252e-05

7.62803e-05 6.3107e-05
7.64959e-05 6.28418e-05

7.72471e-05 6.1918e-05
7.68922e-05 6.23584e-05

7.67637e-05 6.25171e-05
7.68914e-05 6.23584e-05

7.72471e-05 6.19184e-05
7.72817e-05 6.1875e-05

