-9.89798e-05 0
-9.89786e-05 4.83398e-07

-9.89786e-05 4.83398e-07
-9.89751e-05 9.66797e-07

-9.89751e-05 9.66797e-07
-9.89693e-05 1.4502e-06

-9.89693e-05 1.4502e-06
-9.89611e-05 1.93359e-06

-9.89611e-05 1.93359e-06
-9.89505e-05 2.41699e-06

-9.89505e-05 2.41699e-06
-9.89376e-05 2.90039e-06

-9.89376e-05 2.90039e-06
-9.89223e-05 3.38379e-06

-9.89223e-05 3.38379e-06
-9.89046e-05 3.86719e-06

-9.89046e-05 3.86719e-06
-9.88846e-05 4.35059e-06

-9.88846e-05 4.35059e-06
-9.88622e-05 4.83398e-06

-9.88622e-05 4.83398e-06
-9.88375e-05 5.31738e-06

-9.88375e-05 5.31738e-06
-9.88104e-05 5.80078e-06

-9.88104e-05 5.80078e-06
-9.87809e-05 6.28418e-06

-9.87809e-05 6.28418e-06
-9.8749e-05 6.76758e-06

-9.87491e-05 6.76758e-06
-9.87143e-05 7.25098e-06

-9.87138e-05 7.25098e-06
-9.871e-05 7.30164e-06

-9.871e-05 7.30216e-06
-9.86769e-05 7.73437e-06

-9.86772e-05 7.73437e-06
-9.86382e-05 8.21777e-06

-9.86382e-05 8.21777e-06
-9.85967e-05 8.70117e-06

-9.85968e-05 8.70117e-06
-9.85529e-05 9.18457e-06

-9.85529e-05 9.18457e-06
-9.85067e-05 9.66797e-06

-9.85066e-05 9.66797e-06
-9.84581e-05 1.01514e-05

-9.84581e-05 1.01514e-05
-9.84072e-05 1.06348e-05

-9.84072e-05 1.06348e-05
-9.8354e-05 1.11182e-05

-9.83541e-05 1.11182e-05
-9.82983e-05 1.16016e-05

-9.82985e-05 1.16016e-05
-9.82395e-05 1.2085e-05

-9.82388e-05 1.2085e-05
-9.82266e-05 1.21817e-05

-9.82266e-05 1.21821e-05
-9.81777e-05 1.25684e-05

-9.81781e-05 1.25684e-05
-9.81153e-05 1.30518e-05

-9.81154e-05 1.30518e-05
-9.80502e-05 1.35352e-05

-9.80502e-05 1.35352e-05
-9.79826e-05 1.40186e-05

-9.79827e-05 1.40186e-05
-9.79127e-05 1.4502e-05

-9.79128e-05 1.4502e-05
-9.78402e-05 1.49854e-05

-9.78404e-05 1.49854e-05
-9.77642e-05 1.54687e-05

-9.77631e-05 1.54687e-05
-9.77432e-05 1.5592e-05

-9.77432e-05 1.55921e-05
-9.76848e-05 1.59521e-05

-9.76854e-05 1.59521e-05
-9.76058e-05 1.64355e-05

-9.76057e-05 1.64355e-05
-9.75237e-05 1.69189e-05

-9.75239e-05 1.69189e-05
-9.74394e-05 1.74023e-05

-9.74397e-05 1.74023e-05
-9.7352e-05 1.78857e-05

-9.73523e-05 1.78857e-05
-9.72605e-05 1.83691e-05

-9.72587e-05 1.83691e-05
-9.71658e-05 1.88525e-05

-9.71674e-05 1.88525e-05
-9.70739e-05 1.93359e-05

-9.70736e-05 1.93359e-05
-9.69768e-05 1.98193e-05

-9.69772e-05 1.98193e-05
-9.68771e-05 2.03027e-05

-9.68771e-05 2.03027e-05
-9.67764e-05 2.07689e-05

-9.67764e-05 2.07689e-05
-9.67726e-05 2.07861e-05

-9.67707e-05 2.07861e-05
-9.66655e-05 2.12695e-05

-9.66672e-05 2.12695e-05
-9.65616e-05 2.17529e-05

-9.65615e-05 2.17529e-05
-9.6452e-05 2.22363e-05

-9.64525e-05 2.22363e-05
-9.63383e-05 2.27197e-05

-9.63365e-05 2.27197e-05
-9.6293e-05 2.29006e-05

-9.6293e-05 2.29007e-05
-9.62202e-05 2.32031e-05

-9.6221e-05 2.32031e-05
-9.61046e-05 2.36865e-05

-9.61051e-05 2.36865e-05
-9.59858e-05 2.41699e-05

-9.59865e-05 2.41699e-05
-9.58621e-05 2.46533e-05

-9.586e-05 2.46533e-05
-9.58096e-05 2.48458e-05

-9.58096e-05 2.48456e-05
-9.57334e-05 2.51367e-05

-9.57346e-05 2.51367e-05
-9.56079e-05 2.56201e-05

-9.56084e-05 2.56201e-05
-9.54784e-05 2.61035e-05

-9.54792e-05 2.61035e-05
-9.53431e-05 2.65869e-05

-9.53395e-05 2.65869e-05
-9.53262e-05 2.66343e-05

-9.53262e-05 2.66338e-05
-9.52032e-05 2.70703e-05

-9.52067e-05 2.70703e-05
-9.50709e-05 2.75537e-05

-9.50709e-05 2.75537e-05
-9.49284e-05 2.80371e-05

-9.49264e-05 2.80371e-05
-9.48428e-05 2.83153e-05

-9.48428e-05 2.83146e-05
-9.47809e-05 2.85205e-05

-9.47815e-05 2.85205e-05
-9.46362e-05 2.90039e-05

-9.46378e-05 2.90039e-05
-9.44884e-05 2.94873e-05

-9.44871e-05 2.94873e-05
-9.43594e-05 2.98884e-05

-9.43594e-05 2.98877e-05
-9.43329e-05 2.99707e-05

-9.4332e-05 2.99707e-05
-9.41783e-05 3.04541e-05

-9.41809e-05 3.04541e-05
-9.40243e-05 3.09375e-05

-9.40231e-05 3.09375e-05
-9.3876e-05 3.13752e-05

-9.3876e-05 3.13744e-05
-9.38603e-05 3.14209e-05

-9.38588e-05 3.14209e-05
-9.36965e-05 3.19043e-05

-9.36998e-05 3.19043e-05
-9.35347e-05 3.23877e-05

-9.35329e-05 3.23877e-05
-9.33926e-05 3.27854e-05

-9.33926e-05 3.27842e-05
-9.33619e-05 3.28711e-05

-9.33614e-05 3.28711e-05
-9.31911e-05 3.33545e-05

-9.3194e-05 3.33545e-05
-9.30197e-05 3.38379e-05

-9.30169e-05 3.38379e-05
-9.29092e-05 3.41306e-05

-9.29092e-05 3.41287e-05
-9.28383e-05 3.43213e-05

-9.28402e-05 3.43213e-05
-9.26616e-05 3.48047e-05

-9.26631e-05 3.48047e-05
-9.24779e-05 3.52881e-05

-9.24735e-05 3.52881e-05
-9.24258e-05 3.54126e-05

-9.24258e-05 3.54117e-05
-9.22879e-05 3.57715e-05

-9.22937e-05 3.57715e-05
-9.21065e-05 3.62549e-05

-9.21031e-05 3.62549e-05
-9.19424e-05 3.66563e-05

-9.19424e-05 3.66549e-05
-9.1909e-05 3.67383e-05

-9.19097e-05 3.67383e-05
-9.17162e-05 3.72217e-05

-9.1719e-05 3.72217e-05
-9.15199e-05 3.77051e-05

-9.15152e-05 3.77051e-05
-9.1459e-05 3.7841e-05

-9.1459e-05 3.78394e-05
-9.13145e-05 3.81885e-05

-9.13204e-05 3.81885e-05
-9.11181e-05 3.86719e-05

-9.11141e-05 3.86719e-05
-9.09756e-05 3.89946e-05

-9.09756e-05 3.89928e-05
-9.09059e-05 3.91553e-05

-9.09088e-05 3.91553e-05
-9.06998e-05 3.96387e-05

-9.06994e-05 3.96387e-05
-9.04922e-05 4.01057e-05

-9.04922e-05 4.0105e-05
-9.04846e-05 4.01221e-05

-9.04828e-05 4.01221e-05
-9.02679e-05 4.06055e-05

-9.02724e-05 4.06055e-05
-9.00523e-05 4.10889e-05

-9.00463e-05 4.10889e-05
-9.00088e-05 4.11707e-05

-9.00088e-05 4.11697e-05
-8.98243e-05 4.15723e-05

-8.98316e-05 4.15723e-05
-8.96069e-05 4.20557e-05

-8.96006e-05 4.20557e-05
-8.95254e-05 4.22146e-05

-8.95254e-05 4.22132e-05
-8.93713e-05 4.25391e-05

-8.93776e-05 4.25391e-05
-8.91463e-05 4.30225e-05

-8.91413e-05 4.30225e-05
-8.9042e-05 4.32267e-05

-8.9042e-05 4.3225e-05
-8.89055e-05 4.35059e-05

-8.8911e-05 4.35059e-05
-8.86731e-05 4.39893e-05

-8.86685e-05 4.39893e-05
-8.85586e-05 4.42094e-05

-8.85586e-05 4.42076e-05
-8.84262e-05 4.44727e-05

-8.84317e-05 4.44727e-05
-8.81869e-05 4.49561e-05

-8.81823e-05 4.49561e-05
-8.80752e-05 4.51649e-05

-8.80752e-05 4.51631e-05
-8.79335e-05 4.54395e-05

-8.79394e-05 4.54395e-05
-8.76877e-05 4.59229e-05

-8.76823e-05 4.59229e-05
-8.75918e-05 4.60948e-05

-8.75918e-05 4.60932e-05
-8.7427e-05 4.64062e-05

-8.74338e-05 4.64062e-05
-8.71751e-05 4.68896e-05

-8.71683e-05 4.68896e-05
-8.71084e-05 4.70003e-05

-8.71084e-05 4.69999e-05
-8.69063e-05 4.7373e-05

-8.69133e-05 4.7373e-05
-8.66482e-05 4.78564e-05

-8.66417e-05 4.78564e-05
-8.6625e-05 4.78866e-05

-8.6625e-05 4.78867e-05
-8.6372e-05 4.83398e-05

-8.63765e-05 4.83398e-05
-8.61416e-05 4.87601e-05

-8.61416e-05 4.87559e-05
-8.6104e-05 4.88232e-05

-8.61051e-05 4.88232e-05
-8.58279e-05 4.93066e-05

-8.58269e-05 4.93066e-05
-8.56582e-05 4.95995e-05

-8.56582e-05 4.95955e-05
-8.55462e-05 4.979e-05

-8.55516e-05 4.979e-05
-8.52677e-05 5.02734e-05

-8.52633e-05 5.02734e-05
-8.51748e-05 5.04223e-05

-8.51748e-05 5.04209e-05
-8.49751e-05 5.07568e-05

-8.49798e-05 5.07568e-05
-8.46914e-05 5.12383e-05

-8.46914e-05 5.12382e-05
-8.46902e-05 5.12402e-05

-8.46876e-05 5.12402e-05
-8.43921e-05 5.17236e-05

-8.43934e-05 5.17236e-05
-8.4208e-05 5.2026e-05

-8.4208e-05 5.20209e-05
-8.40939e-05 5.2207e-05

-8.4099e-05 5.2207e-05
-8.37955e-05 5.26904e-05

-8.37898e-05 5.26904e-05
-8.37246e-05 5.27942e-05

-8.37246e-05 5.2794e-05
-8.34837e-05 5.31738e-05

-8.34881e-05 5.31738e-05
-8.32412e-05 5.35627e-05

-8.32412e-05 5.35575e-05
-8.31786e-05 5.36572e-05

-8.3181e-05 5.36572e-05
-8.28653e-05 5.41406e-05

-8.28622e-05 5.41406e-05
-8.27578e-05 5.43002e-05

-8.27578e-05 5.42979e-05
-8.25431e-05 5.4624e-05

-8.25467e-05 5.4624e-05
-8.22744e-05 5.5036e-05

-8.22744e-05 5.50319e-05
-8.22257e-05 5.51074e-05

-8.22275e-05 5.51074e-05
-8.18995e-05 5.55908e-05

-8.18959e-05 5.55908e-05
-8.1791e-05 5.57463e-05

-8.1791e-05 5.57439e-05
-8.15653e-05 5.60742e-05

-8.15695e-05 5.60742e-05
-8.13076e-05 5.64556e-05

-8.13076e-05 5.64501e-05
-8.12354e-05 5.65576e-05

-8.12375e-05 5.65576e-05
-8.08964e-05 5.7041e-05

-8.08911e-05 5.7041e-05
-8.08242e-05 5.71371e-05

-8.08242e-05 5.71369e-05
-8.0549e-05 5.75244e-05

-8.05547e-05 5.75244e-05
-8.03408e-05 5.78242e-05

-8.03408e-05 5.78169e-05
-8.02059e-05 5.80078e-05

-8.02074e-05 5.80078e-05
-7.98574e-05 5.84872e-05

-7.98574e-05 5.84871e-05
-7.98544e-05 5.84912e-05

-7.98539e-05 5.84912e-05
-7.94955e-05 5.89746e-05

-7.94932e-05 5.89746e-05
-7.9374e-05 5.91385e-05

-7.9374e-05 5.91354e-05
-7.91342e-05 5.9458e-05

-7.9139e-05 5.9458e-05
-7.88906e-05 5.97884e-05

-7.88906e-05 5.97818e-05
-7.87721e-05 5.99414e-05

-7.87731e-05 5.99414e-05
-7.84072e-05 6.04176e-05

-7.84072e-05 6.04174e-05
-7.84016e-05 6.04248e-05

-7.84018e-05 6.04248e-05
-7.80243e-05 6.09082e-05

-7.80211e-05 6.09082e-05
-7.79238e-05 6.10339e-05

-7.79238e-05 6.10334e-05
-7.76432e-05 6.13916e-05

-7.76466e-05 6.13916e-05
-7.74404e-05 6.16562e-05

-7.74404e-05 6.16478e-05
-7.72642e-05 6.1875e-05

-7.72655e-05 6.1875e-05
-7.6957e-05 6.22578e-05

-7.6957e-05 6.22544e-05
-7.68733e-05 6.23584e-05

-7.68747e-05 6.23584e-05
-7.64778e-05 6.28418e-05

-7.64779e-05 6.28418e-05
-7.64736e-05 6.28469e-05

-7.64736e-05 6.28465e-05
-7.60751e-05 6.33252e-05

-7.60728e-05 6.33252e-05
-7.59902e-05 6.34245e-05

-7.59902e-05 6.34249e-05
-7.56692e-05 6.38086e-05

-7.56713e-05 6.38086e-05
-7.55068e-05 6.40069e-05

-7.55068e-05 6.40008e-05
-7.52643e-05 6.4292e-05

-7.52631e-05 6.4292e-05
-7.50234e-05 6.45772e-05

-7.50234e-05 6.45713e-05
-7.485e-05 6.47754e-05

-7.48505e-05 6.47754e-05
-7.454e-05 6.51339e-05

-7.454e-05 6.5131e-05
-7.44289e-05 6.52588e-05

-7.44305e-05 6.52588e-05
-7.40566e-05 6.56816e-05

-7.40566e-05 6.56804e-05
-7.40017e-05 6.57422e-05

-7.40026e-05 6.57422e-05
-7.35732e-05 6.62201e-05

-7.35732e-05 6.62201e-05
-7.35683e-05 6.62256e-05

-7.35686e-05 6.62256e-05
-7.31275e-05 6.6709e-05

-7.31257e-05 6.6709e-05
-7.30898e-05 6.67479e-05

-7.30898e-05 6.67485e-05
-7.26804e-05 6.71924e-05

-7.26809e-05 6.71924e-05
-7.26064e-05 6.7273e-05

-7.26064e-05 6.72722e-05
-7.2232e-05 6.76758e-05

-7.22326e-05 6.76758e-05
-7.2123e-05 6.7793e-05

-7.2123e-05 6.77901e-05
-7.17783e-05 6.81592e-05

-7.17779e-05 6.81592e-05
-7.16396e-05 6.83051e-05

-7.16396e-05 6.83024e-05
-7.13172e-05 6.86426e-05

-7.13165e-05 6.86426e-05
-7.11562e-05 6.88093e-05

-7.11562e-05 6.88077e-05
-7.08492e-05 6.9126e-05

-7.08487e-05 6.9126e-05
-7.06729e-05 6.93062e-05

-7.06729e-05 6.93056e-05
-7.03748e-05 6.96094e-05

-7.03743e-05 6.96094e-05
-7.01895e-05 6.97961e-05

-7.01895e-05 6.97962e-05
-6.98939e-05 7.00928e-05

-6.98933e-05 7.00928e-05
-6.97061e-05 7.02792e-05

-6.97061e-05 7.028e-05
-6.94062e-05 7.05762e-05

-6.94056e-05 7.05762e-05
-6.92227e-05 7.07557e-05

-6.92227e-05 7.07574e-05
-6.89119e-05 7.10596e-05

-6.89111e-05 7.10596e-05
-6.87393e-05 7.1226e-05

-6.87393e-05 7.12285e-05
-6.84107e-05 7.1543e-05

-6.84099e-05 7.1543e-05
-6.82559e-05 7.16901e-05

-6.82559e-05 7.16937e-05
-6.79023e-05 7.20264e-05

-6.79017e-05 7.20264e-05
-6.77725e-05 7.21482e-05

-6.77725e-05 7.21514e-05
-6.73878e-05 7.25098e-05

-6.7387e-05 7.25098e-05
-6.72891e-05 7.26007e-05

-6.72891e-05 7.26029e-05
-6.68643e-05 7.29932e-05

-6.68654e-05 7.29932e-05
-6.68057e-05 7.30475e-05

-6.68057e-05 7.30464e-05
-6.6329e-05 7.34766e-05

-6.63283e-05 7.34766e-05
-6.63223e-05 7.3482e-05

-6.63223e-05 7.34821e-05
-6.58389e-05 7.39129e-05

-6.58389e-05 7.3914e-05
-6.5787e-05 7.396e-05

-6.57853e-05 7.396e-05
-6.53555e-05 7.43392e-05

-6.53555e-05 7.43415e-05
-6.52389e-05 7.44434e-05

-6.5236e-05 7.44434e-05
-6.48721e-05 7.47606e-05

-6.48721e-05 7.47646e-05
-6.46838e-05 7.49268e-05

-6.46824e-05 7.49268e-05
-6.43887e-05 7.51774e-05

-6.43887e-05 7.51841e-05
-6.41211e-05 7.54102e-05

-6.41198e-05 7.54102e-05
-6.39053e-05 7.55917e-05

-6.39053e-05 7.5597e-05
-6.35536e-05 7.58936e-05

-6.35532e-05 7.58936e-05
-6.34219e-05 7.60031e-05

-6.34219e-05 7.60045e-05
-6.29703e-05 7.6377e-05

-6.29716e-05 7.6377e-05
-6.29385e-05 7.64039e-05

-6.29385e-05 7.64018e-05
-6.24551e-05 7.67943e-05

-6.24551e-05 7.67964e-05
-6.23756e-05 7.68604e-05

-6.23722e-05 7.68604e-05
-6.19717e-05 7.71835e-05

-6.19717e-05 7.71886e-05
-6.17756e-05 7.73437e-05

-6.17704e-05 7.73438e-05
-6.14883e-05 7.7569e-05

-6.14883e-05 7.75753e-05
-6.11703e-05 7.78271e-05

-6.11692e-05 7.78271e-05
-6.10049e-05 7.79552e-05

-6.10049e-05 7.79575e-05
-6.05484e-05 7.83105e-05

-6.05499e-05 7.83105e-05
-6.05215e-05 7.83322e-05

-6.05215e-05 7.83298e-05
-6.00381e-05 7.86981e-05

-6.00381e-05 7.8702e-05
-5.99155e-05 7.87939e-05

-5.99092e-05 7.87939e-05
-5.95547e-05 7.90636e-05

-5.95547e-05 7.90691e-05
-5.92784e-05 7.92773e-05

-5.92741e-05 7.92773e-05
-5.90713e-05 7.9428e-05

-5.90713e-05 7.9433e-05
-5.86261e-05 7.97607e-05

-5.8629e-05 7.97607e-05
-5.85879e-05 7.97904e-05

-5.85879e-05 7.97861e-05
-5.81045e-05 8.01361e-05

-5.81045e-05 8.01413e-05
-5.79594e-05 8.02441e-05

-5.79524e-05 8.02441e-05
-5.76211e-05 8.04849e-05

-5.76211e-05 8.04915e-05
-5.72899e-05 8.07275e-05

-5.72911e-05 8.07275e-05
-5.71377e-05 8.08345e-05

-5.71377e-05 8.0832e-05
-5.66543e-05 8.11687e-05

-5.66543e-05 8.11701e-05
-5.65948e-05 8.12109e-05

-5.65929e-05 8.12109e-05
-5.61709e-05 8.15056e-05

-5.61709e-05 8.15108e-05
-5.59037e-05 8.16943e-05

-5.58994e-05 8.16943e-05
-5.56875e-05 8.18393e-05

-5.56875e-05 8.18389e-05
-5.52041e-05 8.21634e-05

-5.52041e-05 8.21628e-05
-5.51814e-05 8.21777e-05

-5.5181e-05 8.21777e-05
-5.47207e-05 8.24864e-05

-5.47207e-05 8.24916e-05
-5.44638e-05 8.26611e-05

-5.44586e-05 8.26611e-05
-5.42373e-05 8.28071e-05

-5.42373e-05 8.2806e-05
-5.37539e-05 8.31184e-05

-5.37539e-05 8.31186e-05
-5.37129e-05 8.31445e-05

-5.37123e-05 8.31445e-05
-5.32705e-05 8.34309e-05

-5.32705e-05 8.34364e-05
-5.29684e-05 8.36279e-05

-5.2965e-05 8.36279e-05
-5.27871e-05 8.37405e-05

-5.27871e-05 8.37372e-05
-5.23037e-05 8.40372e-05

-5.23037e-05 8.40411e-05
-5.21909e-05 8.41113e-05

-5.21841e-05 8.41113e-05
-5.18203e-05 8.43392e-05

-5.18203e-05 8.43455e-05
-5.14107e-05 8.45947e-05

-5.14148e-05 8.45947e-05
-5.13369e-05 8.46415e-05

-5.13369e-05 8.46322e-05
-5.08535e-05 8.49223e-05

-5.08535e-05 8.49299e-05
-5.06051e-05 8.50781e-05

-5.06016e-05 8.50781e-05
-5.03701e-05 8.52163e-05

-5.03701e-05 8.52131e-05
-4.98867e-05 8.54952e-05

-4.98867e-05 8.54983e-05
-4.97786e-05 8.55615e-05

-4.97736e-05 8.55615e-05
-4.94033e-05 8.57783e-05

-4.94033e-05 8.57825e-05
-4.89424e-05 8.60449e-05

-4.89446e-05 8.60449e-05
-4.89199e-05 8.60588e-05

-4.89199e-05 8.6051e-05
-4.84365e-05 8.63249e-05

-4.84365e-05 8.63332e-05
-4.80859e-05 8.65283e-05

-4.80871e-05 8.65283e-05
-4.79531e-05 8.66029e-05

-4.79531e-05 8.65934e-05
-4.74697e-05 8.68588e-05

-4.74697e-05 8.68672e-05
-4.72045e-05 8.70117e-05

-4.72033e-05 8.70117e-05
-4.69863e-05 8.71299e-05

-4.69863e-05 8.71235e-05
-4.65029e-05 8.73822e-05

-4.65029e-05 8.73883e-05
-4.63015e-05 8.74951e-05

-4.63e-05 8.74951e-05
-4.60195e-05 8.76438e-05

-4.60195e-05 8.76395e-05
-4.55361e-05 8.78914e-05

-4.55361e-05 8.78957e-05
-4.53754e-05 8.79785e-05

-4.53741e-05 8.79785e-05
-4.50527e-05 8.81441e-05

-4.50527e-05 8.81409e-05
-4.45693e-05 8.83863e-05

-4.45693e-05 8.83898e-05
-4.44253e-05 8.84619e-05

-4.44247e-05 8.84619e-05
-4.40859e-05 8.86315e-05

-4.40859e-05 8.86281e-05
-4.36025e-05 8.8867e-05

-4.36025e-05 8.88709e-05
-4.34496e-05 8.89453e-05

-4.34492e-05 8.89453e-05
-4.31191e-05 8.91059e-05

-4.31191e-05 8.91016e-05
-4.26357e-05 8.93344e-05

-4.26357e-05 8.93397e-05
-4.24476e-05 8.94287e-05

-4.24478e-05 8.94287e-05
-4.21523e-05 8.95684e-05

-4.21523e-05 8.9562e-05
-4.16689e-05 8.97885e-05

-4.16689e-05 8.9796e-05
-4.14163e-05 8.99121e-05

-4.14169e-05 8.99121e-05
-4.11855e-05 9.00185e-05

-4.11855e-05 9.00092e-05
-4.07021e-05 9.023e-05

-4.07021e-05 9.024e-05
-4.03566e-05 9.03955e-05

-4.03563e-05 9.03955e-05
-4.02187e-05 9.04574e-05

-4.02187e-05 9.04487e-05
-3.97354e-05 9.06606e-05

-3.97354e-05 9.06666e-05
-3.9252e-05 9.08784e-05

-3.9252e-05 9.08772e-05
-3.92479e-05 9.08789e-05

-3.92457e-05 9.08789e-05
-3.87686e-05 9.10802e-05

-3.87686e-05 9.10778e-05
-3.82852e-05 9.12828e-05

-3.82852e-05 9.12883e-05
-3.81062e-05 9.13623e-05

-3.81065e-05 9.13623e-05
-3.78018e-05 9.14883e-05

-3.78018e-05 9.14798e-05
-3.73184e-05 9.16803e-05

-3.73184e-05 9.16905e-05
-3.69383e-05 9.18457e-05

-3.69401e-05 9.18457e-05
-3.6835e-05 9.18886e-05

-3.6835e-05 9.18809e-05
-3.63516e-05 9.20685e-05

-3.63516e-05 9.2069e-05
-3.58682e-05 9.22603e-05

-3.58682e-05 9.2265e-05
-3.5701e-05 9.23291e-05

-3.56989e-05 9.23291e-05
-3.53848e-05 9.24495e-05

-3.53848e-05 9.24426e-05
-3.49014e-05 9.26279e-05

-3.49014e-05 9.26362e-05
-3.44361e-05 9.28125e-05

-3.44337e-05 9.28125e-05
-3.4418e-05 9.28185e-05

-3.4418e-05 9.28158e-05
-3.39346e-05 9.29875e-05

-3.39346e-05 9.29822e-05
-3.34512e-05 9.316e-05

-3.34512e-05 9.31702e-05
-3.31025e-05 9.32959e-05

-3.31028e-05 9.32959e-05
-3.29678e-05 9.33446e-05

-3.29678e-05 9.33379e-05
-3.24844e-05 9.35016e-05

-3.24844e-05 9.34997e-05
-3.2001e-05 9.36699e-05

-3.2001e-05 9.36778e-05
-3.17025e-05 9.37793e-05

-3.17026e-05 9.37793e-05
-3.15176e-05 9.38422e-05

-3.15176e-05 9.38359e-05
-3.10342e-05 9.39914e-05

-3.10342e-05 9.39897e-05
-3.05508e-05 9.41523e-05

-3.05508e-05 9.41608e-05
-3.02359e-05 9.42627e-05

-3.02353e-05 9.42627e-05
-3.00674e-05 9.4317e-05

-3.00674e-05 9.43103e-05
-2.9584e-05 9.44573e-05

-2.9584e-05 9.44554e-05
-2.91006e-05 9.46105e-05

-2.91006e-05 9.46198e-05
-2.86893e-05 9.47461e-05

-2.86892e-05 9.47461e-05
-2.86172e-05 9.47682e-05

-2.86172e-05 9.47609e-05
-2.81338e-05 9.48988e-05

-2.81338e-05 9.4898e-05
-2.76504e-05 9.50417e-05

-2.76504e-05 9.50458e-05
-2.7167e-05 9.51885e-05

-2.7167e-05 9.51893e-05
-2.70203e-05 9.52295e-05

-2.70192e-05 9.52295e-05
-2.66836e-05 9.53216e-05

-2.66836e-05 9.53171e-05
-2.62002e-05 9.54476e-05

-2.62002e-05 9.54475e-05
-2.57168e-05 9.55854e-05

-2.57168e-05 9.55934e-05
-2.52701e-05 9.57129e-05

-2.5268e-05 9.57129e-05
-2.52334e-05 9.57221e-05

-2.52334e-05 9.57162e-05
-2.475e-05 9.58337e-05

-2.475e-05 9.58322e-05
-2.42666e-05 9.59538e-05

-2.42666e-05 9.59544e-05
-2.37832e-05 9.60819e-05

-2.37832e-05 9.60886e-05
-2.33452e-05 9.61963e-05

-2.33447e-05 9.61963e-05
-2.32998e-05 9.62073e-05

-2.32998e-05 9.6202e-05
-2.28164e-05 9.63097e-05

-2.28164e-05 9.63079e-05
-2.2333e-05 9.64187e-05

-2.2333e-05 9.64206e-05
-2.18496e-05 9.65345e-05

-2.18496e-05 9.65371e-05
-2.13662e-05 9.66452e-05

-2.13662e-05 9.66437e-05
-2.11912e-05 9.66797e-05

-2.11925e-05 9.66797e-05
-2.08828e-05 9.67434e-05

-2.08828e-05 9.67414e-05
-2.03994e-05 9.68387e-05

-2.03994e-05 9.68387e-05
-1.9916e-05 9.6938e-05

-1.9916e-05 9.69394e-05
-1.94326e-05 9.70381e-05

-1.94326e-05 9.70402e-05
-1.89492e-05 9.71313e-05

-1.89492e-05 9.71287e-05
-1.87507e-05 9.71631e-05

-1.87551e-05 9.71631e-05
-1.84658e-05 9.72131e-05

-1.84658e-05 9.72117e-05
-1.79824e-05 9.72944e-05

-1.79824e-05 9.7294e-05
-1.7499e-05 9.73788e-05

-1.7499e-05 9.73785e-05
-1.70156e-05 9.74668e-05

-1.70156e-05 9.74672e-05
-1.65322e-05 9.75589e-05

-1.65322e-05 9.75574e-05
-1.60905e-05 9.76465e-05

-1.60883e-05 9.76465e-05
-1.60488e-05 9.76545e-05

-1.60488e-05 9.76575e-05
-1.55654e-05 9.77586e-05

-1.55654e-05 9.77638e-05
-1.5082e-05 9.78528e-05

-1.5082e-05 9.78321e-05
-1.45986e-05 9.79399e-05

-1.45986e-05 9.78714e-05
-1.41152e-05 9.81067e-05

-1.43738e-05 9.81299e-05
-1.41152e-05 9.82604e-05

-1.41152e-05 9.80695e-05
-1.39782e-05 9.81299e-05

-1.41152e-05 9.82724e-05
-1.36318e-05 9.84582e-05

-1.36318e-05 9.8399e-05
-1.31484e-05 9.83921e-05

-1.31484e-05 9.83607e-05
-1.2665e-05 9.83335e-05

-1.2665e-05 9.83448e-05
-1.21816e-05 9.83373e-05

-1.21816e-05 9.83351e-05
-1.16982e-05 9.8329e-05

-1.16982e-05 9.83259e-05
-1.12148e-05 9.83318e-05

-1.12148e-05 9.83337e-05
-1.07314e-05 9.83538e-05

-1.07314e-05 9.8351e-05
-1.0248e-05 9.83871e-05

-1.0248e-05 9.83945e-05
-9.76465e-06 9.84376e-05

-9.76465e-06 9.83745e-05
-9.28125e-06 9.85352e-05

-9.30906e-06 9.86133e-05
-9.28125e-06 9.86225e-05

-9.28125e-06 9.85859e-05
-9.22293e-06 9.86133e-05

-9.28125e-06 9.86255e-05
-8.79785e-06 9.88528e-05

-8.79785e-06 9.89036e-05
-8.31445e-06 9.89161e-05

-8.31445e-06 9.88078e-05
-7.83105e-06 9.87171e-05

-7.83105e-06 9.87379e-05
-7.34766e-06 9.87191e-05

-7.34766e-06 9.87222e-05
-6.86426e-06 9.87277e-05

-6.86426e-06 9.87307e-05
-6.38086e-06 9.87483e-05

-6.38086e-06 9.87487e-05
-5.89746e-06 9.87718e-05

-5.89746e-06 9.87729e-05
-5.41406e-06 9.87985e-05

-5.41406e-06 9.87989e-05
-4.93066e-06 9.88242e-05

-4.93066e-06 9.88245e-05
-4.44727e-06 9.88484e-05

-4.44727e-06 9.88485e-05
-3.96387e-06 9.88703e-05

-3.96387e-06 9.88703e-05
-3.48047e-06 9.88895e-05

-3.48047e-06 9.88895e-05
-2.99707e-06 9.89061e-05

-2.99707e-06 9.89061e-05
-2.51367e-06 9.89198e-05

-2.51367e-06 9.89199e-05
-2.03027e-06 9.89307e-05

-2.03027e-06 9.89307e-05
-1.54687e-06 9.89387e-05

-1.54687e-06 9.89387e-05
-1.06348e-06 9.89438e-05

-1.06348e-06 9.89438e-05
-5.80078e-07 9.89461e-05

-5.80078e-07 9.89461e-05
-9.66797e-08 9.89455e-05

-9.66797e-08 9.89456e-05
3.86719e-07 9.89421e-05

3.86719e-07 9.89421e-05
8.70117e-07 9.89356e-05

8.70117e-07 9.89356e-05
1.35352e-06 9.89261e-05

1.35352e-06 9.89262e-05
1.83691e-06 9.89134e-05

1.83691e-06 9.89134e-05
2.32031e-06 9.88972e-05

2.32031e-06 9.88972e-05
2.80371e-06 9.88776e-05

2.80371e-06 9.88776e-05
3.28711e-06 9.88547e-05

3.28711e-06 9.88545e-05
3.77051e-06 9.88287e-05

3.77051e-06 9.88284e-05
4.25391e-06 9.88008e-05

4.25391e-06 9.88001e-05
4.7373e-06 9.87729e-05

4.7373e-06 9.87723e-05
5.2207e-06 9.87482e-05

5.2207e-06 9.87464e-05
5.7041e-06 9.873e-05

5.7041e-06 9.87302e-05
6.1875e-06 9.87245e-05

3.4708e-05 9.27088e-05
3.44286e-05 9.28125e-05

3.4708e-05 9.27193e-05
3.51914e-05 9.25417e-05

3.51914e-05 9.25403e-05
3.56748e-05 9.23488e-05

3.61582e-05 9.21544e-05
3.57037e-05 9.23291e-05

3.56748e-05 9.23434e-05
3.57121e-05 9.23291e-05

3.7125e-05 9.17716e-05
3.69415e-05 9.18457e-05

3.61582e-05 9.21669e-05
3.66416e-05 9.1979e-05

3.66416e-05 9.1971e-05
3.69516e-05 9.18457e-05

6.1875e-06 9.87176e-05
6.6709e-06 9.87362e-05

6.6709e-06 9.87241e-05
7.1543e-06 9.88052e-05

7.1543e-06 9.88019e-05
7.6377e-06 9.89762e-05

7.6377e-06 9.9076e-05
7.697e-06 9.90967e-05

7.89872e-06 9.90967e-05
8.12109e-06 9.91742e-05

9.08789e-06 9.83866e-05
8.84753e-06 9.86133e-05

9.08789e-06 9.83833e-05
9.57129e-06 9.82068e-05

9.57129e-06 9.83125e-05
1.00547e-05 9.83694e-05

8.60449e-06 9.90466e-05
8.50009e-06 9.90967e-05

8.12109e-06 9.93213e-05
8.60449e-06 9.91417e-05

8.60449e-06 9.89838e-05
8.96218e-06 9.86133e-05

8.60449e-06 9.91567e-05
8.66488e-06 9.90967e-05

1.00547e-05 9.83807e-05
1.05381e-05 9.84371e-05

1.05381e-05 9.84378e-05
1.10215e-05 9.84696e-05

1.10215e-05 9.84046e-05
1.15049e-05 9.85405e-05

1.15049e-05 9.85668e-05
1.15905e-05 9.86133e-05

1.15328e-05 9.86133e-05
1.19883e-05 9.88604e-05

1.34385e-05 9.83192e-05
1.30162e-05 9.86133e-05

1.39219e-05 9.79007e-05
1.35304e-05 9.81299e-05

1.34385e-05 9.82595e-05
1.36545e-05 9.81299e-05

1.19883e-05 9.89937e-05
1.24717e-05 9.90006e-05

1.24717e-05 9.88672e-05
1.29515e-05 9.86133e-05

1.29551e-05 9.86342e-05
1.29899e-05 9.86133e-05

1.39219e-05 9.79741e-05
1.44053e-05 9.78638e-05

1.44053e-05 9.78835e-05
1.48887e-05 9.78073e-05

1.58555e-05 9.76414e-05
1.58273e-05 9.76465e-05

1.48887e-05 9.78065e-05
1.53721e-05 9.77267e-05

1.53721e-05 9.77298e-05
1.58312e-05 9.76465e-05

1.58555e-05 9.7632e-05
1.63389e-05 9.75503e-05

1.63389e-05 9.75559e-05
1.68223e-05 9.7489e-05

1.68223e-05 9.74918e-05
1.73057e-05 9.74231e-05

1.73057e-05 9.7423e-05
1.77891e-05 9.73472e-05

2.11729e-05 9.6674e-05
2.16563e-05 9.65666e-05

1.77891e-05 9.73479e-05
1.82725e-05 9.72638e-05

1.87559e-05 9.71628e-05
1.87543e-05 9.71631e-05

1.82725e-05 9.72657e-05
1.87559e-05 9.71682e-05

1.87559e-05 9.71583e-05
1.92393e-05 9.70635e-05

1.87559e-05 9.71641e-05
1.8761e-05 9.71631e-05

1.92393e-05 9.70705e-05
1.97227e-05 9.6984e-05

1.97227e-05 9.69837e-05
2.02061e-05 9.68922e-05

2.02061e-05 9.68935e-05
2.06895e-05 9.6795e-05

2.06895e-05 9.67969e-05
2.11729e-05 9.66849e-05

2.11729e-05 9.66806e-05
2.11768e-05 9.66797e-05

2.16563e-05 9.65753e-05
2.21396e-05 9.64768e-05

2.21396e-05 9.64768e-05
2.2623e-05 9.637e-05

2.2623e-05 9.63718e-05
2.31064e-05 9.62533e-05

2.35898e-05 9.61254e-05
2.33052e-05 9.61963e-05

2.31064e-05 9.62476e-05
2.33125e-05 9.61963e-05

2.35898e-05 9.61286e-05
2.40732e-05 9.60146e-05

2.40732e-05 9.60168e-05
2.45566e-05 9.58999e-05

2.55234e-05 9.56339e-05
2.52309e-05 9.57129e-05

2.45566e-05 9.59025e-05
2.504e-05 9.57732e-05

2.504e-05 9.57659e-05
2.52365e-05 9.57129e-05

2.55234e-05 9.56385e-05
2.60068e-05 9.55152e-05

2.60068e-05 9.55178e-05
2.64902e-05 9.53885e-05

2.64902e-05 9.53899e-05
2.69736e-05 9.52467e-05

2.7457e-05 9.50975e-05
2.69942e-05 9.52295e-05

2.69736e-05 9.52397e-05
2.70095e-05 9.52295e-05

2.89072e-05 9.46721e-05
2.86682e-05 9.47461e-05

2.89072e-05 9.46769e-05
2.93906e-05 9.45342e-05

2.7457e-05 9.5108e-05
2.79404e-05 9.4977e-05

2.79404e-05 9.49783e-05
2.84238e-05 9.4831e-05

2.84238e-05 9.48237e-05
2.86747e-05 9.47461e-05

2.93906e-05 9.45385e-05
2.9874e-05 9.43868e-05

3.03574e-05 9.42219e-05
3.02327e-05 9.42627e-05

2.9874e-05 9.43817e-05
3.02382e-05 9.42627e-05

3.03574e-05 9.42229e-05
3.08408e-05 9.40703e-05

3.08408e-05 9.40763e-05
3.13242e-05 9.39176e-05

3.18076e-05 9.37444e-05
3.17063e-05 9.37793e-05

3.18076e-05 9.37449e-05
3.2291e-05 9.35834e-05

3.13242e-05 9.39127e-05
3.17117e-05 9.37793e-05

3.2291e-05 9.359e-05
3.27744e-05 9.34222e-05

3.32578e-05 9.32399e-05
3.31018e-05 9.32959e-05

3.27744e-05 9.3416e-05
3.31092e-05 9.32959e-05

3.32578e-05 9.3244e-05
3.37412e-05 9.30745e-05

3.37412e-05 9.30793e-05
3.42246e-05 9.28996e-05

3.42246e-05 9.28914e-05
3.44371e-05 9.28125e-05

9.9e-05 7.22779e-06
9.89865e-05 7.25098e-06

9.89801e-05 7.25098e-06
9.8757e-05 7.73437e-06

9.85166e-05 8.55253e-06
9.84781e-05 8.70117e-06

9.8766e-05 7.73437e-06
9.86024e-05 8.21777e-06

9.85166e-05 8.55515e-06
9.8604e-05 8.21777e-06

9.84733e-05 8.70117e-06
9.83941e-05 9.18457e-06

9.84039e-05 9.18457e-06
9.83617e-05 9.66797e-06

9.8369e-05 9.66797e-06
9.83299e-05 1.01514e-05

9.83279e-05 1.01514e-05
9.82812e-05 1.06348e-05

9.82802e-05 1.06348e-05
9.82318e-05 1.11182e-05

9.82321e-05 1.11182e-05
9.81832e-05 1.16016e-05

9.80332e-05 1.3023e-05
9.80301e-05 1.30518e-05

9.80316e-05 1.30518e-05
9.79752e-05 1.35352e-05

9.8183e-05 1.16016e-05
9.81332e-05 1.2085e-05

9.81337e-05 1.2085e-05
9.80827e-05 1.25684e-05

9.80332e-05 1.30214e-05
9.80823e-05 1.25684e-05

9.79724e-05 1.35352e-05
9.79146e-05 1.40186e-05

9.79158e-05 1.40186e-05
9.78596e-05 1.4502e-05

9.78618e-05 1.4502e-05
9.78006e-05 1.49854e-05

9.77996e-05 1.49854e-05
9.77308e-05 1.54687e-05

9.77296e-05 1.54687e-05
9.76576e-05 1.59521e-05

9.7659e-05 1.59521e-05
9.75833e-05 1.64355e-05

9.75498e-05 1.66276e-05
9.75027e-05 1.69189e-05

9.75034e-05 1.69189e-05
9.74262e-05 1.74023e-05

9.75498e-05 1.66326e-05
9.75817e-05 1.64355e-05

9.74283e-05 1.74023e-05
9.73472e-05 1.78857e-05

9.73461e-05 1.78857e-05
9.72589e-05 1.83691e-05

9.72584e-05 1.83691e-05
9.71684e-05 1.88525e-05

9.71685e-05 1.88525e-05
9.70766e-05 1.93359e-05

9.70664e-05 1.93889e-05
9.69822e-05 1.98193e-05

9.6982e-05 1.98193e-05
9.68848e-05 2.03027e-05

9.68852e-05 2.03027e-05
9.67852e-05 2.07861e-05

9.67853e-05 2.07861e-05
9.66818e-05 2.12695e-05

9.6583e-05 2.17152e-05
9.65747e-05 2.17529e-05

9.6575e-05 2.17529e-05
9.64671e-05 2.22363e-05

9.6583e-05 2.17166e-05
9.66813e-05 2.12695e-05

9.64678e-05 2.22363e-05
9.63566e-05 2.27197e-05

9.63558e-05 2.27197e-05
9.62415e-05 2.32031e-05

9.70664e-05 1.93939e-05
9.70777e-05 1.93359e-05

9.51328e-05 2.74243e-05
9.50959e-05 2.75537e-05

9.50953e-05 2.75537e-05
9.49532e-05 2.80371e-05

9.49526e-05 2.80371e-05
9.48092e-05 2.85205e-05

9.48099e-05 2.85205e-05
9.46651e-05 2.90039e-05

9.4166e-05 3.05959e-05
9.40545e-05 3.09375e-05

9.46494e-05 2.90576e-05
9.45164e-05 2.94873e-05

9.45146e-05 2.94873e-05
9.43619e-05 2.99707e-05

9.46494e-05 2.90597e-05
9.46667e-05 2.90039e-05

9.43621e-05 2.99707e-05
9.42097e-05 3.04541e-05

9.4166e-05 3.0598e-05
9.4213e-05 3.04541e-05

9.60996e-05 2.37969e-05
9.60074e-05 2.41699e-05

9.60063e-05 2.41699e-05
9.58832e-05 2.46533e-05

9.58834e-05 2.46533e-05
9.57589e-05 2.51367e-05

9.62415e-05 2.32031e-05
9.61259e-05 2.36865e-05

9.60996e-05 2.38004e-05
9.61277e-05 2.36865e-05

9.56162e-05 2.56834e-05
9.55027e-05 2.61035e-05

9.57591e-05 2.51367e-05
9.56325e-05 2.56201e-05

9.56162e-05 2.56863e-05
9.56341e-05 2.56201e-05

9.55016e-05 2.61035e-05
9.53675e-05 2.65869e-05

9.53672e-05 2.65869e-05
9.52325e-05 2.70703e-05

9.51328e-05 2.7426e-05
9.52342e-05 2.70703e-05

8.35313e-05 5.31595e-05
8.35223e-05 5.31738e-05

8.30479e-05 5.39162e-05
8.29024e-05 5.41406e-05

8.35213e-05 5.31738e-05
8.32128e-05 5.36572e-05

8.30479e-05 5.39142e-05
8.32144e-05 5.36572e-05

7.77305e-05 6.13301e-05
7.76824e-05 6.13916e-05

7.76808e-05 6.13916e-05
7.72984e-05 6.1875e-05

7.96641e-05 5.87976e-05
7.95353e-05 5.89746e-05

7.91807e-05 5.94449e-05
7.91709e-05 5.9458e-05

7.91706e-05 5.9458e-05
7.88076e-05 5.99414e-05

7.91807e-05 5.94447e-05
7.95314e-05 5.89746e-05

7.82139e-05 6.07124e-05
7.80637e-05 6.09082e-05

7.86973e-05 6.00882e-05
7.84394e-05 6.04248e-05

7.82139e-05 6.07091e-05
7.84351e-05 6.04248e-05

7.77305e-05 6.13268e-05
7.8059e-05 6.09082e-05

7.86973e-05 6.00918e-05
7.88101e-05 5.99414e-05

8.06309e-05 5.74643e-05
8.05887e-05 5.75244e-05

8.05862e-05 5.75244e-05
8.02411e-05 5.80078e-05

8.11143e-05 5.67837e-05
8.09338e-05 5.7041e-05

8.15977e-05 5.60815e-05
8.127e-05 5.65576e-05

8.11143e-05 5.67833e-05
8.12719e-05 5.65576e-05

8.06309e-05 5.74609e-05
8.09302e-05 5.7041e-05

8.25645e-05 5.46484e-05
8.226e-05 5.51074e-05

8.20811e-05 5.53768e-05
8.19369e-05 5.55908e-05

8.19341e-05 5.55908e-05
8.16028e-05 5.60742e-05

8.20811e-05 5.53749e-05
8.22614e-05 5.51074e-05

8.28999e-05 5.41406e-05
8.25809e-05 5.4624e-05

8.25645e-05 5.46483e-05
8.25802e-05 5.4624e-05

8.15977e-05 5.60813e-05
8.16025e-05 5.60742e-05

8.01475e-05 5.81399e-05
7.98919e-05 5.84912e-05

7.96641e-05 5.87932e-05
7.9888e-05 5.84912e-05

8.01475e-05 5.81437e-05
8.02438e-05 5.80078e-05

9.12656e-05 3.83987e-05
9.11503e-05 3.86719e-05

9.07822e-05 3.95253e-05
9.07332e-05 3.96387e-05

9.11457e-05 3.86719e-05
9.09385e-05 3.91553e-05

9.07822e-05 3.9526e-05
9.09426e-05 3.91553e-05

9.07304e-05 3.96387e-05
9.05174e-05 4.01221e-05

9.05193e-05 4.01221e-05
9.03046e-05 4.06055e-05

9.02988e-05 4.06172e-05
9.00847e-05 4.10889e-05

9.00834e-05 4.10889e-05
8.98626e-05 4.15723e-05

8.98154e-05 4.16796e-05
8.96398e-05 4.20557e-05

8.96354e-05 4.20557e-05
8.94072e-05 4.25391e-05

8.98154e-05 4.16816e-05
8.98665e-05 4.15723e-05

9.02988e-05 4.06171e-05
9.03041e-05 4.06055e-05

8.9332e-05 4.27062e-05
8.91804e-05 4.30225e-05

8.91752e-05 4.30225e-05
8.89403e-05 4.35059e-05

8.88486e-05 4.37024e-05
8.87073e-05 4.39893e-05

8.87022e-05 4.39893e-05
8.84608e-05 4.44727e-05

8.88486e-05 4.37036e-05
8.8946e-05 4.35059e-05

8.83652e-05 4.46716e-05
8.82212e-05 4.49561e-05

8.8216e-05 4.49561e-05
8.7968e-05 4.54395e-05

8.78818e-05 4.56153e-05
8.77219e-05 4.59229e-05

8.77167e-05 4.59229e-05
8.74619e-05 4.64062e-05

8.78818e-05 4.56167e-05
8.7974e-05 4.54395e-05

8.83652e-05 4.46727e-05
8.84665e-05 4.44727e-05

8.9332e-05 4.27075e-05
8.94128e-05 4.25391e-05

9.31992e-05 3.34303e-05
9.30514e-05 3.38379e-05

9.27158e-05 3.47467e-05
9.26943e-05 3.48047e-05

9.30483e-05 3.38379e-05
9.28706e-05 3.43213e-05

9.27158e-05 3.4747e-05
9.28734e-05 3.43213e-05

9.40512e-05 3.09375e-05
9.38897e-05 3.14209e-05

9.38907e-05 3.14209e-05
9.37303e-05 3.19043e-05

9.36826e-05 3.20498e-05
9.35663e-05 3.23877e-05

9.35624e-05 3.23877e-05
9.33926e-05 3.28711e-05

9.36826e-05 3.20517e-05
9.37334e-05 3.19043e-05

9.33946e-05 3.28711e-05
9.32255e-05 3.33545e-05

9.31992e-05 3.34326e-05
9.32276e-05 3.33545e-05

9.22324e-05 3.60131e-05
9.21378e-05 3.62549e-05

9.21337e-05 3.62549e-05
9.19414e-05 3.67383e-05

9.26936e-05 3.48047e-05
9.25095e-05 3.52881e-05

9.2508e-05 3.52881e-05
9.23235e-05 3.57715e-05

9.22324e-05 3.60132e-05
9.2327e-05 3.57715e-05

9.1749e-05 3.72262e-05
9.15521e-05 3.77051e-05

9.19442e-05 3.67383e-05
9.17512e-05 3.72217e-05

9.1749e-05 3.72261e-05
9.17509e-05 3.72217e-05

9.15499e-05 3.77051e-05
9.13504e-05 3.81885e-05

9.12656e-05 3.83989e-05
9.13545e-05 3.81885e-05

8.54648e-05 4.9997e-05
8.53033e-05 5.02734e-05

8.64316e-05 4.83037e-05
8.64116e-05 4.83398e-05

8.73984e-05 4.65343e-05
8.72092e-05 4.68896e-05

8.72056e-05 4.68896e-05
8.69431e-05 4.7373e-05

8.6915e-05 4.74283e-05
8.6681e-05 4.78564e-05

8.64316e-05 4.83028e-05
8.66805e-05 4.78564e-05

8.6915e-05 4.74309e-05
8.69466e-05 4.7373e-05

8.59482e-05 4.91607e-05
8.58647e-05 4.93066e-05

8.64101e-05 4.83398e-05
8.61385e-05 4.88232e-05

8.59482e-05 4.91591e-05
8.61405e-05 4.88232e-05

8.58605e-05 4.93066e-05
8.55815e-05 4.979e-05

8.54648e-05 4.99968e-05
8.55857e-05 4.979e-05

8.4498e-05 5.16124e-05
8.44303e-05 5.17236e-05

8.44265e-05 5.17236e-05
8.41295e-05 5.2207e-05

8.49814e-05 5.08112e-05
8.47244e-05 5.12402e-05

8.52998e-05 5.02734e-05
8.50122e-05 5.07568e-05

8.49814e-05 5.08144e-05
8.50155e-05 5.07568e-05

8.4498e-05 5.161e-05
8.47243e-05 5.12402e-05

8.40146e-05 5.23975e-05
8.3832e-05 5.26904e-05

8.35313e-05 5.31583e-05
8.38292e-05 5.26904e-05

8.40146e-05 5.23974e-05
8.41333e-05 5.2207e-05

8.73984e-05 4.65368e-05
8.7468e-05 4.64062e-05

3.7125e-05 9.17799e-05
3.76084e-05 9.15849e-05

3.76084e-05 9.15842e-05
3.80918e-05 9.13796e-05

3.85752e-05 9.11727e-05
3.81185e-05 9.13623e-05

3.80918e-05 9.13755e-05
3.81236e-05 9.13623e-05

3.85752e-05 9.11833e-05
3.90586e-05 9.09776e-05

3.9542e-05 9.07555e-05
3.92566e-05 9.08789e-05

3.9542e-05 9.07675e-05
4.00254e-05 9.05576e-05

4.05088e-05 9.03316e-05
4.03658e-05 9.03955e-05

4.00254e-05 9.05509e-05
4.03733e-05 9.03955e-05

4.05088e-05 9.03391e-05
4.09922e-05 9.01222e-05

3.90586e-05 9.09688e-05
3.92665e-05 9.08789e-05

4.38926e-05 8.87374e-05
4.34678e-05 8.89453e-05

4.38926e-05 8.87486e-05
4.4376e-05 8.85081e-05

4.48594e-05 8.82525e-05
4.44446e-05 8.84619e-05

4.4376e-05 8.85002e-05
4.44519e-05 8.84619e-05

4.14756e-05 8.98943e-05
4.1437e-05 8.99121e-05

4.14756e-05 8.98977e-05
4.1959e-05 8.96742e-05

4.09922e-05 9.01195e-05
4.14432e-05 8.99121e-05

4.1959e-05 8.96756e-05
4.24424e-05 8.94464e-05

4.29258e-05 8.92127e-05
4.24712e-05 8.94287e-05

4.24424e-05 8.94429e-05
4.24723e-05 8.94287e-05

4.29258e-05 8.92194e-05
4.34092e-05 8.89836e-05

4.34092e-05 8.89768e-05
4.34735e-05 8.89453e-05

5.06602e-05 8.50652e-05
5.06376e-05 8.50781e-05

5.06602e-05 8.50665e-05
5.11436e-05 8.47751e-05

5.1627e-05 8.44771e-05
5.14323e-05 8.45947e-05

5.11436e-05 8.47742e-05
5.14405e-05 8.45947e-05

5.25938e-05 8.38771e-05
5.22188e-05 8.41113e-05

5.1627e-05 8.4486e-05
5.21104e-05 8.41871e-05

5.21104e-05 8.41804e-05
5.22217e-05 8.41113e-05

4.58262e-05 8.77562e-05
4.53997e-05 8.79785e-05

4.48594e-05 8.82633e-05
4.53428e-05 8.80171e-05

4.53428e-05 8.80109e-05
4.5405e-05 8.79785e-05

4.58262e-05 8.77624e-05
4.63096e-05 8.75103e-05

4.6793e-05 8.72491e-05
4.63327e-05 8.74951e-05

4.63096e-05 8.75081e-05
4.6334e-05 8.74951e-05

4.72764e-05 8.69861e-05
4.72287e-05 8.70117e-05

4.72764e-05 8.69905e-05
4.77598e-05 8.67255e-05

4.82432e-05 8.6453e-05
4.81065e-05 8.65283e-05

4.77598e-05 8.67241e-05
4.81146e-05 8.65283e-05

4.82432e-05 8.64608e-05
4.87266e-05 8.61885e-05

4.6793e-05 8.72499e-05
4.72355e-05 8.70117e-05

4.921e-05 8.59057e-05
4.89646e-05 8.60449e-05

4.921e-05 8.59159e-05
4.96934e-05 8.56362e-05

4.87266e-05 8.61843e-05
4.89722e-05 8.60449e-05

5.01768e-05 8.53434e-05
4.98048e-05 8.55615e-05

4.96934e-05 8.56289e-05
4.98082e-05 8.55615e-05

5.01768e-05 8.53502e-05
5.06426e-05 8.50781e-05

6.22617e-05 7.69813e-05
6.18135e-05 7.73437e-05

6.41953e-05 7.53795e-05
6.41594e-05 7.54102e-05

6.32285e-05 7.61926e-05
6.29996e-05 7.6377e-05

6.27451e-05 7.65856e-05
6.24066e-05 7.68604e-05

6.22617e-05 7.69779e-05
6.24079e-05 7.68604e-05

6.27451e-05 7.65884e-05
6.30088e-05 7.6377e-05

6.37119e-05 7.57888e-05
6.35858e-05 7.58936e-05

6.32285e-05 7.61951e-05
6.35915e-05 7.58936e-05

6.37119e-05 7.5792e-05
6.41615e-05 7.54102e-05

6.66123e-05 7.32523e-05
6.63612e-05 7.34766e-05

6.70957e-05 7.28107e-05
6.68953e-05 7.29932e-05

6.66123e-05 7.32522e-05
6.68998e-05 7.29932e-05

6.75791e-05 7.23629e-05
6.74207e-05 7.25098e-05

6.80625e-05 7.19087e-05
6.79377e-05 7.20264e-05

6.75791e-05 7.23624e-05
6.79405e-05 7.20264e-05

6.70957e-05 7.28102e-05
6.74244e-05 7.25098e-05

6.41953e-05 7.53804e-05
6.46787e-05 7.49635e-05

6.51621e-05 7.45415e-05
6.47213e-05 7.49268e-05

6.46787e-05 7.49643e-05
6.4722e-05 7.49268e-05

6.56455e-05 7.41145e-05
6.52713e-05 7.44434e-05

6.61289e-05 7.3688e-05
6.5818e-05 7.396e-05

6.56455e-05 7.41164e-05
6.58239e-05 7.396e-05

6.51621e-05 7.45395e-05
6.52717e-05 7.44434e-05

6.61289e-05 7.36879e-05
6.63669e-05 7.34766e-05

5.40439e-05 8.29514e-05
5.37462e-05 8.31445e-05

5.45273e-05 8.26404e-05
5.44948e-05 8.26611e-05

5.40439e-05 8.29571e-05
5.44997e-05 8.26611e-05

5.30771e-05 8.3578e-05
5.29958e-05 8.36279e-05

5.25938e-05 8.38838e-05
5.30051e-05 8.36279e-05

5.30771e-05 8.35828e-05
5.35605e-05 8.32711e-05

5.35605e-05 8.32679e-05
5.3751e-05 8.31445e-05

5.54941e-05 8.19893e-05
5.52139e-05 8.21777e-05

5.45273e-05 8.26433e-05
5.50107e-05 8.23199e-05

5.50107e-05 8.23175e-05
5.5219e-05 8.21777e-05

5.59775e-05 8.16653e-05
5.59339e-05 8.16943e-05

5.54941e-05 8.1995e-05
5.59394e-05 8.16943e-05

5.59775e-05 8.16684e-05
5.64609e-05 8.13321e-05

5.69443e-05 8.09894e-05
5.66269e-05 8.12109e-05

5.74277e-05 8.06522e-05
5.73184e-05 8.07275e-05

5.69443e-05 8.09961e-05
5.73276e-05 8.07275e-05

5.83945e-05 7.99505e-05
5.79911e-05 8.02441e-05

5.74277e-05 8.0656e-05
5.79111e-05 8.03065e-05

5.79111e-05 8.03024e-05
5.79923e-05 8.02441e-05

5.93613e-05 7.92405e-05
5.93115e-05 7.92773e-05

5.93613e-05 7.92436e-05
5.98447e-05 7.88755e-05

6.03281e-05 7.85022e-05
5.99465e-05 7.87939e-05

5.98447e-05 7.88712e-05
5.99469e-05 7.87939e-05

5.88779e-05 7.95991e-05
5.86542e-05 7.97607e-05

5.83945e-05 7.99556e-05
5.86632e-05 7.97607e-05

5.88779e-05 7.96031e-05
5.93166e-05 7.92773e-05

5.64609e-05 8.13282e-05
5.66311e-05 8.12109e-05

6.08115e-05 7.81338e-05
6.05777e-05 7.83105e-05

6.12949e-05 7.7755e-05
6.12026e-05 7.78271e-05

6.08115e-05 7.8138e-05
6.12087e-05 7.78271e-05

6.03281e-05 7.85068e-05
6.05873e-05 7.83105e-05

6.12949e-05 7.77567e-05
6.17783e-05 7.7371e-05

6.17783e-05 7.73715e-05
6.18131e-05 7.73438e-05

7.04795e-05 6.95393e-05
7.04104e-05 6.96094e-05

7.09629e-05 6.90454e-05
7.08845e-05 6.9126e-05

7.04795e-05 6.95403e-05
7.08839e-05 6.9126e-05

7.14463e-05 6.85447e-05
7.13524e-05 6.86426e-05

7.19297e-05 6.80373e-05
7.18144e-05 6.81592e-05

7.14463e-05 6.85459e-05
7.18131e-05 6.81592e-05

7.09629e-05 6.90464e-05
7.13516e-05 6.86426e-05

7.57969e-05 6.37029e-05
7.57084e-05 6.38086e-05

7.43467e-05 6.53938e-05
7.40403e-05 6.57422e-05

7.48301e-05 6.48389e-05
7.4466e-05 6.52588e-05

7.43467e-05 6.53959e-05
7.44666e-05 6.52588e-05

7.53135e-05 6.4274e-05
7.52982e-05 6.4292e-05

7.52981e-05 6.4292e-05
7.4885e-05 6.47754e-05

7.53135e-05 6.42731e-05
7.57061e-05 6.38086e-05

7.48301e-05 6.48402e-05
7.48858e-05 6.47754e-05

7.24131e-05 6.75229e-05
7.22705e-05 6.76758e-05

7.28965e-05 6.70015e-05
7.27211e-05 6.71924e-05

7.24131e-05 6.75243e-05
7.27183e-05 6.71924e-05

7.33799e-05 6.6473e-05
7.31665e-05 6.6709e-05

7.38633e-05 6.59369e-05
7.36069e-05 6.62256e-05

7.33799e-05 6.64733e-05
7.36026e-05 6.62256e-05

7.28965e-05 6.70024e-05
7.31631e-05 6.6709e-05

7.19297e-05 6.80387e-05
7.22684e-05 6.76758e-05

7.38633e-05 6.59372e-05
7.40367e-05 6.57422e-05

6.85459e-05 7.1448e-05
6.84468e-05 7.1543e-05

6.90293e-05 7.09809e-05
6.89483e-05 7.10596e-05

6.85459e-05 7.14479e-05
6.89497e-05 7.10596e-05

6.95127e-05 7.05071e-05
6.94426e-05 7.05762e-05

6.99961e-05 7.00266e-05
6.99299e-05 7.00928e-05

6.95127e-05 7.0507e-05
6.99305e-05 7.00928e-05

6.90293e-05 7.09805e-05
6.94437e-05 7.05762e-05

6.80625e-05 7.19085e-05
6.84487e-05 7.1543e-05

6.99961e-05 7.00271e-05
7.04103e-05 6.96094e-05

7.67637e-05 6.2538e-05
7.6516e-05 6.28418e-05

7.62803e-05 6.31238e-05
7.61146e-05 6.33252e-05

7.57969e-05 6.36996e-05
7.61108e-05 6.33252e-05

7.62803e-05 6.31225e-05
7.65111e-05 6.28418e-05

7.72471e-05 6.19391e-05
7.69104e-05 6.23584e-05

7.67637e-05 6.25401e-05
7.69102e-05 6.23584e-05

7.72471e-05 6.19419e-05
7.73002e-05 6.1875e-05

9.96192e-05 0
9.96545e-05 4.83398e-07

9.96609e-05 4.83398e-07
9.97541e-05 9.66797e-07

9.94834e-05 1.93143e-06
9.94825e-05 1.93359e-06

9.98318e-05 9.66797e-07
9.98144e-05 1.4502e-06

9.97784e-05 1.4502e-06
9.95671e-05 1.93359e-06

9.94408e-05 1.93359e-06
9.936e-05 2.41699e-06

9.94484e-05 2.41699e-06
9.94834e-05 2.55053e-06

9.94834e-05 2.5536e-06
9.95743e-05 2.90039e-06

9.95754e-05 2.90039e-06
9.97324e-05 3.38379e-06

9.97449e-05 3.38379e-06
9.99053e-05 3.86719e-06

9.99002e-05 3.86719e-06
9.99668e-05 4.08384e-06

9.99668e-05 4.08319e-06
0.000100049 4.35059e-06

0.000100055 4.35059e-06
0.00010019 4.83398e-06

0.00010024 4.83398e-06
0.000100247 5.31738e-06

0.00010024 5.31738e-06
0.000100032 5.80078e-06

9.94834e-05 6.50805e-06
9.92965e-05 6.76758e-06

9.99668e-05 5.84057e-06
9.96613e-05 6.28418e-06

9.94834e-05 6.50591e-06
9.96433e-05 6.28418e-06

9.9e-05 7.21863e-06
9.92806e-05 6.76758e-06

9.99668e-05 5.84966e-06
9.99986e-05 5.80078e-06

