0 0
1 948.218
2 1829.02
3 2250.84
4 2626.59
5 3262.62
6 2696.64
7 2053.45
8 1648.49
9 1506.01
10 1456.65
11 1434.21
12 1432.33
13 1435.34
14 1426.97
15 1448.1
16 1447.63
17 1435.22
18 1561.81
19 1443.35
20 1658.34
21 1660.23
22 1724.35
23 2779.51
24 2215.21
25 3641.89
26 2792.52
27 6440.92
28 5689.02
29 4184.48
30 7032.87
31 8358.67
32 11005.4
33 4638.72
34 6288.84
35 5489.82
36 4643.91
37 4712.05
38 6439.26
39 6411.46
40 5528.71
41 5813.56
42 7847.29
43 8829.74
44 2850.82
45 7309.4
46 4131.35
47 8787.24
48 2730.89
49 8346.69
50 3173.99
51 7207.43
52 3038.4
53 9569.65
54 6085.28
55 2909.68
56 5637.78
57 5190.63
58 7280.41
59 4327.78
60 6462
61 6395.09
62 8966.2
63 2395.57
64 6032.75
65 2818.08
66 7733.11
67 2771.19
68 9335.5
69 5118.18
70 3544.57
71 4974.43
72 6365.54
73 6757.39
74 4749.84
75 5428.93
76 7051.77
77 8135.59
78 2817.33
79 5857.64
80 4245.58
81 7664.32
82 3243.64
83 7066.09
84 5150.64
85 9806.87
86 3255.34
87 4926.38
88 4349.69
89 5674.43
90 3897.89
91 8579.59
92 7406.38
93 3042.79
94 6704.82
95 5048.9
96 8299.92
97 2696.29
98 6587.59
99 3605.1
100 8661.46
101 2648.74
102 7668.13
103 3028.04
104 8292.2
105 3222.16
106 8791.97
107 5322.06
108 4581.17
109 4304.37
110 7291.57
111 6318.11
112 5242.22
113 5073.94
114 7753.54
115 8013.31
116 2691.1
117 5351.73
118 4244.27
119 7112.71
120 3510.69
121 6352.34
122 5747.95
123 9145.47
124 2806.72
125 4456.14
126 3613.92
127 5812.19
128 3070.47
129 8833.08
130 6430.56
131 3076.52
132 5541.47
133 5715.96
134 7316.65
135 3079.67
136 4818.26
137 5042.42
138 6941.65
139 3239.29
140 4870.84
141 5353.09
142 7044.06
143 2932.65
144 4499.81
145 4929.33
146 6576.54
147 3424.77
148 4742.1
149 5780.39
150 6874.51
151 2947.08
152 3963.33
153 5090.3
154 5847.24
155 4312.75
156 4432.88
157 7143.5
158 7089.13
159 2750.6
160 4355.38
161 5016.15
162 6209.62
163 3920.65
164 4551.72
165 6572.78
166 6772.25
167 2982.98
168 3620.35
169 5361.68
170 5346.39
171 4972.14
172 4049.76
173 7965.5
174 7096.92
175 2847.39
176 4660.65
177 5133.7
178 6378.62
179 3752.66
180 4426.14
181 6259.96
182 6345.73
183 3392.23
184 3239.14
185 5881.67
186 4753.77
187 5844.69
188 3579.43
189 8518.44
190 6723.51
191 3053.61
192 5007.34
193 4682.26
194 6365.07
195 4170.93
196 5480.93
197 5065.76
198 6556.09
199 2929.08
200 4786.86
201 3463.24
202 5270.8
203 2865.92
204 4679.95
205 3477.81
206 5150.55
207 2249.09
208 3904.27
209 2654.48
210 4383.83
211 2549.79
212 4298.43
213 3272.54
214 4834.09
215 2105.4
216 3605.48
217 2507.38
218 4174.93
219 2536.61
220 4248.1
221 2987.81
222 4302.95
223 2494.76
224 3947.45
225 3166.93
226 4444.34
227 2411.51
228 3717.39
229 2970.49
230 4159.86
231 2669.91
232 4002.84
233 3205.41
234 4232.91
235 2380.3
236 3712.96
237 2598.4
238 3637.85
239 2183.44
240 3329.14
241 2344.44
242 3170.07
243 2124.3
244 2983.96
245 2339.66
246 2882.24
247 2189.68
248 2727.58
249 2425.94
250 2623.44
251 2294.81
252 2476.54
253 2552.12
254 2380.92
255 2417.71
256 2234.08
257 2684.33
258 2152.98
259 2461.5
260 2031.64
261 2741.89
262 1973.53
263 2478.67
264 1875.37
265 2773.24
266 1836.62
267 2503.19
268 1758.49
269 2811.16
270 1740.11
271 2497.24
272 1684.12
273 2828.03
274 1680.26
275 2485.81
276 1639.62
277 2829.43
278 1645.23
279 2459.69
280 1613.49
281 2798.43
282 1624.14
283 2463.9
284 1612.63
285 2772.91
286 1612.72
287 2345.16
288 1609.95
289 2630.28
290 1613.46
291 2284.7
292 1640.89
293 2471.45
294 1645.52
295 2147.3
296 1697.6
297 2232.67
298 1812.73
299 2117.72
300 1939.43
301 2094.64
302 2198
303 2057.84
304 2324.43
305 1970.85
306 2514.3
307 1960.61
308 2598.67
309 1946.01
310 2800.16
311 2016.63
312 2890.71
313 2148.13
314 3027.62
315 2327.57
316 3055.01
317 2555.23
318 3104.21
319 2770.11
320 2900.95
321 2993.89
322 3188.1
323 3181.11
324 3316.4
325 3291.95
326 3675.66
327 3468.98
328 4090.26
329 3156.26
330 3584.93
331 3443.06
332 3783.19
333 3188.3
334 3605.17
335 3322.85
336 3606.32
337 3195.03
338 3456.89
339 3335.85
340 3403.97
341 3453.83
342 3244.01
343 3550.72
344 3213.83
345 3654.3
346 2955.42
347 3417.31
348 3047.78
349 3530.33
350 2820.99
351 3348.25
352 2920.55
353 3380.11
354 2832.5
355 3179.98
356 2934.59
357 3054.49
358 3061.5
359 2894.12
360 3199.34
361 2848.63
362 3284.41
363 2649.02
364 3103.98
365 2710.61
366 3224.7
367 2594.15
368 3104.08
369 2709.26
370 3072.67
371 2732.21
372 2863.59
373 2839.21
374 2783.01
375 2987.93
376 2650.29
377 3036.72
378 2698.03
379 3147.51
380 2568.55
381 3041.93
382 2719
383 3081.04
384 2717.85
385 2990.06
386 2945
387 2954.91
388 3136.56
389 2785.5
390 3266.37
391 2826.84
392 3421.44
393 2713.06
394 3373.54
395 2774.68
396 3271.1
397 2869.41
398 3041.77
399 3007.34
400 2971.08
401 3180.38
402 2789.98
403 3270.99
404 2783.45
405 3226.37
406 2647.04
407 3313.64
408 2588.5
409 2881.27
410 2503.83
411 2703.72
412 2461.16
413 2521.18
414 2425.71
415 2433.91
416 2408.25
417 2434.05
418 2323.23
419 2562.78
420 2247.8
421 2689.73
422 2195.29
423 2733.38
424 2107.52
425 2617.63
426 2296.34
427 2547.48
428 2522.99
429 2340.2
430 2641.37
431 2298.32
432 2647.52
433 2217.7
434 2569.81
435 2320.61
436 2476.91
437 2463.76
438 2321.43
439 2626.67
440 2259.94
441 2671.39
442 2195.98
443 2632.33
444 2332.87
445 2576.66
446 2515.45
447 2435.8
448 2671.12
449 2334.69
450 2792.72
451 2249.21
452 2759.21
453 2404.83
454 2730.44
455 2543.43
456 2519.97
457 2713.07
458 2421.21
459 2840.68
460 2284
461 2826.04
462 2414.4
463 2838.17
464 2526.45
465 2613.24
466 2679.56
467 2459.3
468 2789.45
469 2299.07
470 2846.03
471 2387.02
472 2856.39
473 2497.32
474 2663.53
475 2623.14
476 2488.54
477 2736.28
478 2303.48
479 2804.02
480 2360.6
481 2833.9
482 2432.85
483 2700.38
484 2580.28
485 2496.63
486 2698.56
487 2331.84
488 2802.21
489 2335.17
490 2824.23
491 2378.47
492 2713.71
493 2551.33
494 2529.5
495 2677.77
496 2351.61
497 2806.81
498 2347.94
499 2833.34
500 2330.77
501 2745.18
502 2523.07
503 2569.9
504 2657.37
505 2405.32
506 2796.96
507 2356.97
508 2834.49
509 2302.87
510 2761.91
511 2501.42
512 2635.12
513 2615.93
514 2429.06
515 2758.32
516 2353.36
517 2801.47
518 2283.22
519 2762.22
520 2461.05
521 2648.79
522 2572.56
523 2451.11
524 2708.82
525 2346.01
526 2763.25
527 2261.11
528 2776.71
529 2473.65
530 2681.04
531 2562.09
532 2459.3
533 2663.91
534 2329.86
535 2722.41
536 2246.84
537 2779.14
538 2452.95
539 2687.63
540 2552.11
541 2469.78
542 2656.71
543 2327.35
544 2723.55
545 2236.97
546 2773.01
547 2443.3
548 2699.48
549 2523.47
550 2487.88
551 2638.29
552 2330
553 2713.25
554 2240.13
555 2781.22
556 2400.94
557 2706.32
558 2506.12
559 2509.55
560 2659.23
561 2363.42
562 2748.2
563 2269.14
564 2813.49
565 2390.26
566 2739.3
567 2510.24
568 2571.38
569 2618.21
570 2397.42
571 2705.72
572 2256
573 2766.79
574 2350.88
575 2762.13
576 2484.24
577 2604.53
578 2597.39
579 2412.35
580 2695.51
581 2268.9
582 2787.48
583 2342.33
584 2784.69
585 2459.89
586 2653.11
587 2566.21
588 2451.74
589 2651.33
590 2270.38
591 2743.92
592 2308.17
593 2764.63
594 2415.39
595 2722.39
596 2543.98
597 2495.01
598 2600.74
599 2281.88
600 2734.6
601 2307.66
602 2783.18
603 2374.52
604 2784.4
605 2526
606 2533.27
607 2571.88
608 2326.42
609 2729.68
610 2316.45
611 2812
612 2330.34
613 2828.53
614 2497.36
615 2625.95
616 2600.79
617 2438.51
618 2737.46
619 2362.95
620 2818.46
621 2301.69
622 2825.15
623 2495.45
624 2729.23
625 2593.31
626 2508.04
627 2723.81
628 2397.4
629 2803.32
630 2278.77
631 2840.81
632 2449.96
633 2780.42
634 2567.82
635 2573.28
636 2686.09
637 2405.05
638 2797.96
639 2294.78
640 2861.52
641 2427.02
642 2830.14
643 2521.24
644 2623
645 2630.95
646 2428.42
647 2762.96
648 2306.06
649 2853.52
650 2376.28
651 2853.12
652 2482.04
653 2724.33
654 2583.63
655 2484.01
656 2679.12
657 2321.93
658 2812.6
659 2339.66
660 2844.58
661 2448.07
662 2860.89
663 2544.41
664 2555.86
665 2560.67
666 2332.94
667 2743.51
668 2330.59
669 2850.89
670 2352.13
671 2894.86
672 2543.75
673 2711.24
674 2656.36
675 2509.08
676 2859.65
677 2435.23
678 2922.23
679 2322.99
680 2890.78
681 2417.88
682 2786.51
683 2445.3
684 2661.7
685 2628.77
686 2523.62
687 2693.81
688 2380.02
689 2799.03
690 2329.71
691 2699.3
692 2271.57
693 2782.68
694 2319.7
695 2645.15
696 2333.14
697 2577.16
698 2532.07
699 2500.98
700 2667.69
701 2383.56
702 2810.89
703 2361.03
704 2773.86
705 2332.91
706 2933.98
707 2396.01
708 2842.14
709 2449.95
710 2830.2
711 2699.43
712 2802.69
713 2945.99
714 2689.54
715 3193.41
716 2675.83
717 3265.71
718 2665.84
719 3433.73
720 2710.4
721 3438.6
722 2772.05
723 3359.05
724 2881.21
725 3301.46
726 3035.19
727 3097.64
728 3204.35
729 3005.71
730 3481.26
731 2851.27
732 3367.81
733 2931.38
734 3612.8
735 2809.01
736 3448.96
737 2870.37
738 3663.2
739 2811.83
740 3476.81
741 2862.73
742 3585.49
743 2921.07
744 3349.46
745 2944.58
746 3224.94
747 3137.99
748 3089.51
749 3278.3
750 3001.01
751 3465.64
752 2866.37
753 3334.17
754 2873.75
755 3502.51
756 2758.27
757 3387.13
758 2774.62
759 3513.83
760 2750.75
761 3356.89
762 2788.71
763 3296.46
764 2883.24
765 3090.8
766 2909.21
767 2902.9
768 3126.4
769 2805.36
770 3203.83
771 2715.28
772 3310.37
773 2641.25
774 3210.8
775 2635.25
776 3297.88
777 2645.87
778 3171.87
779 2700.44
780 3057.49
781 2840.3
782 2876.35
783 2904.58
784 2712.69
785 3075.43
786 2609.9
787 3071.15
788 2541.13
789 3192.71
790 2507.76
791 3108.32
792 2535.53
793 3119.46
794 2630.28
795 2896.83
796 2730.54
797 2731.55
798 2962.18
799 2622.87
800 3096.4
801 2533.1
802 3117.5
803 2556.64
804 3172.87
805 2594.99
806 3046.53
807 2819.86
808 2935.22
809 2946.62
810 2771.79
811 2943.62
812 2763.59
813 3097.35
814 2679.85
815 3030.48
816 2763
817 3121.41
818 2851.56
819 3088.67
820 3025.4
821 2997.39
822 3019.03
823 2863.1
824 3060.17
825 2877.67
826 3097.32
827 2814.13
828 2992.33
829 2933.85
830 3023.79
831 3026.29
832 3012.8
833 3175.73
834 2954.49
835 3140.44
836 2836.9
837 3113.15
838 2861.05
839 3117.88
840 2801.16
841 2955
842 2900.75
843 2949.89
844 2979.02
845 2916.83
846 3160.81
847 2896.38
848 3149.15
849 2777.66
850 3101.63
851 2800.3
852 3134.62
853 2749.07
854 2935.62
855 2827.47
856 2923.61
857 2881.98
858 2886.29
859 3087.61
860 2879.27
861 3146.57
862 2787.02
863 3048.45
864 2744.46
865 3077.61
866 2681.8
867 2959.9
868 2711.94
869 2957.68
870 2657.13
871 2818.55
872 2801.64
873 2869.86
874 2893.1
875 2868.24
876 3039.18
877 2822.99
878 2995.66
879 2733.88
880 3039.29
881 2730.59
882 2999.85
883 2707.19
884 2969.7
885 2782.49
886 3007.8
887 2824.56
888 2958.23
889 2986.93
890 2960.99
891 3110.3
892 2880.63
893 3042.33
894 2810.54
895 3145.14
896 2743.84
897 2960.06
898 2714.3
899 3141.46
900 2646.17
901 2932.32
902 2710.03
903 3104.81
904 2655.28
905 2981.91
906 2773.08
907 3077.98
908 2861.28
909 3071.76
910 2999.88
911 2994.34
912 3054.71
913 2887.07
914 3023.31
915 2834.76
916 3129.79
917 2744.19
918 2951.29
919 2766.11
920 3091.32
921 2717.05
922 3070.21
923 2817.72
924 3149.33
925 2884.53
926 3167.52
927 2985.91
928 3100.26
929 3068.75
930 2975.26
931 3002.7
932 2934.23
933 3134.13
934 2816.06
935 2982.4
936 2859.85
937 3116.5
938 2833.58
939 3165.39
940 2944.16
941 3196.18
942 3036.13
943 3129.66
944 3050.58
945 3048.26
946 3110.24
947 2947.39
948 3007.97
949 2934.52
950 3122.28
951 2877.3
952 3068.7
953 2943.97
954 3184.99
955 2995.45
956 3247.46
957 3077.39
958 3235.93
959 3170.06
960 3114.74
961 3037.19
962 3057.03
963 3117.81
964 2941.4
965 3032.12
966 2987.38
967 3140.07
968 2990.65
969 3202.32
970 3089
971 3227.66
972 3150.43
973 3139.45
974 3069.86
975 3073.94
976 3113.74
977 2980.21
978 2981.04
979 2991.51
980 3083.96
981 2988.93
982 3145.42
983 3085.78
984 3221.06
985 3142.72
986 3196.72
987 3081.28
988 3121.19
989 3110.87
990 3020.68
991 2982.49
992 2995.18
993 3079.68
994 2891.1
995 2971.21
996 2928.86
997 3104.95
998 2897.13
999 3171.12
1000 2963.71
1001 3223.19
1002 3028.73
1003 3178.03
1004 3008.32
1005 3046.83
1006 2964.72
1007 2955.85
1008 2977.91
1009 2876.26
1010 2955.85
1011 2856.69
1012 3051.75
1013 2852.55
1014 3062.86
1015 2886.52
1016 3182.87
1017 2943.57
1018 3224.39
1019 3027.28
1020 3140.04
1021 2981.1
1022 3033.54
1023 3006.83
1024 2919.53
1025 2965.39
1026 2873.35
1027 3023.29
1028 2811.65
1029 3010.47
1030 2830.37
1031 3087.07
1032 2806.6
1033 3081.04
1034 2853.58
1035 3159.27
1036 2907.64
1037 3161.2
1038 2977.72
1039 3019.26
1040 2959.08
1041 2898.69
1042 2951.67
1043 2805.7
1044 2936.16
1045 2753.99
1046 2966.66
1047 2733.24
1048 2976.06
1049 2742.49
1050 3034.63
1051 2744.14
1052 3018.96
1053 2809.69
1054 3067.74
1055 2840.88
1056 3036.88
1057 2935.96
1058 2974.28
1059 2988.64
1060 2854.02
1061 2919.95
1062 2760.82
1063 2984.07
1064 2681
1065 2894.67
1066 2672.28
1067 3010.55
1068 2641.45
1069 2911.04
1070 2686.54
1071 3053.18
1072 2671.99
1073 2925.51
1074 2721.8
1075 3044.93
1076 2708.44
1077 2965.08
1078 2787.13
1079 2990.51
1080 2836.53
1081 2986.14
1082 2901.37
1083 2914.89
1084 2941.38
1085 2818.94
1086 2858.05
1087 2770.32
1088 2960.22
1089 2716.25
1090 2875.51
1091 2731.75
1092 2994.53
1093 2752.24
1094 3018.49
1095 2799.07
1096 3048.48
1097 2843.09
1098 3039.4
1099 2901.35
1100 2925.48
1101 2856.07
1102 2879.68
1103 2959.27
1104 2769.16
1105 2917.92
1106 2765.96
1107 3047.81
1108 2693.56
1109 3044.34
1110 2724.35
1111 3136.46
1112 2714.04
1113 3135.59
1114 2765.82
1115 3086.42
1116 2811.97
1117 2982.72
1118 2877.84
1119 2907.68
1120 2993.37
1121 2792.74
1122 3096.13
1123 2755.88
1124 3181.81
1125 2673.52
1126 3275.79
1127 2637.95
1128 3190.66
1129 2670.01
1130 3179.46
1131 2759.26
1132 3053.33
1133 2809.47
1134 2878.81
1135 2956.82
1136 2763.26
1137 3121.73
1138 2679.88
1139 3259.3
1140 2617.26
1141 3166.81
1142 2623.26
1143 3254.43
1144 2682.84
1145 3105.66
1146 2781.5
1147 3013.37
1148 2979.28
1149 2839.95
1150 2975.09
1151 2835.47
1152 3152.47
1153 2712.77
1154 3088.27
1155 2745.43
1156 3223.47
1157 2661.54
1158 3108.17
1159 2698.68
1160 3233.41
1161 2698.91
1162 3100.97
1163 2742.91
1164 3097.57
1165 2846.64
1166 2997.86
1167 2853.78
1168 2872.5
1169 2872.11
1170 2812.08
1171 2932.9
1172 2727.41
1173 2961.55
1174 2726.81
1175 3025.27
1176 2693.98
1177 3044.09
1178 2696.08
1179 3083.51
1180 2670.92
1181 3094.3
1182 2675.84
1183 3128.02
1184 2650.7
1185 3123.91
1186 2668.12
1187 3139.04
1188 2642.33
1189 3139.78
1190 2670.36
1191 3152
1192 2640.47
1193 3135.35
1194 2666.43
1195 3163.64
1196 2632.56
1197 3139.21
1198 2681.6
1199 3182.4
1200 2659.24
1201 3154.21
1202 2716.34
1203 3195.51
1204 2713.8
1205 3153.53
1206 2831.42
1207 3150.7
1208 2881.84
1209 3040.65
1210 2927.28
1211 2930.89
1212 2917.67
1213 2836.21
1214 2978.89
1215 2798.29
1216 2994.36
1217 2772.36
1218 3109.07
1219 2770.32
1220 3057.19
1221 2825.05
1222 3219.11
1223 2782.21
1224 3108.75
1225 2867.26
1226 3288.16
1227 2823.6
1228 3176.6
1229 2893.58
1230 3329.48
1231 2870.41
1232 3253.81
1233 2919.71
1234 3366.91
1235 2932.15
1236 3365.2
1237 2962.6
1238 3432.29
1239 3033.7
1240 3455.91
1241 3047.99
1242 3327.1
1243 3022.78
1244 3291.72
1245 3039.41
1246 3176.66
1247 3138.85
1248 3247.15
1249 3272.81
1250 3201.47
1251 3452.76
1252 3269.71
1253 3627.52
1254 3208.75
1255 3775.98
1256 3148.56
1257 3637.39
1258 3118.02
1259 3787.02
1260 3052.2
1261 3769.03
1262 3033.76
1263 3891.49
1264 2969.63
1265 3796.35
1266 3040.72
1267 3883.74
1268 3080.33
1269 3699.57
1270 3144.49
1271 3579.61
1272 3455.51
1273 3603.62
1274 3614.87
1275 3383.34
1276 3880.91
1277 3336.22
1278 3740.74
1279 3348.85
1280 4016.62
1281 3331.14
1282 3893.36
1283 3275.59
1284 4099.35
1285 3252.07
1286 3893.65
1287 3200.09
1288 4059.65
1289 3147.86
1290 3883.27
1291 3112.84
1292 4049.7
1293 3048.33
1294 3862.31
1295 3037.59
1296 4008.24
1297 3006.33
1298 3841.99
1299 3014.27
1300 3956.86
1301 3036.55
1302 3815.64
1303 3065.39
1304 3804.87
1305 3164.61
1306 3609.81
1307 3200.75
1308 3436.66
1309 3535.93
1310 3464.21
1311 3695.52
1312 3288.39
1313 3933.28
1314 3252.12
1315 3700.54
1316 3257.62
1317 3941.19
1318 3233.4
1319 3861.79
1320 3152.29
1321 4054.93
1322 3106.25
1323 3841.53
1324 3087.39
1325 4020.09
1326 3047.53
1327 3880.39
1328 3040.79
1329 4024.84
1330 3019.08
1331 3851.59
1332 3031.72
1333 3923.2
1334 3074.48
1335 3802.71
1336 3131.1
1337 3694.18
1338 3232.85
1339 3504.51
1340 3260.21
1341 3269.17
1342 3573.64
1343 3286.03
1344 3756.25
1345 3138.57
1346 3878.74
1347 3138.07
1348 3762.94
1349 3081.87
1350 3945.39
1351 3029.28
1352 3804.06
1353 3014.65
1354 3948.95
1355 2987.87
1356 3806.68
1357 3003.73
1358 3884.25
1359 3061.46
1360 3768.5
1361 3099.73
1362 3629.4
1363 3217.22
1364 3484.16
1365 3320.12
1366 3297.45
1367 3608.81
1368 3272.47
1369 3721
1370 3154.5
1371 3904.78
1372 3107.86
1373 3681.11
1374 3094.45
1375 3846.35
1376 3039.41
1377 3793.78
1378 2992.68
1379 3887.3
1380 2971.79
1381 3728.19
1382 2984.93
1383 3764.4
1384 3057.85
1385 3620.96
1386 3126.93
1387 3449.34
1388 3281.78
1389 3324.59
1390 3363.45
1391 3119.94
1392 3578.16
1393 3084.57
1394 3651.55
1395 3007.02
1396 3797.36
1397 2935.57
1398 3633.39
1399 2939.98
1400 3744.77
1401 2928.34
1402 3706.62
1403 3001.4
1404 3722.99
1405 3067.57
1406 3529.96
1407 3171.56
1408 3359.18
1409 3431.87
1410 3365.15
1411 3500.65
1412 3173.84
1413 3653.76
1414 3087.45
1415 3607.09
1416 3059.69
1417 3791.21
1418 2994.6
1419 3641.97
1420 2978.99
1421 3782.52
1422 2927.41
1423 3663.82
1424 2930.3
1425 3787.07
1426 2915.07
1427 3632.96
1428 2928.86
1429 3708.45
1430 2973.4
1431 3616.59
1432 2996.66
1433 3518.38
1434 3168.71
1435 3450.9
1436 3347.62
1437 3314.3
1438 3607.78
1439 3265.57
1440 3567.36
1441 3233.53
1442 3818.91
1443 3195.65
1444 3659.19
1445 3152.55
1446 3878.33
1447 3093.37
1448 3731.34
1449 3034.81
1450 3933.05
1451 2979.27
1452 3714.94
1453 2960.55
1454 3907.4
1455 2915.22
1456 3735.68
1457 2934.18
1458 3921.28
1459 2909.03
1460 3665.81
1461 2899.08
1462 3849.28
1463 2881.79
1464 3632.14
1465 2903.09
1466 3803.95
1467 2927.38
1468 3618.56
1469 2928.44
1470 3747.97
1471 2975.31
1472 3571.77
1473 3014.02
1474 3560.02
1475 3212.33
1476 3539.58
1477 3436.49
1478 3463.7
1479 3773.5
1480 3428.9
1481 3633.8
1482 3478.19
1483 3940.46
1484 3518.89
1485 3836.71
1486 3495.1
1487 4245.5
1488 3584.12
1489 4175.9
1490 3533.22
1491 4548.45
1492 3637.98
1493 4252.64
1494 3609.22
1495 4484.76
1496 3683.7
1497 4213.59
1498 3629.3
1499 4335.52
1500 3719.85
1501 4304
1502 3669.19
1503 4343.87
1504 3808.47
1505 4247.39
1506 3743.36
1507 3963.76
1508 3716.86
1509 3799.37
1510 3657.94
1511 3622.66
1512 3726.17
1513 3551.73
1514 3669.16
1515 3489.31
1516 3697.17
1517 3565.32
1518 3764.1
1519 3555.53
1520 3744.39
1521 3709.6
1522 3738.63
1523 3632.72
1524 3534.19
1525 3592.64
1526 3461.34
1527 3485.58
1528 3288.93
1529 3485.12
1530 3260.47
1531 3438.68
1532 3232.32
1533 3489.58
1534 3254.88
1535 3487.47
1536 3282.5
1537 3534.96
1538 3413.94
1539 3679.1
1540 3414.23
1541 3743.39
1542 3484.88
1543 3700.18
1544 3322.67
1545 3701.68
1546 3317.68
1547 3788.34
1548 3318.3
1549 3801.11
1550 3317.28
1551 3814.05
1552 3343.98
1553 3791.98
1554 3379.75
1555 3787.63
1556 3476.57
1557 3689.56
1558 3590.66
1559 3657.69
1560 3766.48
1561 3527.86
1562 4016.58
1563 3509.57
1564 3826.55
1565 3531.68
1566 4109.37
1567 3535.36
1568 4003.4
1569 3466.11
1570 4268.75
1571 3470.41
1572 3928.31
1573 3491.28
1574 4191.27
1575 3500.98
1576 4085.84
1577 3420.58
1578 4334.2
1579 3454.54
1580 3919.58
1581 3497.68
1582 4183.7
1583 3514.32
1584 4134.73
1585 3414.58
1586 4385.06
1587 3463.68
1588 3902.19
1589 3524.07
1590 4168.75
1591 3549.33
1592 4191.56
1593 3428.03
1594 4426.6
1595 3484.88
1596 3889.91
1597 3563.48
1598 4147.62
1599 3589.78
1600 4169.95
1601 3455.84
1602 4413.97
1603 3514.18
1604 3915.32
1605 3583.53
1606 4179.33
1607 3613.82
1608 4199.77
1609 3471.01
1610 4439.09
1611 3545.41
1612 3924.81
1613 3612.14
1614 4163.48
1615 3629.16
1616 4184.2
1617 3493.44
1618 4409.07
1619 3559.36
1620 3953.93
1621 3599.92
1622 4196.87
1623 3633.11
1624 4215.48
1625 3485.92
1626 4437.01
1627 3560.83
1628 3942.39
1629 3617.92
1630 4175.34
1631 3643.3
1632 4197.49
1633 3506.41
1634 4415.59
1635 3567.47
1636 3985.3
1637 3607.12
1638 4217.38
1639 3638.78
1640 4235.03
1641 3503.92
1642 4449.72
1643 3572.42
1644 3980.38
1645 3625.11
1646 4205.54
1647 3656.91
1648 4224.98
1649 3515.34
1650 4435.01
1651 3576.22
1652 4005.84
1653 3611.72
1654 4244.72
1655 3646.38
1656 4261.31
1657 3511.21
1658 4473.59
1659 3579.05
1660 4003.17
1661 3631.08
1662 4237.59
1663 3656.07
1664 4258.8
1665 3522.02
1666 4463.85
1667 3591.05
1668 4031.07
1669 3621.14
1670 4264.17
1671 3650.07
1672 4280.41
1673 3508.87
1674 4498.38
1675 3577.67
1676 4023.75
1677 3627.93
1678 4254.47
1679 3657.67
1680 4283.03
1681 3519.08
1682 4492.51
1683 3580.14
1684 4040.45
1685 3621.23
1686 4285.68
1687 3658.64
1688 4310.03
1689 3521.24
1690 4524.18
1691 3589.51
1692 4042.92
1693 3633.19
1694 4279.18
1695 3666.2
1696 4306.03
1697 3520.79
1698 4526.38
1699 3592.66
1700 4062.03
1701 3627.21
1702 4319.8
1703 3663.3
1704 4341.03
1705 3524.09
1706 4572.42
1707 3599.6
1708 4044.35
1709 3653.55
1710 4297.96
1711 3682.76
1712 4337.48
1713 3538.81
1714 4570.01
1715 3613.13
1716 4071.18
1717 3648.16
1718 4316.09
1719 3690.68
1720 4359.06
1721 3528.69
1722 4587.08
1723 3613.7
1724 4086.97
1725 3646.7
1726 4319.22
1727 3696.35
1728 4353.1
1729 3521.37
1730 4570.49
1731 3595.06
1732 4124.51
1733 3595.69
1734 4368.64
1735 3641.06
1736 4401.46
1737 3482.54
1738 4640.64
1739 3568.24
1740 4092.7
1741 3591.2
1742 4343.02
1743 3628.57
1744 4377.37
1745 3466.11
1746 4619.87
1747 3542.69
1748 4121.17
1749 3550.1
1750 4379.04
1751 3587.9
1752 4400.84
1753 3449.22
1754 4656.29
1755 3524.98
1756 4107.38
1757 3545.7
1758 4363.62
1759 3577.95
1760 4413.48
1761 3441.04
1762 4653.7
1763 3494.59
1764 4091.52
1765 3533.58
1766 4362.83
1767 3561.87
1768 4407.34
1769 3428.27
1770 4651.8
1771 3474.57
1772 4100.26
1773 3507.13
1774 4375.3
1775 3525.18
1776 4388.05
1777 3412.62
1778 4650.61
1779 3457.64
1780 4102.84
1781 3491.91
1782 4387.99
1783 3496.65
1784 4384.18
1785 3409.77
1786 4647.92
1787 3430.07
1788 4116.56
1789 3474.04
1790 4407.95
1791 3475.75
1792 4369.13
1793 3405.35
1794 4646.86
1795 3426.88
1796 4131.63
1797 3464.94
1798 4430.65
1799 3452.93
1800 4368.72
1801 3402.65
1802 4649.56
1803 3418.23
1804 4161.73
1805 3466.47
1806 4470.32
1807 3441.71
1808 4371.41
1809 3412.56
1810 4669.54
1811 3422.32
1812 4197.67
1813 3460.94
1814 4522.14
1815 3448.11
1816 4394.59
1817 3417.99
1818 4703.68
1819 3439.33
1820 4252.27
1821 3450.4
1822 4558.7
1823 3446.34
1824 4440.88
1825 3428.53
1826 4723.47
1827 3443.52
1828 4252.68
1829 3465.59
1830 4512.59
1831 3426.93
1832 4475.59
1833 3428.61
1834 4596.83
1835 3417.04
1836 4204.46
1837 3403.27
1838 4418.66
1839 3337.65
1840 4316.55
1841 3344.87
1842 4463.98
1843 3333.09
1844 4095.09
1845 3271.88
1846 4278.06
1847 3225.75
1848 4120.02
1849 3215.13
1850 4301.83
1851 3239.77
1852 3950.06
1853 3154.58
1854 4131.31
1855 3163.29
1856 4001.31
1857 3142.74
1858 4154.07
1859 3188.54
1860 3882.3
1861 3111.79
1862 4030.43
1863 3130.94
1864 3897.79
1865 3119.59
1866 4008.57
1867 3152.94
1868 3754.19
1869 3085.03
1870 3787.2
1871 3143.03
1872 3624.9
1873 3197.45
1874 3447.84
1875 3331.73
1876 3329.16
1877 3582.54
1878 3166.34
1879 3914.26
1880 3200.76
1881 4166.7
1882 3198.74
1883 4142
1884 3277.64
1885 4282.07
1886 3240.11
1887 4306.66
1888 3285.88
1889 4202.27
1890 3286.66
1891 4428.42
1892 3276.57
1893 4108
1894 3296.46
1895 4342.13
1896 3261.58
1897 4168.77
1898 3251.41
1899 4494.26
1900 3298.04
1901 4375.57
1902 3276.28
1903 4378.37
1904 3329.3
1905 4585.83
1906 3258.2
1907 4118.4
1908 3338.12
1909 4551.67
1910 3203.57
1911 4084.51
1912 3312.27
1913 4400.51
1914 3216.45
1915 3969.85
1916 3381.86
1917 4013.23
1918 3477.28
1919 3654.93
1920 3788.12
1921 3632.09
1922 4129.12
1923 3438.92
1924 4350.52
1925 3579.08
1926 4360.26
1927 3423.88
1928 4551.68
1929 3551.48
1930 4353.78
1931 3402.74
1932 4668.6
1933 3509.35
1934 4161.6
1935 3413.38
1936 4535.97
1937 3494.21
1938 4174.77
1939 3370.06
1940 4547.37
1941 3507
1942 4140.58
1943 3415.05
1944 4508.45
1945 3587.13
1946 4251.15
1947 3476.53
1948 4632.87
1949 3723.73
1950 4238.62
1951 3654.68
1952 4601.9
1953 3890.65
1954 4470.07
1955 3703.36
1956 4799.5
1957 4023.86
1958 4397.21
1959 3886.6
1960 4704.94
1961 4117.53
1962 4730.18
1963 3846.06
1964 4746.88
1965 4171.02
1966 4807.25
1967 3866.24
1968 4795.27
1969 4164.12
1970 4838.24
1971 3867.69
1972 4830.09
1973 4138.47
1974 4860.59
1975 3855.95
1976 4806.94
1977 4108.64
1978 4843.15
1979 3822.65
1980 4785.39
1981 4056.6
1982 4817.31
1983 3788.8
1984 4732.21
1985 3999.39
1986 4788.74
1987 3746.74
1988 4684.29
1989 3937.38
1990 4754.32
1991 3708.32
1992 4624.6
1993 3894.79
1994 4720.49
1995 3679.39
1996 4575.6
1997 3855.88
1998 4678.95
1999 3648.56
2000 4527.78
2001 3806.76
2002 4652.77
2003 3602.08
2004 4474.42
2005 3766.02
2006 4614.71
2007 3567.8
2008 4457.35
2009 3710.65
2010 4632.33
2011 3528.75
2012 4400.7
2013 3677.66
2014 4611.29
2015 3495.84
2016 4354.58
2017 3638.45
2018 4588.17
2019 3466.25
2020 4304.61
2021 3615.78
2022 4557.7
2023 3436.58
2024 4264.02
2025 3581.83
2026 4522.41
2027 3401.7
2028 4244.36
2029 3551.84
2030 4518.38
2031 3373.37
2032 4215.85
2033 3530.1
2034 4498.01
2035 3341.76
2036 4226.06
2037 3502.96
2038 4526.47
2039 3337.73
2040 4224.94
2041 3501.22
2042 4537.95
2043 3327.79
2044 4275.8
2045 3497.24
2046 4596.56
2047 3327.77
2048 4289.8
2049 3513.52
2050 4610.34
2051 3339.39
2052 4384.47
2053 3508.12
2054 4727.87
2055 3368.06
2056 4359.91
2057 3556.42
2058 4684.17
2059 3373.09
2060 4560.33
2061 3544.93
2062 4691.91
2063 3410.21
2064 4716.91
2065 3572.77
2066 4576.23
2067 3451.48
2068 4970.6
2069 3576.47
2070 4344.58
2071 3533.58
2072 4725.63
2073 3614.35
2074 4617.82
2075 3502.03
2076 4976.59
2077 3691.43
2078 4406.38
2079 3636.17
2080 4764.73
2081 3756.79
2082 4643.4
2083 3604.26
2084 4972.57
2085 3818.7
2086 4464.2
2087 3724.86
2088 4774.31
2089 3874.07
2090 4680.35
2091 3677.08
2092 4963.82
2093 3889.24
2094 4483.41
2095 3770.47
2096 4765.41
2097 3897.52
2098 4709.63
2099 3683.99
2100 5010.41
2101 3846.41
2102 4619.15
2103 3707.59
2104 4963.02
2105 3920.35
2106 4646.21
2107 3892.83
2108 4884.1
2109 4270.94
2110 4586.67
2111 4194.03
2112 4797.97
2113 4718
2114 4443.8
2115 4810.12
2116 4607.76
2117 5576.98
2118 4042.68
2119 4936.15
2120 4314.45
2121 5383.2
2122 4041.58
2123 5308.08
2124 4204.12
2125 4943.37
2126 4101.98
2127 5340.74
2128 4263.41
2129 4365.83
2130 4254.3
2131 4356.85
2132 4203.24
2133 4520.63
2134 3966.58
2135 5016.52
2136 4154.1
2137 4681.07
2138 4221.02
2139 5015.1
2140 4461.02
2141 5226.1
2142 4255.75
2143 5195.76
2144 4591.95
2145 5136.32
