-3.9375 0 0 0 
-3.8125 0 0 0 
-3.6875 0 0 0 
-3.5625 0 0 0 
-3.4375 0 0 0 
-3.3125 0 0 0 
-3.1875 0 0 0 
-3.0625 0 0 0 
-2.9375 0.0625 0.0625 0 
-2.8125 0.1875 0.1875 0 
-2.6875 0.3125 0.3125 0 
-2.5625 0.4375 0.4375 0 
-2.4375 0.5625 0.5625 0 
-2.3125 0.6875 0.6875 0 
-2.1875 0.8125 0.8125 0 
-2.0625 0.9375 0.9375 0 
-1.9375 0.9375 0.9375 0 
-1.8125 0.8125 0.8125 0 
-1.6875 0.6875 0.6875 0 
-1.5625 0.5625 0.5625 0 
-1.4375 0.4375 0.4375 0 
-1.3125 0.3125 0.3125 0 
-1.1875 0.1875 0.1875 0 
-1.0625 0.0625 0.0625 0 
-0.9375 0 0 0 
-0.8125 0 0 0 
-0.6875 0 0 0 
-0.5625 0 0 0 
-0.4375 0 0 0 
-0.3125 0 0 0 
-0.1875 0 0 0 
-0.0625 0 0 0 
0.0625 0 0 0 
0.1875 0 0 0 
0.3125 0 0 0 
0.4375 0 0 0 
0.5625 0 0 0 
0.6875 0 0 0 
0.8125 0 0 0 
0.9375 0 0 0 
1.0625 -0.0625 -0.0625 0 
1.1875 -0.1875 -0.1875 0 
1.3125 -0.3125 -0.3125 0 
1.4375 -0.4375 -0.4375 0 
1.5625 -0.5625 -0.5625 0 
1.6875 -0.6875 -0.6875 0 
1.8125 -0.8125 -0.8125 0 
1.9375 -0.9375 -0.9375 0 
2.0625 -0.9375 -0.9375 0 
2.1875 -0.8125 -0.8125 0 
2.3125 -0.6875 -0.6875 0 
2.4375 -0.5625 -0.5625 0 
2.5625 -0.4375 -0.4375 0 
2.6875 -0.3125 -0.3125 0 
2.8125 -0.1875 -0.1875 0 
2.9375 -0.0625 -0.0625 0 
3.0625 0 0 0 
3.1875 0 0 0 
3.3125 0 0 0 
3.4375 0 0 0 
3.5625 0 0 0 
3.6875 0 0 0 
3.8125 0 0 0 
3.9375 0 0 0 

-3.9375 5.7867e-07 0 0.5 
-3.8125 -4.76316e-06 0 0.5 
-3.6875 3.6324e-05 0 0.5 
-3.5625 -0.000223784 0 0.5 
-3.4375 0.00106171 0 0.5 
-3.3125 -0.00353741 0 0.5 
-3.1875 0.00646157 0 0.5 
-3.0625 0.00151313 0 0.5 
-2.9375 -0.0269381 0.00803201 0.5 
-2.8125 -0.00421927 0.0410055 0.5 
-2.6875 0.0781193 0.108243 0.5 
-2.5625 0.191227 0.204405 0.5 
-2.4375 0.310928 0.317769 0.5 
-2.3125 0.444651 0.438899 0.5 
-2.1875 0.549586 0.56282 0.5 
-2.0625 0.684475 0.687564 0.5 
-1.9375 0.866375 0.796447 0.5 
-1.8125 0.945953 0.855491 0.5 
-1.6875 0.906153 0.846014 0.5 
-1.5625 0.805717 0.778691 0.5 
-1.4375 0.68746 0.676963 0.5 
-1.3125 0.55881 0.559701 0.5 
-1.1875 0.443944 0.43686 0.5 
-1.0625 0.314011 0.312373 0.5 
-0.9375 0.160563 0.19551 0.5 
-0.8125 0.0582712 0.103502 0.5 
-0.6875 0.0156919 0.0457425 0.5 
-0.5625 0.00327943 0.0169046 0.5 
-0.4375 0.000551017 0.0052685 0.5 
-0.3125 7.64552e-05 0.00139943 0.5 
-0.1875 8.937e-06 0.000320131 0.5 
-0.0625 9.43849e-07 6.36682e-05 0.5 
0.0625 -4.43962e-07 1.11001e-05 0.5 
0.1875 4.77356e-06 1.70849e-06 0.5 
0.3125 -3.63233e-05 2.33559e-07 0.5 
0.4375 0.000223784 2.85021e-08 0.5 
0.5625 -0.00106171 3.11811e-09 0.5 
0.6875 0.00353741 3.06881e-10 0.5 
0.8125 -0.00646157 2.72495e-11 0.5 
0.9375 -0.00151313 2.18807e-12 0.5 
1.0625 0.0269381 -0.00803201 0.5 
1.1875 0.00421927 -0.0410055 0.5 
1.3125 -0.0781193 -0.108243 0.5 
1.4375 -0.191227 -0.204405 0.5 
1.5625 -0.310928 -0.317769 0.5 
1.6875 -0.444651 -0.438899 0.5 
1.8125 -0.549586 -0.56282 0.5 
1.9375 -0.684475 -0.687564 0.5 
2.0625 -0.866375 -0.796447 0.5 
2.1875 -0.945953 -0.855491 0.5 
2.3125 -0.906153 -0.846014 0.5 
2.4375 -0.805717 -0.778691 0.5 
2.5625 -0.68746 -0.676963 0.5 
2.6875 -0.55881 -0.559701 0.5 
2.8125 -0.443944 -0.43686 0.5 
2.9375 -0.314011 -0.312373 0.5 
3.0625 -0.160563 -0.19551 0.5 
3.1875 -0.0582712 -0.103502 0.5 
3.3125 -0.0156919 -0.0457425 0.5 
3.4375 -0.00327943 -0.0169046 0.5 
3.5625 -0.000551017 -0.0052685 0.5 
3.6875 -7.64546e-05 -0.00139943 0.5 
3.8125 -8.94607e-06 -0.000320131 0.5 
3.9375 -8.28613e-07 -6.36682e-05 0.5 

-3.9375 0.000135035 0 1 
-3.8125 -0.000368614 0 1 
-3.6875 0.00112704 0 1 
-3.5625 -0.00254635 0 1 
-3.4375 0.00360631 0 1 
-3.3125 -0.000623759 0 1 
-3.1875 -0.00884193 0 1 
-3.0625 0.0122783 0 1 
-2.9375 0.0108607 0.00103221 1 
-2.8125 -0.0217811 0.00744278 1 
-2.6875 -0.0392946 0.0272349 1 
-2.5625 0.00586979 0.0684267 1 
-2.4375 0.0773048 0.13451 1 
-2.3125 0.19522 0.223141 1 
-2.1875 0.331805 0.328388 1 
-2.0625 0.413373 0.443895 1 
-1.9375 0.540545 0.562769 1 
-1.8125 0.732199 0.673389 1 
-1.6875 0.887713 0.758265 1 
-1.5625 0.9334 0.800712 1 
-1.4375 0.897071 0.793497 1 
-1.3125 0.798935 0.741221 1 
-1.1875 0.675398 0.655726 1 
-1.0625 0.574012 0.54971 1 
-0.9375 0.448423 0.433866 1 
-0.8125 0.289945 0.318394 1 
-0.6875 0.150454 0.214265 1 
-0.5625 0.0632762 0.130796 1 
-0.4375 0.0220176 0.0719763 1 
-0.3125 0.0064708 0.0356334 1 
-0.1875 0.00162983 0.0158858 1 
-0.0625 0.000383168 0.00639486 1 
0.0625 -3.1062e-05 0.00233299 1 
0.1875 0.000387144 0.000774456 1 
0.3125 -0.00112408 0.00023488 1 
0.4375 0.00254678 6.53375e-05 1 
0.5625 -0.00360626 1.67318e-05 1 
0.6875 0.000623765 3.95794e-06 1 
0.8125 0.00884193 8.6757e-07 1 
0.9375 -0.0122783 1.76723e-07 1 
1.0625 -0.0108607 -0.00103218 1 
1.1875 0.0217811 -0.00744278 1 
1.3125 0.0392946 -0.0272349 1 
1.4375 -0.00586979 -0.0684267 1 
1.5625 -0.0773048 -0.13451 1 
1.6875 -0.19522 -0.223141 1 
1.8125 -0.331805 -0.328388 1 
1.9375 -0.413373 -0.443895 1 
2.0625 -0.540545 -0.562769 1 
2.1875 -0.732199 -0.673389 1 
2.3125 -0.887713 -0.758265 1 
2.4375 -0.9334 -0.800712 1 
2.5625 -0.897071 -0.793497 1 
2.6875 -0.798935 -0.741221 1 
2.8125 -0.675398 -0.655726 1 
2.9375 -0.574012 -0.54971 1 
3.0625 -0.448423 -0.433866 1 
3.1875 -0.289945 -0.318394 1 
3.3125 -0.150454 -0.214265 1 
3.4375 -0.0632762 -0.130796 1 
3.5625 -0.0220179 -0.0719763 1 
3.6875 -0.0064686 -0.0356334 1 
3.8125 -0.0016432 -0.0158858 1 
3.9375 -0.000311088 -0.00639486 1 

-3.9375 0.00190921 0 1.5 
-3.8125 -0.00175734 0 1.5 
-3.6875 0.00269502 0 1.5 
-3.5625 -0.000973894 0 1.5 
-3.4375 -0.0042624 0 1.5 
-3.3125 0.00911903 0 1.5 
-3.1875 -0.00323291 0 1.5 
-3.0625 -0.011928 0 1.5 
-2.9375 0.00628126 0.000132652 1.5 
-2.8125 0.0252612 0.00123575 1.5 
-2.6875 -0.00855723 0.00580029 1.5 
-2.5625 -0.035844 0.0184199 1.5 
-2.4375 -0.0320988 0.0448323 1.5 
-2.3125 -0.0135549 0.089816 1.5 
-2.1875 0.0949846 0.155309 1.5 
-2.0625 0.221814 0.239929 1.5 
-1.9375 0.299566 0.339675 1.5 
-1.8125 0.39382 0.448342 1.5 
-1.6875 0.571939 0.556895 1.5 
-1.5625 0.762218 0.653171 1.5 
-1.4375 0.88946 0.723816 1.5 
-1.3125 0.937433 0.758225 1.5 
-1.1875 0.881635 0.752004 1.5 
-1.0625 0.781397 0.707681 1.5 
-0.9375 0.690287 0.632764 1.5 
-0.8125 0.582173 0.537113 1.5 
-0.6875 0.433805 0.43131 1.5 
-0.5625 0.27458 0.325898 1.5 
-0.4375 0.146873 0.230372 1.5 
-0.3125 0.0670903 0.151601 1.5 
-0.1875 0.0263156 0.092565 1.5 
-0.0625 0.00958764 0.0523511 1.5 
0.0625 0.00174715 0.0274169 1.5 
0.1875 0.00279415 0.0133065 1.5 
0.3125 -0.00243045 0.00599385 1.5 
0.4375 0.00103513 0.00251065 1.5 
0.5625 0.00427534 0.000980041 1.5 
0.6875 -0.00911652 0.000357324 1.5 
0.8125 0.00323336 0.000121962 1.5 
0.9375 0.011928 3.90567e-05 1.5 
1.0625 -0.00628125 -0.000120892 1.5 
1.1875 -0.0252612 -0.00123242 1.5 
1.3125 0.00855723 -0.0057994 1.5 
1.4375 0.035844 -0.0184196 1.5 
1.5625 0.0320988 -0.0448322 1.5 
1.6875 0.0135549 -0.089816 1.5 
1.8125 -0.0949846 -0.155309 1.5 
1.9375 -0.221814 -0.239929 1.5 
2.0625 -0.299566 -0.339675 1.5 
2.1875 -0.39382 -0.448342 1.5 
2.3125 -0.571939 -0.556895 1.5 
2.4375 -0.762218 -0.653171 1.5 
2.5625 -0.88946 -0.723816 1.5 
2.6875 -0.937433 -0.758225 1.5 
2.8125 -0.881635 -0.752004 1.5 
2.9375 -0.781397 -0.707681 1.5 
3.0625 -0.690287 -0.632764 1.5 
3.1875 -0.582172 -0.537113 1.5 
3.3125 -0.433807 -0.43131 1.5 
3.4375 -0.274572 -0.325898 1.5 
3.5625 -0.146913 -0.230372 1.5 
3.6875 -0.0669266 -0.151601 1.5 
3.8125 -0.0269242 -0.092565 1.5 
3.9375 -0.00757661 -0.0523511 1.5 

-3.9375 0.00723306 0 2 
-3.8125 0.0013779 0 2 
-3.6875 -0.00140148 0 2 
-3.5625 0.0069403 0 2 
-3.4375 -0.00577851 0 2 
-3.3125 -0.00291551 0 2 
-3.1875 0.00930299 0 2 
-3.0625 0.0035829 0 2 
-2.9375 -0.0204164 1.70473e-05 2 
-2.8125 0.000401599 0.000194699 2 
-2.6875 0.0273585 0.00111658 2 
-2.5625 0.00422692 0.00430415 2 
-2.4375 -0.00653504 0.0125963 2 
-2.3125 -0.0405961 0.0299762 2 
-2.1875 -0.0636773 0.0606837 2 
-2.0625 0.00555398 0.107963 2 
-1.9375 0.126973 0.17305 2 
-1.8125 0.20137 0.254723 2 
-1.6875 0.268868 0.349187 2 
-1.5625 0.410801 0.44998 2 
-1.4375 0.592889 0.548068 2 
-1.3125 0.779464 0.632722 2 
-1.1875 0.908067 0.693481 2 
-1.0625 0.922471 0.722581 2 
-0.9375 0.861353 0.716757 2 
-0.8125 0.787821 0.677626 2 
-0.6875 0.702165 0.610834 2 
-0.5625 0.577268 0.524647 2 
-0.4375 0.418819 0.428582 2 
-0.3125 0.2649 0.332129 2 
-0.1875 0.144329 0.243488 2 
-0.0625 0.0717963 0.168449 2 
0.0625 0.0278649 0.109767 2 
0.1875 0.0125343 0.0672987 2 
0.3125 0.00636584 0.0388055 2 
0.4375 -0.00533306 0.0210486 2 
0.5625 0.00625392 0.0107472 2 
0.6875 0.00304476 0.00517069 2 
0.8125 -0.00927052 0.00234709 2 
0.9375 -0.00357533 0.00100657 2 
1.0625 0.020418 0.000391395 2 
1.1875 -0.000401263 -3.76497e-05 2 
1.3125 -0.0273584 -0.00105927 2 
1.4375 -0.00422691 -0.00428427 2 
1.5625 0.00653504 -0.0125898 2 
1.6875 0.0405961 -0.0299741 2 
1.8125 0.0636773 -0.0606831 2 
1.9375 -0.00555398 -0.107963 2 
2.0625 -0.126973 -0.17305 2 
2.1875 -0.20137 -0.254723 2 
2.3125 -0.268868 -0.349187 2 
2.4375 -0.410801 -0.44998 2 
2.5625 -0.592889 -0.548068 2 
2.6875 -0.779464 -0.632722 2 
2.8125 -0.908067 -0.693481 2 
2.9375 -0.92247 -0.722581 2 
3.0625 -0.861358 -0.716757 2 
3.1875 -0.787801 -0.677626 2 
3.3125 -0.702242 -0.610834 2 
3.4375 -0.576998 -0.524647 2 
3.5625 -0.419681 -0.428582 2 
3.6875 -0.262406 -0.332129 2 
3.8125 -0.150782 -0.243488 2 
3.9375 -0.0570637 -0.168449 2 


# Cartesian 1D, 160 steps, 0 CPU, 0.000499 real, 2.05e+07 points.step/s, 6 var
