0 0 3
0.000779574 2.60052e-06 5
0.00155915 9.60835e-06 3
0.00233872 2.00804e-05 3
0.00311829 3.3851e-05 3
0.00389787 5.1168e-05 3
0.00467744 7.20334e-05 3
0.00545702 9.60775e-05 3
0.00623659 0.000122837 3
0.00701616 0.00015194 3
0.00779574 0.000183622 3
0.00857531 0.000216311 3
0.00935488 0.000249962 3
0.0101345 0.000284051 3
0.010914 0.000318125 3
0.0116936 0.000351719 3
0.0124732 0.000384332 3
0.0132528 0.000415436 3
0.0140323 0.000444577 3
0.0148119 0.000471344 3
0.0155915 0.000495392 3
0.016371 0.000516362 3
0.0171506 0.000533963 3
0.0179302 0.000547938 3
0.0187098 0.000558121 3
0.0194893 0.000564612 3
0.0202689 0.000567022 3
0.0210485 0.000565337 3
0.0218281 0.000559372 3
0.0226076 0.000549216 3
0.0233872 0.00053511 3
0.0241668 0.00051738 3
0.0249464 0.000496428 3
0.0257259 0.000472519 3
0.0265055 0.00044597 3
0.0272851 0.000417098 3
0.0280647 0.000386303 3
0.0288442 0.000354029 3
0.0296238 0.000320776 3
0.0304034 0.000287034 3
0.0311829 0.000253287 3
0.0319625 0.00021999 3
0.0327421 0.000187599 3
0.0335217 0.000156565 3
0.0343012 0.000127347 3
0.0350808 0.000100389 3
0.0358604 7.60967e-05 3
0.03664 5.48258e-05 3
0.0374195 3.68658e-05 3
0.0381991 2.24448e-05 3
0.0389787 1.17412e-05 3
0.0397583 4.89571e-06 3
0.0405378 2.01584e-06 1
0.0413174 3.16502e-06 1
0.042097 8.34438e-06 2
0.0428765 1.7483e-05 2
0.0436561 3.04314e-05 3
0.0444357 4.69724e-05 3
0.0452153 6.68368e-05 3
0.0459948 8.97244e-05 3
0.0467744 0.000115304 3
0.047554 0.000143216 3
0.0483336 0.000173057 3
0.0491131 0.000204386 3
0.0498927 0.000236723 3
0.0506723 0.000269572 3
0.0514519 0.000302431 3
0.0522314 0.000334828 3
0.053011 0.000366293 3
0.0537906 0.000396408 3
0.0545702 0.000424737 3
0.0553497 0.000450899 3
0.0561293 0.000474507 3
0.0569089 0.000495243 3
0.0576884 0.000512794 3
0.058468 0.000526917 3
0.0592476 0.000537411 3
0.0600272 0.000544057 3
0.0608067 0.000546818 3
0.0615863 0.00054567 3
0.0623659 0.000540623 3
0.0631455 0.000531759 3
0.063925 0.000519255 3
0.0647046 0.000503206 3
0.0654842 0.00048387 3
0.0662638 0.000461521 3
0.0670433 0.000436467 3
0.0678229 0.000409089 3
0.0686025 0.000379779 3
0.0693821 0.000349005 3
0.0701616 0.000317167 3
0.0709412 0.000284723 3
0.0717208 0.00025213 3
0.0725003 0.000219866 3
0.0732799 0.00018839 3
0.0740595 0.000158163 3
0.0748391 0.000129613 3
0.0756186 0.000103146 3
0.0763982 7.91307e-05 3
0.0771778 5.79029e-05 3
0.0779574 3.97592e-05 3
0.0787369 2.4957e-05 3
0.0795165 1.37085e-05 3
0.0802961 6.1769e-06 2
0.0810757 2.47295e-06 2
0.0818552 2.65029e-06 1
0.0826348 6.70142e-06 1
0.0834144 1.45598e-05 2
0.084194 2.61043e-05 3
0.0849735 4.11568e-05 3
0.0857531 5.9487e-05 3
0.0865327 8.08167e-05 3
0.0873122 0.000104822 3
0.0880918 0.000131142 3
0.0888714 0.000159386 3
0.089651 0.000189134 3
0.0904305 0.000219956 3
0.0912101 0.000251399 3
0.0919897 0.000283015 3
0.0927693 0.00031434 3
0.0935488 0.00034493 3
0.0943284 0.000374336 3
0.095108 0.000402148 3
0.0958876 0.000427958 3
0.0966671 0.000451412 3
0.0974467 0.000472163 3
0.0982263 0.000489929 3
0.0990059 0.000504442 3
0.0997854 0.000515497 3
0.100565 0.000522937 3
0.101345 0.000526661 3
0.102124 0.000526625 3
0.102904 0.000522813 3
0.103683 0.000515275 3
0.104463 0.000504189 3
0.105242 0.000489625 3
0.106022 0.000471806 3
0.106802 0.000451026 3
0.107581 0.000427575 3
0.108361 0.000401782 3
0.10914 0.000374037 3
0.10992 0.000344759 3
0.110699 0.000314349 3
0.111479 0.000283227 3
0.112259 0.000251841 3
0.113038 0.000220641 3
0.113818 0.000190082 3
0.114597 0.0001606 3
0.115377 0.000132624 3
0.116156 0.000106549 3
0.116936 8.27466e-05 3
0.117716 6.15547e-05 3
0.118495 4.32742e-05 3
0.119275 2.81636e-05 3
0.120054 1.64367e-05 3
0.120834 8.2585e-06 2
0.121613 3.74274e-06 2
0.122393 2.95035e-06 1
0.123173 5.88528e-06 1
0.123952 1.2497e-05 2
0.124732 2.26829e-05 2
0.125511 3.62884e-05 3
0.126291 5.31062e-05 3
0.127071 7.28837e-05 3
0.12785 9.53244e-05 3
0.12863 0.000120095 3
0.129409 0.000146825 3
0.130189 0.000175125 3
0.130968 0.000204573 3
0.131748 0.000234742 3
0.132528 0.000265187 3
0.133307 0.000295472 3
0.134087 0.00032515 3
0.134866 0.000353804 3
0.135646 0.000381011 3
0.136425 0.000406396 3
0.137205 0.000429582 3
0.137985 0.000450257 3
0.138764 0.000468107 3
0.139544 0.000482886 3
0.140323 0.000494378 3
0.141103 0.000502374 3
0.141882 0.000506895 3
0.142662 0.000507789 3
0.143442 0.000505025 3
0.144221 0.000498666 3
0.145001 0.000488869 3
0.14578 0.000475689 3
0.14656 0.000459314 3
0.147339 0.000440036 3
0.148119 0.000418099 3
0.148899 0.000393835 3
0.149678 0.000367586 3
0.150458 0.000339747 3
0.151237 0.000310709 3
0.152017 0.000280909 3
0.152796 0.00025075 3
0.153576 0.000220653 3
0.154356 0.000191047 3
0.155135 0.000162368 3
0.155915 0.000135026 3
0.156694 0.000109418 3
0.157474 8.59092e-05 3
0.158253 6.48352e-05 3
0.159033 4.64918e-05 3
0.159813 3.11369e-05 3
0.160592 1.89838e-05 3
0.161372 1.02015e-05 2
0.162151 4.91062e-06 2
0.162931 3.18474e-06 1
0.16371 5.04424e-06 1
0.16449 1.04552e-05 2
0.16527 1.93353e-05 2
0.166049 3.15479e-05 3
0.166829 4.69075e-05 3
0.167608 6.51807e-05 3
0.168388 8.60956e-05 3
0.169167 0.000109338 3
0.169947 0.000134565 3
0.170727 0.000161401 3
0.171506 0.000189452 3
0.172286 0.000218302 3
0.173065 0.000247536 3
0.173845 0.000276721 3
0.174624 0.000305446 3
0.175404 0.000333287 3
0.176184 0.000359859 3
0.176963 0.000384769 3
0.177743 0.000407676 3
0.178522 0.000428238 3
0.179302 0.000446181 3
0.180082 0.000461227 3
0.180861 0.000473166 3
0.181641 0.000481768 3
0.18242 0.000487013 3
0.1832 0.000488828 3
0.183979 0.000487142 3
0.184759 0.000481973 3
0.185539 0.000473476 3
0.186318 0.000461677 3
0.187098 0.000446767 3
0.187877 0.000428957 3
0.188657 0.000408549 3
0.189436 0.0003858 3
0.190216 0.000361055 3
0.190996 0.000334687 3
0.191775 0.000307054 3
0.192555 0.000278545 3
0.193334 0.000249571 3
0.194114 0.000220542 3
0.194893 0.000191885 3
0.195673 0.000164007 3
0.196453 0.000137313 3
0.197232 0.000112185 3
0.198012 8.89869e-05 3
0.198791 6.80471e-05 3
0.199571 4.96642e-05 3
0.20035 3.40974e-05 3
0.20113 2.15656e-05 3
0.20191 1.22444e-05 2
0.202689 6.26308e-06 2
0.203469 3.70316e-06 2
0.204248 4.59713e-06 1
0.205028 8.92379e-06 1
0.205807 1.66138e-05 2
0.206587 2.75488e-05 2
0.207367 4.15628e-05 3
0.208146 5.84436e-05 3
0.208926 7.79383e-05 3
0.209705 9.97573e-05 3
0.210485 0.000123574 3
0.211264 0.000149038 3
0.212044 0.000175772 3
0.212824 0.000203387 3
0.213603 0.000231475 3
0.214383 0.000259636 3
0.215162 0.000287453 3
0.215942 0.000314537 3
0.216721 0.000340489 3
0.217501 0.000364948 3
0.218281 0.00038755 3
0.21906 0.000407988 3
0.21984 0.000425954 3
0.220619 0.000441196 3
0.221399 0.000453489 3
0.222178 0.000462668 3
0.222958 0.000468569 3
0.223738 0.00047118 3
0.224517 0.000470442 3
0.225297 0.000466346 3
0.226076 0.000458948 3
0.226856 0.000448418 3
0.227636 0.000434833 3
0.228415 0.000418395 3
0.229195 0.000399367 3
0.229974 0.000378017 3
0.230754 0.000354644 3
0.231533 0.000329601 3
0.232313 0.000303262 3
0.233093 0.000275987 3
0.233872 0.00024816 3
0.234652 0.000220185 3
0.235431 0.000192461 3
0.236211 0.000165389 3
0.23699 0.000139355 3
0.23777 0.000114739 3
0.23855 9.18902e-05 3
0.239329 7.11368e-05 3
0.240109 5.27706e-05 3
0.240888 3.70519e-05 3
0.241668 2.42009e-05 3
0.242447 1.43969e-05 2
0.243227 7.77402e-06 2
0.244007 4.42262e-06 2
0.244786 4.38669e-06 1
0.245566 7.65977e-06 1
0.246345 1.41883e-05 2
0.247125 2.3872e-05 2
0.247904 3.65655e-05 3
0.248684 5.20765e-05 3
0.249464 7.01728e-05 3
0.250243 9.05829e-05 3
0.251023 0.000113005 3
0.251802 0.000137105 3
0.252582 0.000162531 3
0.253361 0.000188904 3
0.254141 0.000215845 3
0.254921 0.000242957 3
0.2557 0.000269853 3
0.25648 0.000296137 3
0.257259 0.000321441 3
0.258039 0.000345391 3
0.258818 0.000367657 3
0.259598 0.000387905 3
0.260378 0.000405863 3
0.261157 0.000421254 3
0.261937 0.000433865 3
0.262716 0.000443516 3
0.263496 0.000450024 3
0.264275 0.000453433 3
0.265055 0.000453601 3
0.265835 0.000450516 3
0.266614 0.000444306 3
0.267394 0.000434962 3
0.268173 0.00042264 3
0.268953 0.000407525 3
0.269732 0.000389872 3
0.270512 0.000369904 3
0.271292 0.000347925 3
0.272071 0.000324266 3
0.272851 0.000299244 3
0.27363 0.000273211 3
0.27441 0.000246543 3
0.275189 0.000219617 3
0.275969 0.000192829 3
0.276749 0.000166556 3
0.277528 0.000141186 3
0.278308 0.000117079 3
0.279087 9.45868e-05 3
0.279867 7.40291e-05 3
0.280647 5.57013e-05 3
0.281426 3.98615e-05 3
0.282206 2.67326e-05 3
0.282985 1.64986e-05 2
0.283765 9.30051e-06 2
0.284544 5.23685e-06 2
0.285324 4.36229e-06 1
0.286104 6.68364e-06 1
0.286883 1.21605e-05 2
0.287663 2.07088e-05 2
0.288442 3.21964e-05 3
0.289222 4.6451e-05 3
0.290001 6.32557e-05 3
0.290781 8.23605e-05 3
0.291561 0.00010348 3
0.29234 0.000126305 3
0.29312 0.000150495 3
0.293899 0.000175699 3
0.294679 0.000201543 3
0.295458 0.000227657 3
0.296238 0.000253656 3
0.297018 0.000279173 3
0.297797 0.00030383 3
0.298577 0.000327286 3
0.299356 0.000349194 3
0.300136 0.000369253 3
0.300915 0.000387161 3
0.301695 0.000402674 3
0.302475 0.000415557 3
0.303254 0.000425632 3
0.304034 0.000432759 3
0.304813 0.000436817 3
0.305593 0.000437813 3
0.306372 0.000435684 3
0.307152 0.000430455 3
0.307932 0.000422272 3
0.308711 0.000411167 3
0.309491 0.000397319 3
0.31027 0.00038092 3
0.31105 0.000362246 3
0.311829 0.000341561 3
0.312609 0.000319155 3
0.313389 0.00029534 3
0.314168 0.000270463 3
0.314948 0.000244881 3
0.315727 0.000218966 3
0.316507 0.000193085 3
0.317286 0.000167613 3
0.318066 0.000142909 3
0.318846 0.000119335 3
0.319625 9.72251e-05 3
0.320405 7.68994e-05 3
0.321184 5.86461e-05 3
0.321964 4.27255e-05 3
0.322743 2.93605e-05 3
0.323523 1.87387e-05 2
0.324303 1.10055e-05 2
0.325082 6.26684e-06 2
0.325862 4.58566e-06 1
0.326641 5.98054e-06 1
0.327421 1.04258e-05 2
0.328201 1.78508e-05 2
0.32898 2.81435e-05 2
0.32976 4.11485e-05 3
0.330539 5.66719e-05 3
0.331319 7.44794e-05 3
0.332098 9.43072e-05 3
0.332878 0.00011586 3
0.333658 0.000138824 3
0.334437 0.000162856 3
0.335217 0.00018761 3
0.335996 0.000212719 3
0.336776 0.000237827 3
0.337555 0.00026256 3
0.338335 0.000286573 3
0.339115 0.000309507 3
0.339894 0.000331047 3
0.340674 0.000350871 3
0.341453 0.000368711 3
0.342233 0.000384297 3
0.343012 0.000397406 3
0.343792 0.000407853 3
0.344572 0.000415497 3
0.345351 0.000420205 3
0.346131 0.000421968 3
0.34691 0.000420726 3
0.34769 0.000416495 3
0.348469 0.00040939 3
0.349249 0.000399442 3
0.350029 0.000386804 3
0.350808 0.000371671 3
0.351588 0.00035427 3
0.352367 0.000334879 3
0.353147 0.000313741 3
0.353926 0.00029117 3
0.354706 0.00026747 3
0.355486 0.000243001 3
0.356265 0.000218105 3
0.357045 0.000193145 3
0.357824 0.000168473 3
0.358604 0.000144445 3
0.359383 0.000121406 3
0.360163 9.96891e-05 3
0.360943 7.96056e-05 3
0.361722 6.1445e-05 3
0.362502 4.54651e-05 3
0.363281 3.18928e-05 3
0.364061 2.09197e-05 3
0.36484 1.26979e-05 2
0.36562 7.33939e-06 2
0.3664 4.91705e-06 1
0.367179 5.46031e-06 1
0.367959 8.95526e-06 1
0.368738 1.53449e-05 2
0.369518 2.45313e-05 2
0.370297 3.63762e-05 3
0.371077 5.06987e-05 3
0.371857 6.72856e-05 3
0.372636 8.58876e-05 3
0.373416 0.000106231 3
0.374195 0.000128014 3
0.374975 0.00015092 3
0.375754 0.000174609 3
0.376534 0.000198741 3
0.377314 0.00022296 3
0.378093 0.000246923 3
0.378873 0.000270274 3
0.379652 0.00029269 3
0.380432 0.000313834 3
0.381212 0.000333419 3
0.381991 0.000351151 3
0.382771 0.000366789 3
0.38355 0.000380093 3
0.38433 0.000390881 3
0.385109 0.000398999 3
0.385889 0.000404306 3
0.386669 0.000406815 3
0.387448 0.000406425 3
0.388228 0.000403134 3
0.389007 0.000397005 3
0.389787 0.000388177 3
0.390566 0.000376718 3
0.391346 0.000362789 3
0.392126 0.000346618 3
0.392905 0.000328413 3
0.393685 0.000308474 3
0.394464 0.000287057 3
0.395244 0.000264481 3
0.396023 0.000241057 3
0.396803 0.000217137 3
0.397583 0.00019306 3
0.398362 0.000169173 3
0.399142 0.000145819 3
0.399921 0.000123333 3
0.400701 0.000102036 3
0.40148 8.22337e-05 3
0.40226 6.42088e-05 3
0.40304 4.8219e-05 3
0.403819 3.44889e-05 3
0.404599 2.32128e-05 3
0.405378 1.45459e-05 2
0.406158 8.607e-06 2
0.406937 5.4769e-06 2
0.407717 5.19608e-06 1
0.408497 7.76194e-06 1
0.409276 1.3131e-05 2
0.410056 2.12221e-05 2
0.410835 3.19124e-05 2
0.411615 4.50419e-05 3
0.412394 6.04127e-05 3
0.413174 7.77968e-05 3
0.413954 9.69347e-05 3
0.414733 0.000117546 3
0.415513 0.000139325 3
0.416292 0.000161955 3
0.417072 0.000185102 3
0.417851 0.000208435 3
0.418631 0.000231608 3
0.419411 0.000254295 3
0.42019 0.00027616 3
0.42097 0.000296898 3
0.421749 0.0003162 3
0.422529 0.000333804 3
0.423308 0.000349446 3
0.424088 0.000362902 3
0.424868 0.000373981 3
0.425647 0.000382531 3
0.426427 0.000388438 3
0.427206 0.0003916 3
0.427986 0.000392003 3
0.428765 0.000389619 3
0.429545 0.000384476 3
0.430325 0.000376714 3
0.431104 0.000366369 3
0.431884 0.000353605 3
0.432663 0.000338599 3
0.433443 0.000321601 3
0.434223 0.000302856 3
0.435002 0.000282621 3
0.435782 0.000261177 3
0.436561 0.000238834 3
0.437341 0.000215912 3
0.43812 0.000192747 3
0.4389 0.000169664 3
0.43968 0.000147 3
0.440459 0.000125075 3
0.441239 0.000104206 3
0.442018 8.46925e-05 3
0.442798 6.68158e-05 3
0.443577 5.08305e-05 3
0.444357 3.69653e-05 3
0.445137 2.54165e-05 3
0.445916 1.63455e-05 2
0.446696 9.87712e-06 2
0.447475 6.09963e-06 2
0.448255 5.06271e-06 1
0.449034 6.7756e-06 1
0.449814 1.12075e-05 2
0.450594 1.82887e-05 2
0.451373 2.7911e-05 2
0.452153 3.99291e-05 3
0.452932 5.41622e-05 3
0.453712 7.03972e-05 3
0.454491 8.8394e-05 3
0.455271 0.000107884 3
0.456051 0.000128585 3
0.45683 0.000150189 3
0.45761 0.000172386 3
0.458389 0.000194846 3
0.459169 0.000217252 3
0.459948 0.000239272 3
0.460728 0.000260597 3
0.461508 0.00028091 3
0.462287 0.000299931 3
0.463067 0.000317375 3
0.463846 0.000333009 3
0.464626 0.000346595 3
0.465405 0.000357935 3
0.466185 0.000366872 3
0.466965 0.000373233 3
0.467744 0.000377061 3
0.468524 0.000378213 3
0.469303 0.000376664 3
0.470083 0.000372454 3
0.470862 0.000365697 3
0.471642 0.000356423 3
0.472422 0.000344765 3
0.473201 0.000330903 3
0.473981 0.000315042 3
0.47476 0.000297416 3
0.47554 0.000278293 3
0.476319 0.000257932 3
0.477099 0.000236615 3
0.477879 0.000214656 3
0.478658 0.000192359 3
0.479438 0.000170055 3
0.480217 0.000148066 3
0.480997 0.00012671 3
0.481777 0.000106288 3
0.482556 8.70969e-05 3
0.483336 6.9409e-05 3
0.484115 5.3478e-05 3
0.484895 3.95285e-05 3
0.485674 2.77588e-05 3
0.486454 1.83308e-05 2
0.487234 1.13751e-05 2
0.488013 6.98553e-06 2
0.488793 5.22111e-06 1
0.489572 6.10276e-06 1
0.490352 9.61203e-06 1
0.491131 1.56933e-05 2
0.491911 2.42542e-05 2
0.492691 3.51665e-05 3
0.49347 4.82655e-05 3
0.49425 6.33563e-05 3
0.495029 8.02124e-05 3
0.495809 9.8587e-05 3
0.496588 0.000118206 3
0.497368 0.000138786 3
0.498148 0.00016002 3
0.498927 0.000181604 3
0.499707 0.000203218 3
0.500486 0.000224558 3
0.501266 0.000245304 3
0.502045 0.000265169 3
0.502825 0.000283857 3
0.503605 0.000301113 3
0.504384 0.000316677 3
0.505164 0.000330334 3
0.505943 0.000341884 3
0.506723 0.000351166 3
0.507502 0.000357994 3
0.508282 0.000362361 3
0.509062 0.000364208 3
0.509841 0.000363466 3
0.510621 0.000360142 3
0.5114 0.000354301 3
0.51218 0.000346069 3
0.512959 0.000335512 3
0.513739 0.000322776 3
0.514519 0.000308056 3
0.515298 0.000291564 3
0.516078 0.00027354 3
0.516857 0.000254237 3
0.517637 0.000233943 3
0.518416 0.000212968 3
0.519196 0.000191586 3
0.519976 0.000170098 3
0.520755 0.000148823 3
0.521535 0.000128058 3
0.522314 0.000108108 3
0.523094 8.92577e-05 3
0.523873 7.17812e-05 3
0.524653 5.59269e-05 3
0.525433 4.19216e-05 3
0.526212 2.99633e-05 3
0.526992 2.02187e-05 2
0.527771 1.28221e-05 2
0.528551 7.87476e-06 2
0.52933 5.44384e-06 1
0.53011 5.55967e-06 1
0.53089 8.21544e-06 1
0.531669 1.33667e-05 2
0.532449 2.09356e-05 2
0.533228 3.0807e-05 2
0.534008 4.28317e-05 3
0.534788 5.68287e-05 3
0.535567 7.25899e-05 3
0.536347 8.98796e-05 3
0.537126 0.000108445 3
0.537906 0.00012801 3
0.538685 0.000148294 3
0.539465 0.000168995 3
0.540245 0.000189819 3
0.541024 0.000210459 3
0.541804 0.000230624 3
0.542583 0.000250016 3
0.543363 0.000268365 3
0.544142 0.000285398 3
0.544922 0.000300884 3
0.545702 0.00031459 3
0.546481 0.000326317 3
0.547261 0.000335901 3
0.54804 0.00034321 3
0.54882 0.000348107 3
0.549599 0.00035059 3
0.550379 0.0003506 3
0.551159 0.000348126 3
0.551938 0.000343201 3
0.552718 0.000335958 3
0.553497 0.000326426 3
0.554277 0.000314752 3
0.555056 0.000301103 3
0.555836 0.000285693 3
0.556616 0.000268732 3
0.557395 0.000250498 3
0.558175 0.000231221 3
0.558954 0.000211186 3
0.559734 0.000190675 3
0.560513 0.000169986 3
0.561293 0.000149408 3
0.562073 0.000129246 3
0.562852 0.000109787 3
0.563632 9.13109e-05 3
0.564411 7.40808e-05 3
0.565191 5.83451e-05 3
0.56597 4.43271e-05 3
0.56675 3.22263e-05 3
0.56753 2.22128e-05 2
0.568309 1.44262e-05 2
0.569089 8.97275e-06 2
0.569868 5.92675e-06 2
0.570648 5.32762e-06 1
0.571427 7.17791e-06 1
0.572207 1.14458e-05 2
0.572987 1.80656e-05 2
0.573766 2.6937e-05 2
0.574546 3.79256e-05 3
0.575325 5.08674e-05 3
0.576105 6.55688e-05 3
0.576884 8.18122e-05 3
0.577664 9.93558e-05 3
0.578444 0.000117944 3
0.579223 0.000137302 3
0.580003 0.000157151 3
0.580782 0.000177197 3
0.581562 0.000197156 3
0.582342 0.000216731 3
0.583121 0.00023565 3
0.583901 0.000253631 3
0.58468 0.000270428 3
0.58546 0.000285787 3
0.586239 0.000299497 3
0.587019 0.000311354 3
0.587799 0.000321193 3
0.588578 0.000328875 3
0.589358 0.00033426 3
0.590137 0.000337365 3
0.590917 0.000338079 3
0.591696 0.000336386 3
0.592476 0.000332325 3
0.593256 0.000325956 3
0.594035 0.000317421 3
0.594815 0.00030678 3
0.595594 0.000294195 3
0.596374 0.000279837 3
0.597153 0.000263937 3
0.597933 0.000246704 3
0.598713 0.000228398 3
0.599492 0.0002093 3
0.600272 0.000189666 3
0.601051 0.000169773 3
0.601831 0.000149908 3
0.60261 0.000130348 3
0.60339 0.000111386 3
0.60417 9.32887e-05 3
0.604949 7.6319e-05 3
0.605729 6.07182e-05 3
0.606508 4.671e-05 3
0.607288 3.44918e-05 3
0.608067 2.42377e-05 3
0.608847 1.60897e-05 2
0.609627 1.01602e-05 2
0.610406 6.5309e-06 2
0.611186 5.24876e-06 1
0.611965 6.32802e-06 1
0.612745 9.74777e-06 1
0.613524 1.54534e-05 2
0.614304 2.33588e-05 2
0.615084 3.3345e-05 2
0.615863 4.52611e-05 3
0.616643 5.89289e-05 3
0.617422 7.41435e-05 3
0.618202 9.0681e-05 3
0.618981 0.000108295 3
0.619761 0.000126732 3
0.620541 0.000145718 3
0.62132 0.000164981 3
0.6221 0.000184237 3
0.622879 0.000203215 3
0.623659 0.000221633 3
0.624438 0.000239237 3
0.625218 0.000255761 3
0.625998 0.000270982 3
0.626777 0.000284671 3
0.627557 0.000296633 3
0.628336 0.000306696 3
0.629116 0.000314721 3
0.629895 0.000320601 3
0.630675 0.000324227 3
0.631455 0.000325601 3
0.632234 0.000324667 3
0.633014 0.000321435 3
0.633793 0.000315964 3
0.634573 0.000308374 3
0.635353 0.000298721 3
0.636132 0.000287138 3
0.636912 0.000273802 3
0.637691 0.000258908 3
0.638471 0.000242674 3
0.63925 0.000225329 3
0.64003 0.000207131 3
0.64081 0.000188362 3
0.641589 0.000169267 3
0.642369 0.000150116 3
0.643148 0.000131184 3
0.643928 0.000112738 3
0.644707 9.50508e-05 3
0.645487 7.8371e-05 3
0.646267 6.29438e-05 3
0.647046 4.89882e-05 3
0.647826 3.67032e-05 3
0.648605 2.62624e-05 3
0.649385 1.78115e-05 2
0.650164 1.14662e-05 2
0.650944 7.31405e-06 2
0.651724 5.4085e-06 1
0.652503 5.77347e-06 1
0.653283 8.398e-06 1
0.654062 1.32395e-05 2
0.654842 2.0225e-05 2
0.655621 2.92492e-05 2
0.656401 4.0176e-05 3
0.657181 5.28411e-05 3
0.65796 6.70565e-05 3
0.65874 8.2609e-05 3
0.659519 9.92719e-05 3
0.660299 0.000116797 3
0.661078 0.000134932 3
0.661858 0.000153409 3
0.662638 0.000171965 3
0.663417 0.000190325 3
0.664197 0.000208231 3
0.664976 0.000225417 3
0.665756 0.000241647 3
0.666535 0.000256678 3
0.667315 0.000270306 3
0.668095 0.000282325 3
0.668874 0.000292564 3
0.669654 0.000300878 3
0.670433 0.000307158 3
0.671213 0.000311285 3
0.671992 0.000313255 3
0.672772 0.000313015 3
0.673552 0.000310565 3
0.674331 0.000305939 3
0.675111 0.000299216 3
0.67589 0.000290528 3
0.67667 0.00027995 3
0.677449 0.000267627 3
0.678229 0.00025375 3
0.679009 0.000238508 3
0.679788 0.00022213 3
0.680568 0.000204844 3
0.681347 0.000186915 3
0.682127 0.000168615 3
0.682907 0.000150187 3
0.683686 0.000131888 3
0.684466 0.000113981 3
0.685245 9.67221e-05 3
0.686025 8.03605e-05 3
0.686804 6.51318e-05 3
0.687584 5.12518e-05 3
0.688364 3.89207e-05 3
0.689143 2.83138e-05 3
0.689923 1.95805e-05 2
0.690702 1.28423e-05 2
0.691482 8.19122e-06 2
0.692261 5.68949e-06 2
0.693041 5.36874e-06 1
0.693821 7.22787e-06 1
0.6946 1.1235e-05 2
0.69538 1.73287e-05 2
0.696159 2.54175e-05 2
0.696939 3.53782e-05 2
0.697718 4.70625e-05 3
0.698498 6.02937e-05 3
0.699278 7.48765e-05 3
0.700057 9.0593e-05 3
0.700837 0.000107215 3
0.701616 0.000124496 3
0.702396 0.000142189 3
0.703175 0.000160031 3
0.703955 0.000177771 3
0.704735 0.000195146 3
0.705514 0.000211914 3
0.706294 0.000227825 3
0.707073 0.00024266 3
0.707853 0.0002562 3
0.708632 0.000268247 3
0.709412 0.000278634 3
0.710192 0.000287213 3
0.710971 0.000293864 3
0.711751 0.000298465 3
0.71253 0.000301025 3
0.71331 0.000301457 3
0.714089 0.000299792 3
0.714869 0.00029598 3
0.715649 0.000290118 3
0.716428 0.000282343 3
0.717208 0.000272703 3
0.717987 0.000261344 3
0.718767 0.000248425 3
0.719546 0.000234146 3
0.720326 0.000218701 3
0.721106 0.000202322 3
0.721885 0.000185239 3
0.722665 0.000167709 3
0.723444 0.000150002 3
0.724224 0.000132346 3
0.725003 0.000114988 3
0.725783 9.81786e-05 3
0.726563 8.21567e-05 3
0.727342 6.71573e-05 3
0.728122 5.33949e-05 3
0.728901 4.10675e-05 3
0.729681 3.03488e-05 3
0.73046 2.13912e-05 2
0.73124 1.43171e-05 2
0.73202 9.22516e-06 2
0.732799 6.18385e-06 2
0.733579 5.23208e-06 1
0.734358 6.37904e-06 1
0.735138 9.60341e-06 1
0.735918 1.48543e-05 2
0.736697 2.20536e-05 2
0.737477 3.10925e-05 2
0.738256 4.18339e-05 3
0.739036 5.41184e-05 3
0.739815 6.77609e-05 3
0.740595 8.25606e-05 3
0.741375 9.82971e-05 3
0.742154 0.000114743 3
0.742934 0.000131653 3
0.743713 0.000148788 3
0.744493 0.000165893 3
0.745272 0.000182728 3
0.746052 0.000199043 3
0.746832 0.000214612 3
0.747611 0.000229203 3
0.748391 0.000242617 3
0.74917 0.000254653 3
0.74995 0.00026514 3
0.750729 0.000273927 3
0.751509 0.0002809 3
0.752289 0.00028596 3
0.753068 0.000289016 3
0.753848 0.000290059 3
0.754627 0.000289052 3
0.755407 0.000286009 3
0.756186 0.000280983 3
0.756966 0.000274046 3
0.757746 0.00026534 3
0.758525 0.000254933 3
0.759305 0.000242978 3
0.760084 0.00022965 3
0.760864 0.000215135 3
0.761643 0.000199646 3
0.762423 0.000183414 3
0.763203 0.00016667 3
0.763982 0.000149685 3
0.764762 0.000132672 3
0.765541 0.000115874 3
0.766321 9.95288e-05 3
0.7671 8.38713e-05 3
0.76788 6.9125e-05 3
0.76866 5.55034e-05 3
0.769439 4.32008e-05 3
0.770219 3.23933e-05 3
0.770998 2.32335e-05 2
0.771778 1.58498e-05 2
0.772557 1.03454e-05 2
0.773337 6.79512e-06 2
0.774117 5.2441e-06 1
0.774896 5.71163e-06 1
0.775676 8.18561e-06 1
0.776455 1.26247e-05 2
0.777235 1.89631e-05 2
0.778014 2.71041e-05 2
0.778794 3.69256e-05 2
0.779574 4.82791e-05 3
0.780353 6.09959e-05 3
0.781133 7.48852e-05 3
0.781912 8.97441e-05 3
0.782692 0.000105352 3
0.783472 0.000121484 3
0.784251 0.000137903 3
0.785031 0.000154374 3
0.78581 0.000170656 3
0.78659 0.00018652 3
0.787369 0.00020173 3
0.788149 0.000216075 3
0.788929 0.000229342 3
0.789708 0.000241344 3
0.790488 0.000251909 3
0.791267 0.000260884 3
0.792047 0.000268143 3
0.792826 0.000273548 3
0.793606 0.000277123 3
0.794386 0.000278749 3
0.795165 0.000278398 3
0.795945 0.000276087 3
0.796724 0.000271849 3
0.797504 0.000265754 3
0.798283 0.000257927 3
0.799063 0.000248429 3
0.799843 0.000237391 3
0.800622 0.000224976 3
0.801402 0.000211363 3
0.802181 0.000196757 3
0.802961 0.000181362 3
0.80374 0.000165409 3
0.80452 0.00014915 3
0.8053 0.000132795 3
0.806079 0.000116572 3
0.806859 0.000100713 3
0.807638 8.54424e-05 3
0.808418 7.09821e-05 3
0.809197 5.75372e-05 3
0.809977 4.53021e-05 3
0.810757 3.44504e-05 3
0.811536 2.51369e-05 3
0.812316 1.7492e-05 2
0.813095 1.16229e-05 2
0.813875 7.61068e-06 2
0.814654 5.50852e-06 1
0.815434 5.34305e-06 1
0.816214 7.11164e-06 1
0.816993 1.07838e-05 2
0.817773 1.63038e-05 2
0.818552 2.35876e-05 2
0.819332 3.25236e-05 2
0.820111 4.29792e-05 3
0.820891 5.47971e-05 3
0.821671 6.78017e-05 3
0.82245 8.17984e-05 3
0.82323 9.65831e-05 3
0.824009 0.000111937 3
0.824789 0.000127639 3
0.825568 0.000143459 3
0.826348 0.000159172 3
0.827128 0.000174547 3
0.827907 0.00018937 3
0.828687 0.00020342 3
0.829466 0.000216505 3
0.830246 0.000228429 3
0.831025 0.000239022 3
0.831805 0.000248133 3
0.832585 0.000255635 3
0.833364 0.000261378 3
0.834144 0.000265349 3
0.834923 0.000267501 3
0.835703 0.000267768 3
0.836483 0.000266144 3
0.837262 0.000262663 3
0.838042 0.000257374 3
0.838821 0.000250359 3
0.839601 0.000241754 3
0.84038 0.000231632 3
0.84116 0.000220131 3
0.84194 0.000207429 3
0.842719 0.000193697 3
0.843499 0.000179142 3
0.844278 0.000163975 3
0.845058 0.000148421 3
0.845837 0.000132702 3
0.846617 0.00011707 3
0.847397 0.000101717 3
0.848176 8.68608e-05 3
0.848956 7.27106e-05 3
0.849735 5.947e-05 3
0.850515 4.73285e-05 3
0.851294 3.64616e-05 3
0.852074 2.7024e-05 3
0.852854 1.91488e-05 2
0.853633 1.29483e-05 2
0.854413 8.50802e-06 2
0.855192 5.88712e-06 2
0.855972 5.11853e-06 1
0.856751 6.20877e-06 1
0.857531 9.13709e-06 1
0.858311 1.3856e-05 2
0.85909 2.02955e-05 2
0.85987 2.83584e-05 2
0.860649 3.79223e-05 3
0.861429 4.88451e-05 3
0.862208 6.09605e-05 3
0.862988 7.40908e-05 3
0.863768 8.80407e-05 3
0.864547 0.000102608 3
0.865327 0.000117577 3
0.866106 0.000132735 3
0.866886 0.00014786 3
0.867665 0.000162737 3
0.868445 0.000177148 3
0.869225 0.000190891 3
0.870004 0.000203763 3
0.870784 0.000215582 3
0.871563 0.000226175 3
0.872343 0.000235394 3
0.873122 0.000243105 3
0.873902 0.000249205 3
0.874682 0.000253578 3
0.875461 0.000256212 3
0.876241 0.000257063 3
0.87702 0.000256106 3
0.8778 0.000253346 3
0.878579 0.000248835 3
0.879359 0.000242635 3
0.880139 0.000234883 3
0.880918 0.000225625 3
0.881698 0.000215004 3
0.882477 0.000203166 3
0.883257 0.000190297 3
0.884037 0.000176572 3
0.884816 0.000162198 3
0.885596 0.00014738 3
0.886375 0.000132336 3
0.887155 0.000117308 3
0.887934 0.00010248 3
0.888714 8.80569e-05 3
0.889494 7.42465e-05 3
0.890273 6.12435e-05 3
0.891053 4.92372e-05 3
0.891832 3.83986e-05 3
0.892612 2.88841e-05 3
0.893391 2.08287e-05 2
0.894171 1.43454e-05 2
0.894951 9.52621e-06 2
0.89573 6.43618e-06 2
0.89651 5.11547e-06 1
0.897289 5.57897e-06 1
0.898069 7.81533e-06 1
0.898848 1.17868e-05 2
0.899628 1.74342e-05 2
0.900408 2.46712e-05 2
0.901187 3.33892e-05 2
0.901967 4.34561e-05 3
0.902746 5.47224e-05 3
0.903526 6.70182e-05 3
0.904305 8.01629e-05 3
0.905085 9.39614e-05 3
0.905865 0.000108213 3
0.906644 0.00012271 3
0.907424 0.000137245 3
0.908203 0.000151605 3
0.908983 0.000165589 3
0.909762 0.00017899 3
0.910542 0.000191622 3
0.911322 0.000203297 3
0.912101 0.000213846 3
0.912881 0.000223127 3
0.91366 0.000231002 3
0.91444 0.000237365 3
0.915219 0.00024209 3
0.915999 0.000245192 3
0.916779 0.000246576 3
0.917558 0.000246218 3
0.918338 0.000244132 3
0.919117 0.00024035 3
0.919897 0.000234931 3
0.920676 0.000227952 3
0.921456 0.000219557 3
0.922236 0.000209806 3
0.923015 0.00019884 3
0.923795 0.00018682 3
0.924574 0.000173918 3
0.925354 0.00016032 3
0.926133 0.000146231 3
0.926913 0.000131854 3
0.927693 0.000117399 3
0.928472 0.000103072 3
0.929252 8.90772e-05 3
0.930031 7.56106e-05 3
0.930811 6.28643e-05 3
0.93159 5.10161e-05 3
0.93237 4.02357e-05 3
0.93315 3.06832e-05 3
0.933929 2.24837e-05 2
0.934709 1.57534e-05 2
0.935488 1.0589e-05 2
0.936268 7.06182e-06 2
0.937048 5.21897e-06 1
0.937827 5.08313e-06 1
0.938607 6.64995e-06 1
0.939386 9.89163e-06 2
0.940166 1.47569e-05 2
0.940945 2.1172e-05 2
0.941725 2.9039e-05 2
0.942505 3.82406e-05 3
0.943284 4.86387e-05 3
0.944064 6.00792e-05 3
0.944843 7.23908e-05 3
0.945623 8.5394e-05 3
0.946402 9.88958e-05 3
0.947182 0.000112702 3
0.947962 0.000126611 3
0.948741 0.000140425 3
0.949521 0.000153941 3
0.9503 0.00016697 3
0.95108 0.000179321 3
0.951859 0.000190816 3
0.952639 0.00020129 3
0.953419 0.000210593 3
0.954198 0.000218591 3
0.954978 0.000225173 3
0.955757 0.000230215 3
0.956537 0.000233702 3
0.957316 0.000235588 3
0.958096 0.000235813 3
0.958876 0.000234372 3
0.959655 0.000231295 3
0.960435 0.000226623 3
0.961214 0.000220431 3
0.961994 0.000212844 3
0.962773 0.000203921 3
0.963553 0.000193783 3
0.964333 0.000182583 3
0.965112 0.000170489 3
0.965892 0.000157675 3
0.966671 0.000144325 3
0.967451 0.00013064 3
0.96823 0.000116813 3
0.96901 0.000103044 3
0.96979 8.95253e-05 3
0.970569 7.6452e-05 3
0.971349 6.4031e-05 3
0.972128 5.24102e-05 3
0.972908 4.1752e-05 3
0.973687 3.2211e-05 3
0.974467 2.3925e-05 2
0.975247 1.70148e-05 2
0.976026 1.15777e-05 2
0.976806 7.6914e-06 2
0.977585 5.40731e-06 1
0.978365 4.75559e-06 1
0.979144 5.74041e-06 1
0.979924 8.3431e-06 1
0.980704 1.25214e-05 2
0.981483 1.82121e-05 2
0.982263 2.53299e-05 2
0.983042 3.37668e-05 2
0.983822 4.3397e-05 3
0.984602 5.40745e-05 3
0.985381 6.5642e-05 3
0.986161 7.79256e-05 3
0.98694 9.07465e-05 3
0.98772 0.000103915 3
0.988499 0.000117244 3
0.989279 0.000130538 3
0.990059 0.000143609 3
0.990838 0.000156266 3
0.991618 0.000168332 3
0.992397 0.000179626 3
0.993177 0.000189989 3
0.993956 0.000199277 3
0.994736 0.000207353 3
0.995516 0.000214105 3
0.996295 0.000219443 3
0.997075 0.000223269 3
0.997854 0.000225566 3
0.998634 0.000226289 3
0.999413 0.000225421 3
