0 0 3
0.000275621 3.63012e-07 3
0.000551242 1.30027e-06 1
0.000826863 2.66652e-06 3
0.00110248 4.49678e-06 2
0.0013781 6.88667e-06 3
0.00165373 9.84803e-06 2
0.00192935 1.33862e-05 2
0.00220497 1.73846e-05 2
0.00248059 2.18637e-05 2
0.00275621 2.68432e-05 2
0.00303183 3.23564e-05 2
0.00330745 3.83261e-05 2
0.00358307 4.47483e-05 2
0.00385869 5.15994e-05 2
0.00413431 5.88687e-05 2
0.00440993 6.65517e-05 3
0.00468556 7.46408e-05 3
0.00496118 8.31263e-05 3
0.0052368 9.19951e-05 3
0.00551242 0.000101233 3
0.00578804 0.000110821 3
0.00606366 0.000120738 3
0.00633928 0.000130946 2
0.0066149 0.000141432 2
0.00689052 0.000152179 3
0.00716614 0.000163171 3
0.00744176 0.000174448 3
0.00771739 0.000185879 3
0.00799301 0.000197499 3
0.00826863 0.000209338 3
0.00854425 0.00022133 3
0.00881987 0.000233396 3
0.00909549 0.000245564 3
0.00937111 0.000257817 3
0.00964673 0.000270126 3
0.00992235 0.000282471 3
0.010198 0.000294826 3
0.0104736 0.000307173 3
0.0107492 0.000319487 3
0.0110248 0.000331752 3
0.0113005 0.000343943 3
0.0115761 0.000356046 3
0.0118517 0.000368035 3
0.0121273 0.000379894 3
0.0124029 0.000391595 3
0.0126786 0.000403119 3
0.0129542 0.000414438 3
0.0132298 0.000425538 3
0.0135054 0.000436385 3
0.013781 0.00044696 3
0.0140567 0.00045724 3
0.0143323 0.000467214 3
0.0146079 0.000476863 3
0.0148835 0.000486246 3
0.0151591 0.000495377 3
0.0154348 0.000503888 3
0.0157104 0.000512107 3
0.015986 0.000519935 3
0.0162616 0.000527351 3
0.0165373 0.000534341 3
0.0168129 0.000540885 3
0.0170885 0.000546976 3
0.0173641 0.000552594 3
0.0176397 0.000557733 3
0.0179154 0.000562377 3
0.018191 0.00056652 3
0.0184666 0.000570149 3
0.0187422 0.000573436 3
0.0190178 0.000575919 3
0.0192935 0.000577977 3
0.0195691 0.000579502 3
0.0198447 0.000580494 3
0.0201203 0.000580941 3
0.0203959 0.000580859 3
0.0206716 0.000580238 3
0.0209472 0.000579086 3
0.0212228 0.000577396 3
0.0214984 0.000575178 3
0.0217741 0.000572432 3
0.0220497 0.000569172 3
0.0223253 0.000565399 3
0.0226009 0.00056113 3
0.0228765 0.000556367 3
0.0231522 0.000551125 3
0.0234278 0.000545406 3
0.0237034 0.000539225 3
0.023979 0.000532589 3
0.0242546 0.000525513 3
0.0245303 0.000518014 3
0.0248059 0.000510105 3
0.0250815 0.000501794 3
0.0253571 0.000493104 3
0.0256327 0.000484072 2
0.0259084 0.000474696 2
0.026184 0.000464982 2
0.0264596 0.000454945 2
0.0267352 0.000444608 3
0.0270108 0.000433996 3
0.0272865 0.000423123 3
0.0275621 0.000412016 3
0.0278377 0.000400689 3
0.0281133 0.000389163 2
0.028389 0.000377534 3
0.0286646 0.000365666 3
0.0289402 0.000353658 3
0.0292158 0.000341627 3
0.0294914 0.000329407 3
0.0297671 0.000317115 3
0.0300427 0.000304776 3
0.0303183 0.000292413 3
0.0305939 0.000280051 2
0.0308695 0.000267711 2
0.0311452 0.000255416 2
0.0314208 0.00024325 2
0.0316964 0.000231103 2
0.031972 0.000219074 2
0.0322476 0.000207174 2
0.0325233 0.000195426 2
0.0327989 0.000183849 2
0.0330745 0.000172465 2
0.0333501 0.000161292 2
0.0336258 0.000150353 2
0.0339014 0.000139665 2
0.034177 0.000129248 2
0.0344526 0.000119121 2
0.0347282 0.000109296 2
0.0350039 9.9798e-05 1
0.0352795 9.063e-05 2
0.0355551 8.17964e-05 1
0.0358307 7.33789e-05 2
0.0361063 6.53615e-05 1
0.036382 5.77592e-05 2
0.0366576 5.05887e-05 1
0.0369332 4.3863e-05 1
0.0372088 3.75948e-05 1
0.0374844 3.17957e-05 1
0.0377601 2.6476e-05 1
0.0380357 2.16449e-05 1
0.0383113 1.73105e-05 1
0.0385869 1.3522e-05 1
0.0388625 1.01604e-05 1
0.0391382 7.3562e-06 1
0.0394138 5.07236e-06 1
0.0396894 3.31239e-06 1
0.039965 2.07895e-06 1
0.0402407 1.37366e-06 1
0.0405163 1.19724e-06 1
0.0407919 1.54936e-06 1
0.0410675 2.42867e-06 1
0.0413431 3.83301e-06 1
0.0416188 5.75938e-06 1
0.0418944 8.20396e-06 1
0.04217 1.11622e-05 1
0.0424456 1.46288e-05 1
0.0427212 1.85975e-05 1
0.0429969 2.30613e-05 1
0.0432725 2.80122e-05 1
0.0435481 3.34419e-05 1
0.0438237 3.93406e-05 1
0.0440993 4.56975e-05 1
0.044375 5.25013e-05 1
0.0446506 5.97391e-05 1
0.0449262 6.73981e-05 1
0.0452018 7.5463e-05 1
0.0454774 8.39174e-05 2
0.0457531 9.27585e-05 1
0.0460287 0.000101948 2
0.0463043 0.00011148 1
0.0465799 0.000121335 2
0.0468556 0.000131472 1
0.0471312 0.000141894 2
0.0474068 0.000152582 1
0.0476824 0.000163515 2
0.047958 0.000174666 1
0.0482337 0.000186048 2
0.0485093 0.00019756 1
0.0487849 0.000209275 2
0.0490605 0.000221137 1
0.0493361 0.000233125 2
0.0496118 0.000245223 1
0.0498874 0.000257406 2
0.050163 0.000269647 1
0.0504386 0.000281926 2
0.0507142 0.000294219 3
0.0509899 0.000306506 3
0.0512655 0.000318764 3
0.0515411 0.000330973 3
0.0518167 0.000343108 3
0.0520924 0.000355151 3
0.052368 0.000367074 3
0.0526436 0.00037886 3
0.0529192 0.000390483 3
0.0531948 0.000401925 3
0.0534705 0.000413171 3
0.0537461 0.000424192 3
0.0540217 0.000434961 3
0.0542973 0.000445461 3
0.0545729 0.000455669 3
0.0548486 0.000465569 3
0.0551242 0.000475139 3
0.0553998 0.000484366 3
0.0556754 0.000493226 3
0.055951 0.000501707 3
0.0562267 0.000509788 3
0.0565023 0.000517462 3
0.0567779 0.000524708 3
0.0570535 0.000531514 3
0.0573291 0.000537867 3
0.0576048 0.000543759 3
0.0578804 0.000549173 3
0.058156 0.000554107 3
0.0584316 0.000558545 3
0.0587073 0.000562486 3
0.0589829 0.000565919 3
0.0592585 0.000568846 3
0.0595341 0.000571256 3
0.0598097 0.000573154 3
0.0600854 0.000574622 3
0.060361 0.000575381 3
0.0606366 0.000575718 3
0.0609122 0.000575534 3
0.0611878 0.000574825 3
0.0614635 0.000573593 3
0.0617391 0.000571833 3
0.0620147 0.000569557 3
0.0622903 0.000566762 3
0.0625659 0.000563465 3
0.0628416 0.000559665 3
0.0631172 0.000555379 3
0.0633928 0.000550607 3
0.0636684 0.000545366 3
0.063944 0.000539656 3
0.0642197 0.000533496 3
0.0644953 0.00052689 3
0.0647709 0.000519856 3
0.0650465 0.000512404 3
0.0653222 0.000504551 3
0.0655978 0.000496318 3
0.0658734 0.000487717 3
0.066149 0.000480273 3
0.0664246 0.000469457 2
0.0667003 0.000459831 2
0.0669759 0.000449894 2
0.0672515 0.00043967 2
0.0675271 0.000429182 2
0.0678027 0.000418445 2
0.0680784 0.00040748 2
0.068354 0.000396303 2
0.0686296 0.000384934 3
0.0689052 0.00037339 3
0.0691808 0.000361691 3
0.0694565 0.000349855 3
0.0697321 0.000337982 3
0.0700077 0.000325933 3
0.0702833 0.000313813 3
0.070559 0.000301643 3
0.0708346 0.000289447 3
0.0711102 0.000277244 3
0.0713858 0.000265059 3
0.0716614 0.00025291 2
0.0719371 0.000240822 2
0.0722127 0.000228812 2
0.0724883 0.000216915 2
0.0727639 0.000205138 2
0.0730395 0.000193504 2
0.0733152 0.000182604 2
0.0735908 0.000171247 2
0.0738664 0.000160127 2
0.074142 0.000149202 2
0.0744176 0.000138553 2
0.0746933 0.000128211 2
0.0749689 0.000118117 2
0.0752445 0.000108332 2
0.0755201 9.88576e-05 2
0.0757957 8.97323e-05 2
0.0760714 8.09739e-05 2
0.076347 7.26005e-05 1
0.0766226 6.46286e-05 2
0.0768982 5.7075e-05 1
0.0771739 4.99536e-05 2
0.0774495 4.32784e-05 1
0.0777251 3.70616e-05 1
0.0780007 3.13147e-05 1
0.0782763 2.6048e-05 1
0.078552 2.12706e-05 1
0.0788276 1.69904e-05 1
0.0791032 1.32145e-05 1
0.0793788 9.949e-06 1
0.0796544 7.19891e-06 1
0.0799301 4.96849e-06 1
0.0802057 3.26097e-06 1
0.0804813 2.07861e-06 1
0.0807569 1.42261e-06 1
0.0810325 1.29301e-06 1
0.0813082 1.68875e-06 1
0.0815838 2.60787e-06 1
0.0818594 4.04725e-06 1
0.082135 6.00307e-06 1
0.0824106 8.47052e-06 1
0.0826863 1.1444e-05 1
0.0829619 1.49173e-05 1
0.0832375 1.88834e-05 1
0.0835131 2.33349e-05 1
0.0837888 2.82636e-05 1
0.0840644 3.36603e-05 1
0.08434 3.95155e-05 1
0.0846156 4.58186e-05 1
0.0848912 5.25588e-05 1
0.0851669 5.97231e-05 2
0.0854425 6.73e-05 1
0.0857181 7.52746e-05 2
0.0859937 8.36337e-05 1
0.0862693 9.23603e-05 2
0.086545 0.000101426 1
0.0868206 0.000110826 2
0.0870962 0.000120546 1
0.0873718 0.000130561 2
0.0876474 0.00014089 1
0.0879231 0.000151458 2
0.0881987 0.000162276 1
0.0884743 0.000173322 2
0.0887499 0.000184581 1
0.0890256 0.00019603 2
0.0893012 0.000207653 1
0.0895768 0.000219423 2
0.0898524 0.000231327 1
0.090128 0.00024334 2
0.0904037 0.000255441 1
0.0906793 0.000267604 2
0.0909549 0.000279811 1
0.0912305 0.000292036 3
0.0915061 0.00030426 3
0.0917818 0.000316458 3
0.0920574 0.00032861 3
0.092333 0.000340691 3
0.0926086 0.000352679 3
0.0928842 0.000364551 3
0.0931599 0.000376285 3
0.0934355 0.000387858 3
0.0937111 0.00039925 3
0.0939867 0.000410438 3
0.0942623 0.000421402 3
0.094538 0.000432119 3
0.0948136 0.000442572 3
0.0950892 0.000452746 3
0.0953648 0.000462614 3
0.0956405 0.000472151 3
0.0959161 0.000481341 3
0.0961917 0.000490164 3
0.0964673 0.000498609 3
0.0967429 0.000506661 3
0.0970186 0.00051431 3
0.0972942 0.000521539 3
0.0975698 0.000528336 3
0.0978454 0.000534685 3
0.098121 0.000540576 3
0.0983967 0.000545993 3
0.0986723 0.000550928 3
0.0989479 0.000555367 3
0.0992235 0.000559309 3
0.0994991 0.000562743 3
0.0997748 0.00056567 3
0.10005 0.000568084 3
0.100326 0.00056999 3
0.100602 0.000571385 3
0.100877 0.000572261 3
0.101153 0.000572611 3
0.101428 0.000572439 3
0.101704 0.000571751 3
0.10198 0.000570566 3
0.102255 0.000568856 3
0.102531 0.000566631 3
0.102807 0.000563889 3
0.103082 0.000560644 3
0.103358 0.000556896 3
0.103633 0.000552664 3
0.103909 0.00054795 3
0.104185 0.000542768 3
0.10446 0.000537122 3
0.104736 0.000531028 3
0.105012 0.000524489 3
0.105287 0.000517521 3
0.105563 0.000510136 3
0.105838 0.000502348 3
0.106114 0.000494163 3
0.10639 0.000485604 2
0.106665 0.000476694 2
0.106941 0.000467442 2
0.107217 0.000457854 2
0.107492 0.000447945 2
0.107768 0.000437737 2
0.108043 0.000427256 3
0.108319 0.000416518 3
0.108595 0.000405547 3
0.10887 0.000394358 3
0.109146 0.000382973 3
0.109421 0.00037141 3
0.109697 0.000359795 3
0.109973 0.000347869 3
0.110248 0.000335898 3
0.110524 0.000323837 3
0.1108 0.000311708 3
0.111075 0.000299533 3
0.111351 0.000287335 3
0.111626 0.000275137 3
0.111902 0.000262963 2
0.112178 0.000250834 2
0.112453 0.000238773 2
0.112729 0.0002268 2
0.113005 0.000214945 2
0.11328 0.000203221 2
0.113556 0.00019165 2
0.113831 0.000180253 2
0.114107 0.00016909 2
0.114383 0.000158075 2
0.114658 0.000147371 2
0.114934 0.000136855 2
0.11521 0.000126645 2
0.115485 0.000116731 2
0.115761 0.000107131 2
0.116036 9.78544e-05 2
0.116312 8.89263e-05 2
0.116588 8.03469e-05 1
0.116863 7.21499e-05 2
0.117139 6.43486e-05 1
0.117415 5.69567e-05 2
0.11769 4.99865e-05 1
0.117966 4.34504e-05 2
0.118241 3.73587e-05 1
0.118517 3.17218e-05 1
0.118793 2.65493e-05 1
0.119068 2.18502e-05 1
0.119344 1.76326e-05 1
0.119619 1.3904e-05 1
0.119895 1.06708e-05 1
0.120171 7.93861e-06 1
0.120446 5.71181e-06 1
0.120722 3.99409e-06 1
0.120998 2.7883e-06 1
0.121273 2.09622e-06 1
0.121549 1.91862e-06 1
0.121824 2.25518e-06 1
0.1221 3.10523e-06 1
0.122376 4.4664e-06 1
0.122651 6.33618e-06 1
0.122927 8.71107e-06 1
0.123203 1.1587e-05 1
0.123478 1.49591e-05 1
0.123754 1.88218e-05 1
0.124029 2.31688e-05 1
0.124305 2.79927e-05 1
0.124581 3.32855e-05 1
0.124856 3.90384e-05 1
0.125132 4.52417e-05 1
0.125408 5.1885e-05 1
0.125683 5.89561e-05 1
0.125959 6.64433e-05 1
0.126234 7.43333e-05 1
0.12651 8.26115e-05 2
0.126786 9.12655e-05 1
0.127061 0.000100277 2
0.127337 0.000109633 1
0.127612 0.000119313 2
0.127888 0.000129304 1
0.128164 0.000139567 2
0.128439 0.000150103 1
0.128715 0.000160887 2
0.128991 0.000171903 1
0.129266 0.000183124 2
0.129542 0.000194536 1
0.129817 0.000206116 2
0.130093 0.000217847 1
0.130369 0.000229711 2
0.130644 0.000241682 1
0.13092 0.000253731 2
0.131196 0.000265838 1
0.131471 0.000277977 2
0.131747 0.000290125 3
0.132022 0.00030226 3
0.132298 0.000314355 3
0.132574 0.000326389 3
0.132849 0.000338338 3
0.133125 0.000350182 3
0.133401 0.000361896 3
0.133676 0.000373461 3
0.133952 0.000384855 3
0.134227 0.000396059 3
0.134503 0.000407049 3
0.134779 0.000417809 3
0.135054 0.000428315 3
0.13533 0.00043858 3
0.135605 0.000448551 3
0.135881 0.000458211 3
0.136157 0.000467535 3
0.136432 0.000476516 3
0.136708 0.000485132 3
0.136984 0.000493378 3
0.137259 0.000501238 3
0.137535 0.000508705 3
0.13781 0.000515759 3
0.138086 0.000522388 3
0.138362 0.000528579 3
0.138637 0.000534326 3
0.138913 0.00053961 3
0.139189 0.00054443 3
0.139464 0.00054877 3
0.13974 0.000552631 3
0.140015 0.000556002 3
0.140291 0.000558886 3
0.140567 0.00056128 3
0.140842 0.000563181 3
0.141118 0.000564581 3
0.141394 0.000565483 3
0.141669 0.000565875 3
0.141945 0.000565763 3
0.14222 0.000565139 3
0.142496 0.000564005 3
0.142772 0.000562359 3
0.143047 0.000560212 3
0.143323 0.00055756 3
0.143598 0.000554417 3
0.143874 0.000550782 3
0.14415 0.000546667 3
0.144425 0.000542073 3
0.144701 0.000537014 3
0.144977 0.000531491 3
0.145252 0.000525519 3
0.145528 0.000519102 3
0.145803 0.000512254 3
0.146079 0.000504985 3
0.146355 0.000497318 3
0.14663 0.000489254 3
0.146906 0.000480814 3
0.147182 0.000472038 3
0.147457 0.000462921 2
0.147733 0.000453469 2
0.148008 0.000443699 2
0.148284 0.000433631 2
0.14856 0.000423289 2
0.148835 0.000412689 2
0.149111 0.000401856 2
0.149387 0.000390804 2
0.149662 0.000379558 2
0.149938 0.000368133 2
0.150213 0.000356553 2
0.150489 0.000344932 2
0.150765 0.000333037 3
0.15104 0.000321108 3
0.151316 0.00030911 3
0.151591 0.000297063 3
0.151867 0.000284991 3
0.152143 0.000272918 3
0.152418 0.000260866 3
0.152694 0.000248857 2
0.15297 0.000236914 2
0.153245 0.000225058 2
0.153521 0.000213312 2
0.153796 0.000201703 2
0.154072 0.000190245 2
0.154348 0.000178958 2
0.154623 0.000167864 2
0.154899 0.000156983 2
0.155175 0.000146328 2
0.15545 0.000135928 2
0.155726 0.000125784 2
0.156001 0.000115936 2
0.156277 0.000106402 2
0.156553 9.72299e-05 2
0.156828 8.83781e-05 1
0.157104 7.98674e-05 2
0.15738 7.17514e-05 1
0.157655 6.40283e-05 2
0.157931 5.67113e-05 1
0.158206 4.98133e-05 1
0.158482 4.3345e-05 1
0.158758 3.73183e-05 1
0.159033 3.17432e-05 1
0.159309 2.66289e-05 1
0.159585 2.19836e-05 1
0.15986 1.7815e-05 1
0.160136 1.41297e-05 1
0.160411 1.09337e-05 1
0.160687 8.23206e-06 1
0.160963 6.02908e-06 1
0.161238 4.32808e-06 1
0.161514 3.13162e-06 1
0.161789 2.44116e-06 1
0.162065 2.25772e-06 1
0.162341 2.58125e-06 1
0.162616 3.41106e-06 1
0.162892 4.74554e-06 1
0.163168 6.58276e-06 1
0.163443 8.91981e-06 1
0.163719 1.17531e-05 1
0.163994 1.50782e-05 1
0.16427 1.88681e-05 1
0.164546 2.31376e-05 1
0.164821 2.78796e-05 1
0.165097 3.30866e-05 1
0.165373 3.87502e-05 1
0.165648 4.48604e-05 1
0.165924 5.1426e-05 1
0.166199 5.84204e-05 1
0.166475 6.58297e-05 2
0.166751 7.36246e-05 1
0.167026 8.18018e-05 2
0.167302 9.03503e-05 1
0.167578 9.92507e-05 2
0.167853 0.000108489 1
0.168129 0.000118045 2
0.168404 0.000127905 1
0.16868 0.000138047 2
0.168956 0.000148456 1
0.169231 0.00015911 2
0.169507 0.000170021 1
0.169782 0.000181077 2
0.170058 0.000192353 1
0.170334 0.000203793 2
0.170609 0.000215378 1
0.170885 0.000227089 2
0.171161 0.0002389 1
0.171436 0.000250786 2
0.171712 0.000262728 1
0.171987 0.000274699 2
0.172263 0.000286679 3
0.172539 0.000298649 3
0.172814 0.000310583 3
0.17309 0.000322461 3
0.173366 0.00033426 3
0.173641 0.000345959 3
0.173917 0.000357536 3
0.174192 0.000368971 3
0.174468 0.000380241 3
0.174744 0.000391329 3
0.175019 0.000402211 3
0.175295 0.00041287 3
0.175571 0.000423284 3
0.175846 0.000433443 3
0.176122 0.00044332 3
0.176397 0.000452896 3
0.176673 0.000462151 3
0.176949 0.000471073 3
0.177224 0.000479641 3
0.1775 0.000487849 3
0.177775 0.000495677 3
0.178051 0.000503118 3
0.178327 0.000510154 3
0.178602 0.000516775 3
0.178878 0.000522967 3
0.179154 0.00052872 3
0.179429 0.000534017 3
0.179705 0.000538854 3
0.17998 0.000543215 3
0.180256 0.000547099 3
0.180532 0.000550495 3
0.180807 0.000553404 3
0.181083 0.000555815 3
0.181359 0.000557752 3
0.181634 0.000559169 3
0.18191 0.000560093 3
0.182185 0.000560505 3
0.182461 0.000560409 3
0.182737 0.00055981 3
0.183012 0.000558717 3
0.183288 0.000557109 3
0.183564 0.000554996 3
0.183839 0.000552369 3
0.184115 0.00054924 3
0.18439 0.00054561 3
0.184666 0.000541494 3
0.184942 0.000536893 3
0.185217 0.000531827 3
0.185493 0.000526296 3
0.185768 0.000520319 3
0.186044 0.000513899 3
0.18632 0.000507051 3
0.186595 0.000499787 3
0.186871 0.000492124 3
0.187147 0.000484068 3
0.187422 0.000475642 2
0.187698 0.000466855 2
0.187973 0.000457736 2
0.188249 0.000448294 2
0.188525 0.000438534 2
0.1888 0.000428488 3
0.189076 0.00041818 3
0.189352 0.000407626 3
0.189627 0.000396852 3
0.189903 0.000385979 3
0.190178 0.000374745 3
0.190454 0.000363418 3
0.19073 0.000351951 3
0.191005 0.000340361 3
0.191281 0.000328673 3
0.191557 0.000316906 3
0.191832 0.000305085 3
0.192108 0.000293229 3
0.192383 0.000281363 3
0.192659 0.000269506 3
0.192935 0.000257683 3
0.19321 0.000245912 3
0.193486 0.000234216 2
0.193761 0.000222613 2
0.194037 0.000211183 2
0.194313 0.000199838 2
0.194588 0.000188599 2
0.194864 0.000177567 2
0.19514 0.000166725 2
0.195415 0.00015609 2
0.195691 0.000145682 2
0.195966 0.000135518 2
0.196242 0.000125618 2
0.196518 0.000115995 2
0.196793 0.000106669 2
0.197069 9.76523e-05 2
0.197345 8.8955e-05 2
0.19762 8.0588e-05 2
0.197896 7.26022e-05 2
0.198171 6.49477e-05 1
0.198447 5.76963e-05 2
0.198723 5.08426e-05 1
0.198998 4.44e-05 2
0.199274 3.83791e-05 1
0.19955 3.27924e-05 1
0.199825 2.76498e-05 1
0.200101 2.29615e-05 1
0.200376 1.87366e-05 1
0.200652 1.49838e-05 1
0.200928 1.17109e-05 1
0.201203 8.92473e-06 1
0.201479 6.63122e-06 1
0.201755 4.83552e-06 1
0.20203 3.5419e-06 1
0.202306 2.75371e-06 1
0.202581 2.47339e-06 1
0.202857 2.70232e-06 1
0.203133 3.44113e-06 1
0.203408 4.68924e-06 1
0.203684 6.44528e-06 1
0.203959 8.70702e-06 1
0.204235 1.14714e-05 1
0.204511 1.47338e-05 1
0.204786 1.84893e-05 1
0.205062 2.27314e-05 1
0.205338 2.74527e-05 1
0.205613 3.26449e-05 1
0.205889 3.82981e-05 1
0.206164 4.44019e-05 1
0.20644 5.09448e-05 1
0.206716 5.7914e-05 1
0.206991 6.52955e-05 2
0.207267 7.3077e-05 1
0.207543 8.12401e-05 2
0.207818 8.9772e-05 1
0.208094 9.86523e-05 2
0.208369 0.000107867 1
0.208645 0.000117393 2
0.208921 0.000127205 1
0.209196 0.00013729 2
0.209472 0.000147629 2
0.209748 0.000158202 2
0.210023 0.000168986 2
0.210299 0.000179963 2
0.210574 0.00019111 2
0.21085 0.000202409 2
0.211126 0.000213847 2
0.211401 0.000225395 2
0.211677 0.000237029 2
0.211952 0.000248727 2
0.212228 0.000260467 2
0.212504 0.000272228 3
0.212779 0.000283989 3
0.213055 0.000295728 3
0.213331 0.000307423 3
0.213606 0.000319056 3
0.213882 0.000330605 3
0.214157 0.000342053 3
0.214433 0.000353379 3
0.214709 0.000364566 3
0.214984 0.000375595 3
0.21526 0.000386448 3
0.215536 0.000397104 3
0.215811 0.00040755 3
0.216087 0.000417761 3
0.216362 0.000427726 3
0.216638 0.000437422 3
0.216914 0.000446859 3
0.217189 0.000455985 3
0.217465 0.000464791 3
0.217741 0.000473254 3
0.218016 0.000481367 3
0.218292 0.000489115 3
0.218567 0.000496492 3
0.218843 0.00050348 3
0.219119 0.000510069 3
0.219394 0.000516244 3
0.21967 0.000521999 3
0.219945 0.000527313 3
0.220221 0.000532181 3
0.220497 0.000536718 3
0.220772 0.00054056 3
0.221048 0.000544015 3
0.221324 0.00054699 3
0.221599 0.000549476 3
0.221875 0.000551472 3
0.22215 0.000552975 3
0.222426 0.000553983 3
0.222702 0.000554484 3
0.222977 0.000554476 3
0.223253 0.000553947 3
0.223529 0.00055291 3
0.223804 0.000551356 3
0.22408 0.000549298 3
0.224355 0.000546732 3
0.224631 0.000543671 3
0.224907 0.000540115 3
0.225182 0.000536078 3
0.225458 0.00053156 3
0.225734 0.000526575 3
0.226009 0.000521127 3
0.226285 0.00051523 3
0.22656 0.000508889 3
0.226836 0.000502123 3
0.227112 0.000494942 3
0.227387 0.000487363 3
0.227663 0.000479396 3
0.227938 0.000471065 3
0.228214 0.00046238 3
0.22849 0.000453406 2
0.228765 0.000444113 2
0.229041 0.000434513 2
0.229317 0.000424626 2
0.229592 0.000414477 2
0.229868 0.000404082 2
0.230143 0.000393468 2
0.230419 0.000382649 2
0.230695 0.000371649 2
0.23097 0.000360484 2
0.231246 0.000349175 3
0.231522 0.000337739 3
0.231797 0.0003262 3
0.232073 0.000314576 3
0.232348 0.000302892 3
0.232624 0.000291166 3
0.2329 0.000279423 3
0.233175 0.00026768 3
0.233451 0.000255962 2
0.233727 0.000244288 2
0.234002 0.000232681 2
0.234278 0.000221159 2
0.234553 0.000209743 2
0.234829 0.000198452 2
0.235105 0.000187313 2
0.23538 0.000176392 2
0.235656 0.000165567 2
0.235931 0.000154977 2
0.236207 0.000144648 2
0.236483 0.000134494 1
0.236758 0.000124628 2
0.237034 0.000115038 1
0.23731 0.000105713 2
0.237585 9.67003e-05 1
0.237861 8.80176e-05 2
0.238136 7.96779e-05 1
0.238412 7.16986e-05 2
0.238688 6.40918e-05 1
0.238963 5.6873e-05 1
0.239239 5.00547e-05 1
0.239515 4.36475e-05 1
0.23979 3.76651e-05 1
0.240066 3.21187e-05 1
0.240341 2.7019e-05 1
0.240617 2.2376e-05 1
0.240893 1.81989e-05 1
0.241168 1.4496e-05 1
0.241444 1.12751e-05 1
0.24172 8.54263e-06 1
0.241995 6.3044e-06 1
0.242271 4.56507e-06 1
0.242546 3.31911e-06 1
0.242822 2.57769e-06 1
0.243098 2.34259e-06 1
0.243373 2.61431e-06 1
0.243649 3.39302e-06 1
0.243924 4.67738e-06 1
0.2442 6.46516e-06 1
0.244476 8.75286e-06 1
0.244751 1.15364e-05 1
0.245027 1.48104e-05 1
0.245303 1.85687e-05 1
0.245578 2.28039e-05 1
0.245854 2.75072e-05 1
0.246129 3.26796e-05 1
0.246405 3.83014e-05 1
0.246681 4.4363e-05 1
0.246956 5.0851e-05 1
0.247232 5.77503e-05 1
0.247508 6.50286e-05 1
0.247783 7.26887e-05 1
0.248059 8.07157e-05 1
0.248334 8.90914e-05 2
0.24861 9.78044e-05 1
0.248886 0.00010686 2
0.249161 0.000116171 1
0.249437 0.000125782 2
0.249713 0.000135663 1
0.249988 0.000145788 2
0.250264 0.000156147 1
0.250539 0.000166711 2
0.250815 0.000177472 1
0.251091 0.000188399 2
0.251366 0.000199484 1
0.251642 0.000210704 2
0.251918 0.000222043 1
0.252193 0.000233469 2
0.252469 0.000244974 1
0.252744 0.000256527 2
0.25302 0.000268116 3
0.253296 0.000279717 2
0.253571 0.000291313 2
0.253847 0.000302882 3
0.254122 0.000314404 3
0.254398 0.000325859 3
0.254674 0.000337228 3
0.254949 0.000348489 3
0.255225 0.000359625 3
0.255501 0.000370614 3
0.255776 0.000381438 3
0.256052 0.000392076 3
0.256327 0.000402521 3
0.256603 0.000412739 3
0.256879 0.000422715 3
0.257154 0.000432424 3
0.25743 0.000441852 3
0.257706 0.000450978 3
0.257981 0.00045979 3
0.258257 0.000468266 3
0.258532 0.000476396 3
0.258808 0.000484158 3
0.259084 0.000491541 3
0.259359 0.000498524 3
0.259635 0.000505098 3
0.259911 0.000511245 3
0.260186 0.000516955 3
0.260462 0.000522211 3
0.260737 0.000527008 3
0.261013 0.000531331 3
0.261289 0.000535176 3
0.261564 0.000538532 3
0.26184 0.0005414 3
0.262115 0.000543769 3
0.262391 0.000545639 3
0.262667 0.000547008 3
0.262942 0.000547876 3
0.263218 0.000548247 3
0.263494 0.000548118 3
0.263769 0.000547483 3
0.264045 0.000546339 3
0.26432 0.000544682 3
0.264596 0.000542523 3
0.264872 0.000539862 3
0.265147 0.000536713 3
0.265423 0.00053308 3
0.265699 0.00052898 3
0.265974 0.000524416 3
0.26625 0.000519404 3
0.266525 0.000513951 3
0.266801 0.000508071 3
0.267077 0.000501773 3
0.267352 0.000495072 3
0.267628 0.000487978 3
0.267904 0.000480514 3
0.268179 0.000472687 3
0.268455 0.000464517 3
0.26873 0.000456013 3
0.269006 0.000447196 2
0.269282 0.000438091 2
0.269557 0.000428705 2
0.269833 0.000419043 2
0.270108 0.000409139 2
0.270384 0.000399111 2
0.27066 0.000388697 2
0.270935 0.000378163 2
0.271211 0.000367457 2
0.271487 0.000356593 3
0.271762 0.000345591 2
0.272038 0.000334468 3
0.272313 0.000323244 2
0.272589 0.000311934 2
0.272865 0.000300638 2
0.27314 0.000289154 2
0.273416 0.000277703 2
0.273692 0.000266245 2
0.273967 0.000254857 2
0.274243 0.000243397 2
0.274518 0.000232032 2
0.274794 0.000220736 2
0.27507 0.000209529 2
0.275345 0.000198429 2
0.275621 0.000187461 2
0.275897 0.000176687 2
0.276172 0.000165986 2
0.276448 0.000155504 2
0.276723 0.000145225 2
0.276999 0.000135167 2
0.277275 0.00012535 2
0.27755 0.000115814 2
0.277826 0.000106494 2
0.278101 9.74944e-05 2
0.278377 8.88102e-05 2
0.278653 8.04587e-05 2
0.278928 7.24573e-05 2
0.279204 6.48216e-05 1
0.27948 5.75704e-05 2
0.279755 5.07161e-05 1
0.280031 4.42761e-05 2
0.280306 3.82771e-05 1
0.280582 3.26942e-05 1
0.280858 2.75719e-05 1
0.281133 2.29125e-05 1
0.281409 1.87249e-05 1
0.281685 1.50187e-05 1
0.28196 1.18019e-05 1
0.282236 9.08068e-06 1
0.282511 6.86054e-06 1
0.282787 5.14554e-06 1
0.283063 3.9385e-06 1
0.283338 3.24091e-06 1
0.283614 3.05327e-06 1
0.28389 3.37474e-06 1
0.284165 4.20337e-06 1
0.284441 5.53616e-06 1
0.284716 7.36877e-06 1
0.284992 9.69616e-06 1
0.285268 1.25119e-05 1
0.285543 1.58085e-05 1
0.285819 1.95781e-05 1
0.286094 2.38118e-05 1
0.28637 2.84997e-05 1
0.286646 3.36312e-05 1
0.286921 3.91952e-05 1
0.287197 4.51794e-05 1
0.287473 5.15714e-05 2
0.287748 5.83601e-05 1
0.288024 6.55292e-05 2
0.288299 7.30674e-05 1
0.288575 8.09565e-05 2
0.288851 8.91752e-05 1
0.289126 9.77135e-05 2
0.289402 0.000106558 1
0.289678 0.000115686 2
0.289953 0.000125088 1
0.290229 0.000134742 2
0.290504 0.000144635 1
0.29078 0.000154746 2
0.291056 0.000165063 1
0.291331 0.000175564 2
0.291607 0.000186238 1
0.291883 0.000197061 2
0.292158 0.000208029 1
0.292434 0.000219109 2
0.292709 0.000230291 1
0.292985 0.000241549 2
0.293261 0.000252872 1
0.293536 0.000264235 3
0.293812 0.000275626 1
0.294088 0.000287017 3
0.294363 0.000298395 3
0.294639 0.000309742 3
0.294914 0.000321034 3
0.29519 0.000332256 3
0.295466 0.000343385 3
0.295741 0.000354404 3
0.296017 0.000365292 3
0.296292 0.000376029 3
0.296568 0.000386594 3
0.296844 0.000396967 3
0.297119 0.000407125 3
0.297395 0.000417052 3
0.297671 0.000426724 3
0.297946 0.000436127 3
0.298222 0.000445229 3
0.298497 0.000454029 3
0.298773 0.00046249 3
0.299049 0.000470597 3
0.299324 0.000478328 3
0.2996 0.000485674 3
0.299876 0.000492617 3
0.300151 0.000499149 3
0.300427 0.000505376 3
0.300702 0.00051097 3
0.300978 0.000516201 3
0.301254 0.000520977 3
0.301529 0.000525376 3
0.301805 0.000529104 3
0.302081 0.000532447 3
0.302356 0.000535302 3
0.302632 0.000537659 3
0.302907 0.000539521 3
0.303183 0.000540905 3
0.303459 0.000541787 3
0.303734 0.00054216 3
0.30401 0.000542032 3
0.304285 0.000541412 3
0.304561 0.0005403 3
0.304837 0.000538702 3
0.305112 0.000536619 3
0.305388 0.000534043 3
0.305664 0.00053099 3
0.305939 0.000527457 3
0.306215 0.000523463 3
0.30649 0.000519011 3
0.306766 0.000514121 3
0.307042 0.000508796 3
0.307317 0.000503055 3
0.307593 0.000496902 3
0.307869 0.000490357 3
0.308144 0.000483418 3
0.30842 0.000476113 3
0.308695 0.000468444 3
0.308971 0.000460433 2
0.309247 0.000452089 2
0.309522 0.000443434 2
0.309798 0.000434475 2
0.310074 0.00042523 2
0.310349 0.000415714 2
0.310625 0.000405946 2
0.3109 0.000395936 2
0.311176 0.000385704 3
0.311452 0.000375265 3
0.311727 0.000364638 2
0.312003 0.000353839 3
0.312278 0.00034289 3
0.312554 0.000331801 3
0.31283 0.000320597 3
0.313105 0.000309294 3
0.313381 0.000297915 3
0.313657 0.000286553 3
0.313932 0.000275038 3
0.314208 0.000263561 3
0.314483 0.000252095 2
0.314759 0.000240658 2
0.315035 0.000229273 2
0.31531 0.000217961 2
0.315586 0.000206743 2
0.315862 0.000195639 2
0.316137 0.000184729 2
0.316413 0.000173926 2
0.316688 0.00016326 2
0.316964 0.00015282 1
0.31724 0.000142601 2
0.317515 0.000132618 1
0.317791 0.000122895 2
0.318067 0.000113446 1
0.318342 0.000104295 2
0.318618 9.54543e-05 1
0.318893 8.69462e-05 2
0.319169 7.87816e-05 1
0.319445 7.09806e-05 2
0.31972 6.35535e-05 1
0.319996 5.65184e-05 2
0.320271 4.98847e-05 1
0.320547 4.36419e-05 1
0.320823 3.78412e-05 1
0.321098 3.24599e-05 1
0.321374 2.7535e-05 1
0.32165 2.30673e-05 1
0.321925 1.90642e-05 1
0.322201 1.55322e-05 1
0.322476 1.24766e-05 1
0.322752 9.90204e-06 1
0.323028 7.81182e-06 1
0.323303 6.20814e-06 1
0.323579 5.0921e-06 1
0.323855 4.46391e-06 1
0.32413 4.32273e-06 1
0.324406 4.66709e-06 1
0.324681 5.49463e-06 1
0.324957 6.79708e-06 1
0.325233 8.57456e-06 1
0.325508 1.08257e-05 1
0.325784 1.3541e-05 1
0.32606 1.67144e-05 1
0.326335 2.03387e-05 1
0.326611 2.44081e-05 1
0.326886 2.8913e-05 1
0.327162 3.3845e-05 1
0.327438 3.91949e-05 1
0.327713 4.49531e-05 1
0.327989 5.11093e-05 1
0.328264 5.76525e-05 1
0.32854 6.45716e-05 1
0.328816 7.18551e-05 1
0.329091 7.94913e-05 1
0.329367 8.74679e-05 1
0.329643 9.57725e-05 1
0.329918 0.00010439 2
0.330194 0.000113296 1
0.330469 0.000122483 2
0.330745 0.000131947 1
0.331021 0.000141663 2
0.331296 0.000151627 1
0.331572 0.00016181 2
0.331848 0.000172212 1
0.332123 0.00018281 2
0.332399 0.000193589 1
0.332674 0.000204519 2
0.33295 0.000215595 1
0.333226 0.000226783 2
0.333501 0.000238075 1
0.333777 0.000249438 2
0.334053 0.00026086 3
0.334328 0.000272315 2
0.334604 0.000283782 3
0.334879 0.000295237 3
0.335155 0.000306658 3
0.335431 0.000318021 3
0.335706 0.000329306 3
0.335982 0.000340485 3
0.336258 0.000351538 3
0.336533 0.000362439 3
0.336809 0.000373168 3
0.337084 0.0003837 3
0.33736 0.000394016 3
0.337636 0.000404114 3
0.337911 0.000413953 3
0.338187 0.000423507 3
0.338462 0.000432759 3
0.338738 0.000441684 3
0.339014 0.000450275 3
0.339289 0.00045851 3
0.339565 0.000466382 3
0.339841 0.000473871 3
0.340116 0.000480968 3
0.340392 0.000487653 3
0.340667 0.000493916 3
0.340943 0.000499746 3
0.341219 0.000505139 3
0.341494 0.000510082 3
0.34177 0.000514574 3
0.342046 0.000518604 3
0.342321 0.000522173 3
0.342597 0.00052541 3
0.342872 0.000527949 3
0.343148 0.000530118 3
0.343424 0.000531824 3
0.343699 0.000533056 3
0.343975 0.00053382 3
0.344251 0.000534109 3
0.344526 0.000533934 3
0.344802 0.000533294 3
0.345077 0.000532197 3
0.345353 0.000530641 3
0.345629 0.00052864 3
0.345904 0.000526173 3
0.34618 0.000523264 3
0.346455 0.000519912 3
0.346731 0.000516131 3
0.347007 0.000511919 3
0.347282 0.00050729 3
0.347558 0.000502244 3
0.347834 0.000496795 3
0.348109 0.000490945 3
0.348385 0.00048471 3
0.34866 0.000478093 3
0.348936 0.000471112 3
0.349212 0.000463772 3
0.349487 0.000456087 3
0.349763 0.00044806 3
0.350039 0.00043971 3
0.350314 0.000431073 3
0.35059 0.00042214 2
0.350865 0.000412911 2
0.351141 0.000403511 2
0.351417 0.000393758 2
0.351692 0.000383704 2
0.351968 0.000373496 2
0.352244 0.000363086 2
0.352519 0.000352489 2
0.352795 0.000341724 2
0.35307 0.000330806 2
0.353346 0.000319756 2
0.353622 0.000308679 2
0.353897 0.000297356 2
0.354173 0.000286026 2
0.354448 0.000274647 2
0.354724 0.000263297 2
0.355 0.000251883 2
0.355275 0.000240449 2
0.355551 0.000229101 2
0.355827 0.000217881 2
0.356102 0.000206641 2
0.356378 0.000195558 2
0.356653 0.00018461 2
0.356929 0.000173817 2
0.357205 0.00016321 2
0.35748 0.000152802 2
0.357756 0.000142616 2
0.358032 0.000132664 2
0.358307 0.000122963 2
0.358583 0.000113579 2
0.358858 0.000104443 2
0.359134 9.56529e-05 2
0.35941 8.72019e-05 1
0.359685 7.91102e-05 2
0.359961 7.14059e-05 1
0.360237 6.40586e-05 2
0.360512 5.7122e-05 1
0.360788 5.05973e-05 1
0.361063 4.44945e-05 1
0.361339 3.8833e-05 1
0.361615 3.35938e-05 1
0.36189 2.88074e-05 1
0.362166 2.44731e-05 1
0.362441 2.05956e-05 1
0.362717 1.71786e-05 1
0.362993 1.4225e-05 1
0.363268 1.17349e-05 1
0.363544 9.71164e-06 1
0.36382 8.1552e-06 1
0.364095 7.06547e-06 1
0.364371 6.44147e-06 1
0.364646 6.28179e-06 1
0.364922 6.58403e-06 1
0.365198 7.34617e-06 1
0.365473 8.56478e-06 1
0.365749 1.02368e-05 1
0.366025 1.23585e-05 1
0.3663 1.4926e-05 1
0.366576 1.79348e-05 1
0.366851 2.13806e-05 1
0.367127 2.52276e-05 1
0.367403 2.94991e-05 1
0.367678 3.41937e-05 1
0.367954 3.92958e-05 1
0.36823 4.48001e-05 1
0.368505 5.06984e-05 2
0.368781 5.6985e-05 1
0.369056 6.36472e-05 2
0.369332 7.06801e-05 1
0.369608 7.80697e-05 2
0.369883 8.58109e-05 1
0.370159 9.38869e-05 2
0.370434 0.00010232 1
0.37071 0.000111063 2
0.370986 0.000120111 1
0.371261 0.000129442 2
0.371537 0.000139047 1
0.371813 0.000148902 2
0.372088 0.000158998 1
0.372364 0.000169307 2
0.372639 0.00017982 1
0.372915 0.000190507 2
0.373191 0.000201362 1
0.373466 0.000212351 2
0.373742 0.000223463 1
0.374018 0.000234665 2
0.374293 0.000245948 1
0.374569 0.000257276 3
0.374844 0.000268634 3
0.37512 0.00028 3
0.375396 0.000291346 3
0.375671 0.000302651 3
0.375947 0.000313889 3
0.376223 0.00032504 3
0.376498 0.000336077 3
0.376774 0.00034698 3
0.377049 0.000357724 3
0.377325 0.000368289 3
0.377601 0.000378652 3
0.377876 0.000388793 3
0.378152 0.00039869 3
0.378427 0.000408325 3
0.378703 0.00041768 3
0.378979 0.000426786 3
0.379254 0.000435447 3
0.37953 0.000443849 3
0.379806 0.000451898 3
0.380081 0.000459589 3
0.380357 0.000466908 3
0.380632 0.000473851 3
0.380908 0.000480407 3
0.381184 0.000486573 3
0.381459 0.000492336 3
0.381735 0.000497689 3
0.382011 0.00050262 3
0.382286 0.000507125 3
0.382562 0.000511193 3
0.382837 0.000514833 3
0.383113 0.000518054 3
0.383389 0.000520829 3
0.383664 0.000523148 3
0.38394 0.000525011 3
0.384216 0.000526411 3
0.384491 0.000527352 3
0.384767 0.000527829 3
0.385042 0.000527848 3
0.385318 0.000527402 3
0.385594 0.000526502 3
0.385869 0.000525142 3
0.386145 0.000523332 3
0.386421 0.000521064 3
0.386696 0.000518363 3
0.386972 0.000515204 3
0.387247 0.000511597 3
0.387523 0.000507541 3
0.387799 0.00050305 3
0.388074 0.000498121 3
0.38835 0.00049277 3
0.388625 0.000486996 3
0.388901 0.000480815 3
0.389177 0.000474225 3
0.389452 0.000467247 3
0.389728 0.000459887 3
0.390004 0.000452165 2
0.390279 0.00044409 2
0.390555 0.000435678 2
0.39083 0.000426938 2
0.391106 0.000417892 2
0.391382 0.00040853 2
0.391657 0.000398892 2
0.391933 0.000388999 3
0.392209 0.000378875 3
0.392484 0.000368537 3
0.39276 0.000358006 2
0.393035 0.000347387 3
0.393311 0.000336469 3
0.393587 0.000325478 3
0.393862 0.000314471 3
0.394138 0.000303223 3
0.394414 0.000291973 3
0.394689 0.000280755 3
0.394965 0.000269404 3
0.39524 0.000258112 3
0.395516 0.000246856 3
0.395792 0.000235658 3
0.396067 0.000224541 2
0.396343 0.000213526 2
0.396618 0.000202633 2
0.396894 0.000191883 2
0.39717 0.000181347 2
0.397445 0.000170905 2
0.397721 0.000160698 2
0.397997 0.000150706 2
0.398272 0.000140947 2
0.398548 0.000131438 2
0.398823 0.000122195 2
0.399099 0.000113231 2
0.399375 0.000104561 2
0.39965 9.61977e-05 2
0.399926 8.81769e-05 2
0.400202 8.04456e-05 1
0.400477 7.30739e-05 2
0.400753 6.60503e-05 1
0.401028 5.93908e-05 2
0.401304 5.30982e-05 1
0.40158 4.71711e-05 2
0.401855 4.16498e-05 1
0.402131 3.64966e-05 2
0.402407 3.17547e-05 1
0.402682 2.74228e-05 2
0.402958 2.3501e-05 1
0.403233 1.99986e-05 1
0.403509 1.69193e-05 1
0.403785 1.4268e-05 1
0.40406 1.20492e-05 1
0.404336 1.02668e-05 1
0.404611 8.92483e-06 1
0.404887 8.02649e-06 1
0.405163 7.57491e-06 1
0.405438 7.57369e-06 1
0.405714 8.02366e-06 1
0.40599 8.92618e-06 1
0.406265 1.02822e-05 1
0.406541 1.20922e-05 1
0.406816 1.43559e-05 1
0.407092 1.70723e-05 1
0.407368 2.02399e-05 1
0.407643 2.38568e-05 1
0.407919 2.79202e-05 1
0.408195 3.24266e-05 1
0.40847 3.73715e-05 1
0.408746 4.27498e-05 1
0.409021 4.85555e-05 1
0.409297 5.47811e-05 1
0.409573 6.14182e-05 1
0.409848 6.84569e-05 1
0.410124 7.58863e-05 1
0.4104 8.36921e-05 2
0.410675 9.18659e-05 1
0.410951 0.000100386 2
0.411226 0.000109243 1
0.411502 0.000118412 2
0.411778 0.000127874 1
0.412053 0.000137609 2
0.412329 0.000147604 1
0.412604 0.000157845 2
0.41288 0.000168301 1
0.413156 0.000178936 2
0.413431 0.000189738 1
0.413707 0.000200674 2
0.413983 0.000211727 1
0.414258 0.000222859 2
0.414534 0.000234059 1
0.414809 0.000245288 3
0.415085 0.000256531 3
0.415361 0.000267761 3
0.415636 0.000278954 3
0.415912 0.000290086 3
0.416188 0.000301137 3
0.416463 0.000312083 3
0.416739 0.000322906 3
0.417014 0.000333583 3
0.41729 0.000344099 3
0.417566 0.000354432 3
0.417841 0.000364568 3
0.418117 0.000374487 3
0.418393 0.00038418 3
0.418668 0.000393626 3
0.418944 0.000402817 3
0.419219 0.000411771 3
0.419495 0.000420437 3
0.419771 0.000428802 3
0.420046 0.000436859 3
0.420322 0.000444596 3
0.420597 0.000452013 3
0.420873 0.000459099 3
0.421149 0.000465852 3
0.421424 0.000472252 3
0.4217 0.000478304 3
0.421976 0.000483992 3
0.422251 0.000489311 3
0.422527 0.00049425 3
0.422802 0.000498804 3
0.423078 0.000503083 3
0.423354 0.000506748 3
0.423629 0.00051009 3
0.423905 0.000513022 3
0.424181 0.000515531 3
0.424456 0.000517621 3
0.424732 0.000519278 3
0.425007 0.000520506 3
0.425283 0.000521292 3
0.425559 0.000521638 3
0.425834 0.000521521 3
0.42611 0.000520952 3
0.426386 0.00051992 3
0.426661 0.000518423 3
0.426937 0.000516446 3
0.427212 0.000514002 3
0.427488 0.000511085 3
0.427764 0.000507702 3
0.428039 0.00050385 3
0.428315 0.00049954 3
0.428591 0.000494771 3
0.428866 0.000489554 3
0.429142 0.000483893 3
0.429417 0.0004778 3
0.429693 0.000471284 3
0.429969 0.00046436 3
0.430244 0.000457039 3
0.43052 0.00044934 3
0.430795 0.000441274 3
0.431071 0.000432865 3
0.431347 0.000424193 3
0.431622 0.000415215 2
0.431898 0.000406029 2
0.432174 0.00039647 2
0.432449 0.000386653 2
0.432725 0.000376606 2
0.433 0.000366348 2
0.433276 0.000355847 2
0.433552 0.000345241 2
0.433827 0.000334494 2
0.434103 0.000323624 2
0.434379 0.000312657 2
0.434654 0.000301613 3
0.43493 0.000290602 3
0.435205 0.000279475 3
0.435481 0.000268344 3
0.435757 0.00025723 3
0.436032 0.000246153 2
0.436308 0.000235137 2
0.436584 0.000224205 2
0.436859 0.000213375 2
0.437135 0.000202667 2
0.43741 0.000192095 2
0.437686 0.00018168 2
0.437962 0.000171437 2
0.438237 0.000161385 2
0.438513 0.000151538 2
0.438788 0.000141912 1
0.439064 0.000132559 2
0.43934 0.000123382 1
0.439615 0.000114477 2
0.439891 0.000105848 1
0.440167 9.75117e-05 2
0.440442 8.94753e-05 1
0.440718 8.17555e-05 2
0.440993 7.4358e-05 1
0.441269 6.72963e-05 1
0.441545 6.05796e-05 1
0.44182 5.42167e-05 1
0.442096 4.82164e-05 1
0.442372 4.25871e-05 1
0.442647 3.73368e-05 1
0.442923 3.24789e-05 1
0.443198 2.80142e-05 1
0.443474 2.39435e-05 1
0.44375 2.02842e-05 1
0.444025 1.70448e-05 1
0.444301 1.42332e-05 1
0.444577 1.18412e-05 1
0.444852 9.89117e-06 1
0.445128 8.39e-06 1
0.445403 7.34386e-06 1
0.445679 6.76725e-06 1
0.445955 6.65698e-06 1
0.44623 7.01749e-06 1
0.446506 7.85194e-06 1
0.446781 9.16176e-06 1
0.447057 1.09454e-05 1
0.447333 1.32025e-05 1
0.447608 1.59317e-05 1
0.447884 1.91304e-05 1
0.44816 2.27952e-05 1
0.448435 2.69219e-05 1
0.448711 3.15067e-05 1
0.448986 3.65403e-05 1
0.449262 4.20145e-05 1
0.449538 4.7912e-05 1
0.449813 5.42341e-05 1
0.450089 6.09625e-05 1
0.450365 6.80958e-05 1
0.45064 7.56077e-05 1
0.450916 8.35042e-05 1
0.451191 9.17049e-05 2
0.451467 0.000100253 1
0.451743 0.000109103 2
0.452018 0.000118243 1
0.452294 0.000127643 2
0.45257 0.00013729 1
0.452845 0.00014715 2
0.453121 0.000157211 1
0.453396 0.000167441 2
0.453672 0.000177826 1
0.453948 0.000188341 2
0.454223 0.000198968 1
0.454499 0.000209674 2
0.454774 0.000220451 1
0.45505 0.000231264 2
0.455326 0.000242103 3
0.455601 0.000252946 3
0.455877 0.000263772 3
0.456153 0.000274562 3
0.456428 0.000285298 3
0.456704 0.000295962 3
0.456979 0.000306536 3
0.457255 0.000317005 3
0.457531 0.000327353 3
0.457806 0.000337566 3
0.458082 0.000347628 3
0.458358 0.000357528 3
0.458633 0.000367254 3
0.458909 0.000376793 3
0.459184 0.000386133 3
0.45946 0.000395262 3
0.459736 0.000404166 3
0.460011 0.000412837 3
0.460287 0.000421263 3
0.460563 0.000429432 3
0.460838 0.000437328 3
0.461114 0.00044494 3
0.461389 0.00045225 3
0.461665 0.00045925 3
0.461941 0.000465922 3
0.462216 0.000472259 3
0.462492 0.000478238 3
0.462767 0.000483847 3
0.463043 0.000489069 3
0.463319 0.000493894 3
0.463594 0.000498346 3
0.46387 0.000502377 3
0.464146 0.000505972 3
0.464421 0.000509126 3
0.464697 0.000511826 3
0.464972 0.000514065 3
0.465248 0.000515833 3
0.465524 0.000517123 3
0.465799 0.000517924 3
0.466075 0.000518234 3
0.466351 0.000518061 3
0.466626 0.000517388 3
0.466902 0.000516225 3
0.467177 0.000514556 3
0.467453 0.000512374 3
0.467729 0.000509688 3
0.468004 0.000506496 3
0.46828 0.000502815 3
0.468556 0.000498645 3
0.468831 0.000494008 3
0.469107 0.000488908 3
0.469382 0.000483368 3
0.469658 0.000477396 3
0.469934 0.000471016 3
0.470209 0.000464239 3
0.470485 0.000457092 3
0.470761 0.000449591 3
0.471036 0.000441759 2
0.471312 0.000433605 2
0.471587 0.000425156 2
0.471863 0.000416425 2
0.472139 0.00040744 2
0.472414 0.000398309 2
0.47269 0.00038885 2
0.472965 0.0003792 2
0.473241 0.000369381 2
0.473517 0.000359412 2
0.473792 0.000349315 2
0.474068 0.000339106 3
0.474344 0.000328807 3
0.474619 0.000318436 2
0.474895 0.000308012 2
0.47517 0.00029755 2
0.475446 0.000287081 2
0.475722 0.000276542 2
0.475997 0.000266066 2
0.476273 0.000255613 2
0.476549 0.000245196 2
0.476824 0.00023483 2
0.4771 0.0002246 2
0.477375 0.000214324 2
0.477651 0.000204185 2
0.477927 0.000194143 1
0.478202 0.00018422 2
0.478478 0.00017442 1
0.478754 0.000164762 2
0.479029 0.000155246 1
0.479305 0.000145898 2
0.47958 0.000136772 1
0.479856 0.00012778 2
0.480132 0.000118992 1
0.480407 0.000110409 2
0.480683 0.000102072 1
0.480958 9.39813e-05 2
0.481234 8.61458e-05 1
0.48151 7.8572e-05 2
0.481785 7.12837e-05 1
0.482061 6.42986e-05 1
0.482337 5.76569e-05 1
0.482612 5.13053e-05 1
0.482888 4.53183e-05 1
0.483163 3.9696e-05 1
0.483439 3.44547e-05 1
0.483715 2.96104e-05 1
0.48399 2.51792e-05 1
0.484266 2.11765e-05 1
0.484542 1.76169e-05 1
0.484817 1.45139e-05 1
0.485093 1.18796e-05 1
0.485368 9.72467e-06 1
0.485644 8.05844e-06 1
0.48592 6.88845e-06 1
0.486195 6.22075e-06 1
0.486471 6.05954e-06 1
0.486747 6.4079e-06 1
0.487022 7.26705e-06 1
0.487298 8.63699e-06 1
0.487573 1.05166e-05 1
0.487849 1.29025e-05 1
0.488125 1.57905e-05 1
0.4884 1.91747e-05 1
0.488676 2.30471e-05 1
0.488951 2.73982e-05 1
0.489227 3.22162e-05 1
0.489503 3.74879e-05 1
0.489778 4.31976e-05 1
0.490054 4.93287e-05 1
0.49033 5.58624e-05 1
0.490605 6.27793e-05 1
0.490881 7.0058e-05 1
0.491156 7.76776e-05 1
0.491432 8.56153e-05 1
0.491708 9.38542e-05 1
0.491983 0.000102362 1
0.492259 0.00011112 1
0.492535 0.000120107 1
0.49281 0.000129301 2
0.493086 0.000138685 1
0.493361 0.000148235 2
0.493637 0.000157938 1
0.493913 0.00016771 2
0.494188 0.000177612 1
0.494464 0.000187603 2
0.49474 0.000197674 1
0.495015 0.000207805 2
0.495291 0.000218022 1
0.495566 0.000228272 2
0.495842 0.000238551 1
0.496118 0.000248838 2
0.496393 0.000259128 1
0.496669 0.000269398 2
0.496944 0.000279643 1
0.49722 0.000289841 2
0.497496 0.000299991 1
0.497771 0.000310073 2
0.498047 0.000320084 3
0.498323 0.000330017 3
0.498598 0.00033986 3
0.498874 0.000349604 3
0.499149 0.000359239 3
0.499425 0.00036875 3
0.499701 0.00037812 3
0.499976 0.000387336 3
0.500252 0.00039638 3
0.500528 0.00040523 3
0.500803 0.000413871 3
0.501079 0.000422288 3
0.501354 0.000430457 3
0.50163 0.000438364 3
0.501906 0.000445978 3
0.502181 0.000453283 3
0.502457 0.000460308 3
0.502733 0.000466856 3
0.503008 0.0004731 3
0.503284 0.000478963 3
0.503559 0.000484427 3
0.503835 0.000489549 3
0.504111 0.000494088 3
0.504386 0.000498265 3
0.504662 0.000501981 3
0.504937 0.000505228 3
0.505213 0.000507989 3
0.505489 0.00051038 3
0.505764 0.000512041 3
0.50604 0.000513407 3
0.506316 0.000514132 3
0.506591 0.000514281 3
0.506867 0.000513966 3
0.507142 0.000513136 3
0.507418 0.000511796 3
0.507694 0.000509953 3
0.507969 0.000507606 3
0.508245 0.000504772 3
0.508521 0.000501453 3
0.508796 0.000497669 3
0.509072 0.000493426 3
0.509347 0.000488744 3
0.509623 0.000483632 3
0.509899 0.00047811 3
0.510174 0.000472189 3
0.51045 0.000465892 3
0.510726 0.000459223 3
0.511001 0.000452218 3
0.511277 0.000444883 3
0.511552 0.000437244 3
0.511828 0.000429314 3
0.512104 0.000421123 2
0.512379 0.000412682 2
0.512655 0.000404016 2
0.51293 0.000395133 2
0.513206 0.000386053 2
0.513482 0.000376886 2
0.513757 0.000367399 2
0.514033 0.000357819 2
0.514309 0.000348095 2
0.514584 0.000338237 2
0.51486 0.000328266 2
0.515135 0.000318284 2
0.515411 0.000308122 3
0.515687 0.000297882 3
0.515962 0.000287577 3
0.516238 0.000277215 3
0.516514 0.000266814 3
0.516789 0.000256386 3
0.517065 0.000245942 3
0.51734 0.000235505 3
0.517616 0.000225091 3
0.517892 0.000214774 3
0.518167 0.00020441 3
0.518443 0.000194154 3
0.518719 0.000183982 1
0.518994 0.000173915 2
0.51927 0.000163961 1
0.519545 0.000154147 2
0.519821 0.000144483 1
0.520097 0.000134996 2
0.520372 0.000125698 1
0.520648 0.000116615 2
0.520924 0.00010776 1
0.521199 9.91864e-05 2
0.521475 9.08351e-05 1
0.52175 8.27955e-05 2
0.522026 7.50637e-05 1
0.522302 6.76624e-05 1
0.522577 6.06096e-05 1
0.522853 5.39233e-05 1
0.523128 4.76351e-05 1
0.523404 4.17259e-05 1
0.52368 3.62421e-05 1
0.523955 3.11907e-05 1
0.524231 2.65826e-05 1
0.524507 2.24292e-05 1
0.524782 1.87446e-05 1
0.525058 1.55382e-05 1
0.525333 1.28176e-05 1
0.525609 1.05888e-05 1
0.525885 8.85624e-06 1
0.52616 7.62285e-06 1
0.526436 6.88957e-06 1
0.526712 6.65625e-06 1
0.526987 6.92064e-06 1
0.527263 7.67942e-06 1
0.527538 8.9327e-06 1
0.527814 1.0672e-05 1
0.52809 1.28866e-05 1
0.528365 1.55711e-05 1
0.528641 1.86975e-05 1
0.528917 2.22666e-05 1
0.529192 2.62617e-05 1
0.529468 3.06681e-05 1
0.529743 3.54706e-05 1
0.530019 4.06545e-05 1
0.530295 4.62045e-05 1
0.53057 5.21056e-05 1
0.530846 5.83423e-05 1
0.531121 6.48989e-05 1
0.531397 7.17595e-05 1
0.531673 7.89084e-05 1
0.531948 8.63298e-05 1
0.532224 9.40086e-05 1
0.5325 0.00010193 1
0.532775 0.000110081 1
0.533051 0.000118447 1
0.533326 0.000127016 1
0.533602 0.000135777 1
0.533878 0.000144715 2
0.534153 0.000153842 1
0.534429 0.000163123 2
0.534705 0.00017256 1
0.53498 0.000182132 2
0.535256 0.000191842 1
0.535531 0.000201665 2
0.535807 0.0002116 2
0.536083 0.000221636 3
0.536358 0.000231761 3
0.536634 0.000241966 3
0.53691 0.00025224 2
0.537185 0.00026257 3
0.537461 0.000272945 2
0.537736 0.000283351 3
0.538012 0.000293771 3
0.538288 0.000304191 3
0.538563 0.00031459 3
0.538839 0.000324945 3
0.539114 0.000335238 3
0.53939 0.00034545 3
0.539666 0.000355557 3
0.539941 0.000365536 3
0.540217 0.000375357 3
0.540493 0.000384995 3
0.540768 0.000394422 3
0.541044 0.000403615 3
0.541319 0.000412543 3
0.541595 0.000421187 3
0.541871 0.000429517 3
0.542146 0.000437588 3
0.542422 0.000445231 3
0.542698 0.0004525 3
0.542973 0.000459372 3
0.543249 0.000465829 3
0.543524 0.000471851 3
0.5438 0.000477425 3
0.544076 0.000482531 3
0.544351 0.000487158 3
0.544627 0.000491294 3
0.544903 0.000494936 3
0.545178 0.000498075 3
0.545454 0.000500713 3
0.545729 0.000502844 3
0.546005 0.000504474 3
0.546281 0.000505606 3
0.546556 0.000506241 3
0.546832 0.000506377 3
0.547107 0.000506025 3
0.547383 0.000505206 3
0.547659 0.00050392 3
0.547934 0.000502177 3
0.54821 0.000499999 3
0.548486 0.000497397 3
0.548761 0.000494391 3
0.549037 0.0004909 3
0.549312 0.000487127 3
0.549588 0.000482987 3
0.549864 0.000478484 3
0.550139 0.000473611 3
0.550415 0.000468413 3
0.550691 0.0004629 3
0.550966 0.000457088 3
0.551242 0.00045099 3
0.551517 0.00044462 3
0.551793 0.000437984 3
0.552069 0.000431093 3
0.552344 0.000423952 3
0.55262 0.000416686 3
0.552896 0.000409072 3
0.553171 0.000401235 3
0.553447 0.000393193 2
0.553722 0.000384939 2
0.553998 0.000376469 2
0.554274 0.000367806 2
0.554549 0.000358953 2
0.554825 0.000349918 2
0.5551 0.000340706 2
0.555376 0.000331414 2
0.555652 0.000321871 2
0.555927 0.000312179 2
0.556203 0.000302343 2
0.556479 0.000292376 2
0.556754 0.000282287 2
0.55703 0.00027209 2
0.557305 0.000261799 2
0.557581 0.000251429 2
0.557857 0.000240998 2
0.558132 0.000230526 2
0.558408 0.000220033 2
0.558684 0.00020954 2
0.558959 0.000199118 2
0.559235 0.000188655 2
0.55951 0.000178297 2
0.559786 0.000168029 2
0.560062 0.000157879 2
0.560337 0.000147871 2
0.560613 0.00013803 2
0.560889 0.000128392 2
0.561164 0.000118971 2
0.56144 0.000109793 2
0.561715 0.000100891 2
0.561991 9.23173e-05 2
0.562267 8.40318e-05 2
0.562542 7.61188e-05 2
0.562818 6.85827e-05 1
0.563094 6.14504e-05 2
0.563369 5.47363e-05 1
0.563645 4.84638e-05 2
0.56392 4.26435e-05 1
0.564196 3.72929e-05 1
0.564472 3.24221e-05 1
0.564747 2.80471e-05 1
0.565023 2.41598e-05 1
0.565298 2.07701e-05 1
0.565574 1.78863e-05 1
0.56585 1.5505e-05 1
0.566125 1.3624e-05 1
0.566401 1.22395e-05 1
0.566677 1.1346e-05 1
0.566952 1.09362e-05 1
0.567228 1.1001e-05 1
0.567503 1.15301e-05 1
0.567779 1.25117e-05 1
0.568055 1.3933e-05 1
0.56833 1.57801e-05 1
0.568606 1.8038e-05 1
0.568882 2.06908e-05 1
0.569157 2.37258e-05 1
0.569433 2.71277e-05 1
0.569708 3.08826e-05 1
0.569984 3.49783e-05 1
0.57026 3.9401e-05 2
0.570535 4.41426e-05 1
0.570811 4.91984e-05 2
0.571087 5.45548e-05 1
0.571362 6.02001e-05 2
0.571638 6.6133e-05 1
0.571913 7.22894e-05 2
0.572189 7.87185e-05 1
0.572465 8.54089e-05 2
0.57274 9.23636e-05 1
0.573016 9.95717e-05 2
0.573291 0.000107038 1
0.573567 0.00011475 2
0.573843 0.000122712 1
0.574118 0.000130909 2
0.574394 0.000139345 1
0.57467 0.000148005 2
0.574945 0.000156893 1
0.575221 0.000165992 2
0.575496 0.000175336 1
0.575772 0.000184872 2
0.576048 0.000194603 1
0.576323 0.000204505 3
0.576599 0.000214581 1
0.576875 0.000224801 3
0.57715 0.000235164 1
0.577426 0.000245636 3
0.577701 0.000256212 1
0.577977 0.000266855 3
0.578253 0.000277513 3
0.578528 0.000288237 3
0.578804 0.000298963 3
0.57908 0.000309662 3
0.579355 0.000320309 3
0.579631 0.000330872 3
0.579906 0.000341326 3
0.580182 0.000351637 3
0.580458 0.000361777 3
0.580733 0.000371714 3
0.581009 0.000381424 3
0.581284 0.000390876 3
0.58156 0.00040004 3
0.581836 0.000408892 3
0.582111 0.000417412 3
0.582387 0.000425573 3
0.582663 0.000433361 3
0.582938 0.000440684 3
0.583214 0.000447602 3
0.583489 0.000454084 3
0.583765 0.000460119 3
0.584041 0.000465701 3
0.584316 0.000470832 3
0.584592 0.000475505 3
0.584868 0.00047972 3
0.585143 0.000483469 3
0.585419 0.000486758 3
0.585694 0.00048959 3
0.58597 0.000491974 3
0.586246 0.000493913 3
0.586521 0.000495418 3
0.586797 0.00049649 3
0.587073 0.000497136 3
0.587348 0.000497356 3
0.587624 0.000497159 3
0.587899 0.000496548 3
0.588175 0.000495514 3
0.588451 0.000494088 3
0.588726 0.000492285 3
0.589002 0.000490106 3
0.589277 0.000487564 3
0.589553 0.000484659 3
0.589829 0.000481402 3
0.590104 0.000477794 3
0.59038 0.000473844 3
0.590656 0.000469555 3
0.590931 0.000464964 3
0.591207 0.000460051 3
0.591482 0.00045482 3
0.591758 0.00044926 3
0.592034 0.000443389 3
0.592309 0.000437198 3
0.592585 0.000430699 3
0.592861 0.000423887 3
0.593136 0.000416777 3
0.593412 0.000409367 2
0.593687 0.000401665 2
0.593963 0.000393667 2
0.594239 0.000385366 2
0.594514 0.000376776 2
0.59479 0.000367911 2
0.595066 0.000358858 2
0.595341 0.000349443 2
0.595617 0.000339789 2
0.595892 0.000329917 2
0.596168 0.000319843 3
0.596444 0.000309589 3
0.596719 0.000299171 3
0.596995 0.000288614 3
0.59727 0.000277937 3
0.597546 0.000267165 3
0.597822 0.000256324 3
0.598097 0.000245436 3
0.598373 0.000234534 3
0.598649 0.000223648 3
0.598924 0.000212807 3
0.5992 0.000202008 3
0.599475 0.000191347 3
0.599751 0.000180819 2
0.600027 0.000170448 1
0.600302 0.000160271 2
0.600578 0.000150304 1
0.600854 0.000140582 2
0.601129 0.000131158 1
0.601405 0.000121965 2
0.60168 0.000113106 1
0.601956 0.000104585 2
0.602232 9.64297e-05 1
0.602507 8.86236e-05 2
0.602783 8.11918e-05 1
0.603059 7.41541e-05 2
0.603334 6.75347e-05 1
0.60361 6.12791e-05 2
0.603885 5.54478e-05 1
0.604161 5.00342e-05 2
0.604437 4.50335e-05 1
0.604712 4.04555e-05 2
0.604988 3.62945e-05 1
0.605264 3.2557e-05 2
0.605539 2.9236e-05 1
0.605815 2.63344e-05 2
0.60609 2.38562e-05 1
0.606366 2.17726e-05 1
0.606642 2.00981e-05 1
0.606917 1.88262e-05 1
0.607193 1.79414e-05 1
0.607468 1.74382e-05 1
0.607744 1.7303e-05 1
0.60802 1.75342e-05 1
0.608295 1.81233e-05 1
0.608571 1.9063e-05 1
0.608847 2.03479e-05 1
0.609122 2.19742e-05 1
0.609398 2.39374e-05 1
0.609673 2.62348e-05 1
0.609949 2.88642e-05 1
0.610225 3.18256e-05 1
0.6105 3.5119e-05 1
0.610776 3.87455e-05 1
0.611052 4.27067e-05 1
0.611327 4.70046e-05 1
0.611603 5.16412e-05 1
0.611878 5.66187e-05 1
0.612154 6.19378e-05 1
0.61243 6.75991e-05 1
0.612705 7.36027e-05 1
0.612981 7.99478e-05 1
0.613257 8.66346e-05 1
0.613532 9.36617e-05 1
0.613808 0.000101028 1
0.614083 0.000108751 1
0.614359 0.000116808 2
0.614635 0.000125202 1
0.61491 0.000133921 2
0.615186 0.000142939 1
0.615461 0.000152275 2
0.615737 0.000161908 1
0.616013 0.000171809 2
0.616288 0.000181976 1
0.616564 0.000192367 2
0.61684 0.000202967 1
0.617115 0.000213736 2
0.617391 0.000224654 1
0.617666 0.000235676 2
0.617942 0.000246778 1
0.618218 0.000257911 3
0.618493 0.000269049 3
0.618769 0.000280153 3
0.619045 0.000291183 3
0.61932 0.000302109 3
0.619596 0.000312894 3
0.619871 0.000323509 3
0.620147 0.000333921 3
0.620423 0.000344106 3
0.620698 0.000354033 3
0.620974 0.000363678 3
0.62125 0.000373091 3
0.621525 0.000382181 3
0.621801 0.000390917 3
0.622076 0.000399281 3
0.622352 0.000407257 3
0.622628 0.000414841 3
0.622903 0.000422025 3
0.623179 0.000428811 3
0.623454 0.000435194 3
0.62373 0.000441173 3
0.624006 0.000446733 3
0.624281 0.000451892 3
0.624557 0.000456649 3
0.624833 0.000461014 3
0.625108 0.000464983 3
0.625384 0.000468574 3
0.625659 0.000471789 3
0.625935 0.000474648 3
0.626211 0.000477156 3
0.626486 0.000479335 3
0.626762 0.000481185 3
0.627038 0.000482724 3
0.627313 0.00048395 3
0.627589 0.000484873 3
0.627864 0.000485486 3
0.62814 0.000485795 3
0.628416 0.00048579 3
0.628691 0.000485471 3
0.628967 0.000484831 3
0.629243 0.000483874 3
0.629518 0.000482591 3
0.629794 0.000480984 3
0.630069 0.000479044 3
0.630345 0.000476768 3
0.630621 0.000474142 3
0.630896 0.000471163 3
0.631172 0.00046778 3
0.631447 0.000464025 3
0.631723 0.000459883 3
0.631999 0.000455351 3
0.632274 0.000450418 3
0.63255 0.000445083 3
0.632826 0.000439337 3
0.633101 0.000433187 3
0.633377 0.000426626 3
0.633652 0.000419662 3
0.633928 0.000412296 3
0.634204 0.000404622 3
0.634479 0.000396577 3
0.634755 0.000388174 3
0.635031 0.000379419 3
0.635306 0.00037034 3
0.635582 0.000360954 3
0.635857 0.000351288 3
0.636133 0.000341362 3
0.636409 0.000331203 3
0.636684 0.000320833 3
0.63696 0.000310279 2
0.637236 0.000299565 2
0.637511 0.000288721 2
0.637787 0.000277773 2
0.638062 0.000266756 2
0.638338 0.000255701 2
0.638614 0.000244644 2
0.638889 0.00023362 2
0.639165 0.000222666 2
0.63944 0.000211807 2
0.639716 0.000201084 1
0.639992 0.000190533 2
0.640267 0.000180175 1
0.640543 0.000170046 2
0.640819 0.000160164 1
0.641094 0.000150556 2
0.64137 0.000141231 1
0.641645 0.000132219 2
0.641921 0.000123528 1
0.642197 0.000115204 1
0.642472 0.000107196 1
0.642748 9.95437e-05 1
0.643024 9.22499e-05 1
0.643299 8.53206e-05 1
0.643575 7.87601e-05 1
0.64385 7.25705e-05 1
0.644126 6.67534e-05 1
0.644402 6.13081e-05 1
0.644677 5.6233e-05 1
0.644953 5.15245e-05 1
0.645229 4.71772e-05 1
0.645504 4.31844e-05 1
0.64578 3.95378e-05 1
0.646055 3.6229e-05 1
0.646331 3.32486e-05 1
0.646607 3.05882e-05 1
0.646882 2.82401e-05 1
0.647158 2.6199e-05 1
0.647433 2.44611e-05 1
0.647709 2.3025e-05 1
0.647985 2.18999e-05 1
0.64826 2.10821e-05 1
0.648536 2.05429e-05 1
0.648812 2.03241e-05 1
0.649087 2.04413e-05 1
0.649363 2.08995e-05 1
0.649638 2.17106e-05 1
0.649914 2.28862e-05 1
0.65019 2.44401e-05 1
0.650465 2.63832e-05 1
0.650741 2.87236e-05 1
0.651017 3.14702e-05 1
0.651292 3.46295e-05 1
0.651568 3.82085e-05 1
0.651843 4.22127e-05 1
0.652119 4.66473e-05 1
0.652395 5.15161e-05 1
0.65267 5.6822e-05 1
0.652946 6.25661e-05 1
0.653222 6.8748e-05 1
0.653497 7.53652e-05 1
0.653773 8.24133e-05 1
0.654048 8.9885e-05 1
0.654324 9.77709e-05 1
0.6546 0.00010604 1
0.654875 0.000114721 1
0.655151 0.000123765 1
0.655427 0.000133146 1
0.655702 0.000142837 1
0.655978 0.000152808 1
0.656253 0.000163026 1
0.656529 0.000173454 1
0.656805 0.00018406 1
0.65708 0.000194806 1
0.657356 0.000205699 2
0.657631 0.000216583 1
0.657907 0.000227531 2
0.658183 0.000238482 3
0.658458 0.000249399 3
0.658734 0.00026025 3
0.65901 0.000271005 3
0.659285 0.000281635 3
0.659561 0.000292111 3
0.659836 0.000302408 3
0.660112 0.0003125 3
0.660388 0.000322365 3
0.660663 0.000331978 3
0.660939 0.000341321 3
0.661215 0.000350378 3
0.66149 0.000359138 3
0.661766 0.000367589 3
0.662041 0.000375728 3
0.662317 0.000383496 3
0.662593 0.000390967 3
0.662868 0.000398127 3
0.663144 0.000404978 3
0.66342 0.000411521 3
0.663695 0.000417772 3
0.663971 0.000423743 3
0.664246 0.000429452 3
0.664522 0.000434901 3
0.664798 0.000440103 3
0.665073 0.00044506 3
0.665349 0.000449777 3
0.665624 0.000454249 3
0.6659 0.000458476 3
0.666176 0.000462446 3
0.666451 0.000466081 3
0.666727 0.000469507 3
0.667003 0.000472645 3
0.667278 0.000475479 3
0.667554 0.000478006 3
0.667829 0.000480212 3
0.668105 0.000482091 3
0.668381 0.000483629 3
0.668656 0.000484822 3
0.668932 0.00048565 3
0.669208 0.00048612 3
0.669483 0.000486203 3
0.669759 0.000485891 3
0.670034 0.000485159 3
0.67031 0.000483996 3
0.670586 0.000482376 3
0.670861 0.000480289 3
0.671137 0.00047773 3
0.671413 0.000474672 3
0.671688 0.000471094 3
0.671964 0.000466999 3
0.672239 0.000462375 3
0.672515 0.000457231 3
0.672791 0.000451567 3
0.673066 0.000445396 3
0.673342 0.000438731 3
0.673617 0.000431605 3
0.673893 0.000424038 2
0.674169 0.000416062 2
0.674444 0.00040769 2
0.67472 0.000398956 2
0.674996 0.000389881 2
0.675271 0.000380502 2
0.675547 0.000370795 2
0.675822 0.000360855 2
0.676098 0.000350711 2
0.676374 0.0003404 2
0.676649 0.000329949 3
0.676925 0.00031939 3
0.677201 0.000308757 3
0.677476 0.000298088 3
0.677752 0.000287415 3
0.678027 0.00027678 3
0.678303 0.000266214 3
0.678579 0.000255755 3
0.678854 0.000245431 3
0.67913 0.000235271 3
0.679406 0.000225294 3
0.679681 0.00021552 3
0.679957 0.000205961 3
0.680232 0.000196718 2
0.680508 0.000187608 1
0.680784 0.000178742 2
0.681059 0.000170105 1
0.681335 0.000161712 2
0.68161 0.000153546 1
0.681886 0.00014562 2
0.682162 0.000137952 1
0.682437 0.000130485 2
0.682713 0.00012324 1
0.682989 0.000116207 2
0.683264 0.000109417 1
0.68354 0.000102856 2
0.683815 9.65144e-05 1
0.684091 9.03977e-05 2
0.684367 8.44952e-05 1
0.684642 7.88109e-05 2
0.684918 7.33341e-05 1
0.685194 6.80668e-05 2
0.685469 6.30005e-05 1
0.685745 5.81457e-05 1
0.68602 5.34917e-05 1
0.686296 4.90466e-05 1
0.686572 4.48163e-05 1
0.686847 4.08105e-05 1
0.687123 3.70431e-05 1
0.687399 3.3531e-05 1
0.687674 3.02941e-05 1
0.68795 2.73573e-05 1
0.688225 2.47474e-05 1
0.688501 2.24809e-05 1
0.688777 2.05874e-05 1
0.689052 1.90901e-05 1
0.689328 1.80111e-05 1
0.689603 1.73704e-05 1
0.689879 1.71862e-05 1
0.690155 1.74744e-05 1
0.69043 1.82489e-05 1
0.690706 1.95225e-05 1
0.690982 2.13063e-05 1
0.691257 2.36098e-05 1
0.691533 2.64418e-05 1
0.691808 2.98104e-05 1
0.692084 3.37217e-05 1
0.69236 3.81799e-05 1
0.692635 4.31866e-05 1
0.692911 4.87401e-05 1
0.693187 5.48344e-05 1
0.693462 6.14503e-05 1
0.693738 6.85864e-05 1
0.694013 7.62416e-05 1
0.694289 8.43601e-05 1
0.694565 9.2907e-05 1
0.69484 0.000101844 1
0.695116 0.000111126 1
0.695392 0.000120713 2
0.695667 0.000130556 1
0.695943 0.000140601 2
0.696218 0.000150808 1
0.696494 0.000161129 2
0.69677 0.00017155 1
0.697045 0.000181963 2
0.697321 0.000192404 1
0.697597 0.000202813 2
0.697872 0.000213166 1
0.698148 0.000223432 2
0.698423 0.000233594 1
0.698699 0.000243625 2
0.698975 0.00025351 1
0.69925 0.000263226 2
0.699526 0.000272761 1
0.699801 0.000282032 2
0.700077 0.000291093 3
0.700353 0.000299932 3
0.700628 0.000308542 3
0.700904 0.000316925 3
0.70118 0.000325085 3
0.701455 0.000333032 3
0.701731 0.000340775 3
0.702006 0.00034834 3
0.702282 0.000355728 3
0.702558 0.000362984 3
0.702833 0.000370095 3
0.703109 0.000377076 3
0.703385 0.000383932 3
0.70366 0.000390675 3
0.703936 0.000397269 3
0.704211 0.000403753 3
0.704487 0.000410109 3
0.704763 0.000416322 3
0.705038 0.000422399 3
0.705314 0.000428343 3
0.70559 0.000434058 3
0.705865 0.000439692 3
0.706141 0.000445142 3
0.706416 0.000450397 3
0.706692 0.000455428 3
0.706968 0.000460223 3
0.707243 0.000464749 3
0.707519 0.000468987 3
0.707794 0.000472905 3
0.70807 0.000476483 3
0.708346 0.000479686 3
0.708621 0.000482493 3
0.708897 0.000484869 3
0.709173 0.000486793 3
0.709448 0.000488229 3
0.709724 0.000489125 3
0.709999 0.00048948 3
0.710275 0.000489276 3
0.710551 0.000488476 3
0.710826 0.000487079 3
0.711102 0.000485074 3
0.711378 0.000482464 3
0.711653 0.00047925 3
0.711929 0.000475446 3
0.712204 0.000471061 3
0.71248 0.000466119 3
0.712756 0.000460634 3
0.713031 0.000454635 3
0.713307 0.000448145 3
0.713583 0.000441193 3
0.713858 0.000433803 3
0.714134 0.000426022 3
0.714409 0.000417873 3
0.714685 0.000409393 3
0.714961 0.000400617 3
0.715236 0.000391587 2
0.715512 0.000382334 2
0.715787 0.000373063 2
0.716063 0.000363623 2
0.716339 0.000354026 2
0.716614 0.0003443 2
0.71689 0.000334486 2
0.717166 0.000324625 2
0.717441 0.000314758 2
0.717717 0.000304914 2
0.717992 0.000295117 2
0.718268 0.000285382 2
0.718544 0.000275728 2
0.718819 0.000266168 2
0.719095 0.00025672 2
0.719371 0.000247396 3
0.719646 0.000238212 3
0.719922 0.000229168 3
0.720197 0.000220269 3
0.720473 0.000211508 3
0.720749 0.000202924 3
0.721024 0.000194416 2
0.7213 0.000186008 3
0.721576 0.00017771 3
0.721851 0.000169517 3
0.722127 0.000161425 2
0.722402 0.000153433 2
0.722678 0.000145545 2
0.722954 0.000137764 2
0.723229 0.000130091 2
0.723505 0.000122531 2
0.72378 0.000115088 2
0.724056 0.000107764 2
0.724332 0.000100569 2
0.724607 9.35101e-05 2
0.724883 8.65976e-05 2
0.725159 7.98423e-05 2
0.725434 7.3258e-05 2
0.72571 6.68592e-05 1
0.725985 6.06796e-05 1
0.726261 5.47063e-05 1
0.726537 4.89686e-05 1
0.726812 4.35058e-05 1
0.727088 3.83478e-05 1
0.727364 3.3527e-05 1
0.727639 2.90778e-05 1
0.727915 2.50344e-05 1
0.72819 2.14294e-05 1
0.728466 1.82932e-05 1
0.728742 1.56421e-05 1
0.729017 1.35121e-05 1
0.729293 1.19242e-05 1
0.729569 1.08935e-05 1
0.729844 1.04334e-05 1
0.73012 1.05493e-05 1
0.730395 1.12471e-05 1
0.730671 1.25275e-05 1
0.730947 1.43891e-05 1
0.731222 1.68289e-05 1
0.731498 1.98402e-05 1
0.731773 2.342e-05 1
0.732049 2.7553e-05 1
0.732325 3.22273e-05 1
0.7326 3.74272e-05 1
0.732876 4.31327e-05 1
0.733152 4.93191e-05 1
0.733427 5.59589e-05 1
0.733703 6.30159e-05 1
0.733978 7.04527e-05 1
0.734254 7.82313e-05 1
0.73453 8.63072e-05 2
0.734805 9.46472e-05 2
0.735081 0.000103194 2
0.735357 0.000111933 2
0.735632 0.000120815 2
0.735908 0.000129803 2
0.736183 0.000138862 2
0.736459 0.000147965 2
0.736735 0.000157089 2
0.73701 0.00016621 2
0.737286 0.000175305 2
0.737562 0.00018436 2
0.737837 0.000193363 2
0.738113 0.000202304 2
0.738388 0.000211172 2
0.738664 0.000219963 3
0.73894 0.000228669 3
0.739215 0.00023729 3
0.739491 0.000245821 3
0.739767 0.000254266 3
0.740042 0.000262624 3
0.740318 0.000270903 3
0.740593 0.000279108 3
0.740869 0.000287252 3
0.741145 0.000295345 3
0.74142 0.000303406 3
0.741696 0.000311453 3
0.741971 0.000319499 3
0.742247 0.000327555 3
0.742523 0.000335633 3
0.742798 0.000343735 3
0.743074 0.000351865 3
0.74335 0.000360008 3
0.743625 0.000368162 3
0.743901 0.000376307 3
0.744176 0.000384426 3
0.744452 0.000392432 3
0.744728 0.000400427 3
0.745003 0.00040839 3
0.745279 0.000415973 3
0.745555 0.000423512 3
0.74583 0.000430832 3
0.746106 0.000437904 3
0.746381 0.00044469 3
0.746657 0.000451154 3
0.746933 0.00045727 3
0.747208 0.000462999 3
0.747484 0.000468312 3
0.74776 0.00047317 3
0.748035 0.000477547 3
0.748311 0.000481403 3
0.748586 0.000484701 3
0.748862 0.000487411 3
0.749138 0.00048951 3
0.749413 0.000490966 3
0.749689 0.000491766 3
0.749964 0.000491889 3
0.75024 0.00049139 3
0.750516 0.000490207 3
0.750791 0.000488359 3
0.751067 0.000485853 3
0.751343 0.000482727 3
0.751618 0.000478987 3
0.751894 0.000474713 3
0.752169 0.000469913 3
0.752445 0.000464632 3
0.752721 0.000458903 3
0.752996 0.000452773 3
0.753272 0.000446275 3
0.753548 0.000439455 3
0.753823 0.000432356 3
0.754099 0.00042502 2
0.754374 0.000417476 2
0.75465 0.000409755 2
0.754926 0.000401883 2
0.755201 0.000393897 2
0.755477 0.000385822 2
0.755753 0.000377673 2
0.756028 0.000369457 2
0.756304 0.000361246 2
0.756579 0.00035306 2
0.756855 0.000344892 2
0.757131 0.000336756 2
0.757406 0.000328697 2
0.757682 0.000320712 2
0.757957 0.000312805 2
0.758233 0.000304967 2
0.758509 0.000297295 2
0.758784 0.000289553 2
0.75906 0.000281837 2
0.759336 0.000274125 2
0.759611 0.000266401 2
0.759887 0.000258646 2
0.760162 0.000250848 2
0.760438 0.000242993 2
0.760714 0.000235072 2
0.760989 0.000227073 1
0.761265 0.000219003 2
0.761541 0.000210845 1
0.761816 0.000202609 2
0.762092 0.000194284 1
0.762367 0.000185885 2
0.762643 0.000177404 1
0.762919 0.000168903 2
0.763194 0.00016029 1
0.76347 0.000151627 2
0.763746 0.000142901 1
0.764021 0.000134186 2
0.764297 0.000125469 1
0.764572 0.000116793 2
0.764848 0.000108171 1
0.765124 9.96468e-05 2
0.765399 9.12546e-05 1
0.765675 8.30419e-05 2
0.76595 7.50533e-05 1
0.766226 6.73404e-05 1
0.766502 5.99525e-05 1
0.766777 5.29389e-05 1
0.767053 4.63469e-05 1
0.767329 4.02311e-05 1
0.767604 3.46093e-05 1
0.76788 2.95302e-05 1
0.768155 2.50253e-05 1
0.768431 2.11214e-05 1
0.768707 1.78404e-05 1
0.768982 1.51997e-05 1
0.769258 1.32123e-05 1
0.769534 1.18869e-05 1
0.769809 1.12279e-05 1
0.770085 1.12363e-05 1
0.77036 1.19098e-05 1
0.770636 1.32425e-05 1
0.770912 1.52244e-05 1
0.771187 1.78412e-05 1
0.771463 2.10724e-05 1
0.771739 2.48916e-05 1
0.772014 2.92661e-05 1
0.77229 3.41558e-05 1
0.772565 3.9516e-05 1
0.772841 4.52959e-05 1
0.773117 5.14425e-05 1
0.773392 5.78999e-05 1
0.773668 6.46147e-05 1
0.773943 7.15337e-05 1
0.774219 7.86103e-05 1
0.774495 8.58012e-05 1
0.77477 9.30773e-05 2
0.775046 0.000100401 1
0.775322 0.000107747 2
0.775597 0.0001151 1
0.775873 0.000122448 2
0.776148 0.000129786 1
0.776424 0.000137108 2
0.7767 0.000144335 1
0.776975 0.000151542 2
0.777251 0.000158741 1
0.777527 0.000165936 2
0.777802 0.000173143 1
0.778078 0.000180356 2
0.778353 0.000187592 1
0.778629 0.000194853 2
0.778905 0.00020216 1
0.77918 0.000209518 2
0.779456 0.000216954 1
0.779732 0.000224479 2
0.780007 0.000232126 1
0.780283 0.000239909 2
0.780558 0.000247862 1
0.780834 0.000255995 2
0.78111 0.000264334 1
0.781385 0.000272881 3
0.781661 0.000281652 1
0.781936 0.000290632 3
0.782212 0.000299861 1
0.782488 0.000309272 3
0.782763 0.000318852 1
0.783039 0.000328559 3
0.783315 0.000338363 3
0.78359 0.000348225 3
0.783866 0.000358096 3
0.784141 0.000367923 3
0.784417 0.000377663 3
0.784693 0.000387272 3
0.784968 0.0003967 3
0.785244 0.000405905 3
0.78552 0.000414805 3
0.785795 0.000423377 3
0.786071 0.000431582 3
0.786346 0.000439388 3
0.786622 0.000446869 3
0.786898 0.000453744 3
0.787173 0.000460092 3
0.787449 0.000465882 3
0.787725 0.000471076 3
0.788 0.000475644 3
0.788276 0.00047956 3
0.788551 0.000482808 3
0.788827 0.000485374 3
0.789103 0.000487257 3
0.789378 0.00048846 3
0.789654 0.000489 3
0.78993 0.000488884 3
0.790205 0.000488136 3
0.790481 0.000486781 3
0.790756 0.000484775 3
0.791032 0.000482233 3
0.791308 0.000479199 3
0.791583 0.000475711 3
0.791859 0.000471813 3
0.792134 0.00046754 3
0.79241 0.000462931 3
0.792686 0.000458018 3
0.792961 0.000452834 3
0.793237 0.000447408 3
0.793513 0.000441769 3
0.793788 0.000435941 3
0.794064 0.000429954 3
0.794339 0.000423819 3
0.794615 0.000417572 3
0.794891 0.000411233 3
0.795166 0.00040482 3
0.795442 0.000398346 3
0.795718 0.000391826 3
0.795993 0.000385265 3
0.796269 0.000378716 3
0.796544 0.00037213 3
0.79682 0.000365502 3
0.797096 0.000358814 2
0.797371 0.000352059 2
0.797647 0.000345208 2
0.797923 0.000338239 2
0.798198 0.000331129 2
0.798474 0.000323857 2
0.798749 0.000316399 2
0.799025 0.000308737 2
0.799301 0.000300852 2
0.799576 0.000292737 2
0.799852 0.000284441 2
0.800127 0.000275845 3
0.800403 0.000266963 3
0.800679 0.000257896 3
0.800954 0.000248605 3
0.80123 0.000239069 3
0.801506 0.000229373 3
0.801781 0.000219511 3
0.802057 0.000209504 3
0.802332 0.000199377 3
0.802608 0.00018916 2
0.802884 0.000178885 2
0.803159 0.000168586 2
0.803435 0.000158299 2
0.803711 0.000148059 2
0.803986 0.000137916 2
0.804262 0.000127915 2
0.804537 0.000118105 2
0.804813 0.000108538 2
0.805089 9.92651e-05 2
0.805364 9.03362e-05 2
0.80564 8.17986e-05 1
0.805916 7.37037e-05 2
0.806191 6.60915e-05 1
0.806467 5.89977e-05 2
0.806742 5.24496e-05 1
0.807018 4.64808e-05 2
0.807294 4.11052e-05 1
0.807569 3.63424e-05 2
0.807845 3.21923e-05 1
0.80812 2.86664e-05 2
0.808396 2.57549e-05 1
0.808672 2.34574e-05 2
0.808947 2.17588e-05 1
0.809223 2.06539e-05 2
0.809499 2.01171e-05 1
0.809774 2.0141e-05 2
0.81005 2.07076e-05 1
0.810325 2.17932e-05 2
0.810601 2.33704e-05 1
0.810877 2.54137e-05 2
0.811152 2.78903e-05 1
0.811428 3.07663e-05 2
0.811704 3.40062e-05 1
0.811979 3.75701e-05 2
0.812255 4.14215e-05 1
0.81253 4.55192e-05 2
0.812806 4.98293e-05 1
0.813082 5.43141e-05 1
0.813357 5.89415e-05 1
0.813633 6.36845e-05 1
0.813909 6.85183e-05 1
0.814184 7.34257e-05 1
0.81446 7.83939e-05 1
0.814735 8.34175e-05 1
0.815011 8.84923e-05 2
0.815287 9.3633e-05 2
0.815562 9.8842e-05 2
0.815838 0.000104126 2
0.816113 0.000109503 2
0.816389 0.000114989 2
0.816665 0.000120596 2
0.81694 0.000126339 2
0.817216 0.000132234 2
0.817492 0.000138299 2
0.817767 0.000144553 2
0.818043 0.000150997 2
0.818318 0.000157683 2
0.818594 0.000164616 2
0.81887 0.000171817 2
0.819145 0.000179313 2
0.819421 0.000187117 2
0.819697 0.000195248 3
0.819972 0.000203716 3
0.820248 0.000212533 3
0.820523 0.000221702 3
0.820799 0.000231197 3
0.821075 0.000241022 3
0.82135 0.000251159 3
0.821626 0.000261578 3
0.821902 0.000272244 3
0.822177 0.00028311 3
0.822453 0.000294127 3
0.822728 0.000305232 3
0.823004 0.000316366 3
0.82328 0.000327462 3
0.823555 0.000338458 3
0.823831 0.000349301 3
0.824106 0.000359945 3
0.824382 0.000370336 3
0.824658 0.000380436 3
0.824933 0.000390193 3
0.825209 0.000399567 3
0.825485 0.000408504 3
0.82576 0.000416964 3
0.826036 0.0004249 3
0.826311 0.000432271 3
0.826587 0.000439034 3
0.826863 0.00044516 3
0.827138 0.000450625 3
0.827414 0.000455414 3
0.82769 0.000459519 3
0.827965 0.000462948 3
0.828241 0.0004657 3
0.828516 0.000467797 3
0.828792 0.000469247 3
0.829068 0.00047009 3
0.829343 0.000470348 3
0.829619 0.00047007 3
0.829895 0.000469292 3
0.83017 0.000468069 3
0.830446 0.000466444 3
0.830721 0.000464478 3
0.830997 0.000462214 3
0.831273 0.000459704 3
0.831548 0.000457002 3
0.831824 0.000454125 3
0.8321 0.000451095 3
0.832375 0.000447945 3
0.832651 0.000444689 3
0.832926 0.000441351 3
0.833202 0.000437941 3
0.833478 0.000434481 3
0.833753 0.000430973 3
0.834029 0.000427432 3
0.834304 0.000423859 3
0.83458 0.000420257 3
0.834856 0.000416612 3
0.835131 0.000412913 3
0.835407 0.000409135 3
0.835683 0.000405259 3
0.835958 0.00040125 3
0.836234 0.000397074 3
0.836509 0.000392667 3
0.836785 0.000388026 3
0.837061 0.000383111 3
0.837336 0.000377882 3
0.837612 0.000372331 3
0.837888 0.000366436 3
0.838163 0.000360171 3
0.838439 0.000353469 3
0.838714 0.000346444 3
0.83899 0.000339024 2
0.839266 0.000331201 2
0.839541 0.00032298 2
0.839817 0.000314363 2
0.840093 0.000305361 2
0.840368 0.000295985 2
0.840644 0.000286256 2
0.840919 0.000276192 2
0.841195 0.000265821 2
0.841471 0.000255172 2
0.841746 0.000244282 2
0.842022 0.000233189 2
0.842297 0.000221939 2
0.842573 0.000210581 2
0.842849 0.000199165 2
0.843124 0.00018775 2
0.8434 0.00017643 2
0.843676 0.000165183 2
0.843951 0.000154116 2
0.844227 0.000143287 2
0.844502 0.000132761 2
0.844778 0.000122598 2
0.845054 0.000112853 2
0.845329 0.000103581 2
0.845605 9.4829e-05 2
0.845881 8.66374e-05 2
0.846156 7.90394e-05 1
0.846432 7.20676e-05 2
0.846707 6.57352e-05 1
0.846983 6.00611e-05 2
0.847259 5.50444e-05 1
0.847534 5.06886e-05 1
0.84781 4.69856e-05 1
0.848086 4.39222e-05 1
0.848361 4.14808e-05 1
0.848637 3.96375e-05 1
0.848912 3.83502e-05 1
0.849188 3.76e-05 1
0.849464 3.73497e-05 1
0.849739 3.75571e-05 1
0.850015 3.81833e-05 1
0.85029 3.91731e-05 1
0.850566 4.04794e-05 1
0.850842 4.20511e-05 1
0.851117 4.3835e-05 1
0.851393 4.57817e-05 1
0.851669 4.78446e-05 1
0.851944 4.99852e-05 2
0.85222 5.21702e-05 1
0.852495 5.43936e-05 2
0.852771 5.66268e-05 1
0.853047 5.88656e-05 2
0.853322 6.11134e-05 1
0.853598 6.33207e-05 2
0.853874 6.55646e-05 1
0.854149 6.78645e-05 2
0.854425 7.02546e-05 1
0.8547 7.27625e-05 2
0.854976 7.54268e-05 1
0.855252 7.82753e-05 2
0.855527 8.13429e-05 1
0.855803 8.46427e-05 2
0.856079 8.82208e-05 1
0.856354 9.20992e-05 2
0.85663 9.63119e-05 1
0.856905 0.000100881 2
0.857181 0.000105856 1
0.857457 0.000111215 2
0.857732 0.000117039 1
0.858008 0.000123286 2
0.858283 0.000130076 1
0.858559 0.000137326 2
0.858835 0.000145105 1
0.85911 0.000153405 2
0.859386 0.000162212 1
0.859662 0.000171533 3
0.859937 0.00018136 1
0.860213 0.000191648 3
0.860488 0.000202447 1
0.860764 0.000213581 3
0.86104 0.000225035 1
0.861315 0.000236731 3
0.861591 0.000248619 3
0.861867 0.000260628 3
0.862142 0.00027269 3
0.862418 0.000284743 3
0.862693 0.000296726 3
0.862969 0.000308573 3
0.863245 0.000320224 3
0.86352 0.000331623 3
0.863796 0.000342713 3
0.864072 0.000353446 3
0.864347 0.00036377 3
0.864623 0.000373645 3
0.864898 0.000383015 3
0.865174 0.000391858 3
0.86545 0.000400134 3
0.865725 0.000407819 3
0.866001 0.000414887 3
0.866276 0.000421326 3
0.866552 0.000427115 3
0.866828 0.000431966 3
0.867103 0.000436241 3
0.867379 0.000439935 3
0.867655 0.00044309 3
0.86793 0.000445716 3
0.868206 0.000447846 3
0.868481 0.000449528 3
0.868757 0.000450796 3
0.869033 0.000451698 3
0.869308 0.00045228 3
0.869584 0.000452604 3
0.86986 0.000452719 3
0.870135 0.000452677 3
0.870411 0.000452506 3
0.870686 0.000452232 3
0.870962 0.000451863 3
0.871238 0.000451409 3
0.871513 0.000450866 3
0.871789 0.000450211 3
0.872065 0.00044941 3
0.87234 0.000448611 3
0.872616 0.000447735 3
0.872891 0.000446781 3
0.873167 0.000445739 3
0.873443 0.000444603 3
0.873718 0.000443359 3
0.873994 0.000441997 3
0.87427 0.000440497 3
0.874545 0.000438842 3
0.874821 0.000437001 3
0.875096 0.000434943 3
0.875372 0.00043262 3
0.875648 0.000429989 3
0.875923 0.000426967 3
0.876199 0.000423536 3
0.876474 0.000419613 3
0.87675 0.000415164 3
0.877026 0.000410219 3
0.877301 0.000404615 3
0.877577 0.000398413 2
0.877853 0.000391618 2
0.878128 0.000384221 2
0.878404 0.000376207 2
0.878679 0.000367545 2
0.878955 0.000358371 2
0.879231 0.000348719 2
0.879506 0.00033863 2
0.879782 0.000328082 2
0.880058 0.000317225 2
0.880333 0.000306036 3
0.880609 0.000294559 3
0.880884 0.000282837 3
0.88116 0.000270931 3
0.881436 0.000258897 3
0.881711 0.000246803 3
0.881987 0.000234713 3
0.882263 0.000222695 3
0.882538 0.000210816 3
0.882814 0.000199148 3
0.883089 0.000187756 3
0.883365 0.000176719 3
0.883641 0.000166132 3
0.883916 0.000156014 2
0.884192 0.000146421 1
0.884467 0.000137395 2
0.884743 0.000128942 1
0.885019 0.00012109 2
0.885294 0.000113824 1
0.88557 0.000107171 2
0.885846 0.000101068 1
0.886121 9.55509e-05 2
0.886397 9.05387e-05 1
0.886672 8.60442e-05 2
0.886948 8.20138e-05 1
0.887224 7.84603e-05 2
0.887499 7.53297e-05 1
0.887775 7.25704e-05 2
0.888051 7.0161e-05 1
0.888326 6.81002e-05 2
0.888602 6.63503e-05 1
0.888877 6.48891e-05 2
0.889153 6.36748e-05 1
0.889429 6.26784e-05 2
0.889704 6.18558e-05 1
0.88998 6.11737e-05 2
0.890256 6.05879e-05 1
0.890531 6.00641e-05 2
0.890807 5.95641e-05 1
0.891082 5.9061e-05 2
0.891358 5.85316e-05 1
0.891634 5.79979e-05 2
0.891909 5.74307e-05 1
0.892185 5.68347e-05 2
0.89246 5.6232e-05 1
0.892736 5.56519e-05 1
0.893012 5.51311e-05 1
0.893287 5.47117e-05 1
0.893563 5.44381e-05 1
0.893839 5.43554e-05 1
0.894114 5.45076e-05 1
0.89439 5.49384e-05 1
0.894665 5.56885e-05 1
0.894941 5.67948e-05 1
0.895217 5.82926e-05 1
0.895492 6.02266e-05 1
0.895768 6.2621e-05 1
0.896044 6.55072e-05 1
0.896319 6.89162e-05 1
0.896595 7.28795e-05 1
0.89687 7.74286e-05 1
0.897146 8.25942e-05 1
0.897422 8.83953e-05 1
0.897697 9.48584e-05 1
0.897973 0.000102023 2
0.898249 0.00010989 1
0.898524 0.000118447 2
0.8988 0.000127684 2
0.899075 0.000137566 2
0.899351 0.000148046 2
0.899627 0.000159064 2
0.899902 0.000170543 2
0.900178 0.000182422 2
0.900453 0.000194589 2
0.900729 0.000206956 2
0.901005 0.000219425 3
0.90128 0.000231913 3
0.901556 0.000244334 3
0.901832 0.000256613 3
0.902107 0.000268678 3
0.902383 0.00028047 3
0.902658 0.000291931 3
0.902934 0.000303017 3
0.90321 0.000313683 3
0.903485 0.00032394 3
0.903761 0.000333665 3
0.904037 0.000342875 3
0.904312 0.000351538 3
0.904588 0.000359638 3
0.904863 0.000367149 3
0.905139 0.000374061 3
0.905415 0.000380368 3
0.90569 0.000386193 3
0.905966 0.000391394 3
0.906242 0.000396001 3
0.906517 0.00040005 3
0.906793 0.0004036 3
0.907068 0.000406671 3
0.907344 0.000409335 3
0.90762 0.000411612 3
0.907895 0.000413716 3
0.908171 0.000415635 3
0.908446 0.000417434 3
0.908722 0.000419159 3
0.908998 0.00042089 3
0.909273 0.000422572 3
0.909549 0.000424299 3
0.909825 0.00042609 3
0.9101 0.000427963 3
0.910376 0.00042992 3
0.910651 0.000431961 3
0.910927 0.000434076 3
0.911203 0.000436251 3
0.911478 0.000438467 3
0.911754 0.000440703 3
0.91203 0.00044293 3
0.912305 0.000445094 3
0.912581 0.000447178 3
0.912856 0.000449158 3
0.913132 0.000450992 3
0.913408 0.000452639 3
0.913683 0.000454043 3
0.913959 0.00045515 3
0.914235 0.000455893 3
0.91451 0.000456211 3
0.914786 0.000456037 3
0.915061 0.00045531 3
0.915337 0.000453953 3
0.915613 0.000451939 3
0.915888 0.000449224 3
0.916164 0.00044578 3
0.91644 0.000441584 3
0.916715 0.000436631 3
0.916991 0.00043092 3
0.917266 0.000424476 3
0.917542 0.000417524 3
0.917818 0.000409929 3
0.918093 0.000401708 3
0.918369 0.000392898 3
0.918644 0.000383531 3
0.91892 0.000373662 3
0.919196 0.000363337 3
0.919471 0.000352614 3
0.919747 0.000341542 3
0.920023 0.000330176 3
0.920298 0.000318569 3
0.920574 0.000306778 2
0.920849 0.000294861 2
0.921125 0.000282951 2
0.921401 0.000270983 2
0.921676 0.000259099 2
0.921952 0.000247375 2
0.922228 0.000235886 2
0.922503 0.000224703 2
0.922779 0.000213894 2
0.923054 0.000203515 2
0.92333 0.000193621 1
0.923606 0.000184252 2
0.923881 0.000175452 1
0.924157 0.00016722 2
0.924433 0.000159552 1
0.924708 0.000152453 2
0.924984 0.000145896 1
0.925259 0.000139864 2
0.925535 0.000134317 1
0.925811 0.000129226 2
0.926086 0.000124543 1
0.926362 0.00012023 1
0.926637 0.000116248 1
0.926913 0.000112535 1
0.927189 0.000109072 1
0.927464 0.00010582 1
0.92774 0.000102743 1
0.928016 9.9803e-05 1
0.928291 9.69602e-05 1
0.928567 9.41846e-05 1
0.928842 9.14059e-05 1
0.929118 8.86005e-05 1
0.929394 8.57557e-05 1
0.929669 8.28068e-05 1
0.929945 7.96548e-05 1
0.930221 7.63539e-05 1
0.930496 7.28954e-05 1
0.930772 6.92904e-05 1
0.931047 6.55682e-05 1
0.931323 6.17726e-05 1
0.931599 5.79599e-05 1
0.931874 5.41961e-05 2
0.93215 5.05569e-05 1
0.932426 4.7115e-05 2
0.932701 4.39484e-05 1
0.932977 4.11259e-05 2
0.933252 3.87157e-05 1
0.933528 3.67745e-05 2
0.933804 3.53531e-05 1
0.934079 3.44579e-05 2
0.934355 3.41611e-05 1
0.93463 3.44908e-05 2
0.934906 3.54757e-05 1
0.935182 3.71311e-05 2
0.935457 3.94909e-05 1
0.935733 4.25728e-05 2
0.936009 4.64044e-05 1
0.936284 5.10015e-05 2
0.93656 5.63867e-05 1
0.936835 6.25639e-05 1
0.937111 6.95421e-05 1
0.937387 7.72912e-05 1
0.937662 8.57809e-05 1
0.937938 9.49729e-05 1
0.938214 0.000104794 1
0.938489 0.000115206 1
0.938765 0.000126116 1
0.93904 0.000137438 1
0.939316 0.000149086 1
0.939592 0.00016096 1
0.939867 0.000172963 1
0.940143 0.000185012 1
0.940419 0.000197019 1
0.940694 0.000208909 1
0.94097 0.000220608 1
0.941245 0.000232053 2
0.941521 0.000243197 2
0.941797 0.000253993 2
0.942072 0.000264404 2
0.942348 0.000274401 2
0.942623 0.000283959 2
0.942899 0.00029306 2
0.943175 0.00030169 2
0.94345 0.000309833 2
0.943726 0.000317479 2
0.944002 0.00032462 3
0.944277 0.000331256 3
0.944553 0.000337397 3
0.944828 0.000343054 3
0.945104 0.00034825 3
0.94538 0.000353016 3
0.945655 0.000357397 3
0.945931 0.000361284 3
0.946207 0.000364995 3
0.946482 0.000368525 3
0.946758 0.000371952 3
0.947033 0.00037535 3
0.947309 0.000378798 3
0.947585 0.00038235 3
0.94786 0.000386052 3
0.948136 0.000389929 3
0.948412 0.000394009 3
0.948687 0.000398304 3
0.948963 0.000402824 3
0.949238 0.000407576 2
0.949514 0.000412519 2
0.94979 0.000417611 2
0.950065 0.000422811 2
0.950341 0.000428067 2
0.950616 0.000433339 2
0.950892 0.000438576 2
0.951168 0.000443744 2
0.951443 0.0004488 3
0.951719 0.000453709 3
0.951995 0.000458425 3
0.95227 0.000462906 3
0.952546 0.000467089 3
0.952821 0.000470915 3
0.953097 0.000474262 3
0.953373 0.000477116 3
0.953648 0.000479394 3
0.953924 0.000480998 3
0.9542 0.00048186 3
0.954475 0.000481909 3
0.954751 0.00048107 3
0.955026 0.000479306 3
0.955302 0.000476575 3
0.955578 0.000472886 3
0.955853 0.000468241 3
0.956129 0.000462682 3
0.956405 0.000456242 3
0.95668 0.000448986 3
0.956956 0.000440963 3
0.957231 0.00043226 2
0.957507 0.000422944 2
0.957783 0.000413138 2
0.958058 0.000402845 2
0.958334 0.000392186 2
0.958609 0.000381201 2
0.958885 0.00036997 2
0.959161 0.000358572 2
0.959436 0.000347059 2
0.959712 0.000335511 2
0.959988 0.000323984 3
0.960263 0.000312553 3
0.960539 0.000301314 3
0.960814 0.000290348 3
0.96109 0.000279729 3
0.961366 0.000269523 2
0.961641 0.000259795 2
0.961917 0.000250595 3
0.962193 0.000241959 3
0.962468 0.000233907 3
0.962744 0.000226434 3
0.963019 0.00021952 3
0.963295 0.000213107 3
0.963571 0.000207177 3
0.963846 0.000201679 3
0.964122 0.000196555 3
0.964398 0.000191748 3
0.964673 0.0001872 3
0.964949 0.000182859 2
0.965224 0.000178677 2
0.9655 0.000174563 2
0.965776 0.0001705 2
0.966051 0.000166464 2
0.966327 0.000162422 2
0.966603 0.000158372 2
0.966878 0.000154181 2
0.967154 0.000149902 2
0.967429 0.000145476 3
0.967705 0.000140869 2
0.967981 0.000136052 2
0.968256 0.000130995 2
0.968532 0.000125679 2
0.968807 0.000120091 2
0.969083 0.000114227 2
0.969359 0.000108097 2
0.969634 0.000101741 2
0.96991 9.51793e-05 2
0.970186 8.84658e-05 2
0.970461 8.16668e-05 2
0.970737 7.48586e-05 2
0.971012 6.81247e-05 2
0.971288 6.15521e-05 2
0.971564 5.52271e-05 2
0.971839 4.92425e-05 1
0.972115 4.36604e-05 2
0.972391 3.85659e-05 1
0.972666 3.40256e-05 1
0.972942 3.01011e-05 1
0.973217 2.68478e-05 1
0.973493 2.43187e-05 1
0.973769 2.25582e-05 1
0.974044 2.16053e-05 1
0.97432 2.14938e-05 1
0.974596 2.22552e-05 1
0.974871 2.3917e-05 1
0.975147 2.65028e-05 1
0.975422 3.00293e-05 1
0.975698 3.45055e-05 1
0.975974 3.993e-05 1
0.976249 4.62877e-05 1
0.976525 5.35462e-05 1
0.9768 6.16556e-05 2
0.977076 7.05502e-05 2
0.977352 8.01457e-05 2
0.977627 9.03419e-05 2
0.977903 0.000101029 2
0.978179 0.000112088 2
0.978454 0.000123399 2
0.97873 0.000134842 2
0.979005 0.000146317 2
0.979281 0.000157698 2
0.979557 0.000168902 2
0.979832 0.000179855 2
0.980108 0.000190496 3
0.980384 0.000200766 3
0.980659 0.000210629 3
0.980935 0.000220056 3
0.98121 0.000229031 3
0.981486 0.000237538 3
0.981762 0.000245578 2
0.982037 0.000253142 3
0.982313 0.000260239 3
0.982589 0.000266866 3
0.982864 0.000273023 3
0.98314 0.000278664 3
0.983415 0.000283876 3
0.983691 0.000288691 3
0.983967 0.000293162 3
0.984242 0.000297275 3
0.984518 0.000301148 3
0.984793 0.000304946 3
0.985069 0.00030865 3
0.985345 0.000312387 3
0.98562 0.000316246 3
0.985896 0.000320322 3
0.986172 0.000324665 3
0.986447 0.000329326 3
0.986723 0.000334345 3
0.986998 0.000339743 3
0.987274 0.000345538 3
0.98755 0.000351724 3
0.987825 0.000358287 3
0.988101 0.000365222 3
0.988377 0.000372502 3
0.988652 0.000380083 3
0.988928 0.000387918 3
0.989203 0.00039595 3
0.989479 0.000404119 3
0.989755 0.000412362 3
0.99003 0.000420615 3
0.990306 0.000428804 3
0.990582 0.000436861 3
0.990857 0.000444812 3
0.991133 0.000452398 3
0.991408 0.000459635 3
0.991684 0.000466441 3
0.99196 0.000472727 3
0.992235 0.000478401 3
0.992511 0.000483373 3
0.992786 0.000487565 3
0.993062 0.000490901 3
0.993338 0.000493251 3
0.993613 0.000494632 3
0.993889 0.00049501 3
0.994165 0.000494363 3
0.99444 0.000492692 3
0.994716 0.000490007 3
0.994991 0.000486343 3
0.995267 0.000481734 3
0.995543 0.000476235 3
0.995818 0.000469893 3
0.996094 0.000462783 3
0.99637 0.00045498 3
0.996645 0.000446568 3
0.996921 0.000437633 3
0.997196 0.000428268 3
0.997472 0.000418553 3
0.997748 0.000408594 3
0.998023 0.000398462 3
0.998299 0.000388238 3
0.998575 0.000377999 3
0.99885 0.000367821 3
0.999126 0.000357771 3
0.999401 0.000347916 3
0.999677 0.000338312 3
0.999953 0.000329011 3
