0.00390117 0.00149967
0.00390026 0.0015

0.00390117 0.00149967
0.00390703 0.00149755

0.00390703 0.00149755
0.00391289 0.00149544

0.00391875 0.00149333
0.0039165 0.00149414

0.00391289 0.00149544
0.00391649 0.00149414

0.00391875 0.00149333
0.00392461 0.00149122

0.00392461 0.00149122
0.00393047 0.00148911

0.00393633 0.001487
0.00393278 0.00148828

0.00393633 0.001487
0.00394219 0.00148489

0.00393047 0.00148911
0.00393277 0.00148828

0.00396562 0.00147642
0.00396523 0.00147656

0.00394219 0.00148489
0.00394805 0.00148277

0.00395391 0.00148066
0.00394904 0.00148242

0.00394805 0.00148278
0.00394903 0.00148242

0.00395391 0.00148066
0.00395977 0.00147854

0.00395977 0.00147854
0.00396522 0.00147656

0.00396562 0.00147642
0.00397148 0.00147429

0.00397148 0.00147429
0.00397734 0.00147215

0.0039832 0.00147001
0.00398131 0.0014707

0.00397734 0.00147215
0.0039813 0.0014707

0.0039832 0.00147001
0.00398906 0.00146786

0.00400078 0.00146353
0.00399723 0.00146484

0.00398906 0.00146786
0.00399492 0.00146569

0.00399492 0.0014657
0.00399722 0.00146484

0.00400078 0.00146353
0.00400664 0.00146135

0.00400664 0.00146134
0.0040125 0.00145915

0.00403008 0.0014525
0.00402843 0.00145312

0.00403008 0.0014525
0.00403594 0.00145025

0.00403594 0.00145025
0.0040418 0.00144798

0.00404766 0.0014457
0.00404364 0.00144727

0.0040418 0.00144798
0.00404364 0.00144727

0.00405937 0.00144109
0.00405857 0.00144141

0.00404766 0.0014457
0.00405352 0.0014434

0.00405352 0.0014434
0.00405856 0.00144141

0.00401836 0.00145695
0.00401295 0.00145898

0.0040125 0.00145915
0.00401294 0.00145898

0.00401836 0.00145695
0.00402422 0.00145473

0.00402422 0.00145473
0.00402842 0.00145312

0.00405937 0.00144109
0.00406523 0.00143875

0.00406523 0.00143875
0.00407109 0.00143639

0.00407695 0.00143401
0.00407318 0.00143555

0.00407109 0.00143639
0.00407317 0.00143555

0.00407695 0.00143401
0.00408281 0.00143161

0.00408867 0.00142919
0.00408747 0.00142969

0.00408867 0.00142919
0.00409453 0.00142674

0.00409453 0.00142674
0.00410039 0.00142427

0.00410625 0.00142177
0.00410142 0.00142383

0.00410039 0.00142427
0.00410142 0.00142383

0.00408281 0.00143161
0.00408746 0.00142969

0.00414141 0.00140617
0.00414123 0.00140625

0.00414141 0.00140617
0.00414727 0.00140346

0.00414727 0.00140346
0.00415312 0.00140072

0.00415898 0.00139794
0.00415382 0.00140039

0.00415312 0.00140072
0.00415382 0.00140039

0.00415898 0.00139794
0.00416484 0.00139512

0.0041707 0.00139227
0.00416606 0.00139453

0.0041707 0.00139227
0.00417656 0.00138938

0.00416484 0.00139513
0.00416606 0.00139453

0.00419414 0.00138044
0.00418954 0.00138281

0.00419414 0.00138044
0.0042 0.00137738

0.00418242 0.00138644
0.00417797 0.00138867

0.00417656 0.00138938
0.00417797 0.00138867

0.00418242 0.00138644
0.00418828 0.00138346

0.00418828 0.00138346
0.00418955 0.00138281

0.00411797 0.00141669
0.00411503 0.00141797

0.00410625 0.00142177
0.00411211 0.00141924

0.00411211 0.00141924
0.00411503 0.00141797

0.00411797 0.00141669
0.00412383 0.00141411

0.00412969 0.00141149
0.0041283 0.00141211

0.00412383 0.00141411
0.00412831 0.00141211

0.00412969 0.00141149
0.00413555 0.00140885

0.00413555 0.00140885
0.00414124 0.00140625

0.00335625 0.00182352
0.00335192 0.00182812

0.00333281 0.00184912
0.00333068 0.00185156

0.00332109 0.0018627
0.0033206 0.00186328

0.00331523 0.00186966
0.00331085 0.001875

0.00332057 0.00186328
0.00331566 0.00186914

0.00331523 0.00186966
0.00331566 0.00186914

0.00332695 0.00185584
0.00332559 0.00185742

0.00332109 0.00186266
0.00332556 0.00185742

0.00332695 0.00185582
0.00333064 0.00185156

0.00334453 0.00183606
0.00334113 0.00183984

0.00333867 0.00184253
0.00333586 0.0018457

0.00333281 0.00184913
0.0033358 0.0018457

0.00333867 0.00184254
0.00334108 0.00183984

0.00335039 0.00182973
0.00334648 0.00183398

0.00334453 0.00183608
0.00334645 0.00183398

0.00335039 0.00182974
0.0033519 0.00182812

0.00340312 0.00177741
0.00339894 0.00178125

0.00342656 0.0017564
0.00342494 0.00175781

0.00341484 0.00176675
0.00341172 0.00176953

0.00340898 0.00177204
0.00340528 0.00177539

0.00340312 0.00177738
0.0034053 0.00177539

0.00340898 0.00177201
0.00341174 0.00176953

0.0034207 0.00176154
0.00341828 0.00176367

0.00341484 0.00176671
0.0034183 0.00176367

0.0034207 0.00176151
0.00342494 0.00175781

0.00343242 0.00175134
0.00343171 0.00175195

0.00342656 0.00175639
0.0034317 0.00175195

0.00343242 0.00175133
0.00343828 0.00174635

0.00344414 0.00174144
0.00343859 0.00174609

0.00345 0.00173659
0.00344559 0.00174023

0.00344414 0.00174143
0.00344559 0.00174023

0.00343828 0.00174635
0.00343858 0.00174609

0.00337969 0.00179971
0.00337465 0.00180469

0.00336797 0.00181141
0.0033631 0.00181641

0.00336211 0.00181741
0.00335746 0.00182227

0.00335625 0.00182353
0.00335745 0.00182227

0.00336211 0.00181742
0.00336309 0.00181641

0.00337383 0.00180551
0.00336883 0.00181055

0.00336797 0.00181141
0.00336882 0.00181055

0.00337383 0.00180551
0.00337465 0.00180469

0.00339141 0.00178838
0.0033866 0.00179297

0.00338555 0.001794
0.00338057 0.00179883

0.00337969 0.0017997
0.00338058 0.00179883

0.00338555 0.00179399
0.00338661 0.00179297

0.00339727 0.00178285
0.00339272 0.00178711

0.00339141 0.00178837
0.00339273 0.00178711

0.00339727 0.00178283
0.00339896 0.00178125

0.0032625 0.0019414
0.00326 0.00194531

0.00325078 0.00196043
0.00324932 0.00196289

0.00324929 0.00196289
0.00324591 0.00196875

0.00325664 0.00195072
0.00325636 0.00195117

0.00325633 0.00195117
0.00325277 0.00195703

0.00325664 0.00195068
0.00325999 0.00194531

0.00325078 0.00196039
0.00325277 0.00195703

0.00321562 0.00203165
0.00321501 0.0020332

0.003215 0.0020332
0.00321276 0.00203906

0.00320977 0.0020475
0.00320864 0.00205078

0.00321273 0.00203906
0.00321061 0.00204492

0.00320977 0.00204748
0.00321064 0.00204492

0.00320862 0.00205078
0.00320668 0.00205664

0.00320666 0.00205664
0.00320485 0.0020625

0.00323906 0.00198121
0.00323635 0.00198633

0.00323634 0.00198633
0.00323333 0.00199219

0.00322734 0.00200452
0.0032249 0.00200977

0.00322488 0.00200977
0.00322225 0.00201563

0.0032332 0.00199248
0.00323044 0.00199805

0.00323042 0.00199805
0.0032276 0.00200391

0.0032332 0.00199248
0.00323335 0.00199219

0.00322734 0.0020045
0.00322762 0.00200391

0.00324492 0.00197056
0.00324265 0.00197461

0.00324263 0.00197461
0.00323943 0.00198047

0.00324492 0.00197054
0.00324592 0.00196875

0.00323906 0.00198119
0.00323945 0.00198047

0.00322148 0.00201749
0.00321976 0.00202148

0.00321973 0.00202148
0.0032173 0.00202734

0.00322148 0.00201747
0.00322228 0.00201562

0.00321562 0.00203161
0.00321731 0.00202734

0.00320391 0.0020659
0.0032032 0.00206836

0.00320319 0.00206836
0.00320157 0.00207422

0.00320155 0.00207422
0.00320005 0.00208008

0.00320005 0.00208008
0.00319869 0.00208594

0.00320391 0.00206589
0.00320488 0.0020625

0.00319805 0.00208903
0.00319746 0.0020918

0.00319744 0.0020918
0.00319628 0.00209766

0.00319805 0.00208904
0.00319871 0.00208594

0.00319627 0.00209766
0.00319522 0.00210352

0.00319523 0.00210352
0.00319431 0.00210937

0.00319219 0.00212867
0.00319189 0.00213281

0.00319189 0.00213281
0.00319159 0.00213867

0.00319159 0.00213867
0.00319143 0.00214453

0.00319143 0.00214453
0.00319141 0.00215039

0.00319141 0.00215039
0.00319153 0.00215625

0.00319431 0.00210937
0.00319352 0.00211523

0.00319352 0.00211523
0.00319286 0.00212109

0.00319286 0.00212109
0.00319231 0.00212695

0.00319219 0.00212869
0.00319231 0.00212695

0.00319152 0.00215625
0.00319178 0.00216211

0.00319178 0.00216211
0.00319218 0.00216797

0.00319217 0.00216797
0.00319219 0.00216811

0.00319219 0.00216812
0.00319272 0.00217383

0.00319273 0.00217383
0.00319344 0.00217969

0.00319344 0.00217969
0.00319431 0.00218555

0.00319431 0.00218555
0.00319534 0.00219141

0.00319534 0.00219141
0.00319653 0.00219727

0.00319652 0.00219727
0.00319789 0.00220312

0.00319788 0.00220312
0.00319805 0.00220373

0.00319805 0.00220373
0.00319947 0.00220898

0.00319949 0.00220898
0.00320125 0.00221484

0.00320122 0.00221484
0.00320316 0.0022207

0.00320315 0.0022207
0.00320391 0.00222273

0.00320391 0.00222272
0.00320534 0.00222656

0.00320536 0.00222656
0.00320775 0.00223242

0.00320771 0.00223242
0.00320977 0.00223701

0.00320977 0.00223701
0.00321034 0.00223828

0.00321037 0.00223828
0.00321325 0.00224414

0.0032132 0.00224414
0.00321562 0.00224866

0.00321562 0.00224865
0.00321635 0.00225

0.00328594 0.00190726
0.00328383 0.00191016

0.00328008 0.00191541
0.00327965 0.00191602

0.00327961 0.00191602
0.00327551 0.00192187

0.00328008 0.00191536
0.00328381 0.00191016

0.00329766 0.00189167
0.00329696 0.00189258

0.00329693 0.00189258
0.00329247 0.00189844

0.00330352 0.00188414
0.00330152 0.00188672

0.00330937 0.00187682
0.00330613 0.00188086

0.00330352 0.00188415
0.00330611 0.00188086

0.00329766 0.00189164
0.00330148 0.00188672

0.0032918 0.00189934
0.0032881 0.0019043

0.00328594 0.00190725
0.00328809 0.0019043

0.0032918 0.00189934
0.00329246 0.00189844

0.00326836 0.00193244
0.0032676 0.00193359

0.00327422 0.00192377
0.00327151 0.00192773

0.00326836 0.00193241
0.0032715 0.00192773

0.00326756 0.00193359
0.00326373 0.00193945

0.0032625 0.00194139
0.00326373 0.00193945

0.00327422 0.00192377
0.0032755 0.00192187

0.00330937 0.00187683
0.00331084 0.001875

0.00321637 0.00225
0.00321979 0.00225586

0.00321974 0.00225586
0.00322148 0.00225861

0.00322148 0.00225858
0.00322347 0.00226172

0.00322347 0.00226172
0.00322734 0.00226733

0.00322734 0.00226734
0.00322751 0.00226758

0.00322751 0.00226758
0.00323187 0.00227344

0.00323188 0.00227344
0.0032332 0.00227514

0.0032332 0.00227511
0.00323658 0.0022793

0.00323662 0.0022793
0.00323906 0.00228216

0.00323906 0.00228213
0.00324173 0.00228516

0.00324177 0.00228516
0.00324492 0.00228854

0.00324492 0.00228855
0.00324732 0.00229102

0.00324733 0.00229102
0.00325078 0.0022944

0.00325078 0.00229442
0.0032534 0.00229687

0.0032534 0.00229687
0.00325664 0.00229979

0.00325664 0.00229985
0.00326004 0.00230273

0.00326004 0.00230273
0.0032625 0.00230478

0.0032625 0.00230483
0.00326725 0.00230859

0.00326728 0.00230859
0.00326836 0.00230942

0.00326836 0.00230945
0.00327422 0.00231375

0.00327422 0.00231377
0.00327522 0.00231445

0.00327526 0.00231445
0.00328008 0.00231776

0.00328008 0.00231778
0.00328404 0.00232031

0.00328411 0.00232031
0.00328594 0.00232147

0.00328594 0.0023215
0.0032918 0.00232499

0.0032918 0.00232501
0.00329389 0.00232617

0.00329395 0.00232617
0.00329766 0.00232823

0.00329766 0.00232824
0.00330352 0.00233128

0.00330352 0.00233129
0.00330505 0.00233203

0.00330509 0.00233203
0.00330937 0.0023341

0.00330937 0.0023341
0.00331523 0.00233674

0.00331523 0.00233675
0.00331794 0.00233789

0.003318 0.00233789
0.00332109 0.00233919

0.00332109 0.0023392
0.00332695 0.00234148

0.00332695 0.00234148
0.00333281 0.0023436

0.00333281 0.0023436
0.00333326 0.00234375

0.00333328 0.00234375
0.00333867 0.00234555

0.00333867 0.00234555
0.00334453 0.00234736

0.00334453 0.00234736
0.00335039 0.00234901

0.00335039 0.00234902
0.00335266 0.00234961

0.00335272 0.00234961
0.00335625 0.00235052

0.00335625 0.00235053
0.00336211 0.00235191

0.00336211 0.00235191
0.00336797 0.00235316

0.00336797 0.00235316
0.00337383 0.00235427

0.00337383 0.00235427
0.00337969 0.00235526

0.00337969 0.00235526
0.00338106 0.00235547

0.0033811 0.00235547
0.00338555 0.00235613

0.00338555 0.00235613
0.00339141 0.00235689

0.00339141 0.00235688
0.00339727 0.00235752

0.00339727 0.00235752
0.00340312 0.00235804

0.00340312 0.00235804
0.00340898 0.00235845

0.00340898 0.00235845
0.00341484 0.00235875

0.00341484 0.00235875
0.0034207 0.00235894

0.0034207 0.00235894
0.00342656 0.00235903

0.00342656 0.00235902
0.00343242 0.002359

0.00343242 0.002359
0.00343828 0.00235888

0.00343828 0.00235888
0.00344414 0.00235866

0.00344414 0.00235865
0.00345 0.00235833

0.00352031 0.00168342
0.00351449 0.0016875

0.00353203 0.00167538
0.00353143 0.00167578

0.00352617 0.00167937
0.00352289 0.00168164

0.00352031 0.00168341
0.00352288 0.00168164

0.00352617 0.00167936
0.00353142 0.00167578

0.00353203 0.00167537
0.00353789 0.00167143

0.00354375 0.00166754
0.00354016 0.00166992

0.00353789 0.00167142
0.00354015 0.00166992

0.00359062 0.00163821
0.00358659 0.00164062

0.00354961 0.00166371
0.00354906 0.00166406

0.00354961 0.0016637
0.00355547 0.00165991

0.00356133 0.00165618
0.00355815 0.0016582

0.00355547 0.0016599
0.00355813 0.0016582

0.00356133 0.00165617
0.00356719 0.00165248

0.00354375 0.00166753
0.00354904 0.00166406

0.00357305 0.00164885
0.00356742 0.00165234

0.00357891 0.00164526
0.00357691 0.00164648

0.00357305 0.00164884
0.00357689 0.00164648

0.00356719 0.00165248
0.00356741 0.00165234

0.00357891 0.00164525
0.00358477 0.00164171

0.00358477 0.0016417
0.00358657 0.00164062

0.00359062 0.0016382
0.00359646 0.00163477

0.00359648 0.00163476
0.00360234 0.00163135

0.0036082 0.00162799
0.00360661 0.00162891

0.0036082 0.00162798
0.00361406 0.00162466

0.00360234 0.00163134
0.00360659 0.00162891

0.00363164 0.00161496
0.00362755 0.00161719

0.00363164 0.00161495
0.0036375 0.0016118

0.00361992 0.00162139
0.00361696 0.00162305

0.00361406 0.00162466
0.00361694 0.00162305

0.00361992 0.00162138
0.00362578 0.00161815

0.00362578 0.00161815
0.00362754 0.00161719

0.00345586 0.00173184
0.0034527 0.00173437

0.00346172 0.00172712
0.00345996 0.00172852

0.00345586 0.00173181
0.00345996 0.00172852

0.00346758 0.00172247
0.00346734 0.00172266

0.00346758 0.00172246
0.00347344 0.00171788

0.00346172 0.0017271
0.00346733 0.00172266

0.00348516 0.00170893
0.00348247 0.00171094

0.00349102 0.00170452
0.00349027 0.00170508

0.00348516 0.0017089
0.00349025 0.00170508

0.00349102 0.00170451
0.00349687 0.00170018

0.0034793 0.00171336
0.00347485 0.0017168

0.00347344 0.00171787
0.00347484 0.0017168

0.0034793 0.00171335
0.00348248 0.00171094

0.00345 0.00173657
0.00345273 0.00173437

0.00350273 0.0016959
0.00349819 0.00169922

0.00350859 0.0016917
0.00350626 0.00169336

0.00350273 0.0016959
0.00350626 0.00169336

0.00349687 0.00170017
0.00349819 0.00169922

0.00350859 0.00169168
0.00351445 0.00168752

0.00351445 0.00168752
0.00351448 0.0016875

0.00367266 0.0015937
0.00367256 0.00159375

0.00367266 0.00159369
0.00367852 0.0015908

0.00367852 0.00159079
0.00368437 0.00158793

0.00369023 0.00158512
0.00368448 0.00158789

0.00368437 0.00158793
0.00368447 0.00158789

0.00369023 0.00158511
0.00369609 0.00158232

0.00370195 0.00157957
0.00369673 0.00158203

0.00370195 0.00157957
0.00370781 0.00157684

0.00369609 0.00158232
0.00369672 0.00158203

0.00372539 0.00156886
0.00372216 0.00157031

0.00372539 0.00156886
0.00373125 0.00156625

0.00371367 0.00157416
0.00370929 0.00157617

0.00370781 0.00157684
0.00370927 0.00157617

0.00371367 0.00157415
0.00371953 0.00157149

0.00371953 0.00157148
0.00372214 0.00157031

0.00364336 0.00160869
0.0036384 0.00161133

0.0036375 0.0016118
0.00363838 0.00161133

0.00364336 0.00160868
0.00364922 0.00160561

0.00365508 0.00160258
0.0036495 0.00160547

0.00366094 0.00159959
0.0036609 0.00159961

0.00365508 0.00160257
0.00366086 0.00159961

0.00364922 0.00160561
0.00364949 0.00160547

0.00366094 0.00159958
0.0036668 0.00159662

0.0036668 0.00159661
0.00367252 0.00159375

0.00377812 0.00154636
0.00377688 0.00154687

0.00373711 0.00156368
0.00373535 0.00156445

0.00373125 0.00156625
0.00373533 0.00156445

0.00373711 0.00156368
0.00374297 0.00156113

0.00375469 0.00155611
0.00374885 0.00155859

0.00374297 0.00156112
0.00374883 0.0015586

0.00375469 0.0015561
0.00376055 0.00155363

0.00376641 0.00155119
0.0037627 0.00155273

0.00376055 0.00155363
0.00376269 0.00155273

0.00376641 0.00155119
0.00377227 0.00154876

0.00377227 0.00154875
0.00377685 0.00154687

0.00377812 0.00154636
0.00378398 0.00154398

0.00378398 0.00154397
0.00378984 0.00154161

0.0037957 0.00153928
0.00379136 0.00154102

0.00378984 0.00154161
0.00379134 0.00154102

0.0037957 0.00153928
0.00380156 0.00153696

0.00380742 0.00153466
0.00380616 0.00153516

0.00380742 0.00153466
0.00381328 0.00153238

0.00380156 0.00153695
0.00380614 0.00153516

0.00381328 0.00153237
0.00381914 0.0015301

0.003825 0.00152786
0.00382125 0.0015293

0.00381914 0.0015301
0.00382124 0.0015293

0.00371367 0.0022492
0.00371256 0.00225

0.00371367 0.00224922
0.00371953 0.0022449

0.00373125 0.00223606
0.0037283 0.00223828

0.00372539 0.00224051
0.00372054 0.00224414

0.00371953 0.0022449
0.00372056 0.00224414

0.00372539 0.0022405
0.00372834 0.00223828

0.00377227 0.00220311
0.00377225 0.00220312

0.00377812 0.0021982
0.00377227 0.00220312

0.00374883 0.0022223
0.00374345 0.00222656

0.00375469 0.00221759
0.00375081 0.0022207

0.00374883 0.00222229
0.00375083 0.0022207

0.00373711 0.00223151
0.00373592 0.00223242

0.00373125 0.00223606
0.00373596 0.00223242

0.00373711 0.00223154
0.00374297 0.00222695

0.00374297 0.00222695
0.00374346 0.00222656

0.00376055 0.00221283
0.00375803 0.00221484

0.00376641 0.00220799
0.00376519 0.00220898

0.00376055 0.00221283
0.00376523 0.00220898

0.00375469 0.00221758
0.00375809 0.00221484

0.00376641 0.00220801
0.00377227 0.00220313

0.00377227 0.00220313
0.00377228 0.00220312

0.00380156 0.00217801
0.00379963 0.00217969

0.00378984 0.00218821
0.00378608 0.00219141

0.00378398 0.00219322
0.00377923 0.00219727

0.00377812 0.0021982
0.00377924 0.00219727

0.00378398 0.00219322
0.00378612 0.00219141

0.0037957 0.00218313
0.00379288 0.00218555

0.00378984 0.00218819
0.00379294 0.00218555

0.0037957 0.00218312
0.00379968 0.00217969

0.00381328 0.00216766
0.00381294 0.00216797

0.00380742 0.00217285
0.00380631 0.00217383

0.00380156 0.00217803
0.00380634 0.00217383

0.00380742 0.00217287
0.00381296 0.00216797

0.00381328 0.00216768
0.00381914 0.00216245

0.003825 0.00215719
0.00381952 0.00216211

0.00381914 0.00216246
0.00381953 0.00216211

0.00383672 0.00152341
0.00383664 0.00152344

0.00383672 0.0015234
0.00384258 0.00152119

0.00384258 0.00152119
0.00384844 0.00151899

0.003825 0.00152786
0.00383086 0.00152562

0.00383086 0.00152562
0.00383661 0.00152344

0.0038543 0.00151682
0.00385225 0.00151758

0.00384844 0.00151899
0.00385224 0.00151758

0.0038543 0.00151682
0.00386016 0.00151464

0.00387187 0.00151033
0.00386809 0.00151172

0.00386016 0.00151464
0.00386602 0.00151248

0.00386602 0.00151248
0.00386808 0.00151172

0.00387187 0.00151033
0.00387773 0.00150818

0.00387773 0.00150818
0.00388359 0.00150604

0.00388945 0.00150392
0.00388411 0.00150586

0.00388359 0.00150604
0.0038841 0.00150586

0.00388945 0.00150391
0.00389531 0.00150179

0.00389531 0.00150179
0.00390025 0.0015

0.00410625 0.00187329
0.00410479 0.001875

0.0042 0.00175585
0.00419861 0.00175781

0.00418242 0.00177949
0.00418111 0.00178125

0.00418828 0.00177173
0.00418554 0.00177539

0.00418242 0.0017795
0.00418554 0.00177539

0.00419414 0.00176387
0.00418993 0.00176953

0.00419859 0.00175781
0.00419428 0.00176367

0.00419414 0.00176387
0.00419428 0.00176367

0.00418828 0.00177176
0.00418992 0.00176953

0.00414727 0.00182425
0.00414413 0.00182812

0.00415312 0.001817
0.00414888 0.00182227

0.00414727 0.00182427
0.00414887 0.00182227

0.00412969 0.00184564
0.00412963 0.0018457

0.00412963 0.0018457
0.00412473 0.00185156

0.00411797 0.00185956
0.00411484 0.00186328

0.00411211 0.00186645
0.00410983 0.00186914

0.00410625 0.0018733
0.00410981 0.00186914

0.00411211 0.00186648
0.0041148 0.00186328

0.00412383 0.00185263
0.00411979 0.00185742

0.00411797 0.00185959
0.00411978 0.00185742

0.00412383 0.00185264
0.00412473 0.00185156

0.00413555 0.00183857
0.0041345 0.00183984

0.00414141 0.00183143
0.00413934 0.00183398

0.00413555 0.00183857
0.00413933 0.00183398

0.00412969 0.00184564
0.0041345 0.00183984

0.00414141 0.00183146
0.0041441 0.00182812

0.00416484 0.00180223
0.00416294 0.00180469

0.00417656 0.00178718
0.0041721 0.00179297

0.0041707 0.00179476
0.00416753 0.00179883

0.00416484 0.00180226
0.00416752 0.00179883

0.0041707 0.00179477
0.00417208 0.00179297

0.00415898 0.00180967
0.00415829 0.00181055

0.00415828 0.00181055
0.0041536 0.00181641

0.00415898 0.00180966
0.00416293 0.00180469

0.00415312 0.001817
0.0041536 0.00181641

0.0041811 0.00178125
0.00417662 0.00178711

0.00417656 0.00178718
0.00417662 0.00178711

0.00393047 0.00205838
0.00392618 0.0020625

0.00394219 0.00204697
0.00393827 0.00205078

0.00393633 0.00205268
0.00393224 0.00205664

0.00393047 0.00205838
0.00393226 0.00205664

0.00393633 0.00205269
0.00393829 0.00205078

0.00395391 0.00203547
0.00395025 0.00203906

0.00396562 0.00202387
0.00396213 0.00202734

0.00395977 0.00202969
0.0039562 0.0020332

0.00395391 0.00203548
0.00395622 0.0020332

0.00395977 0.0020297
0.00396214 0.00202734

0.00394805 0.00204124
0.00394427 0.00204492

0.00394219 0.00204698
0.00394429 0.00204492

0.00394805 0.00204124
0.00395027 0.00203906

0.00397734 0.00201216
0.00397389 0.00201563

0.00398906 0.00200032
0.00398553 0.00200391

0.0039832 0.00200626
0.00397973 0.00200977

0.00397734 0.00201217
0.00397973 0.00200977

0.0039832 0.00200626
0.00398553 0.00200391

0.00400078 0.00198834
0.00399705 0.00199219

0.0040125 0.00197622
0.00400843 0.00198047

0.00400664 0.0019823
0.00400276 0.00198633

0.00400078 0.00198835
0.00400275 0.00198633

0.00400664 0.00198231
0.00400842 0.00198047

0.00399492 0.00199435
0.00399131 0.00199805

0.00398906 0.00200033
0.0039913 0.00199805

0.00399492 0.00199436
0.00399704 0.00199219

0.00397148 0.00201803
0.00396802 0.00202148

0.00396562 0.00202388
0.00396804 0.00202148

0.00397148 0.00201804
0.0039739 0.00201562

0.00383086 0.0021519
0.00382604 0.00215625

0.00383672 0.00214659
0.0038325 0.00215039

0.00383086 0.0021519
0.00383253 0.00215039

0.00384258 0.00214124
0.00383894 0.00214453

0.00384844 0.00213586
0.00384535 0.00213867

0.00384258 0.00214123
0.00384539 0.00213867

0.00383672 0.00214658
0.00383898 0.00214453

0.0038543 0.00213045
0.00385172 0.00213281

0.00386016 0.00212502
0.00385806 0.00212695

0.0038543 0.00213045
0.00385811 0.00212695

0.00386602 0.00211957
0.00386438 0.00212109

0.00387187 0.0021141
0.00387066 0.00211523

0.00386602 0.00211958
0.0038707 0.00211523

0.00386016 0.00212502
0.00386443 0.00212109

0.00384844 0.00213585
0.00385177 0.00213281

0.00387773 0.00210861
0.00387692 0.00210937

0.00388359 0.00210311
0.00388316 0.00210352

0.00387773 0.00210864
0.00388318 0.00210352

0.00388945 0.00209758
0.00388937 0.00209766

0.00388945 0.0020976
0.00389531 0.00209205

0.00388359 0.00210313
0.00388939 0.00209766

0.00390703 0.00208091
0.00390175 0.00208594

0.00391875 0.00206969
0.003914 0.00207422

0.00391289 0.00207531
0.00390789 0.00208008

0.00390703 0.00208091
0.0039079 0.00208008

0.00391289 0.0020753
0.00391402 0.00207422

0.00390117 0.00208649
0.00389558 0.0020918

0.00389531 0.00209206
0.00389558 0.0020918

0.00390117 0.00208649
0.00390175 0.00208594

0.00387187 0.00211412
0.00387695 0.00210937

0.003825 0.0021572
0.00382605 0.00215625

0.00392461 0.00206405
0.0039201 0.00206836

0.00391875 0.00206968
0.00392013 0.00206836

0.00392461 0.00206404
0.00392621 0.0020625

0.00402422 0.00196395
0.00401967 0.00196875

0.00403594 0.00195154
0.00403078 0.00195703

0.00403008 0.00195777
0.00402524 0.00196289

0.00402422 0.00196397
0.00402524 0.00196289

0.00403008 0.00195777
0.00403078 0.00195703

0.0040418 0.00194525
0.00404174 0.00194531

0.00404766 0.00193893
0.00404718 0.00193945

0.0040418 0.00194526
0.00404719 0.00193945

0.00405352 0.00193258
0.00405258 0.00193359

0.00405937 0.00192617
0.00405795 0.00192773

0.00405352 0.00193259
0.00405795 0.00192773

0.00404766 0.00193894
0.00405259 0.00193359

0.00404175 0.00194531
0.00403628 0.00195117

0.00403594 0.00195154
0.00403628 0.00195117

0.00406523 0.00191972
0.00406329 0.00192187

0.00407109 0.00191323
0.0040686 0.00191602

0.00406523 0.00191975
0.00406857 0.00191602

0.00407695 0.00190668
0.00407388 0.00191016

0.00408281 0.0019001
0.00407911 0.0019043

0.00407695 0.00190671
0.00407909 0.0019043

0.00407109 0.00191325
0.00407385 0.00191016

0.00408867 0.00189348
0.0040843 0.00189844

0.00409453 0.00188681
0.00408947 0.00189258

0.00408867 0.00189349
0.00408947 0.00189258

0.00410039 0.00188007
0.00409971 0.00188086

0.00409971 0.00188086
0.00409461 0.00188672

0.00410039 0.00188007
0.00410478 0.001875

0.00409453 0.00188681
0.00409461 0.00188672

0.00408281 0.00190012
0.0040843 0.00189844

0.00405937 0.00192619
0.00406328 0.00192187

0.00401836 0.0019701
0.00401408 0.00197461

0.0040125 0.00197623
0.00401406 0.00197461

0.00401836 0.00197012
0.00401966 0.00196875

0.00353203 0.00234361
0.00353155 0.00234375

0.00353203 0.00234363
0.00353789 0.00234188

0.00353789 0.00234188
0.00354375 0.00234004

0.00345 0.00235833
0.00345586 0.0023579

0.00345586 0.0023579
0.00346172 0.00235738

0.00346172 0.00235738
0.00346758 0.00235676

0.00346758 0.00235676
0.00347344 0.00235604

0.0034793 0.00235521
0.00347746 0.00235547

0.0034793 0.00235522
0.00348516 0.0023543

0.00347344 0.00235604
0.00347755 0.00235547

0.00348516 0.00235431
0.00349102 0.0023533

0.00349102 0.0023533
0.00349687 0.00235219

0.00349687 0.00235219
0.00350273 0.002351

0.00350273 0.002351
0.00350859 0.00234971

0.00351445 0.00234833
0.00350902 0.00234961

0.00350859 0.00234971
0.00350904 0.00234961

0.00351445 0.00234833
0.00352031 0.00234685

0.00352031 0.00234685
0.00352617 0.00234529

0.00352617 0.00234529
0.00353162 0.00234375

0.00354375 0.00234004
0.00354961 0.00233811

0.00355547 0.00233609
0.00355024 0.00233789

0.00354961 0.00233811
0.00355025 0.00233789

0.00356719 0.00233177
0.00356648 0.00233203

0.00355547 0.00233609
0.00356133 0.00233398

0.00356133 0.00233398
0.00356653 0.00233203

0.00356719 0.00233178
0.00357305 0.00232949

0.00357305 0.00232949
0.00357891 0.00232711

0.00358477 0.00232464
0.00358114 0.00232617

0.00357891 0.00232712
0.00358116 0.00232617

0.00358477 0.00232464
0.00359062 0.00232209

0.00359648 0.00231944
0.00359455 0.00232031

0.00359648 0.00231945
0.00360234 0.00231672

0.0036082 0.0023139
0.00360704 0.00231445

0.00360234 0.00231673
0.00360708 0.00231445

0.0036082 0.0023139
0.00361406 0.002311

0.00359062 0.0023221
0.00359458 0.00232031

0.00361992 0.00230801
0.00361878 0.00230859

0.00361992 0.00230802
0.00362578 0.00230495

0.00361406 0.00231101
0.00361881 0.00230859

0.00363164 0.00230179
0.00362988 0.00230273

0.00362578 0.00230496
0.00362991 0.00230273

0.00363164 0.00230179
0.0036375 0.00229856

0.00364336 0.00229523
0.00364046 0.00229687

0.00364336 0.00229524
0.00364922 0.00229184

0.00366094 0.00228477
0.0036603 0.00228516

0.00365508 0.00228835
0.00365059 0.00229102

0.00364922 0.00229184
0.00365061 0.00229102

0.00365508 0.00228836
0.00366034 0.00228516

0.00368437 0.00226973
0.00367878 0.00227344

0.00366094 0.00228479
0.0036668 0.00228114

0.00367266 0.00227741
0.00366969 0.0022793

0.0036668 0.00228115
0.00366971 0.0022793

0.00367266 0.00227742
0.00367852 0.00227362

0.00367852 0.00227362
0.0036788 0.00227344

0.0036375 0.00229856
0.00364048 0.00229687

0.00369023 0.00226578
0.00368756 0.00226758

0.00368437 0.00226974
0.00368758 0.00226758

0.00369023 0.00226579
0.00369609 0.00226176

0.00370195 0.00225764
0.00369614 0.00226172

0.00370781 0.00225346
0.00370445 0.00225586

0.00370195 0.00225764
0.00370448 0.00225586

0.00369609 0.00226175
0.00369615 0.00226172

0.00370781 0.00225347
0.0037126 0.00225

0.004575 0.000587825
0.00457472 0.000591797

0.00457472 0.000591797
0.00457429 0.000597656

0.00457429 0.000597656
0.00457385 0.000603516

0.00457385 0.000603516
0.00457341 0.000609375

0.00457341 0.000609375
0.00457295 0.000615234

0.00457295 0.000615234
0.00457248 0.000621094

0.00457248 0.000621094
0.00457201 0.000626953

0.00457201 0.000626953
0.00457152 0.000632812

0.00457152 0.000632812
0.00457102 0.000638672

0.00457102 0.000638672
0.0045705 0.000644531

0.0045705 0.000644531
0.00456998 0.000650391

0.00456998 0.000650391
0.00456945 0.00065625

0.00456914 0.000659527
0.0045689 0.000662109

0.0045689 0.000662109
0.00456834 0.000667969

0.00456914 0.000659526
0.00456945 0.00065625

0.00456834 0.000667969
0.00456777 0.000673828

0.00456777 0.000673828
0.00456718 0.000679687

0.00456718 0.000679687
0.00456659 0.000685547

0.00456659 0.000685547
0.00456598 0.000691406

0.00456598 0.000691406
0.00456535 0.000697266

0.00456535 0.000697266
0.00456471 0.000703125

0.00456328 0.000715838
0.00456272 0.000720703

0.00456272 0.000720703
0.00456202 0.000726562

0.00456471 0.000703125
0.00456406 0.000708984

0.00456406 0.000708984
0.0045634 0.000714844

0.00456328 0.000715836
0.0045634 0.000714844

0.00456202 0.000726562
0.00456131 0.000732422

0.00456131 0.000732422
0.00456059 0.000738281

0.00456059 0.000738281
0.00455985 0.000744141

0.00455985 0.000744141
0.00455909 0.00075

0.00458933 0
0.00458933 5.85937e-06

0.00458933 5.85938e-06
0.00458932 1.17187e-05

0.00458932 1.17187e-05
0.00458932 1.75781e-05

0.00458932 1.75781e-05
0.00458931 2.34375e-05

0.00458931 2.34375e-05
0.00458931 2.92969e-05

0.00458931 2.92969e-05
0.0045893 3.51562e-05

0.0045893 3.51562e-05
0.00458929 4.10156e-05

0.00458929 4.10156e-05
0.00458927 4.6875e-05

0.00461006 0
0.00461006 5.85937e-06

0.00461006 5.85938e-06
0.00461006 1.17187e-05

0.00461006 1.17187e-05
0.00461005 1.75781e-05

0.00461005 1.75781e-05
0.00461004 2.34375e-05

0.00461004 2.34375e-05
0.00461004 2.92969e-05

0.00461004 2.92969e-05
0.00461002 3.51562e-05

0.00461002 3.51562e-05
0.00461001 4.10156e-05

0.00461001 4.10156e-05
0.00460999 4.6875e-05

0.00458927 4.6875e-05
0.00458926 5.27344e-05

0.00458926 5.27344e-05
0.00458924 5.85937e-05

0.00458924 5.85937e-05
0.00458923 6.44531e-05

0.00458923 6.44531e-05
0.00458921 7.03125e-05

0.00458921 7.03125e-05
0.00458918 7.61719e-05

0.00458918 7.61719e-05
0.00458916 8.20312e-05

0.00458916 8.20312e-05
0.00458914 8.78906e-05

0.00458914 8.78906e-05
0.00458911 9.375e-05

0.00460999 4.6875e-05
0.00460998 5.27344e-05

0.00460998 5.27344e-05
0.00460996 5.85937e-05

0.00460996 5.85937e-05
0.00460993 6.44531e-05

0.00460993 6.44531e-05
0.00460991 7.03125e-05

0.00460991 7.03125e-05
0.00460988 7.61719e-05

0.00460988 7.61719e-05
0.00460985 8.20312e-05

0.00460985 8.20312e-05
0.00460982 8.78906e-05

0.00460982 8.78906e-05
0.00460979 9.375e-05

0.00458911 9.375e-05
0.00458908 9.96094e-05

0.00458908 9.96094e-05
0.00458905 0.000105469

0.00458905 0.000105469
0.00458902 0.000111328

0.00458902 0.000111328
0.00458899 0.000117187

0.00458899 0.000117187
0.00458895 0.000123047

0.00458895 0.000123047
0.00458891 0.000128906

0.00458891 0.000128906
0.00458887 0.000134766

0.00458887 0.000134766
0.00458883 0.000140625

0.00460979 9.375e-05
0.00460975 9.96094e-05

0.00460975 9.96094e-05
0.00460971 0.000105469

0.00460971 0.000105469
0.00460967 0.000111328

0.00460967 0.000111328
0.00460963 0.000117187

0.00460963 0.000117187
0.00460958 0.000123047

0.00460958 0.000123047
0.00460954 0.000128906

0.00460954 0.000128906
0.00460949 0.000134766

0.00460949 0.000134766
0.00460943 0.000140625

0.00458883 0.000140625
0.00458879 0.000146484

0.00458879 0.000146484
0.00458874 0.000152344

0.00458874 0.000152344
0.00458869 0.000158203

0.00458869 0.000158203
0.00458864 0.000164062

0.00458864 0.000164062
0.00458859 0.000169922

0.00458859 0.000169922
0.00458853 0.000175781

0.00458853 0.000175781
0.00458848 0.000181641

0.00458848 0.000181641
0.00458842 0.0001875

0.00460943 0.000140625
0.00460938 0.000146484

0.00460938 0.000146484
0.00460932 0.000152344

0.00460932 0.000152344
0.00460926 0.000158203

0.00460926 0.000158203
0.0046092 0.000164062

0.0046092 0.000164062
0.00460913 0.000169922

0.00460913 0.000169922
0.00460906 0.000175781

0.00460906 0.000175781
0.00460899 0.000181641

0.00460899 0.000181641
0.00460892 0.0001875

0.00458842 0.0001875
0.00458836 0.000193359

0.00458836 0.000193359
0.00458829 0.000199219

0.00458829 0.000199219
0.00458823 0.000205078

0.00458823 0.000205078
0.00458816 0.000210937

0.00458816 0.000210937
0.00458809 0.000216797

0.00458809 0.000216797
0.00458801 0.000222656

0.00458801 0.000222656
0.00458794 0.000228516

0.00458794 0.000228516
0.00458786 0.000234375

0.00460892 0.0001875
0.00460884 0.000193359

0.00460884 0.000193359
0.00460876 0.000199219

0.00460876 0.000199219
0.00460868 0.000205078

0.00460868 0.000205078
0.0046086 0.000210937

0.0046086 0.000210937
0.00460851 0.000216797

0.00460851 0.000216797
0.00460842 0.000222656

0.00460842 0.000222656
0.00460832 0.000228516

0.00460832 0.000228516
0.00460822 0.000234375

0.00458786 0.000234375
0.00458778 0.000240234

0.00458778 0.000240234
0.00458769 0.000246094

0.00458769 0.000246094
0.0045876 0.000251953

0.0045876 0.000251953
0.00458751 0.000257812

0.00458751 0.000257812
0.00458742 0.000263672

0.00458742 0.000263672
0.00458732 0.000269531

0.00458732 0.000269531
0.00458722 0.000275391

0.00458723 0.000275391
0.00458712 0.00028125

0.00460822 0.000234375
0.00460812 0.000240234

0.00460812 0.000240234
0.00460802 0.000246094

0.00460802 0.000246094
0.00460791 0.000251953

0.00460791 0.000251953
0.0046078 0.000257812

0.0046078 0.000257812
0.00460769 0.000263672

0.00460769 0.000263672
0.00460757 0.000269531

0.00460757 0.000269531
0.00460745 0.000275391

0.00460745 0.000275391
0.00460733 0.00028125

0.00458672 0.0003027
0.00458668 0.000304687

0.00458712 0.00028125
0.00458702 0.000287109

0.00458702 0.000287109
0.00458691 0.000292969

0.00458691 0.000292969
0.0045868 0.000298828

0.00458672 0.0003027
0.0045868 0.000298828

0.00458668 0.000304687
0.00458656 0.000310547

0.00458656 0.000310547
0.00458644 0.000316406

0.00458644 0.000316406
0.00458631 0.000322266

0.00458631 0.000322266
0.00458618 0.000328125

0.00460733 0.00028125
0.0046072 0.000287109

0.0046072 0.000287109
0.00460707 0.000292969

0.00460707 0.000292969
0.00460693 0.000298828

0.00460693 0.000298828
0.00460679 0.000304687

0.00460679 0.000304687
0.00460665 0.000310547

0.00460665 0.000310547
0.0046065 0.000316406

0.0046065 0.000316406
0.00460635 0.000322266

0.00460635 0.000322266
0.00460619 0.000328125

0.00458618 0.000328125
0.00458605 0.000333984

0.00458605 0.000333984
0.00458591 0.000339844

0.00458591 0.000339844
0.00458577 0.000345703

0.00458577 0.000345703
0.00458562 0.000351562

0.00458562 0.000351562
0.00458547 0.000357422

0.00458547 0.000357422
0.00458531 0.000363281

0.00458531 0.000363281
0.00458515 0.000369141

0.00458515 0.000369141
0.00458499 0.000375

0.00460619 0.000328125
0.00460603 0.000333984

0.00460603 0.000333984
0.00460587 0.000339844

0.00460587 0.000339844
0.0046057 0.000345703

0.0046057 0.000345703
0.00460552 0.000351562

0.00460552 0.000351562
0.00460535 0.000357422

0.00460535 0.000357422
0.00460516 0.000363281

0.00460516 0.000363281
0.00460498 0.000369141

0.00460498 0.000369141
0.00460479 0.000375

0.00458499 0.000375
0.00458482 0.000380859

0.00458482 0.000380859
0.00458465 0.000386719

0.00458465 0.000386719
0.00458447 0.000392578

0.00458447 0.000392578
0.00458429 0.000398437

0.00458429 0.000398437
0.0045841 0.000404297

0.0045841 0.000404297
0.00458391 0.000410156

0.00458391 0.000410156
0.00458371 0.000416016

0.00458371 0.000416016
0.00458351 0.000421875

0.00460479 0.000375
0.00460459 0.000380859

0.00460459 0.000380859
0.00460439 0.000386719

0.0046043 0.000389255
0.00460418 0.000392578

0.00460418 0.000392578
0.00460397 0.000398437

0.0046043 0.000389254
0.00460439 0.000386719

0.00460397 0.000398437
0.00460375 0.000404297

0.00460375 0.000404297
0.00460353 0.000410156

0.00460353 0.000410156
0.0046033 0.000416016

0.0046033 0.000416016
0.00460306 0.000421875

0.00458351 0.000421875
0.0045833 0.000427734

0.0045833 0.000427734
0.00458309 0.000433594

0.00458309 0.000433594
0.00458287 0.000439453

0.00458287 0.000439453
0.00458264 0.000445312

0.00458264 0.000445312
0.00458241 0.000451172

0.00458241 0.000451172
0.00458217 0.000457031

0.00458217 0.000457031
0.00458193 0.000462891

0.00458193 0.000462891
0.00458168 0.00046875

0.00460306 0.000421875
0.00460282 0.000427734

0.00460282 0.000427734
0.00460258 0.000433594

0.00460258 0.000433594
0.00460233 0.000439453

0.00460233 0.000439453
0.00460207 0.000445312

0.00460207 0.000445312
0.00460181 0.000451172

0.00460181 0.000451172
0.00460154 0.000457031

0.00460154 0.000457031
0.00460126 0.000462891

0.00460126 0.000462891
0.00460098 0.00046875

0.00458168 0.00046875
0.00458142 0.000474609

0.00458142 0.000474609
0.00458116 0.000480469

0.00458086 0.000486966
0.00458061 0.000492187

0.00458116 0.000480469
0.00458089 0.000486328

0.00458086 0.000486964
0.00458089 0.000486328

0.00458061 0.000492187
0.00458033 0.000498047

0.00458033 0.000498047
0.00458004 0.000503906

0.00458004 0.000503906
0.00457974 0.000509766

0.00457974 0.000509766
0.00457944 0.000515625

0.00460098 0.00046875
0.00460069 0.000474609

0.00460069 0.000474609
0.00460039 0.000480469

0.00460039 0.000480469
0.00460009 0.000486328

0.00460009 0.000486328
0.00459978 0.000492187

0.00459978 0.000492187
0.00459946 0.000498047

0.00459946 0.000498047
0.00459913 0.000503906

0.00459913 0.000503906
0.0045988 0.000509766

0.0045988 0.000509766
0.00459846 0.000515625

0.00457944 0.000515625
0.00457912 0.000521484

0.00457912 0.000521484
0.0045788 0.000527344

0.0045788 0.000527344
0.00457847 0.000533203

0.00457847 0.000533203
0.00457814 0.000539062

0.00459844 0.000516055
0.00459812 0.000521484

0.00459812 0.000521484
0.00459776 0.000527344

0.00459776 0.000527344
0.0045974 0.000533203

0.0045974 0.000533203
0.00459702 0.000539062

0.00457814 0.000539062
0.00457779 0.000544922

0.00457779 0.000544922
0.00457744 0.000550781

0.00457744 0.000550781
0.00457708 0.000556641

0.00457708 0.000556641
0.00457671 0.0005625

0.00459702 0.000539062
0.00459664 0.000544922

0.00459664 0.000544922
0.00459626 0.000550781

0.00459626 0.000550781
0.00459586 0.000556641

0.00459586 0.000556641
0.00459545 0.0005625

0.00459844 0.000516054
0.00459846 0.000515625

0.00457671 0.0005625
0.00457633 0.000568359

0.00457633 0.000568359
0.00457594 0.000574219

0.00457594 0.000574219
0.00457554 0.000580078

0.00457554 0.000580078
0.00457513 0.000585937

0.00459545 0.0005625
0.00459504 0.000568359

0.00459504 0.000568359
0.00459461 0.000574219

0.00459461 0.000574219
0.00459418 0.000580078

0.00459418 0.000580078
0.00459374 0.000585937

0.004575 0.000587824
0.00457513 0.000585937

0.00459374 0.000585937
0.00459328 0.000591797

0.00459328 0.000591797
0.00459282 0.000597656

0.00459258 0.000600663
0.00459235 0.000603516

0.00459235 0.000603516
0.00459187 0.000609375

0.00459258 0.000600663
0.00459282 0.000597656

0.00459187 0.000609375
0.00459137 0.000615234

0.00459137 0.000615234
0.00459087 0.000621094

0.00459087 0.000621094
0.00459035 0.000626953

0.00459035 0.000626953
0.00458983 0.000632812

0.00458983 0.000632812
0.00458929 0.000638672

0.00458929 0.000638672
0.00458874 0.000644531

0.00458874 0.000644531
0.00458818 0.000650391

0.00458818 0.000650391
0.00458761 0.00065625

0.00458672 0.000665108
0.00458643 0.000667969

0.00458643 0.000667969
0.00458582 0.000673828

0.00458582 0.000673828
0.0045852 0.000679687

0.00458761 0.00065625
0.00458702 0.000662109

0.00458672 0.000665107
0.00458702 0.000662109

0.0045852 0.000679687
0.00458456 0.000685547

0.00458456 0.000685547
0.00458392 0.000691406

0.00458392 0.000691406
0.00458325 0.000697266

0.00458325 0.000697266
0.00458258 0.000703125

0.00458258 0.000703125
0.00458189 0.000708984

0.00458189 0.000708984
0.00458118 0.000714844

0.00458086 0.000717502
0.00458047 0.000720703

0.00458047 0.000720703
0.00457974 0.000726562

0.00458086 0.0007175
0.00458118 0.000714844

0.00457974 0.000726562
0.00457899 0.000732422

0.00457899 0.000732422
0.00457823 0.000738281

0.00457823 0.000738281
0.00457745 0.000744141

0.00457745 0.000744141
0.00457665 0.00075

0.00455909 0.00075
0.00455832 0.000755859

0.00455832 0.000755859
0.00455753 0.000761719

0.00455742 0.000762498
0.00455672 0.000767578

0.00455672 0.000767578
0.0045559 0.000773437

0.00455742 0.000762496
0.00455753 0.000761719

0.004575 0.000761845
0.00457418 0.000767578

0.00457418 0.000767578
0.00457332 0.000773437

0.0045559 0.000773437
0.00455506 0.000779297

0.00455506 0.000779297
0.0045542 0.000785156

0.0045542 0.000785156
0.00455333 0.000791016

0.00455333 0.000791016
0.00455244 0.000796875

0.00457332 0.000773437
0.00457244 0.000779297

0.00457244 0.000779297
0.00457154 0.000785156

0.00457154 0.000785156
0.00457063 0.000791016

0.00457063 0.000791016
0.0045697 0.000796875

0.00455156 0.000802508
0.00455153 0.000802734

0.00455153 0.000802734
0.0045506 0.000808594

0.0045506 0.000808594
0.00454965 0.000814453

0.00454965 0.000814453
0.00454868 0.000820312

0.00454868 0.000820312
0.00454769 0.000826172

0.00454769 0.000826172
0.00454668 0.000832031

0.0045457 0.000837618
0.00454566 0.000837891

0.00454565 0.000837891
0.00454461 0.00084375

0.0045457 0.000837616
0.00454668 0.000832031

0.00455156 0.000802505
0.00455244 0.000796875

0.00456914 0.000800338
0.00456875 0.000802734

0.00456876 0.000802734
0.00456779 0.000808594

0.00456914 0.000800336
0.0045697 0.000796875

0.00456779 0.000808594
0.0045668 0.000814453

0.0045668 0.000814453
0.0045658 0.000820312

0.00456328 0.000834464
0.00456266 0.000837891

0.00456266 0.000837891
0.00456158 0.00084375

0.0045658 0.000820312
0.00456477 0.000826172

0.00456477 0.000826172
0.00456372 0.000832031

0.00456328 0.00083446
0.00456372 0.000832031

0.00452813 0.000923293
0.00452754 0.000925781

0.00452754 0.000925781
0.00452613 0.000931641

0.00452613 0.000931641
0.0045247 0.0009375

0.00454461 0.00084375
0.00454353 0.000849609

0.00454353 0.000849609
0.00454244 0.000855469

0.00454244 0.000855469
0.00454133 0.000861328

0.00454133 0.000861328
0.00454019 0.000867187

0.00453984 0.000868963
0.00453904 0.000873047

0.00453904 0.000873047
0.00453785 0.000878906

0.00453785 0.000878906
0.00453665 0.000884766

0.00453665 0.000884766
0.00453542 0.000890625

0.00453984 0.000868962
0.00454019 0.000867187

0.00456158 0.00084375
0.00456047 0.000849609

0.00456047 0.000849609
0.00455934 0.000855469

0.00455742 0.00086514
0.00455701 0.000867187

0.00455933 0.000855469
0.00455818 0.000861328

0.00455742 0.000865136
0.00455818 0.000861328

0.00455702 0.000867187
0.00455583 0.000873047

0.00455583 0.000873047
0.0045546 0.000878906

0.0045546 0.000878906
0.00455336 0.000884766

0.00455336 0.000884766
0.00455209 0.000890625

0.00453398 0.000897345
0.0045329 0.000902344

0.00453542 0.000890625
0.00453417 0.000896484

0.00453398 0.000897343
0.00453417 0.000896484

0.00453289 0.000902344
0.00453159 0.000908203

0.00453159 0.000908203
0.00453027 0.000914062

0.00455156 0.000893045
0.00455081 0.000896484

0.00455081 0.000896484
0.0045495 0.000902344

0.0045495 0.000902344
0.00454816 0.000908203

0.00454816 0.000908203
0.00454679 0.000914062

0.00453027 0.000914062
0.00452892 0.000919922

0.00452812 0.000923291
0.00452892 0.000919922

0.0045457 0.000918666
0.00454541 0.000919922

0.00454541 0.000919922
0.004544 0.000925781

0.0045457 0.000918658
0.00454679 0.000914062

0.004544 0.000925781
0.00454256 0.000931641

0.00454255 0.000931641
0.00454108 0.0009375

0.00455156 0.000893041
0.00455209 0.000890625

0.00448125 0.00107769
0.00448108 0.00107812

0.00448108 0.00107812
0.0044788 0.00108398

0.0044788 0.00108398
0.00447647 0.00108984

0.00447539 0.00109251
0.00447409 0.0010957

0.00447409 0.0010957
0.00447166 0.00110156

0.00447539 0.00109251
0.00447647 0.00108984

0.00446953 0.00110659
0.00446918 0.00110742

0.00446918 0.00110742
0.00446663 0.00111328

0.00446367 0.00111991
0.00446134 0.001125

0.00446663 0.00111328
0.00446402 0.00111914

0.00446367 0.0011199
0.00446402 0.00111914

0.00446953 0.00110658
0.00447166 0.00110156

0.00448125 0.00111765
0.00448064 0.00111914

0.00448065 0.00111914
0.00447824 0.001125

0.00452227 0.000947237
0.00452176 0.000949219

0.0045247 0.0009375
0.00452325 0.000943359

0.00452227 0.000947234
0.00452325 0.000943359

0.00452176 0.000949219
0.00452025 0.000955078

0.00452025 0.000955078
0.0045187 0.000960937

0.00451641 0.000969474
0.00451554 0.000972656

0.00451554 0.000972656
0.0045139 0.000978516

0.0045139 0.000978516
0.00451224 0.000984375

0.0045187 0.000960937
0.00451714 0.000966797

0.00451641 0.000969472
0.00451714 0.000966797

0.00450469 0.00100977
0.00450348 0.00101367

0.00450347 0.00101367
0.00450162 0.00101953

0.00449883 0.00102817
0.00449782 0.00103125

0.00450162 0.00101953
0.00449974 0.00102539

0.00449883 0.00102816
0.00449974 0.00102539

0.00451055 0.000990268
0.00450883 0.000996094

0.00451225 0.000984375
0.00451056 0.000990234

0.00451055 0.000990267
0.00451056 0.000990234

0.00450883 0.000996094
0.00450708 0.00100195

0.00450708 0.00100195
0.00450529 0.00100781

0.00452813 0.000985104
0.00452662 0.000990234

0.00452662 0.000990234
0.00452486 0.000996094

0.00452227 0.00100453
0.00452125 0.00100781

0.00452486 0.000996094
0.00452306 0.00100195

0.00452227 0.00100453
0.00452306 0.00100195

0.00450469 0.00100977
0.0045053 0.00100781

0.00451641 0.00102291
0.0045156 0.00102539

0.00451561 0.00102539
0.00451366 0.00103125

0.00452126 0.00100781
0.00451941 0.00101367

0.0045194 0.00101367
0.00451751 0.00101953

0.00451641 0.00102291
0.00451751 0.00101953

0.00453984 0.000942367
0.00453959 0.000943359

0.0045396 0.000943359
0.00453808 0.000949219

0.00453808 0.000949219
0.00453652 0.000955078

0.00453652 0.000955078
0.00453494 0.000960937

0.00453984 0.000942357
0.00454108 0.0009375

0.00453398 0.000964425
0.00453334 0.000966797

0.00453334 0.000966797
0.00453171 0.000972656

0.00453398 0.000964418
0.00453494 0.000960937

0.00453171 0.000972656
0.00453003 0.000978516

0.00453003 0.000978516
0.00452833 0.000984375

0.00452812 0.000985103
0.00452834 0.000984375

0.00449297 0.00104556
0.00449184 0.00104883

0.00449183 0.00104883
0.00448976 0.00105469

0.00449781 0.00103125
0.00449586 0.00103711

0.00449586 0.00103711
0.00449386 0.00104297

0.00449297 0.00104556
0.00449387 0.00104297

0.00448711 0.00106204
0.00448551 0.00106641

0.00448976 0.00105469
0.00448766 0.00106055

0.00448711 0.00106204
0.00448766 0.00106055

0.00448551 0.00106641
0.00448331 0.00107227

0.00448125 0.00107768
0.00448332 0.00107227

0.00450469 0.00105702
0.00450342 0.00106055

0.00450343 0.00106055
0.00450128 0.00106641

0.00449883 0.00107298
0.00449689 0.00107812

0.00450127 0.00106641
0.00449909 0.00107227

0.00449883 0.00107298
0.0044991 0.00107227

0.00451055 0.00104037
0.00450966 0.00104297

0.00451366 0.00103125
0.00451167 0.00103711

0.00451055 0.00104036
0.00451166 0.00103711

0.00450966 0.00104297
0.00450762 0.00104883

0.00450761 0.00104883
0.00450553 0.00105469

0.00450469 0.00105701
0.00450552 0.00105469

0.00449297 0.00108832
0.00449238 0.00108984

0.00449239 0.00108984
0.00449009 0.0010957

0.00449009 0.0010957
0.00448776 0.00110156

0.0044969 0.00107812
0.00449465 0.00108398

0.00449297 0.00108831
0.00449464 0.00108398

0.00448711 0.00110318
0.00448541 0.00110742

0.00448542 0.00110742
0.00448304 0.00111328

0.00448711 0.00110317
0.00448775 0.00110156

0.00448125 0.00111764
0.00448303 0.00111328

0.00430547 0.00131204
0.00430484 0.0013125

0.00430547 0.00131206
0.00431133 0.00130769

0.00431719 0.00130322
0.00431271 0.00130664

0.00431133 0.00130769
0.00431273 0.00130664

0.00434062 0.00128418
0.00433484 0.00128906

0.00432305 0.00129865
0.00432028 0.00130078

0.00432891 0.00129393
0.00432766 0.00129492

0.00432305 0.00129865
0.0043277 0.00129492

0.00431719 0.00130322
0.00432034 0.00130078

0.00432891 0.00129395
0.00433477 0.00128913

0.00433477 0.00128913
0.00433484 0.00128906

0.00436406 0.00126289
0.00436119 0.00126562

0.0043875 0.00123865
0.00438432 0.00124219

0.00437578 0.0012512
0.00437315 0.00125391

0.00436992 0.00125714
0.00436727 0.00125977

0.00436406 0.0012629
0.0043673 0.00125977

0.00436992 0.00125717
0.00437316 0.00125391

0.00438164 0.00124505
0.00437883 0.00124805

0.00437578 0.00125123
0.00437883 0.00124805

0.00438164 0.00124507
0.0043843 0.00124219

0.00435234 0.00127387
0.00434842 0.00127734

0.00434648 0.00127909
0.00434175 0.0012832

0.00434062 0.00128418
0.00434176 0.0012832

0.00434648 0.00127909
0.00434846 0.00127734

0.0043582 0.00126846
0.00435491 0.00127148

0.00435234 0.00127385
0.00435495 0.00127148

0.0043582 0.00126846
0.00436123 0.00126563

0.00423516 0.00135792
0.00423264 0.00135937

0.00423516 0.00135793
0.00424102 0.00135449

0.00424687 0.00135099
0.00424265 0.00135352

0.00424102 0.00135449
0.00424266 0.00135352

0.00420586 0.00137426
0.0042008 0.00137695

0.0042 0.00137738
0.0042008 0.00137695

0.00420586 0.00137426
0.00421172 0.0013711

0.00421758 0.00136789
0.00421173 0.00137109

0.00422344 0.00136462
0.00422233 0.00136523

0.00421758 0.00136789
0.00422234 0.00136523

0.00422344 0.00136462
0.0042293 0.0013613

0.0042293 0.00136131
0.00423265 0.00135937

0.00425273 0.00134743
0.00425235 0.00134766

0.00425273 0.00134744
0.00425859 0.00134381

0.00424687 0.001351
0.00425238 0.00134766

0.00426445 0.00134011
0.00426178 0.0013418

0.00425859 0.00134382
0.0042618 0.0013418

0.00426445 0.00134012
0.00427031 0.00133635

0.00427617 0.00133251
0.00427094 0.00133594

0.00428203 0.00132859
0.0042798 0.00133008

0.00427617 0.00133252
0.00427982 0.00133008

0.00429375 0.00132051
0.00428843 0.00132422

0.00428203 0.0013286
0.00428789 0.00132459

0.00428789 0.00132459
0.00428844 0.00132422

0.00427031 0.00133635
0.00427096 0.00133594

0.00429961 0.00131633
0.00429675 0.00131836

0.00429375 0.00132051
0.00429678 0.00131836

0.00429961 0.00131634
0.00430487 0.0013125

0.0043875 0.00136941
0.00438693 0.00137109

0.00438694 0.00137109
0.00438498 0.00137695

0.00438497 0.00137695
0.00438299 0.00138281

0.00437578 0.00140397
0.004375 0.00140625

0.00438164 0.00138678
0.004381 0.00138867

0.00438101 0.00138867
0.00437902 0.00139453

0.00438164 0.00138677
0.00438298 0.00138281

0.00437902 0.00139453
0.00437701 0.00140039

0.00437578 0.00140397
0.00437701 0.00140039

0.00436406 0.00143757
0.0043627 0.00144141

0.00436271 0.00144141
0.00436061 0.00144727

0.0043606 0.00144727
0.00435847 0.00145312

0.00437501 0.00140625
0.004373 0.00141211

0.00437299 0.00141211
0.00437096 0.00141797

0.00436992 0.00142092
0.00436891 0.00142383

0.00436892 0.00142383
0.00436687 0.00142969

0.00436992 0.00142092
0.00437095 0.00141797

0.00436686 0.00142969
0.00436479 0.00143555

0.00436406 0.00143757
0.00436478 0.00143555

0.00435234 0.00146976
0.00435199 0.0014707

0.004352 0.0014707
0.0043498 0.00147656

0.0043582 0.00145388
0.00435634 0.00145898

0.00435635 0.00145898
0.00435419 0.00146484

0.0043582 0.00145388
0.00435848 0.00145312

0.00435234 0.00146976
0.00435417 0.00146484

0.00434648 0.00148523
0.00434531 0.00148828

0.0043498 0.00147656
0.00434757 0.00148242

0.00434648 0.00148523
0.00434756 0.00148242

0.00434533 0.00148828
0.00434305 0.00149414

0.00434304 0.00149414
0.00434073 0.0015

0.00440508 0.00121789
0.0044044 0.00121875

0.00441094 0.00121031
0.00440901 0.00121289

0.00440508 0.00121791
0.00440901 0.00121289

0.00442266 0.00119403
0.00442181 0.00119531

0.00443437 0.0011759
0.00443327 0.00117773

0.00443327 0.00117773
0.00442959 0.00118359

0.00442852 0.00118524
0.00442577 0.00118945

0.00442266 0.00119406
0.00442577 0.00118945

0.00442852 0.00118526
0.00442959 0.00118359

0.0044168 0.00120241
0.00441343 0.00120703

0.00442181 0.00119531
0.0044177 0.00120117

0.0044168 0.00120243
0.00441769 0.00120117

0.00441094 0.00121035
0.00441343 0.00120703

0.00445781 0.00113248
0.00445577 0.00113672

0.00445195 0.00114434
0.00444986 0.00114844

0.00445577 0.00113672
0.00445286 0.00114258

0.00445195 0.00114434
0.00445286 0.00114258

0.00444609 0.00115552
0.00444356 0.00116016

0.00444023 0.00116604
0.00443682 0.00117187

0.00444356 0.00116016
0.00444025 0.00116602

0.00444023 0.00116604
0.00444025 0.00116602

0.00444986 0.00114844
0.00444676 0.0011543

0.00444609 0.00115552
0.00444676 0.0011543

0.00446134 0.001125
0.00445859 0.00113086

0.00445781 0.00113248
0.00445859 0.00113086

0.00446953 0.0011459
0.00446847 0.00114844

0.00447539 0.00113185
0.00447337 0.00113672

0.00447823 0.001125
0.0044758 0.00113086

0.00447539 0.00113185
0.0044758 0.00113086

0.00447337 0.00113672
0.00447093 0.00114258

0.00446953 0.00114589
0.00447092 0.00114258

0.00446367 0.00115992
0.00446357 0.00116016

0.00446848 0.00114844
0.00446603 0.0011543

0.00446367 0.00115992
0.00446602 0.0011543

0.00446358 0.00116016
0.00446114 0.00116602

0.00446114 0.00116602
0.00445872 0.00117187

0.00443437 0.00117592
0.00443683 0.00117187

0.00445781 0.00117406
0.0044563 0.00117773

0.00445631 0.00117773
0.00445392 0.00118359

0.00445195 0.00118841
0.00445153 0.00118945

0.00445154 0.00118945
0.00444919 0.00119531

0.00445195 0.00118842
0.00445391 0.00118359

0.00444609 0.0012031
0.00444455 0.00120703

0.00444023 0.00121818
0.00444001 0.00121875

0.00444456 0.00120703
0.00444228 0.00121289

0.00444023 0.00121818
0.00444227 0.00121289

0.00444919 0.00119531
0.00444686 0.00120117

0.00444609 0.0012031
0.00444685 0.00120117

0.00445781 0.00117406
0.00445871 0.00117187

0.00439922 0.00122513
0.00439472 0.00123047

0.00439336 0.00123203
0.00438961 0.00123633

0.0043875 0.00123869
0.0043896 0.00123633

0.00439336 0.00123205
0.00439472 0.00123047

0.00440442 0.00121875
0.00439966 0.00122461

0.00439922 0.00122514
0.00439966 0.00122461

0.00443437 0.0012337
0.0044334 0.00123633

0.00443341 0.00123633
0.00443125 0.00124219

0.00442852 0.00124966
0.00442698 0.00125391

0.00443124 0.00124219
0.0044291 0.00124805

0.00442852 0.00124965
0.0044291 0.00124805

0.00442699 0.00125391
0.00442489 0.00125977

0.00442488 0.00125977
0.00442279 0.00126562

0.00441094 0.00129978
0.00441059 0.00130078

0.0044106 0.00130078
0.00440861 0.00130664

0.00440861 0.00130664
0.00440662 0.0013125

0.00442266 0.00126603
0.00442074 0.00127148

0.00442074 0.00127148
0.00441869 0.00127734

0.0044168 0.00128274
0.00441664 0.0012832

0.00441664 0.0012832
0.00441462 0.00128906

0.0044168 0.00128274
0.00441868 0.00127734

0.00442266 0.00126603
0.0044228 0.00126563

0.00441463 0.00128906
0.00441261 0.00129492

0.00441094 0.00129978
0.0044126 0.00129492

0.00444002 0.00121875
0.0044378 0.00122461

0.0044378 0.00122461
0.00443559 0.00123047

0.00443437 0.0012337
0.00443558 0.00123047

0.00439922 0.00133446
0.00439872 0.00133594

0.00440508 0.00131704
0.00440463 0.00131836

0.00440464 0.00131836
0.00440267 0.00132422

0.00440508 0.00131704
0.00440661 0.0013125

0.00440267 0.00132422
0.0044007 0.00133008

0.00439922 0.00133446
0.00440069 0.00133008

0.00439873 0.00133594
0.00439677 0.0013418

0.00439677 0.0013418
0.0043948 0.00134766

0.00439336 0.00135194
0.00439283 0.00135352

0.00439284 0.00135352
0.00439088 0.00135937

0.00439336 0.00135194
0.00439479 0.00134766

0.00439088 0.00135937
0.00438891 0.00136523

0.0043875 0.0013694
0.0043889 0.00136523

0.00457665 0.00075
0.00457584 0.000755859

0.00457584 0.000755859
0.00457502 0.000761719

0.004575 0.000761844
0.00457502 0.000761719

0.00424687 0.00168698
0.00424656 0.0016875

0.00429375 0.00160472
0.00429337 0.00160547

0.00428789 0.00161601
0.00428728 0.00161719

0.00429338 0.00160547
0.00429036 0.00161133

0.00428789 0.00161603
0.00429035 0.00161133

0.00428203 0.00162698
0.00428099 0.00162891

0.00427617 0.00163764
0.00427451 0.00164062

0.004281 0.00162891
0.00427778 0.00163477

0.00427617 0.00163764
0.00427778 0.00163477

0.00428729 0.00161719
0.00428417 0.00162305

0.00428203 0.00162699
0.00428416 0.00162305

0.00427031 0.00164801
0.00426782 0.00165234

0.00426445 0.00165812
0.00426441 0.0016582

0.00426441 0.0016582
0.00426094 0.00166406

0.00426445 0.00165814
0.00426783 0.00165234

0.00425859 0.00166796
0.00425742 0.00166992

0.00425743 0.00166992
0.00425385 0.00167578

0.00425273 0.00167758
0.00425023 0.00168164

0.00424687 0.001687
0.00425023 0.00168164

0.00425273 0.00167759
0.00425385 0.00167578

0.00425859 0.00166797
0.00426094 0.00166406

0.00427452 0.00164062
0.0042712 0.00164648

0.00427031 0.00164802
0.00427119 0.00164648

0.00434062 0.00150028
0.00433841 0.00150586

0.00433841 0.00150586
0.00433605 0.00151172

0.00433477 0.00151483
0.00433364 0.00151758

0.00433366 0.00151758
0.00433124 0.00152344

0.00433477 0.00151483
0.00433604 0.00151172

0.00432891 0.00152896
0.00432876 0.0015293

0.00432877 0.0015293
0.00432629 0.00153516

0.00432305 0.00154263
0.00432119 0.00154687

0.00432629 0.00153516
0.00432376 0.00154102

0.00432305 0.00154263
0.00432375 0.00154102

0.00432891 0.00152896
0.00433123 0.00152344

0.00431719 0.00155586
0.00431596 0.00155859

0.00431133 0.00156866
0.00431056 0.00157031

0.00431597 0.00155859
0.00431329 0.00156445

0.00431133 0.00156867
0.00431328 0.00156445

0.00430547 0.00158107
0.00430501 0.00158203

0.00429961 0.00159308
0.00429928 0.00159375

0.00430502 0.00158203
0.00430218 0.00158789

0.00429961 0.00159309
0.00430217 0.00158789

0.00431058 0.00157031
0.00430782 0.00157617

0.00430547 0.00158108
0.00430781 0.00157617

0.0043212 0.00154687
0.00431861 0.00155273

0.00431719 0.00155586
0.00431859 0.00155273

0.00434062 0.00150028
0.00434073 0.0015

0.00429929 0.00159375
0.00429636 0.00159961

0.00429375 0.00160473
0.00429635 0.00159961

0.00421758 0.00173118
0.00421535 0.00173437

0.00422344 0.00172268
0.00421943 0.00172852

0.00421758 0.00173118
0.00421943 0.00172852

0.00423516 0.00170519
0.00423135 0.00171094

0.00424102 0.00169617
0.00423905 0.00169922

0.00424656 0.0016875
0.00424283 0.00169336

0.00424102 0.00169618
0.00424283 0.00169336

0.00423906 0.00169922
0.00423523 0.00170508

0.00423516 0.00170519
0.00423523 0.00170508

0.0042293 0.001714
0.00422743 0.0017168

0.00422743 0.0017168
0.00422346 0.00172266

0.0042293 0.00171401
0.00423136 0.00171094

0.00422344 0.00172268
0.00422345 0.00172266

0.00421172 0.00173955
0.00421124 0.00174023

0.00421124 0.00174023
0.00420707 0.00174609

0.00420586 0.00174777
0.00420285 0.00175195

0.0042 0.00175588
0.00420285 0.00175195

0.00420586 0.00174779
0.00420705 0.00174609

0.00421172 0.00173955
0.00421536 0.00173437

