0.00397273 0
0.00397335 5.85937e-06

0.00397326 5.85938e-06
0.00397533 1.17187e-05

0.00397528 1.17187e-05
0.00397734 1.49051e-05

0.00397734 1.49586e-05
0.00397913 1.75781e-05

0.00397924 1.75781e-05
0.0039832 2.14394e-05

0.0039832 2.17886e-05
0.00398579 2.34375e-05

0.00398659 2.34375e-05
0.00398906 2.49281e-05

0.0040125 2.32088e-05
0.00401199 2.34375e-05

0.00398906 2.50362e-05
0.00399492 2.68493e-05

0.00399492 2.68255e-05
0.00400078 2.72022e-05

0.00400078 2.71877e-05
0.00400664 2.62047e-05

0.00400664 2.63783e-05
0.0040125 2.37372e-05

0.00402422 8.54669e-06
0.00402313 1.17187e-05

0.00401836 1.88944e-05
0.00401311 2.34375e-05

0.0040233 1.17187e-05
0.00401948 1.75781e-05

0.00401836 1.90525e-05
0.00401966 1.75781e-05

0.00402573 0
0.00402509 5.85937e-06

0.00402422 8.55247e-06
0.00402514 5.85938e-06

0.0040125 2.37523e-05
0.00401298 2.34375e-05

0.00441419 0
0.00441485 5.85937e-06

0.00441479 5.85938e-06
0.0044168 1.13959e-05

0.0044168 1.14345e-05
0.0044169 1.17187e-05

0.0044168 1.17944e-05
0.00442077 1.75781e-05

0.0044215 1.75781e-05
0.00442266 1.88568e-05

0.00443323 0
0.00443437 2.94616e-06

0.00442266 1.97463e-05
0.00442702 2.34375e-05

0.00442711 2.34375e-05
0.00442852 2.43918e-05

0.00442852 2.43405e-05
0.00443437 2.69917e-05

0.00443437 1.73464e-06
0.00444023 5.27975e-06

0.00444464 0
0.00444023 5.85937e-06

0.00443437 2.69007e-05
0.00444023 2.80608e-05

0.00444023 2.80447e-05
0.00444609 2.79276e-05

0.00444609 2.79544e-05
0.00445195 2.65387e-05

0.00445195 2.66317e-05
0.00445781 2.36779e-05

0.00446953 7.83539e-06
0.00446821 1.17187e-05

0.00446367 1.87369e-05
0.00445843 2.34375e-05

0.00446834 1.17187e-05
0.00446459 1.75781e-05

0.00446367 1.8927e-05
0.00446483 1.75781e-05

0.00447078 0
0.00447015 5.85937e-06

0.00446953 7.78118e-06
0.00447019 5.85938e-06

0.00445781 2.36176e-05
0.00445808 2.34375e-05

0.00451466 0
0.00451486 5.85937e-06

0.00451486 5.85938e-06
0.00451548 1.17187e-05

0.00451548 1.17187e-05
0.00451641 1.69833e-05

0.00451641 1.70012e-05
0.00451651 1.75781e-05

0.0045165 1.75781e-05
0.00451798 2.34375e-05

0.00451798 2.34375e-05
0.00451991 2.92969e-05

0.00451991 2.92969e-05
0.00452227 3.50514e-05

0.00452229 3.51562e-05
0.00452521 4.10156e-05

0.00452522 4.10156e-05
0.00452813 4.58994e-05

0.00452812 4.60124e-05
0.00452864 4.6875e-05

0.00452867 4.6875e-05
0.00453279 5.27344e-05

0.00453283 5.27344e-05
0.00453398 5.42087e-05

0.00453398 5.42161e-05
0.00453763 5.85937e-05

0.0045377 5.85937e-05
0.00453984 6.08963e-05

0.00453984 6.09603e-05
0.00454338 6.44531e-05

0.00454344 6.44531e-05
0.0045457 6.65108e-05

0.0045457 6.6606e-05
0.00455026 7.03125e-05

0.00455029 7.03125e-05
0.00455156 7.12794e-05

0.00455156 7.131e-05
0.00455742 7.53627e-05

0.00455742 7.54564e-05
0.00455861 7.61719e-05

0.0045589 7.61719e-05
0.00456328 7.88018e-05

0.00456328 7.88865e-05
0.00456914 8.18508e-05

0.00456914 8.18579e-05
0.00456956 8.20312e-05

0.00456974 8.20312e-05
0.004575 8.42288e-05

0.004575 8.42327e-05
0.00458086 8.6299e-05

0.00458086 8.63303e-05
0.00458648 8.78906e-05

0.00458653 8.78906e-05
0.00458672 8.79435e-05

0.00458672 8.78676e-05
0.00458683 8.78906e-05

0.00458672 8.7917e-05
0.00459258 8.91272e-05

0.00459258 8.91279e-05
0.00459844 9.00006e-05

0.00459844 9.00003e-05
0.0046043 9.05341e-05

0.0046043 9.05337e-05
0.00461016 9.07301e-05

0.00461016 9.07275e-05
0.00461602 9.05926e-05

0.00461602 9.05919e-05
0.00462188 9.01322e-05

0.00462187 9.01345e-05
0.00462773 8.93467e-05

0.00462773 8.93519e-05
0.00463359 8.82207e-05

0.00463945 8.67419e-05
0.0046349 8.78906e-05

0.00463359 8.82094e-05
0.00463486 8.78906e-05

0.00463945 8.67596e-05
0.00464531 8.49062e-05

0.00465703 7.9818e-05
0.00465241 8.20312e-05

0.00464531 8.49251e-05
0.00465117 8.26176e-05

0.00465117 8.26122e-05
0.00465239 8.20312e-05

0.00465703 7.98524e-05
0.00466289 7.6475e-05

0.00466875 7.24331e-05
0.00466337 7.61719e-05

0.00466289 7.64315e-05
0.00466329 7.61719e-05

0.00469219 4.37312e-05
0.00469062 4.6875e-05

0.00470189 0
0.00470173 5.85937e-06

0.00470173 5.85938e-06
0.00470126 1.17187e-05

0.00470126 1.17187e-05
0.00470046 1.75781e-05

0.00470047 1.75781e-05
0.00469933 2.34375e-05

0.00469805 2.83974e-05
0.00469781 2.92969e-05

0.00469782 2.92969e-05
0.00469589 3.51562e-05

0.00469805 2.84015e-05
0.00469933 2.34375e-05

0.00469591 3.51562e-05
0.00469352 4.10156e-05

0.00469219 4.37444e-05
0.00469355 4.10156e-05

0.00467461 6.75986e-05
0.00467139 7.03125e-05

0.00468047 6.1468e-05
0.00467779 6.44531e-05

0.00467461 6.75055e-05
0.00467773 6.44531e-05

0.00468633 5.38811e-05
0.0046829 5.85937e-05

0.00469065 4.6875e-05
0.00468712 5.27344e-05

0.00468633 5.38835e-05
0.0046871 5.27344e-05

0.00468047 6.14654e-05
0.00468286 5.85937e-05

0.00466875 7.23737e-05
0.00467136 7.03125e-05

0.00495759 0
0.00495781 5.85937e-06

0.00495781 5.85938e-06
0.00495845 1.17187e-05

0.00495845 1.17187e-05
0.0049595 1.75781e-05

0.0049595 1.75781e-05
0.00496099 2.34375e-05

0.00496098 2.34375e-05
0.00496172 2.56597e-05

0.00496172 2.56714e-05
0.00496292 2.92969e-05

0.00496291 2.92969e-05
0.00496536 3.51562e-05

0.00496535 3.51562e-05
0.00496758 3.95039e-05

0.00496758 3.95188e-05
0.00496835 4.10156e-05

0.00496833 4.10156e-05
0.00497198 4.6875e-05

0.00497204 4.6875e-05
0.00497344 4.88467e-05

0.00497344 4.88915e-05
0.00497632 5.27344e-05

0.00497641 5.27344e-05
0.0049793 5.61105e-05

0.0049793 5.61669e-05
0.00498155 5.85937e-05

0.00498163 5.85937e-05
0.00498516 6.19828e-05

0.00498516 6.2143e-05
0.00498789 6.44531e-05

0.00498811 6.44531e-05
0.00499102 6.67722e-05

0.00499102 6.69779e-05
0.00499585 7.03125e-05

0.00499625 7.03125e-05
0.00499687 7.0717e-05

0.00499687 7.08954e-05
0.00500273 7.42643e-05

0.00500273 7.43763e-05
0.00500651 7.61719e-05

0.00500699 7.61719e-05
0.00500859 7.69357e-05

0.00500859 7.70303e-05
0.00501445 7.92664e-05

0.00501445 7.92733e-05
0.00502031 8.10666e-05

0.00502031 8.11157e-05
0.00502442 8.20312e-05

0.00502504 8.20312e-05
0.00502617 8.22842e-05

0.00502617 8.23558e-05
0.00503203 8.32117e-05

0.00503203 8.32207e-05
0.00503789 8.3673e-05

0.00503789 8.36719e-05
0.00504375 8.3705e-05

0.00504375 8.37052e-05
0.00504961 8.33212e-05

0.00504961 8.33196e-05
0.00505547 8.25215e-05

0.00506133 8.12968e-05
0.00505778 8.20312e-05

0.00506133 8.13147e-05
0.00506719 7.96795e-05

0.00505547 8.25437e-05
0.00505795 8.20312e-05

0.00509062 6.84266e-05
0.00508751 7.03125e-05

0.00506719 7.96883e-05
0.00507305 7.76049e-05

0.00507891 7.50081e-05
0.00507624 7.61719e-05

0.00507305 7.76433e-05
0.00507642 7.61719e-05

0.00507891 7.50486e-05
0.00508477 7.2006e-05

0.00508477 7.2066e-05
0.00508767 7.03125e-05

0.00511992 4.30218e-05
0.00511589 4.6875e-05

0.00512578 3.77738e-05
0.00512194 4.10156e-05

0.00511992 4.30568e-05
0.00512219 4.10156e-05

0.00513164 3.34648e-05
0.005129 3.51562e-05

0.00513164 3.36177e-05
0.0051375 3.12732e-05

0.00512578 3.77959e-05
0.0051297 3.51562e-05

0.00509648 6.4199e-05
0.00509613 6.44531e-05

0.00509062 6.85025e-05
0.00509639 6.44531e-05

0.00509648 6.43554e-05
0.00510234 5.96748e-05

0.0051082 5.44683e-05
0.00510355 5.85937e-05

0.00511406 4.87918e-05
0.00510995 5.27344e-05

0.0051082 5.44846e-05
0.00511007 5.27344e-05

0.00510234 5.96958e-05
0.00510364 5.85937e-05

0.00511406 4.88273e-05
0.00511606 4.6875e-05

0.0051375 3.13871e-05
0.00514336 3.05487e-05

0.00514336 3.0643e-05
0.00514922 3.08944e-05

0.00514922 3.09798e-05
0.00515508 3.19613e-05

0.00515508 3.20282e-05
0.00516094 3.34353e-05

0.00516094 3.34892e-05
0.0051668 3.50801e-05

0.0051668 3.5116e-05
0.00516694 3.51562e-05

0.00516678 3.51562e-05
0.0051668 3.51613e-05

0.00516695 3.51562e-05
0.00517266 3.67133e-05

0.00517266 3.6726e-05
0.00517852 3.82411e-05

0.00517852 3.82495e-05
0.00518437 3.9638e-05

0.00518437 3.96463e-05
0.00519023 4.0875e-05

0.00519023 4.08809e-05
0.00519099 4.10156e-05

0.00519101 4.10156e-05
0.00519609 4.19238e-05

0.00519609 4.19195e-05
0.00520195 4.27875e-05

0.00520195 4.27851e-05
0.00520781 4.34892e-05

0.00520781 4.34858e-05
0.00521367 4.40373e-05

0.00521367 4.40333e-05
0.00521953 4.44469e-05

0.00521953 4.44423e-05
0.00522539 4.47352e-05

0.00522539 4.47303e-05
0.00523125 4.49215e-05

0.00523125 4.49163e-05
0.00523711 4.50263e-05

0.00523711 4.50212e-05
0.00524297 4.50706e-05

0.00524297 4.50659e-05
0.00524883 4.50745e-05

0.00524883 4.50706e-05
0.00525469 4.50559e-05

0.00525469 4.5053e-05
0.00526055 4.50286e-05

0.00526055 4.5027e-05
0.00526641 4.50021e-05

0.00526641 4.50015e-05
0.00527227 4.49805e-05

0.00527227 4.49809e-05
0.00527812 4.4964e-05

0.00527812 4.4965e-05
0.00528398 4.49495e-05

0.00528398 4.49508e-05
0.00528984 4.4932e-05

0.00528984 4.49333e-05
0.0052957 4.49061e-05

0.0052957 4.49073e-05
0.00530156 4.48666e-05

0.00530156 4.48675e-05
0.00530742 4.48095e-05

0.00530742 4.481e-05
0.00531328 4.47321e-05

0.00531328 4.47321e-05
0.00531914 4.46332e-05

0.00531914 4.46329e-05
0.005325 4.45133e-05

0.005325 4.45127e-05
0.00533086 4.43743e-05

0.00533086 4.43734e-05
0.00533672 4.42191e-05

0.00533672 4.4218e-05
0.00534258 4.40518e-05

0.00534258 4.40506e-05
0.00534844 4.38772e-05

0.00534844 4.38759e-05
0.0053543 4.37002e-05

0.0053543 4.36989e-05
0.00536016 4.35263e-05

0.00536016 4.35248e-05
0.00536602 4.33607e-05

0.00536602 4.33593e-05
0.00537187 4.32092e-05

0.00537187 4.32079e-05
0.00537773 4.30774e-05

0.00537773 4.30761e-05
0.00538359 4.29708e-05

0.00538359 4.29695e-05
0.00538945 4.28947e-05

0.00538945 4.28935e-05
0.00539531 4.28544e-05

0.00539531 4.28533e-05
0.00540117 4.28545e-05

0.00540117 4.28536e-05
0.00540703 4.28991e-05

0.00540703 4.28984e-05
0.00541289 4.29917e-05

0.00541289 4.2991e-05
0.00541875 4.31348e-05

0.00543376 0
0.00543633 3.00836e-06

0.00543868 0
0.00544219 2.82049e-06

0.00541875 4.31342e-05
0.00542461 4.33308e-05

0.00542461 4.33302e-05
0.00543047 4.3582e-05

0.00543047 4.35816e-05
0.00543633 4.38906e-05

0.00543633 4.38898e-05
0.00544219 4.42586e-05

0.00544219 1.74963e-06
0.00544805 1.76934e-06

0.00544805 3.89928e-06
0.0054506 0

0.00546305 0
0.00546562 3.55172e-06

0.00544219 4.42582e-05
0.00544805 4.46891e-05

0.00544805 4.46889e-05
0.00545391 4.51831e-05

0.00545391 4.51829e-05
0.00545977 4.57413e-05

0.00545977 4.5742e-05
0.00546562 4.63639e-05

0.00546562 1.3386e-06
0.00547148 1.32043e-06

0.00547148 3.54714e-06
0.00547405 0

0.00548619 0
0.00548906 3.91871e-06

0.00546562 4.637e-05
0.00547 4.6875e-05

0.00548906 1.62384e-06
0.00549492 1.57779e-06

0.00549492 3.9062e-06
0.00549777 0

0.00547008 4.6875e-05
0.00547148 4.70367e-05

0.00547148 4.70404e-05
0.00547734 4.777e-05

0.00547734 4.77718e-05
0.0054832 4.85579e-05

0.0054832 4.85591e-05
0.00548906 4.93953e-05

0.00548906 4.93966e-05
0.00549492 5.02777e-05

0.00549492 5.02791e-05
0.00550078 5.11996e-05

0.00550078 5.1203e-05
0.00550664 5.21536e-05

0.00550664 5.21709e-05
0.00551006 5.27344e-05

0.00551026 5.27344e-05
0.0055125 5.31037e-05

0.00554467 0
0.00554766 4.43047e-06

0.00554766 2.20413e-06
0.00555352 2.20866e-06

0.00555352 2.86563e-06
0.00555815 0

0.0055125 5.31211e-05
0.00551836 5.4102e-05

0.00551836 5.41055e-05
0.00552422 5.50992e-05

0.00552422 5.51014e-05
0.00553008 5.60963e-05

0.00553008 5.60986e-05
0.00553594 5.70857e-05

0.00553594 5.70908e-05
0.0055418 5.80553e-05

0.0055418 5.80777e-05
0.00554508 5.85937e-05

0.00554534 5.85937e-05
0.00554766 5.89575e-05

0.00554766 5.89796e-05
0.00555352 5.98539e-05

0.00555352 5.98601e-05
0.00555937 6.06791e-05

0.00555937 3.60449e-06
0.00556284 0

0.00555937 6.0681e-05
0.00556523 6.14282e-05

0.00556523 6.14259e-05
0.00557109 6.21025e-05

0.00557109 6.2091e-05
0.00557695 6.27244e-05

0.00557695 6.27012e-05
0.00558281 6.33608e-05

0.00558281 6.33231e-05
0.00558867 6.41309e-05

0.00558867 6.41898e-05
0.00559006 6.44531e-05

0.0055908 6.44531e-05
0.00559453 6.51594e-05

0.00559453 6.51692e-05
0.00560039 6.67269e-05

0.00560039 6.67147e-05
0.00560625 6.88092e-05

0.00560625 6.88736e-05
0.0056096 7.03125e-05

0.00560958 7.03125e-05
0.00561211 7.14018e-05

0.00561211 7.14802e-05
0.00561797 7.4121e-05

0.00561797 7.41893e-05
0.0056227 7.61719e-05

0.00562269 7.61719e-05
0.00562383 7.66501e-05

0.00562383 7.6651e-05
0.00562969 7.87795e-05

0.00562969 7.88131e-05
0.00563555 8.05385e-05

0.00563555 8.05558e-05
0.00564141 8.17764e-05

0.00564141 8.17696e-05
0.00564367 8.20312e-05

0.00564355 8.20312e-05
0.00564727 8.2461e-05

0.00564727 8.24423e-05
0.00565312 8.25996e-05

0.00566484 8.13946e-05
0.00566061 8.20312e-05

0.00565312 8.26054e-05
0.00565898 8.22582e-05

0.00565898 8.22422e-05
0.00566039 8.20312e-05

0.00566484 8.13921e-05
0.0056707 7.99464e-05

0.0056707 7.99542e-05
0.00567656 7.79163e-05

0.00569414 6.78308e-05
0.00569066 7.03125e-05

0.0057 6.26701e-05
0.00569807 6.44531e-05

0.00569414 6.77133e-05
0.00569798 6.44531e-05

0.00568242 7.53266e-05
0.00568057 7.61719e-05

0.00567656 7.78961e-05
0.00568033 7.61719e-05

0.00568242 7.52612e-05
0.00568828 7.18928e-05

0.00568828 7.18194e-05
0.00569047 7.03125e-05

0.00487383 0.00205838
0.00487019 0.0020625

0.00487969 0.00205203
0.00487542 0.00205664

0.00487383 0.00205838
0.0048754 0.00205664

0.00489727 0.00203456
0.00489251 0.00203906

0.00490312 0.00202918
0.00489871 0.0020332

0.00489727 0.00203454
0.0048987 0.0020332

0.00488555 0.00204595
0.00488089 0.00205078

0.00489141 0.00204014
0.00488657 0.00204492

0.00488555 0.00204595
0.00488657 0.00204492

0.00487969 0.00205203
0.00488087 0.00205078

0.00489141 0.00204013
0.00489251 0.00203906

0.0049207 0.00201411
0.00491885 0.00201563

0.00492656 0.0020094
0.0049261 0.00200977

0.0049207 0.00201408
0.00492606 0.00200977

0.00495 0.00199172
0.00494934 0.00199219

0.00493828 0.00200031
0.00493357 0.00200391

0.00492656 0.00200936
0.00493242 0.00200478

0.00493242 0.00200477
0.00493356 0.00200391

0.00494414 0.00199598
0.00494133 0.00199805

0.00493828 0.0020003
0.00494131 0.00199805

0.00494414 0.00199594
0.0049493 0.00199219

0.00490898 0.002024
0.00490515 0.00202734

0.00491484 0.00201898
0.00491186 0.00202148

0.00490898 0.00202395
0.00491188 0.00202148

0.00490312 0.00202915
0.00490516 0.00202734

0.00491484 0.00201894
0.00491884 0.00201562

0.00485625 0.00207944
0.00485576 0.00208008

0.00485573 0.00208008
0.00485132 0.00208594

0.00484453 0.0020955
0.00484306 0.00209766

0.00483867 0.00210432
0.00483547 0.00210937

0.00484305 0.00209766
0.00483918 0.00210352

0.00483867 0.00210432
0.00483918 0.00210352

0.00485039 0.00208723
0.0048471 0.0020918

0.00484453 0.00209551
0.00484709 0.0020918

0.00485039 0.00208723
0.00485132 0.00208594

0.00483281 0.00211377
0.00483193 0.00211523

0.00483192 0.00211523
0.00482852 0.00212109

0.00482695 0.00212393
0.00482527 0.00212695

0.00482527 0.00212695
0.00482216 0.00213281

0.00482695 0.00212392
0.00482852 0.00212109

0.00482109 0.00213492
0.00481918 0.00213867

0.00481918 0.00213867
0.00481634 0.00214453

0.00481523 0.00214691
0.00481361 0.00215039

0.00481361 0.00215039
0.00481101 0.00215625

0.00481523 0.0021469
0.00481634 0.00214453

0.00482109 0.00213491
0.00482216 0.00213281

0.00483281 0.00211376
0.00483547 0.00210937

0.00480937 0.00216011
0.00480853 0.00216211

0.00480852 0.00216211
0.00480615 0.00216797

0.00480352 0.00217482
0.00480172 0.00217969

0.00480615 0.00216797
0.00480388 0.00217383

0.00480352 0.00217482
0.00480388 0.00217383

0.00479766 0.00219153
0.00479583 0.00219727

0.00479583 0.00219727
0.00479405 0.00220312

0.00480172 0.00217969
0.00479965 0.00218555

0.00479966 0.00218555
0.0047977 0.00219141

0.00479766 0.00219153
0.0047977 0.00219141

0.00478594 0.00223527
0.0047853 0.00223828

0.0047853 0.00223828
0.00478414 0.00224414

0.00478414 0.00224414
0.00478306 0.00225

0.0047918 0.00221113
0.00479079 0.00221484

0.00479405 0.00220312
0.00479237 0.00220898

0.0047918 0.00221112
0.00479238 0.00220898

0.00479079 0.00221484
0.00478928 0.0022207

0.00478928 0.0022207
0.00478786 0.00222656

0.00478786 0.00222656
0.00478654 0.00223242

0.00478594 0.00223527
0.00478654 0.00223242

0.00480937 0.0021601
0.00481101 0.00215625

0.00486211 0.00207205
0.00486037 0.00207422

0.00486797 0.00206503
0.00486518 0.00206836

0.00486211 0.00207205
0.00486513 0.00206836

0.00485625 0.00207941
0.00486033 0.00207422

0.00486797 0.00206505
0.00487015 0.0020625

0.00478306 0.00225
0.00478207 0.00225586

0.00478207 0.00225586
0.00478117 0.00226172

0.00478008 0.00226985
0.00477963 0.00227344

0.00478117 0.00226172
0.00478036 0.00226758

0.00478008 0.00226985
0.00478036 0.00226758

0.00477963 0.00227344
0.00477899 0.0022793

0.00477899 0.0022793
0.00477844 0.00228516

0.00477844 0.00228516
0.00477798 0.00229102

0.00477798 0.00229102
0.00477762 0.00229687

0.00477762 0.00229687
0.00477735 0.00230273

0.00477735 0.00230273
0.00477719 0.00230859

0.00477718 0.00230859
0.00477712 0.00231445

0.00477712 0.00231445
0.00477716 0.00232031

0.00477716 0.00232031
0.00477731 0.00232617

0.00477731 0.00232617
0.00477757 0.00233203

0.00477757 0.00233203
0.00477795 0.00233789

0.00477795 0.00233789
0.00477845 0.00234375

0.00477845 0.00234375
0.00477908 0.00234961

0.00477908 0.00234961
0.00477984 0.00235547

0.00477984 0.00235547
0.00478008 0.00235702

0.00478008 0.00235704
0.00478074 0.00236133

0.00478074 0.00236133
0.0047818 0.00236719

0.0047818 0.00236719
0.00478301 0.00237305

0.00478301 0.00237305
0.00478438 0.00237891

0.00478437 0.00237891
0.00478591 0.00238477

0.00478591 0.00238477
0.00478594 0.00238487

0.00478594 0.00238487
0.00478765 0.00239062

0.00478766 0.00239062
0.00478958 0.00239648

0.00478956 0.00239648
0.00479169 0.00240234

0.00479169 0.00240234
0.0047918 0.0024026

0.0047918 0.00240259
0.00479406 0.0024082

0.00479407 0.0024082
0.00479667 0.00241406

0.00479664 0.00241406
0.00479766 0.00241613

0.00479766 0.00241612
0.00479952 0.00241992

0.00479952 0.00241992
0.00480267 0.00242578

0.00480265 0.00242578
0.00480352 0.00242726

0.00480352 0.00242724
0.00480611 0.00243164

0.0048061 0.00243164
0.00480937 0.00243669

0.00480937 0.00243668
0.0048099 0.0024375

0.0048099 0.0024375
0.00481406 0.00244336

0.00481407 0.00244336
0.00481523 0.00244491

0.00481523 0.00244489
0.00481861 0.00244922

0.00481865 0.00244922
0.00482109 0.00245214

0.00482109 0.00245212
0.00482365 0.00245508

0.0048237 0.00245508
0.00482695 0.00245859

0.00482695 0.0024586
0.00482923 0.00246094

0.00482925 0.00246094
0.00483281 0.00246438

0.00483281 0.00246442
0.00483543 0.0024668

0.00483545 0.0024668
0.00483867 0.0024696

0.00483867 0.00246967
0.00484234 0.00247266

0.00484239 0.00247266
0.00484453 0.00247433

0.00484453 0.00247442
0.00485009 0.00247852

0.00485014 0.00247852
0.00485039 0.0024787

0.00485039 0.0024787
0.00485625 0.00248262

0.00485625 0.00248266
0.00485905 0.00248437

0.00485916 0.00248437
0.00486211 0.00248618

0.00486211 0.00248621
0.00486797 0.00248946

0.00486797 0.00248948
0.00486947 0.00249023

0.00486957 0.00249023
0.00487383 0.00249237

0.00487383 0.00249238
0.00487969 0.00249505

0.00487969 0.00249507
0.0048822 0.00249609

0.00488231 0.00249609
0.00488555 0.00249742

0.00488555 0.00249742
0.00489141 0.00249957

0.00489141 0.00249958
0.00489727 0.00250149

0.00489727 0.0025015
0.00489886 0.00250195

0.00489895 0.00250195
0.00490312 0.00250315

0.00490312 0.00250315
0.00490898 0.00250462

0.00490898 0.00250462
0.00491484 0.00250591

0.00491484 0.00250591
0.0049207 0.00250699

0.0049207 0.00250699
0.0049261 0.00250781

0.00492616 0.00250781
0.00492656 0.00250787

0.00492656 0.00250787
0.00493242 0.00250858

0.00493242 0.00250858
0.00493828 0.00250914

0.00493828 0.00250914
0.00494414 0.00250954

0.00494414 0.00250954
0.00495 0.0025098

0.0051375 0.00187357
0.00513518 0.001875

0.0051375 0.00187354
0.00514336 0.00186994

0.00514922 0.00186636
0.00514469 0.00186914

0.00514336 0.00186993
0.00514465 0.00186914

0.00515508 0.00186277
0.00515424 0.00186328

0.00515508 0.00186274
0.00516094 0.00185914

0.00514922 0.00186633
0.00515418 0.00186328

0.00517852 0.00184832
0.00517325 0.00185156

0.00518437 0.00184473
0.0051828 0.0018457

0.00517852 0.0018483
0.00518272 0.0018457

0.0051668 0.00185554
0.00516376 0.00185742

0.00516094 0.00185912
0.00516369 0.00185742

0.0051668 0.00185551
0.00517266 0.0018519

0.00517266 0.0018519
0.00517321 0.00185156

0.00521367 0.00182673
0.0052114 0.00182812

0.00521367 0.00182668
0.00521953 0.0018231

0.00523125 0.001816
0.00523058 0.00181641

0.00522539 0.00181955
0.00522095 0.00182227

0.00521953 0.00182309
0.00522089 0.00182227

0.00522539 0.00181952
0.0052305 0.00181641

0.00519609 0.00183751
0.0051923 0.00183984

0.00518437 0.0018447
0.00519023 0.00184109

0.00519023 0.00184108
0.00519224 0.00183984

0.00520195 0.00183391
0.00520182 0.00183398

0.00519609 0.00183747
0.00520177 0.00183398

0.00520195 0.00183389
0.00520781 0.00183031

0.00520781 0.00183028
0.00521132 0.00182812

0.0052957 0.00177829
0.00529035 0.00178125

0.00530156 0.00177509
0.00530102 0.00177539

0.0052957 0.00177823
0.00530091 0.00177539

0.00531328 0.00176888
0.00531205 0.00176953

0.00530156 0.00177508
0.00530742 0.00177195

0.00530742 0.00177189
0.00531192 0.00176953

0.00531328 0.00176887
0.00531914 0.00176586

0.005325 0.00176293
0.00532353 0.00176367

0.00531914 0.0017658
0.00532339 0.00176367

0.00525469 0.00180188
0.00524999 0.00180469

0.00523125 0.00181597
0.00523711 0.00181243

0.00524297 0.00180891
0.00524026 0.00181055

0.00523711 0.0018124
0.00524017 0.00181055

0.00524297 0.00180886
0.00524883 0.00180535

0.00524883 0.00180533
0.00524992 0.00180469

0.00526055 0.00179842
0.00525986 0.00179883

0.00525469 0.00180184
0.00525977 0.00179883

0.00526055 0.00179839
0.00526641 0.00179496

0.00527227 0.00179156
0.00526986 0.00179297

0.00527227 0.00179151
0.00527812 0.00178814

0.00526641 0.00179492
0.00526975 0.00179297

0.00528398 0.00178483
0.00528 0.00178711

0.00527812 0.00178812
0.00527989 0.00178711

0.00528398 0.00178478
0.00528984 0.00178149

0.00528984 0.00178148
0.00529026 0.00178125

0.00498516 0.00196774
0.0049836 0.00196875

0.00498516 0.0019677
0.00499102 0.0019639

0.00499687 0.00196015
0.00499261 0.00196289

0.00499102 0.00196389
0.00499259 0.00196289

0.00500273 0.00195645
0.0050018 0.00195703

0.00500273 0.00195642
0.00500859 0.00195272

0.00499687 0.00196014
0.00500176 0.00195703

0.00501445 0.00194906
0.00501109 0.00195117

0.00500859 0.00195271
0.00501105 0.00195117

0.00501445 0.00194904
0.00502031 0.00194539

0.00502617 0.00194177
0.00502045 0.00194531

0.00503203 0.00193816
0.00502994 0.00193945

0.00502617 0.00194176
0.0050299 0.00193945

0.00504375 0.00193095
0.00503944 0.00193359

0.00503203 0.00193814
0.00503789 0.00193453

0.00503789 0.00193453
0.00503941 0.00193359

0.00502031 0.00194538
0.00502043 0.00194531

0.00495 0.00199169
0.00495586 0.00198752

0.00496172 0.00198343
0.00495758 0.00198633

0.00495586 0.0019875
0.00495756 0.00198633

0.00496758 0.00197944
0.00496605 0.00198047

0.00496758 0.0019794
0.00497344 0.00197545

0.00496172 0.00198342
0.00496601 0.00198047

0.0049793 0.00197156
0.00497471 0.00197461

0.00497344 0.00197543
0.0049747 0.00197461

0.0049793 0.00197155
0.00498355 0.00196875

0.00506133 0.00192019
0.00505858 0.00192187

0.00506133 0.00192017
0.00506719 0.00191659

0.00507891 0.00190946
0.00507776 0.00191016

0.00507305 0.00191303
0.00506815 0.00191602

0.00506719 0.00191659
0.00506813 0.00191602

0.00507305 0.00191301
0.00507772 0.00191016

0.00507891 0.00190944
0.00508477 0.00190586

0.00509062 0.00190229
0.00508735 0.0019043

0.00508477 0.00190585
0.00508731 0.0019043

0.00504961 0.00192737
0.005049 0.00192773

0.00504375 0.00193093
0.00504896 0.00192773

0.00504961 0.00192735
0.00505547 0.00192376

0.00505547 0.00192375
0.00505854 0.00192187

0.00510234 0.00189512
0.00509691 0.00189844

0.0051082 0.00189155
0.00510652 0.00189258

0.00510234 0.0018951
0.00510646 0.00189258

0.0051082 0.00189152
0.00511406 0.00188793

0.00509062 0.00190227
0.00509648 0.00189869

0.00509648 0.00189868
0.00509689 0.00189844

0.00511992 0.00188435
0.00511607 0.00188672

0.00512578 0.00188077
0.00512563 0.00188086

0.00511992 0.00188433
0.00512558 0.00188086

0.00511406 0.00188792
0.00511602 0.00188672

0.00512578 0.00188075
0.00513164 0.00187716

0.00513164 0.00187714
0.00513512 0.001875

0.00533672 0.00175729
0.00533561 0.00175781

0.00533672 0.00175729
0.00534258 0.00175458

0.00534258 0.00175452
0.00534834 0.00175195

0.005325 0.00176292
0.00533086 0.00176005

0.00533086 0.00175999
0.00533546 0.00175781

0.0053543 0.00174947
0.00534847 0.00175195

0.0053543 0.00174943
0.00536016 0.001747

0.00536602 0.00174474
0.00536256 0.00174609

0.00536602 0.00174475
0.00537187 0.00174254

0.00536016 0.00174696
0.00536239 0.00174609

0.00540117 0.0017333
0.00539716 0.00173437

0.00540117 0.00173329
0.00540703 0.00173182

0.00540703 0.00173182
0.00541289 0.00173045

0.00541289 0.00173044
0.00541875 0.0017292

0.00537187 0.00174247
0.00537773 0.00174038

0.00538359 0.00173849
0.00537832 0.00174023

0.00537773 0.00174037
0.00537816 0.00174023

0.00538359 0.0017385
0.00538945 0.00173662

0.00538945 0.00173658
0.00539531 0.00173483

0.00539531 0.00173481
0.00539693 0.00173437

0.00542461 0.00172817
0.00542272 0.00172852

0.00541875 0.00172918
0.00542242 0.00172852

0.00542461 0.00172815
0.00543047 0.00172723

0.00543047 0.00172723
0.00543633 0.00172643

0.00543633 0.00172643
0.00544219 0.00172577

0.00544219 0.00172576
0.00544805 0.00172524

0.00544805 0.00172524
0.00545391 0.00172486

0.00545391 0.00172487
0.00545977 0.00172463

0.00545977 0.00172463
0.00546562 0.00172453

0.00546562 0.00172453
0.00547148 0.00172457

0.00547148 0.00172457
0.00547734 0.00172476

0.00547734 0.00172476
0.0054832 0.00172509

0.0054832 0.00172509
0.00548906 0.00172558

0.00548906 0.00172558
0.00549492 0.00172622

0.00549492 0.00172622
0.00550078 0.00172701

0.00550078 0.00172701
0.00550664 0.00172797

0.00550664 0.00172796
0.00550953 0.00172852

0.00550942 0.00172852
0.0055125 0.0017291

0.0055125 0.0017291
0.00551836 0.00173036

0.00551836 0.00173035
0.00552422 0.00173176

0.00552422 0.00173176
0.00553008 0.00173334

0.00553008 0.00173333
0.00553359 0.00173437

0.00553349 0.00173437
0.00553594 0.0017351

0.00553594 0.00173509
0.0055418 0.001737

0.0055418 0.00173699
0.00554766 0.00173906

0.00554766 0.00173905
0.00555075 0.00174023

0.00555067 0.00174023
0.00555352 0.00174133

0.00555352 0.00174132
0.00555937 0.00174374

0.00555937 0.00174373
0.0055647 0.00174609

0.00556465 0.00174609
0.00556523 0.00174636

0.00556523 0.00174635
0.00557109 0.00174914

0.00557109 0.00174912
0.00557666 0.00175195

0.00557662 0.00175195
0.00557695 0.00175212

0.00557695 0.00175211
0.00558281 0.00175529

0.00558281 0.00175526
0.00558724 0.00175781

0.00558719 0.00175781
0.00558867 0.00175867

0.00558867 0.00175865
0.00559453 0.00176223

0.00559453 0.00176222
0.0055968 0.00176367

0.00559676 0.00176367
0.00560039 0.00176601

0.00560039 0.00176599
0.00560555 0.00176953

0.0056055 0.00176953
0.00560625 0.00177004

0.00560625 0.00177002
0.00561211 0.00177427

0.00561211 0.00177427
0.00561362 0.00177539

0.00561359 0.00177539
0.00561797 0.00177874

0.00561797 0.00177875
0.00562112 0.00178125

0.00562105 0.00178125
0.00562383 0.00178347

0.00562383 0.00178347
0.00562813 0.00178711

0.00562808 0.00178711
0.00562969 0.00178849

0.00562969 0.00178846
0.0056347 0.00179297

0.00563468 0.00179297
0.00563555 0.00179376

0.00563555 0.00179374
0.0056409 0.00179883

0.00564089 0.00179883
0.00564141 0.00179933

0.00564141 0.00179932
0.00564675 0.00180469

0.00564674 0.00180469
0.00564727 0.00180523

0.00564727 0.00180522
0.00565229 0.00181055

0.00565229 0.00181055
0.00565312 0.00181147

0.00565312 0.00181147
0.00565754 0.00181641

0.00565754 0.00181641
0.00565898 0.00181808

0.00565898 0.00181809
0.00566252 0.00182227

0.00566255 0.00182227
0.00566484 0.00182513

0.00566484 0.00182509
0.00566725 0.00182812

0.00566727 0.00182812
0.0056707 0.00183257

0.0056707 0.00183255
0.00567178 0.00183398

0.00567179 0.00183398
0.0056761 0.00183984

0.00567612 0.00183984
0.00567656 0.00184048

0.00567656 0.0018405
0.00568021 0.0018457

0.00568021 0.0018457
0.00568242 0.00184901

0.00568242 0.00184901
0.00568412 0.00185156

0.00568412 0.00185156
0.00568786 0.00185742

0.00568788 0.00185742
0.00568828 0.00185809

0.00568828 0.00185811
0.00569143 0.00186328

0.00569144 0.00186328
0.00569414 0.00186793

0.00569414 0.00186794
0.00569484 0.00186914

0.00569484 0.00186914
0.00569809 0.001875

0.00569809 0.001875
0.0057 0.00187861

0.0057 0.00222006
0.00569973 0.0022207

0.00569971 0.0022207
0.00569713 0.00222656

0.00568828 0.0022453
0.00568591 0.00225

0.00569414 0.00223313
0.00569171 0.00223828

0.00569713 0.00222656
0.00569446 0.00223242

0.00569414 0.00223312
0.00569447 0.00223242

0.0056917 0.00223828
0.00568885 0.00224414

0.00568828 0.00224529
0.00568886 0.00224414

0.00495 0.0025098
0.00495586 0.00250992

0.00495586 0.00250992
0.00496172 0.00250992

0.00496172 0.00250991
0.00496758 0.00250979

0.00496758 0.00250979
0.00497344 0.00250956

0.00499687 0.00250774
0.00499614 0.00250781

0.00497344 0.00250956
0.0049793 0.00250923

0.0049793 0.00250923
0.00498516 0.00250881

0.00498516 0.00250881
0.00499102 0.00250832

0.00499102 0.00250832
0.00499629 0.00250781

0.00499687 0.00250775
0.00500273 0.00250712

0.00500273 0.00250712
0.00500859 0.00250644

0.00500859 0.00250644
0.00501445 0.00250571

0.00501445 0.00250571
0.00502031 0.00250493

0.00502031 0.00250493
0.00502617 0.00250411

0.00502617 0.00250411
0.00503203 0.00250325

0.00503203 0.00250325
0.00503789 0.00250234

0.00504375 0.00250138
0.00504025 0.00250195

0.00503789 0.00250235
0.0050403 0.00250195

0.00504375 0.00250138
0.00504961 0.00250037

0.00504961 0.00250037
0.00505547 0.00249929

0.00505547 0.0024993
0.00506133 0.00249814

0.00506133 0.00249815
0.00506719 0.0024969

0.00507305 0.00249555
0.00507069 0.00249609

0.00507305 0.00249556
0.00507891 0.00249411

0.00506719 0.00249691
0.00507076 0.00249609

0.00507891 0.00249411
0.00508477 0.00249254

0.00508477 0.00249255
0.00509062 0.00249083

0.00511406 0.00248223
0.00510892 0.00248437

0.00511406 0.00248224
0.00511992 0.00247958

0.00512578 0.00247666
0.00512205 0.00247852

0.00511992 0.0024796
0.00512211 0.00247852

0.0051375 0.00247006
0.00513309 0.00247266

0.00512578 0.00247668
0.00513164 0.00247352

0.00513164 0.00247353
0.00513313 0.00247266

0.00509648 0.00248894
0.00509246 0.00249023

0.00509062 0.00249084
0.00509251 0.00249023

0.00509648 0.00248895
0.00510234 0.00248691

0.00510234 0.00248692
0.0051082 0.00248469

0.0051082 0.00248469
0.00510896 0.00248437

0.00518437 0.00243235
0.00517872 0.0024375

0.00519609 0.00242235
0.00519185 0.00242578

0.00519023 0.00242715
0.00518512 0.00243164

0.00518437 0.00243234
0.00518516 0.00243164

0.00519023 0.00242712
0.00519185 0.00242578

0.00520195 0.00241817
0.00519946 0.00241992

0.00519609 0.00242226
0.00519937 0.00241992

0.00520195 0.00241807
0.00520781 0.0024146

0.00521367 0.00241193
0.00520901 0.00241406

0.00521367 0.00241193
0.00521953 0.00241001

0.00521953 0.00241002
0.00522539 0.00240884

0.00522539 0.00240886
0.00523125 0.00240838

0.00520781 0.00241458
0.00520894 0.00241406

0.00523125 0.0024084
0.00523711 0.00240853

0.00523711 0.00240856
0.00524297 0.0024092

0.00524297 0.00240923
0.00524883 0.00241025

0.00524883 0.00241027
0.00525469 0.00241158

0.00525469 0.00241159
0.00526055 0.00241314

0.00526055 0.00241314
0.00526361 0.00241406

0.00526352 0.00241406
0.00526641 0.00241493

0.00526641 0.00241495
0.00527227 0.00241683

0.00527227 0.00241684
0.00527812 0.00241878

0.00527812 0.00241878
0.00528148 0.00241992

0.00528143 0.00241992
0.00528398 0.00242079

0.00528398 0.0024208
0.00528984 0.0024228

0.00528984 0.00242281
0.0052957 0.00242479

0.0052957 0.00242479
0.00529869 0.00242578

0.00529867 0.00242578
0.00530156 0.00242674

0.00530156 0.00242675
0.00530742 0.00242864

0.00530742 0.00242864
0.00531328 0.00243045

0.00531328 0.00243045
0.00531729 0.00243164

0.00531729 0.00243164
0.00531914 0.00243219

0.00531914 0.00243219
0.005325 0.00243383

0.00515508 0.00245794
0.00515104 0.00246094

0.00516094 0.00245326
0.00515865 0.00245508

0.00515508 0.00245793
0.0051587 0.00245508

0.00514336 0.00246631
0.00514258 0.0024668

0.0051375 0.00247009
0.00514266 0.0024668

0.00514336 0.00246634
0.00514922 0.00246229

0.00514922 0.00246228
0.0051511 0.00246094

0.0051668 0.00244829
0.00516571 0.00244922

0.00517266 0.0024431
0.00517237 0.00244336

0.0051668 0.00244829
0.00517236 0.00244336

0.00516094 0.00245327
0.00516573 0.00244922

0.00517266 0.00244307
0.00517852 0.00243773

0.00517852 0.00243773
0.00517876 0.0024375

0.005325 0.00243383
0.00533086 0.00243538

0.00533086 0.00243538
0.00533672 0.00243682

0.00533672 0.00243682
0.00533972 0.0024375

0.00547148 0.00243648
0.00546734 0.0024375

0.00547148 0.00243648
0.00547734 0.0024349

0.00547734 0.0024349
0.0054832 0.00243318

0.00548906 0.0024313
0.005488 0.00243164

0.0054832 0.00243318
0.00548803 0.00243164

0.00548906 0.00243131
0.00549492 0.0024293

0.00549492 0.0024293
0.00550078 0.00242714

0.00550664 0.00242483
0.00550422 0.00242578

0.00550664 0.00242483
0.0055125 0.00242238

0.00550078 0.00242715
0.00550424 0.00242578

0.00533973 0.0024375
0.00534258 0.00243815

0.00534258 0.00243815
0.00534844 0.00243937

0.00534844 0.00243937
0.0053543 0.00244047

0.0053543 0.00244047
0.00536016 0.00244146

0.00536016 0.00244146
0.00536602 0.00244233

0.00536602 0.00244233
0.00537187 0.00244308

0.00537187 0.00244308
0.00537445 0.00244336

0.00537447 0.00244336
0.00537773 0.00244371

0.00537773 0.00244371
0.00538359 0.00244422

0.00538359 0.00244422
0.00538945 0.0024446

0.00538945 0.0024446
0.00539531 0.00244486

0.00539531 0.00244486
0.00540117 0.00244499

0.00540117 0.00244499
0.00540703 0.00244499

0.00540703 0.00244499
0.00541289 0.00244487

0.00541289 0.00244487
0.00541875 0.00244462

0.00541875 0.00244462
0.00542461 0.00244425

0.00542461 0.00244425
0.00543047 0.00244374

0.00543633 0.0024431
0.00543396 0.00244336

0.00543047 0.00244374
0.00543398 0.00244336

0.00543633 0.0024431
0.00544219 0.00244233

0.00544219 0.00244234
0.00544805 0.00244143

0.00544805 0.00244143
0.00545391 0.0024404

0.00545391 0.0024404
0.00545977 0.00243923

0.00545977 0.00243923
0.00546562 0.00243792

0.00546562 0.00243793
0.00546735 0.0024375

0.00553008 0.00241404
0.00553003 0.00241406

0.00553008 0.00241406
0.00553594 0.00241096

0.00551836 0.00241975
0.00551797 0.00241992

0.0055125 0.00242238
0.00551801 0.00241992

0.00551836 0.00241976
0.00552422 0.00241699

0.00552422 0.00241699
0.00553008 0.00241406

0.0055418 0.00240768
0.00554086 0.0024082

0.00553594 0.00241097
0.0055409 0.0024082

0.0055418 0.0024077
0.00554766 0.00240426

0.00555352 0.00240064
0.00555075 0.00240234

0.00555352 0.00240065
0.00555937 0.00239685

0.00554766 0.00240427
0.00555078 0.00240234

0.00557109 0.00238869
0.00556837 0.00239062

0.00557695 0.00238429
0.00557632 0.00238477

0.00557109 0.0023887
0.00557635 0.00238477

0.00557695 0.00238432
0.00558281 0.00237973

0.00560039 0.00236465
0.00559756 0.00236719

0.00560625 0.00235914
0.00560394 0.00236133

0.00560039 0.00236464
0.00560398 0.00236133

0.00558867 0.00237493
0.00558382 0.00237891

0.00559453 0.00236992
0.00559086 0.00237305

0.00558867 0.00237492
0.00559091 0.00237305

0.00558281 0.00237973
0.00558384 0.00237891

0.00559453 0.00236989
0.00559761 0.00236719

0.00556523 0.00239287
0.00555992 0.00239648

0.00555937 0.00239685
0.00555993 0.00239648

0.00556523 0.00239287
0.0055684 0.00239062

0.00562383 0.00234102
0.00562135 0.00234375

0.00562969 0.00233438
0.00562667 0.00233789

0.00562383 0.00234105
0.00562664 0.00233789

0.00564141 0.00232017
0.0056413 0.00232031

0.00565312 0.00230442
0.00565015 0.00230859

0.00564727 0.00231248
0.00564582 0.00231445

0.00564141 0.00232018
0.00564581 0.00231445

0.00564727 0.00231249
0.00565015 0.00230859

0.00563555 0.00232746
0.00563174 0.00233203

0.00564131 0.00232031
0.00563662 0.00232617

0.00563555 0.00232747
0.00563661 0.00232617

0.00562969 0.00233442
0.00563172 0.00233203

0.00567656 0.00226739
0.00567646 0.00226758

0.00567645 0.00226758
0.00567308 0.00227344

0.00565898 0.00229591
0.00565836 0.00229687

0.00566484 0.00228693
0.00566223 0.00229102

0.00565898 0.00229591
0.00566223 0.00229102

0.0056707 0.00227744
0.00566959 0.0022793

0.00566958 0.0022793
0.00566597 0.00228516

0.0056707 0.00227742
0.00567308 0.00227344

0.00566484 0.00228693
0.00566597 0.00228516

0.00568242 0.00225668
0.00567971 0.00226172

0.0056859 0.00225
0.00568285 0.00225586

0.00568242 0.00225668
0.00568286 0.00225586

0.00567656 0.00226737
0.00567971 0.00226172

0.00565835 0.00229687
0.00565432 0.00230273

0.00565312 0.00230444
0.00565431 0.00230273

0.00561211 0.00235337
0.00561001 0.00235547

0.00561797 0.00234734
0.00561581 0.00234961

0.00561211 0.0023534
0.00561582 0.00234961

0.00560625 0.00235915
0.00561004 0.00235547

0.00561797 0.00234738
0.00562134 0.00234375

0.00572344 2.01241e-05
0.00572268 2.34375e-05

0.00572268 2.34375e-05
0.00572091 2.92969e-05

0.00572092 2.92969e-05
0.00571869 3.51562e-05

0.00571758 3.75598e-05
0.00571596 4.10156e-05

0.00571599 4.10156e-05
0.00571267 4.6875e-05

0.00571758 3.75686e-05
0.00571871 3.51562e-05

0.00572568 0
0.0057255 5.85937e-06

0.0057255 5.85938e-06
0.00572495 1.17187e-05

0.00572496 1.17187e-05
0.00572402 1.75781e-05

0.00572344 2.01252e-05
0.00572402 1.75781e-05

0.00570586 5.62876e-05
0.00570391 5.85937e-05

0.00571172 4.83279e-05
0.00570871 5.27344e-05

0.00570586 5.62831e-05
0.0057087 5.27344e-05

0.0057 6.2604e-05
0.00570387 5.85937e-05

0.00571172 4.83382e-05
0.00571267 4.6875e-05

0.00583455 0
0.00583477 6.2385e-07

0.00583477 1.30969e-07
0.00584062 2.25591e-06

0.00584062 2.76613e-06
0.00584208 0

0.0058609 0
0.00586406 3.37798e-06

0.00586406 1.89681e-06
0.00586992 1.18225e-07

0.00587291 0
0.00587578 2.28613e-06

0.00587675 0
0.00588164 5.13432e-06

0.00588164 5.426e-06
0.0058875 1.51535e-06

0.0058875 1.81164e-06
0.00588814 0

0.00591035 0
0.00591094 1.47513e-06

0.00591442 0
0.0059168 3.63835e-06

0.0059168 1.20625e-06
0.00592266 2.32187e-06

0.00592266 2.2859e-06
0.00592818 0

0.00592852 3.55318e-06
0.00593206 0

0.00607613 0
0.00607625 5.85937e-06

0.00607625 5.85938e-06
0.00607661 1.17187e-05

0.00607661 1.17187e-05
0.00607721 1.75781e-05

0.00607721 1.75781e-05
0.00607806 2.34375e-05

0.00607806 2.34375e-05
0.00607915 2.92969e-05

0.00607915 2.92969e-05
0.0060805 3.51562e-05

0.0060805 3.51562e-05
0.00608086 3.64805e-05

0.00608086 3.6476e-05
0.00608211 4.10156e-05

0.0060821 4.10156e-05
0.00608398 4.6875e-05

0.00608398 4.6875e-05
0.00608614 5.27344e-05

0.00608614 5.27344e-05
0.00608672 5.41232e-05

0.00608672 5.41198e-05
0.00608859 5.85937e-05

0.00608859 5.85937e-05
0.00609135 6.44531e-05

0.00609135 6.44531e-05
0.00609258 6.67815e-05

0.00609258 6.67808e-05
0.00609444 7.03125e-05

0.00609444 7.03125e-05
0.00609789 7.61719e-05

0.0060979 7.61719e-05
0.00609844 7.70278e-05

0.00609844 7.70287e-05
0.00610171 8.20312e-05

0.00610171 8.20312e-05
0.0061043 8.56015e-05

0.0061043 8.5593e-05
0.00610596 8.78906e-05

0.00610595 8.78906e-05
0.00611016 9.30926e-05

0.00611016 9.31046e-05
0.0061107 9.375e-05

0.00611067 9.375e-05
0.00611595 9.96094e-05

0.00611602 9.96967e-05
0.00612182 0.000105469

0.00612187 0.000105516
0.00612773 0.000110728

0.00612773 0.000110736
0.00612845 0.000111328

0.00612852 0.000111328
0.00613359 0.000115362

0.00613359 0.000115409
0.00613608 0.000117187

0.00613622 0.000117187
0.00613945 0.000119494

0.00613945 0.000119576
0.00614493 0.000123047

0.00614515 0.000123047
0.00614531 0.000123146

0.00614531 0.000123222
0.00615117 0.000126532

0.00615117 0.000126601
0.00615576 0.000128906

0.00615602 0.000128906
0.00615703 0.000129416

0.00615703 0.000129479
0.00616289 0.000132057

0.00616289 0.000132076
0.00616875 0.000134333

0.00623893 0
0.00623906 1.59201e-06

0.00623906 1.59364e-06
0.00623941 5.85937e-06

0.00623939 5.85938e-06
0.00624089 1.17187e-05

0.00624083 1.17187e-05
0.00624351 1.75781e-05

0.00624348 1.75781e-05
0.00624492 1.97531e-05

0.00624492 1.97532e-05
0.00624759 2.34375e-05

0.0062477 2.34375e-05
0.00625078 2.65664e-05

0.00625078 2.68078e-05
0.00625412 2.92969e-05

0.00625454 2.92969e-05
0.00625664 3.07153e-05

0.00625664 3.08329e-05
0.0062625 3.34828e-05

0.00616875 0.000134358
0.00616999 0.000134766

0.00617014 0.000134766
0.00617461 0.000136232

0.00617461 0.000136235
0.00618047 0.000137865

0.00618047 0.000137864
0.00618633 0.00013922

0.00618633 0.000139223
0.00619219 0.0001403

0.00619219 0.000140327
0.00619437 0.000140625

0.00619476 0.000140625
0.00619805 0.000141072

0.00619805 0.000141079
0.00620391 0.000141636

0.00620391 0.000141634
0.00620977 0.000141983

0.00620977 0.000141977
0.00621562 0.000142132

0.00625078 0.000140519
0.00624928 0.000140625

0.00625078 0.000140512
0.00625664 0.000140089

0.00625664 0.000140087
0.0062625 0.00013966

0.00621562 0.000142125
0.00622148 0.00014211

0.00622148 0.000142103
0.00622734 0.000141948

0.00622734 0.00014194
0.0062332 0.000141676

0.0062332 0.000141669
0.00623906 0.000141327

0.00623906 0.00014132
0.00624492 0.000140931

0.00624492 0.000140924
0.00624917 0.000140625

0.0062625 3.3437e-05
0.00626836 3.48477e-05

0.00626836 3.48247e-05
0.00627422 3.51339e-05

0.00627422 3.51379e-05
0.00628008 3.43834e-05

0.00628008 3.44049e-05
0.00628594 3.2536e-05

0.00630712 0
0.00630663 5.85937e-06

0.00630665 5.85938e-06
0.00630514 1.17187e-05

0.00630352 1.54433e-05
0.00630254 1.75781e-05

0.00630265 1.75781e-05
0.0062984 2.34375e-05

0.00630352 1.54081e-05
0.00630521 1.17187e-05

0.0062918 2.90944e-05
0.00629144 2.92969e-05

0.00628594 3.2662e-05
0.0062918 2.93959e-05

0.00629766 2.43169e-05
0.0062921 2.92969e-05

0.0062918 2.94042e-05
0.00629195 2.92969e-05

0.00629766 2.4354e-05
0.00629848 2.34375e-05

0.0062625 0.00013966
0.00626836 0.000139234

0.00626836 0.000139235
0.00627422 0.000138808

0.00627422 0.00013881
0.00628008 0.000138374

0.00628008 0.000138376
0.00628594 0.000137921

0.00628594 0.000137923
0.0062918 0.000137442

0.0062918 0.000137444
0.00629766 0.000136929

0.00629766 0.00013693
0.00630352 0.000136375

0.00630352 0.000136376
0.00630937 0.000135779

0.00630937 0.000135779
0.00631523 0.000135138

0.00632109 0.000134453
0.00631842 0.000134766

0.00631523 0.000135139
0.00631843 0.000134766

0.00632109 0.000134454
0.00632695 0.000133726

0.00632695 0.000133726
0.00633281 0.000132955

0.00633281 0.000132955
0.00633867 0.000132141

0.00633867 0.000132141
0.00634453 0.000131284

0.00634453 0.000131284
0.00635039 0.000130385

0.00635039 0.000130385
0.00635625 0.000129444

0.00640502 0
0.00640552 5.85937e-06

0.0064055 5.85938e-06
0.00640704 1.17187e-05

0.00640699 1.17187e-05
0.00640898 1.59782e-05

0.00640898 1.59883e-05
0.00640973 1.75781e-05

0.00640957 1.75781e-05
0.00641393 2.34375e-05

0.00641412 2.34375e-05
0.00641484 2.42234e-05

0.00641484 2.44776e-05
0.00642041 2.92969e-05

0.00642075 2.92969e-05
0.00642656 3.24437e-05

0.00642656 5.8402e-07
0.0064309 5.85937e-06

0.00643242 5.12976e-06
0.00643463 5.85937e-06

0.00644414 5.79011e-06
0.00644195 5.85937e-06

0.00645 4.14686e-06
0.00644779 5.85937e-06

0.00642656 3.24105e-05
0.00643242 3.42953e-05

0.00643242 3.42539e-05
0.00643828 3.49998e-05

0.00643828 3.49911e-05
0.00644414 3.46983e-05

0.00644414 3.47203e-05
0.00645 3.33621e-05

0.00636211 0.00012846
0.00635945 0.000128906

0.00636211 0.000128462
0.00636797 0.00012744

0.00635625 0.000129445
0.00635947 0.000128906

0.00636797 0.000127441
0.00637383 0.000126378

0.00637383 0.000126378
0.00637969 0.000125273

0.00637969 0.000125272
0.00638555 0.000124127

0.00639141 0.000122933
0.00639085 0.000123047

0.00638555 0.000124128
0.00639088 0.000123047

0.00639141 0.000122938
0.00639727 0.00012171

0.00639727 0.000121711
0.00640312 0.000120444

0.0064207 0.000116392
0.00641735 0.000117187

0.0064207 0.000116394
0.00642656 0.000114964

0.00640312 0.000120444
0.00640898 0.000119135

0.00640898 0.000119134
0.00641484 0.000117784

0.00641484 0.000117786
0.00641737 0.000117187

0.00642656 0.000114964
0.00643242 0.000113494

0.00643242 0.000113494
0.00643828 0.000111984

0.00644414 0.000110433
0.00644075 0.000111328

0.00643828 0.000111986
0.00644077 0.000111328

0.00644414 0.000110434
0.00645 0.000108846

0.00645 5.10588e-06
0.00645298 0

0.00647344 5.27063e-06
0.00647339 5.85937e-06

0.00647341 5.85938e-06
0.00647189 1.17187e-05

0.00646758 2.00035e-05
0.00646505 2.34375e-05

0.00647194 1.17187e-05
0.00646922 1.75781e-05

0.00646758 2.01183e-05
0.00646928 1.75781e-05

0.00645 3.34194e-05
0.00645586 3.08371e-05

0.00646172 2.6739e-05
0.00645816 2.92969e-05

0.00645586 3.09506e-05
0.00645838 2.92969e-05

0.00646172 2.68502e-05
0.00646515 2.34375e-05

0.00647344 5.26886e-06
0.00647388 0

0.00650273 9.28643e-05
0.00650003 9.375e-05

0.00650273 9.28657e-05
0.00650859 9.09197e-05

0.00650859 9.09192e-05
0.00651445 8.89456e-05

0.00652031 8.69444e-05
0.00651754 8.78906e-05

0.00651445 8.89466e-05
0.00651755 8.78906e-05

0.00652031 8.69449e-05
0.00652617 8.49235e-05

0.00652617 8.49229e-05
0.00653203 8.28826e-05

0.00653789 8.08248e-05
0.00653445 8.20312e-05

0.00653789 8.0824e-05
0.00654375 7.87559e-05

0.00653203 8.28825e-05
0.00653446 8.20312e-05

0.00645 0.000108846
0.00645586 0.00010722

0.00645586 0.000107221
0.00646172 0.000105555

0.00646758 0.000103849
0.00646201 0.000105469

0.00646758 0.00010385
0.00647344 0.000102109

0.00646172 0.000105555
0.00646201 0.000105469

0.00647344 0.000102109
0.0064793 0.000100331

0.00648516 9.85148e-05
0.00648162 9.96094e-05

0.0064793 0.000100333
0.00648163 9.96094e-05

0.00648516 9.85158e-05
0.00649102 9.66661e-05

0.00649102 9.66658e-05
0.00649687 9.47825e-05

0.00649687 9.47842e-05
0.00650004 9.375e-05

0.00654375 7.8755e-05
0.00654961 7.66795e-05

0.00655547 7.45995e-05
0.00655104 7.61719e-05

0.00654961 7.66784e-05
0.00655104 7.61719e-05

0.00655547 7.45979e-05
0.00656133 7.25209e-05

0.00656133 7.25192e-05
0.00656719 7.04506e-05

0.00657305 6.8395e-05
0.00656758 7.03125e-05

0.00657305 6.8393e-05
0.00657891 6.63577e-05

0.00658477 6.43608e-05
0.0065845 6.44531e-05

0.00657891 6.63541e-05
0.00658446 6.44531e-05

0.00658477 6.43486e-05
0.00659062 6.23779e-05

0.00656719 7.04498e-05
0.00656758 7.03125e-05

0.00660234 5.85885e-05
0.00660233 5.85937e-05

0.00659062 6.23751e-05
0.00659648 6.04453e-05

0.00659648 6.04414e-05
0.00660226 5.85937e-05

0.00660234 5.85669e-05
0.0066082 5.675e-05

0.0066082 5.67454e-05
0.00661406 5.49943e-05

0.00661406 5.49946e-05
0.00661992 5.33181e-05

0.00662578 5.17219e-05
0.00662207 5.27344e-05

0.00661992 5.3309e-05
0.00662203 5.27344e-05

0.00662578 5.1717e-05
0.00663164 5.02083e-05

0.00663164 5.02076e-05
0.0066375 4.87913e-05

0.00664922 4.62443e-05
0.00664621 4.6875e-05

0.00664922 4.62382e-05
0.00665508 4.51014e-05

0.00665508 4.51014e-05
0.00666094 4.40566e-05

0.00666094 4.40573e-05
0.0066668 4.31031e-05

0.0066668 4.31044e-05
0.00667266 4.22365e-05

0.00667266 4.22372e-05
0.00667852 4.14515e-05

0.00668437 4.07433e-05
0.00668212 4.10156e-05

0.00667852 4.14539e-05
0.00668215 4.10156e-05

0.0066375 4.87919e-05
0.00664336 4.74684e-05

0.00664336 4.74604e-05
0.00664615 4.6875e-05

0.00668437 4.07438e-05
0.00669023 4.01167e-05

0.00669023 4.01183e-05
0.00669609 3.95711e-05

0.00669609 3.95726e-05
0.00670195 3.9099e-05

0.00670195 3.91005e-05
0.00670781 3.86945e-05

0.00670781 3.8696e-05
0.00671367 3.83517e-05

0.00671367 3.83529e-05
0.00671953 3.80649e-05

0.00671953 3.80655e-05
0.00672539 3.78304e-05

0.00672539 3.78323e-05
0.00673125 3.76452e-05

0.00673125 3.76462e-05
0.00673711 3.75012e-05

0.00673711 3.75022e-05
0.00674297 3.73951e-05

0.00674297 3.7396e-05
0.00674883 3.73228e-05

0.00674883 3.73236e-05
0.00675469 3.72811e-05

0.00675469 3.72818e-05
0.00676055 3.72669e-05

0.00676055 3.72675e-05
0.00676641 3.72776e-05

0.00676641 3.7278e-05
0.00677227 3.7311e-05

0.00677227 3.73113e-05
0.00677812 3.73655e-05

0.00677812 3.73657e-05
0.00678398 3.74401e-05

0.00678398 3.74401e-05
0.00678984 3.75342e-05

0.00678984 3.7534e-05
0.0067957 3.76482e-05

0.0067957 3.76477e-05
0.00680156 3.77836e-05

0.0068126 0
0.00681328 1.90307e-06

0.00681328 1.52661e-06
0.00681914 4.24299e-06

0.00681914 4.8054e-06
0.00682208 0

0.00680156 3.77833e-05
0.00680742 3.79427e-05

0.00680742 3.79415e-05
0.00681328 3.81275e-05

0.00681328 3.81271e-05
0.00681914 3.83429e-05

0.00681914 3.8345e-05
0.006825 3.85871e-05

0.006825 3.8589e-05
0.00683086 3.88495e-05

0.00683086 3.88506e-05
0.00683672 3.91235e-05

0.00683672 3.91242e-05
0.00684258 3.94056e-05

0.00684258 3.9406e-05
0.00684844 3.96938e-05

0.00684844 3.96941e-05
0.0068543 3.99869e-05

0.0068543 3.99874e-05
0.00686016 4.02838e-05

0.00686016 4.02836e-05
0.00686602 4.05828e-05

0.00686602 4.05792e-05
0.00687187 4.08888e-05

0.00687187 4.0891e-05
0.00687421 4.10156e-05

0.00687406 4.10156e-05
0.00687773 4.1212e-05

0.00687773 4.12104e-05
0.00688359 4.15095e-05

0.00688359 4.15084e-05
0.00688945 4.17931e-05

0.00688945 4.17921e-05
0.00689531 4.20668e-05

0.00689531 4.20656e-05
0.00690117 4.23344e-05

0.00690117 4.23335e-05
0.00690703 4.26005e-05

0.00690703 4.26001e-05
0.00691289 4.28679e-05

0.00691289 4.28678e-05
0.00691875 4.31374e-05

0.00691875 4.31375e-05
0.00692461 4.34089e-05

0.00692461 4.34091e-05
0.00693047 4.36813e-05

0.00693047 4.36816e-05
0.00693633 4.39537e-05

0.00693633 4.39535e-05
0.00694219 4.42253e-05

0.00694219 4.42251e-05
0.00694805 4.44974e-05

0.00694805 4.44976e-05
0.00695391 4.47706e-05

0.00695391 4.47707e-05
0.00695977 4.50438e-05

0.00695977 4.50439e-05
0.00696562 4.53168e-05

0.00696562 4.53169e-05
0.00697148 4.55891e-05

0.00697148 4.55891e-05
0.00697734 4.58603e-05

0.00697734 4.58605e-05
0.0069832 4.61304e-05

0.0069832 4.61309e-05
0.00698906 4.63981e-05

0.00698906 4.6396e-05
0.00699492 4.66636e-05

0.00699492 4.66619e-05
0.00699952 4.6875e-05

0.00699933 4.6875e-05
0.00700078 4.69421e-05

0.00700078 4.69397e-05
0.00700664 4.7207e-05

0.00700664 4.72061e-05
0.0070125 4.74622e-05

0.0070125 4.74622e-05
0.00701836 4.77087e-05

0.00701836 4.77086e-05
0.00702422 4.79454e-05

0.00702422 4.79452e-05
0.00703008 4.8173e-05

0.00703008 4.81726e-05
0.00703594 4.83927e-05

0.00703594 4.83923e-05
0.0070418 4.86061e-05

0.0070418 4.86057e-05
0.00704766 4.88149e-05

0.00704766 4.88145e-05
0.00705352 4.90206e-05

0.00705352 4.90203e-05
0.00705937 4.92247e-05

0.00705937 4.92245e-05
0.00706523 4.94281e-05

0.00706523 4.94281e-05
0.00707109 4.96312e-05

0.00707109 4.96313e-05
0.00707695 4.98339e-05

0.00707695 4.98337e-05
0.00708281 5.00358e-05

0.00708281 5.00356e-05
0.00708867 5.02378e-05

0.00708867 5.02381e-05
0.00709453 5.04402e-05

0.00709453 5.04404e-05
0.00710039 5.06416e-05

0.00710039 5.06418e-05
0.00710625 5.08415e-05

0.00710625 5.08417e-05
0.00711211 5.10392e-05

0.00711211 5.10393e-05
0.00711797 5.12343e-05

0.00711797 5.12343e-05
0.00712383 5.14262e-05

0.00712383 5.14263e-05
0.00712969 5.1615e-05

0.00712969 5.1615e-05
0.00713555 5.18002e-05

0.00713555 5.18002e-05
0.00714141 5.1982e-05

0.00714141 5.19821e-05
0.00714727 5.21603e-05

0.00714727 5.21605e-05
0.00715312 5.23347e-05

0.00715312 5.23341e-05
0.00715898 5.2505e-05

0.00715898 5.25032e-05
0.00716484 5.26755e-05

0.00716484 5.26767e-05
0.00716684 5.27344e-05

0.0071667 5.27344e-05
0.0071707 5.28501e-05

0.0071707 5.28497e-05
0.00717656 5.30066e-05

0.00717656 5.30062e-05
0.00718242 5.31496e-05

0.00718242 5.31493e-05
0.00718828 5.32806e-05

0.00718828 5.32801e-05
0.00719414 5.34009e-05

0.00719414 5.34004e-05
0.0072 5.35127e-05

0.0057 0.00187862
0.00570119 0.00188086

0.00570119 0.00188086
0.00570414 0.00188672

0.00570414 0.00188672
0.00570586 0.00189029

0.00570586 0.0018903
0.00570695 0.00189258

0.00570695 0.00189258
0.00570963 0.00189844

0.00570963 0.00189844
0.00571172 0.00190325

0.00571172 0.00190325
0.00571217 0.0019043

0.00571217 0.0019043
0.00571459 0.00191016

0.00571458 0.00191016
0.00571688 0.00191602

0.00571688 0.00191602
0.00571758 0.00191791

0.00571758 0.00191792
0.00571904 0.00192187

0.00571904 0.00192187
0.00572109 0.00192773

0.00572109 0.00192773
0.00572302 0.00193359

0.00572302 0.00193359
0.00572344 0.00193494

0.00572344 0.00193495
0.00572483 0.00193945

0.00572483 0.00193945
0.00572653 0.00194531

0.00572653 0.00194531
0.00572812 0.00195117

0.00572812 0.00195117
0.0057293 0.00195581

0.0057293 0.00195581
0.00572961 0.00195703

0.0057296 0.00195703
0.00573098 0.00196289

0.00573098 0.00196289
0.00573224 0.00196875

0.00573224 0.00196875
0.00573341 0.00197461

0.00573341 0.00197461
0.00573447 0.00198047

0.00573447 0.00198047
0.00573516 0.00198469

0.00573516 0.00198469
0.00573542 0.00198633

0.00573542 0.00198633
0.00573628 0.00199219

0.00573628 0.00199219
0.00573703 0.00199805

0.00573703 0.00199805
0.00573769 0.00200391

0.00573769 0.00200391
0.00573825 0.00200977

0.00573825 0.00200977
0.00573871 0.00201563

0.00573871 0.00201562
0.00573908 0.00202148

0.00573908 0.00202148
0.00573935 0.00202734

0.00573935 0.00202734
0.00573952 0.0020332

0.00573952 0.0020332
0.00573961 0.00203906

0.00573961 0.00203906
0.0057396 0.00204492

0.00573959 0.00204492
0.00573949 0.00205078

0.00573949 0.00205078
0.0057393 0.00205664

0.0057393 0.00205664
0.00573901 0.0020625

0.00573901 0.0020625
0.00573864 0.00206836

0.00573864 0.00206836
0.00573817 0.00207422

0.00573817 0.00207422
0.00573762 0.00208008

0.00573762 0.00208008
0.00573698 0.00208594

0.00573516 0.00209953
0.00573454 0.00210352

0.00573454 0.00210352
0.00573355 0.00210937

0.00573698 0.00208594
0.00573625 0.0020918

0.00573626 0.0020918
0.00573544 0.00209766

0.00573516 0.00209953
0.00573544 0.00209766

0.00572344 0.00215386
0.00572277 0.00215625

0.00573355 0.00210937
0.00573248 0.00211523

0.00573248 0.00211523
0.00573134 0.00212109

0.0057293 0.00213063
0.00572881 0.00213281

0.00573134 0.00212109
0.00573012 0.00212695

0.0057293 0.00213063
0.00573012 0.00212695

0.0057288 0.00213281
0.00572739 0.00213867

0.00572739 0.00213867
0.00572593 0.00214453

0.00572593 0.00214453
0.0057244 0.00215039

0.00572344 0.00215386
0.00572441 0.00215039

0.00572276 0.00215625
0.00572104 0.00216211

0.00572104 0.00216211
0.00571927 0.00216797

0.00571758 0.00217335
0.00571743 0.00217383

0.00571742 0.00217383
0.00571547 0.00217969

0.00571758 0.00217335
0.00571928 0.00216797

0.00571172 0.00219047
0.00571138 0.00219141

0.00571137 0.00219141
0.00570919 0.00219727

0.00570919 0.00219727
0.00570694 0.00220312

0.00571546 0.00217969
0.00571345 0.00218555

0.00571172 0.00219046
0.00571347 0.00218555

0.00570586 0.0022059
0.00570463 0.00220898

0.00570461 0.00220898
0.00570219 0.00221484

0.00570586 0.0022059
0.00570696 0.00220312

0.0057 0.00222004
0.00570221 0.00221484

0.00714141 0.00478125
0.00714727 0.00477848

0.00714727 0.00477825
0.00715312 0.00478095

0.00715312 0.00478118
0.0071532 0.00478125

0.00714141 0.00478133
0.0071374 0.00478711

0.00713709 0.00478711
0.00713841 0.00479297

0.00713873 0.00479297
0.00714141 0.00479598

0.00714141 0.0047814
0.00714163 0.00478125

0.00714141 0.00479592
0.00714689 0.00479883

0.00715312 0.00479608
0.00714812 0.00479883

0.00714727 0.00479905
0.00714795 0.00479883

0.00715312 0.00478127
0.00715682 0.00478711

0.0071569 0.00478711
0.00715575 0.00479297

0.00715312 0.00479622
0.00715574 0.00479297

0.0072 5.35122e-05
0.00720586 5.3618e-05

0.00720586 5.36176e-05
0.00721172 5.37188e-05

0.00721172 5.37185e-05
0.00721758 5.38164e-05

0.00721758 5.38162e-05
0.00722344 5.3912e-05

0.00722344 5.39119e-05
0.0072293 5.40062e-05

0.0072293 5.40061e-05
0.00723516 5.40992e-05

0.00723516 5.40992e-05
0.00724102 5.4191e-05

0.00724102 5.41911e-05
0.00724687 5.42815e-05

0.00724687 5.42816e-05
0.00725273 5.43701e-05

0.00725273 5.43702e-05
0.00725859 5.44563e-05

0.00725859 5.44565e-05
0.00726445 5.45398e-05

0.00726445 5.45399e-05
0.00727031 5.46199e-05

0.00727031 5.462e-05
0.00727617 5.46962e-05

0.00727617 5.46963e-05
0.00728203 5.47684e-05

0.00728203 5.47684e-05
0.00728789 5.48361e-05

0.00728789 5.48361e-05
0.00729375 5.4899e-05

0.00729375 5.48991e-05
0.00729961 5.49571e-05

0.00729961 5.49572e-05
0.00730547 5.501e-05

0.00730547 5.50101e-05
0.00731133 5.50577e-05

0.00731133 5.50577e-05
0.00731719 5.50997e-05

0.00731719 5.50998e-05
0.00732305 5.51359e-05

0.00732305 5.5136e-05
0.00732891 5.51659e-05

0.00732891 5.5166e-05
0.00733477 5.51895e-05

0.00733477 5.51895e-05
0.00734062 5.52062e-05

0.00734062 5.52062e-05
0.00734648 5.52158e-05

0.00734648 5.52158e-05
0.00735234 5.52182e-05

0.00735234 5.52181e-05
0.0073582 5.52132e-05

0.0073582 5.52132e-05
0.00736406 5.52012e-05

0.00736406 5.52011e-05
0.00736992 5.51824e-05

0.00736992 5.51823e-05
0.00737578 5.51573e-05

0.00737578 5.51571e-05
0.00738164 5.51262e-05

0.00738164 5.51261e-05
0.0073875 5.50897e-05

0.0073875 5.50896e-05
0.00739336 5.50483e-05

0.00739336 5.50482e-05
0.00739922 5.50023e-05

0.00739922 5.50022e-05
0.00740508 5.49522e-05

0.00740508 5.49521e-05
0.00741094 5.48983e-05

0.00741094 5.48982e-05
0.0074168 5.48408e-05

0.0074168 5.48408e-05
0.00742266 5.47801e-05

0.00742266 5.47801e-05
0.00742852 5.47163e-05

0.00742852 5.47163e-05
0.00743437 5.46493e-05

0.00743437 5.46493e-05
0.00744023 5.45789e-05

0.00744023 5.4579e-05
0.00744609 5.45049e-05

0.00744609 5.45051e-05
0.00745195 5.44268e-05

0.00745195 5.4427e-05
0.00745781 5.43439e-05

0.00745781 5.43441e-05
0.00746367 5.42553e-05

0.00746367 5.42556e-05
0.00746953 5.41601e-05

0.00746953 5.41604e-05
0.00747539 5.40572e-05

0.00747539 5.40575e-05
0.00748125 5.39454e-05

0.00748125 5.39457e-05
0.00748711 5.38235e-05

0.00748711 5.38237e-05
0.00749297 5.36903e-05

0.00749297 5.36905e-05
0.00749883 5.35448e-05

0.00749883 5.3545e-05
0.00750469 5.33862e-05

0.00750469 5.33863e-05
0.00751055 5.32138e-05

0.00751055 5.32136e-05
0.00751641 5.30274e-05

0.00751641 5.30278e-05
0.00752227 5.28276e-05

0.00752812 5.26115e-05
0.0075247 5.27344e-05

0.00752227 5.28296e-05
0.00752492 5.27344e-05

0.00752812 5.2613e-05
0.00753398 5.24012e-05

0.00753398 5.24026e-05
0.00753984 5.21902e-05

0.00753984 5.21905e-05
0.0075457 5.19739e-05

0.0075457 5.19738e-05
0.00755156 5.17526e-05

0.00755156 5.17524e-05
0.00755742 5.15273e-05

0.00755742 5.15272e-05
0.00756328 5.12985e-05

0.00756328 5.12985e-05
0.00756914 5.10664e-05

0.00756914 5.10664e-05
0.007575 5.08308e-05

0.007575 5.08309e-05
0.00758086 5.05914e-05

0.00758086 5.05916e-05
0.00758672 5.03477e-05

0.00758672 5.03479e-05
0.00759258 5.00988e-05

0.00759258 5.00991e-05
0.00759844 4.9844e-05

0.00759844 4.98441e-05
0.0076043 4.95824e-05

0.0076043 4.95832e-05
0.00761016 4.93131e-05

0.00761016 4.93133e-05
0.00761602 4.90328e-05

0.00761602 4.90329e-05
0.00762187 4.87415e-05

0.00765703 4.67415e-05
0.00765486 4.6875e-05

0.00765703 4.67441e-05
0.00766289 4.63867e-05

0.00766289 4.63895e-05
0.00766875 4.60371e-05

0.00762187 4.87416e-05
0.00762773 4.84387e-05

0.00762773 4.84388e-05
0.00763359 4.81241e-05

0.00763359 4.81241e-05
0.00763945 4.77974e-05

0.00763945 4.7797e-05
0.00764531 4.74587e-05

0.00764531 4.74591e-05
0.00765117 4.71093e-05

0.00765117 4.71118e-05
0.00765503 4.6875e-05

0.00766875 4.60375e-05
0.00767461 4.56835e-05

0.00767461 4.5683e-05
0.00768047 4.53278e-05

0.00768047 4.53273e-05
0.00768633 4.49726e-05

0.00768633 4.49722e-05
0.00769219 4.462e-05

0.00769219 4.46196e-05
0.00769805 4.42714e-05

0.00769805 4.42709e-05
0.00770391 4.39285e-05

0.00770391 4.39281e-05
0.00770977 4.35934e-05

0.00770977 4.35938e-05
0.00771562 4.32667e-05

0.00771562 4.32661e-05
0.00772148 4.29468e-05

0.00772148 4.29465e-05
0.00772734 4.26366e-05

0.00772734 4.26367e-05
0.0077332 4.23364e-05

0.0077332 4.2337e-05
0.00773906 4.2045e-05

0.00773906 4.2046e-05
0.00774492 4.17592e-05

0.00774492 4.176e-05
0.00775078 4.14749e-05

0.00775078 4.14761e-05
0.00775664 4.11887e-05

0.0077625 4.08928e-05
0.00775999 4.10156e-05

0.00775664 4.11903e-05
0.00776021 4.10156e-05

0.0077625 4.08928e-05
0.00776836 4.06255e-05

0.00776836 4.06281e-05
0.00777422 4.03877e-05

0.00777422 4.03888e-05
0.00778008 4.01683e-05

0.00778008 4.01684e-05
0.00778594 3.99657e-05

0.00778594 3.99656e-05
0.0077918 3.97806e-05

0.0077918 3.97806e-05
0.00779766 3.96137e-05

0.00779766 3.96138e-05
0.00780352 3.94647e-05

0.00780352 3.94649e-05
0.00780937 3.9333e-05

0.00780937 3.93333e-05
0.00781523 3.92177e-05

0.00781523 3.92181e-05
0.00782109 3.91174e-05

0.00782109 3.91179e-05
0.00782695 3.90304e-05

0.00782695 3.9031e-05
0.00783281 3.89546e-05

0.00783281 3.89552e-05
0.00783867 3.88874e-05

0.00783867 3.88881e-05
0.00784453 3.88262e-05

0.00784453 3.8827e-05
0.00785039 3.87679e-05

0.00785039 3.87688e-05
0.00785625 3.87093e-05

0.00785625 3.87103e-05
0.00786211 3.86469e-05

0.00786211 3.86479e-05
0.00786797 3.85767e-05

0.00786797 3.85778e-05
0.00787383 3.84944e-05

0.00787383 3.84955e-05
0.00787969 3.83955e-05

0.00787969 3.83964e-05
0.00788555 3.82758e-05

0.00788555 3.82762e-05
0.00789141 3.81321e-05

0.00789141 3.8131e-05
0.00789727 3.79646e-05

0.00789727 3.79662e-05
0.00790313 3.77766e-05

0.00790313 3.77774e-05
0.00790898 3.75598e-05

0.00790898 3.75604e-05
0.00791484 3.73121e-05

0.00791484 3.73125e-05
0.0079207 3.70314e-05

0.0079207 3.70319e-05
0.00792656 3.67159e-05

0.00792656 3.67171e-05
0.00793242 3.63627e-05

0.00793242 3.63643e-05
0.00793828 3.59657e-05

0.00795 3.49864e-05
0.00794808 3.51562e-05

0.00793828 3.59687e-05
0.00794414 3.55166e-05

0.00794414 3.55269e-05
0.00794832 3.51562e-05

0.00795 3.49851e-05
0.00795586 3.44239e-05

0.00795586 3.44225e-05
0.00796172 3.38543e-05

0.00796172 3.38517e-05
0.00796758 3.32845e-05

0.00796758 3.32802e-05
0.00797344 3.27277e-05

0.00797344 3.27208e-05
0.0079793 3.22053e-05

0.0079793 3.219e-05
0.00798516 3.17558e-05

0.00798516 3.17472e-05
0.00799102 3.14421e-05

0.00799102 3.14259e-05
0.00799688 3.12995e-05

0.00799687 3.12774e-05
0.00800273 3.14064e-05

0.00800273 3.13778e-05
0.00800859 3.18633e-05

0.00800859 3.18322e-05
0.00801445 3.27937e-05

0.00801445 3.27197e-05
0.00802031 3.43674e-05

0.00802031 3.43278e-05
0.00802232 3.51562e-05

0.00802206 3.51562e-05
0.00802617 3.68498e-05

0.00802617 3.67331e-05
0.00803203 4.00058e-05

0.00803203 3.99934e-05
0.00803357 4.10156e-05

0.00803334 4.10156e-05
0.00803789 4.42937e-05

0.00803789 4.42763e-05
0.00804104 4.6875e-05

0.00804082 4.6875e-05
0.00804375 4.94428e-05

0.00804375 4.93869e-05
0.00804724 5.27344e-05

0.00804712 5.27344e-05
0.00804961 5.5247e-05

0.00804961 5.52035e-05
0.00805284 5.85937e-05

0.00805281 5.85937e-05
0.00805547 6.1445e-05

0.00805547 6.14236e-05
0.00805826 6.44531e-05

0.00805826 6.44531e-05
0.00806133 6.7784e-05

0.00806133 6.77713e-05
0.00806369 7.03125e-05

0.00806369 7.03125e-05
0.00806719 7.40114e-05

0.00806719 7.40086e-05
0.00806928 7.61719e-05

0.00806927 7.61719e-05
0.00807305 7.99577e-05

0.00807305 7.99663e-05
0.00807518 8.20312e-05

0.00807516 8.20312e-05
0.00807891 8.55184e-05

0.00807891 8.55587e-05
0.00808153 8.78906e-05

0.00808152 8.78906e-05
0.00808477 9.06694e-05

0.00808477 9.07412e-05
0.00808847 9.375e-05

0.00808851 9.375e-05
0.00809063 9.54069e-05

0.00809062 9.5488e-05
0.00809619 9.96094e-05

0.00809631 9.96094e-05
0.00809648 9.97319e-05

0.00809648 9.98014e-05
0.00810234 0.000103736

0.00810234 0.000103781
0.00810511 0.000105469

0.00810526 0.000105469
0.0081082 0.000107265

0.0081082 0.000107327
0.00811406 0.000110532

0.00811406 0.000110557
0.00811564 0.000111328

0.0081158 0.000111328
0.00811992 0.000113336

0.00811992 0.000113366
0.00812578 0.000115912

0.00812578 0.000115961
0.00812906 0.000117187

0.00812929 0.000117187
0.00813164 0.000118068

0.00813164 0.000118091
0.0081375 0.000119958

0.00814979 0
0.00815057 5.85937e-06

0.00815048 5.85938e-06
0.00815301 1.17187e-05

0.00815292 1.17187e-05
0.00815508 1.45822e-05

0.00815508 1.47724e-05
0.00815798 1.75781e-05

0.0081585 1.75781e-05
0.00816094 1.9355e-05

0.00816094 1.95192e-05
0.0081668 2.20327e-05

0.0081668 2.19689e-05
0.00817266 2.25898e-05

0.00817266 2.25765e-05
0.00817852 2.14587e-05

0.00817852 2.16717e-05
0.00818437 1.84156e-05

0.00819365 0
0.00819286 5.85937e-06

0.00819297 5.85938e-06
0.0081904 1.17187e-05

0.00819023 1.23174e-05
0.00818546 1.75781e-05

0.00818437 1.83913e-05
0.00818538 1.75781e-05

0.00819023 1.23459e-05
0.00819064 1.17187e-05

0.0081375 0.000119963
0.00814336 0.000121548

0.00814336 0.000121572
0.00814922 0.000122819

0.00814922 0.000122831
0.00815061 0.000123047

0.00815093 0.000123047
0.00815508 0.000123693

0.00815508 0.000123699
0.00816094 0.000124342

0.00816094 0.00012435
0.0081668 0.000124724

0.0081668 0.000124727
0.00817266 0.000124813

0.00817266 0.000124813
0.00817852 0.000124608

0.00817852 0.000124606
0.00818437 0.000124115

0.00818437 0.000124129
0.00819023 0.000123327

0.00819609 0.000122194
0.0081916 0.000123047

0.00819023 0.000123336
0.00819176 0.000123047

0.00819609 0.000122206
0.00820195 0.000120806

0.00820195 0.000120812
0.00820781 0.000119103

0.00821367 0.000116953
0.00821301 0.000117187

0.00821367 0.000117016
0.00821953 0.000114597

0.00821953 0.000114647
0.00822539 0.000111853

0.00823125 0.000108604
0.00822629 0.000111328

0.00822539 0.00011186
0.00822637 0.000111328

0.00820781 0.000119135
0.00821331 0.000117187

0.00825469 9.07841e-05
0.00825148 9.375e-05

0.00827227 6.94086e-05
0.0082717 7.03125e-05

0.00827812 5.94432e-05
0.00827536 6.44531e-05

0.00827227 6.94137e-05
0.00827537 6.44531e-05

0.00826641 7.76523e-05
0.0082629 8.20312e-05

0.00826055 8.46711e-05
0.00825759 8.78906e-05

0.00825469 9.08204e-05
0.00825761 8.78906e-05

0.00826055 8.47111e-05
0.00826288 8.20312e-05

0.00827172 7.03125e-05
0.00826757 7.61719e-05

0.00826641 7.76904e-05
0.00826756 7.61719e-05

0.00829277 0
0.00829264 5.85937e-06

0.00829264 5.85938e-06
0.00829223 1.17187e-05

0.00829223 1.17187e-05
0.00829156 1.75781e-05

0.00829156 1.75781e-05
0.00829061 2.34375e-05

0.00828984 2.71171e-05
0.00828939 2.92969e-05

0.00828939 2.92969e-05
0.00828787 3.51562e-05

0.00828398 4.6645e-05
0.0082839 4.6875e-05

0.00828787 3.51562e-05
0.00828604 4.10156e-05

0.00828398 4.66459e-05
0.00828605 4.10156e-05

0.00828984 2.71175e-05
0.00829062 2.34375e-05

0.00828391 4.6875e-05
0.00828142 5.27344e-05

0.00828143 5.27344e-05
0.00827859 5.85937e-05

0.00827812 5.94468e-05
0.00827859 5.85937e-05

0.00823711 0.000104897
0.00823619 0.000105469

0.00823711 0.000104994
0.00824297 0.000100837

0.00823125 0.000108658
0.00823637 0.000105469

0.00824883 9.61411e-05
0.00824451 9.96094e-05

0.00824297 0.000100841
0.00824458 9.96094e-05

0.00824883 9.61434e-05
0.00825156 9.375e-05

0.00892596 0
0.0089264 5.85937e-06

0.00892639 5.85938e-06
0.00892774 1.17187e-05

0.0089277 1.17187e-05
0.00892852 1.37435e-05

0.00892852 1.37437e-05
0.00893006 1.75781e-05

0.00892999 1.75781e-05
0.00893359 2.34375e-05

0.00893364 2.34375e-05
0.00893437 2.43891e-05

0.00893437 2.45478e-05
0.00893876 2.92969e-05

0.00893903 2.92969e-05
0.00894023 3.03672e-05

0.00894023 3.05865e-05
0.00894609 3.47716e-05

0.00894609 3.47621e-05
0.00894693 3.51562e-05

0.0089473 3.51562e-05
0.00895195 3.73553e-05

0.00895195 3.73531e-05
0.00895781 3.90903e-05

0.00895781 3.90822e-05
0.00896367 3.98679e-05

0.00896367 3.98545e-05
0.00896953 3.97314e-05

0.00896953 3.97311e-05
0.00897539 3.87267e-05

0.00897539 3.87781e-05
0.00898125 3.67902e-05

0.00900402 0
0.00900387 5.85937e-06

0.00900408 5.85938e-06
0.00900319 1.17187e-05

0.00899883 2.15532e-05
0.00899772 2.34375e-05

0.00900323 1.17187e-05
0.00900113 1.75781e-05

0.00899883 2.15629e-05
0.00900117 1.75781e-05

0.00898711 3.36107e-05
0.00898426 3.51562e-05

0.00899297 2.88722e-05
0.00899252 2.92969e-05

0.00898711 3.38083e-05
0.00899268 2.92969e-05

0.00898125 3.68875e-05
0.00898445 3.51562e-05

0.00899297 2.90316e-05
0.00899783 2.34375e-05

0.00901348 0
0.00901371 5.85937e-06

0.0090136 5.85938e-06
0.00901453 1.17187e-05

0.00901443 1.17187e-05
0.00901641 1.74018e-05

0.00901641 1.73849e-05
0.00901647 1.75781e-05

0.00901645 1.75781e-05
0.00901981 2.34375e-05

0.00901982 2.34375e-05
0.00902227 2.65593e-05

0.00902227 2.65409e-05
0.00902469 2.92969e-05

0.00902485 2.92969e-05
0.00902812 3.22552e-05

0.00902812 3.24531e-05
0.00903197 3.51562e-05

0.00903243 3.51562e-05
0.00903398 3.61754e-05

0.00903398 3.62969e-05
0.00903984 3.92979e-05

0.00903984 3.93713e-05
0.00904431 4.10156e-05

0.00904494 4.10156e-05
0.0090457 4.12958e-05

0.0090457 4.1381e-05
0.00905156 4.2846e-05

0.00905156 4.28445e-05
0.00905742 4.38304e-05

0.00905742 4.38113e-05
0.00906328 4.43595e-05

0.00906328 4.43437e-05
0.00906914 4.45241e-05

0.00906914 4.45103e-05
0.009075 4.43823e-05

0.009075 4.43734e-05
0.00908086 4.39822e-05

0.00908086 4.39779e-05
0.00908672 4.33499e-05

0.00908672 4.33525e-05
0.00909258 4.2491e-05

0.00909258 4.25185e-05
0.00909844 4.13635e-05

0.0091043 3.98618e-05
0.00909976 4.10156e-05

0.00909844 4.13744e-05
0.00909985 4.10156e-05

0.0091043 3.98961e-05
0.00911016 3.8031e-05

0.00912187 3.25069e-05
0.00911701 3.51562e-05

0.00911016 3.80976e-05
0.00911602 3.56658e-05

0.00911602 3.56804e-05
0.009117 3.51562e-05

0.00913359 2.24119e-05
0.0091328 2.34375e-05

0.00914185 0
0.00914133 5.85937e-06

0.00914135 5.85938e-06
0.00913976 1.17187e-05

0.00913945 1.24499e-05
0.00913701 1.75781e-05

0.00913359 2.24135e-05
0.00913708 1.75781e-05

0.00913945 1.24543e-05
0.0091398 1.17187e-05

0.00912773 2.82853e-05
0.0091264 2.92969e-05

0.00912187 3.26336e-05
0.00912651 2.92969e-05

0.00912773 2.84983e-05
0.00913289 2.34375e-05

0.00945581 0
0.00945586 5.40175e-07

0.00945586 5.40362e-07
0.00945631 5.85937e-06

0.00945629 5.85938e-06
0.00945784 1.17187e-05

0.00945777 1.17187e-05
0.00946056 1.75781e-05

0.00946054 1.75781e-05
0.00946172 1.9338e-05

0.00946172 1.93357e-05
0.00946487 2.34375e-05

0.009465 2.34375e-05
0.00946758 2.59589e-05

0.00946758 2.6214e-05
0.00947189 2.92969e-05

0.00947258 2.92969e-05
0.00947344 2.98314e-05

0.00947344 3.00456e-05
0.0094793 3.25089e-05

0.0094793 3.25107e-05
0.00948516 3.37478e-05

0.00948516 3.37241e-05
0.00949102 3.3779e-05

0.00949102 3.37744e-05
0.00949687 3.27039e-05

0.00952031 6.42802e-06
0.0095189 1.17187e-05

0.00951445 2.00208e-05
0.00951181 2.34375e-05

0.00951897 1.17187e-05
0.00951616 1.75781e-05

0.00951445 2.01531e-05
0.00951623 1.75781e-05

0.00949687 3.27855e-05
0.00950273 3.04354e-05

0.00950859 2.65304e-05
0.00950458 2.92969e-05

0.00950273 3.04744e-05
0.00950462 2.92969e-05

0.00950859 2.65494e-05
0.00951186 2.34375e-05

0.00952094 0
0.00952044 5.85937e-06

0.00952031 6.42868e-06
0.00952046 5.85938e-06

0.00972436 0
0.00972495 5.85937e-06

0.0097249 5.85938e-06
0.00972539 7.38858e-06

0.00972539 7.38613e-06
0.00972677 1.17187e-05

0.00972667 1.17187e-05
0.00973012 1.75781e-05

0.00973015 1.75781e-05
0.00973125 1.89458e-05

0.00973125 1.92088e-05
0.00973571 2.34375e-05

0.00973629 2.34375e-05
0.00973711 2.40317e-05

0.00973711 2.42282e-05
0.00974297 2.73883e-05

0.00974297 2.73598e-05
0.00974883 2.90177e-05

0.00974883 2.89735e-05
0.00975469 2.92745e-05

0.00977227 2.18683e-05
0.00977016 2.34375e-05

0.00977812 1.4466e-05
0.00977625 1.75781e-05

0.00977227 2.204e-05
0.00977634 1.75781e-05

0.00975469 2.92693e-05
0.00976055 2.83122e-05

0.00976055 2.83871e-05
0.00976641 2.60322e-05

0.00976641 2.61726e-05
0.00977037 2.34375e-05

0.0097821 0
0.0097815 5.85937e-06

0.00978154 5.85938e-06
0.00977964 1.17187e-05

0.00977812 1.45108e-05
0.00977974 1.17187e-05

0.0100074 0
0.0100081 5.85937e-06

0.010008 5.85938e-06
0.0100101 1.17187e-05

0.01001 1.17187e-05
0.0100125 1.55876e-05

0.0100125 1.5565e-05
0.0100138 1.75781e-05

0.0100138 1.75781e-05
0.0100184 2.20089e-05

0.0100184 2.21301e-05
0.0100205 2.34375e-05

0.010021 2.34375e-05
0.0100242 2.53593e-05

0.0100242 2.53766e-05
0.0100301 2.71481e-05

0.0100301 2.71123e-05
0.0100359 2.74358e-05

0.0100594 9.41909e-06
0.0100586 1.17187e-05

0.0100535 1.90673e-05
0.0100484 2.34375e-05

0.0100587 1.17187e-05
0.0100548 1.75781e-05

0.0100535 1.90655e-05
0.0100548 1.75781e-05

0.0100359 2.74334e-05
0.0100418 2.63853e-05

0.0100418 2.65173e-05
0.0100477 2.38383e-05

0.0100477 2.38167e-05
0.0100482 2.34375e-05

0.0100612 0
0.0100606 5.85937e-06

0.0100594 9.38444e-06
0.0100606 5.85938e-06

0.0103616 0
0.0103623 5.85937e-06

0.0103622 5.85938e-06
0.0103641 1.07438e-05

0.0103641 1.07451e-05
0.0103644 1.17187e-05

0.0103642 1.17187e-05
0.0103685 1.75781e-05

0.0103683 1.75781e-05
0.0103699 1.92485e-05

0.0103699 1.90919e-05
0.0103758 2.34375e-05

0.0103758 2.33136e-05
0.0103761 2.34375e-05

0.0103765 2.34375e-05
0.0103816 2.52856e-05

0.0103816 2.52374e-05
0.0103875 2.57511e-05

0.0103992 2.24436e-05
0.010397 2.34375e-05

0.0104109 7.34e-06
0.0104093 1.17187e-05

0.0103992 2.25439e-05
0.0104051 1.76588e-05

0.0104094 1.17187e-05
0.0104051 1.75781e-05

0.0104051 1.7606e-05
0.0104051 1.75781e-05

0.0103875 2.57261e-05
0.0103934 2.48123e-05

0.0103934 2.49111e-05
0.0103967 2.34375e-05

0.0104121 0
0.0104114 5.85937e-06

0.0104109 7.30421e-06
0.0104115 5.85938e-06

