0.0044056 0
0.00440574 5.85937e-06

0.00440574 5.85938e-06
0.00440618 1.17187e-05

0.00440618 1.17187e-05
0.00440692 1.75781e-05

0.00440691 1.75781e-05
0.00440799 2.34375e-05

0.00440799 2.34375e-05
0.00440943 2.92969e-05

0.00440944 2.92969e-05
0.00441094 3.4083e-05

0.00441094 3.45671e-05
0.00441112 3.51562e-05

0.00441124 3.51562e-05
0.0044135 4.10156e-05

0.00441348 4.10156e-05
0.00441621 4.6875e-05

0.00441628 4.6875e-05
0.0044168 4.78132e-05

0.0044168 4.7988e-05
0.00441944 5.27344e-05

0.00441941 5.27344e-05
0.00442266 5.75951e-05

0.00442266 5.76605e-05
0.00442329 5.85937e-05

0.00442328 5.85937e-05
0.00442802 6.44531e-05

0.00442811 6.44531e-05
0.00442852 6.49096e-05

0.00442852 6.50249e-05
0.00443373 7.03125e-05

0.00443385 7.03125e-05
0.00443437 7.07983e-05

0.00443437 7.0886e-05
0.00444023 7.57512e-05

0.00444023 7.58326e-05
0.0044407 7.61719e-05

0.00444099 7.61719e-05
0.00444609 7.97421e-05

0.00444609 7.99571e-05
0.00444968 8.20312e-05

0.00445035 8.20312e-05
0.00445195 8.29552e-05

0.00445195 8.30901e-05
0.00445781 8.59072e-05

0.00445781 8.60184e-05
0.00446253 8.78906e-05

0.00446291 8.78906e-05
0.00446367 8.81944e-05

0.00446367 8.82443e-05
0.00446953 9.00631e-05

0.00446953 9.0067e-05
0.00447539 9.15232e-05

0.00447539 9.15211e-05
0.00448125 9.26113e-05

0.00448125 9.26091e-05
0.00448711 9.33417e-05

0.00448711 9.33391e-05
0.00449297 9.37236e-05

0.00449297 9.37145e-05
0.0044976 9.375e-05

0.00450469 9.34684e-05
0.00449921 9.375e-05

0.00450469 9.34727e-05
0.00451055 9.2811e-05

0.00451055 9.28159e-05
0.00451641 9.17798e-05

0.00451641 9.17833e-05
0.00452227 9.0356e-05

0.00452813 8.7843e-05
0.00452797 8.78906e-05

0.00452227 9.03665e-05
0.00452813 8.85212e-05

0.00453398 8.62035e-05
0.00452965 8.78906e-05

0.00452812 8.86064e-05
0.00452996 8.78906e-05

0.00453398 8.62646e-05
0.00453984 8.34981e-05

0.0045457 8.00571e-05
0.00454222 8.20312e-05

0.00455156 7.56503e-05
0.00455082 7.61719e-05

0.0045457 8.02493e-05
0.00455156 7.62801e-05

0.00453984 8.36596e-05
0.00454273 8.20312e-05

0.00456328 6.59595e-05
0.00455876 7.03125e-05

0.004575 5.05335e-05
0.00457366 5.27344e-05

0.00457388 5.27344e-05
0.00456967 5.85937e-05

0.00456914 5.92422e-05
0.00456471 6.44531e-05

0.00456328 6.60839e-05
0.00456481 6.44531e-05

0.00456914 5.93961e-05
0.00456977 5.85937e-05

0.00455742 7.15525e-05
0.00455167 7.61719e-05

0.00455156 7.6291e-05
0.00455172 7.61719e-05

0.00455742 7.16892e-05
0.00455897 7.03125e-05

0.00449525 9.375e-05
0.00449883 9.37774e-05

0.00449883 9.37914e-05
0.00449963 9.375e-05

0.00458672 2.31266e-05
0.00458665 2.34375e-05

0.00458955 0
0.00458937 5.85937e-06

0.00458937 5.85938e-06
0.00458883 1.17187e-05

0.00458883 1.17187e-05
0.00458793 1.75781e-05

0.00458672 2.31337e-05
0.00458793 1.75781e-05

0.00458665 2.34375e-05
0.00458499 2.92969e-05

0.004585 2.92969e-05
0.00458292 3.51562e-05

0.00458086 3.99118e-05
0.00458038 4.10156e-05

0.00458042 4.10156e-05
0.0045774 4.6875e-05

0.00458086 3.99711e-05
0.00458293 3.51562e-05

0.004575 5.10127e-05
0.00457752 4.6875e-05

0.00527853 0
0.00527872 5.85937e-06

0.00527872 5.85938e-06
0.00527928 1.17187e-05

0.00527929 1.17187e-05
0.00528018 1.75781e-05

0.0052802 1.75781e-05
0.00528139 2.34375e-05

0.0052814 2.34375e-05
0.00528287 2.92969e-05

0.00528286 2.92969e-05
0.00528398 3.31205e-05

0.00528398 3.3058e-05
0.0052846 3.51562e-05

0.00528457 3.51562e-05
0.00528662 4.10156e-05

0.00528657 4.10156e-05
0.00528906 4.6875e-05

0.00528902 4.6875e-05
0.00528984 4.8422e-05

0.00528984 4.84291e-05
0.00529213 5.27344e-05

0.00529206 5.27344e-05
0.0052957 5.81382e-05

0.0052957 5.81636e-05
0.00529601 5.85937e-05

0.00529595 5.85937e-05
0.005301 6.44531e-05

0.00530124 6.44531e-05
0.00530156 6.47897e-05

0.00530156 6.50589e-05
0.00530731 7.03125e-05

0.00530755 7.03125e-05
0.00531328 7.45717e-05

0.00531328 7.46754e-05
0.00531555 7.61719e-05

0.00531598 7.61719e-05
0.00531914 7.82501e-05

0.00531914 7.834e-05
0.005325 8.18786e-05

0.005325 8.18884e-05
0.00532524 8.20312e-05

0.00532549 8.20312e-05
0.00533086 8.52854e-05

0.00533086 8.52704e-05
0.0053348 8.78906e-05

0.00533482 8.78906e-05
0.00533672 8.91541e-05

0.00533672 8.90809e-05
0.00534258 9.35368e-05

0.00534258 9.35305e-05
0.00534284 9.375e-05

0.00538045 0
0.00538146 5.85937e-06

0.00538128 5.85938e-06
0.00538359 9.84483e-06

0.00538359 9.96211e-06
0.00538473 1.17187e-05

0.00538468 1.17187e-05
0.00538945 1.5853e-05

0.00538945 1.57185e-05
0.00539437 1.75781e-05

0.00540117 1.74734e-05
0.00539802 1.75781e-05

0.00539531 1.77896e-05
0.00540117 1.75976e-05

0.00540703 1.50692e-05
0.00540159 1.75781e-05

0.00540117 1.76768e-05
0.00540141 1.75781e-05

0.00541289 8.39545e-06
0.00541075 1.17187e-05

0.00541506 0
0.00541406 5.85937e-06

0.00541289 8.3423e-06
0.00541424 5.85938e-06

0.00540703 1.52054e-05
0.00541091 1.17187e-05

0.00534277 9.375e-05
0.00534844 9.86756e-05

0.00534844 9.86231e-05
0.00534951 9.96094e-05

0.00534935 9.96094e-05
0.0053543 0.000104301

0.0053543 0.00010424
0.00535554 0.000105469

0.00535537 0.000105469
0.00536016 0.000110155

0.00536016 0.000110143
0.00536137 0.000111328

0.00536128 0.000111328
0.00536602 0.000115731

0.00536602 0.000115866
0.00536752 0.000117187

0.00536769 0.000117187
0.00537187 0.000120697

0.00537187 0.000120865
0.00537485 0.000123047

0.00537503 0.000123047
0.00537773 0.000124996

0.00537773 0.000125132
0.00538359 0.000128619

0.00538359 0.000128719
0.005384 0.000128906

0.00538436 0.000128906
0.00538945 0.000131248

0.00538945 0.000131261
0.00539531 0.00013327

0.00539531 0.000133289
0.00540117 0.000134582

0.00540117 0.000134584
0.0054031 0.000134766

0.00540322 0.000134766
0.00540703 0.000135124

0.00540703 0.000135117
0.00541289 0.000134958

0.00541875 0.0001341
0.00541425 0.000134766

0.00541289 0.000134966
0.00541425 0.000134766

0.00546084 0
0.00546562 5.13826e-06

0.00546562 2.00923e-06
0.00547148 2.67136e-06

0.00547148 2.5773e-06
0.00547734 2.31025e-06

0.00547734 3.79963e-06
0.0054832 5.94581e-07

0.0054832 3.69285e-06
0.00548642 0

0.00548906 2.83883e-06
0.00549079 0

0.00550078 5.53375e-06
0.00550664 5.53375e-06

0.00547734 9.1698e-05
0.00547457 9.375e-05

0.0054832 8.76064e-05
0.00548279 8.78906e-05

0.00547734 9.16662e-05
0.00548263 8.78906e-05

0.0054832 8.76025e-05
0.00548906 8.33929e-05

0.0055125 5.65062e-05
0.00551148 5.85937e-05

0.00550664 6.64201e-05
0.00550364 7.03125e-05

0.00551167 5.85937e-05
0.00550808 6.44531e-05

0.00550664 6.64204e-05
0.00550805 6.44531e-05

0.00549492 7.89089e-05
0.005491 8.20312e-05

0.00550078 7.34423e-05
0.00549801 7.61719e-05

0.00549492 7.87471e-05
0.00549782 7.61719e-05

0.00548906 8.3287e-05
0.00549073 8.20312e-05

0.00550078 7.33267e-05
0.00550352 7.03125e-05

0.00541875 0.000134113
0.00542461 0.000132497

0.00542461 0.000132489
0.00543047 0.000130113

0.00543633 0.00012699
0.00543275 0.000128906

0.00544219 0.000122888
0.00544197 0.000123047

0.00543633 0.000127034
0.00544218 0.000123047

0.00543047 0.000130111
0.00543272 0.000128906

0.00545391 0.000112569
0.00544896 0.000117187

0.00546562 0.000101083
0.00546094 0.000105469

0.00545977 0.00010673
0.00545506 0.000111328

0.00545391 0.000112558
0.00545517 0.000111328

0.00545977 0.000106751
0.00546109 0.000105469

0.00544219 0.000122991
0.00544805 0.000118134

0.00544805 0.000118114
0.00544907 0.000117187

0.00547148 9.59725e-05
0.00546716 9.96094e-05

0.00546562 0.000101183
0.0054674 9.96094e-05

0.00547148 9.60588e-05
0.00547452 9.375e-05

0.00552422 1.6938e-05
0.00552413 1.75781e-05

0.00552412 1.75781e-05
0.00552307 2.34375e-05

0.00552559 0
0.00552542 5.85937e-06

0.00552542 5.85938e-06
0.00552493 1.17187e-05

0.00552422 1.69566e-05
0.00552492 1.17187e-05

0.00552305 2.34375e-05
0.00552177 2.92969e-05

0.00552177 2.92969e-05
0.00552029 3.51562e-05

0.00551836 4.17687e-05
0.00551667 4.6875e-05

0.0055203 3.51562e-05
0.00551862 4.10156e-05

0.00551836 4.21608e-05
0.00551874 4.10156e-05

0.00551674 4.6875e-05
0.00551443 5.27344e-05

0.0055125 5.69338e-05
0.00551455 5.27344e-05

0.0057 0.00187385
0.00569927 0.001875

0.00565312 0.0019608
0.00565214 0.00196289

0.00565215 0.00196289
0.00564942 0.00196875

0.00567656 0.001914
0.00567547 0.00191602

0.0056755 0.00191602
0.0056724 0.00192187

0.00568828 0.00189307
0.00568518 0.00189844

0.00569414 0.00188324
0.00569202 0.00188672

0.00569929 0.001875
0.00569561 0.00188086

0.00569414 0.00188326
0.0056956 0.00188086

0.00569204 0.00188672
0.00568857 0.00189258

0.00568828 0.00189308
0.00568857 0.00189258

0.00568242 0.00190331
0.00568186 0.0019043

0.00568189 0.0019043
0.00567865 0.00191016

0.00568242 0.00190333
0.00568518 0.00189844

0.00567656 0.00191401
0.00567864 0.00191016

0.00566484 0.00193663
0.00566343 0.00193945

0.00566345 0.00193945
0.00566057 0.00194531

0.0056707 0.00192511
0.00566934 0.00192773

0.00566937 0.00192773
0.00566638 0.00193359

0.0056707 0.00192512
0.00567239 0.00192187

0.00566484 0.00193664
0.00566637 0.00193359

0.00565898 0.00194853
0.0056577 0.00195117

0.00565772 0.00195117
0.00565492 0.00195703

0.00565898 0.00194854
0.00566055 0.00194531

0.00565312 0.00196081
0.00565491 0.00195703

0.00562969 0.00201295
0.00562853 0.00201563

0.00564141 0.00198631
0.0056414 0.00198633

0.0056414 0.00198633
0.00563878 0.00199219

0.00564727 0.0019734
0.00564671 0.00197461

0.00564672 0.00197461
0.00564405 0.00198047

0.00564727 0.00197341
0.00564941 0.00196875

0.00564141 0.00198632
0.00564405 0.00198047

0.00563555 0.0019995
0.00563361 0.00200391

0.00563879 0.00199219
0.00563619 0.00199805

0.00563555 0.0019995
0.00563619 0.00199805

0.00563362 0.00200391
0.00563107 0.00200977

0.00562969 0.00201295
0.00563106 0.00200977

0.00562383 0.00202663
0.00562352 0.00202734

0.00562854 0.00201562
0.00562603 0.00202148

0.00562383 0.00202663
0.00562602 0.00202148

0.00562353 0.00202734
0.00562105 0.0020332

0.00562105 0.0020332
0.00561859 0.00203906

0.00561797 0.00204054
0.00561614 0.00204492

0.00561615 0.00204492
0.00561372 0.00205078

0.00561211 0.00205466
0.00561129 0.00205664

0.0056113 0.00205664
0.0056089 0.0020625

0.00561211 0.00205466
0.00561371 0.00205078

0.00561797 0.00204054
0.00561858 0.00203906

0.00560625 0.00206899
0.00560414 0.00207422

0.00560039 0.00208356
0.00559944 0.00208594

0.00560414 0.00207422
0.00560179 0.00208008

0.00560039 0.00208356
0.00560178 0.00208008

0.00559453 0.00209837
0.00559252 0.00210352

0.00559252 0.00210352
0.00559025 0.00210937

0.00559944 0.00208594
0.00559712 0.0020918

0.00559712 0.0020918
0.00559481 0.00209766

0.00559453 0.00209837
0.00559481 0.00209766

0.00558281 0.00212888
0.00558134 0.00213281

0.00558134 0.00213281
0.00557917 0.00213867

0.00557917 0.00213867
0.00557702 0.00214453

0.00557695 0.0021447
0.00557489 0.00215039

0.00557489 0.00215039
0.00557279 0.00215625

0.00557695 0.0021447
0.00557702 0.00214453

0.00558867 0.00211346
0.00558799 0.00211523

0.00558799 0.00211523
0.00558575 0.00212109

0.00558867 0.00211346
0.00559025 0.00210937

0.00558575 0.00212109
0.00558354 0.00212695

0.00558281 0.00212888
0.00558354 0.00212695

0.00555937 0.00219609
0.005559 0.00219727

0.005559 0.00219727
0.00555718 0.00220312

0.00555718 0.00220312
0.00555541 0.00220898

0.00555541 0.00220898
0.0055537 0.00221484

0.00555352 0.00221547
0.00555202 0.0022207

0.00555202 0.0022207
0.00555041 0.00222656

0.00555352 0.00221548
0.0055537 0.00221484

0.00554766 0.00223708
0.00554735 0.00223828

0.00554735 0.00223828
0.0055459 0.00224414

0.0055459 0.00224414
0.00554452 0.00225

0.0055504 0.00222656
0.00554885 0.00223242

0.00554766 0.00223708
0.00554885 0.00223242

0.00557109 0.00216105
0.00557072 0.00216211

0.00557072 0.00216211
0.00556868 0.00216797

0.00556523 0.00217809
0.0055647 0.00217969

0.00556868 0.00216797
0.00556667 0.00217383

0.00556523 0.00217809
0.00556667 0.00217383

0.00557109 0.00216105
0.00557279 0.00215625

0.0055647 0.00217969
0.00556276 0.00218555

0.00556276 0.00218555
0.00556086 0.00219141

0.00555937 0.00219609
0.00556086 0.00219141

0.0056089 0.0020625
0.00560651 0.00206836

0.00560625 0.002069
0.00560651 0.00206836

0.00554452 0.00225
0.00554321 0.00225586

0.00554321 0.00225586
0.00554197 0.00226172

0.0055418 0.00226259
0.0055408 0.00226758

0.00554079 0.00226758
0.00553969 0.00227344

0.0055418 0.0022626
0.00554197 0.00226172

0.00553969 0.00227344
0.00553866 0.0022793

0.00553866 0.0022793
0.0055377 0.00228516

0.0055377 0.00228516
0.00553682 0.00229102

0.00553682 0.00229102
0.00553602 0.00229687

0.00553594 0.00229751
0.00553529 0.00230273

0.00553529 0.00230273
0.00553463 0.00230859

0.00553463 0.00230859
0.00553405 0.00231445

0.00553405 0.00231445
0.00553355 0.00232031

0.00553355 0.00232031
0.00553312 0.00232617

0.00553312 0.00232617
0.00553277 0.00233203

0.00553277 0.00233203
0.00553249 0.00233789

0.00553249 0.00233789
0.00553228 0.00234375

0.00553594 0.00229751
0.00553602 0.00229687

0.00553228 0.00234375
0.00553214 0.00234961

0.00553214 0.00234961
0.00553206 0.00235547

0.00553206 0.00235547
0.00553205 0.00236133

0.00553205 0.00236133
0.0055321 0.00236719

0.0055321 0.00236719
0.00553221 0.00237305

0.00553221 0.00237305
0.00553237 0.00237891

0.00553237 0.00237891
0.0055326 0.00238477

0.0055326 0.00238477
0.00553287 0.00239062

0.00553287 0.00239062
0.00553321 0.00239648

0.00553321 0.00239648
0.0055336 0.00240234

0.0055336 0.00240234
0.00553405 0.0024082

0.00553405 0.0024082
0.00553456 0.00241406

0.00553456 0.00241406
0.00553515 0.00241992

0.00553515 0.00241992
0.00553581 0.00242578

0.0055358 0.00242578
0.00553594 0.00242685

0.00553594 0.00242685
0.00553655 0.00243164

0.00553655 0.00243164
0.00553741 0.0024375

0.00553741 0.0024375
0.00553838 0.00244336

0.00553837 0.00244336
0.00553947 0.00244922

0.00553946 0.00244922
0.00554071 0.00245508

0.00554069 0.00245508
0.0055418 0.0024596

0.0055418 0.00245961
0.00554212 0.00246094

0.00554212 0.00246094
0.00554376 0.0024668

0.00554376 0.0024668
0.00554562 0.00247266

0.0055456 0.00247266
0.00554766 0.00247829

0.00554766 0.0024783
0.00554773 0.00247852

0.00554774 0.00247852
0.0055502 0.00248437

0.00555018 0.00248437
0.00555302 0.00249023

0.00555299 0.00249023
0.00555352 0.00249118

0.00555352 0.00249116
0.00555627 0.00249609

0.00555624 0.00249609
0.00555937 0.00250093

0.00555937 0.00250092
0.00556004 0.00250195

0.00556002 0.00250195
0.00556444 0.00250781

0.00556447 0.00250781
0.00556523 0.00250874

0.00556523 0.00250877
0.00556957 0.00251367

0.00556966 0.00251367
0.00557109 0.00251513

0.00557109 0.00251523
0.00557574 0.00251953

0.00557586 0.00251953
0.00557695 0.00252048

0.00557695 0.0025206
0.00558281 0.00252517

0.00558281 0.00252518
0.00558312 0.00252539

0.00558325 0.00252539
0.00558867 0.00252903

0.00558867 0.00252909
0.0055924 0.00253125

0.00559265 0.00253125
0.00559453 0.00253234

0.00559453 0.00253238
0.00560039 0.00253531

0.00560039 0.00253537
0.0056044 0.00253711

0.00560467 0.00253711
0.00560625 0.0025378

0.00560625 0.00253782
0.00561211 0.00254004

0.00561211 0.00254005
0.00561797 0.00254205

0.00561797 0.00254207
0.00562092 0.00254297

0.00562114 0.00254297
0.00562383 0.00254379

0.00562383 0.00254379
0.00562969 0.00254547

0.00562969 0.00254545
0.00563555 0.00254711

0.00563555 0.00254709
0.00564141 0.0025488

0.00564141 0.0025488
0.00564148 0.00254883

0.00564155 0.00254883
0.00564727 0.00255062

0.00564727 0.00255059
0.00565312 0.00255266

0.00565312 0.0025526
0.00565812 0.00255469

0.00565798 0.00255469
0.00565898 0.00255511

0.00565898 0.00255508
0.00566484 0.00255798

0.00566484 0.00255787
0.00566937 0.00256055

0.00566912 0.00256055
0.0056707 0.00256148

0.0056707 0.00256137
0.00567656 0.00256554

0.00567656 0.00256551
0.0056777 0.00256641

0.0056776 0.00256641
0.00568242 0.00257046

0.00568242 0.00257043
0.00568441 0.00257227

0.00568429 0.00257227
0.00568828 0.00257621

0.00568828 0.00257615
0.00569016 0.00257812

0.0056901 0.00257812
0.00569414 0.00258265

0.00569414 0.0025826
0.00569533 0.00258398

0.0056953 0.00258398
0.0057 0.00258964

0.00582207 0
0.00582305 2.52228e-06

0.00582305 1.35735e-06
0.00582891 3.68812e-06

0.00582891 4.48496e-06
0.00583164 0

0.00599004 0
0.00599297 2.25037e-06

0.00599297 2.39363e-06
0.00599486 0

0.00671748 0
0.00671741 5.85937e-06

0.00671741 5.85938e-06
0.00671723 1.17187e-05

0.00671723 1.17187e-05
0.00671693 1.75781e-05

0.00671692 1.75781e-05
0.00671652 2.34375e-05

0.00671652 2.34375e-05
0.00671602 2.92969e-05

0.00671601 2.92969e-05
0.00671545 3.51562e-05

0.00671544 3.51562e-05
0.00671482 4.10156e-05

0.00671481 4.10156e-05
0.00671417 4.6875e-05

0.00671367 5.1405e-05
0.00671353 5.27344e-05

0.00671352 5.27344e-05
0.00671292 5.85937e-05

0.00671367 5.13845e-05
0.00671416 4.6875e-05

0.00671291 5.85937e-05
0.00671237 6.44531e-05

0.00671236 6.44531e-05
0.0067119 7.03125e-05

0.00671189 7.03125e-05
0.00671155 7.61719e-05

0.00671154 7.61719e-05
0.00671133 8.20312e-05

0.00671133 8.20312e-05
0.00671128 8.78906e-05

0.00671127 8.78906e-05
0.00671141 9.375e-05

0.0067114 9.375e-05
0.00671174 9.96094e-05

0.00671174 9.96094e-05
0.00671229 0.000105469

0.00671229 0.000105469
0.00671309 0.000111328

0.00671308 0.000111328
0.00671367 0.000114577

0.00671367 0.000114593
0.00671415 0.000117187

0.00671415 0.000117187
0.00671551 0.000123047

0.00671551 0.000123047
0.00671717 0.000128906

0.00671716 0.000128906
0.00671916 0.000134766

0.00671917 0.000134766
0.00671953 0.00013565

0.00671953 0.000135678
0.00672155 0.000140625

0.00672154 0.000140625
0.00672435 0.000146484

0.00672434 0.000146484
0.00672539 0.000148347

0.00672539 0.000148372
0.00672762 0.000152344

0.0067276 0.000152344
0.00673125 0.000157889

0.0067985 0
0.00679892 5.85937e-06

0.00679891 5.85938e-06
0.0068002 1.17187e-05

0.00680017 1.17187e-05
0.00680156 1.53481e-05

0.00680156 1.53406e-05
0.00680242 1.75781e-05

0.00680237 1.75781e-05
0.00680575 2.34375e-05

0.00680579 2.34375e-05
0.00680742 2.56382e-05

0.00680742 2.56338e-05
0.00681048 2.92969e-05

0.00681066 2.92969e-05
0.00681328 3.17983e-05

0.00681328 3.20145e-05
0.00681746 3.51562e-05

0.00681784 3.51562e-05
0.00681914 3.60303e-05

0.00681914 3.61673e-05
0.006825 3.92729e-05

0.00673125 0.0001579
0.00673145 0.000158203

0.00673143 0.000158203
0.00673594 0.000164062

0.00673601 0.000164062
0.00673711 0.000165352

0.00673711 0.000165431
0.00674119 0.000169922

0.00674133 0.000169922
0.00674297 0.000171546

0.00674297 0.000171693
0.00674754 0.000175781

0.00674773 0.000175781
0.00674883 0.000176695

0.00674883 0.000176878
0.00675469 0.000181259

0.00675469 0.000181269
0.00675527 0.000181641

0.00675544 0.000181641
0.00676055 0.000184884

0.00676055 0.000184974
0.00676526 0.0001875

0.00676559 0.0001875
0.00676641 0.000187939

0.00676641 0.000188006
0.00677227 0.000190622

0.00677227 0.000190663
0.00677812 0.000192827

0.00677812 0.000192831
0.00677996 0.000193359

0.00678013 0.000193359
0.00678398 0.00019447

0.00678398 0.000194475
0.00678984 0.000195769

0.00678984 0.000195769
0.0067957 0.000196692

0.0067957 0.000196687
0.00680156 0.000197251

0.00680156 0.000197247
0.00680742 0.000197471

0.00680742 0.00019747
0.00681328 0.000197368

0.00681328 0.000197367
0.00681914 0.000196943

0.00681914 0.000196941
0.006825 0.0001962

0.006825 3.93353e-05
0.00682969 4.10156e-05

0.00683058 4.10156e-05
0.00683086 4.11156e-05

0.00683086 4.13012e-05
0.00683672 4.2534e-05

0.00683672 4.25538e-05
0.00684258 4.30682e-05

0.00684258 4.30645e-05
0.00684844 4.28283e-05

0.00684844 4.28272e-05
0.0068543 4.18502e-05

0.00686016 4.00539e-05
0.00685699 4.10156e-05

0.0068543 4.19335e-05
0.00685732 4.10156e-05

0.00687187 3.35572e-05
0.00686944 3.51562e-05

0.00686016 4.01295e-05
0.00686602 3.7428e-05

0.00686602 3.75662e-05
0.00686974 3.51562e-05

0.00688359 1.9855e-05
0.00688152 2.34375e-05

0.00688877 0
0.00688836 5.85937e-06

0.00688837 5.85938e-06
0.00688709 1.17187e-05

0.00688712 1.17187e-05
0.00688487 1.75781e-05

0.00688359 1.99024e-05
0.00688492 1.75781e-05

0.00687773 2.81223e-05
0.00687666 2.92969e-05

0.00687187 3.37722e-05
0.00687684 2.92969e-05

0.00687773 2.82388e-05
0.00688161 2.34375e-05

0.00686016 0.000185484
0.00685546 0.0001875

0.00686016 0.000185493
0.00686602 0.000182687

0.00687187 0.000179572
0.00686796 0.000181641

0.00686602 0.000182721
0.00686806 0.000181641

0.00688359 0.000172482
0.00687837 0.000175781

0.00687187 0.000179601
0.00687773 0.0001762

0.00687773 0.000176204
0.00687843 0.000175781

0.00688945 0.000168454
0.00688729 0.000169922

0.00688359 0.000172519
0.0068874 0.000169922

0.00688945 0.00016851
0.00689531 0.000164179

0.00690117 0.000159496
0.00689545 0.000164062

0.00690703 0.000154483
0.00690269 0.000158203

0.00690117 0.000159505
0.00690274 0.000158203

0.00691289 0.000149065
0.00690935 0.000152344

0.00691875 0.000143223
0.00691553 0.000146484

0.00691289 0.000149091
0.00691557 0.000146484

0.00690703 0.000154491
0.00690942 0.000152344

0.00689531 0.000164177
0.00689546 0.000164062

0.00696562 6.81258e-05
0.00696486 7.03125e-05

0.00696487 7.03125e-05
0.0069626 7.61719e-05

0.0069626 7.61719e-05
0.00696012 8.20312e-05

0.00695977 8.28063e-05
0.00695743 8.78906e-05

0.00695743 8.78906e-05
0.0069545 9.375e-05

0.00695977 8.28059e-05
0.00696012 8.20312e-05

0.00697734 1.00665e-06
0.00697727 5.85937e-06

0.00697727 5.85938e-06
0.00697702 1.17187e-05

0.00697702 1.17187e-05
0.0069766 1.75781e-05

0.0069766 1.75781e-05
0.00697601 2.34375e-05

0.00697734 1.00487e-06
0.00697736 0

0.00697602 2.34375e-05
0.00697525 2.92969e-05

0.00697526 2.92969e-05
0.00697432 3.51562e-05

0.00697432 3.51562e-05
0.00697321 4.10156e-05

0.00697321 4.10156e-05
0.00697191 4.6875e-05

0.00697148 4.85739e-05
0.00697044 5.27344e-05

0.00697044 5.27344e-05
0.00696878 5.85937e-05

0.00697148 4.85725e-05
0.00697191 4.6875e-05

0.00696878 5.85937e-05
0.00696692 6.44531e-05

0.00696562 6.81246e-05
0.00696691 6.44531e-05

0.00694219 0.000114351
0.00694027 0.000117187

0.00692461 0.000136897
0.00692126 0.000140625

0.00693047 0.000130078
0.00692653 0.000134766

0.00692461 0.000136938
0.00692652 0.000134766

0.00693633 0.000122616
0.00693601 0.000123047

0.00693603 0.000123047
0.00693145 0.000128906

0.00693633 0.000122627
0.00694028 0.000117187

0.00693047 0.000130099
0.00693144 0.000128906

0.00694805 0.000105233
0.00694791 0.000105469

0.00695391 9.48479e-05
0.00695133 9.96094e-05

0.00694805 0.000105251
0.00695134 9.96094e-05

0.00694792 0.000105469
0.00694424 0.000111328

0.00694219 0.000114363
0.00694424 0.000111328

0.00695391 9.48485e-05
0.0069545 9.375e-05

0.00691875 0.000143249
0.00692124 0.000140625

0.006825 0.000196197
0.00683086 0.000195148

0.00683086 0.000195147
0.00683672 0.000193798

0.00684258 0.000192143
0.00683823 0.000193359

0.00683672 0.000193827
0.00683839 0.000193359

0.00684258 0.000192154
0.00684844 0.000190229

0.00684844 0.000190235
0.0068543 0.000188014

0.0068543 0.000188038
0.00685555 0.0001875

0.00578789 0.00178029
0.00578643 0.00178125

0.00578789 0.00178019
0.00579375 0.00177653

0.00573516 0.00182659
0.00573382 0.00182812

0.00574687 0.001814
0.00574453 0.00181641

0.00574102 0.00182012
0.00573904 0.00182227

0.00573516 0.00182659
0.005739 0.00182227

0.00574102 0.00182011
0.00574449 0.00181641

0.00571758 0.00184835
0.0057152 0.00185156

0.00572344 0.00184072
0.00571957 0.0018457

0.00571758 0.00184838
0.00571956 0.0018457

0.00571172 0.00185642
0.00571103 0.00185742

0.00571103 0.00185742
0.00570698 0.00186328

0.00570586 0.00186494
0.00570305 0.00186914

0.0057 0.00187388
0.00570306 0.00186914

0.00570586 0.00186496
0.00570697 0.00186328

0.00571172 0.00185644
0.0057152 0.00185156

0.0057293 0.00183345
0.00572886 0.00183398

0.00572885 0.00183398
0.00572411 0.00183984

0.0057293 0.00183344
0.0057338 0.00182812

0.00572344 0.00184071
0.00572412 0.00183984

0.00575859 0.00180281
0.00575653 0.00180469

0.00577031 0.00179287
0.00577019 0.00179297

0.00576445 0.00179772
0.00576315 0.00179883

0.00575859 0.00180275
0.00576307 0.00179883

0.00576445 0.00179763
0.00577013 0.00179297

0.00575273 0.00180823
0.00575034 0.00181055

0.00574687 0.00181397
0.00575031 0.00181055

0.00575273 0.00180818
0.0057565 0.00180469

0.00577031 0.00179283
0.00577617 0.00178835

0.00578203 0.00178416
0.00577794 0.00178711

0.00577617 0.0017883
0.00577785 0.00178711

0.00578203 0.00178409
0.00578624 0.00178125

0.00579961 0.00177317
0.00579581 0.00177539

0.00579375 0.00177648
0.00579561 0.00177539

0.00579961 0.00177309
0.00580547 0.00176994

0.00581133 0.00176711
0.00580644 0.00176953

0.00581133 0.00176706
0.00581719 0.00176437

0.00580547 0.00176992
0.00580625 0.00176953

0.00583477 0.00175776
0.00583462 0.00175781

0.00583477 0.00175779
0.00584062 0.00175607

0.00582305 0.001762
0.00581898 0.00176367

0.00581719 0.00176434
0.0058188 0.00176367

0.00582305 0.00176201
0.00582891 0.00175978

0.00582891 0.00175972
0.00583453 0.00175781

0.00584062 0.00175606
0.00584648 0.00175451

0.00584648 0.00175451
0.00585234 0.00175315

0.00585234 0.00175312
0.0058582 0.00175201

0.00586406 0.00175116
0.0058588 0.00175195

0.0058582 0.001752
0.00585854 0.00175195

0.00586406 0.00175116
0.00586992 0.00175044

0.00586992 0.00175044
0.00587578 0.00174991

0.00587578 0.00174991
0.00588164 0.00174957

0.00588164 0.00174957
0.0058875 0.00174942

0.0058875 0.00174942
0.00589336 0.00174945

0.00589336 0.00174945
0.00589922 0.00174967

0.00589922 0.00174967
0.00590508 0.00175006

0.00590508 0.00175006
0.00591094 0.00175063

0.00591094 0.00175064
0.0059168 0.00175138

0.0059168 0.00175137
0.00592055 0.00175195

0.00592033 0.00175195
0.00592266 0.00175232

0.00592266 0.0017523
0.00592852 0.00175338

0.00592852 0.00175338
0.00593437 0.00175462

0.00593437 0.00175462
0.00594023 0.00175602

0.00594023 0.00175602
0.00594609 0.0017576

0.00594609 0.0017576
0.00594682 0.00175781

0.00594675 0.00175781
0.00595195 0.00175936

0.00595195 0.00175936
0.00595781 0.00176125

0.00595781 0.00176124
0.00596367 0.00176331

0.00596367 0.0017633
0.00596465 0.00176367

0.0059646 0.00176367
0.00596953 0.00176555

0.00596953 0.00176555
0.00597539 0.00176793

0.00597539 0.00176792
0.0059791 0.00176953

0.00597902 0.00176953
0.00598125 0.0017705

0.00598125 0.00177049
0.00598711 0.00177321

0.00598711 0.00177319
0.00599159 0.00177539

0.00599152 0.00177539
0.00599297 0.0017761

0.00599297 0.00177609
0.00599883 0.00177914

0.00599883 0.00177912
0.00600272 0.00178125

0.00600266 0.00178125
0.00600469 0.00178236

0.00600469 0.00178235
0.00601055 0.00178573

0.00601055 0.00178571
0.00601285 0.00178711

0.00601281 0.00178711
0.00601641 0.00178929

0.00601641 0.00178927
0.00602221 0.00179297

0.00602217 0.00179297
0.00602227 0.00179303

0.00602227 0.00179301
0.00602812 0.00179692

0.00602812 0.00179691
0.0060309 0.00179883

0.00603086 0.00179883
0.00603398 0.001801

0.00603398 0.00180098
0.00603907 0.00180469

0.00603902 0.00180469
0.00603984 0.00180529

0.00603984 0.00180526
0.0060457 0.00180971

0.0060457 0.00180971
0.00604678 0.00181055

0.00604675 0.00181055
0.00605156 0.00181436

0.00605156 0.00181437
0.00605408 0.00181641

0.00605402 0.00181641
0.00605742 0.00181919

0.00605742 0.00181921
0.00606103 0.00182227

0.00606097 0.00182227
0.00606328 0.00182426

0.00606328 0.00182425
0.00606765 0.00182812

0.0060676 0.00182812
0.00606914 0.00182951

0.00606914 0.00182949
0.00607398 0.00183398

0.00607395 0.00183398
0.006075 0.00183498

0.006075 0.00183496
0.00608006 0.00183984

0.00608004 0.00183984
0.00608086 0.00184066

0.00608086 0.00184064
0.00608588 0.0018457

0.00608588 0.0018457
0.00608672 0.00184657

0.00608672 0.00184655
0.0060915 0.00185156

0.0060915 0.00185156
0.00609258 0.00185272

0.00609258 0.00185271
0.00609691 0.00185742

0.00609692 0.00185742
0.00609844 0.00185911

0.00609844 0.0018591
0.00610213 0.00186328

0.00610215 0.00186328
0.0061043 0.00186578

0.0061043 0.00186575
0.00610716 0.00186914

0.0061072 0.00186914
0.00611016 0.00187271

0.00611016 0.00187268
0.00611205 0.001875

0.00611207 0.001875
0.00611602 0.00187989

0.00611602 0.00187988
0.00611679 0.00188086

0.0061168 0.00188086
0.00612137 0.00188672

0.00612139 0.00188672
0.00612187 0.00188736

0.00612187 0.00188738
0.00612581 0.00189258

0.00612582 0.00189258
0.00612773 0.00189521

0.00612773 0.0018952
0.0061301 0.00189844

0.00613011 0.00189844
0.00613359 0.00190333

0.00613359 0.00190332
0.00613427 0.0019043

0.00613428 0.0019043
0.00613833 0.00191016

0.00613834 0.00191016
0.00613945 0.00191183

0.00613945 0.00191183
0.00614226 0.00191602

0.00614226 0.00191602
0.00614531 0.0019207

0.00614531 0.00192069
0.00614607 0.00192187

0.00614608 0.00192187
0.00614979 0.00192773

0.00614979 0.00192773
0.00615117 0.00192998

0.00615117 0.00192998
0.00615339 0.00193359

0.00615339 0.00193359
0.00615689 0.00193945

0.0061569 0.00193945
0.00615703 0.00193968

0.00615703 0.00193969
0.0061603 0.00194531

0.0061603 0.00194531
0.00616289 0.00194991

0.00616289 0.00194991
0.0061636 0.00195117

0.0061636 0.00195117
0.00616681 0.00195703

0.00616681 0.00195703
0.00616875 0.00196067

0.00616875 0.00196067
0.00616993 0.00196289

0.00616993 0.00196289
0.00617297 0.00196875

0.00617296 0.00196875
0.00617461 0.00197203

0.00617461 0.00197203
0.00617591 0.00197461

0.00617591 0.00197461
0.00617877 0.00198047

0.00617876 0.00198047
0.00618047 0.00198407

0.00618047 0.00198408
0.00618153 0.00198633

0.00618154 0.00198633
0.00618423 0.00199219

0.00618423 0.00199219
0.00618633 0.00199691

0.00618633 0.00199691
0.00618683 0.00199805

0.00618684 0.00199805
0.00618937 0.00200391

0.00618937 0.00200391
0.00619182 0.00200977

0.00619182 0.00200977
0.00619219 0.00201068

0.00619219 0.00201069
0.00619419 0.00201563

0.00619419 0.00201562
0.00619649 0.00202148

0.00619648 0.00202148
0.00619805 0.00202561

0.00619805 0.00202561
0.0061987 0.00202734

0.00619871 0.00202734
0.00620086 0.0020332

0.00620086 0.0020332
0.00620293 0.00203906

0.00620293 0.00203906
0.00620391 0.00204192

0.00620391 0.00204193
0.00620493 0.00204492

0.00620493 0.00204492
0.00620687 0.00205078

0.00620687 0.00205078
0.00620873 0.00205664

0.00620873 0.00205664
0.00620977 0.00206003

0.00620977 0.00206003
0.00621052 0.0020625

0.00621052 0.0020625
0.00621225 0.00206836

0.00621226 0.00206836
0.00621392 0.00207422

0.00621392 0.00207422
0.00621551 0.00208008

0.00621551 0.00208008
0.00621562 0.00208053

0.00621562 0.00208054
0.00621703 0.00208594

0.00621704 0.00208594
0.00621851 0.0020918

0.00621851 0.0020918
0.00621991 0.00209766

0.00621991 0.00209766
0.00622125 0.00210352

0.00622125 0.00210352
0.00622148 0.00210461

0.00622148 0.00210461
0.00622252 0.00210937

0.00622252 0.00210937
0.00622375 0.00211523

0.00622375 0.00211523
0.00622491 0.00212109

0.00622491 0.00212109
0.00622601 0.00212695

0.00622601 0.00212695
0.00622705 0.00213281

0.00622705 0.00213281
0.00622734 0.00213458

0.00622734 0.00213459
0.00622803 0.00213867

0.00622803 0.00213867
0.00622896 0.00214453

0.00622896 0.00214453
0.00622983 0.00215039

0.00622983 0.00215039
0.00623065 0.00215625

0.00623065 0.00215625
0.00623141 0.00216211

0.00623141 0.00216211
0.00623211 0.00216797

0.00623211 0.00216797
0.00623276 0.00217383

0.00623276 0.00217383
0.0062332 0.00217823

0.0062332 0.00217823
0.00623335 0.00217969

0.00623335 0.00217969
0.00623389 0.00218555

0.00623389 0.00218555
0.00623437 0.00219141

0.00623437 0.00219141
0.0062348 0.00219727

0.0062348 0.00219727
0.00623518 0.00220312

0.00623518 0.00220312
0.0062355 0.00220898

0.0062355 0.00220898
0.00623577 0.00221484

0.00623577 0.00221484
0.00623598 0.0022207

0.00623598 0.0022207
0.00623614 0.00222656

0.00623614 0.00222656
0.00623624 0.00223242

0.00623624 0.00223242
0.00623628 0.00223828

0.00623628 0.00223828
0.00623627 0.00224414

0.00623627 0.00224414
0.00623621 0.00225

0.0057 0.00258963
0.00570017 0.00258984

0.00570014 0.00258984
0.00570478 0.0025957

0.00570474 0.0025957
0.00570586 0.00259716

0.00570586 0.00259713
0.00570928 0.00260156

0.00570926 0.00260156
0.00571172 0.00260479

0.00571172 0.00260473
0.00571375 0.00260742

0.00571374 0.00260742
0.00571758 0.0026124

0.00571758 0.00261239
0.00571826 0.00261328

0.00571825 0.00261328
0.00572284 0.00261914

0.00572282 0.00261914
0.00572344 0.00261992

0.00572344 0.00261991
0.00572752 0.002625

0.00572753 0.002625
0.0057293 0.00262718

0.0057293 0.00262714
0.00573238 0.00263086

0.0057324 0.00263086
0.00573516 0.00263411

0.00573516 0.00263407
0.00573745 0.00263672

0.00573748 0.00263672
0.00574102 0.00264069

0.00574102 0.00264066
0.00574277 0.00264258

0.00574279 0.00264258
0.00574687 0.00264691

0.00574687 0.0026469
0.00574837 0.00264844

0.00574837 0.00264844
0.00575273 0.00265277

0.00575273 0.00265277
0.00575432 0.0026543

0.0057543 0.0026543
0.00575859 0.00265827

0.00575859 0.00265831
0.00576066 0.00266016

0.00576066 0.00266016
0.00576445 0.00266344

0.00576445 0.00266351
0.00576749 0.00266602

0.0057675 0.00266602
0.00577031 0.00266829

0.00577031 0.00266837
0.00577482 0.00267187

0.00577486 0.00267187
0.00577617 0.00267286

0.00577617 0.0026729
0.00578203 0.00267716

0.00578203 0.00267717
0.00578286 0.00267773

0.0057829 0.00267773
0.00578789 0.00268114

0.00578789 0.00268119
0.00579167 0.00268359

0.00579178 0.00268359
0.00579375 0.00268484

0.00579375 0.00268487
0.00579961 0.00268834

0.00579961 0.00268837
0.00580156 0.00268945

0.00580166 0.00268945
0.00580547 0.00269157

0.00580547 0.0026916
0.00581133 0.00269462

0.00581133 0.00269465
0.00581272 0.00269531

0.00581281 0.00269531
0.00581719 0.0026974

0.00581719 0.00269741
0.00582305 0.0027

0.00582305 0.00270002
0.00582589 0.00270117

0.00582599 0.00270117
0.00582891 0.00270235

0.00582891 0.00270235
0.00583477 0.00270453

0.00583477 0.00270455
0.00584062 0.00270655

0.00584062 0.00270657
0.00584216 0.00270703

0.00584225 0.00270703
0.00584648 0.00270832

0.00584648 0.00270831
0.00585234 0.00270992

0.00585234 0.00270992
0.0058582 0.00271138

0.0058582 0.0027114
0.00586406 0.00271269

0.00586406 0.00271269
0.00586513 0.00271289

0.00586521 0.00271289
0.00586992 0.00271377

0.00586992 0.00271377
0.00587578 0.00271469

0.00587578 0.00271469
0.00588164 0.00271545

0.00588164 0.00271545
0.0058875 0.00271606

0.0058875 0.00271606
0.00589336 0.0027165

0.00589336 0.0027165
0.00589922 0.00271679

0.00589922 0.00271679
0.00590508 0.00271692

0.00590508 0.00271692
0.00591094 0.00271689

0.00591094 0.00271689
0.0059168 0.0027167

0.0059168 0.0027167
0.00592266 0.00271636

0.00592266 0.00271636
0.00592852 0.00271586

0.00592852 0.00271586
0.00593437 0.0027152

0.00593437 0.0027152
0.00594023 0.00271438

0.00594023 0.00271438
0.00594609 0.00271341

0.00595195 0.00271227
0.00594875 0.00271289

0.00594609 0.00271341
0.00594878 0.00271289

0.00595195 0.00271227
0.00595781 0.00271097

0.00595781 0.00271097
0.00596367 0.00270951

0.00596367 0.00270951
0.00596953 0.00270787

0.00597539 0.00270607
0.00597227 0.00270703

0.00597539 0.00270608
0.00598125 0.0027041

0.00596953 0.00270788
0.0059723 0.00270703

0.00600469 0.00269445
0.0060028 0.00269531

0.00598125 0.00270411
0.00598711 0.00270196

0.00599297 0.00269964
0.0059891 0.00270117

0.00598711 0.00270197
0.00598912 0.00270117

0.00599297 0.00269964
0.00599883 0.00269714

0.00599883 0.00269715
0.00600283 0.00269531

0.00600469 0.00269446
0.00601055 0.00269158

0.00601641 0.00268851
0.00601461 0.00268945

0.00601055 0.00269159
0.00601464 0.00268945

0.00602812 0.00268181
0.0060251 0.00268359

0.00601641 0.00268852
0.00602227 0.00268527

0.00602227 0.00268528
0.00602512 0.00268359

0.0060457 0.00267021
0.0060433 0.00267187

0.00605156 0.00266589
0.00605139 0.00266602

0.0060457 0.00267022
0.00605144 0.00266602

0.006075 0.00264645
0.00607278 0.00264844

0.00606328 0.00265666
0.00605896 0.00266016

0.00605156 0.00266592
0.00605742 0.0026614

0.00605742 0.0026614
0.00605899 0.00266016

0.00606914 0.00265168
0.00606604 0.0026543

0.00606328 0.00265664
0.00606611 0.0026543

0.00606914 0.00265166
0.00607284 0.00264844

0.00602812 0.00268182
0.00603398 0.00267816

0.00603984 0.00267429
0.00603462 0.00267773

0.00603398 0.00267815
0.00603464 0.00267773

0.00603984 0.0026743
0.00604333 0.00267187

0.00623621 0.00225
0.00623609 0.00225586

0.00623609 0.00225586
0.00623591 0.00226172

0.00623591 0.00226172
0.00623568 0.00226758

0.00623568 0.00226758
0.00623539 0.00227344

0.00623539 0.00227344
0.00623505 0.0022793

0.00623505 0.0022793
0.00623465 0.00228516

0.00623465 0.00228516
0.00623419 0.00229102

0.00623419 0.00229102
0.00623367 0.00229687

0.0062332 0.00230166
0.0062331 0.00230273

0.0062331 0.00230273
0.00623246 0.00230859

0.0062332 0.00230167
0.00623367 0.00229687

0.00623247 0.00230859
0.00623177 0.00231445

0.00623177 0.00231445
0.00623103 0.00232031

0.00623103 0.00232031
0.00623022 0.00232617

0.00623022 0.00232617
0.00622935 0.00233203

0.00622935 0.00233203
0.00622843 0.00233789

0.00622843 0.00233789
0.00622745 0.00234375

0.00621562 0.00239764
0.00621436 0.00240234

0.00621436 0.00240234
0.00621272 0.0024082

0.00621272 0.0024082
0.00621103 0.00241406

0.00620391 0.00243669
0.00620364 0.0024375

0.00620977 0.00241828
0.00620927 0.00241992

0.00620927 0.00241992
0.00620746 0.00242578

0.00620977 0.00241828
0.00621103 0.00241406

0.00620746 0.00242578
0.00620558 0.00243164

0.00620391 0.0024367
0.00620558 0.00243164

0.00622734 0.00234432
0.0062264 0.00234961

0.0062264 0.00234961
0.0062253 0.00235547

0.0062253 0.00235547
0.00622414 0.00236133

0.00622414 0.00236133
0.00622292 0.00236719

0.00622734 0.00234432
0.00622745 0.00234375

0.00622148 0.00237375
0.00622031 0.00237891

0.00622292 0.00236719
0.00622164 0.00237305

0.00622148 0.00237375
0.00622164 0.00237305

0.00622031 0.00237891
0.00621891 0.00238477

0.00621891 0.00238477
0.00621745 0.00239062

0.00621745 0.00239062
0.00621594 0.00239648

0.00621562 0.00239764
0.00621594 0.00239648

0.00616875 0.00252065
0.00616629 0.00252539

0.00616629 0.00252539
0.00616316 0.00253125

0.00609844 0.00262303
0.00609663 0.002625

0.00612187 0.00259509
0.00612141 0.0025957

0.00612142 0.0025957
0.00611682 0.00260156

0.00611016 0.00260966
0.00610712 0.00261328

0.0061043 0.00261649
0.00610198 0.00261914

0.00609844 0.00262307
0.00610195 0.00261914

0.0061043 0.00261653
0.00610708 0.00261328

0.00611602 0.00260255
0.00611205 0.00260742

0.00611016 0.0026097
0.00611204 0.00260742

0.00611602 0.00260256
0.00611681 0.00260156

0.00614531 0.00256159
0.00614221 0.00256641

0.00613945 0.00257055
0.00613832 0.00257227

0.00613832 0.00257227
0.0061343 0.00257812

0.00613945 0.00257056
0.00614222 0.00256641

0.00615703 0.00254221
0.0061566 0.00254297

0.00615117 0.00255214
0.00614963 0.00255469

0.0061566 0.00254297
0.00615317 0.00254883

0.00615117 0.00255214
0.00615318 0.00254883

0.00616289 0.00253174
0.00615993 0.00253711

0.00615703 0.00254222
0.00615993 0.00253711

0.00616289 0.00253174
0.00616316 0.00253125

0.00614963 0.00255469
0.00614598 0.00256055

0.00614531 0.0025616
0.00614598 0.00256055

0.00612773 0.00258727
0.00612586 0.00258984

0.00613359 0.00257913
0.00613015 0.00258398

0.00612773 0.00258729
0.00613015 0.00258398

0.00612187 0.0025951
0.00612586 0.00258984

0.00613359 0.00257914
0.0061343 0.00257812

0.00619219 0.0024688
0.00619066 0.00247266

0.00618633 0.00248308
0.00618578 0.00248437

0.00619066 0.00247266
0.00618826 0.00247852

0.00618633 0.00248309
0.00618826 0.00247852

0.00620364 0.0024375
0.00620164 0.00244336

0.00620164 0.00244336
0.00619957 0.00244922

0.00619805 0.00245341
0.00619744 0.00245508

0.00619744 0.00245508
0.00619525 0.00246094

0.00619805 0.00245342
0.00619957 0.00244922

0.00619525 0.00246094
0.00619299 0.0024668

0.00619219 0.00246881
0.00619299 0.0024668

0.00618047 0.00249642
0.00617792 0.00250195

0.00617792 0.00250195
0.00617514 0.00250781

0.00618578 0.00248437
0.00618324 0.00249023

0.00618324 0.00249023
0.00618062 0.00249609

0.00618047 0.00249642
0.00618062 0.00249609

0.00617461 0.0025089
0.00617228 0.00251367

0.00617228 0.00251367
0.00616933 0.00251953

0.00617461 0.0025089
0.00617514 0.00250781

0.00616875 0.00252065
0.00616933 0.00251953

0.00608672 0.00263526
0.00608524 0.00263672

0.00608086 0.00264098
0.00607916 0.00264258

0.006075 0.00264644
0.00607922 0.00264258

0.00608086 0.00264099
0.00608529 0.00263672

0.00609258 0.00262928
0.00609106 0.00263086

0.00608672 0.00263529
0.00609107 0.00263086

0.00609258 0.00262932
0.00609662 0.002625

0.00762093 0
0.00762132 5.85937e-06

0.00762131 5.85938e-06
0.00762187 8.65005e-06

0.00762187 8.6494e-06
0.0076225 1.17187e-05

0.00762248 1.17187e-05
0.00762454 1.75781e-05

0.00762449 1.75781e-05
0.00762756 2.34375e-05

0.00762758 2.34375e-05
0.00762773 2.3675e-05

0.00762773 2.37889e-05
0.00763181 2.92969e-05

0.0076319 2.92969e-05
0.00763359 3.11502e-05

0.00763359 3.13385e-05
0.00763781 3.51562e-05

0.00763812 3.51562e-05
0.00763945 3.61957e-05

0.00763945 3.63867e-05
0.00764531 4.01478e-05

0.00764531 4.02122e-05
0.00764708 4.10156e-05

0.00764748 4.10156e-05
0.00765117 4.26962e-05

0.00765117 4.27092e-05
0.00765703 4.45029e-05

0.00765703 4.4495e-05
0.00766289 4.55271e-05

0.00766289 4.55125e-05
0.00766875 4.58282e-05

0.00766875 4.58232e-05
0.00767461 4.54618e-05

0.00767461 4.54566e-05
0.00768047 4.44385e-05

0.00768047 4.44513e-05
0.00768633 4.27612e-05

0.00769219 4.02329e-05
0.0076903 4.10156e-05

0.00768633 4.28313e-05
0.0076907 4.10156e-05

0.00771562 2.09632e-05
0.00771361 2.34375e-05

0.00770391 3.29984e-05
0.00770086 3.51562e-05

0.00769219 4.03558e-05
0.00769805 3.71273e-05

0.00769805 3.71918e-05
0.00770101 3.51562e-05

0.00770977 2.75906e-05
0.00770802 2.92969e-05

0.00770391 3.30705e-05
0.00770822 2.92969e-05

0.00770977 2.7707e-05
0.00771367 2.34375e-05

0.00772734 1.02109e-05
0.00772444 1.17187e-05

0.00772148 1.37547e-05
0.00771782 1.75781e-05

0.00771562 2.10031e-05
0.00771841 1.75781e-05

0.00772148 1.34278e-05
0.00772438 1.17187e-05

0.00772734 1.0429e-05
0.0077332 1.01498e-05

0.0077332 1.04628e-05
0.00773867 1.17187e-05

0.00773707 1.17187e-05
0.00773906 1.21761e-05

0.00773906 1.21625e-05
0.00774492 1.37958e-05

0.00774492 1.381e-05
0.00775078 1.51433e-05

0.00775078 1.51557e-05
0.00775664 1.61359e-05

0.00775664 1.61409e-05
0.0077625 1.6733e-05

0.0077625 1.67287e-05
0.00776836 1.69315e-05

0.00776836 1.69176e-05
0.00777422 1.67676e-05

0.00777422 1.67467e-05
0.00778008 1.63134e-05

0.00778008 1.6285e-05
0.00778594 1.56671e-05

0.00778594 1.56321e-05
0.0077918 1.49567e-05

0.0077918 1.49216e-05
0.00779766 1.43287e-05

0.00779766 1.43066e-05
0.00780352 1.39103e-05

0.00780352 1.39015e-05
0.00780937 1.37634e-05

0.00780937 1.37653e-05
0.00781523 1.38992e-05

0.00781523 1.39062e-05
0.00782109 1.42942e-05

0.00782109 1.43008e-05
0.00782695 1.49159e-05

0.00782695 1.49197e-05
0.00783281 1.57413e-05

0.00783281 1.574e-05
0.00783867 1.67631e-05

0.00783867 1.67528e-05
0.00784267 1.75781e-05

0.00784239 1.75781e-05
0.00784453 1.80191e-05

0.00784453 1.80059e-05
0.00785039 1.93308e-05

0.00785039 1.93233e-05
0.00785625 2.07295e-05

0.00785625 2.07249e-05
0.00786211 2.22366e-05

0.00786211 2.2236e-05
0.00786647 2.34375e-05

0.00786637 2.34375e-05
0.00786797 2.38769e-05

0.00786797 2.38744e-05
0.00787383 2.55389e-05

0.00787383 2.55368e-05
0.00787969 2.7221e-05

0.00787969 2.72247e-05
0.00788555 2.89256e-05

0.00788555 2.89294e-05
0.00788682 2.92969e-05

0.0078868 2.92969e-05
0.00789141 3.06276e-05

0.00789141 3.06316e-05
0.00789727 3.22831e-05

0.00789727 3.22854e-05
0.00790313 3.38819e-05

0.00790313 3.38959e-05
0.00790799 3.51562e-05

0.00790809 3.51562e-05
0.00790898 3.53887e-05

0.00790898 3.5404e-05
0.00791484 3.68312e-05

0.00791484 3.68378e-05
0.0079207 3.8172e-05

0.0079207 3.81748e-05
0.00792656 3.93973e-05

0.00792656 3.93994e-05
0.00793242 4.05001e-05

0.00793242 4.05152e-05
0.00793543 4.10156e-05

0.00793562 4.10156e-05
0.00793828 4.14577e-05

0.00793828 4.14677e-05
0.00794414 4.23293e-05

0.00794414 4.23327e-05
0.00795 4.30883e-05

0.00795 4.30879e-05
0.00795586 4.37316e-05

0.00795586 4.37296e-05
0.00796172 4.42665e-05

0.00796172 4.42666e-05
0.00796758 4.47006e-05

0.00796758 4.46992e-05
0.00797344 4.5033e-05

0.00797344 4.5031e-05
0.0079793 4.52715e-05

0.0079793 4.52693e-05
0.00798516 4.54246e-05

0.00798516 4.54225e-05
0.00799102 4.55013e-05

0.00799102 4.54992e-05
0.00799688 4.55101e-05

0.00799687 4.55081e-05
0.00800273 4.54596e-05

0.00800273 4.54576e-05
0.00800859 4.53577e-05

0.00800859 4.53559e-05
0.00801445 4.52122e-05

0.00801445 4.52105e-05
0.00802031 4.50301e-05

0.00802031 4.50285e-05
0.00802617 4.48181e-05

0.00802617 4.48166e-05
0.00803203 4.45824e-05

0.00803203 4.4581e-05
0.00803789 4.43286e-05

0.00803789 4.43273e-05
0.00804375 4.40622e-05

0.00804375 4.40609e-05
0.00804961 4.37886e-05

0.00804961 4.37874e-05
0.00805547 4.3513e-05

0.00805547 4.35124e-05
0.00806133 4.32395e-05

0.00806133 4.32388e-05
0.00806719 4.29701e-05

0.00806719 4.29694e-05
0.00807305 4.27077e-05

0.00807305 4.2707e-05
0.00807891 4.24551e-05

0.00807891 4.24546e-05
0.00808477 4.22147e-05

0.00808477 4.22143e-05
0.00809063 4.19883e-05

0.00809062 4.1988e-05
0.00809648 4.17772e-05

0.00809648 4.1777e-05
0.00810234 4.15824e-05

0.00810234 4.15822e-05
0.0081082 4.14045e-05

0.0081082 4.14044e-05
0.00811406 4.12443e-05

0.00811406 4.12444e-05
0.00811992 4.11019e-05

0.00812578 4.09803e-05
0.00812411 4.10156e-05

0.00811992 4.10999e-05
0.00812392 4.10156e-05

0.00812578 4.09781e-05
0.00813164 4.08739e-05

0.00813164 4.08738e-05
0.0081375 4.0788e-05

0.0081375 4.07881e-05
0.00814336 4.07209e-05

0.00814336 4.07209e-05
0.00814922 4.06718e-05

0.00814922 4.06719e-05
0.00815508 4.06406e-05

0.00815508 4.06407e-05
0.00816094 4.06272e-05

0.00816094 4.06272e-05
0.0081668 4.06314e-05

0.0081668 4.06313e-05
0.00817266 4.06531e-05

0.00817266 4.06531e-05
0.00817852 4.06926e-05

0.00817852 4.06926e-05
0.00818437 4.07501e-05

0.00820173 0
0.00820195 6.64795e-07

0.00820195 1.17161e-06
0.00820781 4.51145e-06

0.00818437 4.07502e-05
0.00819023 4.08256e-05

0.00819023 4.08253e-05
0.00819609 4.09188e-05

0.00819609 4.09176e-05
0.00820121 4.10156e-05

0.00820085 4.10156e-05
0.00820195 4.10367e-05

0.00820195 4.10346e-05
0.00820781 4.11589e-05

0.00820781 4.93479e-06
0.00821102 0

0.00820781 4.11598e-05
0.00821367 4.12868e-05

0.00821367 4.12881e-05
0.00821953 4.14135e-05

0.00821953 4.14142e-05
0.00822539 4.15342e-05

0.00822539 4.15344e-05
0.00823125 4.16473e-05

0.00823125 4.16473e-05
0.00823711 4.17526e-05

0.00823711 4.17525e-05
0.00824297 4.18502e-05

0.00824297 4.18501e-05
0.00824883 4.19404e-05

0.00824883 4.19402e-05
0.00825469 4.20238e-05

0.00825469 4.20236e-05
0.00826055 4.21014e-05

0.00826055 4.2101e-05
0.00826641 4.21742e-05

0.00826641 4.21738e-05
0.00827227 4.22438e-05

0.00827227 4.22434e-05
0.00827812 4.23117e-05

0.00827812 4.23113e-05
0.00828398 4.23796e-05

0.00828398 4.23793e-05
0.00828984 4.24488e-05

0.00828984 4.24486e-05
0.0082957 4.25204e-05

0.0082957 4.25203e-05
0.00830156 4.2595e-05

0.00830156 4.2595e-05
0.00830742 4.26724e-05

0.00830742 4.26727e-05
0.00831328 4.27522e-05

0.00831328 4.27526e-05
0.00831914 4.28329e-05

0.00831914 4.28334e-05
0.008325 4.29128e-05

0.008325 4.29134e-05
0.00833086 4.29896e-05

0.00833086 4.29902e-05
0.00833672 4.3061e-05

0.00833672 4.30615e-05
0.00834258 4.31245e-05

0.00834258 4.3125e-05
0.00834844 4.31782e-05

0.00834844 4.31785e-05
0.0083543 4.32205e-05

0.0083543 4.32206e-05
0.00836016 4.32505e-05

0.00836016 4.32505e-05
0.00836602 4.32683e-05

0.00836602 4.3268e-05
0.00837187 4.32744e-05

0.00837187 4.32739e-05
0.00837773 4.32705e-05

0.00837773 4.32699e-05
0.00838359 4.32589e-05

0.00838359 4.32582e-05
0.00838945 4.32423e-05

0.00838945 4.32415e-05
0.00839531 4.32239e-05

0.00839531 4.3223e-05
0.00840117 4.3207e-05

0.00840117 4.32061e-05
0.00840703 4.31949e-05

0.00840703 4.31942e-05
0.00841289 4.31909e-05

0.00841289 4.31902e-05
0.00841875 4.31976e-05

0.00841875 4.31971e-05
0.00842461 4.32175e-05

0.00842461 4.32171e-05
0.00843047 4.32523e-05

0.00843047 4.32521e-05
0.00843633 4.33035e-05

0.00843633 4.33034e-05
0.00844219 4.33718e-05

0.00844219 4.33718e-05
0.00844805 4.34575e-05

0.00844805 4.34576e-05
0.00845391 4.35604e-05

0.00845391 4.35606e-05
0.00845977 4.36799e-05

0.00845977 4.36802e-05
0.00846562 4.38151e-05

0.00846562 4.38155e-05
0.00847148 4.39646e-05

0.00847148 4.3965e-05
0.00847734 4.41269e-05

0.00847734 4.41273e-05
0.0084832 4.43005e-05

0.0084832 4.4301e-05
0.00848906 4.44835e-05

0.00848906 4.4484e-05
0.00849492 4.46736e-05

0.00849492 4.46741e-05
0.00850078 4.48687e-05

0.00850078 4.48693e-05
0.00850664 4.50666e-05

0.00850664 4.50672e-05
0.0085125 4.52652e-05

0.0085125 4.52657e-05
0.00851836 4.54621e-05

0.00851836 4.54626e-05
0.00852422 4.56554e-05

0.00852422 4.56559e-05
0.00853008 4.58429e-05

0.00853008 4.58433e-05
0.00853594 4.60227e-05

0.00853594 4.60232e-05
0.0085418 4.61931e-05

0.0085418 4.61935e-05
0.00854766 4.63523e-05

0.00854766 4.63527e-05
0.00855352 4.64989e-05

0.00855352 4.64993e-05
0.00855937 4.66314e-05

0.00855937 4.66314e-05
0.00856523 4.67487e-05

0.00856523 4.67496e-05
0.00857109 4.68501e-05

0.00857109 4.6851e-05
0.0085728 4.6875e-05

0.00857291 4.6875e-05
0.00857695 4.69319e-05

0.00857695 4.69325e-05
0.00858281 4.69968e-05

0.00858281 4.6997e-05
0.00858867 4.70426e-05

0.00858867 4.70425e-05
0.00859453 4.70693e-05

0.00859453 4.70691e-05
0.00860039 4.70776e-05

0.00860039 4.70773e-05
0.00860625 4.70685e-05

0.00863555 4.68454e-05
0.00863237 4.6875e-05

0.00863555 4.68451e-05
0.00864141 4.67958e-05

0.00864141 4.6795e-05
0.00864727 4.67559e-05

0.00864727 4.67548e-05
0.00865312 4.67295e-05

0.00860625 4.70679e-05
0.00861211 4.70436e-05

0.00861211 4.70429e-05
0.00861797 4.70054e-05

0.00861797 4.70044e-05
0.00862383 4.69571e-05

0.00862383 4.69561e-05
0.00862969 4.69028e-05

0.00862969 4.69029e-05
0.00863269 4.6875e-05

0.00865312 4.67285e-05
0.00865898 4.67212e-05

0.00865898 4.67205e-05
0.00866484 4.67348e-05

0.00866484 4.67343e-05
0.0086707 4.67724e-05

0.0086707 4.67725e-05
0.00867656 4.68352e-05

0.00867656 4.68351e-05
0.00867924 4.6875e-05

0.00867926 4.6875e-05
0.00868242 4.69222e-05

0.00868242 4.6922e-05
0.00868828 4.70354e-05

0.00868828 4.70367e-05
0.00869414 4.7174e-05

0.00869414 4.71758e-05
0.0087 4.7331e-05

0.0087 4.7333e-05
0.00870586 4.74985e-05

0.00870586 4.75007e-05
0.00871172 4.76684e-05

0.00871172 4.76707e-05
0.00871758 4.78316e-05

0.00871758 4.78341e-05
0.00872344 4.79786e-05

0.00872344 4.79812e-05
0.0087293 4.80992e-05

0.0087293 4.81019e-05
0.00873516 4.81826e-05

0.00873516 4.81855e-05
0.00874102 4.82176e-05

0.00874102 4.82206e-05
0.00874687 4.81924e-05

0.00877617 4.68479e-05
0.00877581 4.6875e-05

0.00877617 4.68236e-05
0.00878203 4.63622e-05

0.00878203 4.63257e-05
0.00878789 4.59661e-05

0.00878789 4.59149e-05
0.00879375 4.58324e-05

0.00874687 4.81952e-05
0.00875273 4.80952e-05

0.00875273 4.80974e-05
0.00875859 4.79155e-05

0.00875859 4.79165e-05
0.00876445 4.76466e-05

0.00876445 4.76448e-05
0.00877031 4.72883e-05

0.00877031 4.72872e-05
0.00877584 4.6875e-05

0.00879375 4.57566e-05
0.00879961 4.62049e-05

0.00879961 4.61156e-05
0.00880317 4.6875e-05

0.00880283 4.6875e-05
0.00880547 4.74363e-05

0.00880547 4.74233e-05
0.00881133 4.95323e-05

0.00881133 4.94533e-05
0.00881719 5.25229e-05

0.00881719 5.25316e-05
0.00881752 5.27344e-05

0.00881719 5.27716e-05
0.00882305 5.64737e-05

0.00882305 5.65081e-05
0.00882633 5.85937e-05

0.00882624 5.85937e-05
0.00882891 6.02819e-05

0.00882891 6.03432e-05
0.00883477 6.37603e-05

0.00883477 6.37998e-05
0.00883608 6.44531e-05

0.00883616 6.44531e-05
0.00884062 6.66751e-05

0.00884062 6.66921e-05
0.00884648 6.90761e-05

0.00884648 6.91382e-05
0.00885033 7.03125e-05

0.00885074 7.03125e-05
0.00885234 7.08028e-05

0.00885234 7.08448e-05
0.0088582 7.20827e-05

0.0088582 7.20976e-05
0.00886406 7.28432e-05

0.00886406 7.28454e-05
0.00886992 7.30643e-05

0.00886992 7.30658e-05
0.00887578 7.27507e-05

0.00887578 7.27474e-05
0.00888164 7.19022e-05

0.00888164 7.19257e-05
0.0088875 7.051e-05

0.00892266 4.62977e-05
0.00892222 4.6875e-05

0.00893437 2.42957e-05
0.00893253 2.92969e-05

0.00893254 2.92969e-05
0.0089298 3.51562e-05

0.00892852 3.73984e-05
0.00892641 4.10156e-05

0.00892266 4.63017e-05
0.00892645 4.10156e-05

0.00892852 3.74043e-05
0.00892982 3.51562e-05

0.00889336 6.84886e-05
0.00888803 7.03125e-05

0.00889336 6.85276e-05
0.00889922 6.58876e-05

0.00891094 5.81626e-05
0.00891038 5.85937e-05

0.00890508 6.24894e-05
0.00890166 6.44531e-05

0.00889922 6.59476e-05
0.00890183 6.44531e-05

0.00890508 6.26078e-05
0.00891062 5.85937e-05

0.0088875 7.05164e-05
0.0088881 7.03125e-05

0.00891094 5.83945e-05
0.0089168 5.30545e-05

0.00892231 4.6875e-05
0.0089171 5.27344e-05

0.0089168 5.30619e-05
0.00891712 5.27344e-05

0.00893836 0
0.00893814 5.85937e-06

0.00893814 5.85938e-06
0.00893746 1.17187e-05

0.00893746 1.17187e-05
0.00893631 1.75781e-05

0.00893632 1.75781e-05
0.00893468 2.34375e-05

0.00893437 2.4297e-05
0.00893469 2.34375e-05

0.00907473 0
0.009075 5.80288e-06

0.009075 5.8032e-06
0.009075 5.85937e-06

0.009075 5.86793e-06
0.00907584 1.17187e-05

0.00907583 1.17187e-05
0.00907725 1.75781e-05

0.00907724 1.75781e-05
0.00907929 2.34375e-05

0.00907927 2.34375e-05
0.00908086 2.68097e-05

0.00908086 2.68102e-05
0.00908203 2.92969e-05

0.00908199 2.92969e-05
0.00908557 3.51562e-05

0.00908561 3.51562e-05
0.00908672 3.66965e-05

0.00908672 3.67143e-05
0.0090901 4.10156e-05

0.00909019 4.10156e-05
0.00909258 4.35748e-05

0.00909258 4.3707e-05
0.00909601 4.6875e-05

0.00909617 4.6875e-05
0.00909844 4.87609e-05

0.00909844 4.89464e-05
0.00910388 5.27344e-05

0.0091043 5.28741e-05
0.00911016 5.60476e-05

0.00911016 5.61092e-05
0.00911602 5.85327e-05

0.00911602 5.85213e-05
0.00911626 5.85937e-05

0.00911651 5.85937e-05
0.00912187 6.01559e-05

0.00912187 6.01678e-05
0.00912773 6.12946e-05

0.00912773 6.12894e-05
0.00913359 6.18337e-05

0.00913359 6.18278e-05
0.00913945 6.18118e-05

0.00913945 6.18115e-05
0.00914531 6.12476e-05

0.00915703 5.83367e-05
0.00915615 5.85937e-05

0.00914531 6.12402e-05
0.00915117 6.01437e-05

0.00915117 6.02039e-05
0.00915672 5.85937e-05

0.00915703 5.84371e-05
0.00916289 5.61433e-05

0.00916289 5.62258e-05
0.00916875 5.32718e-05

0.00918047 4.48034e-05
0.00917793 4.6875e-05

0.00919219 3.09695e-05
0.00918939 3.51562e-05

0.00918633 3.88588e-05
0.00918441 4.10156e-05

0.00918047 4.49034e-05
0.00918449 4.10156e-05

0.00918633 3.89126e-05
0.00918939 3.51562e-05

0.00920128 0
0.00920098 5.85937e-06

0.00920098 5.85938e-06
0.00920006 1.17187e-05

0.00919805 1.8809e-05
0.00919627 2.34375e-05

0.00920007 1.17187e-05
0.00919851 1.75781e-05

0.00919805 1.88075e-05
0.00919852 1.75781e-05

0.00919629 2.34375e-05
0.00919327 2.92969e-05

0.00919219 3.10069e-05
0.00919328 2.92969e-05

0.00917461 4.94946e-05
0.00916956 5.27344e-05

0.00916875 5.32836e-05
0.00916966 5.27344e-05

0.00917461 4.95614e-05
0.00917809 4.6875e-05

0.00973627 0
0.00973642 5.85937e-06

0.00973642 5.85938e-06
0.00973688 1.17187e-05

0.00973688 1.17187e-05
0.00973711 1.35053e-05

0.00973711 1.35049e-05
0.00973764 1.75781e-05

0.00973764 1.75781e-05
0.00973871 2.34375e-05

0.00973871 2.34375e-05
0.0097401 2.92969e-05

0.00974009 2.92969e-05
0.00974181 3.51562e-05

0.00974181 3.51562e-05
0.00974297 3.8468e-05

0.00974297 3.84681e-05
0.00974386 4.10156e-05

0.00974386 4.10156e-05
0.00974627 4.6875e-05

0.00974626 4.6875e-05
0.00974883 5.22794e-05

0.00974883 5.2279e-05
0.00974904 5.27344e-05

0.00974904 5.27344e-05
0.00975222 5.85937e-05

0.00975221 5.85937e-05
0.00975469 6.26235e-05

0.00975469 6.26237e-05
0.00975581 6.44531e-05

0.0097558 6.44531e-05
0.00975987 7.03125e-05

0.00975991 7.03125e-05
0.00976055 7.11706e-05

0.00976055 7.12039e-05
0.00976443 7.61719e-05

0.00976448 7.61719e-05
0.00976641 7.84492e-05

0.00976641 7.84475e-05
0.00976955 8.20312e-05

0.00976962 8.20312e-05
0.00977227 8.47948e-05

0.00977227 8.48405e-05
0.00977537 8.78906e-05

0.00977542 8.78906e-05
0.00977812 9.0396e-05

0.00977812 9.04692e-05
0.00978196 9.375e-05

0.00978201 9.375e-05
0.00978398 9.53736e-05

0.00978398 9.54523e-05
0.00978943 9.96094e-05

0.00978955 9.96094e-05
0.00978984 9.98221e-05

0.00978984 9.98898e-05
0.0097957 0.000103895

0.0097957 0.00010393
0.0097982 0.000105469

0.00979832 0.000105469
0.00980156 0.000107464

0.00980156 0.000107503
0.00980742 0.00011072

0.00980742 0.000110734
0.00980864 0.000111328

0.00980874 0.000111328
0.00981328 0.000113548

0.00981328 0.000113566
0.00981914 0.000116115

0.00981914 0.000116146
0.00982189 0.000117187

0.00982204 0.000117187
0.009825 0.000118309

0.00984638 0
0.00984718 5.85937e-06

0.00984709 5.85938e-06
0.00984844 8.91854e-06

0.00984844 8.91938e-06
0.00984968 1.17187e-05

0.00984936 1.17187e-05
0.0098543 1.72662e-05

0.0098543 1.72799e-05
0.00985473 1.75781e-05

0.0098552 1.75781e-05
0.00986016 2.07379e-05

0.00986016 2.06886e-05
0.00986602 2.23621e-05

0.00986602 2.23026e-05
0.00987187 2.21998e-05

0.00987187 2.2266e-05
0.00987773 2.03735e-05

0.00988359 1.61205e-05
0.00988181 1.75781e-05

0.00987773 2.05764e-05
0.00988207 1.75781e-05

0.00988945 6.6067e-06
0.00988719 1.17187e-05

0.00989047 0
0.00988968 5.85937e-06

0.00988945 6.62246e-06
0.00988978 5.85938e-06

0.00988359 1.63493e-05
0.0098874 1.17187e-05

0.009825 0.000118324
0.00983086 0.000120247

0.00983086 0.000120246
0.00983672 0.000121896

0.00983672 0.000121922
0.00984161 0.000123047

0.00984197 0.000123047
0.00984258 0.000123187

0.00984258 0.000123232
0.00984844 0.000124299

0.00984844 0.000124309
0.0098543 0.000125126

0.0098543 0.000125127
0.00986016 0.000125672

0.00986016 0.000125672
0.00986602 0.000125945

0.00986602 0.000125945
0.00987187 0.000125947

0.00987187 0.000125948
0.00987773 0.000125676

0.00987773 0.000125676
0.00988359 0.000125127

0.00988359 0.000125126
0.00988945 0.000124304

0.00988945 0.000124323
0.00989531 0.000123193

0.00991875 0.000115506
0.00991469 0.000117187

0.00990117 0.000121731
0.00989582 0.000123047

0.00989531 0.000123194
0.00989591 0.000123047

0.00990117 0.00012174
0.00990703 0.000120015

0.00990703 0.000120038
0.00991289 0.000117968

0.00991289 0.000117987
0.00991482 0.000117187

0.00995391 9.16812e-05
0.00995171 9.375e-05

0.00996562 7.84963e-05
0.00996286 8.20312e-05

0.00995977 8.55748e-05
0.00995767 8.78906e-05

0.00995391 9.17483e-05
0.00995769 8.78906e-05

0.00995977 8.56234e-05
0.00996283 8.20312e-05

0.00998906 2.79395e-05
0.00998878 2.92969e-05

0.00998879 2.92969e-05
0.00998729 3.51562e-05

0.0099873 3.51562e-05
0.0099855 4.10156e-05

0.00998551 4.10156e-05
0.0099834 4.6875e-05

0.0099921 0
0.00999197 5.85937e-06

0.00999197 5.85938e-06
0.00999158 1.17187e-05

0.00999158 1.17187e-05
0.00999092 1.75781e-05

0.00999092 1.75781e-05
0.00998999 2.34375e-05

0.00998906 2.794e-05
0.00998999 2.34375e-05

0.00997148 7.02759e-05
0.00997146 7.03125e-05

0.00997734 6.01878e-05
0.00997504 6.44531e-05

0.00997148 7.02764e-05
0.00997505 6.44531e-05

0.0099832 4.73737e-05
0.00998098 5.27344e-05

0.00998098 5.27344e-05
0.0099782 5.85937e-05

0.0099832 4.73745e-05
0.00998341 4.6875e-05

0.00997734 6.01884e-05
0.00997821 5.85937e-05

0.00997148 7.03125e-05
0.00996742 7.61719e-05

0.00996562 7.85517e-05
0.0099674 7.61719e-05

0.00991875 0.000115543
0.00992461 0.000112749

0.00993047 0.000109521
0.00992716 0.000111328

0.00992461 0.000112786
0.00992728 0.000111328

0.00994219 0.000101762
0.00993696 0.000105469

0.00993047 0.000109575
0.00993633 0.00010592

0.00993633 0.000105915
0.009937 0.000105469

0.00994805 9.70652e-05
0.00994487 9.96094e-05

0.00994219 0.00010177
0.00994499 9.96094e-05

0.00994805 9.70764e-05
0.00995182 9.375e-05

0.0088582 0.00527102
0.00885658 0.00527344

0.0088582 0.00527095
0.00886256 0.00526758

0.0088563 0.00527344
0.00885611 0.0052793

0.00885642 0.0052793
0.0088582 0.00528199

0.0088582 0.00528212
0.00886188 0.00528516

0.00886266 0.00528516
0.00886406 0.00528585

0.00886406 0.005267
0.00886639 0.00526758

0.00886646 0.00526758
0.00886992 0.00526902

0.00886992 0.00526855
0.00887394 0.00527344

0.00886992 0.00528417
0.00886761 0.00528516

0.00887368 0.00527344
0.00887395 0.0052793

0.00886992 0.00528473
0.00887418 0.0052793

0.00886406 0.00528646
0.00886911 0.00528516

0.0112285 0
0.011229 5.85937e-06

0.011229 5.85938e-06
0.0112303 1.17187e-05

0.0112303 1.17187e-05
0.0112312 1.42314e-05

0.0112312 1.42375e-05
0.0112326 1.75781e-05

0.0112325 1.75781e-05
0.0112359 2.34375e-05

0.011236 2.34375e-05
0.0112371 2.49945e-05

0.0112371 2.50312e-05
0.0112406 2.92969e-05

0.0112407 2.92969e-05
0.011243 3.15227e-05

0.011243 3.16934e-05
0.0112471 3.51562e-05

0.0112474 3.51562e-05
0.0112488 3.6204e-05

0.0112488 3.63781e-05
0.0112547 4.01565e-05

0.0112547 4.01935e-05
0.0112563 4.10156e-05

0.0112566 4.10156e-05
0.0112605 4.31031e-05

0.0112605 4.31199e-05
0.0112664 4.56762e-05

0.0112664 4.56981e-05
0.0112696 4.6875e-05

0.0112699 4.6875e-05
0.0112723 4.77456e-05

0.0112723 4.77626e-05
0.0112781 4.96132e-05

0.0112781 4.96077e-05
0.011284 5.12523e-05

0.011284 5.12371e-05
0.0112898 5.27172e-05

0.0112898 5.27104e-05
0.0112899 5.27344e-05

0.0112899 5.27344e-05
0.0112957 5.4068e-05

0.0112957 5.40713e-05
0.0113016 5.5304e-05

0.0113016 5.53066e-05
0.0113074 5.64047e-05

0.0113074 5.6406e-05
0.0113133 5.73618e-05

0.0113133 5.73696e-05
0.0113191 5.81647e-05

0.0113191 5.81895e-05
0.0113233 5.85937e-05

0.0113233 5.85937e-05
0.011325 5.8756e-05

0.011325 5.87783e-05
0.0113309 5.90494e-05

0.0113309 5.90506e-05
0.0113367 5.8982e-05

0.0113426 5.84729e-05
0.0113411 5.85937e-05

0.0113426 5.85255e-05
0.0113484 5.76134e-05

0.0113367 5.90271e-05
0.0113421 5.85937e-05

0.0113484 5.76388e-05
0.0113543 5.6266e-05

0.0113543 5.62985e-05
0.0113602 5.43489e-05

0.011366 5.16628e-05
0.0113636 5.27344e-05

0.0113602 5.44197e-05
0.0113639 5.27344e-05

0.011366 5.1776e-05
0.0113719 4.82555e-05

0.0113953 1.3329e-05
0.0113943 1.75781e-05

0.0113943 1.75781e-05
0.0113921 2.34375e-05

0.0113777 4.36931e-05
0.0113737 4.6875e-05

0.0113836 3.74733e-05
0.0113805 4.10156e-05

0.0113777 4.36953e-05
0.0113805 4.10156e-05

0.0113895 2.89585e-05
0.0113893 2.92969e-05

0.0113893 2.92969e-05
0.0113855 3.51562e-05

0.0113895 2.89496e-05
0.0113922 2.34375e-05

0.0113836 3.75756e-05
0.0113855 3.51562e-05

0.0113968 0
0.0113965 5.85937e-06

0.0113966 5.85938e-06
0.0113957 1.17187e-05

0.0113953 1.33247e-05
0.0113957 1.17187e-05

0.0113719 4.82568e-05
0.0113738 4.6875e-05

