-0.00108377 0
-0.00108376 5.85937e-06

-0.00108376 5.85938e-06
-0.00108372 1.17187e-05

-0.00108372 1.17187e-05
-0.00108366 1.75781e-05

-0.00108366 1.75781e-05
-0.00108357 2.34375e-05

-0.00108357 2.34375e-05
-0.00108346 2.92969e-05

-0.00108346 2.92969e-05
-0.00108332 3.51562e-05

-0.00108332 3.51562e-05
-0.00108316 4.10156e-05

-0.00108316 4.10156e-05
-0.00108297 4.6875e-05

-0.00108297 4.6875e-05
-0.00108277 5.27344e-05

-0.00108277 5.27344e-05
-0.00108253 5.85937e-05

-0.00108253 5.85937e-05
-0.00108227 6.44531e-05

-0.00108227 6.44531e-05
-0.00108198 7.03125e-05

-0.00108198 7.03125e-05
-0.00108167 7.61719e-05

-0.00108167 7.61719e-05
-0.00108133 8.20312e-05

-0.00108133 8.20312e-05
-0.00108097 8.78906e-05

-0.00108097 8.78906e-05
-0.00108059 9.375e-05

-0.00108059 9.375e-05
-0.00108019 9.96094e-05

-0.00108019 9.96094e-05
-0.00107976 0.000105469

-0.00107976 0.000105469
-0.00107931 0.000111328

-0.00107931 0.000111328
-0.0010793 0.000111428

-0.0010793 0.000111443
-0.00107882 0.000117187

-0.00107882 0.000117187
-0.0010783 0.000123047

-0.0010783 0.000123047
-0.00107776 0.000128906

-0.00107776 0.000128906
-0.0010772 0.000134766

-0.0010772 0.000134766
-0.00107662 0.000140625

-0.00107662 0.000140625
-0.00107602 0.000146484

-0.00107602 0.000146484
-0.00107539 0.000152344

-0.0010754 0.000152344
-0.00107474 0.000158203

-0.00107474 0.000158203
-0.00107406 0.000164062

-0.00107406 0.000164062
-0.00107344 0.000169098

-0.00107344 0.000169101
-0.00107334 0.000169922

-0.00107333 0.000169922
-0.00107259 0.000175781

-0.00107259 0.000175781
-0.00107184 0.000181641

-0.00107184 0.000181641
-0.00107107 0.0001875

-0.00107107 0.0001875
-0.00107027 0.000193359

-0.00107027 0.000193359
-0.00106944 0.000199219

-0.00106944 0.000199219
-0.00106858 0.000205078

-0.00106858 0.000205078
-0.00106768 0.000210937

-0.00106768 0.000210937
-0.00106758 0.000211575

-0.00106758 0.000211559
-0.00106676 0.000216797

-0.00106676 0.000216797
-0.00106583 0.000222656

-0.00106584 0.000222656
-0.00106489 0.000228516

-0.00106489 0.000228516
-0.00106391 0.000234375

-0.00106391 0.000234375
-0.00106289 0.000240234

-0.00106289 0.000240234
-0.00106184 0.000246094

-0.00106184 0.000246094
-0.00106172 0.000246764

-0.00106172 0.000246743
-0.00106077 0.000251953

-0.00106077 0.000251953
-0.00105969 0.000257812

-0.0010597 0.000257812
-0.00105859 0.000263672

-0.00105859 0.000263672
-0.00105745 0.000269531

-0.00105745 0.000269531
-0.00105627 0.000275391

-0.00105627 0.000275391
-0.00105586 0.000277375

-0.00105586 0.000277358
-0.00105506 0.00028125

-0.00105506 0.00028125
-0.00105385 0.000287109

-0.00105386 0.000287109
-0.00105262 0.000292969

-0.00105262 0.000292969
-0.00105134 0.000298828

-0.00105134 0.000298828
-0.00105003 0.000304687

-0.00105002 0.000304687
-0.00105 0.000304787

-0.00105 0.000304755
-0.00104869 0.000310547

-0.0010487 0.000310547
-0.00104736 0.000316406

-0.00104736 0.000316406
-0.00104598 0.000322266

-0.00104598 0.000322266
-0.00104456 0.000328125

-0.00104456 0.000328125
-0.00104414 0.000329828

-0.00104414 0.000329802
-0.00104311 0.000333984

-0.00104312 0.000333984
-0.00104166 0.000339844

-0.00104167 0.000339844
-0.00104018 0.000345703

-0.00104018 0.000345703
-0.00103865 0.000351562

-0.00103865 0.000351562
-0.00103828 0.000352964

-0.00103828 0.000352934
-0.00103709 0.000357422

-0.0010371 0.000357422
-0.00103554 0.000363281

-0.00103554 0.000363281
-0.00103394 0.000369141

-0.00103394 0.000369141
-0.00103242 0.000374553

-0.00103242 0.000374552
-0.0010323 0.000375

-0.00103228 0.000375
-0.00103062 0.000380859

-0.00103064 0.000380859
-0.00102897 0.000386719

-0.00102897 0.000386719
-0.00102724 0.000392578

-0.00102724 0.000392578
-0.00102656 0.000394836

-0.00102656 0.000394808
-0.00102548 0.000398437

-0.00102548 0.000398437
-0.00102372 0.000404297

-0.00102372 0.000404297
-0.00102192 0.000410156

-0.00102192 0.000410156
-0.0010207 0.000414026

-0.0010207 0.000414009
-0.00102007 0.000416016

-0.00102007 0.000416016
-0.00101821 0.000421875

-0.00101822 0.000421875
-0.00101634 0.000427734

-0.00101634 0.000427734
-0.00101484 0.000432258

-0.00101484 0.000432246
-0.0010144 0.000433594

-0.00101439 0.000433594
-0.00101244 0.000439453

-0.00101246 0.000439453
-0.00101048 0.000445312

-0.00101048 0.000445312
-0.00100898 0.000449641

-0.00100898 0.000449625
-0.00100845 0.000451172

-0.00100844 0.000451172
-0.0010064 0.000457031

-0.00100642 0.000457031
-0.00100435 0.000462891

-0.00100435 0.000462891
-0.00100313 0.000466274

-0.00100312 0.000466244
-0.00100222 0.00046875

-0.00100222 0.00046875
-0.00100009 0.000474609

-0.0010001 0.000474609
-0.000997928 0.000480469

-0.000997929 0.000480469
-0.000997266 0.000482235

-0.000997266 0.000482187
-0.000995711 0.000486328

-0.000995726 0.000486328
-0.000993501 0.000492187

-0.000993505 0.000492187
-0.000991406 0.00049758

-0.000991406 0.000497577
-0.000991223 0.000498047

-0.0009912 0.000498047
-0.000988905 0.000503906

-0.000988932 0.000503906
-0.000986618 0.000509766

-0.000986616 0.000509766
-0.000985547 0.000512415

-0.000985547 0.00051237
-0.000984233 0.000515625

-0.000984241 0.000515625
-0.000981847 0.000521484

-0.000981856 0.000521484
-0.000979688 0.00052669

-0.000979687 0.000526686
-0.000979413 0.000527344

-0.000979391 0.000527344
-0.000976936 0.000533203

-0.000976965 0.000533203
-0.000974484 0.000539062

-0.000974484 0.000539062
-0.000973828 0.000540582

-0.000973828 0.000540524
-0.000971929 0.000544922

-0.000971945 0.000544922
-0.000969384 0.000550781

-0.000969386 0.000550781
-0.000967969 0.00055397

-0.000967969 0.000553938
-0.000966767 0.000556641

-0.000966769 0.000556641
-0.000964139 0.0005625

-0.000964152 0.0005625
-0.000962109 0.000566987

-0.000962109 0.000566974
-0.000961479 0.000568359

-0.000961466 0.000568359
-0.000958771 0.000574219

-0.000958797 0.000574219
-0.00095625 0.000579671

-0.00095625 0.000579668
-0.000956058 0.000580078

-0.00095603 0.000580078
-0.00095326 0.000585937

-0.000953293 0.000585937
-0.000950486 0.000591797

-0.000950482 0.000591797
-0.000950391 0.000591986

-0.000950391 0.000591922
-0.000947608 0.000597656

-0.000947642 0.000597656
-0.000944764 0.000603516

-0.000944759 0.000603516
-0.000944531 0.000603973

-0.000944531 0.000603915
-0.000941814 0.000609375

-0.000941847 0.000609375
-0.000938894 0.000615234

-0.000938889 0.000615234
-0.000938672 0.00061566

-0.000938672 0.000615604
-0.00093587 0.000621094

-0.000935905 0.000621094
-0.000932875 0.000626953

-0.000932871 0.000626953
-0.000932813 0.000627065

-0.000932812 0.000627007
-0.000929774 0.000632812

-0.000929811 0.000632812
-0.000926953 0.000638204

-0.000926953 0.000638195
-0.000926701 0.000638672

-0.000926671 0.000638672
-0.000923522 0.000644531

-0.000923554 0.000644531
-0.000921094 0.00064906

-0.000921094 0.000649036
-0.000920358 0.000650391

-0.000920345 0.000650391
-0.000917116 0.00065625

-0.000917142 0.00065625
-0.000915234 0.000659682

-0.000915234 0.000659636
-0.00091386 0.000662109

-0.000913869 0.000662109
-0.000910564 0.000667969

-0.000910588 0.000667969
-0.000909375 0.000670095

-0.000909375 0.000670029
-0.000907208 0.000673828

-0.000907232 0.000673828
-0.000903834 0.000679687

-0.000903836 0.000679687
-0.000903516 0.000680242

-0.000903516 0.000680188
-0.00090038 0.000685547

-0.000900409 0.000685547
-0.000897656 0.000690205

-0.000897656 0.000690181
-0.000896934 0.000691406

-0.000896928 0.000691406
-0.000893415 0.000697266

-0.000893446 0.000697266
-0.000891797 0.000699987

-0.000891797 0.00069992
-0.000889854 0.000703125

-0.000889875 0.000703125
-0.000886262 0.000708984

-0.000886266 0.000708984
-0.000885937 0.000709526

-0.000885938 0.000709475
-0.0008826 0.000714844

-0.00088263 0.000714844
-0.000880078 0.000718906

-0.000880078 0.000718869
-0.000878928 0.000720703

-0.000878935 0.000720703
-0.000875188 0.000726562

-0.000875214 0.000726562
-0.000874219 0.00072812

-0.000874219 0.000728032
-0.000871384 0.000732422

-0.00087141 0.000732422
-0.000868359 0.000737092

-0.000868359 0.000737066
-0.000867579 0.000738281

-0.000867575 0.000738281
-0.000863693 0.000744141

-0.000863722 0.000744141
-0.0008625 0.000745987

-0.0008625 0.000745893
-0.00085975 0.00075

-0.000859776 0.00075
-0.000856641 0.000754627

-0.000856641 0.000754597
-0.000855806 0.000755859

-0.000855801 0.000755859
-0.000851775 0.000761719

-0.000851794 0.000761719
-0.000850781 0.000763219

-0.000850781 0.000763128
-0.000847692 0.000767578

-0.000847717 0.000767578
-0.000844922 0.00077156

-0.000844922 0.000771515
-0.000843594 0.000773437

-0.000843601 0.000773437
-0.000839424 0.000779297

-0.000839428 0.000779297
-0.000839062 0.000779812

-0.000839063 0.000779779
-0.000835187 0.000785156

-0.000835218 0.000785156
-0.000833203 0.000787945

-0.000833203 0.000787862
-0.000830912 0.000791016

-0.000830937 0.000791016
-0.000827344 0.000795877

-0.000827344 0.000795866
-0.000826606 0.000796875

-0.000826602 0.000796875
-0.000822204 0.000802734

-0.000822216 0.000802734
-0.000821484 0.000803713

-0.000821484 0.000803668
-0.000817748 0.000808594

-0.000817767 0.000808594
-0.000815625 0.000811427

-0.000815625 0.000811342
-0.000813256 0.000814453

-0.000813272 0.000814453
-0.000809766 0.000818961

-0.000809766 0.000818944
-0.00080871 0.000820312

-0.000808714 0.000820312
-0.000804086 0.000826172

-0.00080409 0.000826172
-0.000803906 0.000826403

-0.000803906 0.000826385
-0.000799395 0.000832031

-0.000799416 0.000832031
-0.000798047 0.000833752

-0.000798047 0.000833694
-0.000794666 0.000837891

-0.000794671 0.000837891
-0.000792188 0.000840992

-0.000792188 0.000840909
-0.000789909 0.00084375

-0.000789909 0.00084375
-0.000786328 0.000848088

-0.000786328 0.000848067
-0.000785058 0.000849609

-0.000785069 0.000849609
-0.000780469 0.000855084

-0.000780469 0.000855087
-0.000780147 0.000855469

-0.00078014 0.000855469
-0.000775139 0.000861328

-0.000775147 0.000861328
-0.000774609 0.000861955

-0.000774609 0.000861935
-0.000770074 0.000867187

-0.000770094 0.000867187
-0.00076875 0.00086874

-0.00076875 0.000868693
-0.000764961 0.000873047

-0.000764965 0.000873047
-0.000762891 0.000875419

-0.000762891 0.000875366
-0.000759803 0.000878906

-0.000759771 0.000878906
-0.000757031 0.000882002

-0.000757031 0.000881979
-0.000754547 0.000884766

-0.000754507 0.000884766
-0.000751172 0.00088848

-0.000751172 0.000888468
-0.000749208 0.000890625

-0.000749172 0.000890625
-0.000745313 0.000894844

-0.000745313 0.000894834
-0.000743781 0.000896484

-0.000743758 0.000896484
-0.000739453 0.0009011

-0.000739453 0.000901094
-0.000738276 0.000902344

-0.000738262 0.000902344
-0.000733594 0.000907271

-0.000733594 0.000907268
-0.000732701 0.000908203

-0.000732693 0.000908203
-0.000727734 0.00091337

-0.000727734 0.000913368
-0.000727064 0.000914062

-0.000727061 0.000914062
-0.000721875 0.000919405

-0.000721875 0.000919403
-0.000721368 0.000919922

-0.000721367 0.000919922
-0.000716016 0.000925375

-0.000716016 0.000925375
-0.000715615 0.000925781

-0.000715614 0.000925781
-0.000710156 0.000931277

-0.000710156 0.000931279
-0.000709794 0.000931641

-0.000709797 0.000931641
-0.000704297 0.000937092

-0.000704297 0.000937097
-0.000703887 0.0009375

-0.000703886 0.0009375
-0.000698438 0.000942812

-0.000698438 0.000942821
-0.000697881 0.000943359

-0.000697871 0.000943359
-0.000692578 0.000948431

-0.000692578 0.000948441
-0.000691759 0.000949219

-0.000691749 0.000949219
-0.000686719 0.000953958

-0.000686719 0.000953971
-0.000685534 0.000955078

-0.000685529 0.000955078
-0.000680859 0.000959405

-0.000680859 0.000959425
-0.000679217 0.000960937

-0.000679223 0.000960937
-0.000675 0.000964781

-0.000675 0.000964815
-0.000672818 0.000966797

-0.000672829 0.000966797
-0.000669141 0.000970105

-0.000669141 0.000970151
-0.000666344 0.000972656

-0.000666343 0.000972656
-0.000663281 0.00097538

-0.000663281 0.000975451
-0.0006598 0.000978516

-0.000659771 0.000978516
-0.000657422 0.000980585

-0.000657422 0.000980654
-0.000653171 0.000984375

-0.000653118 0.000984375
-0.000651563 0.000985729

-0.000651563 0.00098578
-0.000646411 0.000990234

-0.000646389 0.000990234
-0.000645703 0.000990824

-0.000645703 0.000990842
-0.000639844 0.000995837

-0.000639844 0.000995843
-0.000639547 0.000996094

-0.000639531 0.000996094
-0.000633984 0.00100077

-0.000633984 0.00100079
-0.000632595 0.00100195

-0.000632558 0.00100195
-0.000628125 0.00100565

-0.000628125 0.00100573
-0.000625571 0.00100781

-0.000625508 0.00100781
-0.000622266 0.00101045

-0.000622266 0.00101054
-0.000618407 0.00101367

-0.00061834 0.00101367
-0.000616406 0.00101522

-0.000616406 0.00101528
-0.000611104 0.00101953

-0.000611095 0.00101953
-0.000610547 0.00101997

-0.000610547 0.00101997
-0.000604688 0.0010246

-0.000604688 0.00102462
-0.000603692 0.00102539

-0.000603656 0.00102539
-0.000598828 0.00102916

-0.000598828 0.00102924
-0.000596195 0.00103125

-0.000596076 0.00103125
-0.000592969 0.00103363

-0.000592969 0.0010337
-0.00058849 0.00103711

-0.000588454 0.00103711
-0.000587109 0.00103812

-0.000587109 0.00103815
-0.00058125 0.00104254

-0.00058125 0.00104256
-0.000580693 0.00104297

-0.000580664 0.00104297
-0.000575391 0.00104688

-0.000575391 0.00104696
-0.00057283 0.00104883

-0.00057268 0.00104883
-0.000569531 0.00105114

-0.000569531 0.0010512
-0.000564719 0.00105469

-0.000564706 0.00105469
-0.000563672 0.00105542

-0.000563672 0.00105544
-0.000557813 0.00105962

-0.000557813 0.00105967
-0.000556555 0.00106055

-0.00055648 0.00106055
-0.000551953 0.00106375

-0.000551953 0.00106381
-0.000548231 0.00106641

-0.000548118 0.00106641
-0.000546094 0.0010678

-0.000546094 0.00106787
-0.000540234 0.00107189

-0.000540234 0.00107191
-0.000539708 0.00107227

-0.000539667 0.00107227
-0.000534375 0.00107586

-0.000534375 0.00107592
-0.000531091 0.00107812

-0.000530933 0.00107812
-0.000528516 0.00107974

-0.000528516 0.00107981
-0.000522656 0.00108367

-0.000522656 0.0010837
-0.000522204 0.00108398

-0.000522155 0.00108398
-0.000516797 0.00108748

-0.000516797 0.00108753
-0.000513202 0.00108984

-0.000513076 0.00108984
-0.000510938 0.00109122

-0.000510937 0.00109127
-0.000505078 0.00109498

-0.000505078 0.00109503
-0.000504 0.0010957

-0.00050388 0.0010957
-0.000499219 0.00109863

-0.000499219 0.00109867
-0.000494548 0.00110156

-0.000494529 0.00110156
-0.000493359 0.00110228

-0.000493359 0.00110228
-0.0004875 0.00110585

-0.0004875 0.00110591
-0.000484992 0.00110742

-0.000484824 0.00110742
-0.000481641 0.00110934

-0.000481641 0.0011094
-0.000475781 0.00111287

-0.000475781 0.00111291
-0.000475143 0.00111328

-0.000475031 0.00111328
-0.000469922 0.00111628

-0.000469922 0.00111632
-0.000465038 0.00111914

-0.000465024 0.00111914
-0.000464063 0.00111969

-0.000464062 0.00111968
-0.000458203 0.00112301

-0.000458203 0.00112305
-0.000454735 0.001125

-0.00045464 0.001125
-0.000452344 0.00112629

-0.000452344 0.00112631
-0.000446484 0.00112955

-0.000446484 0.0011296
-0.000444182 0.00113086

-0.000444031 0.00113086
-0.000440625 0.00113272

-0.000440625 0.00113276
-0.000434766 0.00113591

-0.000434766 0.00113595
-0.000433322 0.00113672

-0.000433165 0.00113672
-0.000428906 0.00113898

-0.000428906 0.00113902
-0.000423047 0.00114208

-0.000423047 0.00114211
-0.00042214 0.00114258

-0.000421996 0.00114258
-0.000417188 0.00114505

-0.000417187 0.00114509
-0.000411328 0.00114806

-0.000411328 0.00114809
-0.000410633 0.00114844

-0.000410496 0.00114844
-0.000405469 0.00115094

-0.000405469 0.00115098
-0.000399609 0.00115386

-0.000399609 0.00115389
-0.000398773 0.0011543

-0.000398628 0.0011543
-0.00039375 0.00115665

-0.00039375 0.00115669
-0.000387891 0.00115947

-0.000387891 0.00115951
-0.000386505 0.00116016

-0.000386353 0.00116016
-0.000382031 0.00116218

-0.000382031 0.0011622
-0.000376172 0.0011649

-0.000376172 0.00116493
-0.000373776 0.00116602

-0.000373648 0.00116602
-0.000370313 0.00116752

-0.000370312 0.00116754
-0.000364453 0.00117015

-0.000364453 0.00117017
-0.000360558 0.00117187

-0.00036051 0.00117187
-0.000358594 0.00117271

-0.000358594 0.0011727
-0.000352734 0.00117522

-0.000352734 0.00117526
-0.000346879 0.00117773

-0.000346802 0.00117773
-0.000341016 0.00118011

-0.000341016 0.00118012
-0.000335156 0.00118248

-0.000335156 0.0011825
-0.000332357 0.00118359

-0.000332276 0.00118359
-0.000329297 0.00118476

-0.000329297 0.00118476
-0.000323438 0.00118703

-0.000323437 0.00118706
-0.000317578 0.00118929

-0.000317578 0.00118931
-0.000317179 0.00118945

-0.000317053 0.00118945
-0.000311719 0.00119142

-0.000311719 0.00119142
-0.000305859 0.00119357

-0.000305859 0.0011936
-0.000301056 0.00119531

-0.000301045 0.00119531
-0.0003 0.00119569

-0.0003 0.00119566
-0.000294141 0.0011977

-0.000294141 0.0011977
-0.000288281 0.00119972

-0.000288281 0.00119973
-0.000283946 0.00120117

-0.000283929 0.00120117
-0.000282422 0.00120167

-0.000282422 0.00120166
-0.000276563 0.00120355

-0.000276562 0.00120355
-0.000270703 0.00120542

-0.000270703 0.00120545
-0.000265554 0.00120703

-0.000265549 0.00120703
-0.000264844 0.00120725

-0.000264844 0.00120722
-0.000258984 0.00120896

-0.000258984 0.00120896
-0.000253125 0.00121068

-0.000253125 0.0012107
-0.000247266 0.00121236

-0.000247266 0.00121236
-0.000245326 0.00121289

-0.000245258 0.00121289
-0.000241406 0.00121394

-0.000241406 0.00121395
-0.000235547 0.00121552

-0.000235547 0.00121552
-0.000229687 0.00121707

-0.000229687 0.00121708
-0.000223828 0.00121856

-0.000223828 0.00121855
-0.000223011 0.00121875

-0.000222929 0.00121875
-0.000217969 0.00121994

-0.000217969 0.00121994
-0.000212109 0.00122132

-0.000212109 0.00122133
-0.00020625 0.00122268

-0.00020625 0.00122269
-0.000200391 0.00122398

-0.000200391 0.00122398
-0.000197362 0.00122461

-0.000197334 0.00122461
-0.000194531 0.0012252

-0.000194531 0.00122519
-0.000188672 0.00122638

-0.000188672 0.00122638
-0.000182812 0.00122752

-0.000182813 0.00122752
-0.000176953 0.00122862

-0.000176953 0.00122862
-0.000171094 0.00122966

-0.000171094 0.00122967
-0.000166346 0.00123047

-0.000166337 0.00123047
-0.000165234 0.00123065

-0.000165234 0.00123064
-0.000159375 0.00123157

-0.000159375 0.00123158
-0.000153516 0.00123248

-0.000153516 0.00123248
-0.000147656 0.00123334

-0.000147656 0.00123334
-0.000141797 0.00123416

-0.000141797 0.00123417
-0.000135937 0.00123494

-0.000135938 0.00123494
-0.000130078 0.00123567

-0.000130078 0.00123567
-0.000124303 0.00123633

-0.000124302 0.00123633
-0.000124219 0.00123634

-0.000124198 0.00123633
-0.000118359 0.00123694

-0.000118359 0.00123694
-0.0001125 0.00123752

-0.0001125 0.00123752
-0.000106641 0.00123806

-0.000106641 0.00123806
-0.000100781 0.00123855

-0.000100781 0.00123855
-9.49219e-05 0.00123901

-9.49219e-05 0.00123901
-8.90625e-05 0.00123941

-8.90625e-05 0.00123941
-8.32031e-05 0.00123977

-8.32031e-05 0.00123977
-7.73438e-05 0.00124009

-7.73438e-05 0.00124009
-7.14844e-05 0.00124036

-7.14844e-05 0.00124036
-6.5625e-05 0.00124059

-6.5625e-05 0.00124059
-5.97656e-05 0.00124078

-5.97656e-05 0.00124078
-5.39063e-05 0.00124092

-5.39063e-05 0.00124092
-4.80469e-05 0.00124102

-4.80469e-05 0.00124102
-4.21875e-05 0.00124108

-4.21875e-05 0.00124108
-3.63281e-05 0.0012411

-3.63281e-05 0.0012411
-3.04688e-05 0.00124107

-3.04688e-05 0.00124107
-2.46094e-05 0.00124101

-2.46094e-05 0.00124101
-1.875e-05 0.0012409

-1.875e-05 0.0012409
-1.28906e-05 0.00124076

-1.28906e-05 0.00124076
-7.03125e-06 0.00124058

-7.03125e-06 0.00124058
-1.17187e-06 0.00124036

-1.17187e-06 0.00124036
4.6875e-06 0.0012401

4.6875e-06 0.0012401
1.05469e-05 0.0012398

1.05469e-05 0.0012398
1.64062e-05 0.00123947

1.64063e-05 0.00123947
2.22656e-05 0.00123909

2.22656e-05 0.00123909
2.8125e-05 0.00123868

2.8125e-05 0.00123868
3.39844e-05 0.00123824

3.39844e-05 0.00123824
3.98437e-05 0.00123776

3.98438e-05 0.00123776
4.57031e-05 0.00123724

4.57031e-05 0.00123724
5.15625e-05 0.00123669

5.74219e-05 0.0012361
5.51421e-05 0.00123633

5.15625e-05 0.00123669
5.51326e-05 0.00123633

5.74219e-05 0.0012361
6.32812e-05 0.00123548

6.32813e-05 0.00123548
6.91406e-05 0.00123483

6.91406e-05 0.00123483
7.5e-05 0.00123414

7.5e-05 0.00123414
8.08594e-05 0.00123343

8.08594e-05 0.00123343
8.67187e-05 0.00123268

8.67188e-05 0.00123268
9.25781e-05 0.0012319

9.25781e-05 0.0012319
9.84375e-05 0.00123109

0.000104297 0.00123025
0.000102768 0.00123047

0.000104297 0.00123025
0.000110156 0.00122937

9.84375e-05 0.00123109
0.00010276 0.00123047

0.000110156 0.00122937
0.000116016 0.00122847

0.000116016 0.00122847
0.000121875 0.00122753

0.000121875 0.00122753
0.000127734 0.00122656

0.000127734 0.00122656
0.000133594 0.00122557

0.000139453 0.00122454
0.000139082 0.00122461

0.000133594 0.00122557
0.000139067 0.00122461

0.000139453 0.00122454
0.000145312 0.00122349

0.000145312 0.00122349
0.000151172 0.0012224

0.000151172 0.0012224
0.000157031 0.00122129

0.000157031 0.00122129
0.000162891 0.00122015

0.000162891 0.00122015
0.00016875 0.00121898

0.000174609 0.00121778
0.000169889 0.00121875

0.000174609 0.00121778
0.000180469 0.00121656

0.000180469 0.00121656
0.000186328 0.0012153

0.000186328 0.0012153
0.000192187 0.00121402

0.000198047 0.00121271
0.00019724 0.00121289

0.000192187 0.00121402
0.00019722 0.00121289

0.000198047 0.00121271
0.000203906 0.00121137

0.000203906 0.00121137
0.000209766 0.00121

0.000209766 0.00121
0.000215625 0.0012086

0.000227344 0.00120573
0.000222079 0.00120703

0.000215625 0.0012086
0.000221484 0.00120718

0.000221484 0.00120718
0.000222076 0.00120703

0.000227344 0.00120572
0.000233203 0.00120424

0.000233203 0.00120424
0.000239062 0.00120273

0.000239062 0.00120273
0.000244922 0.0012012

0.000250781 0.00119964
0.00024503 0.00120117

0.000244922 0.0012012
0.000245029 0.00120117

0.000250781 0.00119963
0.000256641 0.00119804

0.000256641 0.00119804
0.0002625 0.00119642

0.00016875 0.00121898
0.000169886 0.00121875

0.000268359 0.00119478
0.000266479 0.00119531

0.000268359 0.00119478
0.000274219 0.00119311

0.000274219 0.0011931
0.000280078 0.0011914

0.000280078 0.0011914
0.000285937 0.00118967

0.0002625 0.00119642
0.000266448 0.00119531

0.000291797 0.00118791
0.000286671 0.00118945

0.000285937 0.00118967
0.000286666 0.00118945

0.000291797 0.00118791
0.000297656 0.00118612

0.000309375 0.00118246
0.000305783 0.00118359

0.000297656 0.00118612
0.000303516 0.0011843

0.000303516 0.0011843
0.000305763 0.00118359

0.000344531 0.00117077
0.000341341 0.00117187

0.000344531 0.00117077
0.000350391 0.00116872

0.000350391 0.00116871
0.00035625 0.00116663

0.000309375 0.00118246
0.000315234 0.00118058

0.000315234 0.00118058
0.000321094 0.00117868

0.000326953 0.00117675
0.000323976 0.00117773

0.000321094 0.00117867
0.000323942 0.00117773

0.000326953 0.00117675
0.000332812 0.00117478

0.000332812 0.00117478
0.000338672 0.00117279

0.000338672 0.00117278
0.000341306 0.00117187

0.000362109 0.00116453
0.000357975 0.00116602

0.00035625 0.00116663
0.000357954 0.00116602

0.000362109 0.00116452
0.000367969 0.00116238

0.000379687 0.001158
0.000373969 0.00116016

0.000367969 0.00116238
0.000373828 0.00116021

0.000373828 0.00116021
0.000373967 0.00116016

0.000379687 0.001158
0.000385547 0.00115576

0.000391406 0.00115352
0.0003894 0.0011543

0.000385547 0.00115575
0.000389314 0.0011543

0.000391406 0.0011535
0.000397266 0.0011512

0.000397266 0.0011512
0.000403125 0.00114887

0.000408984 0.00114651
0.000404206 0.00114844

0.000408984 0.00114651
0.000414844 0.00114411

0.000420703 0.00114172
0.000418618 0.00114258

0.000414844 0.0011441
0.000418515 0.00114258

0.000420703 0.00114169
0.000426562 0.00113923

0.000403125 0.00114887
0.000404192 0.00114844

0.000438281 0.00113422
0.000432476 0.00113672

0.000426562 0.00113923
0.000432422 0.00113674

0.000432422 0.00113674
0.000432476 0.00113672

0.000438281 0.00113422
0.000444141 0.00113166

0.00045 0.00112908
0.000445971 0.00113086

0.000444141 0.00113165
0.000445934 0.00113086

0.00113969 0
0.00113968 5.85937e-06

0.00113968 5.85938e-06
0.00113966 1.17187e-05

0.00113966 1.17187e-05
0.00113962 1.75781e-05

0.00113962 1.75781e-05
0.00113956 2.34375e-05

0.00113956 2.34375e-05
0.00113949 2.92969e-05

0.00113949 2.92969e-05
0.00113941 3.51562e-05

0.00113941 3.51562e-05
0.00113932 4.10156e-05

0.00113932 4.10156e-05
0.00113922 4.6875e-05

0.00113922 4.6875e-05
0.00113911 5.27344e-05

0.00113911 5.27344e-05
0.00113898 5.85937e-05

0.00113898 5.85937e-05
0.00113884 6.44531e-05

0.00113884 6.44531e-05
0.00113868 7.03125e-05

0.00113869 7.03125e-05
0.00113851 7.61719e-05

0.00113851 7.61719e-05
0.00113832 8.20312e-05

0.00113832 8.20312e-05
0.00113812 8.78906e-05

0.00113812 8.78906e-05
0.0011379 9.375e-05

0.0011379 9.375e-05
0.00113767 9.96094e-05

0.00113767 9.96094e-05
0.00113742 0.000105469

0.00113742 0.000105469
0.00113717 0.000111328

0.00113717 0.000111328
0.0011369 0.000117187

0.0011369 0.000117187
0.00113663 0.000123047

0.00113663 0.000123047
0.00113635 0.000128906

0.00113635 0.000128906
0.00113606 0.000134766

0.00113606 0.000134766
0.00113575 0.000140625

0.00113555 0.000144321
0.00113542 0.000146484

0.00113542 0.000146484
0.00113506 0.000152344

0.00113555 0.000144304
0.00113576 0.000140625

0.00113506 0.000152344
0.00113469 0.000158203

0.00113469 0.000158203
0.00113432 0.000164062

0.00113432 0.000164062
0.00113394 0.000169922

0.00113394 0.000169922
0.00113355 0.000175781

0.00113355 0.000175781
0.00113316 0.000181641

0.00113316 0.000181641
0.00113276 0.0001875

0.00112969 0.000228516
0.0011292 0.000234375

0.00113276 0.0001875
0.00113235 0.000193359

0.00113235 0.000193359
0.00113194 0.000199219

0.00113194 0.000199219
0.00113152 0.000205078

0.00113152 0.000205078
0.00113109 0.000210937

0.00113109 0.000210937
0.00113064 0.000216797

0.00113064 0.000216797
0.00113018 0.000222656

0.00113018 0.000222656
0.0011297 0.000228516

0.00112969 0.000228577
0.00112969 0.000228516

0.0011292 0.000234375
0.00112873 0.000240234

0.00112873 0.000240234
0.00112826 0.000246094

0.00112826 0.000246094
0.00112778 0.000251953

0.00112778 0.000251953
0.00112729 0.000257812

0.00112729 0.000257812
0.0011268 0.000263672

0.0011268 0.000263672
0.00112629 0.000269531

0.00112629 0.000269531
0.00112577 0.000275391

0.00112577 0.000275391
0.00112524 0.00028125

0.00112524 0.00028125
0.0011247 0.000287109

0.0011247 0.000287109
0.00112413 0.000292969

0.00112383 0.000296025
0.00112355 0.000298828

0.00112355 0.000298828
0.00112299 0.000304687

0.00112383 0.000296074
0.00112413 0.000292969

0.00112301 0.000304687
0.00112245 0.000310547

0.00112245 0.000310547
0.00112189 0.000316406

0.00112189 0.000316406
0.00112131 0.000322266

0.00112131 0.000322266
0.00112072 0.000328125

0.00112072 0.000328125
0.00112011 0.000333984

0.00112011 0.000333984
0.00111949 0.000339844

0.00111949 0.000339844
0.00111884 0.000345703

0.00111884 0.000345703
0.00111817 0.000351562

0.00111797 0.000353238
0.00111749 0.000357422

0.0011175 0.000357422
0.00111683 0.000363281

0.00111683 0.000363281
0.00111614 0.000369141

0.00111614 0.000369141
0.00111542 0.000375

0.00111797 0.000353354
0.00111817 0.000351562

0.000959766 0.000746767
0.000957159 0.00075

0.000965625 0.000739625
0.000961981 0.000744141

0.000959766 0.000746983
0.000962046 0.000744141

0.0010125 0.000676035
0.00101007 0.000679687

0.000994922 0.000701101
0.00099348 0.000703125

0.00100078 0.000693147
0.000997863 0.000697266

0.000994922 0.000701502
0.000997984 0.000697266

0.00100664 0.000684456
0.00100591 0.000685547

0.00100612 0.000685547
0.00100204 0.000691406

0.00100664 0.00068486
0.00101017 0.000679687

0.00100078 0.000693335
0.00100211 0.000691406

0.000977344 0.000724587
0.000975833 0.000726562

0.000989062 0.000709364
0.000984968 0.000714844

0.000983203 0.000717086
0.000980457 0.000720703

0.000977344 0.000724906
0.000980587 0.000720703

0.000983203 0.000717325
0.000985038 0.000714844

0.000971484 0.000732019
0.00097117 0.000732422

0.000971387 0.000732422
0.000966723 0.000738281

0.000971484 0.000732316
0.000976 0.000726562

0.000965625 0.000739728
0.000966774 0.000738281

0.000993656 0.000703125
0.000989346 0.000708984

0.000989062 0.000709398
0.000989365 0.000708984

0.00110625 0.000436498
0.00110572 0.000439453

0.00110574 0.000439453
0.00110468 0.000445312

0.00110469 0.000445312
0.0011036 0.000451172

0.0011036 0.000451172
0.00110245 0.000457031

0.00110039 0.000466714
0.00109995 0.00046875

0.00110245 0.000457031
0.00110124 0.000462891

0.00110039 0.000466908
0.00110126 0.000462891

0.00109453 0.000492126
0.00109452 0.000492187

0.00109997 0.00046875
0.00109868 0.000474609

0.0010987 0.000474609
0.00109738 0.000480469

0.00109738 0.000480469
0.00109598 0.000486328

0.00109453 0.00049213
0.00109599 0.000486328

0.00109449 0.000492187
0.00109299 0.000498047

0.00109302 0.000498047
0.00109149 0.000503906

0.00108867 0.000513653
0.0010881 0.000515625

0.00109149 0.000503906
0.00108987 0.000509766

0.00108867 0.000514001
0.0010899 0.000509766

0.00108281 0.000533018
0.00108275 0.000533203

0.00108274 0.000533203
0.00108081 0.000539062

0.00107695 0.000550012
0.00107668 0.000550781

0.00108084 0.000539062
0.00107886 0.000544922

0.00107695 0.000550243
0.00107887 0.000544922

0.00107672 0.000550781
0.00107456 0.000556641

0.00107459 0.000556641
0.00107237 0.0005625

0.00108815 0.000515625
0.00108642 0.000521484

0.00108644 0.000521484
0.00108466 0.000527344

0.00108281 0.000533075
0.00108466 0.000527344

0.00111542 0.000375
0.00111468 0.000380859

0.00111468 0.000380859
0.00111391 0.000386719

0.00111391 0.000386719
0.00111311 0.000392578

0.00111311 0.000392578
0.00111227 0.000398437

0.00111211 0.000399407
0.0011114 0.000404297

0.00111142 0.000404297
0.00111056 0.000410156

0.00111211 0.000399572
0.00111227 0.000398437

0.00111057 0.000410156
0.00110968 0.000416016

0.00110968 0.000416016
0.00110876 0.000421875

0.00110876 0.000421875
0.00110779 0.000427734

0.00110779 0.000427734
0.00110679 0.000433594

0.00110625 0.000436677
0.0011068 0.000433594

0.00105937 0.000592955
0.00105719 0.000597656

0.00105352 0.000605269
0.00105149 0.000609375

0.00105724 0.000597656
0.00105444 0.000603516

0.00105352 0.000605518
0.0010545 0.000603516

0.00103594 0.000638114
0.00103562 0.000638672

0.00103575 0.000638672
0.00103233 0.000644531

0.00103008 0.000648092
0.00102871 0.000650391

0.00102885 0.000650391
0.00102526 0.00065625

0.00103008 0.000648524
0.00103246 0.000644531

0.00104766 0.000616876
0.00104545 0.000621094

0.0010418 0.000627883
0.00103907 0.000632812

0.0010455 0.000621094
0.00104235 0.000626953

0.0010418 0.000628022
0.00104239 0.000626953

0.00105154 0.000609375
0.00104856 0.000615234

0.00104766 0.000617099
0.00104863 0.000615234

0.00103594 0.000638422
0.00103913 0.000632812

0.00107109 0.000565454
0.00106993 0.000568359

0.00107 0.000568359
0.0010676 0.000574219

0.00106523 0.000579717
0.00106508 0.000580078

0.0010651 0.000580078
0.00106255 0.000585937

0.00106523 0.00057986
0.00106763 0.000574219

0.00107109 0.000565842
0.00107243 0.0005625

0.00106259 0.000585937
0.00105996 0.000591797

0.00105937 0.000593127
0.00105999 0.000591797

0.00101836 0.000666848
0.00101766 0.000667969

0.00102422 0.000657886
0.00102158 0.000662109

0.00101836 0.000667272
0.00102166 0.000662109

0.00101786 0.000667969
0.00101402 0.000673828

0.0010125 0.000676291
0.00101413 0.000673828

0.00102422 0.000658058
0.00102534 0.00065625

0.000461719 0.00112383
0.000459128 0.001125

0.000461719 0.0011238
0.000467578 0.00112112

0.000473437 0.00111845
0.000471947 0.00111914

0.000467578 0.0011211
0.000471795 0.00111914

0.000485156 0.00111293
0.000484421 0.00111328

0.000473438 0.0011184
0.000479297 0.00111565

0.000479297 0.00111563
0.000484249 0.00111328

0.000485156 0.00111286
0.000491016 0.00111005

0.000496875 0.00110726
0.000496548 0.00110742

0.000491016 0.00111004
0.000496389 0.00110742

0.000508594 0.00110145
0.000508367 0.00110156

0.000508594 0.00110139
0.000514453 0.00109843

0.000520312 0.00109551
0.000519934 0.0010957

0.000514453 0.00109842
0.000519773 0.0010957

0.000496875 0.00110719
0.000502734 0.00110431

0.000502734 0.0011043
0.000508225 0.00110156

0.000532031 0.00108943
0.000531235 0.00108984

0.000520313 0.00109544
0.000526172 0.00109241

0.000526172 0.00109239
0.000531046 0.00108984

0.000532031 0.00108935
0.000537891 0.00108625

0.00054375 0.00108319
0.000542259 0.00108398

0.000537891 0.00108622
0.000542059 0.00108398

0.0006375 0.00102778
0.000632085 0.00103125

0.000555469 0.00107678
0.000553017 0.00107812

0.000555469 0.00107673
0.000561328 0.00107348

0.000567187 0.00107022
0.000563537 0.00107227

0.000561328 0.00107345
0.000563438 0.00107227

0.000578906 0.00106352
0.000573875 0.00106641

0.000567188 0.0010702
0.000573047 0.00106688

0.000573047 0.00106687
0.00057386 0.00106641

0.000584766 0.00106023
0.000584222 0.00106055

0.000578906 0.0010635
0.000584004 0.00106055

0.000584766 0.00106012
0.000590625 0.00105669

0.00054375 0.00108311
0.000549609 0.00107994

0.000549609 0.0010799
0.000552842 0.00107812

0.000596484 0.00105329
0.000594134 0.00105469

0.000596484 0.00105321
0.000602344 0.0010497

0.000614062 0.00104267
0.000613574 0.00104297

0.000608203 0.00104615
0.000603792 0.00104883

0.000602344 0.00104967
0.000603738 0.00104883

0.000608203 0.00104613
0.000613354 0.00104297

0.000590625 0.00105663
0.000593891 0.00105469

0.000614063 0.00104255
0.000619922 0.00103892

0.000625781 0.00103532
0.000622925 0.00103711

0.000619922 0.00103884
0.000622686 0.00103711

0.000625781 0.00103524
0.000631641 0.00103153

0.000631641 0.00103153
0.000632086 0.00103125

0.000766406 0.000935358
0.000763644 0.0009375

0.000772266 0.000930669
0.000771038 0.000931641

0.000766406 0.000935345
0.000771061 0.000931641

0.000772266 0.000930679
0.000778125 0.000925968

0.000825 0.000886438
0.000820224 0.000890625

0.000795703 0.000911546
0.00079262 0.000914062

0.000801563 0.000906593
0.000799631 0.000908203

0.000795703 0.000911568
0.000799743 0.000908203

0.000783984 0.000921211
0.000778355 0.000925781

0.000789844 0.000916402
0.000785551 0.000919922

0.000783984 0.000921215
0.000785581 0.000919922

0.000778125 0.00092597
0.000778359 0.000925781

0.000789844 0.00091641
0.000792731 0.000914062

0.000807422 0.000901588
0.000806531 0.000902344

0.000807422 0.000901679
0.000813281 0.000896657

0.000801562 0.000906658
0.000806654 0.000902344

0.000819141 0.000891579
0.000813481 0.000896484

0.000813281 0.000896662
0.000813487 0.000896484

0.000819141 0.000891593
0.000820253 0.000890625

0.000643359 0.00102413
0.000641411 0.00102539

0.0006375 0.0010277
0.000641068 0.00102539

0.000643359 0.00102399
0.000649219 0.00102016

0.000655078 0.00101629
0.000650174 0.00101953

0.000660937 0.00101255
0.000659246 0.00101367

0.000655078 0.00101621
0.000658875 0.00101367

0.000649219 0.00102014
0.000650157 0.00101953

0.000672656 0.00100444
0.000667706 0.00100781

0.000678516 0.00100056
0.000676485 0.00100195

0.000672656 0.00100435
0.000676135 0.00100195

0.000678516 0.00100041
0.000684375 0.000996342

0.000660938 0.00101238
0.000666797 0.00100843

0.000666797 0.0010084
0.00066768 0.00100781

0.000701953 0.000984199
0.000701704 0.000984375

0.000701953 0.00098391
0.000707812 0.00097969

0.000719531 0.000971281
0.000717623 0.000972656

0.000713672 0.000975451
0.000709455 0.000978516

0.000707812 0.000979628
0.000709371 0.000978516

0.000713672 0.000975359
0.000717358 0.000972656

0.000719531 0.000971135
0.000725391 0.0009668

0.00073125 0.000962426
0.000725394 0.000966797

0.000690234 0.000992238
0.000684731 0.000996094

0.000696094 0.000988174
0.000693179 0.000990234

0.000690234 0.000992149
0.000692942 0.000990234

0.000684375 0.000996331
0.000684718 0.000996094

0.000696094 0.000988067
0.000701266 0.000984375

0.000737109 0.000958033
0.000733253 0.000960937

0.000742969 0.000953648
0.000741054 0.000955078

0.000737109 0.000957975
0.000740923 0.000955078

0.000748828 0.000949069
0.000754688 0.000944535

0.000742969 0.000953559
0.00074863 0.000949219

0.00073125 0.000962372
0.000733192 0.000960937

0.000760547 0.000939963
0.000756198 0.000943359

0.000754687 0.000944516
0.000756191 0.000943359

0.000760547 0.000939948
0.000763687 0.0009375

0.00045 0.00112907
0.000455859 0.00112645

0.000455859 0.00112643
0.000459024 0.001125

0.000871875 0.000842848
0.000870953 0.00084375

0.00091875 0.000794268
0.000916382 0.000796875

0.000895312 0.000819248
0.000894284 0.000820312

0.000883594 0.000831212
0.00088278 0.000832031

0.000877734 0.000837071
0.000876908 0.000837891

0.000871875 0.000842896
0.000876971 0.000837891

0.000877734 0.000837123
0.00088283 0.000832031

0.000889453 0.000825271
0.000888571 0.000826172

0.000883594 0.00083127
0.000888608 0.000826172

0.000889453 0.000825328
0.000894315 0.000820312

0.000907031 0.000806939
0.000905479 0.000808594

0.000901172 0.000813138
0.00089992 0.000814453

0.000895312 0.000819302
0.000899945 0.000814453

0.000901172 0.000813194
0.000905498 0.000808594

0.000912891 0.00080065
0.000910965 0.000802734

0.000907031 0.000807003
0.000910975 0.000802734

0.000912891 0.000800715
0.000916391 0.000796875

0.000848438 0.000865204
0.000846285 0.000867187

0.000836719 0.000875968
0.000833421 0.000878906

0.000830859 0.000881245
0.000826858 0.000884766

0.000825 0.000886459
0.000826926 0.000884766

0.000830859 0.000881257
0.000833505 0.000878906

0.000842578 0.000870618
0.000839899 0.000873047

0.000836719 0.000875986
0.000839989 0.000873047

0.000842578 0.000870646
0.000846379 0.000867187

0.000860156 0.000854172
0.000858791 0.000855469

0.000854297 0.000859723
0.000852582 0.000861328

0.000848437 0.000865238
0.000852677 0.000861328

0.000854297 0.000859766
0.000858877 0.000855469

0.000866016 0.000848548
0.000864914 0.000849609

0.000860156 0.00085422
0.000864991 0.000849609

0.000866016 0.000848597
0.000871022 0.00084375

0.000942187 0.000767836
0.000937347 0.000773437

0.000930469 0.000781225
0.000927015 0.000785156

0.000924609 0.000787792
0.000921733 0.000791016

0.00091875 0.000794338
0.000921741 0.000791016

0.000924609 0.000787868
0.000927022 0.000785156

0.000936328 0.00077459
0.000932207 0.000779297

0.000930469 0.000781305
0.000932234 0.000779297

0.000936328 0.000774641
0.000937374 0.000773437

0.000948047 0.000760799
0.000947273 0.000761719

0.000953906 0.000753837
0.000952237 0.000755859

0.000948047 0.000760984
0.00095236 0.000755859

0.000947405 0.000761719
0.000942409 0.000767578

0.000942187 0.000767846
0.000942417 0.000767578

0.000953906 0.000754046
0.000957244 0.00075

