0.00114609 0
0.00114609 5.85937e-06

0.00114609 5.85938e-06
0.0011461 1.17187e-05

0.0011461 1.17187e-05
0.00114611 1.75781e-05

0.00114611 1.75781e-05
0.00114612 2.34375e-05

0.00114612 2.34375e-05
0.00114614 2.92969e-05

0.00114614 2.92969e-05
0.00114617 3.51562e-05

0.00114617 3.51562e-05
0.0011462 4.10156e-05

0.0011462 4.10156e-05
0.00114623 4.6875e-05

0.00114623 4.6875e-05
0.00114627 5.27344e-05

0.00114627 5.27344e-05
0.00114632 5.85937e-05

0.00114632 5.85937e-05
0.00114637 6.44531e-05

0.00114637 6.44531e-05
0.00114642 7.03125e-05

0.00114642 7.03125e-05
0.00114648 7.61719e-05

0.00114648 7.61719e-05
0.00114654 8.20312e-05

0.00114654 8.20312e-05
0.0011466 8.78906e-05

0.0011466 8.78906e-05
0.00114667 9.375e-05

0.00114667 9.375e-05
0.00114675 9.96094e-05

0.00114675 9.96094e-05
0.00114682 0.000105469

0.00114682 0.000105469
0.00114691 0.000111328

0.00114691 0.000111328
0.00114699 0.000117187

0.00114699 0.000117187
0.00114708 0.000123047

0.00114708 0.000123047
0.00114717 0.000128906

0.00114717 0.000128906
0.00114727 0.000134438

0.00114727 0.000134438
0.00114727 0.000134766

0.00114727 0.000134766
0.00114737 0.000140625

0.00114737 0.000140625
0.00114748 0.000146484

0.00114748 0.000146484
0.00114758 0.000152344

0.00114758 0.000152344
0.00114769 0.000158203

0.00114769 0.000158203
0.00114781 0.000164062

0.00114781 0.000164062
0.00114793 0.000169922

0.00114793 0.000169922
0.00114805 0.000175781

0.00114805 0.000175781
0.00114817 0.000181641

0.00114817 0.000181641
0.0011483 0.0001875

0.0011483 0.0001875
0.00114843 0.000193359

0.00114843 0.000193359
0.00114856 0.000199219

0.00114856 0.000199219
0.00114869 0.000205078

0.00114869 0.000205078
0.00114883 0.000210937

0.00114883 0.000210937
0.00114897 0.000216797

0.00114897 0.000216797
0.00114911 0.000222656

0.00114911 0.000222656
0.00114926 0.000228516

0.00114926 0.000228516
0.0011494 0.000234375

0.0011494 0.000234375
0.00114955 0.000240234

0.00114955 0.000240234
0.0011497 0.000246094

0.0011497 0.000246094
0.00114985 0.000251953

0.00114985 0.000251953
0.00115 0.000257812

0.00115 0.000257812
0.00115015 0.000263672

0.00115015 0.000263672
0.00115031 0.000269531

0.00115031 0.000269531
0.00115046 0.000275391

0.00115046 0.000275391
0.00115062 0.00028125

0.00115062 0.00028125
0.00115077 0.000287109

0.00115077 0.000287109
0.00115093 0.000292969

0.00115093 0.000292969
0.00115109 0.000298828

0.00115109 0.000298828
0.00115124 0.000304687

0.00115124 0.000304687
0.0011514 0.000310547

0.0011514 0.000310547
0.00115156 0.000316406

0.00115156 0.000316406
0.00115171 0.000322266

0.00115171 0.000322266
0.00115187 0.000328125

0.00115187 0.000328125
0.00115202 0.000333984

0.00115202 0.000333984
0.00115218 0.000339844

0.00115218 0.000339844
0.00115233 0.000345703

0.00115233 0.000345703
0.00115248 0.000351562

0.00115248 0.000351562
0.00115263 0.000357422

0.00115263 0.000357422
0.00115278 0.000363281

0.00115278 0.000363281
0.00115292 0.000369141

0.00115292 0.000369141
0.00115307 0.000375

0.00115307 0.000375
0.00115312 0.00037732

0.00115312 0.00037732
0.00115321 0.000380859

0.00115321 0.000380859
0.00115335 0.000386719

0.00115335 0.000386719
0.00115349 0.000392578

0.00115349 0.000392578
0.00115362 0.000398437

0.00115362 0.000398437
0.00115375 0.000404297

0.00115375 0.000404297
0.00115388 0.000410156

0.00115388 0.000410156
0.001154 0.000416016

0.001154 0.000416016
0.00115412 0.000421875

0.00115412 0.000421875
0.00115424 0.000427734

0.00115424 0.000427734
0.00115435 0.000433594

0.00115435 0.000433594
0.00115446 0.000439453

0.00115446 0.000439453
0.00115456 0.000445312

0.00115456 0.000445312
0.00115466 0.000451172

0.00115466 0.000451172
0.00115475 0.000457031

0.00115475 0.000457031
0.00115484 0.000462891

0.00115484 0.000462891
0.00115493 0.00046875

0.00115493 0.00046875
0.001155 0.000474609

0.001155 0.000474609
0.00115508 0.000480469

0.00115508 0.000480469
0.00115514 0.000486328

0.00115514 0.000486328
0.0011552 0.000492187

0.0011552 0.000492187
0.00115526 0.000498047

0.00115526 0.000498047
0.0011553 0.000503906

0.0011553 0.000503906
0.00115534 0.000509766

0.00115534 0.000509766
0.00115538 0.000515625

0.00115538 0.000515625
0.0011554 0.000521484

0.0011554 0.000521484
0.00115542 0.000527344

0.00115542 0.000527344
0.00115543 0.000533203

0.00115543 0.000533203
0.00115544 0.000539062

0.00115544 0.000539062
0.00115543 0.000544922

0.00115543 0.000544922
0.00115542 0.000550781

0.00115542 0.000550781
0.0011554 0.000556641

0.0011554 0.000556641
0.00115537 0.0005625

0.00115537 0.0005625
0.00115534 0.000568359

0.00115534 0.000568359
0.00115529 0.000574219

0.00115529 0.000574219
0.00115523 0.000580078

0.00115523 0.000580078
0.00115517 0.000585937

0.00115517 0.000585937
0.0011551 0.000591797

0.0011551 0.000591797
0.00115501 0.000597656

0.00115501 0.000597656
0.00115492 0.000603516

0.00115492 0.000603516
0.00115482 0.000609375

0.00115482 0.000609375
0.0011547 0.000615234

0.0011547 0.000615234
0.00115458 0.000621094

0.00115458 0.000621094
0.00115445 0.000626953

0.00115445 0.000626953
0.0011543 0.000632812

0.0011543 0.000632812
0.00115415 0.000638672

0.00115415 0.000638672
0.00115398 0.000644531

0.00115398 0.000644531
0.00115381 0.000650391

0.00115381 0.000650391
0.00115362 0.00065625

0.00115312 0.000670271
0.00115299 0.000673828

0.00115299 0.000673828
0.00115276 0.000679687

0.00115276 0.000679687
0.00115251 0.000685547

0.00115251 0.000685547
0.00115226 0.000691406

0.00115226 0.000691406
0.00115199 0.000697266

0.00115199 0.000697266
0.00115171 0.000703125

0.00115171 0.000703125
0.00115142 0.000708984

0.00115142 0.000708984
0.00115111 0.000714844

0.00115111 0.000714844
0.00115079 0.000720703

0.00115079 0.000720703
0.00115046 0.000726562

0.00115046 0.000726562
0.00115012 0.000732422

0.00115012 0.000732422
0.00114977 0.000738281

0.00114977 0.000738281
0.0011494 0.000744141

0.0011494 0.000744141
0.00114902 0.00075

0.00115362 0.00065625
0.00115342 0.000662109

0.00115342 0.000662109
0.00115321 0.000667969

0.00115312 0.000670271
0.00115321 0.000667969

0.00114902 0.00075
0.00114863 0.000755859

0.00114863 0.000755859
0.00114822 0.000761719

0.00114822 0.000761719
0.0011478 0.000767578

0.0011478 0.000767578
0.00114737 0.000773437

0.00114727 0.000774847
0.00114693 0.000779297

0.00114693 0.000779297
0.00114647 0.000785156

0.00114727 0.000774847
0.00114737 0.000773437

0.00114647 0.000785156
0.001146 0.000791016

0.001146 0.000791016
0.00114551 0.000796875

0.00114551 0.000796875
0.00114502 0.000802734

0.00114502 0.000802734
0.0011445 0.000808594

0.0011445 0.000808594
0.00114398 0.000814453

0.00114398 0.000814453
0.00114344 0.000820312

0.00114141 0.000841304
0.00114116 0.00084375

0.00114344 0.000820312
0.00114289 0.000826172

0.00114289 0.000826172
0.00114233 0.000832031

0.00114233 0.000832031
0.00114175 0.000837891

0.00114141 0.000841304
0.00114175 0.000837891

0.00114116 0.00084375
0.00114055 0.000849609

0.00114055 0.000849609
0.00113993 0.000855469

0.00113993 0.000855469
0.0011393 0.000861328

0.0011393 0.000861328
0.00113866 0.000867187

0.00113866 0.000867187
0.001138 0.000873047

0.001138 0.000873047
0.00113732 0.000878906

0.00113732 0.000878906
0.00113664 0.000884766

0.00113664 0.000884766
0.00113594 0.000890625

0.00113555 0.000893871
0.00113523 0.000896484

0.00113523 0.000896484
0.0011345 0.000902344

0.00113555 0.00089387
0.00113594 0.000890625

0.0011345 0.000902344
0.00113376 0.000908203

0.00113376 0.000908203
0.00113301 0.000914062

0.00113301 0.000914062
0.00113224 0.000919922

0.00113224 0.000919922
0.00113146 0.000925781

0.00113146 0.000925781
0.00113067 0.000931641

0.00113067 0.000931641
0.00112986 0.0009375

0.00110625 0.00108029
0.00110555 0.00108398

0.00110554 0.00108398
0.00110441 0.00108984

0.00110441 0.00108984
0.00110327 0.0010957

0.00110327 0.0010957
0.00110212 0.00110156

0.00110039 0.00111031
0.0010998 0.00111328

0.00110212 0.00110156
0.00110096 0.00110742

0.00110039 0.00111031
0.00110097 0.00110742

0.0010998 0.00111328
0.00109861 0.00111914

0.00109861 0.00111914
0.00109742 0.001125

0.00112969 0.000938746
0.00112904 0.000943359

0.00112904 0.000943359
0.00112821 0.000949219

0.00112821 0.000949219
0.00112736 0.000955078

0.00112736 0.000955078
0.0011265 0.000960937

0.0011265 0.000960937
0.00112563 0.000966797

0.00112562 0.000966797
0.00112474 0.000972656

0.00112383 0.000978626
0.00112293 0.000984375

0.00112474 0.000972656
0.00112385 0.000978516

0.00112383 0.000978627
0.00112385 0.000978516

0.00112969 0.000938746
0.00112986 0.0009375

0.00112293 0.000984375
0.00112201 0.000990234

0.00112201 0.000990234
0.00112107 0.000996094

0.00112107 0.000996094
0.00112012 0.00100195

0.00112012 0.00100195
0.00111915 0.00100781

0.00111797 0.00101495
0.0011172 0.00101953

0.0011172 0.00101953
0.00111619 0.00102539

0.00111619 0.00102539
0.00111518 0.00103125

0.00111916 0.00100781
0.00111818 0.00101367

0.00111797 0.00101495
0.00111818 0.00101367

0.00111518 0.00103125
0.00111415 0.00103711

0.00111415 0.00103711
0.00111312 0.00104297

0.00111211 0.00104865
0.00111208 0.00104883

0.00111208 0.00104883
0.00111102 0.00105469

0.00111211 0.00104865
0.00111312 0.00104297

0.00111101 0.00105469
0.00110994 0.00106055

0.00110994 0.00106055
0.00110885 0.00106641

0.00110885 0.00106641
0.00110776 0.00107227

0.00110776 0.00107227
0.00110666 0.00107812

0.00110625 0.00108029
0.00110666 0.00107812

0.0010125 0.00149682
0.00101182 0.0015

0.00109453 0.00113904
0.0010938 0.00114258

0.00109379 0.00114258
0.00109256 0.00114844

0.00109742 0.001125
0.00109621 0.00113086

0.00109621 0.00113086
0.00109501 0.00113672

0.00109453 0.00113904
0.00109501 0.00113672

0.00109256 0.00114844
0.00109132 0.0011543

0.00109131 0.0011543
0.00109007 0.00116016

0.00108867 0.00116672
0.00108756 0.00117187

0.00109007 0.00116016
0.00108882 0.00116602

0.00108867 0.00116672
0.00108882 0.00116602

0.00108281 0.00119355
0.00108243 0.00119531

0.00108242 0.00119531
0.00108112 0.00120117

0.00108112 0.00120117
0.0010798 0.00120703

0.0010798 0.00120703
0.00107848 0.00121289

0.00107848 0.00121289
0.00107716 0.00121875

0.00108756 0.00117187
0.00108628 0.00117773

0.00108628 0.00117773
0.00108499 0.00118359

0.00108499 0.00118359
0.00108371 0.00118945

0.00108281 0.00119355
0.00108371 0.00118945

0.00105937 0.00129541
0.00105811 0.00130078

0.0010581 0.00130078
0.00105671 0.00130664

0.0010567 0.00130664
0.0010553 0.0013125

0.00107695 0.00121971
0.00107584 0.00122461

0.00107584 0.00122461
0.0010745 0.00123047

0.00107695 0.00121971
0.00107717 0.00121875

0.00107449 0.00123047
0.00107315 0.00123633

0.00107314 0.00123633
0.0010718 0.00124219

0.00107109 0.00124531
0.00107047 0.00124805

0.00107046 0.00124805
0.0010691 0.00125391

0.0010691 0.00125391
0.00106773 0.00125977

0.00106772 0.00125977
0.00106636 0.00126562

0.00107109 0.00124531
0.00107181 0.00124219

0.00106523 0.00127051
0.00106501 0.00127148

0.00106501 0.00127148
0.00106363 0.00127734

0.00106523 0.0012705
0.00106637 0.00126563

0.00106363 0.00127734
0.00106224 0.0012832

0.00106224 0.0012832
0.00106085 0.00128906

0.00106086 0.00128906
0.00105948 0.00129492

0.00105937 0.00129541
0.00105949 0.00129492

0.00105352 0.00132011
0.00105254 0.00132422

0.0010553 0.0013125
0.00105392 0.00131836

0.00105352 0.00132011
0.00105393 0.00131836

0.00105254 0.00132422
0.00105114 0.00133008

0.00105113 0.00133008
0.00104973 0.00133594

0.00104766 0.00134471
0.00104696 0.00134766

0.00104696 0.00134766
0.00104556 0.00135352

0.00104555 0.00135352
0.00104415 0.00135937

0.00104972 0.00133594
0.00104833 0.0013418

0.00104766 0.00134471
0.00104834 0.0013418

0.00103594 0.00139407
0.00103583 0.00139453

0.00103583 0.00139453
0.00103446 0.00140039

0.00103445 0.00140039
0.00103306 0.00140625

0.0010418 0.00136933
0.00104138 0.00137109

0.00104414 0.00135937
0.00104275 0.00136523

0.0010418 0.00136932
0.00104276 0.00136523

0.00104138 0.00137109
0.00103999 0.00137695

0.00103999 0.00137695
0.00103858 0.00138281

0.00103857 0.00138281
0.00103719 0.00138867

0.00103594 0.00139405
0.00103719 0.00138867

0.00103305 0.00140625
0.00103167 0.00141211

0.00103167 0.00141211
0.00103032 0.00141797

0.00103008 0.00141906
0.00102897 0.00142383

0.00102897 0.00142383
0.0010276 0.00142969

0.00103008 0.00141905
0.00103033 0.00141797

0.00102422 0.00144438
0.00102357 0.00144727

0.00102357 0.00144727
0.00102222 0.00145312

0.00102759 0.00142969
0.00102622 0.00143555

0.00102622 0.00143555
0.00102488 0.00144141

0.00102422 0.00144438
0.00102489 0.00144141

0.00102222 0.00145312
0.00102087 0.00145898

0.00102086 0.00145898
0.00101954 0.00146484

0.00101836 0.00147023
0.00101825 0.0014707

0.00101826 0.0014707
0.00101696 0.00147656

0.00101836 0.00147021
0.00101955 0.00146484

0.00101695 0.00147656
0.00101564 0.00148242

0.00101563 0.00148242
0.00101433 0.00148828

0.00101432 0.00148828
0.00101306 0.00149414

0.0010125 0.00149682
0.00101307 0.00149414

0.00101182 0.0015
0.00101055 0.00150586

0.00101054 0.00150586
0.00100927 0.00151172

0.00100927 0.00151172
0.00100802 0.00151758

0.00100803 0.00151758
0.00100682 0.00152344

0.00100664 0.00152439
0.00100563 0.0015293

0.00100563 0.0015293
0.00100441 0.00153516

0.00100664 0.00152438
0.00100683 0.00152344

0.0010044 0.00153516
0.00100319 0.00154102

0.00100318 0.00154102
0.00100201 0.00154687

0.00100078 0.0015533
0.000999752 0.00155859

0.000999746 0.00155859
0.000998596 0.00156445

0.00099859 0.00156445
0.000997453 0.00157031

0.00100202 0.00154687
0.00100088 0.00155273

0.00100078 0.00155329
0.00100089 0.00155273

0.000997448 0.00157031
0.000996346 0.00157617

0.000996347 0.00157617
0.000995287 0.00158203

0.000994922 0.00158415
0.00099425 0.00158789

0.000994244 0.00158789
0.000993181 0.00159375

0.000994922 0.00158415
0.000995302 0.00158203

0.000989062 0.00161796
0.000988241 0.00162305

0.000988234 0.00162305
0.00098729 0.00162891

0.000987286 0.00162891
0.000986365 0.00163477

0.000986364 0.00163477
0.000985477 0.00164062

0.000993176 0.00159375
0.000992125 0.00159961

0.000992122 0.00159961
0.000991101 0.00160547

0.000991098 0.00160547
0.000990118 0.00161133

0.000990126 0.00161133
0.000989179 0.00161719

0.000989062 0.00161796
0.000989187 0.00161719

0.000985476 0.00164062
0.000984623 0.00164648

0.000984622 0.00164648
0.000983807 0.00165234

0.000983203 0.00165687
0.000983023 0.0016582

0.00098302 0.0016582
0.000982231 0.00166406

0.000983203 0.00165688
0.000983818 0.00165234

0.000982226 0.00166406
0.000981459 0.00166992

0.000981458 0.00166992
0.000980725 0.00167578

0.000980726 0.00167578
0.000980028 0.00168164

0.000980028 0.00168164
0.000979364 0.0016875

0.000977344 0.00170774
0.000977054 0.00171094

0.000979364 0.0016875
0.000978734 0.00169336

0.000978733 0.00169336
0.000978138 0.00169922

0.000978139 0.00169922
0.000977581 0.00170508

0.000977344 0.00170774
0.000977585 0.00170508

0.000977049 0.00171094
0.000976546 0.0017168

0.000976545 0.0017168
0.000976082 0.00172266

0.000976083 0.00172266
0.000975661 0.00172852

0.000975661 0.00172852
0.000975282 0.00173437

0.000975282 0.00173437
0.000974944 0.00174023

0.000974944 0.00174023
0.00097465 0.00174609

0.00097465 0.00174609
0.0009744 0.00175195

0.0009744 0.00175195
0.000974197 0.00175781

0.000974196 0.00175781
0.000974041 0.00176367

0.000974041 0.00176367
0.000973935 0.00176953

0.000973935 0.00176953
0.000973881 0.00177539

0.000973881 0.00177539
0.00097388 0.00178125

0.00097388 0.00178125
0.000973936 0.00178711

0.000973935 0.00178711
0.000974049 0.00179297

0.000974048 0.00179297
0.000974223 0.00179883

0.000974222 0.00179883
0.00097446 0.00180469

0.000974459 0.00180469
0.000974763 0.00181055

0.000974763 0.00181055
0.000975135 0.00181641

0.000975136 0.00181641
0.000975578 0.00182227

0.000975579 0.00182227
0.000976089 0.00182812

0.000976089 0.00182812
0.000976666 0.00183398

0.000976657 0.00183398
0.000977319 0.00183984

0.000977317 0.00183984
0.000977344 0.00184004

0.000977344 0.00184008
0.00097809 0.0018457

0.000978105 0.0018457
0.000978983 0.00185156

0.000978985 0.00185156
0.000979929 0.00185742

0.000979929 0.00185742
0.000980938 0.00186328

0.000980924 0.00186328
0.000982028 0.00186914

0.000982008 0.00186914
0.000983203 0.00187466

0.000983203 0.00187468
0.000983272 0.001875

0.00098331 0.001875
0.000984715 0.00188086

0.000984721 0.00188086
0.000986182 0.00188672

0.00098615 0.00188672
0.000987717 0.00189258

0.000987698 0.00189258
0.000989062 0.00189708

0.000989062 0.00189709
0.000989471 0.00189844

0.000989535 0.00189844
0.000991428 0.0019043

0.000991376 0.0019043
0.000993365 0.00191016

0.000993351 0.00191016
0.000994922 0.00191431

0.000994922 0.0019143
0.000995571 0.00191602

0.000995622 0.00191602
0.000997978 0.00192187

0.000997913 0.00192187
0.00100043 0.00192773

0.00100044 0.00192773
0.00100078 0.00192847

0.00100078 0.00192839
0.0010032 0.00193359

0.00100317 0.00193359
0.00100609 0.00193945

0.00100609 0.00193945
0.00100664 0.00194048

0.00100664 0.00194042
0.00100927 0.00194531

0.00100922 0.00194531
0.0010125 0.00195098

0.0010125 0.00195099
0.00101261 0.00195117

0.00101264 0.00195117
0.00101628 0.00195703

0.00101622 0.00195703
0.00101836 0.00196026

0.00101836 0.0019602
0.00102014 0.00196289

0.00102011 0.00196289
0.00102422 0.00196861

0.00102422 0.00196861
0.00102432 0.00196875

0.00102434 0.00196875
0.00102886 0.00197461

0.00102884 0.00197461
0.00103008 0.00197615

0.00103008 0.00197611
0.00103367 0.00198047

0.00103368 0.00198047
0.00103594 0.00198308

0.00103594 0.00198305
0.00103885 0.00198633

0.00103889 0.00198633
0.0010418 0.00198941

0.0010418 0.00198941
0.00104453 0.00199219

0.00104455 0.00199219
0.00104766 0.00199521

0.00104766 0.00199523
0.00105069 0.00199805

0.00105069 0.00199805
0.00105352 0.00200059

0.00105352 0.00200064
0.00105733 0.00200391

0.00105735 0.00200391
0.00105937 0.0020056

0.00105937 0.00200565
0.00106452 0.00200977

0.00106453 0.00200977
0.00106523 0.00201031

0.00106523 0.00201032
0.00107109 0.00201468

0.00107109 0.00201471
0.00107243 0.00201563

0.00107248 0.00201562
0.00107695 0.00201874

0.00107695 0.00201876
0.00108116 0.00202148

0.00108122 0.00202148
0.00108281 0.0020225

0.00108281 0.00202252
0.00108867 0.00202606

0.00108867 0.00202608
0.00109091 0.00202734

0.00109097 0.00202734
0.00109453 0.00202936

0.00109453 0.00202937
0.00110039 0.00203248

0.00110039 0.00203249
0.00110183 0.0020332

0.00110188 0.0020332
0.00110625 0.00203537

0.00110625 0.00203537
0.00111211 0.00203808

0.00111211 0.0020381
0.00111436 0.00203906

0.00111442 0.00203906
0.00111797 0.00204059

0.00111797 0.00204059
0.00112383 0.00204294

0.00112383 0.00204295
0.00112912 0.00204492

0.00112914 0.00204492
0.00112969 0.00204513

0.00112969 0.00204513
0.00113555 0.00204716

0.00113555 0.00204716
0.00114141 0.00204904

0.00114141 0.00204904
0.00114727 0.00205078

0.00114727 0.00205077
0.00114729 0.00205078

0.0011473 0.00205078
0.00115312 0.00205237

0.00115312 0.00205237
0.00115898 0.00205384

0.00115898 0.00205384
0.00116484 0.00205517

0.00116484 0.00205517
0.0011707 0.00205638

0.0011707 0.00205638
0.00117209 0.00205664

0.00117213 0.00205664
0.00117656 0.00205746

0.00117656 0.00205746
0.00118242 0.00205844

0.00118242 0.00205844
0.00118828 0.00205929

0.00118828 0.00205929
0.00119414 0.00206004

0.00119414 0.00206004
0.0012 0.00206067

0.00142484 0
0.00142484 5.85937e-06

0.00142484 5.85938e-06
0.00142484 1.17187e-05

0.00142484 1.17187e-05
0.00142485 1.75781e-05

0.00142485 1.75781e-05
0.00142486 2.34375e-05

0.00142486 2.34375e-05
0.00142487 2.92969e-05

0.00142487 2.92969e-05
0.00142489 3.51562e-05

0.00142489 3.51562e-05
0.00142491 4.10156e-05

0.00142491 4.10156e-05
0.00142493 4.6875e-05

0.00142493 4.6875e-05
0.00142495 5.27344e-05

0.00142495 5.27344e-05
0.00142498 5.85937e-05

0.00142498 5.85937e-05
0.00142501 6.44531e-05

0.00142501 6.44531e-05
0.00142504 7.03125e-05

0.00142504 7.03125e-05
0.00142508 7.61719e-05

0.00142508 7.61719e-05
0.00142512 8.20312e-05

0.00142512 8.20312e-05
0.00142516 8.78906e-05

0.00142516 8.78906e-05
0.00142521 9.375e-05

0.00142521 9.375e-05
0.00142526 9.96094e-05

0.00142526 9.96094e-05
0.00142531 0.000105469

0.00142531 0.000105469
0.00142537 0.000111328

0.00142537 0.000111328
0.00142543 0.000117187

0.00142543 0.000117187
0.0014255 0.000123047

0.0014255 0.000123047
0.00142557 0.000128906

0.00142557 0.000128906
0.00142564 0.000134766

0.00142564 0.000134766
0.00142571 0.000140625

0.00142571 0.000140625
0.00142579 0.000146484

0.00142579 0.000146484
0.00142588 0.000152344

0.00142588 0.000152344
0.00142597 0.000158203

0.00142597 0.000158203
0.00142606 0.000164062

0.00142606 0.000164062
0.00142616 0.000169922

0.00142616 0.000169922
0.00142626 0.000175781

0.00142626 0.000175781
0.00142637 0.000181641

0.00142637 0.000181641
0.00142648 0.0001875

0.00142648 0.0001875
0.00142659 0.000193359

0.00142659 0.000193359
0.00142672 0.000199219

0.00142672 0.000199219
0.00142684 0.000205078

0.00142684 0.000205078
0.00142697 0.000210937

0.00142697 0.000210937
0.00142711 0.000216797

0.00142711 0.000216797
0.00142725 0.000222656

0.00142725 0.000222656
0.0014274 0.000228516

0.0014274 0.000228516
0.00142756 0.000234375

0.00142756 0.000234375
0.00142772 0.000240234

0.00142772 0.000240234
0.00142788 0.000246094

0.00142788 0.000246094
0.00142805 0.000251953

0.00142805 0.000251953
0.00142823 0.000257812

0.00142823 0.000257812
0.00142842 0.000263672

0.00142842 0.000263672
0.00142852 0.000266579

0.00142852 0.000266582
0.00142861 0.000269531

0.00142861 0.000269531
0.00142881 0.000275391

0.00142881 0.000275391
0.00142902 0.00028125

0.00142902 0.00028125
0.00142923 0.000287109

0.00142923 0.000287109
0.00142946 0.000292969

0.00142946 0.000292969
0.00142968 0.000298828

0.00142968 0.000298828
0.00142992 0.000304687

0.00142992 0.000304687
0.00143017 0.000310547

0.00143017 0.000310547
0.00143042 0.000316406

0.00143042 0.000316406
0.00143068 0.000322266

0.00143068 0.000322266
0.00143095 0.000328125

0.00143095 0.000328125
0.00143123 0.000333984

0.00143123 0.000333984
0.00143152 0.000339844

0.00143152 0.000339844
0.00143182 0.000345703

0.00143182 0.000345703
0.00143213 0.000351562

0.00143213 0.000351562
0.00143245 0.000357422

0.00143245 0.000357422
0.00143278 0.000363281

0.00143278 0.000363281
0.00143311 0.000369141

0.00143311 0.000369141
0.00143346 0.000375

0.00143346 0.000375
0.00143382 0.000380859

0.00143382 0.000380859
0.00143419 0.000386719

0.00143419 0.000386719
0.00143437 0.000389534

0.00143438 0.000389537
0.00143457 0.000392578

0.00143457 0.000392578
0.00143497 0.000398437

0.00143497 0.000398437
0.00143537 0.000404297

0.00143537 0.000404297
0.00143578 0.000410156

0.00143578 0.000410156
0.00143621 0.000416016

0.00143621 0.000416016
0.00143665 0.000421875

0.00143665 0.000421875
0.00143711 0.000427734

0.0014371 0.000427734
0.00143757 0.000433594

0.00143757 0.000433594
0.00143805 0.000439453

0.00143805 0.000439453
0.00143854 0.000445312

0.00143854 0.000445312
0.00143905 0.000451172

0.00143905 0.000451172
0.00143957 0.000457031

0.00143957 0.000457031
0.0014401 0.000462891

0.0014401 0.000462891
0.00144023 0.00046431

0.00144023 0.000464313
0.00144065 0.00046875

0.00144065 0.00046875
0.00144121 0.000474609

0.00144121 0.000474609
0.00144179 0.000480469

0.00144179 0.000480469
0.00144238 0.000486328

0.00144238 0.000486328
0.00144299 0.000492187

0.00144299 0.000492187
0.00144361 0.000498047

0.00144361 0.000498047
0.00144425 0.000503906

0.00144424 0.000503906
0.0014449 0.000509766

0.0014449 0.000509766
0.00144557 0.000515625

0.00144557 0.000515625
0.00144609 0.00052006

0.00144609 0.000520062
0.00144626 0.000521484

0.00144626 0.000521484
0.00144696 0.000527344

0.00144696 0.000527344
0.00144768 0.000533203

0.00144768 0.000533203
0.00144842 0.000539062

0.00144842 0.000539062
0.00144917 0.000544922

0.00144917 0.000544922
0.00144994 0.000550781

0.00144994 0.000550781
0.00145073 0.000556641

0.00145073 0.000556641
0.00145155 0.0005625

0.00145155 0.0005625
0.00145195 0.00056536

0.00145195 0.000565362
0.00145238 0.000568359

0.00145238 0.000568359
0.00145322 0.000574219

0.00145322 0.000574219
0.00145408 0.000580078

0.00145408 0.000580078
0.00145496 0.000585937

0.00145496 0.000585937
0.00145586 0.000591797

0.00145586 0.000591797
0.00145678 0.000597656

0.00145678 0.000597656
0.00145773 0.000603516

0.00145773 0.000603516
0.00145781 0.000604012

0.00145781 0.000604013
0.00145869 0.000609375

0.00145869 0.000609375
0.00145966 0.000615234

0.00145966 0.000615234
0.00146066 0.000621094

0.00146066 0.000621094
0.00146168 0.000626953

0.00146168 0.000626953
0.00146272 0.000632812

0.00146273 0.000632812
0.00146367 0.000638007

0.00146367 0.000638007
0.00146379 0.000638672

0.00146379 0.000638672
0.00146487 0.000644531

0.00146487 0.000644531
0.00146596 0.000650391

0.00146596 0.000650391
0.00146708 0.00065625

0.00146708 0.00065625
0.00146823 0.000662109

0.00146824 0.000662109
0.00146941 0.000667969

0.00146941 0.000667969
0.00146953 0.000668586

0.00146953 0.000668587
0.00147059 0.000673828

0.00147059 0.000673828
0.00147179 0.000679687

0.00147178 0.000679687
0.00147301 0.000685547

0.00147301 0.000685547
0.00147427 0.000691406

0.00147427 0.000691406
0.00147539 0.000696541

0.00147539 0.00069654
0.00147555 0.000697266

0.00147554 0.000697266
0.00147683 0.000703125

0.00147683 0.000703125
0.00147814 0.000708984

0.00147814 0.000708984
0.00147948 0.000714844

0.00147948 0.000714844
0.00148084 0.000720703

0.00148085 0.000720703
0.00148125 0.000722427

0.00148125 0.000722428
0.00148222 0.000726562

0.00148221 0.000726562
0.00148361 0.000732422

0.00148361 0.000732422
0.00148503 0.000738281

0.00148504 0.000738281
0.00148649 0.000744141

0.00148649 0.000744141
0.00148711 0.000746619

0.00148711 0.00074662
0.00148795 0.00075

0.00148795 0.00075
0.00148943 0.000755859

0.00148942 0.000755859
0.00149094 0.000761719

0.00149094 0.000761719
0.00149248 0.000767578

0.00149248 0.000767578
0.00149297 0.000769425

0.00149297 0.000769427
0.00149403 0.000773437

0.00149402 0.000773437
0.00149559 0.000779297

0.00149559 0.000779297
0.00149719 0.000785156

0.0014972 0.000785156
0.00149882 0.000791016

0.00149881 0.000791016
0.00149883 0.000791066

0.00149883 0.000791078
0.00150044 0.000796875

0.00150044 0.000796875
0.00150209 0.000802734

0.0015021 0.000802734
0.00150378 0.000808594

0.00150379 0.000808594
0.00150469 0.000811689

0.00150469 0.00081169
0.00150549 0.000814453

0.00150548 0.000814453
0.00150719 0.000820312

0.00150719 0.000820312
0.00150894 0.000826172

0.00150895 0.000826172
0.00151055 0.000831474

0.00151055 0.000831474
0.00151071 0.000832031

0.00151071 0.000832031
0.00151248 0.000837891

0.00151248 0.000837891
0.00151428 0.00084375

0.00151429 0.00084375
0.00151612 0.000849609

0.00151612 0.000849609
0.00151641 0.000850531

0.00151641 0.00085054
0.00151795 0.000855469

0.00151795 0.000855469
0.00151981 0.000861328

0.00151981 0.000861328
0.0015217 0.000867187

0.0015217 0.000867187
0.00152227 0.000868927

0.00152227 0.000868934
0.0015236 0.000873047

0.00152359 0.000873047
0.00152551 0.000878906

0.00152551 0.000878906
0.00152746 0.000884766

0.00152746 0.000884766
0.00152812 0.000886761

0.00152812 0.000886769
0.00152941 0.000890625

0.0015294 0.000890625
0.00153137 0.000896484

0.00153138 0.000896484
0.00153338 0.000902344

0.00153338 0.000902344
0.00153398 0.000904104

0.00153398 0.000904113
0.00153538 0.000908203

0.00153538 0.000908203
0.0015374 0.000914062

0.00153741 0.000914062
0.00153946 0.000919922

0.00153946 0.000919922
0.00153984 0.000921013

0.00153984 0.000921027
0.00154151 0.000925781

0.00154151 0.000925781
0.00154359 0.000931641

0.0015436 0.000931641
0.00154569 0.0009375

0.00154569 0.0009375
0.0015457 0.000937532

0.0015457 0.000937555
0.00154778 0.000943359

0.00154778 0.000943359
0.00154992 0.000949219

0.00154993 0.000949219
0.00155156 0.000953695

0.00155156 0.000953697
0.00155207 0.000955078

0.00155205 0.000955078
0.0015542 0.000960937

0.0015542 0.000960937
0.00155638 0.000966797

0.00155639 0.000966797
0.00155742 0.000969581

0.00155742 0.000969589
0.00155856 0.000972656

0.00155855 0.000972656
0.00156074 0.000978516

0.00156076 0.000978516
0.00156297 0.000984375

0.00156297 0.000984375
0.00156328 0.00098521

0.00156328 0.000985231
0.00156517 0.000990234

0.00156517 0.000990234
0.00156741 0.000996094

0.00156742 0.000996094
0.00156914 0.00100058

0.00156914 0.00100058
0.00156966 0.00100195

0.00156965 0.00100195
0.0015719 0.00100781

0.0015719 0.00100781
0.00157418 0.00101367

0.00157418 0.00101367
0.001575 0.00101578

0.001575 0.0010158
0.00157645 0.00101953

0.00157644 0.00101953
0.00157872 0.00102539

0.00157874 0.00102539
0.00158086 0.0010308

0.00158086 0.0010308
0.00158103 0.00103125

0.00158102 0.00103125
0.00158331 0.00103711

0.00158332 0.00103711
0.00158564 0.00104297

0.00158565 0.00104297
0.00158672 0.00104569

0.00158672 0.0010457
0.00158795 0.00104883

0.00158794 0.00104883
0.00159027 0.00105469

0.00159028 0.00105469
0.00159258 0.00106046

0.00159258 0.00106046
0.00159261 0.00106055

0.0015926 0.00106055
0.00159493 0.00106641

0.00159493 0.00106641
0.00159728 0.00107227

0.00159729 0.00107227
0.00159844 0.00107514

0.00159844 0.00107515
0.00159963 0.00107812

0.00159961 0.00107812
0.00160196 0.00108398

0.00160198 0.00108398
0.0016043 0.00108976

0.0016043 0.00108976
0.00160433 0.00108984

0.00160431 0.00108984
0.00160666 0.0010957

0.00160667 0.0010957
0.00160903 0.00110156

0.00160904 0.00110156
0.00161016 0.00110434

0.00161016 0.00110435
0.00161139 0.00110742

0.00161137 0.00110742
0.00161373 0.00111328

0.00161375 0.00111328
0.00161602 0.00111891

0.00161602 0.00111891
0.00161611 0.00111914

0.00161609 0.00111914
0.00161844 0.001125

0.00161844 0.001125
0.00162081 0.00113086

0.00162082 0.00113086
0.00162187 0.0011335

0.00162187 0.00113351
0.00162316 0.00113672

0.00162314 0.00113672
0.00162549 0.00114258

0.00162552 0.00114258
0.00162773 0.00114812

0.00162773 0.00114812
0.00162786 0.00114844

0.00162784 0.00114844
0.00163017 0.0011543

0.00163018 0.0011543
0.00163253 0.00116016

0.00163254 0.00116016
0.00163359 0.00116281

0.00163359 0.00116283
0.00163486 0.00116602

0.00163484 0.00116602
0.00163716 0.00117187

0.00163719 0.00117187
0.00163945 0.00117761

0.00163945 0.00117761
0.0016395 0.00117773

0.00163948 0.00117773
0.00164178 0.00118359

0.00164178 0.00118359
0.00164409 0.00118945

0.00164411 0.00118945
0.00164531 0.00119254

0.00164531 0.00119255
0.00164639 0.00119531

0.00164637 0.00119531
0.00164864 0.00120117

0.00164866 0.00120117
0.00165093 0.00120703

0.00165093 0.00120703
0.00165117 0.00120766

0.00165117 0.0012077
0.00165316 0.00121289

0.00165315 0.00121289
0.0016554 0.00121875

0.00165543 0.00121875
0.00165703 0.00122297

0.00165703 0.00122298
0.00165765 0.00122461

0.00165762 0.00122461
0.00165982 0.00123047

0.00165983 0.00123047
0.00166204 0.00123633

0.00166205 0.00123633
0.00166289 0.0012386

0.00166289 0.00123862
0.00166421 0.00124219

0.00166419 0.00124219
0.00166635 0.00124805

0.00166637 0.00124805
0.00166851 0.00125391

0.00166851 0.00125391
0.00166875 0.00125456

0.00166875 0.0012546
0.00167061 0.00125977

0.0016706 0.00125977
0.00167271 0.00126562

0.00167274 0.00126563
0.00167461 0.00127091

0.00167461 0.00127091
0.00167481 0.00127148

0.00167479 0.00127148
0.00167682 0.00127734

0.00167682 0.00127734
0.00167886 0.0012832

0.0016789 0.0012832
0.00168047 0.0012878

0.00168047 0.00128781
0.0016809 0.00128906

0.00168087 0.00128906
0.00168282 0.00129492

0.00168282 0.00129492
0.00168479 0.00130078

0.00168483 0.00130078
0.00168633 0.00130536

0.00168633 0.00130536
0.00168675 0.00130664

0.00168672 0.00130664
0.00168858 0.0013125

0.00168858 0.0013125
0.00169046 0.00131836

0.0016905 0.00131836
0.00169219 0.00132376

0.00169219 0.00132375
0.00169233 0.00132422

0.00169231 0.00132422
0.00169408 0.00133008

0.00169407 0.00133008
0.00169584 0.00133594

0.00169586 0.00133594
0.00169761 0.0013418

0.00169762 0.0013418
0.00169805 0.00134329

0.00169805 0.00134329
0.0016993 0.00134766

0.00169928 0.00134766
0.00170091 0.00135352

0.00170091 0.00135352
0.00170256 0.00135937

0.00170259 0.00135937
0.00170391 0.00136421

0.00170391 0.0013642
0.00170419 0.00136523

0.00170416 0.00136523
0.00170568 0.00137109

0.00170567 0.00137109
0.00170716 0.00137695

0.00170715 0.00137695
0.00170864 0.00138281

0.00170867 0.00138281
0.00170977 0.00138731

0.00170977 0.0013873
0.0017101 0.00138867

0.00171008 0.00138867
0.00171143 0.00139453

0.00171143 0.00139453
0.00171273 0.00140039

0.00171273 0.00140039
0.00171401 0.00140625

0.00171402 0.00140625
0.00171528 0.00141211

0.00171529 0.00141211
0.00171562 0.00141377

0.00171562 0.00141376
0.00171648 0.00141797

0.00171647 0.00141797
0.00171759 0.00142383

0.00171758 0.00142383
0.00171866 0.00142969

0.00171866 0.00142969
0.00171969 0.00143555

0.00171969 0.00143555
0.00172068 0.00144141

0.00172069 0.00144141
0.00172148 0.00144634

0.00172148 0.00144634
0.00172163 0.00144727

0.00172163 0.00144727
0.0017225 0.00145312

0.0017225 0.00145312
0.00172331 0.00145898

0.00172331 0.00145898
0.00172407 0.00146484

0.00172407 0.00146484
0.00172478 0.0014707

0.00172478 0.0014707
0.00172543 0.00147656

0.00172543 0.00147656
0.00172603 0.00148242

0.00172603 0.00148242
0.00172656 0.00148828

0.00172656 0.00148828
0.00172703 0.00149414

0.00172704 0.00149414
0.00172734 0.00149849

0.00172734 0.00149849
0.00172745 0.0015

0.0012 0.00206067
0.00120586 0.0020612

0.00120586 0.0020612
0.00121172 0.00206162

0.00121172 0.00206162
0.00121758 0.00206194

0.00121758 0.00206194
0.00122344 0.00206215

0.00122344 0.00206215
0.0012293 0.00206227

0.0012293 0.00206227
0.00123516 0.00206229

0.00123516 0.00206229
0.00124102 0.00206221

0.00124102 0.00206221
0.00124687 0.00206203

0.00124687 0.00206203
0.00125273 0.00206176

0.00125273 0.00206176
0.00125859 0.0020614

0.00125859 0.0020614
0.00126445 0.00206094

0.00126445 0.00206094
0.00127031 0.00206039

0.00127031 0.00206039
0.00127617 0.00205975

0.00127617 0.00205975
0.00128203 0.00205901

0.00128203 0.00205901
0.00128789 0.00205819

0.00128789 0.00205819
0.00129375 0.00205728

0.00129961 0.00205627
0.00129747 0.00205664

0.00129375 0.00205728
0.00129751 0.00205664

0.00129961 0.00205628
0.00130547 0.00205518

0.00130547 0.00205518
0.00131133 0.002054

0.00131133 0.002054
0.00131719 0.00205273

0.00132891 0.00204993
0.00132544 0.00205078

0.00131719 0.00205273
0.00132305 0.00205137

0.00132305 0.00205138
0.00132547 0.00205078

0.00132891 0.00204993
0.00133477 0.00204839

0.00133477 0.00204839
0.00134062 0.00204677

0.00134063 0.00204677
0.00134648 0.00204506

0.00135234 0.00204326
0.00134692 0.00204492

0.00134648 0.00204506
0.00134693 0.00204492

0.00135234 0.00204325
0.0013582 0.00204137

0.0013582 0.00204137
0.00136406 0.00203939

0.00136992 0.00203732
0.00136499 0.00203906

0.00136992 0.00203732
0.00137578 0.00203517

0.00138164 0.00203291
0.00138087 0.0020332

0.00137578 0.00203517
0.00138093 0.0020332

0.00138164 0.00203292
0.0013875 0.00203059

0.00136406 0.0020394
0.00136501 0.00203906

0.00142266 0.00201467
0.00142071 0.00201563

0.00142266 0.00201468
0.00142852 0.0020117

0.00143437 0.00200863
0.0014322 0.00200977

0.00142852 0.00201171
0.00143224 0.00200977

0.00139922 0.00202565
0.00139527 0.00202734

0.0013875 0.00203059
0.00139336 0.00202816

0.00139336 0.00202817
0.00139529 0.00202734

0.00139922 0.00202565
0.00140508 0.00202304

0.00141094 0.00202034
0.00140845 0.00202148

0.00140508 0.00202305
0.00140848 0.00202148

0.00141094 0.00202035
0.0014168 0.00201756

0.0014168 0.00201757
0.00142075 0.00201562

0.00144609 0.00200221
0.00144304 0.00200391

0.00143438 0.00200864
0.00144023 0.00200547

0.00144023 0.00200548
0.00144307 0.00200391

0.00144609 0.00200222
0.00145195 0.00199886

0.00145781 0.0019954
0.00145333 0.00199805

0.00145195 0.00199887
0.00145335 0.00199805

0.00146367 0.00199183
0.00146308 0.00199219

0.00146367 0.00199185
0.00146953 0.00198819

0.00147539 0.00198443
0.00147243 0.00198633

0.00146953 0.00198821
0.00147247 0.00198633

0.00147539 0.00198445
0.00148125 0.00198059

0.00145781 0.00199542
0.00146313 0.00199219

0.00149883 0.00196831
0.00149821 0.00196875

0.00149883 0.00196834
0.00150469 0.00196403

0.00151641 0.00195507
0.00151384 0.00195703

0.00151055 0.00195961
0.0015062 0.00196289

0.00150469 0.00196404
0.00150624 0.00196289

0.00151055 0.00195962
0.00151391 0.00195703

0.00152227 0.00195038
0.00152127 0.00195117

0.00151641 0.00195509
0.00152133 0.00195117

0.00152227 0.00195042
0.00152812 0.00194562

0.00155742 0.00191958
0.00155498 0.00192187

0.00156328 0.00191393
0.00156114 0.00191602

0.00155742 0.0019196
0.00156118 0.00191602

0.00156914 0.00190813
0.00156711 0.00191016

0.001575 0.00190216
0.00157292 0.0019043

0.00156914 0.00190816
0.00157293 0.0019043

0.00156328 0.00191396
0.00156714 0.00191016

0.00153398 0.00194069
0.00152849 0.00194531

0.00153984 0.00193563
0.00153542 0.00193945

0.00153398 0.0019407
0.00153544 0.00193945

0.0015457 0.00193044
0.00154212 0.00193359

0.00155156 0.00192508
0.00154865 0.00192773

0.0015457 0.00193044
0.00154871 0.00192773

0.00153984 0.00193563
0.00154218 0.00193359

0.00152812 0.00194562
0.0015285 0.00194531

0.00155156 0.00192509
0.00155504 0.00192187

0.00148711 0.0019766
0.00148141 0.00198047

0.00149297 0.00197252
0.00148997 0.00197461

0.00148711 0.00197662
0.00149 0.00197461

0.00148125 0.00198059
0.00148143 0.00198047

0.00149297 0.00197255
0.00149828 0.00196875

0.00172745 0.0015
0.0017278 0.00150586

0.0017278 0.00150586
0.00172809 0.00151172

0.00172809 0.00151172
0.00172832 0.00151758

0.00172832 0.00151758
0.00172848 0.00152344

0.00172848 0.00152344
0.00172858 0.0015293

0.00172858 0.0015293
0.00172862 0.00153516

0.00172862 0.00153516
0.00172859 0.00154102

0.00172859 0.00154102
0.0017285 0.00154687

0.0017285 0.00154687
0.00172834 0.00155273

0.00172834 0.00155273
0.00172811 0.00155859

0.00172811 0.00155859
0.00172781 0.00156445

0.00172781 0.00156445
0.00172745 0.00157031

0.00172734 0.00157173
0.00172702 0.00157617

0.00172702 0.00157617
0.00172652 0.00158203

0.00172652 0.00158203
0.00172595 0.00158789

0.00172595 0.00158789
0.00172531 0.00159375

0.00172734 0.00157173
0.00172745 0.00157031

0.00171562 0.00164928
0.00171491 0.00165234

0.00171492 0.00165234
0.00171349 0.0016582

0.0017135 0.0016582
0.00171198 0.00166406

0.00170977 0.00167194
0.00170866 0.00167578

0.00171198 0.00166406
0.00171036 0.00166992

0.00170977 0.00167195
0.00171035 0.00166992

0.00170868 0.00167578
0.00170694 0.00168164

0.00170694 0.00168164
0.00170511 0.0016875

0.00172531 0.00159375
0.0017246 0.00159961

0.0017246 0.00159961
0.00172381 0.00160547

0.00172381 0.00160547
0.00172296 0.00161133

0.00172296 0.00161133
0.00172202 0.00161719

0.00172148 0.00162033
0.00172102 0.00162305

0.00172103 0.00162305
0.00171997 0.00162891

0.00172148 0.00162033
0.00172202 0.00161719

0.00171997 0.00162891
0.00171883 0.00163477

0.00171883 0.00163477
0.0017176 0.00164062

0.0017176 0.00164062
0.00171629 0.00164648

0.00171562 0.00164929
0.00171628 0.00164648

0.00166875 0.0017735
0.00166775 0.00177539

0.00166776 0.00177539
0.00166458 0.00178125

0.00162187 0.0018472
0.00161858 0.00185156

0.00161016 0.00186229
0.00160937 0.00186328

0.0016043 0.00186947
0.00159965 0.001875

0.00160937 0.00186328
0.00160458 0.00186914

0.0016043 0.00186948
0.00160458 0.00186914

0.00161602 0.00185485
0.00161405 0.00185742

0.00161016 0.00186229
0.00161404 0.00185742

0.00161602 0.00185488
0.00161857 0.00185156

0.00164531 0.0018135
0.00164344 0.00181641

0.00163945 0.00182245
0.0016356 0.00182812

0.00164345 0.00181641
0.00163958 0.00182227

0.00163945 0.00182245
0.00163957 0.00182227

0.00165117 0.0018042
0.00165088 0.00180469

0.00165703 0.00179447
0.00165445 0.00179883

0.00165117 0.00180422
0.00165445 0.00179883

0.00166289 0.00178425
0.00166129 0.00178711

0.0016613 0.00178711
0.00165792 0.00179297

0.00166289 0.00178427
0.00166458 0.00178125

0.00165703 0.00179448
0.00165792 0.00179297

0.00165089 0.00180469
0.00164722 0.00181055

0.00164531 0.00181351
0.00164722 0.00181055

0.00162773 0.00183925
0.00162731 0.00183984

0.00163359 0.00183099
0.00163151 0.00183398

0.00162773 0.00183926
0.00163151 0.00183398

0.00162732 0.00183984
0.001623 0.0018457

0.00162187 0.00184722
0.001623 0.0018457

0.00163359 0.00183101
0.0016356 0.00182812

0.00169219 0.00172323
0.00169002 0.00172852

0.00169003 0.00172852
0.00168755 0.00173437

0.00170391 0.00169112
0.00170317 0.00169336

0.00170318 0.00169336
0.00170119 0.00169922

0.00169805 0.001708
0.00169696 0.00171094

0.0017012 0.00169922
0.00169913 0.00170508

0.00169805 0.00170802
0.00169913 0.00170508

0.00170391 0.00169115
0.0017051 0.0016875

0.00169697 0.00171094
0.00169474 0.0017168

0.00169475 0.0017168
0.00169243 0.00172266

0.00169219 0.00172323
0.00169242 0.00172266

0.00168047 0.00175006
0.00167959 0.00175195

0.00167959 0.00175195
0.00167677 0.00175781

0.00168633 0.00173715
0.00168498 0.00174023

0.00168498 0.00174023
0.00168233 0.00174609

0.00168633 0.00173717
0.00168755 0.00173437

0.00168047 0.00175009
0.00168234 0.00174609

0.00167461 0.00176214
0.00167385 0.00176367

0.00167386 0.00176367
0.00167085 0.00176953

0.00167461 0.00176216
0.00167677 0.00175781

0.00166875 0.00177352
0.00167086 0.00176953

0.00158086 0.00189601
0.00157857 0.00189844

0.00158672 0.00188966
0.00158407 0.00189258

0.00158086 0.00189603
0.00158405 0.00189258

0.00159258 0.00188312
0.00158942 0.00188672

0.00159844 0.00187641
0.0015946 0.00188086

0.00159258 0.00188315
0.00159458 0.00188086

0.00158672 0.00188969
0.00158938 0.00188672

0.001575 0.00190218
0.00157857 0.00189844

0.00159844 0.00187642
0.00159965 0.001875

