0.00184296 0
0.00184296 5.85937e-06

0.00184296 5.85938e-06
0.00184296 1.17187e-05

0.00184296 1.17187e-05
0.00184297 1.75781e-05

0.00184297 1.75781e-05
0.00184299 2.34375e-05

0.00184299 2.34375e-05
0.00184301 2.92969e-05

0.00184301 2.92969e-05
0.00184304 3.51562e-05

0.00184304 3.51562e-05
0.00184306 4.10156e-05

0.00184306 4.10156e-05
0.0018431 4.6875e-05

0.0018431 4.6875e-05
0.00184313 5.27344e-05

0.00184313 5.27344e-05
0.00184318 5.85937e-05

0.00184318 5.85937e-05
0.00184322 6.44531e-05

0.00184322 6.44531e-05
0.00184327 7.03125e-05

0.00184327 7.03125e-05
0.00184333 7.61719e-05

0.00184333 7.61719e-05
0.00184339 8.20312e-05

0.00184339 8.20312e-05
0.00184345 8.78906e-05

0.00184345 8.78906e-05
0.00184352 9.375e-05

0.00184352 9.375e-05
0.00184359 9.96094e-05

0.00184359 9.96094e-05
0.00184366 0.000105469

0.00184366 0.000105469
0.00184374 0.000111328

0.00184374 0.000111328
0.00184382 0.000117187

0.00184382 0.000117187
0.00184391 0.000123047

0.00184391 0.000123047
0.001844 0.000128906

0.001844 0.000128906
0.00184409 0.000134766

0.00184409 0.000134766
0.00184419 0.000140625

0.00184419 0.000140625
0.00184429 0.000146484

0.00184429 0.000146484
0.00184439 0.000152344

0.00184439 0.000152344
0.0018445 0.000158203

0.0018445 0.000158203
0.00184453 0.000159972

0.00184453 0.000159971
0.00184461 0.000164062

0.00184461 0.000164062
0.00184472 0.000169922

0.00184472 0.000169922
0.00184484 0.000175781

0.00184484 0.000175781
0.00184495 0.000181641

0.00184495 0.000181641
0.00184508 0.0001875

0.00184508 0.0001875
0.0018452 0.000193359

0.0018452 0.000193359
0.00184533 0.000199219

0.00184533 0.000199219
0.00184545 0.000205078

0.00184545 0.000205078
0.00184559 0.000210937

0.00184559 0.000210937
0.00184572 0.000216797

0.00184572 0.000216797
0.00184585 0.000222656

0.00184585 0.000222656
0.00184599 0.000228516

0.00184599 0.000228516
0.00184613 0.000234375

0.00184613 0.000234375
0.00184627 0.000240234

0.00184627 0.000240234
0.00184641 0.000246094

0.00184641 0.000246094
0.00184655 0.000251953

0.00184655 0.000251953
0.00184669 0.000257812

0.00184669 0.000257812
0.00184684 0.000263672

0.00184684 0.000263672
0.00184698 0.000269531

0.00184698 0.000269531
0.00184713 0.000275391

0.00184713 0.000275391
0.00184727 0.00028125

0.00184727 0.00028125
0.00184742 0.000287109

0.00184742 0.000287109
0.00184757 0.000292969

0.00184757 0.000292969
0.00184771 0.000298828

0.00184771 0.000298828
0.00184786 0.000304687

0.00184786 0.000304687
0.001848 0.000310547

0.001848 0.000310547
0.00184815 0.000316406

0.00184815 0.000316406
0.00184829 0.000322266

0.00184829 0.000322266
0.00184843 0.000328125

0.00184843 0.000328125
0.00184857 0.000333984

0.00184857 0.000333984
0.00184871 0.000339844

0.00184871 0.000339844
0.00184885 0.000345703

0.00184885 0.000345703
0.00184898 0.000351562

0.00184898 0.000351562
0.00184911 0.000357422

0.00184911 0.000357422
0.00184924 0.000363281

0.00184924 0.000363281
0.00184937 0.000369141

0.00184937 0.000369141
0.0018495 0.000375

0.0018495 0.000375
0.00184962 0.000380859

0.00184962 0.000380859
0.00184973 0.000386719

0.00184973 0.000386719
0.00184985 0.000392578

0.00184985 0.000392578
0.00184996 0.000398437

0.00184996 0.000398437
0.00185006 0.000404297

0.00185006 0.000404297
0.00185017 0.000410156

0.00185017 0.000410156
0.00185026 0.000416016

0.00185026 0.000416016
0.00185036 0.000421875

0.00185036 0.000421875
0.00185039 0.000424282

0.00185039 0.000424279
0.00185044 0.000427734

0.00185044 0.000427734
0.00185052 0.000433594

0.00185052 0.000433594
0.0018506 0.000439453

0.0018506 0.000439453
0.00185067 0.000445312

0.00185067 0.000445312
0.00185073 0.000451172

0.00185073 0.000451172
0.00185079 0.000457031

0.00185079 0.000457031
0.00185084 0.000462891

0.00185084 0.000462891
0.00185088 0.00046875

0.00185088 0.00046875
0.00185091 0.000474609

0.00185091 0.000474609
0.00185094 0.000480469

0.00185094 0.000480469
0.00185096 0.000486328

0.00185096 0.000486328
0.00185097 0.000492187

0.00185097 0.000492187
0.00185097 0.000498047

0.00185097 0.000498047
0.00185097 0.000503906

0.00185097 0.000503906
0.00185095 0.000509766

0.00185095 0.000509766
0.00185092 0.000515625

0.00185092 0.000515625
0.00185089 0.000521484

0.00185089 0.000521484
0.00185084 0.000527344

0.00185084 0.000527344
0.00185079 0.000533203

0.00185079 0.000533203
0.00185072 0.000539062

0.00185072 0.000539062
0.00185064 0.000544922

0.00185064 0.000544922
0.00185055 0.000550781

0.00185039 0.000559823
0.00185034 0.0005625

0.00185055 0.000550781
0.00185045 0.000556641

0.00185039 0.000559818
0.00185045 0.000556641

0.00185034 0.0005625
0.00185021 0.000568359

0.00185021 0.000568359
0.00185008 0.000574219

0.00185008 0.000574219
0.00184992 0.000580078

0.00184992 0.000580078
0.00184976 0.000585937

0.00184976 0.000585937
0.00184958 0.000591797

0.00184958 0.000591797
0.00184939 0.000597656

0.00184939 0.000597656
0.00184918 0.000603516

0.00184918 0.000603516
0.00184896 0.000609375

0.00184896 0.000609375
0.00184873 0.000615234

0.00184873 0.000615234
0.00184848 0.000621094

0.00184848 0.000621094
0.00184821 0.000626953

0.00184821 0.000626953
0.00184793 0.000632812

0.00184793 0.000632812
0.00184763 0.000638672

0.00184763 0.000638672
0.00184732 0.000644531

0.00184732 0.000644531
0.00184699 0.000650391

0.00184699 0.000650391
0.00184664 0.00065625

0.00184664 0.00065625
0.00184628 0.000662109

0.00184628 0.000662109
0.0018459 0.000667969

0.0018459 0.000667969
0.0018455 0.000673828

0.0018455 0.000673828
0.00184508 0.000679687

0.00184453 0.000687024
0.00184419 0.000691406

0.00184419 0.000691406
0.00184372 0.000697266

0.00184372 0.000697266
0.00184323 0.000703125

0.00184508 0.000679687
0.00184465 0.000685547

0.00184453 0.000687023
0.00184465 0.000685547

0.00184323 0.000703125
0.00184272 0.000708984

0.00184272 0.000708984
0.00184219 0.000714844

0.00184219 0.000714844
0.00184163 0.000720703

0.00184164 0.000720703
0.00184106 0.000726562

0.00184106 0.000726562
0.00184047 0.000732422

0.00184047 0.000732422
0.00183986 0.000738281

0.00183867 0.000749192
0.00183858 0.00075

0.00183986 0.000738281
0.00183923 0.000744141

0.00183867 0.00074919
0.00183923 0.000744141

0.0017625 0.00108921
0.00176229 0.00108984

0.00176229 0.00108984
0.00176034 0.0010957

0.00176033 0.0010957
0.00175836 0.00110156

0.00175078 0.00112364
0.00175031 0.001125

0.00175664 0.00110665
0.00175638 0.00110742

0.00175638 0.00110742
0.00175437 0.00111328

0.00175664 0.00110665
0.00175836 0.00110156

0.00175437 0.00111328
0.00175234 0.00111914

0.00175078 0.00112364
0.00175235 0.00111914

0.00183281 0.000795333
0.0018326 0.000796875

0.00183858 0.00075
0.00183791 0.000755859

0.00183791 0.000755859
0.00183721 0.000761719

0.00183721 0.000761719
0.0018365 0.000767578

0.0018365 0.000767578
0.00183576 0.000773437

0.00183576 0.000773437
0.001835 0.000779297

0.001835 0.000779297
0.00183422 0.000785156

0.00183422 0.000785156
0.00183342 0.000791016

0.00183281 0.000795331
0.00183342 0.000791016

0.0018326 0.000796875
0.00183175 0.000802734

0.00183175 0.000802734
0.00183088 0.000808594

0.00183088 0.000808594
0.00182998 0.000814453

0.00182998 0.000814453
0.00182907 0.000820312

0.00182907 0.000820312
0.00182813 0.000826172

0.00182813 0.000826172
0.00182717 0.000832031

0.00182695 0.000833343
0.00182619 0.000837891

0.00182619 0.000837891
0.00182518 0.00084375

0.00182695 0.000833342
0.00182717 0.000832031

0.00180937 0.00092257
0.00180864 0.000925781

0.00180864 0.000925781
0.00180729 0.000931641

0.00180729 0.000931641
0.00180591 0.0009375

0.00182109 0.00086629
0.00182093 0.000867187

0.00182518 0.00084375
0.00182415 0.000849609

0.00182415 0.000849609
0.0018231 0.000855469

0.0018231 0.000855469
0.00182202 0.000861328

0.00182109 0.000866287
0.00182202 0.000861328

0.00182092 0.000867187
0.0018198 0.000873047

0.0018198 0.000873047
0.00181865 0.000878906

0.00181865 0.000878906
0.00181748 0.000884766

0.00181748 0.000884766
0.00181629 0.000890625

0.00181523 0.000895728
0.00181508 0.000896484

0.00181508 0.000896484
0.00181384 0.000902344

0.00181523 0.000895725
0.00181629 0.000890625

0.00181384 0.000902344
0.00181257 0.000908203

0.00181257 0.000908203
0.00181128 0.000914062

0.00181129 0.000914062
0.00180998 0.000919922

0.00180937 0.000922568
0.00180998 0.000919922

0.00180352 0.000947426
0.00180308 0.000949219

0.0018059 0.0009375
0.0018045 0.000943359

0.00180352 0.000947424
0.0018045 0.000943359

0.00180308 0.000949219
0.00180163 0.000955078

0.00180163 0.000955078
0.00180016 0.000960937

0.00179766 0.000970689
0.00179715 0.000972656

0.00179715 0.000972656
0.00179561 0.000978516

0.0017956 0.000978516
0.00179404 0.000984375

0.00180016 0.000960937
0.00179866 0.000966797

0.00179766 0.000970687
0.00179866 0.000966797

0.00178594 0.00101355
0.0017859 0.00101367

0.0017859 0.00101367
0.00178421 0.00101953

0.00178421 0.00101953
0.00178249 0.00102539

0.00178249 0.00102539
0.00178076 0.00103125

0.0017918 0.000992654
0.00179085 0.000996094

0.00179404 0.000984375
0.00179246 0.000990234

0.0017918 0.000992653
0.00179246 0.000990234

0.00179085 0.000996094
0.00178922 0.00100195

0.00178922 0.00100195
0.00178757 0.00100781

0.00178594 0.00101355
0.00178757 0.00100781

0.00177422 0.00105272
0.00177361 0.00105469

0.00178008 0.00103352
0.001779 0.00103711

0.001779 0.00103711
0.00177722 0.00104297

0.00178008 0.00103352
0.00178076 0.00103125

0.00177722 0.00104297
0.00177542 0.00104883

0.00177422 0.00105272
0.00177543 0.00104883

0.00177361 0.00105469
0.00177177 0.00106055

0.00177177 0.00106055
0.00176991 0.00106641

0.00176836 0.00107126
0.00176804 0.00107227

0.00176804 0.00107227
0.00176614 0.00107812

0.00176836 0.00107126
0.00176991 0.00106641

0.00176614 0.00107812
0.00176422 0.00108398

0.0017625 0.00108921
0.00176422 0.00108398

0.00173906 0.00115649
0.00173773 0.00116016

0.00173772 0.00116016
0.00173557 0.00116602

0.00173557 0.00116602
0.00173341 0.00117187

0.00175031 0.001125
0.00174825 0.00113086

0.00174825 0.00113086
0.00174617 0.00113672

0.00174492 0.00114024
0.00174409 0.00114258

0.00174409 0.00114258
0.00174198 0.00114844

0.00174492 0.00114024
0.00174618 0.00113672

0.00174198 0.00114844
0.00173986 0.0011543

0.00173906 0.00115649
0.00173986 0.0011543

0.00172734 0.0011881
0.00172684 0.00118945

0.00172684 0.00118945
0.00172462 0.00119531

0.0017332 0.00117244
0.00173123 0.00117773

0.00173123 0.00117773
0.00172904 0.00118359

0.0017332 0.00117243
0.00173341 0.00117187

0.00172734 0.0011881
0.00172904 0.00118359

0.00172148 0.00120353
0.00172015 0.00120703

0.00172461 0.00119531
0.00172238 0.00120117

0.00172148 0.00120353
0.00172239 0.00120117

0.00172014 0.00120703
0.00171789 0.00121289

0.00171562 0.00121874
0.00171789 0.00121289

0.00171562 0.00121875
0.00171335 0.00122461

0.00171334 0.00122461
0.00171106 0.00123047

0.00170977 0.00123378
0.00170877 0.00123633

0.00170876 0.00123633
0.00170646 0.00124219

0.00170977 0.00123377
0.00171106 0.00123047

0.00170391 0.00124865
0.00170182 0.00125391

0.00169805 0.00126337
0.00169715 0.00126562

0.00170181 0.00125391
0.00169948 0.00125977

0.00169805 0.00126336
0.00169948 0.00125977

0.00170645 0.00124219
0.00170414 0.00124805

0.00170391 0.00124864
0.00170414 0.00124805

0.00169219 0.00127797
0.00169008 0.0012832

0.00169007 0.0012832
0.0016877 0.00128906

0.00168047 0.0013069
0.00167818 0.0013125

0.00168633 0.00129248
0.00168534 0.00129492

0.00168533 0.00129492
0.00168295 0.00130078

0.00168633 0.00129247
0.00168771 0.00128906

0.00168295 0.00130078
0.00168057 0.00130664

0.00168047 0.0013069
0.00168057 0.00130664

0.00169714 0.00126563
0.00169479 0.00127148

0.00169479 0.00127148
0.00169244 0.00127734

0.00169219 0.00127797
0.00169244 0.00127734

0.00166875 0.00133554
0.00166859 0.00133594

0.00166859 0.00133594
0.00166618 0.0013418

0.00166617 0.0013418
0.00166377 0.00134766

0.00166289 0.00134981
0.00166137 0.00135352

0.00166136 0.00135352
0.00165895 0.00135937

0.00166289 0.00134981
0.00166377 0.00134766

0.00164531 0.00139255
0.0016445 0.00139453

0.0016445 0.00139453
0.00164209 0.00140039

0.00164208 0.00140039
0.00163968 0.00140625

0.00165703 0.00136406
0.00165655 0.00136523

0.00165655 0.00136523
0.00165413 0.00137109

0.00165117 0.0013783
0.00164932 0.00138281

0.00165413 0.00137109
0.00165172 0.00137695

0.00165117 0.00137829
0.00165172 0.00137695

0.00165703 0.00136405
0.00165895 0.00135937

0.00164931 0.00138281
0.0016469 0.00138867

0.00164531 0.00139254
0.0016469 0.00138867

0.00162187 0.00144997
0.0016206 0.00145312

0.00161602 0.0014645
0.00161588 0.00146484

0.0016206 0.00145312
0.00161823 0.00145898

0.00161602 0.00146448
0.00161822 0.00145898

0.00161588 0.00146484
0.00161353 0.0014707

0.00161351 0.0014707
0.00161117 0.00147656

0.00161016 0.00147914
0.00160885 0.00148242

0.00160884 0.00148242
0.00160651 0.00148828

0.0016043 0.00149388
0.00160419 0.00149414

0.0016042 0.00149414
0.00160188 0.0015

0.0016043 0.00149386
0.0016065 0.00148828

0.00161016 0.00147912
0.00161118 0.00147656

0.00163359 0.00142115
0.0016325 0.00142383

0.0016325 0.00142383
0.0016301 0.00142969

0.00163945 0.00140683
0.00163729 0.00141211

0.00163728 0.00141211
0.00163488 0.00141797

0.00163945 0.00140683
0.00163969 0.00140625

0.00163359 0.00142114
0.00163489 0.00141797

0.00162773 0.00143552
0.00162772 0.00143555

0.00162773 0.00143555
0.00162534 0.00144141

0.00162773 0.00143551
0.0016301 0.00142969

0.00162533 0.00144141
0.00162296 0.00144727

0.00162187 0.00144996
0.00162296 0.00144727

0.00167461 0.00132124
0.00167339 0.00132422

0.00167817 0.0013125
0.00167578 0.00131836

0.00167461 0.00132124
0.00167579 0.00131836

0.00167339 0.00132422
0.00167099 0.00133008

0.00166875 0.00133553
0.00167099 0.00133008

0.00198164 0
0.00198164 5.85937e-06

0.00198164 5.85938e-06
0.00198165 1.17187e-05

0.00198165 1.17187e-05
0.00198166 1.75781e-05

0.00198166 1.75781e-05
0.00198168 2.34375e-05

0.00198168 2.34375e-05
0.0019817 2.92969e-05

0.0019817 2.92969e-05
0.00198173 3.51562e-05

0.00198173 3.51562e-05
0.00198177 4.10156e-05

0.00198177 4.10156e-05
0.00198181 4.6875e-05

0.00198181 4.6875e-05
0.00198185 5.27344e-05

0.00198185 5.27344e-05
0.0019819 5.85937e-05

0.0019819 5.85937e-05
0.00198196 6.44531e-05

0.00198196 6.44531e-05
0.00198202 7.03125e-05

0.00198202 7.03125e-05
0.00198208 7.61719e-05

0.00198208 7.61719e-05
0.00198215 8.20312e-05

0.00198215 8.20312e-05
0.00198223 8.78906e-05

0.00198223 8.78906e-05
0.00198231 9.375e-05

0.00198231 9.375e-05
0.0019824 9.96094e-05

0.0019824 9.96094e-05
0.00198249 0.000105469

0.00198249 0.000105469
0.00198259 0.000111328

0.00198259 0.000111328
0.00198269 0.000117187

0.00198269 0.000117187
0.0019828 0.000123047

0.0019828 0.000123047
0.00198291 0.000128906

0.00198291 0.000128906
0.00198303 0.000134766

0.00198303 0.000134766
0.00198316 0.000140625

0.00198316 0.000140625
0.00198329 0.000146484

0.00198329 0.000146484
0.00198342 0.000152344

0.00198342 0.000152344
0.00198356 0.000158203

0.00198356 0.000158203
0.00198371 0.000164062

0.00198371 0.000164062
0.00198386 0.000169922

0.00198386 0.000169922
0.00198401 0.000175781

0.00198401 0.000175781
0.00198417 0.000181641

0.00198417 0.000181641
0.00198434 0.0001875

0.00198434 0.0001875
0.00198451 0.000193359

0.00198451 0.000193359
0.00198469 0.000199219

0.00198469 0.000199219
0.00198488 0.000205078

0.00198488 0.000205078
0.00198506 0.000210937

0.00198506 0.000210937
0.00198516 0.000213703

0.00198516 0.000213703
0.00198526 0.000216797

0.00198526 0.000216797
0.00198546 0.000222656

0.00198546 0.000222656
0.00198566 0.000228516

0.00198566 0.000228516
0.00198587 0.000234375

0.00198587 0.000234375
0.00198609 0.000240234

0.00198609 0.000240234
0.00198631 0.000246094

0.00198631 0.000246094
0.00198654 0.000251953

0.00198654 0.000251953
0.00198677 0.000257812

0.00198677 0.000257812
0.00198701 0.000263672

0.00198701 0.000263672
0.00198726 0.000269531

0.00198726 0.000269531
0.00198751 0.000275391

0.00198751 0.000275391
0.00198776 0.00028125

0.00198776 0.00028125
0.00198802 0.000287109

0.00198802 0.000287109
0.00198829 0.000292969

0.00198829 0.000292969
0.00198856 0.000298828

0.00198856 0.000298828
0.00198884 0.000304687

0.00198884 0.000304687
0.00198913 0.000310547

0.00198913 0.000310547
0.00198942 0.000316406

0.00198942 0.000316406
0.00198972 0.000322266

0.00198972 0.000322266
0.00199002 0.000328125

0.00199002 0.000328125
0.00199033 0.000333984

0.00199033 0.000333984
0.00199064 0.000339844

0.00199064 0.000339844
0.00199096 0.000345703

0.00199096 0.000345703
0.00199102 0.000346623

0.00199102 0.000346624
0.00199129 0.000351562

0.00199129 0.000351562
0.00199163 0.000357422

0.00199163 0.000357422
0.00199197 0.000363281

0.00199197 0.000363281
0.00199231 0.000369141

0.00199231 0.000369141
0.00199266 0.000375

0.00199266 0.000375
0.00199302 0.000380859

0.00199302 0.000380859
0.00199339 0.000386719

0.00199339 0.000386719
0.00199376 0.000392578

0.00199376 0.000392578
0.00199414 0.000398437

0.00199414 0.000398437
0.00199453 0.000404297

0.00199453 0.000404297
0.00199492 0.000410156

0.00199492 0.000410156
0.00199532 0.000416016

0.00199532 0.000416016
0.00199573 0.000421875

0.00199573 0.000421875
0.00199615 0.000427734

0.00199615 0.000427734
0.00199657 0.000433594

0.00199657 0.000433594
0.00199687 0.000437763

0.00199687 0.000437763
0.001997 0.000439453

0.001997 0.000439453
0.00199744 0.000445312

0.00199744 0.000445312
0.00199788 0.000451172

0.00199788 0.000451172
0.00199833 0.000457031

0.00199833 0.000457031
0.00199879 0.000462891

0.00199879 0.000462891
0.00199926 0.00046875

0.00199926 0.00046875
0.00199974 0.000474609

0.00199974 0.000474609
0.00200022 0.000480469

0.00200022 0.000480469
0.00200072 0.000486328

0.00200072 0.000486328
0.00200122 0.000492187

0.00200122 0.000492187
0.00200173 0.000498047

0.00200173 0.000498047
0.00200225 0.000503906

0.00200225 0.000503906
0.00200273 0.000509265

0.00200273 0.000509265
0.00200278 0.000509766

0.00200278 0.000509766
0.00200332 0.000515625

0.00200332 0.000515625
0.00200386 0.000521484

0.00200386 0.000521484
0.00200442 0.000527344

0.00200442 0.000527344
0.00200499 0.000533203

0.00200499 0.000533203
0.00200556 0.000539062

0.00200556 0.000539062
0.00200615 0.000544922

0.00200615 0.000544922
0.00200674 0.000550781

0.00200674 0.000550781
0.00200735 0.000556641

0.00200735 0.000556641
0.00200797 0.0005625

0.00200797 0.0005625
0.00200859 0.000568348

0.0020086 0.000568359
0.00200923 0.000574219

0.00200923 0.000574219
0.00200988 0.000580078

0.00200988 0.000580078
0.00201054 0.000585937

0.00201054 0.000585937
0.00201121 0.000591797

0.00201121 0.000591797
0.0020119 0.000597656

0.0020119 0.000597656
0.00201259 0.000603516

0.00201259 0.000603516
0.0020133 0.000609375

0.0020133 0.000609375
0.00201402 0.000615234

0.00201402 0.000615234
0.00201445 0.00061873

0.00201445 0.00061873
0.00201475 0.000621094

0.00201475 0.000621094
0.00201549 0.000626953

0.00201549 0.000626953
0.00201625 0.000632812

0.00201625 0.000632812
0.00201701 0.000638672

0.00201701 0.000638672
0.0020178 0.000644531

0.0020178 0.000644531
0.00201859 0.000650391

0.00201859 0.000650391
0.0020194 0.00065625

0.0020194 0.00065625
0.00202022 0.000662109

0.00202022 0.000662109
0.00202031 0.000662744

0.00202031 0.000662743
0.00202106 0.000667969

0.00202106 0.000667969
0.00202191 0.000673828

0.00202191 0.000673828
0.00202277 0.000679687

0.00202277 0.000679687
0.00202364 0.000685547

0.00202364 0.000685547
0.00202454 0.000691406

0.00202453 0.000691406
0.00202544 0.000697266

0.00202544 0.000697266
0.00202617 0.000701886

0.00202617 0.000701886
0.00202637 0.000703125

0.00202637 0.000703125
0.0020273 0.000708984

0.0020273 0.000708984
0.00202825 0.000714844

0.00202825 0.000714844
0.00202922 0.000720703

0.00202922 0.000720703
0.0020302 0.000726562

0.0020302 0.000726562
0.00203119 0.000732422

0.0020312 0.000732422
0.00203203 0.000737239

0.00203203 0.000737238
0.00203221 0.000738281

0.00203221 0.000738281
0.00203324 0.000744141

0.00203324 0.000744141
0.00203428 0.00075

0.00203428 0.00075
0.00203534 0.000755859

0.00203534 0.000755859
0.00203641 0.000761719

0.00203641 0.000761719
0.00203751 0.000767578

0.00203751 0.000767578
0.00203789 0.000769571

0.00203789 0.000769569
0.00203862 0.000773437

0.00203862 0.000773437
0.00203975 0.000779297

0.00203974 0.000779297
0.00204088 0.000785156

0.00204088 0.000785156
0.00204204 0.000791016

0.00204204 0.000791016
0.00204322 0.000796875

0.00204322 0.000796875
0.00204375 0.000799465

0.00204375 0.000799463
0.00204442 0.000802734

0.00204441 0.000802734
0.00204562 0.000808594

0.00204562 0.000808594
0.00204684 0.000814453

0.00204684 0.000814453
0.00204808 0.000820312

0.00204808 0.000820312
0.00204935 0.000826172

0.00204935 0.000826172
0.00204961 0.000827362

0.00204961 0.000827358
0.00205063 0.000832031

0.00205063 0.000832031
0.00205191 0.000837891

0.00205191 0.000837891
0.00205322 0.00084375

0.00205322 0.00084375
0.00205455 0.000849609

0.00205456 0.000849609
0.00205547 0.00085358

0.00205547 0.000853578
0.0020559 0.000855469

0.0020559 0.000855469
0.00205726 0.000861328

0.00205726 0.000861328
0.00205863 0.000867187

0.00205863 0.000867187
0.00206003 0.000873047

0.00206003 0.000873047
0.00206133 0.000878415

0.00206133 0.000878414
0.00206145 0.000878906

0.00206145 0.000878906
0.00206287 0.000884766

0.00206287 0.000884766
0.00206431 0.000890625

0.00206431 0.000890625
0.00206577 0.000896484

0.00206578 0.000896484
0.00206719 0.000902055

0.00206719 0.000902054
0.00206726 0.000902344

0.00206726 0.000902344
0.00206875 0.000908203

0.00206875 0.000908203
0.00207026 0.000914062

0.00207025 0.000914062
0.00207178 0.000919922

0.00207179 0.000919922
0.00207305 0.000924667

0.00207305 0.000924666
0.00207334 0.000925781

0.00207334 0.000925781
0.00207489 0.000931641

0.00207489 0.000931641
0.00207646 0.0009375

0.00207646 0.0009375
0.00207806 0.000943359

0.00207807 0.000943359
0.00207891 0.000946404

0.00207891 0.000946401
0.00207968 0.000949219

0.00207967 0.000949219
0.00208129 0.000955078

0.00208129 0.000955078
0.00208293 0.000960937

0.00208293 0.000960937
0.00208459 0.000966797

0.0020846 0.000966797
0.00208477 0.000967396

0.00208477 0.000967393
0.00208626 0.000972656

0.00208626 0.000972656
0.00208793 0.000978516

0.00208793 0.000978516
0.00208964 0.000984375

0.00208965 0.000984375
0.00209062 0.000987701

0.00209062 0.000987698
0.00209137 0.000990234

0.00209136 0.000990234
0.00209308 0.000996094

0.00209308 0.000996094
0.00209482 0.00100195

0.00209483 0.00100195
0.00209648 0.00100745

0.00209648 0.00100745
0.00209659 0.00100781

0.00209659 0.00100781
0.00209836 0.00101367

0.00209835 0.00101367
0.00210013 0.00101953

0.00210014 0.00101953
0.00210194 0.00102539

0.00210195 0.00102539
0.00210234 0.00102668

0.00210234 0.00102668
0.00210375 0.00103125

0.00210375 0.00103125
0.00210556 0.00103711

0.00210556 0.00103711
0.00210741 0.00104297

0.00210742 0.00104297
0.0021082 0.00104546

0.0021082 0.00104546
0.00210927 0.00104883

0.00210926 0.00104883
0.00211111 0.00105469

0.0021111 0.00105469
0.00211299 0.00106055

0.002113 0.00106055
0.00211406 0.00106385

0.00211406 0.00106385
0.00211488 0.00106641

0.00211487 0.00106641
0.00211675 0.00107227

0.00211675 0.00107227
0.00211866 0.00107812

0.00211868 0.00107812
0.00211992 0.00108192

0.00211992 0.00108192
0.0021206 0.00108398

0.00212058 0.00108398
0.0021225 0.00108984

0.00212249 0.00108984
0.00212444 0.0010957

0.00212445 0.0010957
0.00212578 0.0010997

0.00212578 0.0010997
0.0021264 0.00110156

0.00212639 0.00110156
0.00212833 0.00110742

0.00212832 0.00110742
0.00213029 0.00111328

0.00213031 0.00111328
0.00213164 0.00111725

0.00213164 0.00111724
0.00213228 0.00111914

0.00213226 0.00111914
0.00213423 0.001125

0.00213422 0.001125
0.00213622 0.00113086

0.00213623 0.00113086
0.0021375 0.00113459

0.0021375 0.00113459
0.00213822 0.00113672

0.00213821 0.00113672
0.00214019 0.00114258

0.00214019 0.00114258
0.0021422 0.00114844

0.00214221 0.00114844
0.00214336 0.00115179

0.00214336 0.00115179
0.00214422 0.0011543

0.0021442 0.0011543
0.0021462 0.00116016

0.0021462 0.00116016
0.00214822 0.00116602

0.00214824 0.00116602
0.00214922 0.00116887

0.00214922 0.00116887
0.00215025 0.00117187

0.00215023 0.00117187
0.00215224 0.00117773

0.00215225 0.00117773
0.00215428 0.00118359

0.00215429 0.00118359
0.00215508 0.00118588

0.00215508 0.00118588
0.00215631 0.00118945

0.00215629 0.00118945
0.0021583 0.00119531

0.00215831 0.00119531
0.00216034 0.00120117

0.00216035 0.00120117
0.00216094 0.00120287

0.00216094 0.00120287
0.00216237 0.00120703

0.00216235 0.00120703
0.00216437 0.00121289

0.00216438 0.00121289
0.0021664 0.00121875

0.00216641 0.00121875
0.0021668 0.00121988

0.0021668 0.00121988
0.00216842 0.00122461

0.0021684 0.00122461
0.00217041 0.00123047

0.00217043 0.00123047
0.00217244 0.00123633

0.00217245 0.00123633
0.00217266 0.00123695

0.00217266 0.00123696
0.00217444 0.00124219

0.00217442 0.00124219
0.00217642 0.00124805

0.00217644 0.00124805
0.00217844 0.00125391

0.00217844 0.00125391
0.00217852 0.00125414

0.00217852 0.00125415
0.00218041 0.00125977

0.00218039 0.00125977
0.00218237 0.00126562

0.00218239 0.00126563
0.00218437 0.00127148

0.00218437 0.00127148
0.00218437 0.0012715

0.00218437 0.00127151
0.00218631 0.00127734

0.0021863 0.00127734
0.00218825 0.0012832

0.00218827 0.0012832
0.00219022 0.00128906

0.00219022 0.00128906
0.00219023 0.00128912

0.00219023 0.00128913
0.00219213 0.00129492

0.00219211 0.00129492
0.00219403 0.00130078

0.00219404 0.00130078
0.00219595 0.00130664

0.00219596 0.00130664
0.00219609 0.00130707

0.00219609 0.00130707
0.00219783 0.0013125

0.00219781 0.0013125
0.00219968 0.00131836

0.00219969 0.00131836
0.00220156 0.00132422

0.00220157 0.00132422
0.00220195 0.00132545

0.00220195 0.00132545
0.0022034 0.00133008

0.00220338 0.00133008
0.00220519 0.00133594

0.00220519 0.00133594
0.00220701 0.0013418

0.00220703 0.0013418
0.00220781 0.00134437

0.00220781 0.00134437
0.00220881 0.00134766

0.00220879 0.00134766
0.00221053 0.00135352

0.00221052 0.00135352
0.00221228 0.00135937

0.0022123 0.00135937
0.00221367 0.00136402

0.00221367 0.00136402
0.00221403 0.00136523

0.00221402 0.00136523
0.00221569 0.00137109

0.00221568 0.00137109
0.00221734 0.00137695

0.00221735 0.00137695
0.00221901 0.00138281

0.00221903 0.00138281
0.00221953 0.00138463

0.00221953 0.00138463
0.00222065 0.00138867

0.00222063 0.00138867
0.0022222 0.00139453

0.00222219 0.00139453
0.00222376 0.00140039

0.00222377 0.00140039
0.00222533 0.00140625

0.00222533 0.00140625
0.00222539 0.0014065

0.00222539 0.00140649
0.00222682 0.00141211

0.00222682 0.00141211
0.00222827 0.00141797

0.00222826 0.00141797
0.00222971 0.00142383

0.00222972 0.00142383
0.00223114 0.00142969

0.00223115 0.00142969
0.00223125 0.00143013

0.00223125 0.00143012
0.00223252 0.00143555

0.00223251 0.00143555
0.00223383 0.00144141

0.00223383 0.00144141
0.00223512 0.00144727

0.00223512 0.00144727
0.0022364 0.00145312

0.00223642 0.00145312
0.00223711 0.00145639

0.00223711 0.00145638
0.00223766 0.00145898

0.00223765 0.00145898
0.00223883 0.00146484

0.00223883 0.00146484
0.00223997 0.0014707

0.00223996 0.0014707
0.00224107 0.00147656

0.00224107 0.00147656
0.00224214 0.00148242

0.00224216 0.00148242
0.00224297 0.00148702

0.00224297 0.00148702
0.00224319 0.00148828

0.00224319 0.00148828
0.00224417 0.00149414

0.00224417 0.00149414
0.0022451 0.0015

0.001575 0.00157003
0.0015749 0.00157031

0.0015749 0.00157031
0.00157272 0.00157617

0.00157271 0.00157617
0.00157054 0.00158203

0.00156914 0.00158591
0.00156842 0.00158789

0.00156842 0.00158789
0.00156628 0.00159375

0.00156914 0.00158589
0.00157055 0.00158203

0.00155156 0.00163534
0.00154975 0.00164062

0.00156328 0.00160205
0.00156206 0.00160547

0.00156206 0.00160547
0.00155995 0.00161133

0.00155994 0.00161133
0.00155787 0.00161719

0.00156626 0.00159375
0.00156414 0.00159961

0.00156328 0.00160204
0.00156415 0.00159961

0.00155742 0.00161852
0.00155584 0.00162305

0.00155583 0.00162305
0.00155377 0.00162891

0.00155742 0.0016185
0.00155788 0.00161719

0.00155376 0.00162891
0.00155174 0.00163477

0.00155156 0.00163533
0.00155175 0.00163477

0.00154974 0.00164062
0.00154773 0.00164648

0.00154773 0.00164648
0.00154576 0.00165234

0.0015457 0.00165257
0.00154383 0.0016582

0.00154381 0.0016582
0.00154186 0.00166406

0.0015457 0.00165257
0.00154578 0.00165234

0.00153984 0.00167028
0.00153807 0.00167578

0.00153805 0.00167578
0.00153615 0.00168164

0.00153614 0.00168164
0.00153429 0.0016875

0.00154185 0.00166406
0.00153994 0.00166992

0.00153984 0.00167028
0.00153996 0.00166992

0.00152812 0.00170751
0.0015271 0.00171094

0.0015271 0.00171094
0.00152533 0.0017168

0.00152531 0.0017168
0.00152358 0.00172266

0.00152227 0.00172731
0.00152192 0.00172852

0.00152193 0.00172852
0.00152025 0.00173437

0.00152227 0.00172727
0.00152359 0.00172266

0.00151641 0.0017482
0.0015154 0.00175195

0.0015154 0.00175195
0.00151382 0.00175781

0.00152024 0.00173437
0.00151857 0.00174023

0.00151855 0.00174023
0.00151694 0.00174609

0.00151641 0.00174819
0.00151697 0.00174609

0.0015138 0.00175781
0.00151225 0.00176367

0.00151224 0.00176367
0.00151077 0.00176953

0.00151055 0.00177053
0.00150934 0.00177539

0.00150934 0.00177539
0.00150788 0.00178125

0.00151055 0.00177052
0.00151079 0.00176953

0.00153398 0.00168856
0.00153249 0.00169336

0.00153248 0.00169336
0.00153064 0.00169922

0.00153398 0.00168855
0.00153431 0.0016875

0.00153062 0.00169922
0.00152883 0.00170508

0.00152812 0.00170749
0.00152885 0.00170508

0.00150469 0.00179492
0.00150382 0.00179883

0.00150381 0.00179883
0.0015025 0.00180469

0.00150249 0.00180469
0.00150121 0.00181055

0.0015012 0.00181055
0.00149999 0.00181641

0.00149883 0.00182259
0.00149777 0.00182812

0.00150001 0.00181641
0.00149888 0.00182227

0.00149883 0.0018226
0.00149889 0.00182227

0.00150786 0.00178125
0.00150644 0.00178711

0.00150643 0.00178711
0.00150509 0.00179297

0.00150469 0.00179491
0.00150512 0.00179297

0.00149776 0.00182812
0.00149666 0.00183398

0.00149665 0.00183398
0.0014956 0.00183984

0.00149559 0.00183984
0.00149461 0.0018457

0.00149461 0.0018457
0.0014937 0.00185156

0.00149297 0.00185666
0.00149286 0.00185742

0.00149285 0.00185742
0.00149202 0.00186328

0.00149201 0.00186328
0.00149122 0.00186914

0.00149122 0.00186914
0.0014905 0.001875

0.00149297 0.00185667
0.00149372 0.00185156

0.00149051 0.001875
0.00148986 0.00188086

0.00148986 0.00188086
0.00148927 0.00188672

0.00148927 0.00188672
0.00148875 0.00189258

0.00148875 0.00189258
0.00148829 0.00189844

0.00148829 0.00189844
0.0014879 0.0019043

0.0014879 0.0019043
0.00148759 0.00191016

0.00148759 0.00191016
0.00148735 0.00191602

0.00148735 0.00191602
0.00148718 0.00192187

0.00148711 0.00192639
0.00148709 0.00192773

0.00148709 0.00192773
0.00148708 0.00193359

0.00148711 0.00192642
0.00148718 0.00192187

0.00148708 0.00193359
0.00148711 0.00193558

0.00148711 0.00193561
0.00148716 0.00193945

0.00148716 0.00193945
0.00148733 0.00194531

0.00148733 0.00194531
0.00148759 0.00195117

0.00148759 0.00195117
0.00148795 0.00195703

0.00148795 0.00195703
0.00148841 0.00196289

0.00148841 0.00196289
0.00148898 0.00196875

0.00148898 0.00196875
0.00148966 0.00197461

0.00148966 0.00197461
0.00149045 0.00198047

0.00149045 0.00198047
0.00149133 0.00198633

0.00149132 0.00198633
0.00149233 0.00199219

0.00149231 0.00199219
0.00149297 0.00199545

0.00149297 0.00199547
0.00149349 0.00199805

0.00149353 0.00199805
0.00149486 0.00200391

0.00149485 0.00200391
0.00149627 0.00200977

0.00149625 0.00200977
0.00149781 0.00201563

0.00149779 0.00201562
0.00149883 0.00201903

0.00149883 0.00201903
0.00149958 0.00202148

0.00149963 0.00202148
0.00150156 0.00202734

0.00150151 0.00202734
0.00150358 0.0020332

0.00150357 0.0020332
0.00150469 0.00203603

0.00150469 0.00203601
0.00150589 0.00203906

0.00150593 0.00203906
0.00150841 0.00204492

0.00150836 0.00204492
0.00151055 0.00204967

0.00151055 0.00204966
0.00151106 0.00205078

0.00151112 0.00205078
0.00151405 0.00205664

0.00151399 0.00205664
0.00151641 0.0020611

0.00151641 0.00206109
0.00151717 0.0020625

0.00151721 0.0020625
0.00152066 0.00206836

0.0015206 0.00206836
0.00152227 0.00207099

0.00152227 0.00207094
0.00152434 0.00207422

0.00152432 0.00207422
0.00152812 0.00207974

0.00152812 0.00207974
0.00152836 0.00208008

0.00152838 0.00208008
0.00153273 0.00208594

0.00153272 0.00208594
0.00153398 0.00208758

0.00153398 0.00208754
0.00153738 0.0020918

0.0015374 0.0020918
0.00153984 0.00209469

0.00153984 0.00209466
0.00154245 0.00209766

0.00154249 0.00209766
0.0015457 0.00210113

0.0015457 0.00210113
0.001548 0.00210352

0.00154802 0.00210352
0.00155156 0.00210704

0.00155156 0.00210705
0.00155401 0.00210937

0.001554 0.00210937
0.00155742 0.0021125

0.00155742 0.00211255
0.00156052 0.00211523

0.00156052 0.00211523
0.00156328 0.00211756

0.00156328 0.00211762
0.00156762 0.00212109

0.00156764 0.00212109
0.00156914 0.00212226

0.00156914 0.00212229
0.001575 0.00212665

0.00159844 0.00150877
0.00159728 0.00151172

0.00159728 0.00151172
0.00159499 0.00151758

0.00159498 0.00151758
0.00159271 0.00152344

0.00158672 0.00153901
0.00158595 0.00154102

0.00158595 0.00154102
0.00158371 0.00154687

0.00159258 0.00152381
0.00159045 0.0015293

0.00159044 0.0015293
0.00158818 0.00153516

0.00159258 0.0015238
0.00159272 0.00152344

0.00158672 0.001539
0.00158819 0.00153516

0.00160187 0.0015
0.00159956 0.00150586

0.00159844 0.00150875
0.00159957 0.00150586

0.00158086 0.00155442
0.00157929 0.00155859

0.0015837 0.00154687
0.00158148 0.00155273

0.00158086 0.00155441
0.00158149 0.00155273

0.00157928 0.00155859
0.00157707 0.00156445

0.001575 0.00157
0.00157707 0.00156445

0.001575 0.00212665
0.00157543 0.00212695

0.00157545 0.00212695
0.00158086 0.0021307

0.00158086 0.00213073
0.00158408 0.00213281

0.00158416 0.00213281
0.00158672 0.00213446

0.00158672 0.00213449
0.00159258 0.00213802

0.00159258 0.00213803
0.00159371 0.00213867

0.00159376 0.00213867
0.00159844 0.00214131

0.00159844 0.00214132
0.0016043 0.00214439

0.0016043 0.00214439
0.00160458 0.00214453

0.00160461 0.00214453
0.00161016 0.00214724

0.00161016 0.00214724
0.00161602 0.00214991

0.00161602 0.00214992
0.00161712 0.00215039

0.00161715 0.00215039
0.00162187 0.0021524

0.00162187 0.0021524
0.00162773 0.00215472

0.00162773 0.00215472
0.0016319 0.00215625

0.00163196 0.00215625
0.00163359 0.00215685

0.00163359 0.00215686
0.00163945 0.00215884

0.00163945 0.00215884
0.00164531 0.00216068

0.00164531 0.00216068
0.00165028 0.00216211

0.00165032 0.00216211
0.00165117 0.00216235

0.00165117 0.00216236
0.00165703 0.00216391

0.00165703 0.00216391
0.00166289 0.00216532

0.00166289 0.00216532
0.00166875 0.0021666

0.00166875 0.00216659
0.00167461 0.00216774

0.00167461 0.00216775
0.00167586 0.00216797

0.0016759 0.00216797
0.00168047 0.00216877

0.00168047 0.00216877
0.00168633 0.00216968

0.00168633 0.00216968
0.00169219 0.00217047

0.00169219 0.00217047
0.00169805 0.00217114

0.00169805 0.00217114
0.00170391 0.0021717

0.00170391 0.0021717
0.00170977 0.00217215

0.00170977 0.00217215
0.00171562 0.0021725

0.00171562 0.0021725
0.00172148 0.00217273

0.00172148 0.00217273
0.00172734 0.00217287

0.00172734 0.00217286
0.0017332 0.00217289

0.0017332 0.00217289
0.00173906 0.00217282

0.00173906 0.00217282
0.00174492 0.00217265

0.00174492 0.00217265
0.00175078 0.00217238

0.00175078 0.00217238
0.00175664 0.00217201

0.00175664 0.00217201
0.0017625 0.00217155

0.00184453 0.00215531
0.00184139 0.00215625

0.00184453 0.00215532
0.00185039 0.00215348

0.00185039 0.00215348
0.00185625 0.00215155

0.0017625 0.00217155
0.00176836 0.00217099

0.00176836 0.00217099
0.00177422 0.00217033

0.00177422 0.00217034
0.00178008 0.00216959

0.00178008 0.00216959
0.00178594 0.00216875

0.0017918 0.00216781
0.00179077 0.00216797

0.0017918 0.00216781
0.00179766 0.00216679

0.00178594 0.00216875
0.00179085 0.00216797

0.00179766 0.00216679
0.00180352 0.00216567

0.00180352 0.00216567
0.00180937 0.00216446

0.00180937 0.00216446
0.00181523 0.00216316

0.00182109 0.00216176
0.00181962 0.00216211

0.00181523 0.00216317
0.00181969 0.00216211

0.00182109 0.00216177
0.00182695 0.00216029

0.00182695 0.00216029
0.00183281 0.00215872

0.00183281 0.00215872
0.00183867 0.00215706

0.00183867 0.00215707
0.00184142 0.00215625

0.00186211 0.00214954
0.00185962 0.00215039

0.00185625 0.00215156
0.00185966 0.00215039

0.00186211 0.00214954
0.00186797 0.00214744

0.00187969 0.00214297
0.00187567 0.00214453

0.00186797 0.00214744
0.00187383 0.00214525

0.00187383 0.00214525
0.00187569 0.00214453

0.00187969 0.00214297
0.00188555 0.0021406

0.00189141 0.00213813
0.00189012 0.00213867

0.00188555 0.00214061
0.00189016 0.00213867

0.00189141 0.00213814
0.00189727 0.0021356

0.00189727 0.0021356
0.00190312 0.00213297

0.00195 0.00210867
0.00194876 0.00210937

0.00190898 0.00213024
0.00190345 0.00213281

0.00190898 0.00213024
0.00191484 0.00212743

0.0019207 0.00212453
0.00191581 0.00212695

0.00191484 0.00212744
0.00191582 0.00212695

0.0019207 0.00212453
0.00192656 0.00212154

0.00190312 0.00213297
0.00190346 0.00213281

0.00193242 0.00211846
0.00192741 0.00212109

0.00193242 0.00211847
0.00193828 0.0021153

0.00192656 0.00212155
0.00192743 0.00212109

0.00194414 0.00211203
0.00193838 0.00211523

0.00193828 0.0021153
0.00193839 0.00211523

0.00194414 0.00211204
0.0019488 0.00210937

0.0022451 0.0015
0.00224598 0.00150586

0.00224599 0.00150586
0.00224683 0.00151172

0.00224683 0.00151172
0.00224763 0.00151758

0.00224763 0.00151758
0.00224839 0.00152344

0.00224839 0.00152344
0.00224883 0.00152702

0.00224883 0.00152702
0.0022491 0.0015293

0.0022491 0.0015293
0.00224976 0.00153516

0.00224976 0.00153516
0.00225036 0.00154102

0.00225036 0.00154102
0.00225091 0.00154687

0.00225091 0.00154687
0.00225142 0.00155273

0.00225142 0.00155273
0.00225187 0.00155859

0.00225187 0.00155859
0.00225227 0.00156445

0.00225227 0.00156445
0.00225262 0.00157031

0.00225262 0.00157031
0.00225291 0.00157617

0.00225291 0.00157617
0.00225315 0.00158203

0.00225315 0.00158203
0.00225333 0.00158789

0.00225333 0.00158789
0.00225346 0.00159375

0.00225346 0.00159375
0.00225353 0.00159961

0.00225353 0.00159961
0.00225355 0.00160547

0.00225355 0.00160547
0.0022535 0.00161133

0.0022535 0.00161133
0.0022534 0.00161719

0.0022534 0.00161719
0.00225324 0.00162305

0.00225324 0.00162305
0.00225302 0.00162891

0.00225302 0.00162891
0.00225273 0.00163477

0.00225273 0.00163477
0.00225239 0.00164062

0.00225239 0.00164062
0.00225199 0.00164648

0.00225199 0.00164648
0.00225152 0.00165234

0.00225152 0.00165234
0.00225099 0.0016582

0.00225099 0.0016582
0.0022504 0.00166406

0.00225039 0.00166406
0.00224973 0.00166992

0.00224973 0.00166992
0.00224901 0.00167578

0.00224883 0.00167715
0.00224823 0.00168164

0.00224823 0.00168164
0.00224739 0.0016875

0.00224883 0.00167715
0.00224901 0.00167578

0.00223125 0.00175948
0.00222999 0.00176367

0.00223 0.00176367
0.00222817 0.00176953

0.00222539 0.00177786
0.00222423 0.00178125

0.00222817 0.00176953
0.00222625 0.00177539

0.00222539 0.00177787
0.00222623 0.00177539

0.00218437 0.00186992
0.00218151 0.001875

0.00220781 0.00182295
0.0022055 0.00182812

0.00221953 0.00179427
0.0022178 0.00179883

0.00221781 0.00179883
0.00221551 0.00180469

0.00222425 0.00178125
0.00222219 0.00178711

0.00222219 0.00178711
0.00222004 0.00179297

0.00221953 0.00179428
0.00222003 0.00179297

0.00221367 0.00180918
0.00221312 0.00181055

0.00221312 0.00181055
0.00221067 0.00181641

0.00221367 0.00180921
0.00221551 0.00180469

0.00221067 0.00181641
0.00220813 0.00182227

0.00220781 0.00182296
0.00220812 0.00182227

0.00219609 0.00184778
0.00219418 0.00185156

0.00220195 0.00183575
0.00220001 0.00183984

0.00220551 0.00182812
0.0022028 0.00183398

0.00220195 0.00183576
0.0022028 0.00183398

0.00220002 0.00183984
0.00219715 0.0018457

0.00219609 0.00184779
0.00219714 0.0018457

0.00219023 0.00185913
0.00218802 0.00186328

0.00219419 0.00185156
0.00219115 0.00185742

0.00219023 0.00185914
0.00219115 0.00185742

0.00218803 0.00186328
0.00218482 0.00186914

0.00218437 0.00186992
0.00218481 0.00186914

0.00224738 0.0016875
0.00224646 0.00169336

0.00224646 0.00169336
0.00224547 0.00169922

0.00224547 0.00169922
0.00224441 0.00170508

0.00224441 0.00170508
0.00224328 0.00171094

0.00224297 0.00171248
0.0022421 0.0017168

0.00224211 0.0017168
0.00224085 0.00172266

0.00224085 0.00172266
0.00223952 0.00172852

0.00223951 0.00172852
0.0022381 0.00173437

0.00224297 0.00171248
0.00224328 0.00171094

0.00223711 0.00173826
0.00223661 0.00174023

0.00223662 0.00174023
0.00223509 0.00174609

0.00223711 0.00173827
0.00223809 0.00173437

0.00223509 0.00174609
0.00223347 0.00175195

0.00223347 0.00175195
0.00223176 0.00175781

0.00223125 0.00175948
0.00223175 0.00175781

0.00202031 0.0020609
0.00201822 0.0020625

0.00202617 0.00205622
0.00202564 0.00205664

0.00202031 0.00206092
0.00202569 0.00205664

0.00202617 0.00205625
0.00203203 0.00205148

0.00203789 0.00204659
0.00203287 0.00205078

0.00204375 0.00204159
0.00203983 0.00204492

0.00203789 0.00204659
0.00203987 0.00204492

0.00203203 0.00205148
0.00203288 0.00205078

0.0021375 0.00194156
0.00213465 0.00194531

0.00212578 0.00195658
0.00212542 0.00195703

0.00211992 0.00196376
0.00211575 0.00196875

0.00212543 0.00195703
0.00212065 0.00196289

0.00211992 0.00196377
0.00212065 0.00196289

0.00213164 0.00194917
0.0021301 0.00195117

0.00212578 0.00195659
0.0021301 0.00195117

0.00213164 0.00194919
0.00213465 0.00194531

0.00207305 0.00201462
0.00207202 0.00201563

0.00207891 0.00200883
0.00207797 0.00200977

0.00207305 0.00201464
0.002078 0.00200977

0.00208477 0.00200289
0.00208377 0.00200391

0.00209062 0.00199679
0.00208943 0.00199805

0.00208477 0.00200292
0.00208944 0.00199805

0.00207891 0.00200886
0.00208378 0.00200391

0.00204961 0.00203645
0.0020466 0.00203906

0.00205547 0.00203118
0.00205322 0.0020332

0.00204961 0.00203644
0.00205329 0.0020332

0.00206133 0.0020258
0.00205965 0.00202734

0.00206719 0.00202028
0.00206592 0.00202148

0.00206133 0.00202581
0.00206596 0.00202148

0.00205547 0.00203119
0.00205971 0.00202734

0.00204375 0.00204158
0.00204667 0.00203906

0.00206719 0.0020203
0.00207206 0.00201562

0.00209648 0.00199054
0.00209496 0.00199219

0.00210234 0.00198411
0.00210035 0.00198633

0.00209648 0.00199056
0.00210033 0.00198633

0.0021082 0.0019775
0.00210562 0.00198047

0.00211406 0.00197072
0.00211075 0.00197461

0.0021082 0.00197753
0.00211072 0.00197461

0.00210234 0.00198414
0.00210558 0.00198047

0.00209062 0.00199682
0.00209495 0.00199219

0.00211406 0.00197074
0.00211574 0.00196875

0.00195 0.00210868
0.00195586 0.00210523

0.00196172 0.00210169
0.0019587 0.00210352

0.00195586 0.00210525
0.00195873 0.00210352

0.00197344 0.00209433
0.00196822 0.00209766

0.00196172 0.0021017
0.00196758 0.00209807

0.00196758 0.00209807
0.00196824 0.00209766

0.00199102 0.00208256
0.0019861 0.00208594

0.00199687 0.00207844
0.00199453 0.00208008

0.00199102 0.00208258
0.00199457 0.00208008

0.0019793 0.0020905
0.00197731 0.0020918

0.00197344 0.00209435
0.00197735 0.0020918

0.0019793 0.00209052
0.00198516 0.00208659

0.00198516 0.00208659
0.00198614 0.00208594

0.00200273 0.0020742
0.00200271 0.00207422

0.00200859 0.00206988
0.00200274 0.00207422

0.00199687 0.00207846
0.00200273 0.00207423

0.00200273 0.00207423
0.00200275 0.00207422

0.00201445 0.00206545
0.00201061 0.00206836

0.00200859 0.00206988
0.00201065 0.00206836

0.00201445 0.00206546
0.00201828 0.0020625

0.00216094 0.00190844
0.00215982 0.00191016

0.00215508 0.00191717
0.00215183 0.00192187

0.00215982 0.00191016
0.00215587 0.00191602

0.00215508 0.00191719
0.00215586 0.00191602

0.00217266 0.00188998
0.00217108 0.00189258

0.00217108 0.00189258
0.00216742 0.00189844

0.00217852 0.00188017
0.00217812 0.00188086

0.00217813 0.00188086
0.00217465 0.00188672

0.00217852 0.00188019
0.00218152 0.001875

0.00217266 0.00189
0.00217465 0.00188672

0.0021668 0.00189941
0.00216367 0.0019043

0.00216094 0.00190846
0.00216367 0.0019043

0.0021668 0.00189943
0.00216742 0.00189844

0.00214922 0.00192556
0.00214769 0.00192773

0.00214769 0.00192773
0.00214345 0.00193359

0.00214336 0.00193371
0.0021391 0.00193945

0.0021375 0.00194159
0.00213909 0.00193945

0.00214336 0.00193372
0.00214345 0.00193359

0.00214922 0.00192558
0.00215183 0.00192187

