-0.00115846 0
-0.00115845 5.85937e-06

-0.00115845 5.85938e-06
-0.0011584 1.17187e-05

-0.0011584 1.17187e-05
-0.00115833 1.75781e-05

-0.00115833 1.75781e-05
-0.00115823 2.34375e-05

-0.00115823 2.34375e-05
-0.0011581 2.92969e-05

-0.0011581 2.92969e-05
-0.00115795 3.51562e-05

-0.00115795 3.51562e-05
-0.00115778 4.10156e-05

-0.00115778 4.10156e-05
-0.00115758 4.6875e-05

-0.00115758 4.6875e-05
-0.00115736 5.27344e-05

-0.00115736 5.27344e-05
-0.00115711 5.85937e-05

-0.00115711 5.85937e-05
-0.00115683 6.44531e-05

-0.00115683 6.44531e-05
-0.00115653 7.03125e-05

-0.00115653 7.03125e-05
-0.00115619 7.61719e-05

-0.00115619 7.61719e-05
-0.00115583 8.20312e-05

-0.00115583 8.20312e-05
-0.00115547 8.73877e-05

-0.00115547 8.73908e-05
-0.00115543 8.78906e-05

-0.00115543 8.78906e-05
-0.00115501 9.375e-05

-0.00115501 9.375e-05
-0.00115456 9.96094e-05

-0.00115456 9.96094e-05
-0.00115409 0.000105469

-0.00115409 0.000105469
-0.00115359 0.000111328

-0.00115359 0.000111328
-0.00115307 0.000117187

-0.00115307 0.000117187
-0.00115252 0.000123047

-0.00115252 0.000123047
-0.00115193 0.000128906

-0.00115193 0.000128906
-0.00115132 0.000134766

-0.00115132 0.000134766
-0.00115068 0.000140625

-0.00115068 0.000140625
-0.00115 0.000146484

-0.00115 0.000146484
-0.00114961 0.000149748

-0.00114961 0.000149742
-0.0011493 0.000152344

-0.00114929 0.000152344
-0.00114857 0.000158203

-0.00114858 0.000158203
-0.00114783 0.000164062

-0.00114783 0.000164062
-0.00114705 0.000169922

-0.00114705 0.000169922
-0.00114624 0.000175781

-0.00114624 0.000175781
-0.00114541 0.000181641

-0.0011454 0.000181641
-0.00114453 0.0001875

-0.00114453 0.0001875
-0.00114375 0.000192592

-0.00114375 0.00019259
-0.00114363 0.000193359

-0.00114362 0.000193359
-0.0011427 0.000199219

-0.00114271 0.000199219
-0.00114177 0.000205078

-0.00114177 0.000205078
-0.00114079 0.000210937

-0.00114079 0.000210937
-0.00113978 0.000216797

-0.00113978 0.000216797
-0.00113874 0.000222656

-0.00113874 0.000222656
-0.00113789 0.000227293

-0.00113789 0.000227288
-0.00113767 0.000228516

-0.00113766 0.000228516
-0.00113657 0.000234375

-0.00113658 0.000234375
-0.00113546 0.000240234

-0.00113546 0.000240234
-0.00113431 0.000246094

-0.00113431 0.000246094
-0.00113312 0.000251953

-0.00113312 0.000251953
-0.00113203 0.00025716

-0.00113203 0.000257157
-0.00113189 0.000257812

-0.00113189 0.000257812
-0.00113065 0.000263672

-0.00113066 0.000263672
-0.0011294 0.000269531

-0.0011294 0.000269531
-0.00112809 0.000275391

-0.00112809 0.000275391
-0.00112675 0.00028125

-0.00112675 0.00028125
-0.00112617 0.000283739

-0.00112617 0.000283709
-0.00112538 0.000287109

-0.00112538 0.000287109
-0.001124 0.000292969

-0.001124 0.000292969
-0.00112259 0.000298828

-0.00112259 0.000298828
-0.00112113 0.000304687

-0.00112113 0.000304687
-0.00112031 0.000307927

-0.00112031 0.000307898
-0.00111964 0.000310547

-0.00111964 0.000310547
-0.00111814 0.000316406

-0.00111814 0.000316406
-0.00111661 0.000322266

-0.00111661 0.000322266
-0.00111503 0.000328125

-0.00111503 0.000328125
-0.00111445 0.000330248

-0.00111445 0.000330204
-0.00111342 0.000333984

-0.00111343 0.000333984
-0.0011118 0.000339844

-0.0011118 0.000339844
-0.00111014 0.000345703

-0.00111014 0.000345703
-0.00110859 0.000351005

-0.00110859 0.000351
-0.00110843 0.000351562

-0.00110842 0.000351562
-0.00110669 0.000357422

-0.00110671 0.000357422
-0.00110497 0.000363281

-0.00110496 0.000363281
-0.00110316 0.000369141

-0.00110316 0.000369141
-0.00110273 0.000370518

-0.00110273 0.000370467
-0.00110132 0.000375

-0.00110133 0.000375
-0.00109949 0.000380859

-0.00109949 0.000380859
-0.00109759 0.000386719

-0.0010976 0.000386719
-0.00109687 0.000388916

-0.00109687 0.000388865
-0.00109566 0.000392578

-0.00109567 0.000392578
-0.00109372 0.000398437

-0.00109372 0.000398437
-0.00109173 0.000404297

-0.00109174 0.000404297
-0.00109102 0.000406384

-0.00109102 0.000406328
-0.00108969 0.000410156

-0.00108971 0.000410156
-0.00108766 0.000416016

-0.00108767 0.000416016
-0.00108558 0.000421875

-0.00108558 0.000421875
-0.00108516 0.000423048

-0.00108516 0.000422981
-0.00108344 0.000427734

-0.00108346 0.000427734
-0.00108131 0.000433594

-0.00108132 0.000433594
-0.0010793 0.000438973

-0.0010793 0.000438967
-0.00107911 0.000439453

-0.00107909 0.000439453
-0.00107688 0.000445312

-0.0010769 0.000445312
-0.00107466 0.000451172

-0.00107466 0.000451172
-0.00107344 0.000454314

-0.00107344 0.000454253
-0.00107235 0.000457031

-0.00107237 0.000457031
-0.00107005 0.000462891

-0.00107006 0.000462891
-0.00106769 0.00046875

-0.0010677 0.00046875
-0.00106758 0.000469038

-0.00106758 0.000468964
-0.00106528 0.000474609

-0.00106531 0.000474609
-0.0010629 0.000480469

-0.00106291 0.000480469
-0.00106172 0.000483302

-0.00106172 0.000483235
-0.00106042 0.000486328

-0.00106043 0.000486328
-0.00105794 0.000492187

-0.00105795 0.000492187
-0.00105586 0.000497012

-0.00105586 0.000496992
-0.0010554 0.000498047

-0.00105539 0.000498047
-0.00105283 0.000503906

-0.00105285 0.000503906
-0.00105025 0.000509766

-0.00105026 0.000509766
-0.00105 0.000510347

-0.00105 0.000510257
-0.00104759 0.000515625

-0.00104762 0.000515625
-0.00104496 0.000521484

-0.00104497 0.000521484
-0.00104414 0.000523269

-0.00104414 0.000523178
-0.00104221 0.000527344

-0.00104223 0.000527344
-0.00103948 0.000533203

-0.00103949 0.000533203
-0.00103828 0.000535741

-0.00103828 0.000535666
-0.00103666 0.000539062

-0.00103668 0.000539062
-0.00103384 0.000544922

-0.00103386 0.000544922
-0.00103242 0.000547856

-0.00103242 0.000547793
-0.00103096 0.000550781

-0.00103097 0.000550781
-0.00102806 0.000556641

-0.00102808 0.000556641
-0.00102656 0.000559662

-0.00102656 0.000559598
-0.0010251 0.0005625

-0.00102512 0.0005625
-0.00102213 0.000568359

-0.00102215 0.000568359
-0.0010207 0.000571173

-0.0010207 0.000571096
-0.00101909 0.000574219

-0.00101911 0.000574219
-0.00101605 0.000580078

-0.00101607 0.000580078
-0.00101484 0.000582402

-0.00101484 0.000582311
-0.00101292 0.000585937

-0.00101295 0.000585937
-0.0010098 0.000591797

-0.00100983 0.000591797
-0.00100898 0.000593348

-0.00100898 0.000593254
-0.00100659 0.000597656

-0.00100662 0.000597656
-0.00100339 0.000603516

-0.0010034 0.000603516
-0.00100313 0.000604013

-0.00100312 0.000603937
-0.00100009 0.000609375

-0.00100013 0.000609375
-0.000997266 0.000614461

-0.000997266 0.000614436
-0.000996817 0.000615234

-0.000996804 0.000615234
-0.000993455 0.000621094

-0.000993492 0.000621094
-0.000991406 0.0006247

-0.000991406 0.000624625
-0.00099006 0.000626953

-0.000990078 0.000626953
-0.000986629 0.000632812

-0.00098667 0.000632812
-0.000985547 0.000634703

-0.000985547 0.000634589
-0.000983121 0.000638672

-0.000983157 0.000638672
-0.000979688 0.000644427

-0.000979687 0.000644424
-0.000979624 0.000644531

-0.000979603 0.000644531
-0.000976032 0.000650391

-0.000976072 0.000650391
-0.000973828 0.000654031

-0.000973828 0.000653954
-0.000972413 0.00065625

-0.000972432 0.00065625
-0.000968753 0.000662109

-0.000968797 0.000662109
-0.000967969 0.000663433

-0.000967969 0.000663311
-0.000965019 0.000667969

-0.000965053 0.000667969
-0.000962109 0.000672558

-0.000962109 0.000672521
-0.000961281 0.000673828

-0.000961282 0.000673828
-0.000957464 0.000679687

-0.000957514 0.000679687
-0.00095625 0.000681624

-0.00095625 0.000681488
-0.00095358 0.000685547

-0.000953617 0.000685547
-0.000950391 0.000690392

-0.000950391 0.000690361
-0.000949713 0.000691406

-0.000949707 0.000691406
-0.000945751 0.000697266

-0.000945801 0.000697266
-0.000944531 0.000699155

-0.000944531 0.000699014
-0.000941727 0.000703125

-0.000941764 0.000703125
-0.000938672 0.000707602

-0.000938672 0.000707558
-0.000937711 0.000708984

-0.000937711 0.000708984
-0.000933603 0.000714844

-0.000933638 0.000714844
-0.000932813 0.000716035

-0.000932812 0.000715934
-0.000929433 0.000720703

-0.000929469 0.000720703
-0.000926953 0.000724218

-0.000926953 0.000724138
-0.000925234 0.000726562

-0.000925263 0.000726562
-0.000921094 0.00073229

-0.000921094 0.00073229
-0.000920998 0.000732422

-0.000920983 0.000732422
-0.00091666 0.000738281

-0.000916702 0.000738281
-0.000915234 0.000740295

-0.000915234 0.000740172
-0.000912275 0.000744141

-0.000912308 0.000744141
-0.000909375 0.000748024

-0.000909375 0.000747963
-0.000907864 0.00075

-0.000907881 0.00075
-0.000903516 0.000755686

-0.000903516 0.000755687
-0.000903383 0.000755859

-0.00090337 0.000755859
-0.000898806 0.000761719

-0.000898844 0.000761719
-0.000897656 0.000763251

-0.000897656 0.000763163
-0.000894184 0.000767578

-0.000894209 0.000767578
-0.000891797 0.000770654

-0.000891797 0.000770546
-0.000889535 0.000773437

-0.000889545 0.000773437
-0.000885937 0.00077791

-0.000885938 0.000777887
-0.000884807 0.000779297

-0.000884819 0.000779297
-0.000880078 0.000785087

-0.000880078 0.000785089
-0.000880023 0.000785156

-0.000880013 0.000785156
-0.000875156 0.000791016

-0.000875187 0.000791016
-0.000874219 0.000792184

-0.000874219 0.000792125
-0.000870249 0.000796875

-0.000870278 0.000796875
-0.000868359 0.000799179

-0.000868359 0.00079909
-0.000865316 0.000802734

-0.000865309 0.000802734
-0.0008625 0.00080609

-0.0008625 0.000806016
-0.000860321 0.000808594

-0.000860325 0.000808594
-0.000856641 0.000812868

-0.000856641 0.000812841
-0.000855246 0.000814453

-0.000855257 0.000814453
-0.000850781 0.000819542

-0.000850781 0.000819541
-0.0008501 0.000820312

-0.000850107 0.000820312
-0.000844922 0.000826109

-0.000844922 0.000826111
-0.000844867 0.000826172

-0.00084486 0.000826172
-0.000839537 0.000832031

-0.000839547 0.000832031
-0.000839062 0.000832561

-0.000839063 0.000832543
-0.000834145 0.000837891

-0.000834167 0.000837891
-0.000833203 0.000838932

-0.000833203 0.000838893
-0.000828696 0.00084375

-0.000828715 0.00084375
-0.000827344 0.000845217

-0.000827344 0.000845165
-0.000823196 0.000849609

-0.000823196 0.000849609
-0.000821484 0.000851417

-0.000821484 0.000851382
-0.000817615 0.000855469

-0.000817605 0.000855469
-0.000815625 0.000857531

-0.000815625 0.000857516
-0.000811953 0.000861328

-0.00081194 0.000861328
-0.000809766 0.000863559

-0.000809766 0.000863558
-0.000806208 0.000867187

-0.000806195 0.000867187
-0.000803906 0.0008695

-0.000803906 0.00086951
-0.000800383 0.000873047

-0.000800367 0.000873047
-0.000798047 0.000875358

-0.000798047 0.000875377
-0.000794477 0.000878906

-0.000794461 0.000878906
-0.000792188 0.000881139

-0.000792188 0.000881168
-0.000788494 0.000884766

-0.000788473 0.000884766
-0.000786328 0.000886845

-0.000786328 0.000886887
-0.000782429 0.000890625

-0.000782402 0.000890625
-0.000780469 0.000892472

-0.000780469 0.000892534
-0.000776273 0.000896484

-0.000776237 0.000896484
-0.000774609 0.000898016

-0.000774609 0.000898084
-0.000770027 0.000902344

-0.000769976 0.000902344
-0.00076875 0.000903479

-0.00076875 0.000903535
-0.000763663 0.000908203

-0.000763627 0.000908203
-0.000762891 0.000908875

-0.000762891 0.000908906
-0.000757182 0.000914062

-0.000757176 0.000914062
-0.000757031 0.000914193

-0.000757031 0.000914192
-0.000751172 0.000919417

-0.000751172 0.000919422
-0.000750608 0.000919922

-0.000750596 0.000919922
-0.000745313 0.000924587

-0.000745313 0.000924609
-0.000743974 0.000925781

-0.000743946 0.000925781
-0.000739453 0.000929702

-0.000739453 0.000929759
-0.000737271 0.000931641

-0.000737226 0.000931641
-0.000733594 0.000934743

-0.000733594 0.000934852
-0.000730451 0.0009375

-0.000730384 0.0009375
-0.000727734 0.000939729

-0.000727734 0.000939825
-0.000723528 0.000943359

-0.000723446 0.000943359
-0.000721875 0.000944667

-0.000721875 0.000944732
-0.00071645 0.000949219

-0.000716436 0.000949219
-0.000716016 0.000949564

-0.000716016 0.000949573
-0.000710156 0.000954346

-0.000710156 0.000954363
-0.000709269 0.000955078

-0.000709238 0.000955078
-0.000704297 0.000959057

-0.000704297 0.000959142
-0.000702011 0.000960937

-0.000701897 0.000960937
-0.000698438 0.000963676

-0.000698438 0.000963768
-0.000694575 0.000966797

-0.000694458 0.000966797
-0.000692578 0.000968246

-0.000692578 0.000968327
-0.000686969 0.000972656

-0.000686965 0.000972656
-0.000686719 0.000972844

-0.000686719 0.000972842
-0.000680859 0.000977308

-0.000680859 0.000977363
-0.000679319 0.000978516

-0.000679237 0.000978516
-0.000675 0.000981718

-0.000675 0.000981806
-0.000671557 0.000984375

-0.000671373 0.000984375
-0.000669141 0.000986012

-0.000669141 0.000986117
-0.000663538 0.000990234

-0.000663537 0.000990234
-0.000663281 0.00099042

-0.000663281 0.000990416
-0.000657422 0.000994672

-0.000657422 0.000994759
-0.000655539 0.000996094

-0.000655397 0.000996094
-0.000651563 0.000998856

-0.000651563 0.000998926
-0.000647299 0.00100195

-0.000647201 0.00100195
-0.000645703 0.00100299

-0.000645703 0.00100306
-0.000639844 0.00100715

-0.000639844 0.00100719
-0.000638935 0.00100781

-0.000638868 0.00100781
-0.000633984 0.00101119

-0.000633984 0.00101127
-0.000630472 0.00101367

-0.000630256 0.00101367
-0.000628125 0.00101512

-0.000628125 0.00101521
-0.000622266 0.00101914

-0.000622266 0.00101917
-0.000621715 0.00101953

-0.000621662 0.00101953
-0.000616406 0.00102302

-0.000616406 0.0010231
-0.000612908 0.00102539

-0.000612689 0.00102539
-0.000610547 0.00102679

-0.000610547 0.00102688
-0.000604688 0.00103065

-0.000604688 0.0010307
-0.00060381 0.00103125

-0.000603708 0.00103125
-0.000598828 0.00103436

-0.000598828 0.00103441
-0.000594539 0.00103711

-0.000594436 0.00103711
-0.000592969 0.00103803

-0.000592969 0.00103807
-0.000587109 0.00104168

-0.000587109 0.00104178
-0.000585177 0.00104297

-0.000584913 0.00104297
-0.00058125 0.00104521

-0.00058125 0.00104529
-0.000575391 0.00104882

-0.000575341 0.00104883
-0.000569531 0.0010523

-0.000569531 0.00105235
-0.000565567 0.00105469

-0.000565441 0.00105469
-0.000563672 0.00105573

-0.000563672 0.00105577
-0.000557813 0.00105917

-0.000557813 0.00105926
-0.000555573 0.00106055

-0.000555325 0.00106055
-0.000551953 0.00106249

-0.000551953 0.00106256
-0.000546094 0.00106588

-0.000546094 0.00106593
-0.000545254 0.00106641

-0.000545076 0.00106641
-0.000540234 0.00106912

-0.000540234 0.00106918
-0.000534653 0.00107227

-0.000534647 0.00107227
-0.000534375 0.00107242

-0.000534375 0.00107238
-0.000528516 0.00107558

-0.000528516 0.00107563
-0.000523891 0.00107812

-0.000523839 0.00107812
-0.000522656 0.00107876

-0.000522656 0.00107875
-0.000516797 0.00108187

-0.000516797 0.00108192
-0.000512877 0.00108398

-0.000512763 0.00108398
-0.000510938 0.00108495

-0.000510937 0.00108496
-0.000505078 0.001088

-0.000505078 0.00108805
-0.000501589 0.00108984

-0.000501437 0.00108984
-0.000499219 0.00109098

-0.000499219 0.00109101
-0.000493359 0.00109397

-0.000493359 0.00109402
-0.000489996 0.0010957

-0.000489838 0.0010957
-0.0004875 0.00109687

-0.0004875 0.0010969
-0.000481641 0.00109979

-0.000481641 0.00109983
-0.000478079 0.00110156

-0.000477941 0.00110156
-0.000475781 0.00110261

-0.000475781 0.00110263
-0.000469922 0.00110545

-0.000469922 0.00110549
-0.000465835 0.00110742

-0.000465747 0.00110742
-0.000464063 0.00110822

-0.000464062 0.00110822
-0.000458203 0.00111096

-0.000458203 0.001111
-0.000453274 0.00111328

-0.000453255 0.00111328
-0.000452344 0.0011137

-0.000452344 0.00111367
-0.000446484 0.00111634

-0.000446484 0.00111638
-0.000440625 0.00111901

-0.000440625 0.00111903
-0.000440372 0.00111914

-0.000440256 0.00111914
-0.000434766 0.00112156

-0.000434766 0.00112159
-0.000428906 0.00112414

-0.000428906 0.0011242
-0.000427022 0.001125

-0.000426776 0.001125
-0.000423047 0.00112659

-0.000423047 0.00112662
-0.000417188 0.0011291

-0.000417187 0.00112913
-0.000413017 0.00113086

-0.000412952 0.00113086
-0.000411328 0.00113153

-0.000411328 0.00113152
-0.000405469 0.00113392

-0.000405469 0.00113395
-0.000399609 0.00113632

-0.000399609 0.00113636
-0.000398711 0.00113672

-0.000398504 0.00113672
-0.00039375 0.00113859

-0.00039375 0.00113861
-0.000387891 0.0011409

-0.000387891 0.00114092
-0.000383563 0.00114258

-0.000383515 0.00114258
-0.000382031 0.00114315

-0.000382031 0.00114313
-0.000376172 0.00114533

-0.000376172 0.00114535
-0.000370313 0.00114752

-0.000370312 0.00114755
-0.000367853 0.00114844

-0.000367683 0.00114844
-0.000364453 0.0011496

-0.000364453 0.00114961
-0.000358594 0.00115171

-0.000358594 0.00115173
-0.000352734 0.00115378

-0.000352734 0.00115381
-0.000351313 0.0011543

-0.000351118 0.0011543
-0.000346875 0.00115574

-0.000346875 0.00115575
-0.000341016 0.00115773

-0.000341016 0.00115775
-0.000335156 0.00115969

-0.000335156 0.00115972
-0.000333782 0.00116016

-0.000333591 0.00116016
-0.000329297 0.00116153

-0.000329297 0.00116154
-0.000323438 0.0011634

-0.000323437 0.00116342
-0.000317578 0.00116524

-0.000317578 0.00116526
-0.000315082 0.00116602

-0.000314941 0.00116602
-0.000311719 0.00116699

-0.000311719 0.001167
-0.000305859 0.00116875

-0.000305859 0.00116875
-0.0003 0.00117048

-0.0003 0.0011705
-0.00029517 0.00117187

-0.000295148 0.00117187
-0.000294141 0.00117216

-0.000294141 0.00117215
-0.000288281 0.00117377

-0.000288281 0.00117377
-0.000282422 0.00117538

-0.000282422 0.00117539
-0.000276563 0.00117696

-0.000276562 0.00117696
-0.000273568 0.00117773

-0.000273481 0.00117773
-0.000270703 0.00117845

-0.000270703 0.00117846
-0.000264844 0.00117994

-0.000264844 0.00117994
-0.000258984 0.00118141

-0.000258984 0.00118142
-0.000253125 0.00118285

-0.000253125 0.00118285
-0.000249982 0.00118359

-0.000249911 0.00118359
-0.000247266 0.00118422

-0.000247266 0.00118422
-0.000241406 0.00118557

-0.000241406 0.00118557
-0.000235547 0.0011869

-0.000235547 0.0011869
-0.000229687 0.00118821

-0.000229687 0.00118822
-0.000223914 0.00118945

-0.000223911 0.00118945
-0.000223828 0.00118947

-0.000223828 0.00118945
-0.000217969 0.00119065

-0.000217969 0.00119066
-0.000212109 0.00119184

-0.000212109 0.00119184
-0.00020625 0.001193

-0.00020625 0.001193
-0.000200391 0.00119412

-0.000200391 0.00119413
-0.000194531 0.00119521

-0.000194531 0.00119522
-0.000193993 0.00119531

-0.000193874 0.00119531
-0.000188672 0.00119623

-0.000188672 0.00119623
-0.000182812 0.00119724

-0.000182813 0.00119724
-0.000176953 0.00119822

-0.000176953 0.00119822
-0.000171094 0.00119917

-0.000171094 0.00119917
-0.000165234 0.00120008

-0.000165234 0.00120009
-0.000159375 0.00120095

-0.000159375 0.00120095
-0.000157761 0.00120117

-0.000157694 0.00120117
-0.000153516 0.00120176

-0.000153516 0.00120176
-0.000147656 0.00120255

-0.000147656 0.00120255
-0.000141797 0.00120332

-0.000141797 0.00120332
-0.000135937 0.00120406

-0.000135938 0.00120406
-0.000130078 0.00120476

-0.000130078 0.00120476
-0.000124219 0.00120543

-0.000124219 0.00120543
-0.000118359 0.00120608

-0.000118359 0.00120608
-0.0001125 0.00120668

-0.0001125 0.00120669
-0.000108928 0.00120703

-0.000108898 0.00120703
-0.000106641 0.00120725

-0.000106641 0.00120725
-0.000100781 0.00120778

-0.000100781 0.00120778
-9.49219e-05 0.0012083

-9.49219e-05 0.0012083
-8.90625e-05 0.00120879

-8.90625e-05 0.00120879
-8.32031e-05 0.00120925

-8.32031e-05 0.00120925
-7.73438e-05 0.00120968

-7.73438e-05 0.00120968
-7.14844e-05 0.00121009

-7.14844e-05 0.00121009
-6.5625e-05 0.00121046

-6.5625e-05 0.00121046
-5.97656e-05 0.0012108

-5.97656e-05 0.0012108
-5.39063e-05 0.00121111

-5.39063e-05 0.00121111
-4.80469e-05 0.00121139

-4.80469e-05 0.00121139
-4.21875e-05 0.00121164

-4.21875e-05 0.00121164
-3.63281e-05 0.00121186

-3.63281e-05 0.00121186
-3.04688e-05 0.00121205

-3.04688e-05 0.00121205
-2.46094e-05 0.00121221

-2.46094e-05 0.00121221
-1.875e-05 0.00121234

-1.875e-05 0.00121234
-1.28906e-05 0.00121243

-1.28906e-05 0.00121243
-7.03125e-06 0.0012125

-7.03125e-06 0.0012125
-1.17187e-06 0.00121253

-1.17187e-06 0.00121253
4.6875e-06 0.00121253

4.6875e-06 0.00121253
1.05469e-05 0.0012125

1.05469e-05 0.0012125
1.64062e-05 0.00121244

1.64063e-05 0.00121244
2.22656e-05 0.00121235

2.22656e-05 0.00121235
2.8125e-05 0.00121222

2.8125e-05 0.00121222
3.39844e-05 0.00121207

3.39844e-05 0.00121207
3.98437e-05 0.00121188

3.98438e-05 0.00121188
4.57031e-05 0.00121166

4.57031e-05 0.00121166
5.15625e-05 0.00121141

5.15625e-05 0.00121141
5.74219e-05 0.00121113

5.74219e-05 0.00121113
6.32812e-05 0.00121082

6.32813e-05 0.00121082
6.91406e-05 0.00121048

6.91406e-05 0.00121048
7.5e-05 0.00121011

0.000444141 0.00112485
0.000443774 0.001125

0.000444141 0.00112481
0.00045 0.0011224

7.5e-05 0.00121011
8.08594e-05 0.0012097

8.08594e-05 0.0012097
8.67187e-05 0.00120927

8.67188e-05 0.00120927
9.25781e-05 0.0012088

9.25781e-05 0.0012088
9.84375e-05 0.0012083

9.84375e-05 0.0012083
0.000104297 0.00120778

0.000104297 0.00120778
0.000110156 0.00120721

0.000116016 0.00120662
0.000111941 0.00120703

0.000116016 0.00120662
0.000121875 0.001206

0.000110156 0.00120721
0.000111952 0.00120703

0.000121875 0.00120601
0.000127734 0.00120536

0.000127734 0.00120536
0.000133594 0.00120468

0.000133594 0.00120468
0.000139453 0.00120398

0.000139453 0.00120398
0.000145312 0.00120324

0.000145312 0.00120324
0.000151172 0.00120248

0.000151172 0.00120248
0.000157031 0.00120169

0.000162891 0.00120086
0.000160675 0.00120117

0.000157031 0.00120169
0.000160689 0.00120117

0.000162891 0.00120086
0.00016875 0.00120001

0.00016875 0.00120001
0.000174609 0.00119914

0.000174609 0.00119914
0.000180469 0.00119823

0.000180469 0.00119823
0.000186328 0.0011973

0.000186328 0.0011973
0.000192187 0.00119633

0.000203906 0.00119431
0.00019817 0.00119531

0.000203906 0.00119431
0.000209766 0.00119326

0.000209766 0.00119326
0.000215625 0.00119217

0.000192187 0.00119633
0.000198047 0.00119534

0.000198047 0.00119533
0.000198174 0.00119531

0.000215625 0.00119217
0.000221484 0.00119106

0.000221484 0.00119106
0.000227344 0.00118991

0.000233203 0.00118873
0.000229598 0.00118945

0.000227344 0.00118991
0.000229609 0.00118945

0.000233203 0.00118873
0.000239062 0.00118752

0.000239062 0.00118752
0.000244922 0.00118628

0.000244922 0.00118628
0.000250781 0.001185

0.0002625 0.00118236
0.000257081 0.00118359

0.000250781 0.001185
0.000256641 0.0011837

0.000256641 0.00118369
0.000257084 0.00118359

0.000309375 0.00117053
0.000304427 0.00117187

0.0002625 0.00118236
0.000268359 0.00118099

0.000268359 0.00118099
0.000274219 0.00117959

0.000274219 0.00117959
0.000280078 0.00117816

0.000285937 0.0011767
0.000281783 0.00117773

0.000280078 0.00117816
0.000281789 0.00117773

0.000285937 0.0011767
0.000291797 0.0011752

0.000291797 0.0011752
0.000297656 0.00117368

0.000297656 0.00117368
0.000303516 0.00117212

0.000303516 0.00117212
0.00030443 0.00117187

0.000309375 0.00117053
0.000315234 0.00116891

0.000315234 0.00116891
0.000321094 0.00116726

0.000326953 0.00116558
0.000325427 0.00116602

0.000321094 0.00116726
0.000325425 0.00116602

0.000326953 0.00116558
0.000332812 0.00116386

0.000332812 0.00116386
0.000338672 0.00116211

0.000338672 0.00116211
0.000344531 0.00116033

0.000350391 0.00115852
0.000345099 0.00116016

0.000350391 0.00115852
0.00035625 0.00115667

0.000344531 0.00116033
0.000345098 0.00116016

0.00035625 0.00115667
0.000362109 0.00115479

0.000367969 0.00115288
0.00036362 0.0011543

0.000362109 0.00115479
0.000363616 0.0011543

0.000367969 0.00115288
0.000373828 0.00115093

0.000373828 0.00115093
0.000379687 0.00114894

0.000385547 0.00114693
0.000381168 0.00114844

0.000385547 0.00114693
0.000391406 0.00114488

0.000391406 0.00114488
0.000397266 0.00114279

0.000403125 0.00114067
0.000397861 0.00114258

0.000397266 0.00114279
0.000397857 0.00114258

0.000379687 0.00114894
0.000381161 0.00114844

0.000414844 0.00113634
0.000413834 0.00113672

0.000403125 0.00114067
0.000408984 0.00113851

0.000408984 0.00113851
0.000413764 0.00113672

0.000414844 0.00113632
0.000420703 0.00113409

0.000420703 0.00113409
0.000426562 0.00113182

0.000432422 0.00112953
0.000429034 0.00113086

0.000426562 0.00113182
0.000429007 0.00113086

0.000432422 0.00112952
0.000438281 0.00112719

0.000438281 0.00112718
0.000443668 0.001125

0.0011945 0
0.00119448 5.85937e-06

0.00119448 5.85938e-06
0.00119444 1.17187e-05

0.00119444 1.17187e-05
0.00119436 1.75781e-05

0.00119436 1.75781e-05
0.00119425 2.34375e-05

0.00119414 2.76733e-05
0.0011941 2.92969e-05

0.0011941 2.92969e-05
0.00119392 3.51562e-05

0.00119414 2.76617e-05
0.00119425 2.34375e-05

0.00119392 3.51562e-05
0.00119371 4.10156e-05

0.00119371 4.10156e-05
0.00119347 4.6875e-05

0.00119347 4.6875e-05
0.00119321 5.27344e-05

0.00119321 5.27344e-05
0.00119292 5.85937e-05

0.00119292 5.85937e-05
0.0011926 6.44531e-05

0.0011926 6.44531e-05
0.00119226 7.03125e-05

0.00119226 7.03125e-05
0.00119189 7.61719e-05

0.00119189 7.61719e-05
0.00119149 8.20312e-05

0.00119149 8.20312e-05
0.00119107 8.78906e-05

0.00119107 8.78906e-05
0.00119062 9.375e-05

0.00119062 9.375e-05
0.00119014 9.96094e-05

0.00119014 9.96094e-05
0.00118963 0.000105469

0.00118963 0.000105469
0.00118909 0.000111328

0.00118909 0.000111328
0.00118851 0.000117187

0.00118828 0.000119391
0.00118791 0.000123047

0.00118791 0.000123047
0.00118728 0.000128906

0.00118729 0.000128906
0.00118664 0.000134766

0.00118664 0.000134766
0.00118596 0.000140625

0.00118828 0.000119416
0.00118851 0.000117187

0.00118596 0.000140625
0.00118524 0.000146484

0.00118524 0.000146484
0.0011845 0.000152344

0.0011845 0.000152344
0.00118373 0.000158203

0.00118373 0.000158203
0.00118292 0.000164062

0.00118242 0.000167533
0.00118208 0.000169922

0.00118208 0.000169922
0.00118123 0.000175781

0.00118242 0.000167559
0.00118292 0.000164062

0.00118123 0.000175781
0.00118036 0.000181641

0.00118036 0.000181641
0.00117945 0.0001875

0.00117656 0.000204744
0.0011765 0.000205078

0.00117649 0.000205078
0.00117546 0.000210937

0.00117547 0.000210937
0.00117442 0.000216797

0.00117441 0.000216797
0.00117332 0.000222656

0.00117332 0.000222656
0.00117218 0.000228516

0.00117218 0.000228516
0.001171 0.000234375

0.00117945 0.0001875
0.0011785 0.000193359

0.0011785 0.000193359
0.00117752 0.000199219

0.00117656 0.000204748
0.00117752 0.000199219

0.0011707 0.000235779
0.00116979 0.000240234

0.0011698 0.000240234
0.00116858 0.000246094

0.0011707 0.000235859
0.00117101 0.000234375

0.00116859 0.000246094
0.00116733 0.000251953

0.00116733 0.000251953
0.00116602 0.000257812

0.00116484 0.000262937
0.00116468 0.000263672

0.00116467 0.000263672
0.00116331 0.000269531

0.00116333 0.000269531
0.00116195 0.000275391

0.00116195 0.000275391
0.00116052 0.00028125

0.00116484 0.000262959
0.00116602 0.000257812

0.00115312 0.000309553
0.00115285 0.000310547

0.00115285 0.000310547
0.00115123 0.000316406

0.00115125 0.000316406
0.00114961 0.000322266

0.00114961 0.000322266
0.00114792 0.000328125

0.00114141 0.000349884
0.00114089 0.000351562

0.00114727 0.000330268
0.00114618 0.000333984

0.0011462 0.000333984
0.00114447 0.000339844

0.00114727 0.000330459
0.00114795 0.000328125

0.00114448 0.000339844
0.00114272 0.000345703

0.00114141 0.000349996
0.00114273 0.000345703

0.0011409 0.000351562
0.00113909 0.000357422

0.0011391 0.000357422
0.00113727 0.000363281

0.00113555 0.000368604
0.00113537 0.000369141

0.00113537 0.000369141
0.00113348 0.000375

0.00113555 0.000368644
0.00113727 0.000363281

0.00115898 0.000287243
0.00115752 0.000292969

0.00116052 0.00028125
0.00115904 0.000287109

0.00115898 0.000287354
0.00115905 0.000287109

0.00115754 0.000292969
0.00115603 0.000298828

0.00115603 0.000298828
0.00115447 0.000304687

0.00115312 0.000309603
0.00115447 0.000304687

0.0010125 0.00065565
0.00101214 0.00065625

0.000965625 0.000724231
0.000963897 0.000726562

0.000948047 0.000747038
0.000945725 0.00075

0.000953906 0.000739732
0.000950447 0.000744141

0.000948047 0.000747326
0.000950535 0.000744141

0.000959766 0.000731786
0.000959284 0.000732422

0.000959601 0.000732422
0.000955065 0.000738281

0.000959766 0.000732244
0.000964102 0.000726562

0.000953906 0.000739869
0.000955127 0.000738281

0.000983203 0.000700154
0.000981118 0.000703125

0.000989062 0.000691939
0.00098538 0.000697266

0.000983203 0.000700571
0.000985517 0.000697266

0.00100078 0.000674443
0.000997338 0.000679687

0.00100664 0.000665106
0.00100482 0.000667969

0.00101235 0.00065625
0.00100869 0.000662109

0.00100664 0.000665586
0.00100885 0.000662109

0.00100498 0.000667969
0.00100119 0.000673828

0.00100078 0.000674504
0.00100121 0.000673828

0.000994922 0.000683003
0.000993226 0.000685547

0.000993425 0.000685547
0.000989433 0.000691406

0.000994922 0.000683521
0.000997485 0.000679687

0.000989062 0.00069199
0.000989452 0.000691406

0.000977344 0.000708177
0.000976774 0.000708984

0.00097706 0.000708984
0.000972797 0.000714844

0.000971484 0.000716576
0.000968437 0.000720703

0.000965625 0.000724649
0.000968579 0.000720703

0.000971484 0.000716781
0.00097287 0.000714844

0.000977344 0.000708642
0.000981297 0.000703125

0.00110625 0.000454109
0.00110518 0.000457031

0.00110523 0.000457031
0.00110309 0.000462891

0.00110311 0.000462891
0.00110095 0.00046875

0.00109453 0.000485801
0.00109433 0.000486328

0.00109432 0.000486328
0.00109208 0.000492187

0.00110039 0.000470119
0.00109872 0.000474609

0.00109876 0.000474609
0.00109657 0.000480469

0.00110039 0.000470377
0.001101 0.00046875

0.00109453 0.00048585
0.00109658 0.000480469

0.00108867 0.000500861
0.00108747 0.000503906

0.00109211 0.000492187
0.00108986 0.000498047

0.00108867 0.000501196
0.00108991 0.000498047

0.00108753 0.000503906
0.00108522 0.000509766

0.00108524 0.000509766
0.00108288 0.000515625

0.00108281 0.000515718
0.00108047 0.000521484

0.00108051 0.000521484
0.00107811 0.000527344

0.00107695 0.000529835
0.00107554 0.000533203

0.00107562 0.000533203
0.00107313 0.000539062

0.00107695 0.000530301
0.0010782 0.000527344

0.00107109 0.000543647
0.00107054 0.000544922

0.00107058 0.000544922
0.00106801 0.000550781

0.00106523 0.000556965
0.00106272 0.0005625

0.00106804 0.000550781
0.00106542 0.000556641

0.00106523 0.000557066
0.00106543 0.000556641

0.00107109 0.000543853
0.00107317 0.000539062

0.00108281 0.000515812
0.00108289 0.000515625

0.00112969 0.000386637
0.00112966 0.000386719

0.00112964 0.000386719
0.0011277 0.000392578

0.00112772 0.000392578
0.00112578 0.000398437

0.00111797 0.000421167
0.00111772 0.000421875

0.00112383 0.000404145
0.00112378 0.000404297

0.00112376 0.000404297
0.00112176 0.000410156

0.00112383 0.000404162
0.00112578 0.000398437

0.00112179 0.000410156
0.0011198 0.000416016

0.00111797 0.000421252
0.0011198 0.000416016

0.0011335 0.000375
0.00113161 0.000380859

0.00112969 0.000386643
0.00113161 0.000380859

0.00111772 0.000421875
0.00111568 0.000427734

0.00111571 0.000427734
0.00111366 0.000433594

0.00111211 0.000437793
0.00111152 0.000439453

0.00111155 0.000439453
0.00110946 0.000445312

0.00111211 0.00043798
0.00111367 0.000433594

0.00110948 0.000445312
0.00110739 0.000451172

0.00110625 0.000454387
0.00110742 0.000451172

0.00105937 0.00056965
0.00105721 0.000574219

0.00105352 0.00058182
0.00105149 0.000585937

0.00105726 0.000574219
0.00105444 0.000580078

0.00105352 0.000582124
0.00105452 0.000580078

0.00104766 0.000593532
0.00104554 0.000597656

0.0010418 0.000604835
0.00103939 0.000609375

0.0010456 0.000597656
0.00104254 0.000603516

0.0010418 0.00060505
0.00104261 0.000603516

0.00105155 0.000585937
0.0010486 0.000591797

0.00104766 0.000593819
0.00104869 0.000591797

0.00103594 0.000615761
0.001033 0.000621094

0.00103008 0.000625939
0.00102951 0.000626953

0.00102971 0.000626953
0.00102635 0.000632812

0.00103008 0.000626432
0.00103308 0.000621094

0.00102422 0.000636208
0.00102279 0.000638672

0.00102296 0.000638672
0.00101948 0.000644531

0.00101836 0.000646329
0.00101591 0.000650391

0.0010125 0.000656063
0.00101599 0.000650391

0.00101836 0.000646567
0.00101958 0.000644531

0.00102422 0.000636745
0.0010265 0.000632812

0.00103944 0.000609375
0.00103626 0.000615234

0.00103594 0.000615874
0.00103629 0.000615234

0.00106276 0.0005625
0.00106004 0.000568359

0.00105937 0.000569893
0.0010601 0.000568359

0.00045 0.0011224
0.000455859 0.00111995

0.000461719 0.00111747
0.000457787 0.00111914

0.000455859 0.00111995
0.000457766 0.00111914

0.000473437 0.00111242
0.000471456 0.00111328

0.000461719 0.00111747
0.000467578 0.00111495

0.000467578 0.00111493
0.000471366 0.00111328

0.000473438 0.00111239
0.000479297 0.0011098

0.000485156 0.00110722
0.000484697 0.00110742

0.000479297 0.00110979
0.000484563 0.00110742

0.000485156 0.00110716
0.000491016 0.00110449

0.000491016 0.00110449
0.000496875 0.00110178

0.000502734 0.00109903
0.000497342 0.00110156

0.000502734 0.00109903
0.000508594 0.00109624

0.000514453 0.00109342
0.00050972 0.0010957

0.000508594 0.00109624
0.000509708 0.0010957

0.000514453 0.00109342
0.000520312 0.00109055

0.000496875 0.00110178
0.000497339 0.00110156

0.000526172 0.00108766
0.000521756 0.00108984

0.000526172 0.00108765
0.000532031 0.00108471

0.000520313 0.00109055
0.000521732 0.00108984

0.000537891 0.00108173
0.000533466 0.00108398

0.000532031 0.0010847
0.00053344 0.00108398

0.000537891 0.00108173
0.00054375 0.00107871

0.000631641 0.00102837
0.000627042 0.00103125

0.0006375 0.00102481
0.000636567 0.00102539

0.000631641 0.00102834
0.000636293 0.00102539

0.000549609 0.00107565
0.000544871 0.00107812

0.000549609 0.00107564
0.000555469 0.00107254

0.000567187 0.00106633
0.000567047 0.00106641

0.000561328 0.00106941
0.000555994 0.00107227

0.000555469 0.00107254
0.000555986 0.00107227

0.000561328 0.0010694
0.000566831 0.00106641

0.000590625 0.0010531
0.000587848 0.00105469

0.000567188 0.00106622
0.000573047 0.001063

0.000578906 0.0010598
0.000577566 0.00106055

0.000573047 0.00106297
0.000577394 0.00106055

0.000578906 0.00105973
0.000584766 0.00105642

0.000584766 0.00105639
0.000587744 0.00105469

0.00054375 0.0010787
0.000544852 0.00107812

0.000590625 0.00105307
0.000596484 0.00104967

0.000602344 0.00104624
0.000597933 0.00104883

0.000596484 0.00104966
0.000597908 0.00104883

0.000608203 0.00104289
0.000608067 0.00104297

0.000608203 0.00104275
0.000614062 0.00103923

0.000602344 0.00104623
0.000607825 0.00104297

0.000619922 0.00103571
0.000617634 0.00103711

0.000614063 0.00103918
0.000617459 0.00103711

0.000619922 0.00103565
0.000625781 0.00103203

0.000625781 0.00103202
0.000627022 0.00103125

0.000760547 0.000935581
0.000758147 0.0009375

0.000766406 0.000930799
0.000765378 0.000931641

0.000760547 0.000935483
0.000765238 0.000931641

0.000778125 0.000920941
0.000772349 0.000925781

0.000766406 0.000930706
0.000772266 0.000925852

0.000772266 0.000925851
0.000772349 0.000925781

0.000813281 0.000890245
0.000812861 0.000890625

0.000813281 0.000890254
0.000819141 0.000884916

0.000825 0.000879511
0.000819303 0.000884766

0.000819141 0.000884921
0.00081931 0.000884766

0.000789844 0.000910972
0.000786202 0.000914062

0.000801563 0.000900718
0.000799707 0.000902344

0.000795703 0.000905868
0.000792991 0.000908203

0.000789844 0.000910946
0.000793059 0.000908203

0.000795703 0.000905866
0.000799752 0.000902344

0.000783984 0.000915984
0.000779336 0.000919922

0.000778125 0.000920911
0.000779303 0.000919922

0.000783984 0.000915962
0.00078623 0.000914062

0.000807422 0.000895515
0.000806333 0.000896484

0.000801562 0.000900731
0.000806348 0.000896484

0.000807422 0.000895526
0.000812869 0.000890625

0.000649219 0.00101712
0.000645512 0.00101953

0.0006375 0.00102466
0.000643359 0.0010209

0.000643359 0.00102086
0.00064541 0.00101953

0.000655078 0.00101342
0.000654678 0.00101367

0.000649219 0.00101708
0.000654407 0.00101367

0.000655078 0.00101325
0.000660937 0.00100935

0.000666797 0.00100544
0.000663273 0.00100781

0.000672656 0.00100159
0.00067211 0.00100195

0.000666797 0.00100538
0.000671813 0.00100195

0.000684375 0.000993285
0.000680358 0.000996094

0.000672656 0.0010014
0.000678516 0.000997359

0.000678516 0.000997299
0.000680263 0.000996094

0.000660938 0.00100929
0.000663134 0.00100781

0.000701953 0.000980685
0.000696858 0.000984375

0.000707812 0.000976487
0.000705034 0.000978516

0.000701953 0.000980583
0.00070478 0.000978516

0.00073125 0.000958826
0.000728473 0.000960937

0.000713672 0.000972266
0.000713142 0.000972656

0.000713672 0.000972045
0.000719531 0.000967654

0.000707812 0.000976357
0.000712806 0.000972656

0.000725391 0.000963224
0.000720678 0.000966797

0.000719531 0.000967599
0.0007206 0.000966797

0.000725391 0.000963109
0.000728241 0.000960937

0.000690234 0.000989305
0.000688892 0.000990234

0.000684375 0.000993201
0.000688568 0.000990234

0.000690234 0.000989117
0.000696094 0.000984924

0.000696094 0.0009849
0.000696826 0.000984375

0.000737109 0.000954365
0.000736185 0.000955078

0.00073125 0.000958678
0.000735895 0.000955078

0.000737109 0.000954178
0.000742969 0.000949587

0.000748828 0.000944946
0.000743436 0.000949219

0.000754688 0.00094029
0.000750851 0.000943359

0.000748828 0.000944856
0.000750724 0.000943359

0.000742969 0.000949557
0.000743398 0.000949219

0.000754687 0.000940193
0.000758039 0.0009375

0.000866016 0.000839665
0.000861987 0.00084375

0.000871875 0.000833663
0.000867773 0.000837891

0.000866016 0.000839698
0.000867788 0.000837891

0.000907031 0.000795711
0.000905998 0.000796875

0.00091875 0.000782397
0.000916387 0.000785156

0.000912891 0.000789105
0.000911222 0.000791016

0.000907031 0.000795872
0.000911327 0.000791016

0.000912891 0.000789268
0.000916451 0.000785156

0.000889453 0.000815165
0.000884645 0.000820312

0.000895312 0.000808821
0.000890121 0.000814453

0.000889453 0.000815183
0.000890131 0.000814453

0.000877734 0.000827574
0.000873482 0.000832031

0.000883594 0.000821412
0.000879103 0.000826172

0.000877734 0.000827609
0.000879105 0.000826172

0.000871875 0.000833695
0.000873484 0.000832031

0.000883594 0.000821441
0.000884655 0.000820312

0.000901172 0.000802223
0.000900712 0.000802734

0.000900851 0.000802734
0.000895521 0.000808594

0.000901172 0.00080239
0.000906124 0.000796875

0.000895312 0.000808826
0.000895525 0.000808594

0.000842578 0.000862888
0.000838061 0.000867187

0.000848438 0.000857192
0.000844161 0.000861328

0.000842578 0.00086292
0.000844228 0.000861328

0.000830859 0.000874037
0.000825645 0.000878906

0.000836719 0.000868499
0.000831895 0.000873047

0.000830859 0.000874062
0.00083194 0.000873047

0.000825 0.000879526
0.000825667 0.000878906

0.000836719 0.000868529
0.000838128 0.000867187

0.000854297 0.000851425
0.000850182 0.000855469

0.000860156 0.000845585
0.000856124 0.000849609

0.000854297 0.000851464
0.000856167 0.000849609

0.000848437 0.000857231
0.000850239 0.000855469

0.000860156 0.000845621
0.000862017 0.00084375

0.000930469 0.000768685
0.000926473 0.000773437

0.000936328 0.000761324
0.000936006 0.000761719

0.000942187 0.000754246
0.000940891 0.000755859

0.000936328 0.000761662
0.000941081 0.000755859

0.000936269 0.000761719
0.000931407 0.000767578

0.000930469 0.000768753
0.000931446 0.000767578

0.000924609 0.000775581
0.000921474 0.000779297

0.00091875 0.000782552
0.000921511 0.000779297

0.000924609 0.000775711
0.000926521 0.000773437

0.000942187 0.000754554
0.000945862 0.00075

