0.00152966 0
0.00152966 5.85937e-06

0.00152966 5.85938e-06
0.00152967 1.17187e-05

0.00152967 1.17187e-05
0.00152968 1.75781e-05

0.00152968 1.75781e-05
0.0015297 2.34375e-05

0.0015297 2.34375e-05
0.00152972 2.92969e-05

0.00152972 2.92969e-05
0.00152975 3.51562e-05

0.00152975 3.51562e-05
0.00152979 4.10156e-05

0.00152979 4.10156e-05
0.00152983 4.6875e-05

0.00152983 4.6875e-05
0.00152988 5.27344e-05

0.00152988 5.27344e-05
0.00152993 5.85937e-05

0.00152993 5.85937e-05
0.00152998 6.44531e-05

0.00152998 6.44531e-05
0.00153004 7.03125e-05

0.00153004 7.03125e-05
0.00153011 7.61719e-05

0.00153011 7.61719e-05
0.00153018 8.20312e-05

0.00153018 8.20312e-05
0.00153026 8.78906e-05

0.00153026 8.78906e-05
0.00153034 9.375e-05

0.00153034 9.375e-05
0.00153043 9.96094e-05

0.00153043 9.96094e-05
0.00153052 0.000105469

0.00153052 0.000105469
0.00153062 0.000111328

0.00153062 0.000111328
0.00153072 0.000117187

0.00153072 0.000117187
0.00153083 0.000123047

0.00153083 0.000123047
0.00153094 0.000128906

0.00153094 0.000128906
0.00153105 0.000134766

0.00153105 0.000134766
0.00153117 0.000140625

0.00153117 0.000140625
0.0015313 0.000146484

0.0015313 0.000146484
0.00153143 0.000152344

0.00153143 0.000152344
0.00153156 0.000158203

0.00153156 0.000158203
0.0015317 0.000164062

0.0015317 0.000164062
0.00153184 0.000169922

0.00153184 0.000169922
0.00153198 0.000175781

0.00153198 0.000175781
0.00153213 0.000181641

0.00153213 0.000181641
0.00153228 0.0001875

0.00153228 0.0001875
0.00153244 0.000193359

0.00153244 0.000193359
0.0015326 0.000199219

0.0015326 0.000199219
0.00153276 0.000205078

0.00153276 0.000205078
0.00153293 0.000210937

0.00153293 0.000210937
0.0015331 0.000216797

0.0015331 0.000216797
0.00153327 0.000222656

0.00153327 0.000222656
0.00153345 0.000228516

0.00153345 0.000228516
0.00153362 0.000234375

0.00153362 0.000234375
0.0015338 0.000240234

0.0015338 0.000240234
0.00153398 0.000246009

0.00153398 0.000246009
0.00153399 0.000246094

0.00153399 0.000246094
0.00153417 0.000251953

0.00153417 0.000251953
0.00153436 0.000257812

0.00153436 0.000257812
0.00153455 0.000263672

0.00153455 0.000263672
0.00153474 0.000269531

0.00153474 0.000269531
0.00153493 0.000275391

0.00153493 0.000275391
0.00153513 0.00028125

0.00153513 0.00028125
0.00153532 0.000287109

0.00153532 0.000287109
0.00153552 0.000292969

0.00153552 0.000292969
0.00153572 0.000298828

0.00153572 0.000298828
0.00153592 0.000304687

0.00153592 0.000304687
0.00153612 0.000310547

0.00153612 0.000310547
0.00153632 0.000316406

0.00153632 0.000316406
0.00153652 0.000322266

0.00153652 0.000322266
0.00153672 0.000328125

0.00153672 0.000328125
0.00153692 0.000333984

0.00153692 0.000333984
0.00153712 0.000339844

0.00153712 0.000339844
0.00153732 0.000345703

0.00153732 0.000345703
0.00153751 0.000351562

0.00153751 0.000351562
0.00153771 0.000357422

0.00153771 0.000357422
0.00153791 0.000363281

0.00153791 0.000363281
0.0015381 0.000369141

0.0015381 0.000369141
0.0015383 0.000375

0.0015383 0.000375
0.00153849 0.000380859

0.00153849 0.000380859
0.00153868 0.000386719

0.00153868 0.000386719
0.00153887 0.000392578

0.00153887 0.000392578
0.00153905 0.000398437

0.00153905 0.000398437
0.00153923 0.000404297

0.00153923 0.000404297
0.00153941 0.000410156

0.00153941 0.000410156
0.00153959 0.000416016

0.00153959 0.000416016
0.00153976 0.000421875

0.00153976 0.000421875
0.00153984 0.000424638

0.00153984 0.000424637
0.00153993 0.000427734

0.00153993 0.000427734
0.0015401 0.000433594

0.0015401 0.000433594
0.00154026 0.000439453

0.00154026 0.000439453
0.00154042 0.000445312

0.00154042 0.000445312
0.00154057 0.000451172

0.00154057 0.000451172
0.00154072 0.000457031

0.00154072 0.000457031
0.00154086 0.000462891

0.00154086 0.000462891
0.001541 0.00046875

0.001541 0.00046875
0.00154113 0.000474609

0.00154113 0.000474609
0.00154126 0.000480469

0.00154126 0.000480469
0.00154138 0.000486328

0.00154138 0.000486328
0.00154149 0.000492187

0.00154149 0.000492187
0.0015416 0.000498047

0.0015416 0.000498047
0.0015417 0.000503906

0.0015417 0.000503906
0.00154179 0.000509766

0.00154179 0.000509766
0.00154187 0.000515625

0.00154187 0.000515625
0.00154195 0.000521484

0.00154195 0.000521484
0.00154202 0.000527344

0.00154202 0.000527344
0.00154208 0.000533203

0.00154208 0.000533203
0.00154213 0.000539062

0.00154213 0.000539062
0.00154218 0.000544922

0.00154218 0.000544922
0.00154221 0.000550781

0.00154221 0.000550781
0.00154224 0.000556641

0.00154224 0.000556641
0.00154225 0.0005625

0.00154225 0.0005625
0.00154226 0.000568359

0.00154226 0.000568359
0.00154225 0.000574219

0.00154225 0.000574219
0.00154224 0.000580078

0.00154224 0.000580078
0.00154221 0.000585937

0.00154221 0.000585937
0.00154218 0.000591797

0.00154218 0.000591797
0.00154213 0.000597656

0.00154213 0.000597656
0.00154207 0.000603516

0.00154207 0.000603516
0.001542 0.000609375

0.001542 0.000609375
0.00154192 0.000615234

0.00154192 0.000615234
0.00154182 0.000621094

0.00154182 0.000621094
0.00154172 0.000626953

0.00154172 0.000626953
0.0015416 0.000632812

0.0015416 0.000632812
0.00154146 0.000638672

0.00154146 0.000638672
0.00154132 0.000644531

0.00154132 0.000644531
0.00154116 0.000650391

0.00154116 0.000650391
0.00154098 0.00065625

0.00154098 0.00065625
0.0015408 0.000662109

0.0015408 0.000662109
0.00154059 0.000667969

0.00154059 0.000667969
0.00154038 0.000673828

0.00154038 0.000673828
0.00154015 0.000679687

0.00153984 0.000686841
0.00153964 0.000691406

0.00153964 0.000691406
0.00153936 0.000697266

0.00153936 0.000697266
0.00153907 0.000703125

0.00154015 0.000679687
0.0015399 0.000685547

0.00153984 0.000686839
0.0015399 0.000685547

0.00153907 0.000703125
0.00153876 0.000708984

0.00153876 0.000708984
0.00153844 0.000714844

0.00153844 0.000714844
0.0015381 0.000720703

0.0015381 0.000720703
0.00153774 0.000726562

0.00153775 0.000726562
0.00153737 0.000732422

0.00153737 0.000732422
0.00153698 0.000738281

0.00153698 0.000738281
0.00153658 0.000744141

0.00153658 0.000744141
0.00153615 0.00075

0.00171218 0
0.00171218 5.85937e-06

0.00171218 5.85938e-06
0.00171219 1.17187e-05

0.00171219 1.17187e-05
0.00171221 1.75781e-05

0.00171221 1.75781e-05
0.00171223 2.34375e-05

0.00171223 2.34375e-05
0.00171226 2.92969e-05

0.00171226 2.92969e-05
0.00171229 3.51562e-05

0.00171229 3.51562e-05
0.00171233 4.10156e-05

0.00171233 4.10156e-05
0.00171237 4.6875e-05

0.00171237 4.6875e-05
0.00171243 5.27344e-05

0.00171243 5.27344e-05
0.00171249 5.85937e-05

0.00171249 5.85937e-05
0.00171255 6.44531e-05

0.00171255 6.44531e-05
0.00171262 7.03125e-05

0.00171262 7.03125e-05
0.0017127 7.61719e-05

0.0017127 7.61719e-05
0.00171278 8.20312e-05

0.00171278 8.20312e-05
0.00171288 8.78906e-05

0.00171288 8.78906e-05
0.00171297 9.375e-05

0.00171297 9.375e-05
0.00171308 9.96094e-05

0.00171308 9.96094e-05
0.00171319 0.000105469

0.00171319 0.000105469
0.0017133 0.000111328

0.0017133 0.000111328
0.00171343 0.000117187

0.00171343 0.000117187
0.00171356 0.000123047

0.00171356 0.000123047
0.00171369 0.000128906

0.00171369 0.000128906
0.00171384 0.000134766

0.00171384 0.000134766
0.00171399 0.000140625

0.00171399 0.000140625
0.00171415 0.000146484

0.00171415 0.000146484
0.00171431 0.000152344

0.00171431 0.000152344
0.00171448 0.000158203

0.00171448 0.000158203
0.00171466 0.000164062

0.00171466 0.000164062
0.00171485 0.000169922

0.00171485 0.000169922
0.00171504 0.000175781

0.00171504 0.000175781
0.00171524 0.000181641

0.00171524 0.000181641
0.00171545 0.0001875

0.00171545 0.0001875
0.00171562 0.000192391

0.00171562 0.000192393
0.00171566 0.000193359

0.00171566 0.000193359
0.00171588 0.000199219

0.00171588 0.000199219
0.00171611 0.000205078

0.00171611 0.000205078
0.00171635 0.000210937

0.00171635 0.000210937
0.00171659 0.000216797

0.00171659 0.000216797
0.00171684 0.000222656

0.00171684 0.000222656
0.0017171 0.000228516

0.0017171 0.000228516
0.00171737 0.000234375

0.00171737 0.000234375
0.00171765 0.000240234

0.00171765 0.000240234
0.00171793 0.000246094

0.00171793 0.000246094
0.00171822 0.000251953

0.00171822 0.000251953
0.00171852 0.000257812

0.00171852 0.000257812
0.00171883 0.000263672

0.00171883 0.000263672
0.00171915 0.000269531

0.00171915 0.000269531
0.00171947 0.000275391

0.00171947 0.000275391
0.0017198 0.00028125

0.0017198 0.00028125
0.00172015 0.000287109

0.00172015 0.000287109
0.0017205 0.000292969

0.0017205 0.000292969
0.00172086 0.000298828

0.00172086 0.000298828
0.00172122 0.000304687

0.00172122 0.000304687
0.00172148 0.000308721

0.00172148 0.000308722
0.0017216 0.000310547

0.0017216 0.000310547
0.00172199 0.000316406

0.00172199 0.000316406
0.00172238 0.000322266

0.00172238 0.000322266
0.00172279 0.000328125

0.00172279 0.000328125
0.0017232 0.000333984

0.0017232 0.000333984
0.00172363 0.000339844

0.00172363 0.000339844
0.00172406 0.000345703

0.00172406 0.000345703
0.0017245 0.000351562

0.0017245 0.000351562
0.00172496 0.000357422

0.00172496 0.000357422
0.00172542 0.000363281

0.00172542 0.000363281
0.00172589 0.000369141

0.00172589 0.000369141
0.00172638 0.000375

0.00172638 0.000375
0.00172687 0.000380859

0.00172687 0.000380859
0.00172734 0.000386351

0.00172734 0.000386352
0.00172738 0.000386719

0.00172738 0.000386719
0.00172789 0.000392578

0.00172789 0.000392578
0.00172842 0.000398437

0.00172842 0.000398437
0.00172895 0.000404297

0.00172895 0.000404297
0.0017295 0.000410156

0.0017295 0.000410156
0.00173006 0.000416016

0.00173006 0.000416016
0.00173063 0.000421875

0.00173063 0.000421875
0.00173121 0.000427734

0.00173121 0.000427734
0.0017318 0.000433594

0.0017318 0.000433594
0.0017324 0.000439453

0.0017324 0.000439453
0.00173302 0.000445312

0.00173302 0.000445312
0.0017332 0.000447006

0.0017332 0.000447008
0.00173365 0.000451172

0.00173365 0.000451172
0.00173429 0.000457031

0.00173429 0.000457031
0.00173494 0.000462891

0.00173494 0.000462891
0.0017356 0.00046875

0.0017356 0.00046875
0.00173628 0.000474609

0.00173628 0.000474609
0.00173697 0.000480469

0.00173697 0.000480469
0.00173767 0.000486328

0.00173767 0.000486328
0.00173839 0.000492187

0.00173839 0.000492187
0.00173906 0.000497603

0.00173906 0.000497603
0.00173912 0.000498047

0.00173912 0.000498047
0.00173986 0.000503906

0.00173986 0.000503906
0.00174061 0.000509766

0.00174061 0.000509766
0.00174138 0.000515625

0.00174138 0.000515625
0.00174216 0.000521484

0.00174216 0.000521484
0.00174296 0.000527344

0.00174296 0.000527344
0.00174377 0.000533203

0.00174377 0.000533203
0.00174459 0.000539062

0.00174459 0.000539062
0.00174492 0.000541356

0.00174492 0.000541357
0.00174543 0.000544922

0.00174543 0.000544922
0.00174628 0.000550781

0.00174628 0.000550781
0.00174715 0.000556641

0.00174715 0.000556641
0.00174803 0.0005625

0.00174803 0.0005625
0.00174892 0.000568359

0.00174892 0.000568359
0.00174984 0.000574219

0.00174984 0.000574219
0.00175076 0.000580078

0.00175077 0.000580078
0.00175078 0.000580178

0.00175078 0.000580178
0.00175171 0.000585937

0.00175171 0.000585937
0.00175266 0.000591797

0.00175266 0.000591797
0.00175363 0.000597656

0.00175363 0.000597656
0.00175462 0.000603516

0.00175462 0.000603516
0.00175562 0.000609375

0.00175562 0.000609375
0.00175664 0.000615226

0.00175664 0.000615234
0.00175768 0.000621094

0.00175768 0.000621094
0.00175872 0.000626953

0.00175872 0.000626953
0.00175979 0.000632812

0.00175979 0.000632812
0.00176087 0.000638672

0.00176087 0.000638672
0.00176197 0.000644531

0.00176197 0.000644531
0.0017625 0.000647286

0.0017625 0.000647286
0.00176309 0.000650391

0.00176309 0.000650391
0.00176422 0.00065625

0.00176422 0.00065625
0.00176536 0.000662109

0.00176536 0.000662109
0.00176653 0.000667969

0.00176653 0.000667969
0.00176771 0.000673828

0.00176772 0.000673828
0.00176836 0.000676963

0.00176836 0.000676962
0.00176892 0.000679687

0.00176892 0.000679687
0.00177013 0.000685547

0.00177013 0.000685547
0.00177136 0.000691406

0.00177135 0.000691406
0.00177261 0.000697266

0.00177261 0.000697266
0.00177388 0.000703125

0.00177388 0.000703125
0.00177422 0.000704665

0.00177422 0.000704664
0.00177517 0.000708984

0.00177516 0.000708984
0.00177646 0.000714844

0.00177646 0.000714844
0.00177777 0.000720703

0.00177777 0.000720703
0.00177911 0.000726562

0.00177912 0.000726562
0.00178008 0.000730706

0.00178008 0.000730706
0.00178048 0.000732422

0.00178047 0.000732422
0.00178184 0.000738281

0.00178184 0.000738281
0.00178322 0.000744141

0.00178322 0.000744141
0.00178463 0.00075

0.00152812 0.000833851
0.00152764 0.000837891

0.00152764 0.000837891
0.00152693 0.00084375

0.00153615 0.00075
0.00153571 0.000755859

0.00153571 0.000755859
0.00153525 0.000761719

0.00153525 0.000761719
0.00153478 0.000767578

0.00153478 0.000767578
0.00153429 0.000773437

0.00153398 0.000776892
0.00153377 0.000779297

0.00153377 0.000779297
0.00153324 0.000785156

0.00153398 0.000776891
0.00153429 0.000773437

0.00153324 0.000785156
0.0015327 0.000791016

0.0015327 0.000791016
0.00153213 0.000796875

0.00153213 0.000796875
0.00153155 0.000802734

0.00153155 0.000802734
0.00153094 0.000808594

0.00153094 0.000808594
0.00153032 0.000814453

0.00153032 0.000814453
0.00152968 0.000820312

0.00152968 0.000820312
0.00152902 0.000826172

0.00152902 0.000826172
0.00152834 0.000832031

0.00152812 0.00083385
0.00152834 0.000832031

0.00152693 0.00084375
0.00152619 0.000849609

0.00152619 0.000849609
0.00152543 0.000855469

0.00152543 0.000855469
0.00152466 0.000861328

0.00152466 0.000861328
0.00152386 0.000867187

0.00152227 0.000878556
0.00152222 0.000878906

0.00152386 0.000867187
0.00152305 0.000873047

0.00152227 0.000878554
0.00152305 0.000873047

0.00152222 0.000878906
0.00152136 0.000884766

0.00152136 0.000884766
0.00152049 0.000890625

0.00152049 0.000890625
0.00151959 0.000896484

0.00151959 0.000896484
0.00151868 0.000902344

0.00151868 0.000902344
0.00151775 0.000908203

0.00151775 0.000908203
0.0015168 0.000914062

0.00151641 0.000916423
0.00151583 0.000919922

0.00151583 0.000919922
0.00151483 0.000925781

0.00151483 0.000925781
0.00151382 0.000931641

0.00151382 0.000931641
0.00151279 0.0009375

0.00151641 0.000916422
0.0015168 0.000914062

0.00148125 0.0010824
0.00148085 0.00108398

0.00148085 0.00108398
0.00147933 0.00108984

0.00147933 0.00108984
0.0014778 0.0010957

0.0014778 0.0010957
0.00147626 0.00110156

0.00147539 0.00110485
0.00147471 0.00110742

0.00147471 0.00110742
0.00147313 0.00111328

0.00147539 0.00110485
0.00147626 0.00110156

0.00147313 0.00111328
0.00147154 0.00111914

0.00147154 0.00111914
0.00146993 0.001125

0.00150469 0.000980198
0.00150384 0.000984375

0.00151279 0.0009375
0.00151174 0.000943359

0.00151174 0.000943359
0.00151067 0.000949219

0.00151055 0.000949886
0.00150958 0.000955078

0.00150958 0.000955078
0.00150847 0.000960937

0.00151055 0.000949886
0.00151067 0.000949219

0.00150847 0.000960937
0.00150734 0.000966797

0.00150734 0.000966797
0.00150619 0.000972656

0.00150619 0.000972656
0.00150503 0.000978516

0.00150469 0.000980197
0.00150503 0.000978516

0.00150384 0.000984375
0.00150263 0.000990234

0.00150263 0.000990234
0.00150141 0.000996094

0.00150141 0.000996094
0.00150016 0.00100195

0.00150017 0.00100195
0.0014989 0.00100781

0.00149883 0.00100817
0.00149762 0.00101367

0.00149762 0.00101367
0.00149632 0.00101953

0.00149883 0.00100817
0.00149891 0.00100781

0.00149632 0.00101953
0.001495 0.00102539

0.001495 0.00102539
0.00149367 0.00103125

0.00149297 0.00103428
0.00149232 0.00103711

0.00149232 0.00103711
0.00149094 0.00104297

0.00149094 0.00104297
0.00148955 0.00104883

0.00148955 0.00104883
0.00148814 0.00105469

0.00149297 0.00103428
0.00149367 0.00103125

0.00148711 0.00105894
0.00148672 0.00106055

0.00148672 0.00106055
0.00148527 0.00106641

0.00148711 0.00105894
0.00148814 0.00105469

0.00148527 0.00106641
0.00148381 0.00107227

0.00148381 0.00107227
0.00148233 0.00107812

0.00148125 0.00108239
0.00148234 0.00107812

0.0013875 0.00138759
0.00138714 0.00138867

0.00138714 0.00138867
0.0013852 0.00139453

0.00138164 0.00140525
0.00138131 0.00140625

0.00138518 0.00139453
0.00138324 0.00140039

0.00138164 0.00140523
0.00138324 0.00140039

0.00137578 0.00142297
0.0013755 0.00142383

0.0013755 0.00142383
0.00137357 0.00142969

0.00138131 0.00140625
0.00137937 0.00141211

0.00137936 0.00141211
0.00137742 0.00141797

0.00137578 0.00142295
0.00137742 0.00141797

0.00136992 0.00144078
0.00136972 0.00144141

0.00137356 0.00142969
0.00137162 0.00143555

0.00136992 0.00144076
0.00137163 0.00143555

0.00136972 0.00144141
0.0013678 0.00144727

0.00136779 0.00144727
0.00136587 0.00145312

0.00136406 0.00145872
0.00136398 0.00145898

0.00136398 0.00145898
0.00136208 0.00146484

0.00136207 0.00146484
0.00136016 0.0014707

0.00136016 0.0014707
0.00135828 0.00147656

0.00135234 0.00149514
0.00135081 0.0015

0.0013582 0.00147684
0.00135641 0.00148242

0.0013564 0.00148242
0.00135452 0.00148828

0.0013582 0.00147684
0.00135829 0.00147656

0.00135451 0.00148828
0.00135264 0.00149414

0.00135234 0.00149514
0.00135266 0.00149414

0.00136406 0.0014587
0.00136587 0.00145312

0.00145781 0.00116769
0.00145659 0.00117187

0.00146953 0.00112647
0.00146832 0.00113086

0.00146832 0.00113086
0.00146668 0.00113672

0.00146367 0.00114738
0.00146337 0.00114844

0.00146668 0.00113672
0.00146503 0.00114258

0.00146367 0.00114738
0.00146503 0.00114258

0.00146953 0.00112647
0.00146994 0.001125

0.00146337 0.00114844
0.0014617 0.0011543

0.00146169 0.0011543
0.00146 0.00116016

0.00146 0.00116016
0.0014583 0.00116602

0.00145781 0.00116769
0.0014583 0.00116602

0.00145659 0.00117187
0.00145485 0.00117773

0.00145485 0.00117773
0.00145311 0.00118359

0.00145195 0.00118748
0.00145136 0.00118945

0.00145136 0.00118945
0.0014496 0.00119531

0.00145195 0.00118748
0.00145311 0.00118359

0.00144609 0.00120684
0.00144603 0.00120703

0.00144604 0.00120703
0.00144424 0.00121289

0.00144423 0.00121289
0.00144242 0.00121875

0.00144959 0.00119531
0.00144781 0.00120117

0.00144609 0.00120683
0.00144782 0.00120117

0.00143437 0.00124448
0.00143325 0.00124805

0.00143325 0.00124805
0.00143138 0.00125391

0.00142852 0.00126287
0.00142764 0.00126562

0.00143137 0.00125391
0.0014295 0.00125977

0.00142852 0.00126287
0.00142951 0.00125977

0.00142266 0.00128104
0.00142196 0.0012832

0.00142196 0.0012832
0.00142005 0.00128906

0.00142763 0.00126563
0.00142574 0.00127148

0.00142574 0.00127148
0.00142384 0.00127734

0.00142266 0.00128104
0.00142385 0.00127734

0.0014168 0.00129904
0.00141623 0.00130078

0.00142004 0.00128906
0.00141813 0.00129492

0.0014168 0.00129903
0.00141814 0.00129492

0.00141623 0.00130078
0.00141431 0.00130664

0.0014143 0.00130664
0.00141237 0.0013125

0.00144023 0.00122582
0.00143879 0.00123047

0.00144242 0.00121875
0.0014406 0.00122461

0.00144023 0.00122582
0.00144061 0.00122461

0.00143878 0.00123047
0.00143694 0.00123633

0.00143693 0.00123633
0.00143509 0.00124219

0.00143438 0.00124447
0.0014351 0.00124219

0.00141094 0.00131689
0.00141046 0.00131836

0.00141046 0.00131836
0.00140852 0.00132422

0.00140508 0.00133464
0.00140465 0.00133594

0.00140851 0.00132422
0.00140657 0.00133008

0.00140508 0.00133463
0.00140658 0.00133008

0.00139922 0.00135231
0.00139882 0.00135352

0.00139882 0.00135352
0.00139687 0.00135937

0.00140465 0.00133594
0.00140271 0.0013418

0.0014027 0.0013418
0.00140075 0.00134766

0.00139922 0.0013523
0.00140075 0.00134766

0.00141094 0.00131688
0.00141237 0.0013125

0.00139336 0.00136995
0.00139298 0.00137109

0.00139686 0.00135937
0.00139491 0.00136523

0.00139336 0.00136994
0.00139492 0.00136523

0.00139298 0.00137109
0.00139103 0.00137695

0.00139102 0.00137695
0.00138907 0.00138281

0.0013875 0.00138757
0.00138908 0.00138281

0.00178463 0.00075
0.00178594 0.000755349

0.00178594 0.000755348
0.00178606 0.000755859

0.00178606 0.000755859
0.0017875 0.000761719

0.00178749 0.000761719
0.00178895 0.000767578

0.00178895 0.000767578
0.00179043 0.000773437

0.00179043 0.000773437
0.0017918 0.000778771

0.0017918 0.00077877
0.00179193 0.000779297

0.00179193 0.000779297
0.00179344 0.000785156

0.00179343 0.000785156
0.00179496 0.000791016

0.00179496 0.000791016
0.00179651 0.000796875

0.00179652 0.000796875
0.00179766 0.000801135

0.00179766 0.000801134
0.00179808 0.000802734

0.00179808 0.000802734
0.00179965 0.000808594

0.00179965 0.000808594
0.00180125 0.000814453

0.00180125 0.000814453
0.00180287 0.000820312

0.00180288 0.000820312
0.00180352 0.00082259

0.00180352 0.000822588
0.00180451 0.000826172

0.00180451 0.000826172
0.00180615 0.000832031

0.00180615 0.000832031
0.00180782 0.000837891

0.00180783 0.000837891
0.00180937 0.000843236

0.00180937 0.000843235
0.00180952 0.00084375

0.00180952 0.00084375
0.00181122 0.000849609

0.00181121 0.000849609
0.00181293 0.000855469

0.00181294 0.000855469
0.00181468 0.000861328

0.00181469 0.000861328
0.00181523 0.000863163

0.00181523 0.000863163
0.00181644 0.000867187

0.00181643 0.000867187
0.0018182 0.000873047

0.0018182 0.000873047
0.00181999 0.000878906

0.00182 0.000878906
0.00182109 0.00088245

0.00182109 0.000882449
0.00182181 0.000884766

0.0018218 0.000884766
0.00182361 0.000890625

0.00182361 0.000890625
0.00182545 0.000896484

0.00182546 0.000896484
0.00182695 0.000901182

0.00182695 0.000901181
0.00182732 0.000902344

0.00182731 0.000902344
0.00182917 0.000908203

0.00182917 0.000908203
0.00183106 0.000914062

0.00183107 0.000914062
0.00183281 0.000919416

0.00183281 0.000919415
0.00183298 0.000919922

0.00183297 0.000919922
0.00183488 0.000925781

0.00183487 0.000925781
0.00183681 0.000931641

0.00183682 0.000931641
0.00183867 0.0009372

0.00183867 0.000937199
0.00183877 0.0009375

0.00183877 0.0009375
0.00184072 0.000943359

0.00184071 0.000943359
0.0018427 0.000949219

0.00184271 0.000949219
0.00184453 0.000954581

0.00184453 0.00095458
0.0018447 0.000955078

0.00184469 0.000955078
0.00184669 0.000960937

0.00184668 0.000960937
0.00184871 0.000966797

0.00184872 0.000966797
0.00185039 0.000971604

0.00185039 0.000971603
0.00185076 0.000972656

0.00185074 0.000972656
0.00185278 0.000978516

0.00185278 0.000978516
0.00185485 0.000984375

0.00185486 0.000984375
0.00185625 0.000988312

0.00185625 0.000988312
0.00185693 0.000990234

0.00185691 0.000990234
0.00185899 0.000996094

0.00185899 0.000996094
0.0018611 0.00100195

0.00186111 0.00100195
0.00186211 0.00100475

0.00186211 0.00100475
0.00186321 0.00100781

0.0018632 0.00100781
0.00186531 0.00101367

0.00186532 0.00101367
0.00186745 0.00101953

0.00186746 0.00101953
0.00186797 0.00102094

0.00186797 0.00102095
0.00186959 0.00102539

0.00186958 0.00102539
0.00187173 0.00103125

0.00187174 0.00103125
0.00187383 0.0010369

0.00187383 0.0010369
0.0018739 0.00103711

0.00187389 0.00103711
0.00187606 0.00104297

0.00187605 0.00104297
0.00187824 0.00104883

0.00187825 0.00104883
0.00187969 0.00105267

0.00187969 0.00105267
0.00188044 0.00105469

0.00188042 0.00105469
0.00188261 0.00106055

0.00188262 0.00106055
0.00188483 0.00106641

0.00188483 0.00106641
0.00188555 0.0010683

0.00188555 0.00106831
0.00188704 0.00107227

0.00188702 0.00107227
0.00188924 0.00107812

0.00188926 0.00107812
0.00189141 0.00108379

0.00189141 0.00108379
0.00189148 0.00108398

0.00189147 0.00108398
0.00189369 0.00108984

0.00189369 0.00108984
0.00189593 0.0010957

0.00189595 0.0010957
0.00189727 0.00109916

0.00189727 0.00109916
0.00189818 0.00110156

0.00189816 0.00110156
0.0019004 0.00110742

0.00190041 0.00110742
0.00190267 0.00111328

0.00190267 0.00111328
0.00190312 0.00111446

0.00190312 0.00111448
0.00190491 0.00111914

0.0019049 0.00111914
0.00190716 0.001125

0.00190718 0.001125
0.00190898 0.00112969

0.00190898 0.00112969
0.00190944 0.00113086

0.00190942 0.00113086
0.00191167 0.00113672

0.00191167 0.00113672
0.00191394 0.00114258

0.00191395 0.00114258
0.00191484 0.0011449

0.00191484 0.00114491
0.0019162 0.00114844

0.00191618 0.00114844
0.00191844 0.0011543

0.00191846 0.0011543
0.0019207 0.0011601

0.0019207 0.0011601
0.00192072 0.00116016

0.00192071 0.00116016
0.00192296 0.00116602

0.00192296 0.00116602
0.00192522 0.00117187

0.00192524 0.00117187
0.00192656 0.00117532

0.00192656 0.00117532
0.00192749 0.00117773

0.00192747 0.00117773
0.00192971 0.00118359

0.00192972 0.00118359
0.00193198 0.00118945

0.00193198 0.00118945
0.00193242 0.00119061

0.00193242 0.00119063
0.00193421 0.00119531

0.00193419 0.00119531
0.00193644 0.00120117

0.00193646 0.00120117
0.00193828 0.00120596

0.00193828 0.00120596
0.00193869 0.00120703

0.00193867 0.00120703
0.00194088 0.00121289

0.00194088 0.00121289
0.00194311 0.00121875

0.00194313 0.00121875
0.00194414 0.00122145

0.00194414 0.00122146
0.00194533 0.00122461

0.0019453 0.00122461
0.0019475 0.00123047

0.00194751 0.00123047
0.00194971 0.00123633

0.00194971 0.00123633
0.00195 0.00123711

0.00195 0.00123713
0.00195187 0.00124219

0.00195186 0.00124219
0.00195403 0.00124805

0.00195406 0.00124805
0.00195586 0.00125294

0.00195586 0.00125294
0.00195622 0.00125391

0.00195619 0.00125391
0.00195832 0.00125977

0.00195832 0.00125977
0.00196046 0.00126562

0.00196049 0.00126563
0.00196172 0.00126904

0.00196172 0.00126905
0.0019626 0.00127148

0.00196257 0.00127148
0.00196465 0.00127734

0.00196466 0.00127734
0.00196676 0.0012832

0.00196678 0.0012832
0.00196758 0.00128548

0.00196758 0.00128549
0.00196883 0.00128906

0.00196881 0.00128906
0.00197085 0.00129492

0.00197086 0.00129492
0.0019729 0.00130078

0.00197291 0.00130078
0.00197344 0.00130232

0.00197344 0.00130233
0.00197491 0.00130664

0.00197489 0.00130664
0.00197687 0.0013125

0.00197689 0.0013125
0.00197887 0.00131836

0.00197887 0.00131836
0.0019793 0.00131964

0.0019793 0.00131965
0.00198081 0.00132422

0.00198078 0.00132422
0.0019827 0.00133008

0.00198271 0.00133008
0.00198463 0.00133594

0.00198464 0.00133594
0.00198516 0.00133757

0.00198516 0.00133757
0.0019865 0.0013418

0.00198648 0.0013418
0.00198831 0.00134766

0.00198831 0.00134766
0.00199015 0.00135352

0.00199018 0.00135352
0.00199102 0.00135626

0.00199102 0.00135625
0.00199197 0.00135937

0.00199194 0.00135937
0.00199368 0.00136523

0.00199367 0.00136523
0.00199542 0.00137109

0.00199545 0.00137109
0.00199687 0.00137596

0.00199687 0.00137595
0.00199717 0.00137695

0.00199715 0.00137695
0.0019988 0.00138281

0.00199878 0.00138281
0.00200041 0.00138867

0.00200042 0.00138867
0.00200204 0.00139453

0.00200206 0.00139453
0.00200273 0.00139703

0.00200273 0.00139702
0.00200364 0.00140039

0.00200362 0.00140039
0.00200512 0.00140625

0.00200511 0.00140625
0.00200661 0.00141211

0.00200661 0.00141211
0.00200809 0.00141797

0.00200811 0.00141797
0.00200859 0.00141997

0.00200859 0.00141996
0.00200953 0.00142383

0.00200952 0.00142383
0.00201087 0.00142969

0.00201087 0.00142969
0.00201219 0.00143555

0.00201219 0.00143555
0.0020135 0.00144141

0.00201352 0.00144141
0.00201445 0.00144572

0.00201445 0.00144572
0.00201479 0.00144727

0.00201478 0.00144727
0.00201598 0.00145312

0.00201597 0.00145312
0.00201712 0.00145898

0.00201712 0.00145898
0.00201823 0.00146484

0.00201823 0.00146484
0.00201931 0.0014707

0.00201931 0.0014707
0.00202031 0.00147635

0.00202031 0.00147635
0.00202035 0.00147656

0.00202035 0.00147656
0.00202132 0.00148242

0.00202132 0.00148242
0.00202223 0.00148828

0.00202223 0.00148828
0.0020231 0.00149414

0.0020231 0.00149414
0.00202392 0.0015

0.00134062 0.00153254
0.00133982 0.00153516

0.00133983 0.00153516
0.00133802 0.00154102

0.001338 0.00154102
0.00133621 0.00154687

0.00133477 0.00155173
0.00133446 0.00155273

0.00133447 0.00155273
0.00133271 0.00155859

0.00133477 0.0015517
0.00133622 0.00154687

0.00133269 0.00155859
0.00133093 0.00156445

0.00133092 0.00156445
0.00132919 0.00157031

0.00132891 0.00157135
0.00132749 0.00157617

0.00132749 0.00157617
0.00132576 0.00158203

0.00132305 0.00159144
0.00132239 0.00159375

0.00132574 0.00158203
0.00132404 0.00158789

0.00132305 0.00159142
0.00132405 0.00158789

0.00132891 0.00157134
0.00132921 0.00157031

0.0013508 0.0015
0.00134894 0.00150586

0.00134892 0.00150586
0.00134708 0.00151172

0.00134648 0.00151369
0.00134528 0.00151758

0.00134527 0.00151758
0.00134343 0.00152344

0.00134648 0.00151368
0.0013471 0.00151172

0.00134342 0.00152344
0.0013416 0.0015293

0.00134063 0.00153252
0.00134161 0.0015293

0.00131719 0.00161214
0.0013158 0.00161719

0.00131579 0.00161719
0.00131416 0.00162305

0.00131414 0.00162305
0.00131254 0.00162891

0.00131133 0.00163355
0.00131101 0.00163477

0.00131101 0.00163477
0.00130945 0.00164062

0.00131133 0.00163352
0.00131255 0.00162891

0.00132239 0.00159375
0.00132071 0.00159961

0.0013207 0.00159961
0.00131903 0.00160547

0.00131902 0.00160547
0.00131739 0.00161133

0.00131719 0.00161213
0.00131741 0.00161133

0.00130547 0.00165588
0.00130488 0.0016582

0.00130488 0.0016582
0.00130339 0.00166406

0.00130944 0.00164062
0.00130788 0.00164648

0.00130786 0.00164648
0.00130634 0.00165234

0.00130547 0.00165585
0.00130636 0.00165234

0.00130338 0.00166406
0.00130189 0.00166992

0.00130187 0.00166992
0.00130044 0.00167578

0.00129961 0.00167936
0.00129907 0.00168164

0.00129907 0.00168164
0.00129766 0.0016875

0.00129961 0.00167934
0.00130046 0.00167578

0.00129375 0.00170442
0.0012936 0.00170508

0.00129361 0.00170508
0.00129231 0.00171094

0.00129231 0.00171094
0.001291 0.0017168

0.00129099 0.0017168
0.00128972 0.00172266

0.00128789 0.0017318
0.00128738 0.00173437

0.00128972 0.00172266
0.00128852 0.00172852

0.00128789 0.00173179
0.00128854 0.00172852

0.00128738 0.00173437
0.0012862 0.00174023

0.00128619 0.00174023
0.00128504 0.00174609

0.00128503 0.00174609
0.00128392 0.00175195

0.00128391 0.00175195
0.00128287 0.00175781

0.00128203 0.00176282
0.00128189 0.00176367

0.00128189 0.00176367
0.00128089 0.00176953

0.00128088 0.00176953
0.0012799 0.00177539

0.0012799 0.00177539
0.00127896 0.00178125

0.00128203 0.00176282
0.00128289 0.00175781

0.00127896 0.00178125
0.00127808 0.00178711

0.00127808 0.00178711
0.00127726 0.00179297

0.00127617 0.00180136
0.00127575 0.00180469

0.00127726 0.00179297
0.00127649 0.00179883

0.00127617 0.00180137
0.00127649 0.00179883

0.00127574 0.00180469
0.00127502 0.00181055

0.00127502 0.00181055
0.00127435 0.00181641

0.00127436 0.00181641
0.00127375 0.00182227

0.00127375 0.00182227
0.00127319 0.00182812

0.00127319 0.00182812
0.00127269 0.00183398

0.00127269 0.00183398
0.00127225 0.00183984

0.00127225 0.00183984
0.00127186 0.0018457

0.00127186 0.0018457
0.00127153 0.00185156

0.00127153 0.00185156
0.00127126 0.00185742

0.00127126 0.00185742
0.00127106 0.00186328

0.00127106 0.00186328
0.00127092 0.00186914

0.00127092 0.00186914
0.00127085 0.001875

0.00129765 0.0016875
0.00129625 0.00169336

0.00129623 0.00169336
0.00129488 0.00169922

0.00129375 0.00170439
0.00129489 0.00169922

0.00127085 0.001875
0.00127085 0.00188086

0.00127084 0.00188086
0.00127092 0.00188672

0.00127092 0.00188672
0.00127107 0.00189258

0.00127107 0.00189258
0.0012713 0.00189844

0.0012713 0.00189844
0.00127162 0.0019043

0.00127162 0.0019043
0.00127202 0.00191016

0.00127202 0.00191016
0.00127252 0.00191602

0.00127252 0.00191602
0.00127312 0.00192187

0.00127312 0.00192187
0.00127381 0.00192773

0.00127381 0.00192773
0.00127459 0.00193359

0.00127458 0.00193359
0.00127546 0.00193945

0.00127544 0.00193945
0.00127617 0.00194364

0.00127617 0.00194366
0.00127646 0.00194531

0.00127649 0.00194531
0.00127767 0.00195117

0.00127767 0.00195117
0.00127893 0.00195703

0.00127891 0.00195703
0.00128026 0.00196289

0.00128024 0.00196289
0.00128177 0.00196875

0.00128178 0.00196875
0.00128203 0.00196961

0.00128203 0.00196957
0.0012835 0.00197461

0.00128352 0.00197461
0.00128534 0.00198047

0.0012853 0.00198047
0.00128727 0.00198633

0.00128728 0.00198633
0.00128789 0.00198797

0.00128789 0.00198793
0.00128948 0.00199219

0.00128949 0.00199219
0.00129184 0.00199805

0.0012918 0.00199805
0.00129375 0.00200251

0.00129375 0.0020025
0.00129436 0.00200391

0.00129441 0.00200391
0.00129717 0.00200977

0.00129711 0.00200977
0.00129961 0.00201468

0.00129961 0.00201467
0.0013001 0.00201563

0.00130015 0.00201562
0.00130338 0.00202148

0.00130332 0.00202148
0.00130547 0.00202511

0.00130547 0.00202507
0.00130682 0.00202734

0.00130682 0.00202734
0.0013106 0.0020332

0.00131059 0.0020332
0.00131133 0.00203432

0.00131133 0.00203426
0.00131464 0.00203906

0.00131461 0.00203906
0.00131719 0.00204253

0.00131719 0.00204248
0.001319 0.00204492

0.00131898 0.00204492
0.00132305 0.00204994

0.00132305 0.00204994
0.00132375 0.00205078

0.00132374 0.00205078
0.00132888 0.00205664

0.00132888 0.00205664
0.00132891 0.00205667

0.00132891 0.00205668
0.00133439 0.0020625

0.00133439 0.0020625
0.00133477 0.00206288

0.00133477 0.0020629
0.00134035 0.00206836

0.00134036 0.00206836
0.00134062 0.00206861

0.00134063 0.00206861
0.00134648 0.00207387

0.00134648 0.00207388
0.00134689 0.00207422

0.00134693 0.00207422
0.00135234 0.00207872

0.00135234 0.00207873
0.00135407 0.00208008

0.00135412 0.00208008
0.0013582 0.00208324

0.0013582 0.00208328
0.00136189 0.00208594

0.00136195 0.00208594
0.00136406 0.00208742

0.00136406 0.00208747
0.00136992 0.0020914

0.00136992 0.00209141
0.00137054 0.0020918

0.00137057 0.0020918
0.00137578 0.00209507

0.00137578 0.00209509
0.00138018 0.00209766

0.00138025 0.00209766
0.00138164 0.00209847

0.00138164 0.00209848
0.0013875 0.00210167

0.0013875 0.00210169
0.00139109 0.00210352

0.00139115 0.00210352
0.00139336 0.00210464

0.00139336 0.00210465
0.00139922 0.00210743

0.00139922 0.00210744
0.00140359 0.00210937

0.00140364 0.00210937
0.00140508 0.00211001

0.00140508 0.00211002
0.00141094 0.00211243

0.00141094 0.00211243
0.0014168 0.00211468

0.0014168 0.00211468
0.00141835 0.00211523

0.0014184 0.00211523
0.00142266 0.00211674

0.00142266 0.00211675
0.00142852 0.00211867

0.00142852 0.00211867
0.00143437 0.00212044

0.00143438 0.00212045
0.00143669 0.00212109

0.00143674 0.00212109
0.00144023 0.00212206

0.00144023 0.00212207
0.00144609 0.00212356

0.00144609 0.00212356
0.00145195 0.00212491

0.00145195 0.00212491
0.00145781 0.00212614

0.00145781 0.00212614
0.00146217 0.00212695

0.00146221 0.00212695
0.00146367 0.00212723

0.00146367 0.00212723
0.00146953 0.00212821

0.00146953 0.00212821
0.00147539 0.00212907

0.00147539 0.00212907
0.00148125 0.00212982

0.00148125 0.00212982
0.00148711 0.00213045

0.00148711 0.00213045
0.00149297 0.00213097

0.00149297 0.00213097
0.00149883 0.00213138

0.00149883 0.00213138
0.00150469 0.00213169

0.00150469 0.00213169
0.00151055 0.00213189

0.00151055 0.00213189
0.00151641 0.00213198

0.00151641 0.00213198
0.00152227 0.00213198

0.00152227 0.00213198
0.00152812 0.00213187

0.00152812 0.00213187
0.00153398 0.00213167

0.00153398 0.00213167
0.00153984 0.00213137

0.00153984 0.00213137
0.0015457 0.00213097

0.0015457 0.00213097
0.00155156 0.00213048

0.00155156 0.00213048
0.00155742 0.0021299

0.00155742 0.0021299
0.00156328 0.00212922

0.00156328 0.00212922
0.00156914 0.00212845

0.00156914 0.00212844
0.001575 0.00212758

0.00195 0.00185903
0.00194737 0.00186328

0.00194414 0.00186837
0.00194366 0.00186914

0.00194367 0.00186914
0.00193986 0.001875

0.00194414 0.00186839
0.00194738 0.00186328

0.00175078 0.00205973
0.00174626 0.0020625

0.00175664 0.00205603
0.00175566 0.00205664

0.00175078 0.00205975
0.00175572 0.00205664

0.00175664 0.00205605
0.0017625 0.00205226

0.00158086 0.00212662
0.00157881 0.00212695

0.001575 0.00212758
0.00157887 0.00212695

0.00158086 0.00212662
0.00158672 0.00212557

0.00158672 0.00212557
0.00159258 0.00212443

0.00159258 0.00212443
0.00159844 0.0021232

0.00161016 0.00212047
0.00160756 0.00212109

0.00159844 0.0021232
0.0016043 0.00212188

0.0016043 0.00212189
0.0016076 0.00212109

0.00161016 0.00212047
0.00161602 0.00211897

0.00161602 0.00211897
0.00162187 0.00211738

0.00165117 0.00210811
0.00164752 0.00210937

0.00165117 0.00210811
0.00165703 0.00210598

0.00165703 0.00210599
0.00166289 0.00210378

0.00166875 0.00210147
0.00166355 0.00210352

0.00166289 0.00210378
0.00166356 0.00210352

0.00162187 0.00211738
0.00162773 0.00211571

0.00163359 0.00211394
0.0016293 0.00211523

0.00162773 0.00211571
0.00162932 0.00211523

0.00163359 0.00211394
0.00163945 0.00211208

0.00163945 0.00211208
0.00164531 0.00211014

0.00164531 0.00211015
0.00164754 0.00210937

0.00168047 0.0020966
0.00167796 0.00209766

0.00166875 0.00210147
0.00167461 0.00209908

0.00167461 0.00209909
0.001678 0.00209766

0.00168047 0.0020966
0.00168633 0.00209403

0.00169219 0.00209136
0.00169122 0.0020918

0.00168633 0.00209404
0.00169127 0.0020918

0.00170391 0.00208577
0.00170355 0.00208594

0.00170391 0.00208578
0.00170977 0.00208285

0.00171562 0.00207981
0.00171511 0.00208008

0.00170977 0.00208286
0.00171515 0.00208008

0.00169219 0.00209137
0.00169805 0.00208862

0.00169805 0.00208863
0.0017036 0.00208594

0.00172734 0.00207349
0.00172602 0.00207422

0.00171562 0.00207983
0.00172148 0.00207671

0.00172148 0.00207672
0.00172606 0.00207422

0.00172734 0.00207351
0.0017332 0.0020702

0.00173906 0.0020668
0.00173638 0.00206836

0.0017332 0.00207022
0.00173641 0.00206836

0.00173906 0.00206682
0.00174492 0.00206332

0.00174492 0.00206333
0.00174628 0.0020625

0.00178594 0.0020361
0.00178181 0.00203906

0.00176836 0.00204838
0.00176473 0.00205078

0.00177422 0.00204437
0.0017734 0.00204492

0.00176836 0.00204839
0.00177346 0.00204492

0.0017625 0.00205227
0.00176476 0.00205078

0.00177422 0.0020444
0.00178008 0.0020403

0.00178008 0.0020403
0.00178185 0.00203906

0.0017918 0.0020318
0.00178985 0.0020332

0.00178594 0.00203612
0.00178991 0.0020332

0.0017918 0.00203182
0.00179766 0.0020274

0.00180352 0.00202286
0.00179772 0.00202734

0.00180937 0.00201822
0.00180525 0.00202148

0.00180352 0.00202286
0.00180528 0.00202148

0.00179766 0.0020274
0.00179773 0.00202734

0.00181523 0.00201346
0.00181253 0.00201563

0.00182109 0.00200855
0.00181964 0.00200977

0.00181523 0.00201347
0.00181969 0.00200977

0.00182695 0.00200354
0.00182653 0.00200391

0.00182695 0.00200358
0.00183281 0.00199844

0.00182109 0.00200859
0.00182657 0.00200391

0.00184453 0.00198777
0.00183974 0.00199219

0.00185625 0.00197654
0.0018522 0.00198047

0.00185039 0.00198224
0.00184604 0.00198633

0.00184453 0.00198777
0.00184608 0.00198633

0.00185039 0.00198223
0.00185223 0.00198047

0.00183867 0.00199317
0.00183325 0.00199805

0.00183281 0.00199844
0.00183326 0.00199805

0.00183867 0.00199317
0.00183975 0.00199219

0.00180937 0.00201821
0.00181261 0.00201562

0.00186797 0.00196469
0.00186404 0.00196875

0.00187969 0.00195222
0.00187526 0.00195703

0.00187383 0.00195852
0.00186973 0.00196289

0.00186797 0.0019647
0.00186971 0.00196289

0.00187383 0.00195855
0.00187525 0.00195703

0.00189141 0.00193903
0.00189104 0.00193945

0.00189105 0.00193945
0.00188591 0.00194531

0.00189727 0.00193214
0.00189605 0.00193359

0.00190312 0.00192503
0.00190095 0.00192773

0.00189727 0.00193214
0.00190094 0.00192773

0.00189141 0.00193903
0.00189605 0.00193359

0.00188555 0.00194572
0.00188065 0.00195117

0.00187969 0.00195223
0.00188065 0.00195117

0.00188555 0.00194573
0.00188591 0.00194531

0.00192656 0.00189435
0.00192363 0.00189844

0.00190898 0.00191774
0.0019057 0.00192187

0.00191484 0.00191021
0.00191035 0.00191602

0.00190898 0.00191776
0.00191034 0.00191602

0.0019207 0.00190239
0.00191932 0.0019043

0.00191931 0.0019043
0.00191489 0.00191016

0.0019207 0.00190241
0.00192363 0.00189844

0.00191484 0.00191021
0.00191489 0.00191016

0.00193242 0.00188602
0.00193195 0.00188672

0.00193828 0.00187736
0.00193595 0.00188086

0.00193242 0.00188603
0.00193595 0.00188086

0.00193195 0.00188672
0.00192784 0.00189258

0.00192656 0.00189438
0.00192783 0.00189258

0.00193828 0.00187738
0.00193986 0.001875

0.00190312 0.00192507
0.00190568 0.00192187

0.00186211 0.00197069
0.0018582 0.00197461

0.00185625 0.00197655
0.00185821 0.00197461

0.00186211 0.0019707
0.00186404 0.00196875

0.00202392 0.0015
0.00202469 0.00150586

0.00202469 0.00150586
0.00202541 0.00151172

0.00202541 0.00151172
0.00202608 0.00151758

0.00202608 0.00151758
0.00202617 0.00151845

0.00202617 0.00151845
0.00202669 0.00152344

0.00202669 0.00152344
0.00202724 0.0015293

0.00202724 0.0015293
0.00202773 0.00153516

0.00202773 0.00153516
0.00202817 0.00154102

0.00202817 0.00154102
0.00202855 0.00154687

0.00202855 0.00154687
0.00202888 0.00155273

0.00202888 0.00155273
0.00202915 0.00155859

0.00202915 0.00155859
0.00202935 0.00156445

0.00202935 0.00156445
0.0020295 0.00157031

0.0020295 0.00157031
0.00202959 0.00157617

0.00202959 0.00157617
0.00202961 0.00158203

0.00202961 0.00158203
0.00202957 0.00158789

0.00202957 0.00158789
0.00202947 0.00159375

0.00202947 0.00159375
0.00202931 0.00159961

0.00202931 0.00159961
0.00202908 0.00160547

0.00202908 0.00160547
0.00202879 0.00161133

0.00202879 0.00161133
0.00202844 0.00161719

0.00202844 0.00161719
0.00202801 0.00162305

0.00202801 0.00162305
0.00202752 0.00162891

0.00202752 0.00162891
0.00202697 0.00163477

0.00202697 0.00163477
0.00202635 0.00164062

0.00202031 0.00168032
0.00202006 0.00168164

0.00202007 0.00168164
0.0020189 0.0016875

0.00202617 0.00164211
0.00202566 0.00164648

0.00202566 0.00164648
0.00202491 0.00165234

0.00202617 0.00164211
0.00202634 0.00164062

0.00202491 0.00165234
0.00202408 0.0016582

0.00202409 0.0016582
0.00202319 0.00166406

0.00202319 0.00166406
0.00202222 0.00166992

0.00202222 0.00166992
0.00202117 0.00167578

0.00202031 0.00168032
0.00202117 0.00167578

0.00199687 0.00176348
0.00199681 0.00176367

0.00199681 0.00176367
0.00199458 0.00176953

0.00199102 0.00177842
0.00198986 0.00178125

0.00199459 0.00176953
0.00199227 0.00177539

0.00199102 0.00177844
0.00199226 0.00177539

0.00201891 0.0016875
0.00201766 0.00169336

0.00201766 0.00169336
0.00201633 0.00169922

0.00201445 0.00170689
0.00201344 0.00171094

0.00201632 0.00169922
0.00201492 0.00170508

0.00201445 0.0017069
0.00201491 0.00170508

0.00200859 0.00172847
0.00200858 0.00172852

0.00200858 0.00172852
0.00200682 0.00173437

0.00201346 0.00171094
0.00201193 0.0017168

0.00201193 0.0017168
0.0020103 0.00172266

0.00200859 0.0017285
0.0020103 0.00172266

0.00200683 0.00173437
0.00200499 0.00174023

0.00200499 0.00174023
0.00200306 0.00174609

0.00200273 0.00174701
0.00200104 0.00175195

0.00200106 0.00175195
0.00199899 0.00175781

0.00200273 0.00174701
0.00200305 0.00174609

0.00199687 0.00176352
0.00199898 0.00175781

0.00197344 0.001817
0.00197075 0.00182227

0.00197076 0.00182227
0.00196769 0.00182812

0.00198516 0.00179218
0.00198481 0.00179297

0.00198482 0.00179297
0.00198218 0.00179883

0.00198218 0.00179883
0.00197945 0.00180469

0.00198986 0.00178125
0.00198739 0.00178711

0.00198516 0.00179221
0.00198739 0.00178711

0.0019793 0.001805
0.00197664 0.00181055

0.00197664 0.00181055
0.00197374 0.00181641

0.0019793 0.00180501
0.00197945 0.00180469

0.00197344 0.001817
0.00197374 0.00181641

0.00196172 0.00183903
0.00196127 0.00183984

0.00195586 0.00184925
0.00195451 0.00185156

0.00196128 0.00183984
0.00195794 0.0018457

0.00195586 0.00184927
0.00195795 0.0018457

0.00196758 0.00182832
0.00196453 0.00183398

0.00196172 0.00183906
0.00196453 0.00183398

0.00196758 0.00182833
0.00196769 0.00182812

0.00195451 0.00185156
0.00195099 0.00185742

0.00195 0.00185904
0.00195099 0.00185742

