0.00441084 0
0.00441094 3.41795e-06

0.00441094 3.43196e-06
0.00441101 5.85937e-06

0.004411 5.85938e-06
0.00441153 1.17187e-05

0.00441153 1.17187e-05
0.00441243 1.75781e-05

0.00441242 1.75781e-05
0.00441372 2.34375e-05

0.00441372 2.34375e-05
0.00441543 2.92969e-05

0.00441543 2.92969e-05
0.0044168 3.30246e-05

0.0044168 3.31492e-05
0.00441753 3.51562e-05

0.00441756 3.51562e-05
0.00442019 4.10156e-05

0.00442021 4.10156e-05
0.00442266 4.56129e-05

0.00442266 4.58246e-05
0.00442322 4.6875e-05

0.0044233 4.6875e-05
0.00442694 5.27344e-05

0.00442703 5.27344e-05
0.00442852 5.48471e-05

0.00442852 5.5014e-05
0.0044311 5.85937e-05

0.00443121 5.85937e-05
0.00443437 6.24071e-05

0.00443437 6.26921e-05
0.0044359 6.44531e-05

0.00443614 6.44531e-05
0.00444023 6.86942e-05

0.00444023 6.89833e-05
0.00444163 7.03125e-05

0.00444201 7.03125e-05
0.00444609 7.39217e-05

0.00444609 7.43265e-05
0.00444848 7.61719e-05

0.00444919 7.61719e-05
0.00445195 7.82733e-05

0.00445195 7.85559e-05
0.0044572 8.20312e-05

0.00445726 8.20312e-05
0.00445781 8.23799e-05

0.00445781 8.23545e-05
0.00446367 8.57485e-05

0.00446367 8.58907e-05
0.00446768 8.78906e-05

0.00446822 8.78906e-05
0.00446953 8.85431e-05

0.00446953 8.86538e-05
0.00447539 9.11428e-05

0.00447539 9.11858e-05
0.00448125 9.33291e-05

0.00448125 9.33507e-05
0.00448259 9.375e-05

0.00453398 9.22541e-05
0.00453047 9.375e-05

0.00453398 9.23147e-05
0.00453984 8.89566e-05

0.00455156 7.88882e-05
0.00454843 8.20312e-05

0.0045457 8.46009e-05
0.00454129 8.78906e-05

0.00453984 8.90118e-05
0.00454151 8.78906e-05

0.0045457 8.47383e-05
0.00454874 8.20312e-05

0.00456328 6.44193e-05
0.00456326 6.44531e-05

0.00456328 6.45091e-05
0.00455883 7.03125e-05

0.00456914 5.6567e-05
0.00456765 5.85937e-05

0.004575 4.87728e-05
0.00457213 5.27344e-05

0.00456914 5.66376e-05
0.00457206 5.27344e-05

0.00456328 6.4437e-05
0.00456766 5.85937e-05

0.00455742 7.20325e-05
0.00455399 7.61719e-05

0.00455156 7.90786e-05
0.00455418 7.61719e-05

0.00455742 7.23116e-05
0.00455901 7.03125e-05

0.00448276 9.375e-05
0.00448711 9.50457e-05

0.00448711 9.50664e-05
0.00449297 9.64361e-05

0.00449297 9.64406e-05
0.00449883 9.74078e-05

0.00449883 9.7421e-05
0.00450469 9.79505e-05

0.00450469 9.79613e-05
0.00451055 9.80048e-05

0.00451055 9.80169e-05
0.00451641 9.75285e-05

0.00451641 9.75448e-05
0.00452227 9.6468e-05

0.00452227 9.64886e-05
0.00452813 9.47495e-05

0.00452812 9.48141e-05
0.00453063 9.375e-05

0.00459235 0
0.00459212 5.85937e-06

0.00459212 5.85938e-06
0.00459145 1.17187e-05

0.00459146 1.17187e-05
0.00459032 1.75781e-05

0.00459033 1.75781e-05
0.00458867 2.34375e-05

0.00458672 2.86452e-05
0.00458647 2.92969e-05

0.00458647 2.92969e-05
0.00458369 3.51562e-05

0.00458086 4.00956e-05
0.00458033 4.10156e-05

0.0045803 4.10156e-05
0.00457642 4.6875e-05

0.00458086 4.00688e-05
0.00458368 3.51562e-05

0.00458672 2.86236e-05
0.00458867 2.34375e-05

0.004575 4.87449e-05
0.00457632 4.6875e-05

0.00516541 0
0.00516563 5.85937e-06

0.00516562 5.85938e-06
0.00516628 1.17187e-05

0.00516627 1.17187e-05
0.0051668 1.45177e-05

0.0051668 1.45311e-05
0.00516737 1.75781e-05

0.00516736 1.75781e-05
0.00516892 2.34375e-05

0.00516891 2.34375e-05
0.00517096 2.92969e-05

0.00517096 2.92969e-05
0.00517266 3.31558e-05

0.00517266 3.31738e-05
0.00517353 3.51562e-05

0.00517352 3.51562e-05
0.00517667 4.10156e-05

0.00517667 4.10156e-05
0.00517852 4.38816e-05

0.00517852 4.39076e-05
0.00518044 4.6875e-05

0.00518042 4.6875e-05
0.00518437 5.20201e-05

0.00518437 5.2045e-05
0.00518493 5.27344e-05

0.00518491 5.27344e-05
0.00519019 5.85937e-05

0.00519023 5.86288e-05
0.00519609 6.42438e-05

0.00519609 6.42539e-05
0.00519632 6.44531e-05

0.00519642 6.44531e-05
0.00520195 6.91126e-05

0.00520195 6.91553e-05
0.00520346 7.03125e-05

0.00520361 7.03125e-05
0.00520781 7.3506e-05

0.00520781 7.35752e-05
0.00521157 7.61719e-05

0.00521175 7.61719e-05
0.00521367 7.74777e-05

0.00521367 7.75588e-05
0.00521953 8.12625e-05

0.00521953 8.13051e-05
0.00522078 8.20312e-05

0.00522088 8.20312e-05
0.00522539 8.4649e-05

0.00522539 8.46853e-05
0.00523125 8.77359e-05

0.00523125 8.77455e-05
0.00523157 8.78906e-05

0.00523162 8.78906e-05
0.00523711 9.04001e-05

0.00523711 9.04156e-05
0.00524297 9.27178e-05

0.00524297 9.27742e-05
0.00524603 9.375e-05

0.0052957 9.29799e-05
0.00529343 9.375e-05

0.0052957 9.30103e-05
0.00530156 9.04496e-05

0.00530742 8.71494e-05
0.00530607 8.78906e-05

0.00530156 9.05232e-05
0.00530635 8.78906e-05

0.00530742 8.7272e-05
0.00531328 8.33024e-05

0.00531914 7.85282e-05
0.00531486 8.20312e-05

0.005325 7.26923e-05
0.00532163 7.61719e-05

0.00531914 7.85575e-05
0.0053217 7.61719e-05

0.00531328 8.33325e-05
0.00531499 8.20312e-05

0.00524632 9.375e-05
0.00524883 9.45505e-05

0.00524883 9.45861e-05
0.00525469 9.60285e-05

0.00525469 9.60413e-05
0.00526055 9.70621e-05

0.00526055 9.70689e-05
0.00526641 9.76289e-05

0.00526641 9.7631e-05
0.00527227 9.77126e-05

0.00527227 9.77147e-05
0.00527812 9.73096e-05

0.00527812 9.73154e-05
0.00528398 9.64078e-05

0.00528398 9.64118e-05
0.00528984 9.49823e-05

0.00528984 9.50128e-05
0.00529357 9.375e-05

0.0053455 0
0.00534541 5.85937e-06

0.00534525 5.85938e-06
0.00534531 1.17187e-05

0.00534541 1.17187e-05
0.00534573 1.75781e-05

0.00534584 1.75781e-05
0.00534599 2.34375e-05

0.00534603 2.34375e-05
0.00534571 2.92969e-05

0.00534572 2.92969e-05
0.00534486 3.51562e-05

0.00534258 4.35257e-05
0.00534143 4.6875e-05

0.00534486 3.51562e-05
0.00534344 4.10156e-05

0.00534258 4.35721e-05
0.00534345 4.10156e-05

0.00533672 5.65847e-05
0.00533562 5.85937e-05

0.00533086 6.56411e-05
0.00532717 7.03125e-05

0.00533565 5.85937e-05
0.00533177 6.44531e-05

0.00533086 6.56882e-05
0.00533177 6.44531e-05

0.00534145 4.6875e-05
0.00533884 5.27344e-05

0.00533672 5.66171e-05
0.00533885 5.27344e-05

0.005325 7.27469e-05
0.00532716 7.03125e-05

0.00538007 0
0.00538012 5.85937e-06

0.00538022 5.85938e-06
0.00538018 1.17187e-05

0.00538007 1.17187e-05
0.00537993 1.75781e-05

0.00537982 1.75781e-05
0.00538003 2.34375e-05

0.00538001 2.34375e-05
0.00538083 2.92969e-05

0.00538084 2.92969e-05
0.00538228 3.51562e-05

0.00538222 3.51562e-05
0.00538359 3.91343e-05

0.00538359 3.47062e-05
0.0053837 3.51562e-05

0.00538359 3.86341e-05
0.00538442 4.10156e-05

0.0053843 4.10156e-05
0.00538692 4.6875e-05

0.00538691 4.6875e-05
0.00538945 5.14832e-05

0.00538945 5.13697e-05
0.00539021 5.27344e-05

0.00539014 5.27344e-05
0.00539402 5.85937e-05

0.00539404 5.85937e-05
0.00539531 6.03115e-05

0.00539531 6.02675e-05
0.0053986 6.44531e-05

0.00539865 6.44531e-05
0.00540117 6.73104e-05

0.00540117 6.73143e-05
0.00540402 7.03125e-05

0.00540405 7.03125e-05
0.00540703 7.31601e-05

0.00540703 7.32352e-05
0.00541047 7.61719e-05

0.00541051 7.61719e-05
0.00541289 7.81023e-05

0.00541289 7.8202e-05
0.00541819 8.20312e-05

0.00541823 8.20312e-05
0.00541875 8.23821e-05

0.00546017 0
0.00546562 5.68259e-06

0.00541875 8.23802e-05
0.00542461 8.59716e-05

0.00542461 8.60085e-05
0.00542825 8.78906e-05

0.00542838 8.78906e-05
0.00543047 8.89718e-05

0.00543047 8.89829e-05
0.00543633 9.15002e-05

0.00543633 9.15179e-05
0.00544219 9.35501e-05

0.00544219 9.35569e-05
0.0054429 9.375e-05

0.00546562 3.0772e-06
0.00547148 2.55312e-06

0.00547148 3.53764e-06
0.00547734 1.1175e-06

0.00547734 3.79025e-06
0.0054822 0

0.0054832 2.88693e-06
0.00548612 0

0.00548906 2.62844e-06
0.005491 0

0.00550078 9.22971e-05
0.00549553 9.375e-05

0.00550078 9.23021e-05
0.00550664 9.04456e-05

0.00550664 9.0446e-05
0.0055125 8.83405e-05

0.00544307 9.375e-05
0.00544805 9.50885e-05

0.00544805 9.51021e-05
0.00545391 9.62751e-05

0.00545391 9.62698e-05
0.00545977 9.70345e-05

0.00545977 9.70307e-05
0.00546562 9.74053e-05

0.00546562 9.74005e-05
0.00547148 9.74021e-05

0.00547148 9.73992e-05
0.00547734 9.7043e-05

0.00547734 9.70406e-05
0.0054832 9.63374e-05

0.0054832 9.63337e-05
0.00548906 9.52959e-05

0.00548906 9.52905e-05
0.00549492 9.39362e-05

0.00549492 9.39091e-05
0.0054955 9.375e-05

0.00554411 0
0.00554766 4.68846e-06

0.00554766 2.58626e-06
0.00555352 1.88722e-06

0.00555352 3.37647e-06
0.00555747 0

0.00551836 8.6014e-05
0.00551358 8.78906e-05

0.0055125 8.83099e-05
0.00551357 8.78906e-05

0.00551836 8.60268e-05
0.00552422 8.35629e-05

0.00553008 8.08907e-05
0.00552755 8.20312e-05

0.00553008 8.09067e-05
0.00553594 7.81087e-05

0.00552422 8.35734e-05
0.00552764 8.20312e-05

0.00555352 6.85797e-05
0.00555057 7.03125e-05

0.00555352 6.85587e-05
0.00555937 6.4776e-05

0.0055418 7.51466e-05
0.00553978 7.61719e-05

0.00553594 7.81289e-05
0.00553979 7.61719e-05

0.0055418 7.51475e-05
0.00554766 7.19696e-05

0.00554766 7.19859e-05
0.0055505 7.03125e-05

0.00555937 3.36346e-06
0.00556195 0

0.00558281 4.33066e-05
0.00557999 4.6875e-05

0.00559453 2.16205e-05
0.00559395 2.34375e-05

0.00559819 0
0.00559792 5.85937e-06

0.00559792 5.85938e-06
0.00559714 1.17187e-05

0.00559714 1.17187e-05
0.00559582 1.75781e-05

0.00559453 2.15951e-05
0.00559582 1.75781e-05

0.00558867 3.46199e-05
0.00558839 3.51562e-05

0.00559395 2.34375e-05
0.00559148 2.92969e-05

0.00558867 3.46113e-05
0.0055915 2.92969e-05

0.0055884 3.51562e-05
0.00558457 4.10156e-05

0.00558281 4.32982e-05
0.00558451 4.10156e-05

0.00557109 5.58431e-05
0.00556777 5.85937e-05

0.00556523 6.0614e-05
0.00555991 6.44531e-05

0.00555937 6.4709e-05
0.00555975 6.44531e-05

0.00556523 6.05158e-05
0.00556767 5.85937e-05

0.00557695 5.01676e-05
0.00557442 5.27344e-05

0.00557109 5.57219e-05
0.00557432 5.27344e-05

0.00557695 5.01107e-05
0.00557988 4.6875e-05

0.005325 0.00221197
0.00532381 0.00221484

0.0053238 0.00221484
0.00532144 0.0022207

0.00532145 0.0022207
0.00531916 0.00222656

0.00531328 0.00224265
0.00531276 0.00224414

0.00531275 0.00224414
0.00531076 0.00225

0.00531914 0.00222662
0.00531695 0.00223242

0.00531694 0.00223242
0.0053148 0.00223828

0.00531914 0.00222662
0.00531916 0.00222656

0.00531328 0.00224264
0.00531481 0.00223828

0.00553594 0.00187247
0.00553391 0.001875

0.00555937 0.00184518
0.0055589 0.0018457

0.00555888 0.0018457
0.00555364 0.00185156

0.00554766 0.00185846
0.00554355 0.00186328

0.0055418 0.00186537
0.00553868 0.00186914

0.00553594 0.0018725
0.00553865 0.00186914

0.0055418 0.00186539
0.00554355 0.00186328

0.00555352 0.00185171
0.00554853 0.00185742

0.00554766 0.00185845
0.00554854 0.00185742

0.00555352 0.00185171
0.00555364 0.00185156

0.00557695 0.0018268
0.00557562 0.00182812

0.00558281 0.00182111
0.00558161 0.00182227

0.00557695 0.00182676
0.00558159 0.00182227

0.00560625 0.00180053
0.00560117 0.00180469

0.00558867 0.00181564
0.00558784 0.00181641

0.00559453 0.00181039
0.00559435 0.00181055

0.00558867 0.0018156
0.00559431 0.00181055

0.00558281 0.00182107
0.00558781 0.00181641

0.00559453 0.00181035
0.00560039 0.00180532

0.00560039 0.00180532
0.00560115 0.00180469

0.00556523 0.00183884
0.00556429 0.00183984

0.00557109 0.00183271
0.00556986 0.00183398

0.00556523 0.00183883
0.00556983 0.00183398

0.00555937 0.00184516
0.00556428 0.00183984

0.00557109 0.0018327
0.00557559 0.00182812

0.00563555 0.00177995
0.00563349 0.00178125

0.00563555 0.00177988
0.00564141 0.00177641

0.00564727 0.00177319
0.00564332 0.00177539

0.00564141 0.00177637
0.00564315 0.00177539

0.00564727 0.00177312
0.00565312 0.00177006

0.00565898 0.00176726
0.00565433 0.00176953

0.00565898 0.00176722
0.00566484 0.00176455

0.00565312 0.00177004
0.00565417 0.00176953

0.0056707 0.00176213
0.00566702 0.00176367

0.00566484 0.00176451
0.00566686 0.00176367

0.0056707 0.00176214
0.00567656 0.00175985

0.00568242 0.00175775
0.00568226 0.00175781

0.00568242 0.00175776
0.00568828 0.0017559

0.00568828 0.00175589
0.00569414 0.00175417

0.00569414 0.00175415
0.0057 0.00175261

0.00567656 0.00175979
0.00568213 0.00175781

0.00561797 0.00179169
0.00561619 0.00179297

0.00561211 0.00179599
0.00560846 0.00179883

0.00560625 0.0018005
0.00560841 0.00179883

0.00561211 0.00179593
0.00561609 0.00179297

0.00561797 0.00179158
0.00562383 0.00178746

0.00562969 0.0017836
0.00562441 0.00178711

0.00562383 0.00178745
0.00562434 0.00178711

0.00562969 0.00178355
0.00563332 0.00178125

0.00540703 0.00205837
0.00540447 0.0020625

0.00541289 0.00204899
0.00541177 0.00205078

0.00541875 0.00203972
0.00541546 0.00204492

0.00541289 0.002049
0.00541545 0.00204492

0.00541177 0.00205078
0.00540811 0.00205664

0.00540703 0.00205838
0.00540811 0.00205664

0.00546562 0.00196841
0.0054654 0.00196875

0.00550078 0.00191835
0.00549822 0.00192187

0.0055125 0.00190249
0.00551117 0.0019043

0.00551116 0.0019043
0.0055068 0.00191016

0.00550664 0.00191038
0.00550249 0.00191602

0.00550078 0.00191837
0.00550248 0.00191602

0.00550664 0.00191038
0.0055068 0.00191016

0.0054832 0.00194294
0.00548155 0.00194531

0.00548906 0.00193466
0.00548566 0.00193945

0.0054832 0.00194296
0.00548566 0.00193945

0.00547734 0.00195136
0.00547342 0.00195703

0.00547148 0.00195983
0.00546938 0.00196289

0.00546562 0.0019684
0.00546939 0.00196289

0.00547148 0.00195984
0.00547341 0.00195703

0.00548155 0.00194531
0.00547747 0.00195117

0.00547734 0.00195136
0.00547747 0.00195117

0.00549492 0.00192644
0.00549401 0.00192773

0.005494 0.00192773
0.00548982 0.00193359

0.00549492 0.00192645
0.00549822 0.00192187

0.00548906 0.00193467
0.00548981 0.00193359

0.00544219 0.00200345
0.0054419 0.00200391

0.00543633 0.0020124
0.00543422 0.00201563

0.00544189 0.00200391
0.00543805 0.00200977

0.00543633 0.0020124
0.00543805 0.00200977

0.00545391 0.00198578
0.00545355 0.00198633

0.00545354 0.00198633
0.00544963 0.00199219

0.00545977 0.00197705
0.00545746 0.00198047

0.00546539 0.00196875
0.00546142 0.00197461

0.00545977 0.00197706
0.00546141 0.00197461

0.00545391 0.00198578
0.00545746 0.00198047

0.00544805 0.00199458
0.00544575 0.00199805

0.00544219 0.00200345
0.00544575 0.00199805

0.00544805 0.00199458
0.00544963 0.00199219

0.00543047 0.00202144
0.00543044 0.00202148

0.00543043 0.00202148
0.00542665 0.00202734

0.00542461 0.00203053
0.0054229 0.0020332

0.0054229 0.0020332
0.00541917 0.00203906

0.00542461 0.00203053
0.00542665 0.00202734

0.00543047 0.00202143
0.00543423 0.00201562

0.00541875 0.00203973
0.00541916 0.00203906

0.00537187 0.00211741
0.0053698 0.00212109

0.00536602 0.0021279
0.00536332 0.00213281

0.0053698 0.00212109
0.00536654 0.00212695

0.00536602 0.0021279
0.00536653 0.00212695

0.00536016 0.00213865
0.00536015 0.00213867

0.00536014 0.00213867
0.00535702 0.00214453

0.0053543 0.00214972
0.00535394 0.00215039

0.00535394 0.00215039
0.00535091 0.00215625

0.0053543 0.00214971
0.00535702 0.00214453

0.00536016 0.00213865
0.00536332 0.00213281

0.00539531 0.00207746
0.00539372 0.00208008

0.00539373 0.00208008
0.0053902 0.00208594

0.00538359 0.00209708
0.00538326 0.00209766

0.00537773 0.00210715
0.00537645 0.00210937

0.00538326 0.00209766
0.00537983 0.00210352

0.00537773 0.00210715
0.00537983 0.00210352

0.00538945 0.0020872
0.00538671 0.0020918

0.00538359 0.00209708
0.00538671 0.0020918

0.00538945 0.0020872
0.0053902 0.00208594

0.00540117 0.00206785
0.00540087 0.00206836

0.00540086 0.00206836
0.00539728 0.00207422

0.00540117 0.00206785
0.00540447 0.0020625

0.00539531 0.00207746
0.00539728 0.00207422

0.00537645 0.00210937
0.0053731 0.00211523

0.00537187 0.00211741
0.0053731 0.00211523

0.00534844 0.00216113
0.00534794 0.00216211

0.00534794 0.00216211
0.00534502 0.00216797

0.00534258 0.00217297
0.00534216 0.00217383

0.00534215 0.00217383
0.00533935 0.00217969

0.00534258 0.00217296
0.00534502 0.00216797

0.00533672 0.0021853
0.0053366 0.00218555

0.0053366 0.00218555
0.00533391 0.00219141

0.00533086 0.00219825
0.00532873 0.00220312

0.00533391 0.00219141
0.00533129 0.00219727

0.00533086 0.00219825
0.00533129 0.00219727

0.00533672 0.00218529
0.00533935 0.00217969

0.00534844 0.00216113
0.00535091 0.00215625

0.00532872 0.00220312
0.00532623 0.00220898

0.005325 0.00221196
0.00532623 0.00220898

0.00551836 0.00189478
0.00551557 0.00189844

0.00552422 0.0018872
0.00552005 0.00189258

0.00551836 0.00189481
0.00552004 0.00189258

0.00553008 0.00187976
0.00552921 0.00188086

0.0055292 0.00188086
0.00552459 0.00188672

0.00553008 0.00187976
0.00553389 0.001875

0.00552422 0.0018872
0.00552459 0.00188672

0.0055125 0.00190251
0.00551557 0.00189844

0.00530156 0.00228162
0.00530069 0.00228516

0.00530068 0.00228516
0.00529932 0.00229102

0.00529932 0.00229102
0.00529806 0.00229687

0.00530742 0.00226055
0.00530706 0.00226172

0.00531076 0.00225
0.00530886 0.00225586

0.00530742 0.00226054
0.00530887 0.00225586

0.00530705 0.00226172
0.00530532 0.00226758

0.00530532 0.00226758
0.00530367 0.00227344

0.00530368 0.00227344
0.00530213 0.0022793

0.00530156 0.00228162
0.00530214 0.0022793

0.00529806 0.00229687
0.00529691 0.00230273

0.00529691 0.00230273
0.00529587 0.00230859

0.0052957 0.00230966
0.00529494 0.00231445

0.00529494 0.00231445
0.00529411 0.00232031

0.0052957 0.00230967
0.00529587 0.00230859

0.00529411 0.00232031
0.00529341 0.00232617

0.00529341 0.00232617
0.00529283 0.00233203

0.00529283 0.00233203
0.00529237 0.00233789

0.00529237 0.00233789
0.00529204 0.00234375

0.00529204 0.00234375
0.00529184 0.00234961

0.00529184 0.00234961
0.00529178 0.00235547

0.00529177 0.00235547
0.00529185 0.00236133

0.00529185 0.00236133
0.00529206 0.00236719

0.00529206 0.00236719
0.00529243 0.00237305

0.00529242 0.00237305
0.00529294 0.00237891

0.00529294 0.00237891
0.0052936 0.00238477

0.0052936 0.00238477
0.00529442 0.00239062

0.00529442 0.00239062
0.00529539 0.00239648

0.00529539 0.00239648
0.0052957 0.00239809

0.0052957 0.0023981
0.00529654 0.00240234

0.00529654 0.00240234
0.00529787 0.0024082

0.00529787 0.0024082
0.00529936 0.00241406

0.00529935 0.00241406
0.00530101 0.00241992

0.005301 0.00241992
0.00530156 0.00242169

0.00530156 0.00242169
0.00530286 0.00242578

0.00530288 0.00242578
0.00530492 0.00243164

0.0053049 0.00243164
0.00530711 0.0024375

0.00530711 0.0024375
0.00530742 0.00243826

0.00530742 0.00243825
0.00530953 0.00244336

0.00530955 0.00244336
0.00531215 0.00244922

0.00531213 0.00244922
0.00531328 0.00245163

0.00531328 0.00245162
0.00531494 0.00245508

0.00531496 0.00245508
0.00531796 0.00246094

0.00531793 0.00246094
0.00531914 0.00246315

0.00531914 0.00246312
0.00532115 0.0024668

0.00532116 0.0024668
0.00532458 0.00247266

0.00532457 0.00247266
0.005325 0.00247338

0.005325 0.00247334
0.0053282 0.00247852

0.00532819 0.00247852
0.00533086 0.00248255

0.00533086 0.00248253
0.00533208 0.00248437

0.00533208 0.00248437
0.00533621 0.00249023

0.0053362 0.00249023
0.00533672 0.00249095

0.00533672 0.00249094
0.0053406 0.00249609

0.00534061 0.00249609
0.00534258 0.00249859

0.00534258 0.00249854
0.00534534 0.00250195

0.00534538 0.00250195
0.00534844 0.00250552

0.00534844 0.00250549
0.00535052 0.00250781

0.00535054 0.00250781
0.0053543 0.00251177

0.0053543 0.00251178
0.00535619 0.00251367

0.00535618 0.00251367
0.00536016 0.0025174

0.00536016 0.00251745
0.00536253 0.00251953

0.00536256 0.00251953
0.00536602 0.00252242

0.00536602 0.00252252
0.00536975 0.00252539

0.00536985 0.00252539
0.00537187 0.00252688

0.00537187 0.00252699
0.00537773 0.00253095

0.00537773 0.00253096
0.00537822 0.00253125

0.00537834 0.00253125
0.00538359 0.00253437

0.00538359 0.00253442
0.00538884 0.00253711

0.00538897 0.00253711
0.00538945 0.00253736

0.00538945 0.00253736
0.00539531 0.00253992

0.00539531 0.00253994
0.00540117 0.00254212

0.00540117 0.00254215
0.00540391 0.00254297

0.00540416 0.00254297
0.00540703 0.00254383

0.00540703 0.00254384
0.00541289 0.00254523

0.00541289 0.00254524
0.00541875 0.0025463

0.00541875 0.0025463
0.00542461 0.00254703

0.00542461 0.00254703
0.00543047 0.00254743

0.00543047 0.00254742
0.00543633 0.00254752

0.00543633 0.00254751
0.00544219 0.00254733

0.00544219 0.00254732
0.00544805 0.00254689

0.00544805 0.00254688
0.00545391 0.00254622

0.00545391 0.00254621
0.00545977 0.00254537

0.00545977 0.00254536
0.00546562 0.00254437

0.00547734 0.00254214
0.00547302 0.00254297

0.00546562 0.00254435
0.00547148 0.00254327

0.00547148 0.00254327
0.00547305 0.00254297

0.00547734 0.00254212
0.0054832 0.00254102

0.0054832 0.00254099
0.00548906 0.00254004

0.00548906 0.00254001
0.00549492 0.00253931

0.00549492 0.00253928
0.00550078 0.00253894

0.00550078 0.00253892
0.00550664 0.00253903

0.00550664 0.00253902
0.0055125 0.00253966

0.0055125 0.00253964
0.00551836 0.00254085

0.00551836 0.0025408
0.00552422 0.00254275

0.00552422 0.00254273
0.00552475 0.00254297

0.00552452 0.00254297
0.00553008 0.00254547

0.00553008 0.0025454
0.00553594 0.00254869

0.00553594 0.00254869
0.00553616 0.00254883

0.00553602 0.00254883
0.0055418 0.00255268

0.0055418 0.00255264
0.00554462 0.00255469

0.00554441 0.00255469
0.00554766 0.00255709

0.00554766 0.00255701
0.00555207 0.00256055

0.00555191 0.00256055
0.00555352 0.00256185

0.00555352 0.00256178
0.00555894 0.00256641

0.00555888 0.00256641
0.00555937 0.00256683

0.00555937 0.00256681
0.00556523 0.00257195

0.00556523 0.00257194
0.0055656 0.00257227

0.00556557 0.00257227
0.00557109 0.00257715

0.00557109 0.00257713
0.00557222 0.00257812

0.00557218 0.00257812
0.00557695 0.0025823

0.00557695 0.0025823
0.00557891 0.00258398

0.00557886 0.00258398
0.00558281 0.00258736

0.00558281 0.00258738
0.00558578 0.00258984

0.00558572 0.00258984
0.00558867 0.00259227

0.00558867 0.0025923
0.00559287 0.0025957

0.00559286 0.0025957
0.00559453 0.00259703

0.00559453 0.00259705
0.00560034 0.00260156

0.00560034 0.00260156
0.00560039 0.0026016

0.00560039 0.0026016
0.00560625 0.00260594

0.00560625 0.00260596
0.00560833 0.00260742

0.00560838 0.00260742
0.00561211 0.00261005

0.00561211 0.00261009
0.00561692 0.00261328

0.00561695 0.00261328
0.00561797 0.00261393

0.00561797 0.00261395
0.00562383 0.0026176

0.00562383 0.00261763
0.0056264 0.00261914

0.00562649 0.00261914
0.00562969 0.00262101

0.00562969 0.00262104
0.00563555 0.00262423

0.00563555 0.00262426
0.00563701 0.002625

0.00563708 0.002625
0.00564141 0.00262719

0.00564141 0.00262721
0.00564727 0.00262996

0.00564727 0.00262999
0.0056493 0.00263086

0.00564941 0.00263086
0.00565312 0.00263245

0.00565312 0.00263246
0.00565898 0.00263477

0.00565898 0.0026348
0.00566436 0.00263672

0.00566437 0.00263672
0.00566484 0.00263689

0.00566484 0.00263687
0.0056707 0.00263873

0.0056707 0.00263872
0.00567656 0.00264038

0.00567656 0.00264038
0.00568242 0.00264186

0.00568242 0.00264187
0.00568569 0.00264258

0.00568574 0.00264258
0.00568828 0.00264313

0.00568828 0.00264312
0.00569414 0.00264418

0.00569414 0.00264417
0.0057 0.00264504

0.00581859 0
0.00582305 4.64425e-06

0.00582305 4.36497e-06
0.00582809 0

0.00582891 2.03465e-06
0.00582968 0

0.00589843 0
0.00589922 1.82813e-06

0.00589922 1.43735e-06
0.00590508 2.15807e-07

0.00652932 0
0.0065294 5.85937e-06

0.0065294 5.85938e-06
0.00652963 1.17187e-05

0.00652963 1.17187e-05
0.00653002 1.75781e-05

0.00653002 1.75781e-05
0.00653057 2.34375e-05

0.00653057 2.34375e-05
0.00653128 2.92969e-05

0.00653128 2.92969e-05
0.00653203 3.43894e-05

0.00653203 3.43889e-05
0.00653214 3.51562e-05

0.00653214 3.51562e-05
0.00653317 4.10156e-05

0.00653317 4.10156e-05
0.00653437 4.6875e-05

0.00653437 4.6875e-05
0.00653573 5.27344e-05

0.00653573 5.27344e-05
0.00653727 5.85937e-05

0.00653727 5.85937e-05
0.00653789 6.07381e-05

0.00653789 6.07401e-05
0.00653897 6.44531e-05

0.00653897 6.44531e-05
0.00654086 7.03125e-05

0.00654086 7.03125e-05
0.00654293 7.61719e-05

0.00654293 7.61719e-05
0.00654375 7.82926e-05

0.00654375 7.82967e-05
0.00654519 8.20312e-05

0.00654519 8.20312e-05
0.00654765 8.78906e-05

0.00654765 8.78906e-05
0.00654961 9.22098e-05

0.00654961 9.2212e-05
0.00655031 9.375e-05

0.00663594 0
0.00663623 5.85937e-06

0.00663623 5.85938e-06
0.00663713 1.17187e-05

0.00663714 1.17187e-05
0.0066375 1.30795e-05

0.00655031 9.375e-05
0.00655318 9.96094e-05

0.00655318 9.96094e-05
0.00655547 0.000103949

0.00655547 0.000103952
0.00655627 0.000105469

0.00655627 0.000105469
0.00655959 0.000111328

0.00655959 0.000111328
0.00656133 0.000114182

0.00656133 0.000114189
0.00656315 0.000117187

0.00656315 0.000117187
0.00656697 0.000123047

0.006567 0.000123047
0.00656719 0.000123324

0.00656719 0.000123363
0.00657106 0.000128906

0.00657108 0.000128906
0.00657305 0.000131587

0.00657305 0.000131576
0.00657543 0.000134766

0.00657543 0.000134766
0.00657891 0.000139109

0.00657891 0.000139118
0.00658012 0.000140625

0.00658012 0.000140625
0.00658477 0.000146051

0.00658477 0.000146059
0.00658514 0.000146484

0.00658513 0.000146484
0.00659051 0.000152344

0.00659055 0.000152344
0.00659062 0.000152421

0.00659062 0.000152473
0.00659626 0.000158203

0.00659631 0.000158203
0.00659648 0.000158372

0.00659648 0.000158424
0.00660234 0.000163994

0.00660234 0.000163996
0.00660242 0.000164062

0.00660243 0.000164062
0.0066082 0.0001692

0.0066082 0.000169208
0.00660904 0.000169922

0.00660908 0.000169922
0.00661406 0.000174094

0.00661406 0.000174126
0.00661616 0.000175781

0.00661622 0.000175781
0.00661992 0.000178693

0.00661992 0.000178755
0.00662379 0.000181641

0.00662388 0.000181641
0.00662578 0.000183013

0.00662578 0.000183108
0.00663164 0.000187199

0.00663164 0.000187215
0.00663208 0.0001875

0.00663213 0.0001875
0.0066375 0.000191003

0.0066375 1.31807e-05
0.00663865 1.75781e-05

0.0066386 1.75781e-05
0.00664088 2.34375e-05

0.00666094 4.35679e-06
0.0066574 5.85937e-06

0.0066574 5.85938e-06
0.00665864 1.17187e-05

0.00666025 1.17187e-05
0.00666094 1.19255e-05

0.00664082 2.34375e-05
0.00664336 2.80216e-05

0.00664336 2.80383e-05
0.00664406 2.92969e-05

0.00664394 2.92969e-05
0.0066485 3.51562e-05

0.00664863 3.51562e-05
0.00664922 3.57906e-05

0.00664922 3.59717e-05
0.00665477 4.10156e-05

0.00665481 4.10156e-05
0.00665508 4.12194e-05

0.00665508 4.12078e-05
0.00666094 4.47563e-05

0.00666094 4.55466e-06
0.00666295 5.85937e-06

0.00666358 5.85938e-06
0.00666289 1.17187e-05

0.00666094 1.23129e-05
0.00666246 1.17187e-05

0.00666094 4.46971e-05
0.0066668 4.6762e-05

0.0066668 4.6767e-05
0.00666766 4.6875e-05

0.00667852 4.66347e-05
0.00667613 4.6875e-05

0.00667852 4.68426e-05
0.00668437 4.50108e-05

0.00666787 4.6875e-05
0.00667266 4.74745e-05

0.00667266 4.75425e-05
0.00667852 4.69512e-05

0.00667852 4.69722e-05
0.00667883 4.6875e-05

0.00669825 0
0.00670184 5.85937e-06

0.00670195 4.19434e-06
0.00670781 4.90412e-06

0.00670779 5.85938e-06
0.00670781 5.87836e-06

0.00670781 2.18073e-05
0.00670711 2.34375e-05

0.00668437 4.50668e-05
0.00669023 4.20018e-05

0.00669609 3.75238e-05
0.0066916 4.10156e-05

0.00669023 4.2007e-05
0.00669169 4.10156e-05

0.00670195 3.11182e-05
0.00669851 3.51562e-05

0.00670705 2.34375e-05
0.00670335 2.92969e-05

0.00670195 3.11292e-05
0.00670334 2.92969e-05

0.00669609 3.74493e-05
0.00669846 3.51562e-05

0.00670781 8.76981e-07
0.00671086 5.85937e-06

0.00671199 5.85938e-06
0.00671007 1.17187e-05

0.00671953 1.91668e-06
0.00671679 5.85937e-06

0.00671367 5.99445e-06
0.0067138 5.85938e-06

0.00671095 1.17187e-05
0.00670962 1.75781e-05

0.00670781 2.17921e-05
0.00670964 1.75781e-05

0.00671953 2.1385e-06
0.00672046 0

0.00675892 0
0.00676055 3.16608e-06

0.00676055 4.92189e-06
0.00676352 5.85937e-06

0.00676576 5.85938e-06
0.00676641 6.30452e-06

0.00676641 4.58706e-06
0.00676879 5.85937e-06

0.00676837 5.85938e-06
0.00676962 1.17187e-05

0.00677561 0
0.00677346 5.85937e-06

0.00677227 1.08148e-05
0.00677409 5.85938e-06

0.00677061 1.17187e-05
0.00677171 1.75781e-05

0.00677144 1.75781e-05
0.00677156 2.34375e-05

0.00677146 2.34375e-05
0.00677133 2.92969e-05

0.0067713 2.92969e-05
0.00677119 3.51562e-05

0.00677119 3.51562e-05
0.00677115 4.10156e-05

0.00677116 4.10156e-05
0.00677118 4.6875e-05

0.00677118 4.6875e-05
0.00677124 5.27344e-05

0.00677124 5.27344e-05
0.00677134 5.85937e-05

0.00677134 5.85937e-05
0.00677146 6.44531e-05

0.00677146 6.44531e-05
0.0067716 7.03125e-05

0.00677161 7.03125e-05
0.00677174 7.61719e-05

0.00677174 7.61719e-05
0.00677185 8.20312e-05

0.00677186 8.20312e-05
0.00677193 8.78906e-05

0.00677193 8.78906e-05
0.00677193 9.375e-05

0.00677812 2.75947e-06
0.00677852 0

0.00677812 8.16998e-06
0.00677961 5.85938e-06

0.00677194 9.375e-05
0.00677185 9.96094e-05

0.00677186 9.96094e-05
0.00677166 0.000105469

0.00677166 0.000105469
0.00677133 0.000111328

0.00677133 0.000111328
0.00677084 0.000117187

0.00677085 0.000117187
0.00677018 0.000123047

0.00677019 0.000123047
0.00676932 0.000128906

0.00676933 0.000128906
0.00676824 0.000134766

0.00676824 0.000134766
0.0067669 0.000140625

0.00674297 0.000186266
0.00674178 0.0001875

0.00675469 0.00017077
0.00675149 0.000175781

0.00674883 0.000179359
0.0067471 0.000181641

0.00674297 0.000186313
0.00674711 0.000181641

0.00674883 0.000179364
0.0067515 0.000175781

0.00676641 0.000142438
0.00676529 0.000146484

0.0067653 0.000146484
0.00676336 0.000152344

0.00676055 0.000159354
0.00675837 0.000164062

0.00676337 0.000152344
0.00676106 0.000158203

0.00676055 0.000159348
0.00676108 0.000158203

0.00676641 0.000142431
0.00676691 0.000140625

0.00675839 0.000164062
0.0067552 0.000169922

0.00675469 0.000170786
0.00675521 0.000169922

0.0066375 0.000191054
0.00664132 0.000193359

0.00664145 0.000193359
0.00664336 0.000194509

0.00664336 0.000194553
0.00664922 0.000197781

0.00664922 0.000197852
0.006652 0.000199219

0.00665216 0.000199219
0.00665508 0.000200653

0.00665508 0.000200675
0.00666094 0.000203184

0.00666094 0.000203232
0.00666614 0.000205078

0.00666621 0.000205078
0.0066668 0.000205288

0.0066668 0.000205277
0.00667266 0.000206901

0.00667266 0.000206908
0.00667852 0.000208128

0.00667852 0.000208139
0.00668437 0.00020892

0.00668437 0.000208926
0.00669023 0.000209235

0.00669023 0.000209237
0.00669609 0.00020906

0.00669609 0.000209064
0.00670195 0.000208389

0.00670195 0.000208393
0.00670781 0.000207202

0.00670781 0.00020722
0.00671367 0.000205469

0.00671953 0.000203126
0.00671463 0.000205078

0.00671367 0.000205484
0.00671469 0.000205078

0.00673125 0.000196433
0.00672687 0.000199219

0.00671953 0.000203172
0.00672539 0.000200182

0.00672539 0.000200215
0.00672701 0.000199219

0.00673711 0.000191819
0.00673519 0.000193359

0.00673125 0.000196522
0.00673536 0.000193359

0.00673711 0.000191943
0.00674188 0.0001875

0.00715025 0
0.00715073 5.85937e-06

0.00715071 5.85938e-06
0.00715219 1.17187e-05

0.00715213 1.17187e-05
0.00715312 1.39333e-05

0.00715312 1.39328e-05
0.00715476 1.75781e-05

0.00715465 1.75781e-05
0.00715874 2.34375e-05

0.00715886 2.34375e-05
0.00715898 2.35828e-05

0.00715898 2.38871e-05
0.00716469 2.92969e-05

0.00716512 2.92969e-05
0.0071707 3.28197e-05

0.0071707 3.28952e-05
0.00717642 3.51562e-05

0.00717716 3.51562e-05
0.00718242 3.61719e-05

0.00718242 3.61826e-05
0.00718828 3.64477e-05

0.0072 3.4203e-05
0.00719647 3.51562e-05

0.00718828 3.64634e-05
0.00719414 3.58217e-05

0.00719414 3.58737e-05
0.0071968 3.51562e-05

0.00570586 0.00175133
0.00570309 0.00175195

0.0057 0.00175259
0.00570282 0.00175195

0.00570586 0.00175131
0.00571172 0.00175017

0.00571172 0.00175016
0.00571758 0.00174918

0.00571758 0.00174917
0.00572344 0.00174836

0.00572344 0.00174836
0.0057293 0.00174771

0.0057293 0.00174771
0.00573516 0.00174723

0.00573516 0.00174723
0.00574102 0.00174691

0.00574102 0.00174691
0.00574687 0.00174675

0.00574687 0.00174675
0.00575273 0.00174675

0.00575273 0.00174675
0.00575859 0.0017469

0.00575859 0.0017469
0.00576445 0.00174721

0.00576445 0.00174721
0.00577031 0.00174767

0.00577031 0.00174767
0.00577617 0.00174829

0.00577617 0.00174829
0.00578203 0.00174906

0.00578203 0.00174906
0.00578789 0.00174998

0.00578789 0.00174998
0.00579375 0.00175106

0.00579375 0.00175105
0.00579805 0.00175195

0.00579792 0.00175195
0.00579961 0.00175231

0.00579961 0.0017523
0.00580547 0.00175367

0.00580547 0.00175367
0.00581133 0.00175519

0.00581133 0.00175519
0.00581719 0.00175686

0.00581719 0.00175685
0.00582029 0.00175781

0.00582019 0.00175781
0.00582305 0.0017587

0.00582305 0.00175869
0.00582891 0.00176067

0.00582891 0.00176066
0.00583477 0.00176279

0.00583477 0.00176278
0.00583706 0.00176367

0.005837 0.00176367
0.00584062 0.00176509

0.00584062 0.00176508
0.00584648 0.00176752

0.00584648 0.0017675
0.00585106 0.00176953

0.00585099 0.00176953
0.00585234 0.00177013

0.00585234 0.00177012
0.0058582 0.00177287

0.0058582 0.00177286
0.00586329 0.00177539

0.00586323 0.00177539
0.00586406 0.0017758

0.00586406 0.00177579
0.00586992 0.00177887

0.00586992 0.00177885
0.00587425 0.00178125

0.0058742 0.00178125
0.00587578 0.00178213

0.00587578 0.00178211
0.00588164 0.00178553

0.00588164 0.00178552
0.00588425 0.00178711

0.00588421 0.00178711
0.0058875 0.00178912

0.0058875 0.00178911
0.00589336 0.00179288

0.00589336 0.00179288
0.00589349 0.00179297

0.00589348 0.00179297
0.00589922 0.00179684

0.00589922 0.00179683
0.00590206 0.00179883

0.00590203 0.00179883
0.00590508 0.00180098

0.00590508 0.00180096
0.00591012 0.00180469

0.00591007 0.00180469
0.00591094 0.00180533

0.00591094 0.0018053
0.0059168 0.00180984

0.0059168 0.00180984
0.0059177 0.00181055

0.00591768 0.00181055
0.00592266 0.00181458

0.00592266 0.00181458
0.00592486 0.00181641

0.00592481 0.00181641
0.00592852 0.00181952

0.00592852 0.00181954
0.00593166 0.00182227

0.0059316 0.00182227
0.00593437 0.00182472

0.00593437 0.00182472
0.00593813 0.00182812

0.00593808 0.00182812
0.00594023 0.00183013

0.00594023 0.00183012
0.00594428 0.00183398

0.00594425 0.00183398
0.00594609 0.00183579

0.00594609 0.00183577
0.00595015 0.00183984

0.00595015 0.00183984
0.00595195 0.00184169

0.00595195 0.00184168
0.00595577 0.0018457

0.00595579 0.0018457
0.00595781 0.00184788

0.00595781 0.00184786
0.00596117 0.00185156

0.0059612 0.00185156
0.00596367 0.00185436

0.00596367 0.00185434
0.00596635 0.00185742

0.00596639 0.00185742
0.00596953 0.00186114

0.00596953 0.00186111
0.00597134 0.00186328

0.00597136 0.00186328
0.00597539 0.00186821

0.00597539 0.0018682
0.00597614 0.00186914

0.00597615 0.00186914
0.00598077 0.001875

0.00598078 0.001875
0.00598125 0.00187562

0.00598125 0.00187564
0.00598521 0.00188086

0.00598522 0.00188086
0.00598711 0.00188346

0.00598711 0.00188346
0.00598949 0.00188672

0.00598949 0.00188672
0.00599297 0.00189164

0.00599297 0.00189163
0.00599362 0.00189258

0.00599363 0.00189258
0.00599763 0.00189844

0.00599763 0.00189844
0.00599883 0.00190026

0.00599883 0.00190027
0.00600148 0.0019043

0.00600148 0.0019043
0.00600469 0.00190933

0.00600469 0.00190932
0.00600521 0.00191016

0.00600521 0.00191016
0.00600882 0.00191602

0.00600882 0.00191602
0.00601055 0.00191891

0.00601055 0.00191892
0.00601231 0.00192187

0.00601231 0.00192187
0.00601569 0.00192773

0.00601569 0.00192773
0.00601641 0.00192901

0.00601641 0.00192903
0.00601896 0.00193359

0.00601896 0.00193359
0.00602212 0.00193945

0.00602213 0.00193945
0.00602227 0.00193971

0.00602227 0.00193973
0.00602519 0.00194531

0.00602519 0.00194531
0.00602812 0.00195111

0.00602812 0.00195111
0.00602816 0.00195117

0.00602816 0.00195117
0.00603103 0.00195703

0.00603103 0.00195703
0.00603382 0.00196289

0.00603382 0.00196289
0.00603398 0.00196324

0.00603398 0.00196326
0.00603651 0.00196875

0.00603651 0.00196875
0.00603912 0.00197461

0.00603912 0.00197461
0.00603984 0.00197628

0.00603984 0.0019763
0.00604164 0.00198047

0.00604163 0.00198047
0.00604407 0.00198633

0.00604408 0.00198633
0.0060457 0.00199036

0.0060457 0.00199036
0.00604644 0.00199219

0.00604643 0.00199219
0.00604871 0.00199805

0.00604871 0.00199805
0.00605091 0.00200391

0.00605091 0.00200391
0.00605156 0.0020057

0.00605156 0.00200571
0.00605303 0.00200977

0.00605302 0.00200977
0.00605506 0.00201563

0.00605506 0.00201562
0.00605703 0.00202148

0.00605703 0.00202148
0.00605742 0.00202269

0.00605742 0.0020227
0.00605892 0.00202734

0.00605891 0.00202734
0.00606071 0.0020332

0.00606071 0.0020332
0.00606245 0.00203906

0.00606246 0.00203906
0.00606328 0.00204197

0.00606328 0.00204197
0.00606412 0.00204492

0.00606411 0.00204492
0.00606569 0.00205078

0.00606569 0.00205078
0.00606719 0.00205664

0.00606719 0.00205664
0.00606862 0.0020625

0.00606863 0.0020625
0.00606914 0.00206471

0.00606914 0.00206471
0.00606999 0.00206836

0.00606998 0.00206836
0.00607126 0.00207422

0.00607126 0.00207422
0.00607246 0.00208008

0.00607246 0.00208008
0.00607359 0.00208594

0.00607359 0.00208594
0.00607465 0.0020918

0.00607465 0.0020918
0.006075 0.00209388

0.006075 0.00209389
0.00607563 0.00209766

0.00607563 0.00209766
0.00607653 0.00210352

0.00607653 0.00210352
0.00607736 0.00210937

0.00607736 0.00210937
0.00607812 0.00211523

0.00607812 0.00211523
0.0060788 0.00212109

0.0060788 0.00212109
0.00607941 0.00212695

0.00607941 0.00212695
0.00607995 0.00213281

0.00607995 0.00213281
0.00608041 0.00213867

0.00608041 0.00213867
0.0060808 0.00214453

0.0060808 0.00214453
0.00608086 0.00214559

0.00608086 0.00214559
0.00608112 0.00215039

0.00608112 0.00215039
0.00608136 0.00215625

0.00608136 0.00215625
0.00608154 0.00216211

0.00608154 0.00216211
0.00608164 0.00216797

0.00608164 0.00216797
0.00608167 0.00217383

0.00608167 0.00217383
0.00608163 0.00217969

0.00608163 0.00217969
0.00608152 0.00218555

0.00608152 0.00218555
0.00608134 0.00219141

0.00608086 0.00220157
0.00608078 0.00220312

0.00608134 0.00219141
0.00608109 0.00219727

0.00608086 0.00220158
0.00608109 0.00219727

0.00608078 0.00220312
0.00608039 0.00220898

0.00608039 0.00220898
0.00607993 0.00221484

0.00607993 0.00221484
0.00607941 0.0022207

0.00607941 0.0022207
0.00607882 0.00222656

0.00607882 0.00222656
0.00607816 0.00223242

0.00607816 0.00223242
0.00607743 0.00223828

0.00607743 0.00223828
0.00607664 0.00224414

0.00607664 0.00224414
0.00607578 0.00225

0.00582305 0.00262346
0.0058196 0.002625

0.00582305 0.00262346
0.00582891 0.00262068

0.00583477 0.00261773
0.00583195 0.00261914

0.00582891 0.00262068
0.00583198 0.00261914

0.00583477 0.00261774
0.00584062 0.00261464

0.00586406 0.00260061
0.00586256 0.00260156

0.00584648 0.00261137
0.00584305 0.00261328

0.00584648 0.00261138
0.00585234 0.00260796

0.00584062 0.00261464
0.00584307 0.00261328

0.0058582 0.00260437
0.00585321 0.00260742

0.00585234 0.00260795
0.00585323 0.00260742

0.0058582 0.00260437
0.00586259 0.00260156

0.00586406 0.00260062
0.00586992 0.0025967

0.00587578 0.0025926
0.00587134 0.0025957

0.00586992 0.00259668
0.00587137 0.0025957

0.00588164 0.00258834
0.00587954 0.00258984

0.0058875 0.00258386
0.00588734 0.00258398

0.00588164 0.00258834
0.00588738 0.00258398

0.00587578 0.00259261
0.00587958 0.00258984

0.006075 0.00225495
0.00607486 0.00225586

0.00607486 0.00225586
0.00607387 0.00226172

0.00607387 0.00226172
0.00607281 0.00226758

0.00607281 0.00226758
0.00607169 0.00227344

0.00607169 0.00227344
0.00607049 0.0022793

0.00607049 0.0022793
0.00606924 0.00228516

0.00606914 0.00228558
0.00606791 0.00229102

0.00606792 0.00229102
0.00606653 0.00229687

0.00606914 0.00228558
0.00606924 0.00228516

0.00606328 0.00230954
0.00606195 0.00231445

0.00606195 0.00231445
0.00606029 0.00232031

0.00606653 0.00229687
0.00606506 0.00230273

0.00606506 0.00230273
0.00606354 0.00230859

0.00606328 0.00230954
0.00606354 0.00230859

0.00605742 0.00232983
0.00605675 0.00233203

0.00606029 0.00232031
0.00605855 0.00232617

0.00605742 0.00232984
0.00605855 0.00232617

0.00605675 0.00233203
0.00605488 0.00233789

0.00605488 0.00233789
0.00605293 0.00234375

0.00602812 0.00240483
0.00602651 0.0024082

0.00602651 0.0024082
0.00602362 0.00241406

0.00601641 0.00242792
0.0060144 0.00243164

0.0060144 0.00243164
0.00601114 0.0024375

0.00602227 0.00241672
0.00602064 0.00241992

0.00602064 0.00241992
0.00601757 0.00242578

0.00602227 0.00241672
0.00602362 0.00241406

0.00601641 0.00242793
0.00601757 0.00242578

0.00605156 0.00234772
0.00605091 0.00234961

0.00605092 0.00234961
0.00604883 0.00235547

0.0060457 0.00236383
0.00604442 0.00236719

0.00604883 0.00235547
0.00604666 0.00236133

0.0060457 0.00236383
0.00604666 0.00236133

0.00603984 0.00237856
0.0060397 0.00237891

0.00603971 0.00237891
0.00603723 0.00238477

0.00603724 0.00238477
0.00603468 0.00239062

0.00604442 0.00236719
0.00604211 0.00237305

0.00603984 0.00237857
0.0060421 0.00237305

0.00605156 0.00234773
0.00605293 0.00234375

0.00603398 0.00239216
0.00603204 0.00239648

0.00603204 0.00239648
0.00602932 0.00240234

0.00603398 0.00239217
0.00603468 0.00239062

0.00602812 0.00240484
0.00602932 0.00240234

0.00594609 0.00252872
0.00594384 0.00253125

0.00595781 0.00251507
0.00595409 0.00251953

0.00595195 0.002522
0.00594907 0.00252539

0.00594609 0.00252875
0.00594903 0.00252539

0.00595195 0.00252204
0.00595408 0.00251953

0.00596953 0.00250037
0.00596833 0.00250195

0.00596833 0.00250195
0.00596373 0.00250781

0.00597539 0.00249261
0.0059728 0.00249609

0.00598125 0.00248455
0.00597715 0.00249023

0.00597539 0.00249263
0.00597714 0.00249023

0.00596953 0.00250038
0.00597281 0.00249609

0.00596367 0.00250788
0.00595898 0.00251367

0.00595781 0.00251509
0.00595898 0.00251367

0.00596367 0.00250788
0.00596373 0.00250781

0.00589922 0.00257445
0.00589474 0.00257812

0.00591094 0.00256424
0.0059085 0.00256641

0.00590508 0.00256946
0.00590175 0.00257227

0.00589922 0.00257443
0.00590181 0.00257227

0.00590508 0.00256942
0.00590855 0.00256641

0.00592266 0.00255324
0.00592116 0.00255469

0.00593437 0.00254143
0.00593289 0.00254297

0.00592852 0.00254744
0.00592713 0.00254883

0.00592266 0.00255326
0.00592716 0.00254883

0.00592852 0.00254747
0.0059329 0.00254297

0.0059168 0.00255884
0.00591496 0.00256055

0.00591094 0.00256423
0.00591501 0.00256055

0.0059168 0.00255884
0.00592121 0.00255469

0.0058875 0.00258389
0.00589336 0.00257926

0.00589336 0.00257926
0.00589476 0.00257812

0.00594023 0.00253519
0.00593846 0.00253711

0.00593437 0.00254146
0.00593845 0.00253711

0.00594023 0.00253523
0.00594382 0.00253125

0.00600469 0.0024486
0.00600432 0.00244922

0.00599883 0.00245818
0.00599711 0.00246094

0.00600433 0.00244922
0.00600077 0.00245508

0.00599883 0.00245819
0.00600077 0.00245508

0.00599297 0.00246736
0.00598947 0.00247266

0.00598711 0.00247611
0.00598548 0.00247852

0.00598548 0.00247852
0.00598137 0.00248437

0.00598711 0.00247612
0.00598947 0.00247266

0.00599711 0.00246094
0.00599334 0.0024668

0.00599297 0.00246737
0.00599334 0.0024668

0.00601055 0.00243853
0.00600778 0.00244336

0.00600469 0.00244861
0.00600778 0.00244336

0.00601055 0.00243854
0.00601114 0.0024375

0.00598125 0.00248455
0.00598137 0.00248437

0.0057 0.00264504
0.00570586 0.00264572

0.00570586 0.00264572
0.00571172 0.00264621

0.00571172 0.00264621
0.00571758 0.00264652

0.00571758 0.00264652
0.00572344 0.00264665

0.00572344 0.00264665
0.0057293 0.0026466

0.0057293 0.0026466
0.00573516 0.00264638

0.00573516 0.00264638
0.00574102 0.00264598

0.00574102 0.00264598
0.00574687 0.00264542

0.00574687 0.00264542
0.00575273 0.00264469

0.00575273 0.00264469
0.00575859 0.00264379

0.00575859 0.00264379
0.00576445 0.00264273

0.00577031 0.00264151
0.00576517 0.00264258

0.00576445 0.00264273
0.00576518 0.00264258

0.00577031 0.00264151
0.00577617 0.00264014

0.00577617 0.00264013
0.00578203 0.00263859

0.00579375 0.00263504
0.00578844 0.00263672

0.00578203 0.00263859
0.00578789 0.0026369

0.00578789 0.0026369
0.00578845 0.00263672

0.00579375 0.00263504
0.00579961 0.00263304

0.00579961 0.00263304
0.00580547 0.00263088

0.00581133 0.00262856
0.00580551 0.00263086

0.00580547 0.00263088
0.00580551 0.00263086

0.00581133 0.00262856
0.00581719 0.00262609

0.00581719 0.00262609
0.00581962 0.002625

0.006075 0.00225495
0.00607578 0.00225

0.00721758 2.29916e-05
0.00721704 2.34375e-05

0.00721758 2.29236e-05
0.00722344 1.90334e-05

0.0072 3.42414e-05
0.00720586 3.17209e-05

0.00721172 2.81345e-05
0.00720979 2.92969e-05

0.00720586 3.17913e-05
0.00721002 2.92969e-05

0.00721172 2.82037e-05
0.00721758 2.37017e-05

0.00721758 2.37061e-05
0.00721792 2.34375e-05

0.00722344 1.89331e-05
0.0072284 1.75781e-05

0.0072293 1.75486e-05
0.00723023 1.75781e-05

0.0072293 1.76966e-05
0.00723516 1.7882e-05

0.00723516 1.81009e-05
0.00724102 1.89448e-05

0.00724102 1.90486e-05
0.00724687 1.99012e-05

0.00724687 1.99239e-05
0.00725273 2.05324e-05

0.00725273 2.05252e-05
0.00725859 2.08588e-05

0.00725859 2.08402e-05
0.00726445 2.09506e-05

0.00726445 2.09264e-05
0.00727031 2.08993e-05

0.00727031 2.0878e-05
0.00727617 2.08043e-05

0.00727617 2.07929e-05
0.00728203 2.07381e-05

0.00728203 2.07364e-05
0.00728789 2.07264e-05

0.00728789 2.07303e-05
0.00729375 2.07605e-05

0.00729375 2.07657e-05
0.00729961 2.08178e-05

0.00729961 2.08217e-05
0.00730547 2.08775e-05

0.00730547 2.08793e-05
0.00731133 2.09275e-05

0.00731133 2.09275e-05
0.00731719 2.09643e-05

0.00731719 2.09633e-05
0.00732305 2.09909e-05

0.00732305 2.09896e-05
0.00732891 2.10128e-05

0.00732891 2.10115e-05
0.00733477 2.10355e-05

0.00733477 2.10346e-05
0.00734062 2.10638e-05

0.00734062 2.10631e-05
0.00734648 2.11006e-05

0.00734648 2.11002e-05
0.00735234 2.11482e-05

0.00735234 2.11479e-05
0.0073582 2.12076e-05

0.0073582 2.12073e-05
0.00736406 2.12799e-05

0.00736406 2.12797e-05
0.00736992 2.13661e-05

0.00736992 2.13659e-05
0.00737578 2.1467e-05

0.00737578 2.14668e-05
0.00738164 2.15836e-05

0.00738164 2.15834e-05
0.0073875 2.17167e-05

0.0073875 2.17165e-05
0.00739336 2.18671e-05

0.00739336 2.18669e-05
0.00739922 2.20355e-05

0.00739922 2.20354e-05
0.00740508 2.22224e-05

0.00740508 2.22223e-05
0.00741094 2.24284e-05

0.00741094 2.24282e-05
0.0074168 2.2654e-05

0.0074168 2.26545e-05
0.00742266 2.28994e-05

0.00742266 2.28987e-05
0.00742852 2.3163e-05

0.00742852 2.3159e-05
0.00743413 2.34375e-05

0.00743378 2.34375e-05
0.00743437 2.34673e-05

0.00743437 2.34589e-05
0.00744023 2.37663e-05

0.00744023 2.37637e-05
0.00744609 2.40772e-05

0.00744609 2.4077e-05
0.00745195 2.44025e-05

0.00745195 2.44023e-05
0.00745781 2.47404e-05

0.00745781 2.47401e-05
0.00746367 2.50918e-05

0.00746367 2.50914e-05
0.00746953 2.54584e-05

0.00746953 2.5458e-05
0.00747539 2.5842e-05

0.00747539 2.58417e-05
0.00748125 2.62439e-05

0.00748125 2.62437e-05
0.00748711 2.66652e-05

0.00748711 2.66651e-05
0.00749297 2.71067e-05

0.00749297 2.71071e-05
0.00749883 2.75681e-05

0.00749883 2.75685e-05
0.00750469 2.80471e-05

0.00750469 2.80479e-05
0.00751055 2.85415e-05

0.00751055 2.85418e-05
0.00751641 2.90481e-05

0.00751641 2.90478e-05
0.00751923 2.92969e-05

0.0075192 2.92969e-05
0.00752227 2.95671e-05

0.00752227 2.9567e-05
0.00752812 3.0089e-05

0.00752812 3.00894e-05
0.00753398 3.06134e-05

0.00753398 3.06142e-05
0.00753984 3.1138e-05

0.00753984 3.11387e-05
0.0075457 3.16593e-05

0.0075457 3.16599e-05
0.00755156 3.21749e-05

0.00755156 3.21753e-05
0.00755742 3.26826e-05

0.00755742 3.26833e-05
0.00756328 3.31807e-05

0.00756328 3.31812e-05
0.00756914 3.36663e-05

0.00756914 3.36667e-05
0.007575 3.41379e-05

0.007575 3.41376e-05
0.00758086 3.45945e-05

0.00758086 3.45962e-05
0.00758672 3.50361e-05

0.00758672 3.50383e-05
0.00758835 3.51562e-05

0.00758843 3.51562e-05
0.00759258 3.54556e-05

0.00759258 3.54571e-05
0.00759844 3.58663e-05

0.00759844 3.58671e-05
0.0076043 3.62613e-05

0.0076043 3.62614e-05
0.00761016 3.66386e-05

0.00761016 3.66386e-05
0.00761602 3.69989e-05

0.00761602 3.69989e-05
0.00762187 3.73421e-05

0.00762187 3.73422e-05
0.00762773 3.76684e-05

0.00762773 3.76683e-05
0.00763359 3.79776e-05

0.00763359 3.79776e-05
0.00763945 3.82699e-05

0.00763945 3.82701e-05
0.00764531 3.85454e-05

0.00764531 3.85452e-05
0.00765117 3.88033e-05

0.00765117 3.88032e-05
0.00765703 3.90446e-05

0.00765703 3.90445e-05
0.00766289 3.92699e-05

0.00766289 3.92697e-05
0.00766875 3.94796e-05

0.00766875 3.94794e-05
0.00767461 3.96745e-05

0.00767461 3.96743e-05
0.00768047 3.98552e-05

0.00768047 3.9855e-05
0.00768633 4.00228e-05

0.00768633 4.00225e-05
0.00769219 4.01783e-05

0.00769219 4.01779e-05
0.00769805 4.03228e-05

0.00769805 4.03224e-05
0.00770391 4.04578e-05

0.00770391 4.04574e-05
0.00770977 4.05848e-05

0.00770977 4.05843e-05
0.00771562 4.07057e-05

0.00773289 0
0.0077332 9.16946e-07

0.0077332 1.29595e-06
0.00773906 4.46399e-06

0.00771562 4.07051e-05
0.00772148 4.08226e-05

0.00772148 4.08224e-05
0.00772734 4.09376e-05

0.00772734 4.09367e-05
0.00773139 4.10156e-05

0.00773132 4.10156e-05
0.0077332 4.10523e-05

0.0077332 4.10521e-05
0.00773906 4.11656e-05

0.00773906 4.90224e-06
0.00774217 0

0.00773906 4.11666e-05
0.00774492 4.12761e-05

0.00774492 4.1277e-05
0.00775078 4.13786e-05

0.00775078 4.13791e-05
0.00775664 4.14703e-05

0.00775664 4.14703e-05
0.0077625 4.15503e-05

0.0077625 4.15501e-05
0.00776836 4.16193e-05

0.00776836 4.16189e-05
0.00777422 4.16784e-05

0.00777422 4.16779e-05
0.00778008 4.17295e-05

0.00778008 4.1729e-05
0.00778594 4.17748e-05

0.00778594 4.17742e-05
0.0077918 4.18164e-05

0.0077918 4.18158e-05
0.00779766 4.18569e-05

0.00779766 4.18564e-05
0.00780352 4.18986e-05

0.00780352 4.18981e-05
0.00780937 4.19436e-05

0.00780937 4.19431e-05
0.00781523 4.19939e-05

0.00781523 4.19935e-05
0.00782109 4.2051e-05

0.00782109 4.20508e-05
0.00782695 4.21164e-05

0.00782695 4.21162e-05
0.00783281 4.21907e-05

0.00783281 4.21907e-05
0.00783867 4.22744e-05

0.00783867 4.22745e-05
0.00784453 4.23676e-05

0.00784453 4.23677e-05
0.00785039 4.24697e-05

0.00785039 4.24699e-05
0.00785625 4.25802e-05

0.00785625 4.25805e-05
0.00786211 4.26981e-05

0.00786211 4.26984e-05
0.00786797 4.28223e-05

0.00786797 4.28226e-05
0.00787383 4.29513e-05

0.00787383 4.29516e-05
0.00787969 4.30839e-05

0.00787969 4.30843e-05
0.00788555 4.32188e-05

0.00788555 4.32191e-05
0.00789141 4.33546e-05

0.00789141 4.33549e-05
0.00789727 4.34902e-05

0.00789727 4.34904e-05
0.00790313 4.36245e-05

0.00790313 4.36247e-05
0.00790898 4.37566e-05

0.00790898 4.37568e-05
0.00791484 4.38859e-05

0.00791484 4.38861e-05
0.0079207 4.40118e-05

0.0079207 4.40117e-05
0.00792656 4.41339e-05

0.00792656 4.4134e-05
0.00793242 4.42528e-05

0.00793242 4.42528e-05
0.00793828 4.4368e-05

0.00793828 4.4368e-05
0.00794414 4.44795e-05

0.00794414 4.44795e-05
0.00795 4.45876e-05

0.00795 4.45875e-05
0.00795586 4.46923e-05

0.00795586 4.46923e-05
0.00796172 4.4794e-05

0.00796172 4.47939e-05
0.00796758 4.48928e-05

0.00796758 4.48927e-05
0.00797344 4.4989e-05

0.00797344 4.49889e-05
0.0079793 4.50828e-05

0.0079793 4.50828e-05
0.00798516 4.51746e-05

0.00798516 4.51746e-05
0.00799102 4.52645e-05

0.00799102 4.52644e-05
0.00799688 4.53526e-05

0.00799687 4.53526e-05
0.00800273 4.5439e-05

0.00800273 4.5439e-05
0.00800859 4.55238e-05

0.00800859 4.55238e-05
0.00801445 4.56069e-05

0.00801445 4.5607e-05
0.00802031 4.56885e-05

0.00802031 4.56886e-05
0.00802617 4.57685e-05

0.00802617 4.57686e-05
0.00803203 4.58468e-05

0.00803203 4.58468e-05
0.00803789 4.59233e-05

0.00803789 4.59234e-05
0.00804375 4.5998e-05

0.00804375 4.5998e-05
0.00804961 4.60707e-05

0.00804961 4.60707e-05
0.00805547 4.61413e-05

0.00805547 4.61414e-05
0.00806133 4.62098e-05

0.00806133 4.62098e-05
0.00806719 4.62761e-05

0.00806719 4.62761e-05
0.00807305 4.634e-05

0.00807305 4.634e-05
0.00807891 4.64016e-05

0.00807891 4.64015e-05
0.00808477 4.64608e-05

0.00808477 4.64608e-05
0.00809063 4.65178e-05

0.00809062 4.65177e-05
0.00809648 4.65728e-05

0.00809648 4.65729e-05
0.00810234 4.66261e-05

0.00810234 4.6626e-05
0.0081082 4.66773e-05

0.0081082 4.66771e-05
0.00811406 4.67271e-05

0.00811406 4.67274e-05
0.00811992 4.67763e-05

0.00811992 4.67765e-05
0.00812578 4.68232e-05

0.00812578 4.68229e-05
0.00813164 4.68677e-05

0.00813164 4.68689e-05
0.00813252 4.6875e-05

0.00813249 4.6875e-05
0.0081375 4.69098e-05

0.0081375 4.69095e-05
0.00814336 4.69438e-05

0.00814336 4.69432e-05
0.00814922 4.69727e-05

0.00814922 4.69724e-05
0.00815508 4.69987e-05

0.00815508 4.69985e-05
0.00816094 4.70229e-05

0.00816094 4.70227e-05
0.0081668 4.70461e-05

0.0081668 4.70459e-05
0.00817266 4.70689e-05

0.00817266 4.70688e-05
0.00817852 4.7092e-05

0.00817852 4.70919e-05
0.00818437 4.71155e-05

0.00818437 4.71155e-05
0.00819023 4.71398e-05

0.00819023 4.71398e-05
0.00819609 4.7165e-05

0.00819609 4.7165e-05
0.00820195 4.7191e-05

0.00820195 4.7191e-05
0.00820781 4.72179e-05

0.00820781 4.7218e-05
0.00821367 4.72456e-05

0.00821367 4.72456e-05
0.00821953 4.72738e-05

0.00821953 4.72739e-05
0.00822539 4.73024e-05

0.00822539 4.73025e-05
0.00823125 4.73311e-05

0.00823125 4.73312e-05
0.00823711 4.73597e-05

0.00823711 4.73598e-05
0.00824297 4.7388e-05

0.00824297 4.73881e-05
0.00824883 4.74158e-05

0.00824883 4.74159e-05
0.00825469 4.7443e-05

0.00825469 4.74431e-05
0.00826055 4.74695e-05

0.00826055 4.74695e-05
0.00826641 4.74952e-05

0.00826641 4.74952e-05
0.00827227 4.752e-05

0.00827227 4.752e-05
0.00827812 4.7544e-05

0.00827812 4.7544e-05
0.00828398 4.75673e-05

0.00828398 4.75673e-05
0.00828984 4.75897e-05

0.00828984 4.75897e-05
0.0082957 4.76115e-05

0.0082957 4.76115e-05
0.00830156 4.76325e-05

0.00830156 4.76325e-05
0.00830742 4.76528e-05

0.00830742 4.76528e-05
0.00831328 4.76724e-05

0.00831328 4.76724e-05
0.00831914 4.76912e-05

0.00831914 4.76913e-05
0.008325 4.77093e-05

0.008325 4.77093e-05
0.00833086 4.77265e-05

0.00833086 4.77266e-05
0.00833672 4.77427e-05

0.00833672 4.77428e-05
0.00834258 4.77578e-05

0.00834258 4.77579e-05
0.00834844 4.77716e-05

0.00834844 4.77717e-05
0.0083543 4.77839e-05

0.0083543 4.7784e-05
0.00836016 4.77945e-05

0.00836016 4.77946e-05
0.00836602 4.78031e-05

0.00836602 4.78031e-05
0.00837187 4.78094e-05

0.00837187 4.78095e-05
0.00837773 4.78132e-05

0.00837773 4.78132e-05
0.00838359 4.7814e-05

0.00838359 4.78141e-05
0.00838945 4.78117e-05

0.00838945 4.78118e-05
0.00839531 4.78059e-05

0.00839531 4.7806e-05
0.00840117 4.77963e-05

0.00840117 4.77964e-05
0.00840703 4.77826e-05

0.00840703 4.77827e-05
0.00841289 4.77646e-05

0.00841289 4.77646e-05
0.00841875 4.77421e-05

0.00841875 4.77421e-05
0.00842461 4.7715e-05

0.00842461 4.7715e-05
0.00843047 4.76832e-05

0.00843047 4.76832e-05
0.00843633 4.76468e-05

0.00843633 4.76468e-05
0.00844219 4.76057e-05

0.00844219 4.76057e-05
0.00844805 4.75598e-05

0.00844805 4.75598e-05
0.00845391 4.75089e-05

0.00845391 4.7509e-05
0.00845977 4.74524e-05

0.00845977 4.74527e-05
0.00846562 4.73897e-05

0.00850078 4.67626e-05
0.00849639 4.6875e-05

0.00850078 4.67637e-05
0.00850664 4.65843e-05

0.00850664 4.65852e-05
0.0085125 4.63712e-05

0.00846562 4.73901e-05
0.00847148 4.73191e-05

0.00847148 4.73197e-05
0.00847734 4.72388e-05

0.00847734 4.72396e-05
0.0084832 4.71459e-05

0.0084832 4.71466e-05
0.00848906 4.70371e-05

0.00848906 4.70373e-05
0.00849492 4.691e-05

0.00849492 4.69109e-05
0.00849633 4.6875e-05

0.0085125 4.63721e-05
0.00851836 4.61199e-05

0.00851836 4.61204e-05
0.00852422 4.58272e-05

0.00852422 4.58274e-05
0.00853008 4.54916e-05

0.00853008 4.54914e-05
0.00853594 4.51131e-05

0.00853594 4.51123e-05
0.0085418 4.46933e-05

0.0085418 4.4692e-05
0.00854766 4.42362e-05

0.00854766 4.42341e-05
0.00855352 4.37485e-05

0.00855352 4.37461e-05
0.00855937 4.32397e-05

0.00855937 4.32366e-05
0.00856523 4.27203e-05

0.00856523 4.27166e-05
0.00857109 4.22041e-05

0.00857109 4.22002e-05
0.00857695 4.17069e-05

0.00857695 4.17022e-05
0.00858281 4.12454e-05

0.00858867 4.08394e-05
0.00858611 4.10156e-05

0.00858281 4.12405e-05
0.00858608 4.10156e-05

0.00858867 4.08372e-05
0.00859453 4.04973e-05

0.00859453 4.04966e-05
0.00860039 4.02235e-05

0.00860039 4.0224e-05
0.00860625 4.00179e-05

0.00860625 4.00203e-05
0.00861211 3.98754e-05

0.00861211 3.98796e-05
0.00861797 3.97826e-05

0.00861797 3.97882e-05
0.00862383 3.97194e-05

0.00862383 3.97261e-05
0.00862969 3.96607e-05

0.00862969 3.96679e-05
0.00863555 3.95781e-05

0.00863555 3.95854e-05
0.00864141 3.94421e-05

0.00864141 3.94492e-05
0.00864727 3.92237e-05

0.00864727 3.92303e-05
0.00865312 3.88952e-05

0.00865312 3.8901e-05
0.00865898 3.84316e-05

0.00865898 3.84369e-05
0.00866484 3.78109e-05

0.00866484 3.7815e-05
0.0086707 3.70137e-05

0.0086707 3.70199e-05
0.00867656 3.60226e-05

0.00868242 3.47802e-05
0.00868062 3.51562e-05

0.00868242 3.48029e-05
0.00868828 3.3351e-05

0.00867656 3.60427e-05
0.00868081 3.51562e-05

0.00868828 3.33524e-05
0.00869414 3.168e-05

0.00869414 3.16987e-05
0.0087 2.97657e-05

0.00871758 2.26189e-05
0.00871569 2.34375e-05

0.00871758 2.26123e-05
0.00872344 2.00062e-05

0.00870586 2.75512e-05
0.00870116 2.92969e-05

0.0087 2.97778e-05
0.00870129 2.92969e-05

0.00870586 2.7558e-05
0.00871172 2.51959e-05

0.00871172 2.52112e-05
0.00871582 2.34375e-05

0.0087293 1.74724e-05
0.00872905 1.75781e-05

0.00872344 1.99723e-05
0.00872901 1.75781e-05

0.0087293 1.73962e-05
0.00873516 1.51479e-05

0.00873516 1.50622e-05
0.00874102 1.33724e-05

0.00874102 1.32781e-05
0.00874687 1.2507e-05

0.00874687 1.24047e-05
0.00875273 1.29458e-05

0.00875273 1.27099e-05
0.00875859 1.52396e-05

0.00875859 1.50756e-05
0.00876197 1.75781e-05

0.00876093 1.75781e-05
0.00876445 2.04939e-05

0.00876445 2.0422e-05
0.00876748 2.34375e-05

0.00876729 2.34375e-05
0.00877031 2.64934e-05

0.00877031 2.64635e-05
0.00877307 2.92969e-05

0.00877299 2.92969e-05
0.00877617 3.24735e-05

0.00877617 3.24903e-05
0.00877897 3.51562e-05

0.00877893 3.51562e-05
0.00878203 3.7951e-05

0.00878203 3.80381e-05
0.00878565 4.10156e-05

0.00878572 4.10156e-05
0.00878789 4.27127e-05

0.00878789 4.28509e-05
0.00879365 4.6875e-05

0.00879376 4.6875e-05
0.00879961 5.03308e-05

0.00879961 5.04177e-05
0.00880433 5.27344e-05

0.0088047 5.27344e-05
0.00880547 5.31142e-05

0.00880547 5.32093e-05
0.00881133 5.54931e-05

0.00881133 5.54933e-05
0.00881719 5.72949e-05

0.00881719 5.73267e-05
0.00882305 5.85819e-05

0.00882305 5.85745e-05
0.0088232 5.85937e-05

0.00882353 5.85937e-05
0.00882891 5.92718e-05

0.00882891 5.92902e-05
0.00883477 5.95755e-05

0.00883477 5.9571e-05
0.00884062 5.9379e-05

0.00887578 4.56383e-05
0.00887407 4.6875e-05

0.0088875 3.32236e-05
0.00888618 3.51562e-05

0.00888164 4.03355e-05
0.00888098 4.10156e-05

0.00887578 4.58421e-05
0.0088811 4.10156e-05

0.00888164 4.04287e-05
0.00888623 3.51562e-05

0.00884648 5.85179e-05
0.00884588 5.85937e-05

0.00885234 5.73536e-05
0.00884669 5.85937e-05

0.00884062 5.94217e-05
0.00884648 5.86838e-05

0.00884648 5.86904e-05
0.00884692 5.85937e-05

0.00885234 5.738e-05
0.0088582 5.55756e-05

0.0088582 5.564e-05
0.00886406 5.31406e-05

0.00886992 4.98378e-05
0.00886473 5.27344e-05

0.00886406 5.31576e-05
0.00886484 5.27344e-05

0.00886992 4.99708e-05
0.00887431 4.6875e-05

0.00889818 0
0.00889788 5.85937e-06

0.00889788 5.85938e-06
0.00889696 1.17187e-05

0.00889336 2.29206e-05
0.00889316 2.34375e-05

0.00889697 1.17187e-05
0.00889541 1.75781e-05

0.00889336 2.29209e-05
0.00889543 1.75781e-05

0.00889319 2.34375e-05
0.00889013 2.92969e-05

0.0088875 3.32339e-05
0.00889017 2.92969e-05

0.00922257 0
0.00922272 5.85937e-06

0.00922272 5.85938e-06
0.00922318 1.17187e-05

0.00922318 1.17187e-05
0.00922395 1.75781e-05

0.00922395 1.75781e-05
0.00922504 2.34375e-05

0.00922504 2.34375e-05
0.00922645 2.92969e-05

0.00922644 2.92969e-05
0.00922734 3.23185e-05

0.00922734 3.23193e-05
0.00922819 3.51562e-05

0.00922819 3.51562e-05
0.00923028 4.10156e-05

0.00923028 4.10156e-05
0.00923274 4.6875e-05

0.00923274 4.6875e-05
0.0092332 4.78329e-05

0.0092332 4.78347e-05
0.00923559 5.27344e-05

0.00923558 5.27344e-05
0.00923887 5.85937e-05

0.00923887 5.85937e-05
0.00923906 5.89057e-05

0.00923906 5.89184e-05
0.0092426 6.44531e-05

0.0092426 6.44531e-05
0.00924492 6.76795e-05

0.00924492 6.76657e-05
0.00924685 7.03125e-05

0.00924683 7.03125e-05
0.00925078 7.51007e-05

0.00925078 7.51143e-05
0.00925169 7.61719e-05

0.00925166 7.61719e-05
0.00925664 8.14896e-05

0.00925664 8.14919e-05
0.00925718 8.20312e-05

0.00925718 8.20312e-05
0.0092625 8.70482e-05

0.0092625 8.70565e-05
0.00926346 8.78906e-05

0.00926352 8.78906e-05
0.00926836 9.19213e-05

0.00926836 9.19576e-05
0.00927078 9.375e-05

0.00934134 0
0.00934214 5.85937e-06

0.00934204 5.85938e-06
0.00934453 1.14216e-05

0.00934453 1.14227e-05
0.00934466 1.17187e-05

0.00934453 1.20535e-05
0.00934973 1.75781e-05

0.00935038 1.75781e-05
0.00935039 1.75869e-05

0.00935039 1.77961e-05
0.00935625 2.1091e-05

0.00927088 9.375e-05
0.00927422 9.62051e-05

0.00927422 9.62726e-05
0.00927931 9.96094e-05

0.00927951 9.96094e-05
0.00928008 9.99632e-05

0.00928008 0.000100055
0.00928594 0.000103467

0.00928594 0.000103523
0.0092897 0.000105469

0.00928991 0.000105469
0.0092918 0.000106446

0.0092918 0.000106482
0.00929766 0.000109178

0.00929766 0.000109225
0.00930288 0.000111328

0.00930317 0.000111328
0.00930352 0.000111465

0.00930352 0.000111526
0.00930937 0.00011356

0.00930937 0.000113566
0.00931523 0.000115358

0.00931523 0.000115378
0.00932109 0.000116878

0.00932109 0.000116889
0.00932253 0.000117187

0.00932276 0.000117187
0.00932695 0.000118058

0.00932695 0.000118067
0.00933281 0.000119051

0.00933281 0.000119055
0.00933867 0.000119807

0.00933867 0.000119806
0.00934453 0.000120321

0.00934453 0.000120319
0.00935039 0.000120605

0.00935039 0.000120604
0.00935625 0.000120666

0.00935625 2.10418e-05
0.00936211 2.23907e-05

0.00936211 2.23319e-05
0.00936797 2.19506e-05

0.00936797 2.20543e-05
0.00937383 1.9853e-05

0.00937969 1.52103e-05
0.00937705 1.75781e-05

0.00937383 1.99814e-05
0.00937721 1.75781e-05

0.00938555 1.21287e-06
0.00938491 5.85937e-06

0.00938502 5.85938e-06
0.0093824 1.17187e-05

0.00938555 1.21375e-06
0.00938571 0

0.00937969 1.53943e-05
0.00938257 1.17187e-05

0.00945 9.04587e-05
0.00944515 9.375e-05

0.00935625 0.000120665
0.00936211 0.000120508

0.00936211 0.000120508
0.00936797 0.000120135

0.00936797 0.000120135
0.00937383 0.000119546

0.00937383 0.000119542
0.00937969 0.000118743

0.00939141 0.000116454
0.00938797 0.000117187

0.00939141 0.000116469
0.00939727 0.000115013

0.00939727 0.000115017
0.00940312 0.000113357

0.00937969 0.000118752
0.00938555 0.000117731

0.00938555 0.00011775
0.00938818 0.000117187

0.00940312 0.000113382
0.00940898 0.000111458

0.00941484 0.000109255
0.00940923 0.000111328

0.00940898 0.000111456
0.00940933 0.000111328

0.00942656 0.000104185
0.00942375 0.000105469

0.00941484 0.000109286
0.0094207 0.000106894

0.0094207 0.000106924
0.00942389 0.000105469

0.00942656 0.000104224
0.00943242 0.00010127

0.00943828 9.79893e-05
0.00943536 9.96094e-05

0.00943242 0.000101304
0.00943547 9.96094e-05

0.00943828 9.80372e-05
0.00944414 9.44384e-05

0.00944414 9.44361e-05
0.0094452 9.375e-05

0.00949687 2.85375e-05
0.00949666 2.92969e-05

0.00949666 2.92969e-05
0.00949462 3.51562e-05

0.00949102 4.33732e-05
0.00948929 4.6875e-05

0.00949463 3.51562e-05
0.00949217 4.10156e-05

0.00949102 4.33726e-05
0.00949218 4.10156e-05

0.00947344 6.95424e-05
0.00947276 7.03125e-05

0.00946172 8.1139e-05
0.00946068 8.20312e-05

0.00945586 8.60631e-05
0.0094534 8.78906e-05

0.00945 9.04934e-05
0.00945351 8.78906e-05

0.00945586 8.61258e-05
0.00946078 8.20312e-05

0.00946758 7.57025e-05
0.0094671 7.61719e-05

0.00946172 8.12453e-05
0.00946716 7.61719e-05

0.00946758 7.57684e-05
0.00947279 7.03125e-05

0.00948516 5.39576e-05
0.00948212 5.85937e-05

0.0094793 6.23799e-05
0.00947774 6.44531e-05

0.00947344 6.95531e-05
0.00947776 6.44531e-05

0.0094793 6.23876e-05
0.00948212 5.85937e-05

0.0094893 4.6875e-05
0.00948595 5.27344e-05

0.00948516 5.39796e-05
0.00948594 5.27344e-05

0.00950119 0
0.00950101 5.85937e-06

0.00950101 5.85938e-06
0.00950048 1.17187e-05

0.00950048 1.17187e-05
0.00949958 1.75781e-05

0.00949958 1.75781e-05
0.00949831 2.34375e-05

0.00949687 2.85366e-05
0.00949831 2.34375e-05

0.00854766 0.00519636
0.00854689 0.00519727

0.00854654 0.00519727
0.00854432 0.00520312

0.00854766 0.0051961
0.00855352 0.00519217

0.00855352 0.00519163
0.00855937 0.00519435

0.00854415 0.00520312
0.00854761 0.00520898

0.00854844 0.00520898
0.00855352 0.00521165

0.00855937 0.00520869
0.00855898 0.00520898

0.00855352 0.00521225
0.00855937 0.00520989

0.00855937 0.00519421
0.00856186 0.00519727

0.00856151 0.00519727
0.00856307 0.00520312

0.00856323 0.00520312
0.00855993 0.00520898

0.00855937 0.00520998
0.0085604 0.00520898

0.0106296 0
0.0106299 5.85937e-06

0.0106299 5.85938e-06
0.0106305 1.17187e-05

0.0106305 1.17187e-05
0.0106317 1.75781e-05

0.0106317 1.75781e-05
0.0106334 2.34375e-05

0.0106334 2.34375e-05
0.0106336 2.40517e-05

0.0106336 2.40527e-05
0.0106356 2.92969e-05

0.0106356 2.92969e-05
0.0106386 3.51562e-05

0.0106386 3.51562e-05
0.0106395 3.65788e-05

0.0106395 3.65603e-05
0.0106424 4.10156e-05

0.0106424 4.10156e-05
0.0106453 4.46687e-05

0.0106453 4.46632e-05
0.0106473 4.6875e-05

0.0106472 4.6875e-05
0.0106512 5.05924e-05

0.0106512 5.07305e-05
0.0106538 5.27344e-05

0.0106541 5.27344e-05
0.010657 5.48899e-05

0.010657 5.50516e-05
0.0106629 5.83014e-05

0.0106629 5.83077e-05
0.0106636 5.85937e-05

0.0106639 5.85937e-05
0.0106687 6.04284e-05

0.0107156 4.5265e-05
0.0107144 4.6875e-05

0.0106687 6.04466e-05
0.0106746 6.18632e-05

0.0106746 6.18691e-05
0.0106805 6.24517e-05

0.0106805 6.24451e-05
0.0106863 6.21951e-05

0.0106863 6.21964e-05
0.0106922 6.11241e-05

0.0107039 5.60046e-05
0.0106991 5.85937e-05

0.0106922 6.11949e-05
0.010698 5.91564e-05

0.010698 5.91793e-05
0.0106992 5.85937e-05

0.0107098 5.14766e-05
0.0107082 5.27344e-05

0.0107039 5.61425e-05
0.0107085 5.27344e-05

0.0107098 5.16719e-05
0.0107145 4.6875e-05

0.0107273 1.8848e-05
0.0107263 2.34375e-05

0.0107292 0
0.010729 5.85937e-06

0.010729 5.85938e-06
0.0107285 1.17187e-05

0.0107285 1.17187e-05
0.0107276 1.75781e-05

0.0107273 1.88526e-05
0.0107276 1.75781e-05

0.0107263 2.34375e-05
0.0107244 2.92969e-05

0.0107245 2.92969e-05
0.010722 3.51562e-05

0.0107215 3.61163e-05
0.0107187 4.10156e-05

0.0107156 4.52763e-05
0.0107188 4.10156e-05

0.0107215 3.613e-05
0.010722 3.51562e-05

0.0107498 0
0.0107504 5.85937e-06

0.0107503 5.85938e-06
0.0107508 7.41448e-06

0.0107508 7.41816e-06
0.010752 1.17187e-05

0.010752 1.17187e-05
0.010755 1.75781e-05

0.010755 1.75781e-05
0.0107566 1.98351e-05

0.0107566 1.98219e-05
0.0107595 2.34375e-05

0.0107597 2.34375e-05
0.0107625 2.61225e-05

0.0107625 2.63347e-05
0.0107663 2.92969e-05

0.0107668 2.92969e-05
0.0107684 3.04009e-05

0.0107684 3.05513e-05
0.0107742 3.39203e-05

0.0107742 3.39874e-05
0.0107768 3.51562e-05

0.0107772 3.51562e-05
0.0107801 3.64506e-05

0.0107801 3.64636e-05
0.0107859 3.85036e-05

0.0107859 3.849e-05
0.0107918 4.01005e-05

0.0107918 4.01386e-05
0.0107962 4.10156e-05

0.0107967 4.10156e-05
0.0107977 4.1208e-05

0.0107977 4.12617e-05
0.0108035 4.2036e-05

0.0108035 4.20608e-05
0.0108094 4.24456e-05

0.0108094 4.24607e-05
0.0108152 4.23758e-05

0.0108152 4.24003e-05
0.0108211 4.17666e-05

0.010827 4.04668e-05
0.0108245 4.10156e-05

0.0108211 4.18232e-05
0.0108247 4.10156e-05

0.010827 4.05298e-05
0.0108328 3.84429e-05

0.0108562 1.16261e-05
0.0108562 1.17187e-05

0.0108562 1.17611e-05
0.0108541 1.75781e-05

0.0108542 1.75781e-05
0.0108508 2.34375e-05

0.0108387 3.51446e-05
0.0108387 3.51562e-05

0.0108445 3.08556e-05
0.0108391 3.51562e-05

0.0108328 3.85528e-05
0.0108387 3.54013e-05

0.0108387 3.54006e-05
0.010839 3.51562e-05

0.0108504 2.41488e-05
0.0108461 2.92969e-05

0.0108445 3.08787e-05
0.0108461 2.92969e-05

0.0108504 2.42048e-05
0.0108509 2.34375e-05

0.0108579 0
0.0108575 5.85937e-06

0.0108562 1.16312e-05
0.0108575 5.85938e-06

0.0108562 1.17669e-05
0.0108563 1.17187e-05

