-0.000977551 0
-0.00097754 5.85937e-06

-0.00097754 5.85938e-06
-0.000977509 1.17187e-05

-0.000977509 1.17187e-05
-0.000977456 1.75781e-05

-0.000977456 1.75781e-05
-0.000977383 2.34375e-05

-0.000977383 2.34375e-05
-0.000977289 2.92969e-05

-0.000977289 2.92969e-05
-0.000977174 3.51562e-05

-0.000977174 3.51562e-05
-0.000977038 4.10156e-05

-0.000977038 4.10156e-05
-0.000976881 4.6875e-05

-0.000976881 4.6875e-05
-0.000976704 5.27344e-05

-0.000976704 5.27344e-05
-0.000976506 5.85937e-05

-0.000976506 5.85937e-05
-0.000976286 6.44531e-05

-0.000976286 6.44531e-05
-0.000976046 7.03125e-05

-0.000976046 7.03125e-05
-0.000975785 7.61719e-05

-0.000975785 7.61719e-05
-0.000975503 8.20312e-05

-0.000975503 8.20312e-05
-0.0009752 8.78906e-05

-0.0009752 8.78906e-05
-0.000974876 9.375e-05

-0.000974876 9.375e-05
-0.000974531 9.96094e-05

-0.000974531 9.96094e-05
-0.000974164 0.000105469

-0.000974165 0.000105469
-0.000973828 0.000110555

-0.000973828 0.000110557
-0.000973777 0.000111328

-0.000973777 0.000111328
-0.000973367 0.000117187

-0.000973367 0.000117187
-0.000972936 0.000123047

-0.000972936 0.000123047
-0.000972485 0.000128906

-0.000972485 0.000128906
-0.000972011 0.000134766

-0.000972011 0.000134766
-0.000971515 0.000140625

-0.000971515 0.000140625
-0.000970996 0.000146484

-0.000970995 0.000146484
-0.000970456 0.000152344

-0.000970455 0.000152344
-0.000969896 0.000158203

-0.000969896 0.000158203
-0.000969319 0.000164062

-0.000969319 0.000164062
-0.000968723 0.000169922

-0.000968724 0.000169922
-0.000968103 0.000175781

-0.000968103 0.000175781
-0.000967969 0.000176994

-0.000967969 0.000177006
-0.000967455 0.000181641

-0.000967451 0.000181641
-0.000966777 0.0001875

-0.000966777 0.0001875
-0.000966085 0.000193359

-0.000966085 0.000193359
-0.000965377 0.000199219

-0.000965377 0.000199219
-0.000964653 0.000205078

-0.000964654 0.000205078
-0.000963909 0.000210937

-0.000963911 0.000210937
-0.000963142 0.000216797

-0.000963143 0.000216797
-0.000962343 0.000222656

-0.000962341 0.000222656
-0.000962109 0.00022429

-0.000962109 0.000224297
-0.000961511 0.000228516

-0.000961504 0.000228516
-0.000960656 0.000234375

-0.000960659 0.000234375
-0.000959803 0.000240234

-0.000959805 0.000240234
-0.00095893 0.000246094

-0.000958932 0.000246094
-0.000958031 0.000251953

-0.000958032 0.000251953
-0.0009571 0.000257812

-0.000957101 0.000257812
-0.00095625 0.000262972

-0.00095625 0.000262974
-0.000956135 0.000263672

-0.000956126 0.000263672
-0.000955142 0.000269531

-0.000955144 0.000269531
-0.000954155 0.000275391

-0.00095416 0.000275391
-0.000953154 0.00028125

-0.000953155 0.00028125
-0.000952118 0.000287109

-0.000952118 0.000287109
-0.000951046 0.000292969

-0.000951045 0.000292969
-0.000950391 0.000296443

-0.000950391 0.000296442
-0.000949941 0.000298828

-0.000949932 0.000298828
-0.000948821 0.000304687

-0.000948831 0.000304687
-0.000947713 0.000310547

-0.000947715 0.000310547
-0.000946566 0.000316406

-0.000946566 0.000316406
-0.00094538 0.000322266

-0.000945378 0.000322266
-0.000944531 0.000326337

-0.000944531 0.000326335
-0.000944159 0.000328125

-0.000944148 0.000328125
-0.000942923 0.000333984

-0.000942935 0.000333984
-0.000941701 0.000339844

-0.000941702 0.000339844
-0.000940432 0.000345703

-0.00094043 0.000345703
-0.000939122 0.000351562

-0.000939119 0.000351562
-0.000938672 0.000353527

-0.000938672 0.000353513
-0.000937783 0.000357422

-0.00093778 0.000357422
-0.000936443 0.000363281

-0.000936455 0.000363281
-0.000935097 0.000369141

-0.000935096 0.000369141
-0.000933696 0.000375

-0.000933693 0.000375
-0.000932813 0.000378602

-0.000932812 0.000378595
-0.000932259 0.000380859

-0.000932249 0.000380859
-0.000930814 0.000386719

-0.00093083 0.000386719
-0.000929379 0.000392578

-0.000929377 0.000392578
-0.000927881 0.000398437

-0.000927877 0.000398437
-0.000926953 0.000401979

-0.000926953 0.000401971
-0.000926346 0.000404297

-0.000926337 0.000404297
-0.000924805 0.000410156

-0.000924823 0.000410156
-0.000923272 0.000416016

-0.000923268 0.000416016
-0.00092167 0.000421875

-0.000921666 0.000421875
-0.000921094 0.000423941

-0.000921094 0.000423921
-0.000920038 0.000427734

-0.000920039 0.000427734
-0.00091841 0.000433594

-0.000918421 0.000433594
-0.000916764 0.000439453

-0.000916762 0.000439453
-0.000915234 0.000444705

-0.000915234 0.000444704
-0.000915057 0.000445312

-0.00091504 0.000445312
-0.000913328 0.000451172

-0.000913349 0.000451172
-0.000911623 0.000457031

-0.000911619 0.000457031
-0.000909844 0.000462891

-0.000909839 0.000462891
-0.000909375 0.000464406

-0.000909375 0.000464379
-0.000908036 0.00046875

-0.000908044 0.00046875
-0.000906237 0.000474609

-0.000906243 0.000474609
-0.000904399 0.000480469

-0.000904396 0.000480469
-0.000903516 0.000483216

-0.000903516 0.000483195
-0.000902512 0.000486328

-0.000902511 0.000486328
-0.000900624 0.000492187

-0.000900637 0.000492187
-0.000898721 0.000498047

-0.000898717 0.000498047
-0.000897656 0.000501223

-0.000897656 0.000501203
-0.000896753 0.000503906

-0.000896749 0.000503906
-0.000894781 0.000509766

-0.000894796 0.000509766
-0.000892802 0.000515625

-0.000892798 0.000515625
-0.000891797 0.000518507

-0.000891797 0.000518482
-0.000890754 0.000521484

-0.000890754 0.000521484
-0.000888704 0.000527344

-0.000888717 0.000527344
-0.000886638 0.000533203

-0.000886635 0.000533203
-0.000885937 0.000535139

-0.000885938 0.000535104
-0.000884512 0.000539062

-0.000884521 0.000539062
-0.000882391 0.000544922

-0.000882397 0.000544922
-0.000880224 0.000550781

-0.000880219 0.000550781
-0.000880078 0.000551157

-0.000880078 0.000551118
-0.000878016 0.000556641

-0.000878039 0.000556641
-0.00087583 0.0005625

-0.000875825 0.0005625
-0.000874219 0.000566658

-0.000874219 0.000566647
-0.000873557 0.000568359

-0.000873543 0.000568359
-0.000871269 0.000574219

-0.000871292 0.000574219
-0.000868995 0.000580078

-0.000868992 0.000580078
-0.000868359 0.000581665

-0.000868359 0.000581622
-0.000866638 0.000585937

-0.000866652 0.000585937
-0.000864289 0.000591797

-0.000864291 0.000591797
-0.0008625 0.000596155

-0.0008625 0.000596147
-0.00086188 0.000597656

-0.000861865 0.000597656
-0.000859446 0.000603516

-0.000859472 0.000603516
-0.000857023 0.000609375

-0.000857019 0.000609375
-0.000856641 0.000610266

-0.000856641 0.000610219
-0.000854512 0.000615234

-0.000854531 0.000615234
-0.000852018 0.000621094

-0.000852016 0.000621094
-0.000850781 0.000623923

-0.000850781 0.000623897
-0.000849448 0.000626953

-0.000849451 0.000626953
-0.000846873 0.000632812

-0.000846885 0.000632812
-0.000844922 0.000637209

-0.000844922 0.000637201
-0.000844265 0.000638672

-0.00084425 0.000638672
-0.000841611 0.000644531

-0.000841637 0.000644531
-0.000839062 0.000650164

-0.000839063 0.000650163
-0.000838958 0.000650391

-0.000838929 0.000650391
-0.00083622 0.00065625

-0.000836251 0.00065625
-0.000833511 0.000662109

-0.000833503 0.000662109
-0.000833203 0.000662742

-0.000833203 0.000662694
-0.000830703 0.000667969

-0.000830729 0.000667969
-0.000827922 0.000673828

-0.000827918 0.000673828
-0.000827344 0.000675012

-0.000827344 0.000674969
-0.000825053 0.000679687

-0.000825074 0.000679687
-0.000822198 0.000685547

-0.000822198 0.000685547
-0.000821484 0.000686982

-0.000821484 0.000686941
-0.000819265 0.000691406

-0.000819284 0.000691406
-0.000816337 0.000697266

-0.000816339 0.000697266
-0.000815625 0.000698668

-0.000815625 0.000698627
-0.000813336 0.000703125

-0.000813357 0.000703125
-0.000810338 0.000708984

-0.000810338 0.000708984
-0.000809766 0.000710083

-0.000809766 0.000710041
-0.000807264 0.000714844

-0.000807289 0.000714844
-0.000804197 0.000720703

-0.000804192 0.000720703
-0.000803906 0.000721239

-0.000803906 0.000721197
-0.000801045 0.000726562

-0.000801077 0.000726562
-0.000798047 0.00073217

-0.000798047 0.000732167
-0.000797909 0.000732422

-0.000797879 0.000732422
-0.000794675 0.000738281

-0.000794707 0.000738281
-0.000792188 0.00074284

-0.000792188 0.000742822
-0.000791459 0.000744141

-0.000791443 0.000744141
-0.00078816 0.00075

-0.000788184 0.00075
-0.000786328 0.000753285

-0.000786328 0.000753249
-0.000784854 0.000755859

-0.000784861 0.000755859
-0.000781503 0.000761719

-0.00078152 0.000761719
-0.000780469 0.000763536

-0.000780469 0.000763484
-0.000778099 0.000767578

-0.000778121 0.000767578
-0.000774678 0.000773437

-0.000774673 0.000773437
-0.000774609 0.000773547

-0.000774609 0.000773512
-0.00077118 0.000779297

-0.000771208 0.000779297
-0.00076875 0.000783409

-0.00076875 0.000783381
-0.000767689 0.000785156

-0.00076769 0.000785156
-0.000764133 0.000791016

-0.000764157 0.000791016
-0.000762891 0.000793081

-0.000762891 0.000793023
-0.000760529 0.000796875

-0.00076055 0.000796875
-0.000757031 0.000802531

-0.000757031 0.000802527
-0.000756906 0.000802734

-0.000756886 0.000802734
-0.000753208 0.000808594

-0.000753241 0.000808594
-0.000751172 0.00081186

-0.000751172 0.000811813
-0.0007495 0.000814453

-0.000749514 0.000814453
-0.000745736 0.000820312

-0.000745733 0.000820312
-0.000745313 0.000820979

-0.000745313 0.000820938
-0.000741908 0.000826172

-0.000741934 0.000826172
-0.000739453 0.000829951

-0.000739453 0.000829915
-0.000738068 0.000832031

-0.000738078 0.000832031
-0.000734169 0.000837891

-0.00073417 0.000837891
-0.000733594 0.000838769

-0.000733594 0.000838723
-0.000730208 0.00084375

-0.000730232 0.00084375
-0.000727734 0.000847425

-0.000727734 0.000847385
-0.000726231 0.000849609

-0.000726242 0.000849609
-0.000722199 0.000855469

-0.000722197 0.000855469
-0.000721875 0.00085594

-0.000721875 0.000855915
-0.000718104 0.000861328

-0.000718131 0.000861328
-0.000716016 0.000864345

-0.000716016 0.000864288
-0.000713983 0.000867187

-0.000714005 0.000867187
-0.000710156 0.000872586

-0.000710156 0.000872583
-0.000709829 0.000873047

-0.000709816 0.000873047
-0.00070559 0.000878906

-0.000705605 0.000878906
-0.000704297 0.00088075

-0.000704297 0.000880678
-0.000701323 0.000884766

-0.00070134 0.000884766
-0.000698438 0.000888708

-0.000698438 0.000888665
-0.000697023 0.000890625

-0.000697028 0.000890625
-0.00069265 0.000896484

-0.000692651 0.000896484
-0.000692578 0.000896582

-0.000692578 0.000896561
-0.000688207 0.000902344

-0.00068822 0.000902344
-0.000686719 0.000904352

-0.000686719 0.000904292
-0.000683735 0.000908203

-0.00068375 0.000908203
-0.000680859 0.000911952

-0.000680859 0.000911906
-0.000679219 0.000914062

-0.000679226 0.000914062
-0.000675 0.000919456

-0.000675 0.000919457
-0.000674636 0.000919922

-0.000674627 0.000919922
-0.000669973 0.000925781

-0.000669982 0.000925781
-0.000669141 0.000926842

-0.000669141 0.000926812
-0.000665273 0.000931641

-0.000665275 0.000931641
-0.000663281 0.000934154

-0.000663281 0.00093409
-0.00066055 0.0009375

-0.000660553 0.0009375
-0.000657422 0.00094135

-0.000657422 0.000941311
-0.000655763 0.000943359

-0.000655768 0.000943359
-0.000651563 0.000948438

-0.000651563 0.000948437
-0.000650915 0.000949219

-0.000650915 0.000949219
-0.000645997 0.000955078

-0.000646001 0.000955078
-0.000645703 0.000955431

-0.000645703 0.000955417
-0.000641023 0.000960937

-0.000641038 0.000960937
-0.000639844 0.000962345

-0.000639844 0.00096231
-0.000636012 0.000966797

-0.000636016 0.000966797
-0.000633984 0.000969177

-0.000633984 0.000969119
-0.000630974 0.000972656

-0.000630941 0.000972656
-0.000628125 0.00097593

-0.000628125 0.000975895
-0.00062585 0.000978516

-0.000625824 0.000978516
-0.000622266 0.000982564

-0.000622266 0.000982546
-0.000620641 0.000984375

-0.000620634 0.000984375
-0.000616406 0.000989074

-0.000616406 0.00098907
-0.000615352 0.000990234

-0.000615352 0.000990234
-0.000610547 0.000995478

-0.000610547 0.00099548
-0.000609981 0.000996094

-0.000609982 0.000996094
-0.000604688 0.00100179

-0.000604688 0.00100179
-0.000604534 0.00100195

-0.000604526 0.00100195
-0.000599009 0.00100781

-0.000599008 0.00100781
-0.000598828 0.001008

-0.000598828 0.001008
-0.000593441 0.00101367

-0.000593443 0.00101367
-0.000592969 0.00101417

-0.000592969 0.00101416
-0.000587839 0.00101953

-0.000587844 0.00101953
-0.000587109 0.0010203

-0.000587109 0.00102029
-0.000582204 0.00102539

-0.000582207 0.00102539
-0.00058125 0.00102638

-0.00058125 0.00102636
-0.000576522 0.00103125

-0.000576517 0.00103125
-0.000575391 0.0010324

-0.000575391 0.00103239
-0.000570764 0.00103711

-0.000570752 0.00103711
-0.000569531 0.00103834

-0.000569531 0.00103835
-0.000564918 0.00104297

-0.000564904 0.00104297
-0.000563672 0.00104419

-0.000563672 0.00104422
-0.00055898 0.00104883

-0.000558963 0.00104883
-0.000557813 0.00104995

-0.000557813 0.00104999
-0.000552946 0.00105469

-0.000552928 0.00105469
-0.000551953 0.00105562

-0.000551953 0.00105566
-0.000546817 0.00106055

-0.000546802 0.00106055
-0.000546094 0.00106122

-0.000546094 0.00106124
-0.00054058 0.00106641

-0.000540572 0.00106641
-0.000540234 0.00106672

-0.000540234 0.00106673
-0.000534375 0.00107214

-0.000534375 0.00107215
-0.000534247 0.00107227

-0.000534232 0.00107227
-0.000528516 0.00107749

-0.000528516 0.00107749
-0.000527819 0.00107812

-0.00052781 0.00107812
-0.000522656 0.00108279

-0.000522656 0.00108281
-0.000521352 0.00108398

-0.000521337 0.00108398
-0.000516797 0.00108805

-0.000516797 0.00108808
-0.000514817 0.00108984

-0.00051481 0.00108984
-0.000510938 0.00109325

-0.000510937 0.00109331
-0.000508202 0.0010957

-0.000508188 0.0010957
-0.000505078 0.0010984

-0.000505078 0.00109849
-0.000501504 0.00110156

-0.000501467 0.00110156
-0.000499219 0.0011035

-0.000499219 0.00110356
-0.000494709 0.00110742

-0.000494679 0.00110742
-0.000493359 0.00110854

-0.000493359 0.00110858
-0.000487786 0.00111328

-0.000487781 0.00111328
-0.0004875 0.00111352

-0.0004875 0.00111352
-0.000481641 0.00111839

-0.000481641 0.00111841
-0.000480751 0.00111914

-0.000480723 0.00111914
-0.000475781 0.00112321

-0.000475781 0.00112327
-0.000473636 0.001125

-0.00047356 0.001125
-0.000469922 0.00112794

-0.000469922 0.00112801
-0.000466358 0.00113086

-0.000466315 0.00113086
-0.000464063 0.00113264

-0.000464062 0.00113269
-0.000458965 0.00113672

-0.00045896 0.00113672
-0.000458203 0.00113731

-0.000458203 0.00113732
-0.000452344 0.00114188

-0.000452344 0.0011419
-0.000451463 0.00114258

-0.000451424 0.00114258
-0.000446484 0.00114638

-0.000446484 0.00114646
-0.000443856 0.00114844

-0.00044375 0.00114844
-0.000440625 0.00115081

-0.000440625 0.00115086
-0.000436054 0.0011543

-0.000436039 0.0011543
-0.000434766 0.00115524

-0.000434766 0.00115526
-0.000428906 0.00115959

-0.000428906 0.00115962
-0.000428162 0.00116016

-0.000428115 0.00116016
-0.000423047 0.00116385

-0.000423047 0.00116391
-0.00042012 0.00116602

-0.000419995 0.00116602
-0.000417188 0.00116803

-0.000417187 0.00116809
-0.000411833 0.00117187

-0.000411836 0.00117187
-0.000411328 0.00117223

-0.000411328 0.00117222
-0.000405469 0.0011763

-0.000405469 0.00117637
-0.00040346 0.00117773

-0.000403318 0.00117773
-0.000399609 0.00118028

-0.000399609 0.00118033
-0.000394766 0.00118359

-0.000394775 0.00118359
-0.00039375 0.00118427

-0.00039375 0.00118427
-0.000387891 0.00118815

-0.000387891 0.00118821
-0.000385977 0.00118945

-0.000385827 0.00118945
-0.000382031 0.00119193

-0.000382031 0.00119198
-0.000376835 0.00119531

-0.000376845 0.00119531
-0.000376172 0.00119573

-0.000376172 0.00119572
-0.000370313 0.0011994

-0.000370312 0.00119944
-0.000367505 0.00120117

-0.000367388 0.00120117
-0.000364453 0.00120299

-0.000364453 0.00120303
-0.000358594 0.00120657

-0.000358594 0.00120661
-0.000357877 0.00120703

-0.000357756 0.00120703
-0.000352734 0.00121002

-0.000352734 0.00121006
-0.000347881 0.00121289

-0.000347873 0.00121289
-0.000346875 0.00121347

-0.000346875 0.00121345
-0.000341016 0.00121678

-0.000341016 0.00121681
-0.00033754 0.00121875

-0.000337478 0.00121875
-0.000335156 0.00122004

-0.000335156 0.00122005
-0.000329297 0.00122323

-0.000329297 0.00122327
-0.000326768 0.00122461

-0.000326669 0.00122461
-0.000323438 0.00122633

-0.000323437 0.00122635
-0.000317578 0.00122939

-0.000317578 0.00122942
-0.000315491 0.00123047

-0.000315383 0.00123047
-0.000311719 0.00123232

-0.000311719 0.00123234
-0.000305859 0.00123523

-0.000305859 0.00123525
-0.000303608 0.00123633

-0.000303511 0.00123633
-0.0003 0.00123801

-0.0003 0.00123802
-0.000294141 0.00124075

-0.000294141 0.00124077
-0.000290998 0.00124219

-0.000290936 0.00124219
-0.000288281 0.00124338

-0.000288281 0.00124337
-0.000282422 0.00124595

-0.000282422 0.00124599
-0.000277575 0.00124805

-0.000277568 0.00124805
-0.000276563 0.00124847

-0.000276562 0.00124844
-0.000270703 0.00125082

-0.000270703 0.00125085
-0.000264844 0.00125316

-0.000264844 0.00125316
-0.000262869 0.00125391

-0.0002628 0.00125391
-0.000258984 0.00125535

-0.000258984 0.00125535
-0.000253125 0.00125752

-0.000253125 0.00125755
-0.000247266 0.00125964

-0.000247266 0.00125965
-0.000246921 0.00125977

-0.000246819 0.00125977
-0.000241406 0.00126159

-0.000241406 0.00126159
-0.000235547 0.00126351

-0.000235547 0.00126354
-0.000229687 0.00126536

-0.000229687 0.00126536
-0.000228785 0.00126562

-0.00022871 0.00126563
-0.000223828 0.00126706

-0.000223828 0.00126706
-0.000217969 0.00126873

-0.000217969 0.00126874
-0.000212109 0.00127034

-0.000212109 0.00127035
-0.000207677 0.00127148

-0.000207674 0.00127148
-0.00020625 0.00127185

-0.00020625 0.00127183
-0.000200391 0.00127324

-0.000200391 0.00127324
-0.000194531 0.00127459

-0.000194531 0.00127459
-0.000188672 0.00127587

-0.000188672 0.00127589
-0.000182812 0.00127707

-0.000182813 0.00127706
-0.00018128 0.00127734

-0.000181254 0.00127734
-0.000176953 0.00127814

-0.000176953 0.00127814
-0.000171094 0.00127917

-0.000171094 0.00127917
-0.000165234 0.00128013

-0.000165234 0.00128013
-0.000159375 0.00128102

-0.000159375 0.00128102
-0.000153516 0.00128185

-0.000153516 0.00128185
-0.000147656 0.00128261

-0.000147656 0.00128262
-0.000142594 0.0012832

-0.000142596 0.0012832
-0.000141797 0.0012833

-0.000141797 0.00128328
-0.000135937 0.00128388

-0.000135938 0.00128388
-0.000130078 0.00128441

-0.000130078 0.00128441
-0.000124219 0.00128488

-0.000124219 0.00128488
-0.000118359 0.00128529

-0.000118359 0.00128529
-0.0001125 0.00128563

-0.0001125 0.00128563
-0.000106641 0.00128591

-0.000106641 0.00128591
-0.000100781 0.00128613

-0.000100781 0.00128613
-9.49219e-05 0.00128629

-9.49219e-05 0.00128629
-8.90625e-05 0.00128639

-8.90625e-05 0.00128639
-8.32031e-05 0.00128643

-8.32031e-05 0.00128643
-7.73438e-05 0.00128641

-7.73438e-05 0.00128641
-7.14844e-05 0.00128634

-7.14844e-05 0.00128634
-6.5625e-05 0.00128622

-6.5625e-05 0.00128622
-5.97656e-05 0.00128604

-5.97656e-05 0.00128604
-5.39063e-05 0.0012858

-5.39063e-05 0.0012858
-4.80469e-05 0.00128552

-4.80469e-05 0.00128552
-4.21875e-05 0.00128518

-4.21875e-05 0.00128518
-3.63281e-05 0.0012848

-3.63281e-05 0.0012848
-3.04688e-05 0.00128437

-3.04688e-05 0.00128436
-2.46094e-05 0.00128388

-2.46094e-05 0.00128388
-1.875e-05 0.00128335

-1.28906e-05 0.00128278
-1.72047e-05 0.0012832

-1.875e-05 0.00128335
-1.72092e-05 0.0012832

-1.28906e-05 0.00128278
-7.03125e-06 0.00128217

-7.03125e-06 0.00128217
-1.17187e-06 0.0012815

-1.17187e-06 0.0012815
4.6875e-06 0.0012808

4.6875e-06 0.0012808
1.05469e-05 0.00128005

1.05469e-05 0.00128005
1.64062e-05 0.00127926

1.64063e-05 0.00127926
2.22656e-05 0.00127842

2.22656e-05 0.00127842
2.8125e-05 0.00127755

3.39844e-05 0.00127664
2.94555e-05 0.00127734

3.39844e-05 0.00127664
3.98437e-05 0.00127569

2.8125e-05 0.00127755
2.94528e-05 0.00127734

3.98438e-05 0.00127569
4.57031e-05 0.0012747

4.57031e-05 0.0012747
5.15625e-05 0.00127367

5.15625e-05 0.00127367
5.74219e-05 0.00127261

5.74219e-05 0.00127261
6.32812e-05 0.00127151

6.91406e-05 0.00127038
6.3444e-05 0.00127148

6.32813e-05 0.00127152
6.3443e-05 0.00127148

6.91406e-05 0.00127038
7.5e-05 0.00126921

9.25781e-05 0.00126551
9.20356e-05 0.00126562

9.25781e-05 0.00126551
9.84375e-05 0.0012642

9.84375e-05 0.0012642
0.000104297 0.00126287

0.000104297 0.00126287
0.000110156 0.0012615

0.000110156 0.0012615
0.000116016 0.0012601

0.000121875 0.00125868
0.000117415 0.00125977

0.000116016 0.00126011
0.000117411 0.00125977

7.5e-05 0.00126921
8.08594e-05 0.00126801

8.08594e-05 0.00126801
8.67187e-05 0.00126677

8.67188e-05 0.00126677
9.20245e-05 0.00126563

0.000121875 0.00125868
0.000127734 0.00125722

0.000127734 0.00125722
0.000133594 0.00125573

0.000145312 0.00125267
0.000140628 0.00125391

0.000133594 0.00125573
0.000139453 0.00125421

0.000139453 0.00125422
0.000140624 0.00125391

0.000145312 0.00125267
0.000151172 0.00125109

0.000151172 0.00125109
0.000157031 0.00124948

0.000162891 0.00124786
0.000162208 0.00124805

0.000157031 0.00124948
0.000162185 0.00124805

0.000162891 0.00124785
0.00016875 0.00124619

0.000256641 0.00121806
0.000254661 0.00121875

0.000256641 0.00121805
0.0002625 0.00121597

0.000186328 0.00124104
0.000182477 0.00124219

0.000186328 0.00124104
0.000192187 0.00123927

0.00016875 0.00124619
0.000174609 0.0012445

0.000174609 0.0012445
0.000180469 0.00124278

0.000180469 0.00124278
0.00018247 0.00124219

0.000192187 0.00123927
0.000198047 0.00123747

0.000203906 0.00123565
0.00020172 0.00123633

0.000198047 0.00123747
0.0002017 0.00123633

0.000203906 0.00123564
0.000209766 0.00123379

0.000209766 0.00123379
0.000215625 0.00123191

0.000221484 0.00123002
0.000220099 0.00123047

0.000221484 0.00123001
0.000227344 0.00122808

0.000215625 0.00123191
0.000220069 0.00123047

0.000227344 0.00122808
0.000233203 0.00122612

0.000239062 0.00122415
0.000237713 0.00122461

0.000233203 0.00122612
0.00023768 0.00122461

0.000239062 0.00122415
0.000244922 0.00122214

0.000244922 0.00122214
0.000250781 0.0012201

0.000250781 0.0012201
0.000254631 0.00121875

0.0002625 0.00121596
0.000268359 0.00121386

0.000274219 0.00121173
0.000271026 0.00121289

0.000268359 0.00121385
0.000271007 0.00121289

0.000274219 0.00121173
0.000280078 0.00120957

0.000280078 0.00120957
0.000285937 0.00120739

0.000291797 0.00120518
0.000286889 0.00120703

0.000291797 0.00120518
0.000297656 0.00120295

0.000285937 0.00120739
0.000286884 0.00120703

0.000303516 0.00120071
0.000302318 0.00120117

0.000297656 0.00120294
0.000302266 0.00120117

0.000303516 0.0012007
0.000309375 0.00119842

0.000321094 0.00119379
0.000317258 0.00119531

0.000321094 0.00119379
0.000326953 0.00119144

0.000332812 0.00118908
0.000331901 0.00118945

0.000326953 0.00119143
0.000331836 0.00118945

0.000309375 0.00119842
0.000315234 0.00119611

0.000315234 0.00119611
0.000317242 0.00119531

0.000332812 0.00118906
0.000338672 0.00118667

0.000338672 0.00118666
0.000344531 0.00118424

0.000350391 0.0011818
0.000346089 0.00118359

0.000350391 0.0011818
0.00035625 0.00117933

0.000344531 0.00118424
0.000346076 0.00118359

0.000373828 0.00117182
0.000373697 0.00117187

0.000373828 0.00117179
0.000379687 0.00116923

0.000379687 0.00116922
0.000385547 0.00116664

0.000391406 0.00116404
0.000386956 0.00116602

0.000385547 0.00116664
0.000386943 0.00116602

0.000403125 0.00115876
0.000400047 0.00116016

0.000391406 0.00116403
0.000397266 0.0011614

0.000397266 0.0011614
0.000400007 0.00116016

0.000362109 0.00117685
0.000360031 0.00117773

0.00035625 0.00117932
0.000359978 0.00117773

0.000362109 0.00117684
0.000367969 0.00117432

0.000367969 0.00117432
0.000373615 0.00117187

0.000426562 0.00114797
0.000425564 0.00114844

0.000403125 0.00115876
0.000408984 0.00115608

0.000414844 0.00115341
0.000412915 0.0011543

0.000408984 0.00115607
0.000412848 0.0011543

0.000414844 0.00115339
0.000420703 0.00115068

0.000420703 0.00115067
0.000425475 0.00114844

0.000426562 0.00114794
0.000432422 0.00114518

0.000438281 0.00114244
0.000437995 0.00114258

0.000432422 0.00114518
0.000437896 0.00114258

0.000438281 0.0011424
0.000444141 0.0011396

0.000444141 0.0011396
0.00045 0.00113677

0.00106962 0
0.00106963 5.85937e-06

0.00106963 5.85938e-06
0.00106966 1.17187e-05

0.00106966 1.17187e-05
0.00106971 1.75781e-05

0.00106971 1.75781e-05
0.00106977 2.34375e-05

0.00106977 2.34375e-05
0.00106985 2.92969e-05

0.00106985 2.92969e-05
0.00106996 3.51562e-05

0.00106996 3.51562e-05
0.00107008 4.10156e-05

0.00107008 4.10156e-05
0.00107021 4.6875e-05

0.00107021 4.6875e-05
0.00107036 5.27344e-05

0.00107036 5.27344e-05
0.00107053 5.85937e-05

0.00107053 5.85937e-05
0.00107072 6.44531e-05

0.00107072 6.44531e-05
0.00107092 7.03125e-05

0.00107092 7.03125e-05
0.00107109 7.51342e-05

0.00107109 7.51406e-05
0.00107113 7.61719e-05

0.00107113 7.61719e-05
0.00107136 8.20312e-05

0.00107136 8.20312e-05
0.00107161 8.78906e-05

0.00107161 8.78906e-05
0.00107187 9.375e-05

0.00107187 9.375e-05
0.00107215 9.96094e-05

0.00107215 9.96094e-05
0.00107245 0.000105469

0.00107245 0.000105469
0.00107276 0.000111328

0.00107276 0.000111328
0.00107308 0.000117187

0.00107308 0.000117187
0.00107342 0.000123047

0.00107342 0.000123047
0.00107377 0.000128906

0.00107377 0.000128906
0.00107414 0.000134766

0.00107414 0.000134766
0.00107452 0.000140625

0.00107452 0.000140625
0.00107491 0.000146484

0.00107491 0.000146484
0.00107531 0.000152344

0.00107531 0.000152344
0.00107572 0.000158203

0.00107572 0.000158203
0.00107614 0.000164062

0.00107614 0.000164062
0.00107657 0.000169922

0.00107657 0.000169922
0.00107695 0.000175264

0.00107695 0.000175321
0.00107699 0.000175781

0.00107698 0.000175781
0.00107741 0.000181641

0.00107741 0.000181641
0.00107785 0.0001875

0.00107785 0.0001875
0.0010783 0.000193359

0.0010783 0.000193359
0.00107876 0.000199219

0.00107876 0.000199219
0.00107921 0.000205078

0.00107922 0.000205078
0.00107967 0.000210937

0.00107967 0.000210937
0.00108013 0.000216797

0.00108013 0.000216797
0.00108058 0.000222656

0.00108058 0.000222656
0.00108104 0.000228516

0.00108104 0.000228516
0.0010815 0.000234375

0.0010815 0.000234375
0.00108195 0.000240234

0.00108196 0.000240234
0.00108241 0.000246094

0.00108242 0.000246094
0.00108281 0.000251399

0.00108281 0.000251531
0.00108284 0.000251953

0.00108284 0.000251953
0.00108326 0.000257812

0.00108326 0.000257812
0.00108369 0.000263672

0.00108369 0.000263672
0.00108412 0.000269531

0.00108412 0.000269531
0.00108455 0.000275391

0.00108455 0.000275391
0.00108497 0.00028125

0.00108497 0.00028125
0.00108539 0.000287109

0.00108539 0.000287109
0.00108579 0.000292969

0.00108579 0.000292969
0.00108617 0.000298828

0.00108617 0.000298828
0.00108654 0.000304687

0.00108654 0.000304687
0.00108689 0.000310547

0.00108689 0.000310547
0.00108723 0.000316406

0.00108723 0.000316406
0.00108755 0.000322266

0.00108755 0.000322266
0.00108786 0.000328125

0.00108785 0.000328125
0.00108814 0.000333984

0.00108815 0.000333984
0.00108841 0.000339844

0.00108842 0.000339844
0.00108864 0.000345703

0.00108863 0.000345703
0.00108867 0.000347011

0.00108867 0.000347038
0.00108881 0.000351562

0.00108881 0.000351562
0.00108899 0.000357422

0.00108899 0.000357422
0.00108917 0.000363281

0.00108917 0.000363281
0.00108933 0.000369141

0.00108933 0.000369141
0.00108947 0.000375

0.0010125 0.000698066
0.0010093 0.000703125

0.000977344 0.000747816
0.000975655 0.00075

0.000989062 0.000732524
0.000984785 0.000738281

0.000983203 0.000740307
0.000980284 0.000744141

0.000977344 0.000748038
0.000980377 0.000744141

0.000983203 0.000740494
0.000984844 0.000738281

0.000994922 0.000724206
0.000993273 0.000726562

0.00100078 0.000715961
0.000997522 0.000720703

0.000994922 0.000724521
0.00099762 0.000720703

0.00100664 0.000707004
0.00100536 0.000708984

0.00100549 0.000708984
0.00100156 0.000714844

0.00100664 0.000707342
0.00100939 0.000703125

0.00100078 0.000716067
0.00100159 0.000714844

0.000993392 0.000726562
0.000989138 0.000732422

0.000989062 0.000732533
0.000989143 0.000732422

0.00108947 0.000375
0.00108958 0.000380859

0.00108958 0.000380859
0.00108966 0.000386719

0.00108966 0.000386719
0.00108971 0.000392578

0.00108971 0.000392578
0.00108973 0.000398437

0.00108973 0.000398437
0.00108971 0.000404297

0.00108971 0.000404297
0.00108965 0.000410156

0.00108965 0.000410156
0.00108955 0.000416016

0.00108956 0.000416016
0.00108941 0.000421875

0.00108942 0.000421875
0.00108923 0.000427734

0.00108923 0.000427734
0.00108898 0.000433594

0.00108866 0.000439453
0.00108833 0.000445312

0.00108898 0.000433594
0.00108868 0.000439453

0.00108835 0.000445312
0.00108801 0.000451172

0.00108801 0.000451172
0.00108763 0.000457031

0.00108763 0.000457031
0.0010872 0.000462891

0.0010872 0.000462891
0.00108672 0.00046875

0.00108281 0.000503233
0.00108272 0.000503906

0.0010827 0.000503906
0.00108185 0.000509766

0.00108187 0.000509766
0.00108098 0.000515625

0.00108672 0.00046875
0.00108619 0.000474609

0.00108619 0.000474609
0.00108562 0.000480469

0.00108562 0.000480469
0.00108499 0.000486328

0.00108499 0.000486328
0.0010843 0.000492187

0.0010843 0.000492187
0.00108354 0.000498047

0.00108281 0.000503262
0.00108354 0.000498047

0.00108098 0.000515625
0.00108002 0.000521484

0.00108002 0.000521484
0.00107897 0.000527344

0.00107695 0.000537497
0.00107663 0.000539062

0.00107897 0.000527344
0.00107785 0.000533203

0.00107695 0.000537602
0.00107785 0.000533203

0.00107663 0.000539062
0.00107539 0.000544922

0.00107541 0.000544922
0.00107412 0.000550781

0.00107411 0.000550781
0.00107272 0.000556641

0.00107272 0.000556641
0.00107123 0.0005625

0.00105937 0.000601448
0.00105865 0.000603516

0.00105868 0.000603516
0.00105655 0.000609375

0.00104766 0.000631327
0.00104702 0.000632812

0.00105352 0.000617169
0.00105195 0.000621094

0.00105658 0.000609375
0.00105435 0.000615234

0.00105352 0.000617473
0.00105441 0.000615234

0.001052 0.000621094
0.00104959 0.000626953

0.00104766 0.000631535
0.00104963 0.000626953

0.00104706 0.000632812
0.00104446 0.000638672

0.0010418 0.000644528
0.00104449 0.000638672

0.00104176 0.000644531
0.00103897 0.000650391

0.00103901 0.000650391
0.00103612 0.00065625

0.00107109 0.000562884
0.00106965 0.000568359

0.00106969 0.000568359
0.00106809 0.000574219

0.00106523 0.00058366
0.00106453 0.000585937

0.00106809 0.000574219
0.00106639 0.000580078

0.00106523 0.000583885
0.00106641 0.000580078

0.00107109 0.00056305
0.00107124 0.0005625

0.00106456 0.000585937
0.00106269 0.000591797

0.00106272 0.000591797
0.00106077 0.000597656

0.00105937 0.000601676
0.00106079 0.000597656

0.00102422 0.000678301
0.00102344 0.000679687

0.00103008 0.000667874
0.00103003 0.000667969

0.00103594 0.000656529
0.00103309 0.000662109

0.00103008 0.000667891
0.00103313 0.000662109

0.00103 0.000667969
0.0010268 0.000673828

0.00102422 0.000678546
0.00102687 0.000673828

0.00101836 0.000688363
0.00101654 0.000691406

0.00102352 0.000679687
0.00102012 0.000685547

0.00101836 0.000688679
0.00102023 0.000685547

0.00101663 0.000691406
0.00101302 0.000697266

0.0010125 0.000698144
0.00101304 0.000697266

0.00103594 0.000656635
0.00103613 0.00065625

0.000479297 0.00112231
0.000473939 0.001125

0.000479297 0.00112231
0.000485156 0.00111935

0.000491016 0.00111637
0.00048557 0.00111914

0.000485156 0.00111935
0.000485566 0.00111914

0.000491016 0.00111636
0.000496875 0.00111335

0.000520312 0.00110113
0.000519492 0.00110156

0.000502734 0.00111032
0.000497022 0.00111328

0.000508594 0.00110732
0.000508391 0.00110742

0.000502734 0.00111032
0.000508277 0.00110742

0.000496875 0.00111336
0.00049702 0.00111328

0.000508594 0.00110726
0.000514453 0.00110418

0.000514453 0.00110416
0.000519355 0.00110156

0.000520313 0.00110107
0.000526172 0.00109793

0.000532031 0.00109482
0.000530392 0.0010957

0.000526172 0.00109791
0.000530262 0.0010957

0.00054375 0.0010884
0.000541113 0.00108984

0.000532031 0.00109477
0.000537891 0.00109158

0.000537891 0.00109156
0.000541009 0.00108984

0.000567187 0.00107523
0.000562093 0.00107812

0.000573047 0.00107197
0.000572526 0.00107227

0.000567188 0.00107522
0.000572343 0.00107227

0.000573047 0.00107188
0.000578906 0.0010685

0.000584766 0.00106514
0.000582589 0.00106641

0.000584766 0.00106508
0.000590625 0.00106164

0.000578906 0.00106846
0.000582432 0.00106641

0.00054375 0.00108837
0.000549609 0.00108512

0.000555469 0.00108186
0.000551672 0.00108398

0.000549609 0.0010851
0.000551616 0.00108398

0.000555469 0.00108185
0.000561328 0.00107855

0.000561328 0.00107855
0.000562082 0.00107812

0.000602344 0.00105468
0.000608203 0.00105115

0.000614062 0.00104766
0.000612145 0.00104883

0.000608203 0.00105111
0.00061197 0.00104883

0.000596484 0.00105819
0.000592501 0.00106055

0.000590625 0.00106162
0.000592439 0.00106055

0.000596484 0.00105817
0.000602327 0.00105469

0.000625781 0.00104041
0.000621627 0.00104297

0.000614063 0.0010476
0.000619922 0.00104401

0.000619922 0.00104399
0.000621573 0.00104297

0.000631641 0.00103686
0.000631236 0.00103711

0.000625781 0.00104038
0.000631047 0.00103711

0.000631641 0.00103675
0.0006375 0.00103308

0.000778125 0.000935613
0.000775594 0.0009375

0.000783984 0.000931086
0.000783254 0.000931641

0.000778125 0.000935642
0.000783359 0.000931641

0.000783984 0.000931153
0.000789844 0.000926635

0.000795703 0.000922077
0.000790939 0.000925781

0.000801563 0.000917476
0.000798417 0.000919922

0.000795703 0.000922082
0.000798508 0.000919922

0.000789844 0.00092664
0.000790963 0.000925781

0.000807422 0.00091281
0.000805827 0.000914062

0.000813281 0.000908098
0.00081315 0.000908203

0.000807422 0.000912848
0.000813233 0.000908203

0.000825 0.000898661
0.000820479 0.000902344

0.000813281 0.000908163
0.000819141 0.000903436

0.000819141 0.000903442
0.000820504 0.000902344

0.000801562 0.000917499
0.000805904 0.000914062

0.000643359 0.00102941
0.000640448 0.00103125

0.000643359 0.00102937
0.000649219 0.00102564

0.000660937 0.00101814
0.00065878 0.00101953

0.000655078 0.00102188
0.000649612 0.00102539

0.000649219 0.00102563
0.000649605 0.00102539

0.000655078 0.00102185
0.000658662 0.00101953

0.000678516 0.00100657
0.000676629 0.00100781

0.000678516 0.00100653
0.000684375 0.00100262

0.000660938 0.00101809
0.000666797 0.00101427

0.000672656 0.00101042
0.000667704 0.00101367

0.000666797 0.00101424
0.00066769 0.00101367

0.000672656 0.0010104
0.000676558 0.00100781

0.000713672 0.000982575
0.000711071 0.000984375

0.000719531 0.000978466
0.00071946 0.000978516

0.000713672 0.000982587
0.000719486 0.000978516

0.00073125 0.000970172
0.000727756 0.000972656

0.000719531 0.000978483
0.000725391 0.000974348

0.000725391 0.000974355
0.000727807 0.000972656

0.000696094 0.000994711
0.000694041 0.000996094

0.000690234 0.000998677
0.000685366 0.00100195

0.000684375 0.0010026
0.000685362 0.00100195

0.000690234 0.000998673
0.000694036 0.000996094

0.000696094 0.000994701
0.000701953 0.000990694

0.000707812 0.000986655
0.000702619 0.000990234

0.000701953 0.000990684
0.00070262 0.000990234

0.000707812 0.000986667
0.000711113 0.000984375

0.0006375 0.00103304
0.000640335 0.00103125

0.000748828 0.000957482
0.000744082 0.000960937

0.000754688 0.000953158
0.000752047 0.000955078

0.000748828 0.000957509
0.00075215 0.000955078

0.000737109 0.000965937
0.00073589 0.000966797

0.00073125 0.000970197
0.000735994 0.000966797

0.000737109 0.000965983
0.000742969 0.00096175

0.000742969 0.000961748
0.000744106 0.000960937

0.000760547 0.000948776
0.000759943 0.000949219

0.000760547 0.000948848
0.000766406 0.000944477

0.000754687 0.000953193
0.000760058 0.000949219

0.000772266 0.000940068
0.000767888 0.000943359

0.000766406 0.000944481
0.000767928 0.000943359

0.000772266 0.000940094
0.000775702 0.0009375

0.000455859 0.00113393
0.000450117 0.00113672

0.000455859 0.00113392
0.000461719 0.00113105

0.00045 0.00113678
0.000450116 0.00113672

0.000467578 0.00112817
0.000462123 0.00113086

0.000461719 0.00113106
0.000462121 0.00113086

0.000467578 0.00112816
0.000473437 0.00112525

0.000473438 0.00112525
0.000473935 0.001125

0.000889453 0.000842479
0.000888087 0.00084375

0.000895312 0.00083696
0.000894328 0.000837891

0.000889453 0.000842519
0.000894392 0.000837891

0.000912891 0.000819875
0.000912451 0.000820312

0.00091875 0.000813983
0.000918286 0.000814453

0.000912891 0.000819957
0.000918374 0.000814453

0.000901172 0.000831356
0.000900469 0.000832031

0.000907031 0.000825663
0.00090651 0.000826172

0.000901172 0.000831417
0.000906585 0.000826172

0.000895312 0.000837011
0.000900537 0.000832031

0.000907031 0.000825731
0.000912533 0.000820312

0.000836719 0.000888956
0.000834698 0.000890625

0.000842578 0.000884011
0.00084168 0.000884766

0.000836719 0.000888981
0.000841735 0.000884766

0.000842578 0.000884051
0.000848438 0.000879073

0.000866016 0.000863809
0.000862136 0.000867187

0.000871875 0.000858586
0.000868768 0.000861328

0.000866016 0.000863796
0.000868822 0.000861328

0.000854297 0.00087404
0.000848632 0.000878906

0.000860156 0.000868948
0.000855437 0.000873047

0.000854297 0.000874046
0.000855455 0.000873047

0.000848437 0.000879075
0.000848635 0.000878906

0.000860156 0.000868953
0.000862184 0.000867187

0.000830859 0.00089385
0.000827614 0.000896484

0.000825 0.00089866
0.000827692 0.000896484

0.000830859 0.000893847
0.000834758 0.000890625

0.000877734 0.000853287
0.000875308 0.000855469

0.000883594 0.00084792
0.000881747 0.000849609

0.000877734 0.000853288
0.000881816 0.000849609

0.000871875 0.000858574
0.000875369 0.000855469

0.000883594 0.000847943
0.000888151 0.00084375

0.000936328 0.00079567
0.000935206 0.000796875

0.000942187 0.000789322
0.000940644 0.000791016

0.000936328 0.000795792
0.000940732 0.000791016

0.000959766 0.000769431
0.000956362 0.000773437

0.000965625 0.000762491
0.000961376 0.000767578

0.000959766 0.000769546
0.000961421 0.000767578

0.000948047 0.000782838
0.000945984 0.000785156

0.000953906 0.000776206
0.000951233 0.000779297

0.000948047 0.000782993
0.000951281 0.000779297

0.000942187 0.000789461
0.000946057 0.000785156

0.000953906 0.000776353
0.000956408 0.000773437

0.000924609 0.000807992
0.000924026 0.000808594

0.000930469 0.000801891
0.000929666 0.000802734

0.000924609 0.000808096
0.000929761 0.000802734

0.00091875 0.000814079
0.000924119 0.000808594

0.000930469 0.000802002
0.000935299 0.000796875

0.000971484 0.000755203
0.00097096 0.000755859

0.000971062 0.000755859
0.000966272 0.000761719

0.000971484 0.00075535
0.000975762 0.00075

0.000965625 0.000762536
0.000966298 0.000761719

