0.000203715 0
0.000203718 5.85937e-06

0.000203718 5.85938e-06
0.000203727 1.17187e-05

0.000203727 1.17187e-05
0.000203741 1.75781e-05

0.000203741 1.75781e-05
0.000203762 2.34375e-05

0.000203762 2.34375e-05
0.000203789 2.92969e-05

0.000203789 2.92969e-05
0.000203821 3.51562e-05

0.000203821 3.51562e-05
0.000203859 4.10156e-05

0.000203859 4.10156e-05
0.000203904 4.6875e-05

0.000203904 4.6875e-05
0.000203906 4.71819e-05

0.000203906 4.71808e-05
0.000203954 5.27344e-05

0.000203954 5.27344e-05
0.000204009 5.85937e-05

0.000204009 5.85937e-05
0.000204071 6.44531e-05

0.000204071 6.44531e-05
0.000204138 7.03125e-05

0.000204138 7.03125e-05
0.000204211 7.61719e-05

0.000204211 7.61719e-05
0.000204289 8.20312e-05

0.000204289 8.20312e-05
0.000204373 8.78906e-05

0.000204373 8.78906e-05
0.000204463 9.375e-05

0.000204463 9.375e-05
0.000204558 9.96094e-05

0.000204558 9.96094e-05
0.000204658 0.000105469

0.000204658 0.000105469
0.000204764 0.000111328

0.000204764 0.000111328
0.000204875 0.000117187

0.000204875 0.000117187
0.000204991 0.000123047

0.000204991 0.000123047
0.000205113 0.000128906

0.000205113 0.000128906
0.000205239 0.000134766

0.000205239 0.000134766
0.000205371 0.000140625

0.000205371 0.000140625
0.000205507 0.000146484

0.000205507 0.000146484
0.000205649 0.000152344

0.000205649 0.000152344
0.000205795 0.000158203

0.000205795 0.000158203
0.000205946 0.000164062

0.000205946 0.000164062
0.000206101 0.000169922

0.000206101 0.000169922
0.000206261 0.000175781

0.000206262 0.000175781
0.000206426 0.000181641

0.000206426 0.000181641
0.000206595 0.0001875

0.000206595 0.0001875
0.000206769 0.000193359

0.000206769 0.000193359
0.000206947 0.000199219

0.000206947 0.000199219
0.000207129 0.000205078

0.000207129 0.000205078
0.000207314 0.000210937

0.000207315 0.000210937
0.000207504 0.000216797

0.000207504 0.000216797
0.000207698 0.000222656

0.000207698 0.000222656
0.000207896 0.000228516

0.000207896 0.000228516
0.000208097 0.000234375

0.000208097 0.000234375
0.000208302 0.000240234

0.000208302 0.000240234
0.00020851 0.000246094

0.00020851 0.000246094
0.000208722 0.000251953

0.000208722 0.000251953
0.000208936 0.000257812

0.000208936 0.000257812
0.000209154 0.000263672

0.000209154 0.000263672
0.000209375 0.000269531

0.000209375 0.000269531
0.000209599 0.000275391

0.000209599 0.000275391
0.000209766 0.000279703

0.000209766 0.000279702
0.000209825 0.00028125

0.000209825 0.00028125
0.000210054 0.000287109

0.000210054 0.000287109
0.000210286 0.000292969

0.000210286 0.000292969
0.00021052 0.000298828

0.00021052 0.000298828
0.000210756 0.000304687

0.000210757 0.000304687
0.000210995 0.000310547

0.000210995 0.000310547
0.000211236 0.000316406

0.000211236 0.000316406
0.000211478 0.000322266

0.000211478 0.000322266
0.000211722 0.000328125

0.000211722 0.000328125
0.000211968 0.000333984

0.000211968 0.000333984
0.000212216 0.000339844

0.000212216 0.000339844
0.000212465 0.000345703

0.000212465 0.000345703
0.000212715 0.000351562

0.000212715 0.000351562
0.000212966 0.000357422

0.000212966 0.000357422
0.000213219 0.000363281

0.000213219 0.000363281
0.000213472 0.000369141

0.000213472 0.000369141
0.000213726 0.000375

0.000213726 0.000375
0.000213981 0.000380859

0.000213981 0.000380859
0.000214236 0.000386719

0.000214236 0.000386719
0.000214492 0.000392578

0.000214492 0.000392578
0.000214748 0.000398437

0.000214748 0.000398437
0.000215004 0.000404297

0.000215004 0.000404297
0.00021526 0.000410156

0.00021526 0.000410156
0.000215516 0.000416016

0.000215516 0.000416016
0.000215625 0.000418505

0.000215625 0.000418504
0.000215772 0.000421875

0.000215772 0.000421875
0.000216027 0.000427734

0.000216027 0.000427734
0.000216282 0.000433594

0.000216282 0.000433594
0.000216536 0.000439453

0.000216536 0.000439453
0.00021679 0.000445312

0.00021679 0.000445312
0.000217042 0.000451172

0.000217042 0.000451172
0.000217293 0.000457031

0.000217293 0.000457031
0.000217544 0.000462891

0.000217544 0.000462891
0.000217793 0.00046875

0.000217793 0.00046875
0.00021804 0.000474609

0.00021804 0.000474609
0.000218286 0.000480469

0.000218286 0.000480469
0.00021853 0.000486328

0.00021853 0.000486328
0.000218773 0.000492187

0.000218773 0.000492187
0.000219013 0.000498047

0.000219013 0.000498047
0.000219252 0.000503906

0.000219252 0.000503906
0.000219488 0.000509766

0.000219488 0.000509766
0.000219722 0.000515625

0.000219722 0.000515625
0.000219953 0.000521484

0.000219953 0.000521484
0.000220182 0.000527344

0.000220182 0.000527344
0.000220408 0.000533203

0.000220408 0.000533203
0.000220631 0.000539062

0.000220631 0.000539062
0.000220851 0.000544922

0.000220852 0.000544922
0.000221069 0.000550781

0.000221069 0.000550781
0.000221282 0.000556641

0.000221282 0.000556641
0.000221484 0.00056227

0.000221484 0.000562269
0.000221493 0.0005625

0.000221493 0.0005625
0.000221699 0.000568359

0.0002217 0.000568359
0.000221903 0.000574219

0.000221903 0.000574219
0.000222102 0.000580078

0.000222102 0.000580078
0.000222297 0.000585937

0.000222297 0.000585937
0.000222489 0.000591797

0.000222489 0.000591797
0.000222676 0.000597656

0.000222676 0.000597656
0.000222859 0.000603516

0.000222859 0.000603516
0.000223037 0.000609375

0.000223037 0.000609375
0.000223211 0.000615234

0.000223211 0.000615234
0.00022338 0.000621094

0.00022338 0.000621094
0.000223544 0.000626953

0.000223544 0.000626953
0.000223703 0.000632812

0.000223703 0.000632812
0.000223857 0.000638672

0.000223857 0.000638672
0.000224005 0.000644531

0.000224005 0.000644531
0.000224148 0.000650391

0.000224148 0.000650391
0.000224286 0.00065625

0.000224286 0.00065625
0.000224418 0.000662109

0.000224418 0.000662109
0.000224544 0.000667969

0.000224544 0.000667969
0.000224664 0.000673828

0.000224664 0.000673828
0.000224778 0.000679687

0.000224778 0.000679687
0.000224886 0.000685547

0.000224886 0.000685547
0.000224987 0.000691406

0.000224987 0.000691406
0.000225082 0.000697266

0.000225082 0.000697266
0.00022517 0.000703125

0.000225171 0.000703125
0.000225252 0.000708984

0.000225252 0.000708984
0.000225327 0.000714844

0.000225327 0.000714844
0.000225394 0.000720703

0.000225394 0.000720703
0.000225454 0.000726562

0.000225455 0.000726562
0.000225508 0.000732422

0.000225508 0.000732422
0.000225553 0.000738281

0.000225553 0.000738281
0.000225591 0.000744141

0.000225591 0.000744141
0.000225622 0.00075

0.000225622 0.00075
0.000225644 0.000755859

0.000225645 0.000755859
0.000225659 0.000761719

0.000225659 0.000761719
0.000225666 0.000767578

0.000225666 0.000767578
0.000225664 0.000773437

0.000225664 0.000773437
0.000225655 0.000779297

0.000225655 0.000779297
0.000225637 0.000785156

0.000225637 0.000785156
0.00022561 0.000791016

0.00022561 0.000791016
0.000225575 0.000796875

0.000225575 0.000796875
0.000225531 0.000802734

0.000225531 0.000802734
0.000225479 0.000808594

0.000225479 0.000808594
0.000225417 0.000814453

0.000225417 0.000814453
0.000225347 0.000820312

0.000225347 0.000820312
0.000225267 0.000826172

0.000225267 0.000826172
0.000225179 0.000832031

0.000225179 0.000832031
0.000225081 0.000837891

0.000225081 0.000837891
0.000224974 0.00084375

0.000224974 0.00084375
0.000224858 0.000849609

0.000224858 0.000849609
0.000224732 0.000855469

0.000224732 0.000855469
0.000224597 0.000861328

0.000224597 0.000861328
0.000224452 0.000867187

0.000224452 0.000867187
0.000224298 0.000873047

0.000224298 0.000873047
0.000224135 0.000878906

0.000224135 0.000878906
0.000223962 0.000884766

0.000223962 0.000884766
0.000223779 0.000890625

0.000223779 0.000890625
0.000223586 0.000896484

0.000223586 0.000896484
0.000223384 0.000902344

0.000223384 0.000902344
0.000223173 0.000908203

0.000223173 0.000908203
0.000222951 0.000914062

0.000222951 0.000914062
0.00022272 0.000919922

0.00022272 0.000919922
0.00022248 0.000925781

0.00022248 0.000925781
0.00022223 0.000931641

0.00022223 0.000931641
0.000221971 0.0009375

0.000221484 0.000947981
0.000221426 0.000949219

0.000221971 0.0009375
0.000221703 0.000943359

0.000221484 0.00094798
0.000221703 0.000943359

0.000221425 0.000949219
0.000221137 0.000955078

0.000221137 0.000955078
0.00022084 0.000960937

0.00022084 0.000960937
0.000220533 0.000966797

0.000220533 0.000966797
0.000220218 0.000972656

0.000220218 0.000972656
0.000219894 0.000978516

0.000219894 0.000978516
0.000219561 0.000984375

0.000219561 0.000984375
0.00021922 0.000990234

0.00021922 0.000990234
0.00021887 0.000996094

0.000218869 0.000996094
0.000218511 0.00100195

0.000218511 0.00100195
0.000218144 0.00100781

0.000218144 0.00100781
0.00021777 0.00101367

0.00021777 0.00101367
0.000217387 0.00101953

0.000217387 0.00101953
0.000216998 0.00102539

0.000216997 0.00102539
0.000216601 0.00103125

0.000215625 0.0010453
0.000215374 0.00104883

0.000215373 0.00104883
0.000214947 0.00105469

0.000214947 0.00105469
0.000214515 0.00106055

0.000214515 0.00106055
0.000214078 0.00106641

0.000214078 0.00106641
0.000213637 0.00107227

0.000213637 0.00107227
0.00021319 0.00107812

0.00021319 0.00107812
0.000212739 0.00108398

0.000212739 0.00108398
0.000212283 0.00108984

0.000212283 0.00108984
0.000211824 0.0010957

0.000211823 0.0010957
0.000211361 0.00110156

0.00021136 0.00110156
0.000210895 0.00110742

0.000210894 0.00110742
0.000210428 0.00111328

0.000209766 0.00112159
0.000209491 0.001125

0.000210428 0.00111328
0.000209961 0.00111914

0.000209766 0.0011216
0.000209963 0.00111914

0.000216601 0.00103125
0.000216198 0.00103711

0.000216198 0.00103711
0.00021579 0.00104297

0.000215625 0.0010453
0.000215791 0.00104297

0.000209489 0.001125
0.000209012 0.00113086

0.000209011 0.00113086
0.000208533 0.00113672

0.000208533 0.00113672
0.000208056 0.00114258

0.000208056 0.00114258
0.00020758 0.00114844

0.00020758 0.00114844
0.000207104 0.0011543

0.000207104 0.0011543
0.00020663 0.00116016

0.00020663 0.00116016
0.000206158 0.00116602

0.000206157 0.00116602
0.000205688 0.00117187

0.000203906 0.00119469
0.000203858 0.00119531

0.000205688 0.00117187
0.000205222 0.00117773

0.000205221 0.00117773
0.00020476 0.00118359

0.000204759 0.00118359
0.000204306 0.00118945

0.000203906 0.00119469
0.000204309 0.00118945

0.000203858 0.00119531
0.000203407 0.00120117

0.000203406 0.00120117
0.00020296 0.00120703

0.00020296 0.00120703
0.000202522 0.00121289

0.000202522 0.00121289
0.000202092 0.00121875

0.000202092 0.00121875
0.000201672 0.00122461

0.000201672 0.00122461
0.00020126 0.00123047

0.00020126 0.00123047
0.000200858 0.00123633

0.000200858 0.00123633
0.000200467 0.00124219

0.000200467 0.00124219
0.000200086 0.00124805

0.000200086 0.00124805
0.000199718 0.00125391

0.000199717 0.00125391
0.000199362 0.00125977

0.000199362 0.00125977
0.000199019 0.00126562

0.000199019 0.00126563
0.000198692 0.00127148

0.000198691 0.00127148
0.00019838 0.00127734

0.000198047 0.00128399
0.000197802 0.00128906

0.000198381 0.00127734
0.000198085 0.0012832

0.000198047 0.001284
0.000198085 0.0012832

0.000197801 0.00128906
0.000197534 0.00129492

0.000197533 0.00129492
0.000197285 0.00130078

0.000197285 0.00130078
0.000197057 0.00130664

0.000197057 0.00130664
0.000196849 0.0013125

0.000196849 0.0013125
0.000196662 0.00131836

0.000196661 0.00131836
0.000196496 0.00132422

0.000196496 0.00132422
0.000196353 0.00133008

0.000196352 0.00133008
0.000196233 0.00133594

0.000196233 0.00133594
0.000196137 0.0013418

0.000196137 0.0013418
0.000196066 0.00134766

0.000196066 0.00134766
0.000196022 0.00135352

0.000196022 0.00135352
0.000196004 0.00135937

0.000196004 0.00135937
0.000196015 0.00136523

0.000196015 0.00136523
0.000196055 0.00137109

0.000196054 0.00137109
0.000196124 0.00137695

0.000196124 0.00137695
0.000196225 0.00138281

0.000196225 0.00138281
0.000196358 0.00138867

0.000196358 0.00138867
0.000196524 0.00139453

0.000196524 0.00139453
0.000196725 0.00140039

0.000196725 0.00140039
0.00019696 0.00140625

0.00019696 0.00140625
0.000197232 0.00141211

0.000197232 0.00141211
0.000197539 0.00141797

0.000197538 0.00141797
0.000197882 0.00142383

0.000197878 0.00142383
0.000198047 0.00142637

0.000198047 0.00142639
0.000198266 0.00142969

0.000198269 0.00142969
0.000198704 0.00143555

0.000198703 0.00143555
0.000199179 0.00144141

0.000199178 0.00144141
0.000199702 0.00144727

0.000199702 0.00144727
0.000200274 0.00145312

0.000200276 0.00145312
0.000200894 0.00145898

0.000200896 0.00145898
0.000201552 0.00146484

0.000201552 0.00146484
0.000202239 0.0014707

0.000202233 0.0014707
0.000202965 0.00147656

0.000202953 0.00147656
0.000203765 0.00148242

0.00020377 0.00148242
0.000203906 0.0014833

0.000203906 0.00148332
0.000204678 0.00148828

0.000204704 0.00148828
0.00020566 0.00149414

0.000205653 0.00149414
0.000206616 0.0015

0.0010125 0.000344122
0.00101247 0.000345703

0.00101247 0.000345703
0.00101234 0.000351562

0.00101234 0.000351562
0.0010122 0.000357422

0.0010122 0.000357422
0.00101205 0.000363281

0.00101205 0.000363281
0.0010119 0.000369141

0.0010119 0.000369141
0.00101175 0.000375

0.00101479 0
0.00101479 5.85937e-06

0.00101479 5.85938e-06
0.00101479 1.17187e-05

0.00101479 1.17187e-05
0.00101479 1.75781e-05

0.00101479 1.75781e-05
0.00101479 2.34375e-05

0.00101479 2.34375e-05
0.00101479 2.92969e-05

0.00101479 2.92969e-05
0.00101478 3.51562e-05

0.00101478 3.51562e-05
0.00101478 4.10156e-05

0.00101478 4.10156e-05
0.00101478 4.6875e-05

0.00101478 4.6875e-05
0.00101478 5.27344e-05

0.00101478 5.27344e-05
0.00101478 5.85937e-05

0.00101478 5.85937e-05
0.00101478 6.44531e-05

0.00101478 6.44531e-05
0.00101477 7.03125e-05

0.00101477 7.03125e-05
0.00101477 7.61719e-05

0.00101477 7.61719e-05
0.00101476 8.20312e-05

0.00101476 8.20312e-05
0.00101475 8.78906e-05

0.00101475 8.78906e-05
0.00101475 9.375e-05

0.00101475 9.375e-05
0.00101474 9.96094e-05

0.00101474 9.96094e-05
0.00101473 0.000105469

0.00101473 0.000105469
0.00101472 0.000111328

0.00101472 0.000111328
0.00101471 0.000117187

0.00101471 0.000117187
0.0010147 0.000123047

0.0010147 0.000123047
0.00101468 0.000128906

0.00101468 0.000128906
0.00101467 0.000134766

0.00101467 0.000134766
0.00101465 0.000140625

0.00101465 0.000140625
0.00101463 0.000146484

0.00101463 0.000146484
0.00101461 0.000152344

0.00101461 0.000152344
0.00101459 0.000158203

0.00101459 0.000158203
0.00101457 0.000164062

0.00101457 0.000164062
0.00101454 0.000169922

0.00101455 0.000169922
0.00101452 0.000175781

0.00101452 0.000175781
0.00101449 0.000181641

0.00101449 0.000181641
0.00101446 0.0001875

0.00101446 0.0001875
0.00101443 0.000193359

0.00101443 0.000193359
0.0010144 0.000199219

0.0010144 0.000199219
0.00101436 0.000205078

0.00101436 0.000205078
0.00101432 0.000210937

0.00101432 0.000210937
0.00101429 0.000216797

0.00101429 0.000216797
0.00101424 0.000222656

0.00101424 0.000222656
0.0010142 0.000228516

0.0010142 0.000228516
0.00101416 0.000234375

0.00101416 0.000234375
0.00101411 0.000240234

0.00101411 0.000240234
0.00101405 0.000246094

0.00101405 0.000246094
0.00101399 0.000251953

0.00101399 0.000251953
0.00101393 0.000257812

0.00101393 0.000257812
0.00101386 0.000263672

0.00101386 0.000263672
0.00101379 0.000269531

0.00101379 0.000269531
0.00101371 0.000275391

0.00101371 0.000275391
0.00101363 0.00028125

0.00101363 0.00028125
0.00101354 0.000287109

0.00101354 0.000287109
0.00101345 0.000292969

0.00101345 0.000292969
0.00101336 0.000298828

0.00101336 0.000298828
0.00101326 0.000304687

0.00101326 0.000304687
0.00101316 0.000310547

0.00101316 0.000310547
0.00101306 0.000316406

0.00101306 0.000316406
0.00101295 0.000322266

0.00101295 0.000322266
0.00101283 0.000328125

0.00101283 0.000328125
0.00101271 0.000333984

0.00101271 0.000333984
0.00101259 0.000339844

0.0010125 0.000344122
0.00101259 0.000339844

0.00101175 0.000375
0.00101159 0.000380859

0.00101159 0.000380859
0.00101142 0.000386719

0.00101142 0.000386719
0.00101125 0.000392578

0.00101125 0.000392578
0.00101108 0.000398437

0.00101108 0.000398437
0.0010109 0.000404297

0.0010109 0.000404297
0.00101071 0.000410156

0.00101071 0.000410156
0.00101051 0.000416016

0.00101051 0.000416016
0.00101032 0.000421875

0.00101032 0.000421875
0.00101011 0.000427734

0.00101011 0.000427734
0.0010099 0.000433594

0.0010099 0.000433594
0.00100969 0.000439453

0.00100969 0.000439453
0.00100947 0.000445312

0.00100947 0.000445312
0.00100924 0.000451172

0.00100924 0.000451172
0.00100901 0.000457031

0.00100901 0.000457031
0.00100877 0.000462891

0.00100877 0.000462891
0.00100853 0.00046875

0.00100853 0.00046875
0.00100828 0.000474609

0.00100828 0.000474609
0.00100803 0.000480469

0.00100803 0.000480469
0.00100777 0.000486328

0.00100777 0.000486328
0.0010075 0.000492187

0.0010075 0.000492187
0.00100723 0.000498047

0.00100723 0.000498047
0.00100695 0.000503906

0.00100664 0.000510272
0.00100639 0.000515625

0.00100695 0.000503906
0.00100667 0.000509766

0.00100664 0.000510272
0.00100666 0.000509766

0.00100639 0.000515625
0.00100612 0.000521484

0.00100612 0.000521484
0.00100584 0.000527344

0.00100584 0.000527344
0.00100554 0.000533203

0.00100554 0.000533203
0.00100525 0.000539062

0.00100525 0.000539062
0.00100494 0.000544922

0.00100494 0.000544922
0.00100463 0.000550781

0.00100463 0.000550781
0.00100432 0.000556641

0.00100432 0.000556641
0.00100401 0.0005625

0.00100401 0.0005625
0.00100369 0.000568359

0.00100369 0.000568359
0.00100338 0.000574219

0.00100338 0.000574219
0.00100305 0.000580078

0.00100305 0.000580078
0.00100273 0.000585937

0.00100273 0.000585937
0.00100241 0.000591797

0.00100241 0.000591797
0.00100208 0.000597656

0.00100208 0.000597656
0.00100175 0.000603516

0.00100175 0.000603516
0.00100142 0.000609375

0.00100078 0.000620388
0.00100074 0.000621094

0.00100074 0.000621094
0.00100041 0.000626953

0.00100041 0.000626953
0.00100009 0.000632812

0.00100142 0.000609375
0.00100108 0.000615234

0.00100078 0.000620388
0.00100108 0.000615234

0.00100009 0.000632812
0.000999779 0.000638672

0.000999779 0.000638672
0.000999464 0.000644531

0.000999464 0.000644531
0.00099915 0.000650391

0.00099915 0.000650391
0.000998835 0.00065625

0.000998835 0.00065625
0.000998521 0.000662109

0.000998521 0.000662109
0.000998207 0.000667969

0.000998207 0.000667969
0.000997895 0.000673828

0.000997895 0.000673828
0.000997585 0.000679687

0.000997585 0.000679687
0.000997278 0.000685547

0.000997278 0.000685547
0.000996976 0.000691406

0.000996975 0.000691406
0.000996678 0.000697266

0.000996677 0.000697266
0.000996385 0.000703125

0.000996385 0.000703125
0.000996098 0.000708984

0.000996098 0.000708984
0.000995818 0.000714844

0.000995818 0.000714844
0.000995543 0.000720703

0.000995544 0.000720703
0.000995273 0.000726562

0.000994922 0.000734441
0.000994765 0.000738281

0.00099527 0.000726562
0.000995008 0.000732422

0.000994922 0.000734428
0.000995004 0.000732422

0.00099477 0.000738281
0.00099455 0.000744141

0.000994551 0.000744141
0.00099434 0.00075

0.000994339 0.00075
0.000994134 0.000755859

0.000994134 0.000755859
0.000993936 0.000761719

0.000993936 0.000761719
0.000993747 0.000767578

0.000993747 0.000767578
0.000993567 0.000773437

0.000993567 0.000773437
0.000993397 0.000779297

0.000993397 0.000779297
0.000993239 0.000785156

0.000993239 0.000785156
0.000993093 0.000791016

0.000993093 0.000791016
0.00099296 0.000796875

0.00099296 0.000796875
0.000992841 0.000802734

0.000992841 0.000802734
0.000992736 0.000808594

0.000992736 0.000808594
0.000992647 0.000814453

0.000992647 0.000814453
0.000992574 0.000820312

0.000992574 0.000820312
0.000992518 0.000826172

0.000992518 0.000826172
0.00099248 0.000832031

0.00099248 0.000832031
0.000992461 0.000837891

0.00099246 0.000837891
0.00099246 0.00084375

0.00099246 0.00084375
0.000992479 0.000849609

0.000992479 0.000849609
0.000992519 0.000855469

0.000992519 0.000855469
0.000992579 0.000861328

0.000992579 0.000861328
0.000992659 0.000867187

0.00099266 0.000867187
0.00099276 0.000873047

0.00099276 0.000873047
0.000992881 0.000878906

0.000992881 0.000878906
0.00099302 0.000884766

0.00099302 0.000884766
0.000993177 0.000890625

0.000993177 0.000890625
0.000993353 0.000896484

0.000993353 0.000896484
0.000993548 0.000902344

0.000993548 0.000902344
0.000993762 0.000908203

0.000993761 0.000908203
0.000993994 0.000914062

0.000993994 0.000914062
0.000994247 0.000919922

0.000994245 0.000919922
0.000994524 0.000925781

0.000994523 0.000925781
0.000994831 0.000931641

0.000994836 0.000931641
0.000994922 0.000933183

0.000994922 0.000933187
0.000995163 0.0009375

0.000995161 0.0009375
0.000995503 0.000943359

0.000995502 0.000943359
0.000995864 0.000949219

0.000995864 0.000949219
0.000996248 0.000955078

0.000996248 0.000955078
0.000996654 0.000960937

0.000996654 0.000960937
0.000997081 0.000966797

0.000997082 0.000966797
0.000997529 0.000972656

0.00099753 0.000972656
0.000997997 0.000978516

0.000997997 0.000978516
0.000998482 0.000984375

0.000998481 0.000984375
0.000998987 0.000990234

0.000998985 0.000990234
0.000999516 0.000996094

0.000999514 0.000996094
0.00100008 0.00100195

0.00100008 0.00100195
0.00100067 0.00100781

0.00100067 0.00100781
0.00100078 0.00100893

0.00100078 0.00100892
0.00100125 0.00101367

0.00100125 0.00101367
0.00100183 0.00101953

0.00100183 0.00101953
0.00100244 0.00102539

0.00100244 0.00102539
0.00100306 0.00103125

0.00100306 0.00103125
0.0010037 0.00103711

0.00100369 0.00103711
0.00100435 0.00104297

0.00100434 0.00104297
0.00100502 0.00104883

0.00100501 0.00104883
0.00100571 0.00105469

0.00100572 0.00105469
0.00100643 0.00106055

0.00100644 0.00106055
0.00100664 0.00106224

0.00100664 0.00106223
0.00100714 0.00106641

0.00100713 0.00106641
0.00100783 0.00107227

0.00100783 0.00107227
0.00100853 0.00107812

0.00100853 0.00107812
0.00100924 0.00108398

0.00100924 0.00108398
0.00100996 0.00108984

0.00100996 0.00108984
0.00101069 0.0010957

0.00101068 0.0010957
0.00101142 0.00110156

0.00101143 0.00110156
0.00101218 0.00110742

0.00101219 0.00110742
0.0010125 0.00110994

0.0010125 0.00110994
0.00101292 0.00111328

0.00101291 0.00111328
0.00101361 0.00111914

0.00101361 0.00111914
0.00101431 0.001125

0.0010125 0.00138525
0.00101172 0.00138867

0.00101173 0.00138867
0.00101035 0.00139453

0.00101036 0.00139453
0.00100892 0.00140039

0.00100892 0.00140039
0.00100738 0.00140625

0.00100078 0.0014284
0.00100037 0.00142969

0.00100664 0.00140882
0.00100572 0.00141211

0.00100573 0.00141211
0.00100403 0.00141797

0.00100664 0.00140885
0.00100737 0.00140625

0.00100403 0.00141797
0.00100225 0.00142383

0.00100078 0.00142845
0.00100226 0.00142383

0.00100037 0.00142969
0.00099843 0.00143555

0.000998439 0.00143555
0.000996417 0.00144141

0.000994922 0.00144551
0.000994289 0.00144727

0.000994295 0.00144727
0.000992099 0.00145312

0.000994922 0.00144555
0.00099642 0.00144141

0.000989062 0.00146084
0.000987439 0.00146484

0.000983203 0.0014748
0.000982435 0.00147656

0.000987447 0.00146484
0.000984992 0.0014707

0.000983203 0.00147483
0.000984997 0.0014707

0.000977344 0.00148768
0.000977064 0.00148828

0.000971484 0.00149967
0.000971321 0.0015

0.000977074 0.00148828
0.00097425 0.00149414

0.000971484 0.00149971
0.000974256 0.00149414

0.000982442 0.00147656
0.000979804 0.00148242

0.000977344 0.00148772
0.000979811 0.00148242

0.000992107 0.00145312
0.000989823 0.00145898

0.000989062 0.00146085
0.000989819 0.00145898

0.00101431 0.001125
0.00101501 0.00113086

0.00101501 0.00113086
0.00101571 0.00113672

0.00101571 0.00113672
0.00101639 0.00114258

0.00101639 0.00114258
0.00101706 0.00114844

0.00101706 0.00114844
0.00101773 0.0011543

0.00101774 0.0011543
0.00101836 0.00115982

0.00101836 0.00115982
0.0010184 0.00116016

0.0010184 0.00116016
0.00101902 0.00116602

0.00101902 0.00116602
0.00101961 0.00117187

0.00101961 0.00117187
0.00102019 0.00117773

0.00102019 0.00117773
0.00102074 0.00118359

0.00102075 0.00118359
0.00102128 0.00118945

0.00102128 0.00118945
0.00102178 0.00119531

0.00102178 0.00119531
0.00102226 0.00120117

0.00102226 0.00120117
0.0010227 0.00120703

0.0010227 0.00120703
0.00102311 0.00121289

0.00102312 0.00121289
0.00102349 0.00121875

0.00102349 0.00121875
0.00102383 0.00122461

0.00102383 0.00122461
0.00102413 0.00123047

0.00102413 0.00123047
0.00102422 0.00123248

0.00102422 0.00123249
0.00102439 0.00123633

0.00102439 0.00123633
0.0010246 0.00124219

0.0010246 0.00124219
0.00102477 0.00124805

0.00102477 0.00124805
0.0010249 0.00125391

0.0010249 0.00125391
0.00102497 0.00125977

0.00102497 0.00125977
0.001025 0.00126562

0.001025 0.00126563
0.00102498 0.00127148

0.00102498 0.00127148
0.00102491 0.00127734

0.00102491 0.00127734
0.00102478 0.0012832

0.00102478 0.0012832
0.0010246 0.00128906

0.00102422 0.00129759
0.00102406 0.00130078

0.00102406 0.00130078
0.00102371 0.00130664

0.00102371 0.00130664
0.00102329 0.0013125

0.00102459 0.00128906
0.00102435 0.00129492

0.00102422 0.00129761
0.00102435 0.00129492

0.00102329 0.0013125
0.00102281 0.00131836

0.00102281 0.00131836
0.00102226 0.00132422

0.00102226 0.00132422
0.00102165 0.00133008

0.00102165 0.00133008
0.00102098 0.00133594

0.00102098 0.00133594
0.00102023 0.0013418

0.00102023 0.0013418
0.00101941 0.00134766

0.00101836 0.00135443
0.00101757 0.00135937

0.00101941 0.00134766
0.00101852 0.00135352

0.00101836 0.00135444
0.00101851 0.00135352

0.00101758 0.00135937
0.00101659 0.00136523

0.00101659 0.00136523
0.00101551 0.00137109

0.00101551 0.00137109
0.00101434 0.00137695

0.00101434 0.00137695
0.00101307 0.00138281

0.0010125 0.00138526
0.00101306 0.00138281

0.000206607 0.0015
0.000207608 0.00150586

0.000207595 0.00150586
0.000208679 0.00151172

0.00020867 0.00151172
0.000209766 0.00151701

0.000209766 0.00151702
0.00020988 0.00151758

0.000209924 0.00151758
0.000211201 0.00152344

0.000211192 0.00152344
0.000212471 0.0015293

0.000212448 0.0015293
0.00021379 0.00153516

0.000213779 0.00153516
0.000215252 0.00154102

0.000215267 0.00154102
0.000215625 0.00154235

0.000215625 0.00154229
0.000216855 0.00154687

0.000216863 0.00154687
0.000218459 0.00155273

0.000218424 0.00155273
0.000220093 0.00155859

0.000220086 0.00155859
0.000221484 0.00156308

0.000221484 0.00156307
0.000221915 0.00156445

0.00022197 0.00156445
0.000223853 0.00157031

0.000223798 0.00157031
0.000225732 0.00157617

0.000225724 0.00157617
0.000227344 0.00158067

0.000227344 0.00158066
0.000227839 0.00158203

0.000227891 0.00158203
0.000230075 0.00158789

0.000230019 0.00158789
0.000232279 0.00159375

0.000232277 0.00159375
0.000233203 0.001596

0.000233203 0.00159593
0.000234721 0.00159961

0.000234719 0.00159961
0.000237244 0.00160547

0.000237217 0.00160547
0.000239062 0.00160953

0.000239062 0.00160951
0.000239889 0.00161133

0.00023992 0.00161133
0.0002427 0.00161719

0.000242649 0.00161719
0.000244922 0.00162175

0.000244922 0.00162174
0.000245576 0.00162305

0.000245613 0.00162305
0.000248688 0.00162891

0.000248643 0.00162891
0.000250781 0.0016328

0.000250781 0.00163276
0.000251883 0.00163477

0.000251893 0.00163477
0.000255293 0.00164062

0.000255256 0.00164062
0.000256641 0.0016429

0.000256641 0.00164284
0.000258858 0.00164648

0.000258831 0.00164648
0.0002625 0.00165219

0.0002625 0.00165219
0.000262596 0.00165234

0.000262621 0.00165234
0.000266572 0.0016582

0.000266523 0.0016582
0.000268359 0.00166083

0.000268359 0.00166073
0.000270712 0.00166406

0.000270683 0.00166406
0.000274219 0.00166879

0.000274219 0.00166877
0.000275079 0.00166992

0.000275067 0.00166992
0.000279712 0.00167578

0.000279707 0.00167578
0.000280078 0.00167624

0.000280078 0.00167621
0.000284623 0.00168164

0.000284613 0.00168164
0.000285937 0.00168317

0.000285937 0.00168313
0.000289792 0.0016875

0.000289795 0.0016875
0.000291797 0.00168969

0.000291797 0.00168966
0.000295257 0.00169336

0.000295273 0.00169336
0.000297656 0.00169581

0.000297656 0.00169581
0.000301079 0.00169922

0.000301092 0.00169922
0.000303516 0.00170156

0.000303516 0.0017016
0.000307275 0.00170508

0.000307288 0.00170508
0.000309375 0.00170697

0.000309375 0.00170702
0.000313868 0.00171094

0.00031389 0.00171094
0.000315234 0.00171208

0.000315234 0.00171212
0.00032094 0.0017168

0.00032094 0.0017168
0.000321094 0.00171692

0.000321094 0.00171691
0.000326953 0.00172145

0.000326953 0.00172148
0.000328568 0.00172266

0.000328623 0.00172266
0.000332812 0.00172574

0.000332812 0.00172578
0.000336739 0.00172852

0.000336789 0.00172852
0.000338672 0.0017298

0.000338672 0.00172984
0.000344531 0.0017337

0.000344531 0.00173372
0.000345582 0.00173437

0.000345633 0.00173437
0.000350391 0.00173735

0.000350391 0.00173738
0.000355223 0.00174023

0.000355242 0.00174023
0.00035625 0.00174083

0.00035625 0.00174082
0.000362109 0.00174409

0.000362109 0.00174411
0.000365866 0.00174609

0.000365913 0.00174609
0.000367969 0.00174718

0.000367969 0.00174718
0.000373828 0.0017501

0.000373828 0.00175011
0.000377743 0.00175195

0.000377777 0.00175195
0.000379687 0.00175285

0.000379687 0.00175285
0.000385547 0.00175545

0.000385547 0.00175546
0.000391138 0.00175781

0.00039114 0.00175781
0.000391406 0.00175792

0.000391406 0.00175791
0.000397266 0.00176023

0.000397266 0.00176023
0.000403125 0.00176242

0.000403125 0.00176242
0.000406709 0.00176367

0.000406736 0.00176367
0.000408984 0.00176446

0.000408984 0.00176446
0.000414844 0.00176638

0.000414844 0.00176638
0.000420703 0.00176819

0.000420703 0.00176819
0.000425387 0.00176953

0.000425399 0.00176953
0.000426562 0.00176986

0.000426562 0.00176986
0.000432422 0.00177142

0.000432422 0.00177142
0.000438281 0.00177287

0.000438281 0.00177287
0.000444141 0.00177421

0.000444141 0.00177421
0.0004498 0.00177539

0.000449802 0.00177539
0.00045 0.00177543

0.00045 0.00177543
0.000455859 0.00177655

0.000455859 0.00177655
0.000461719 0.00177758

0.000461719 0.00177758
0.000467578 0.00177851

0.000467578 0.00177851
0.000473437 0.00177934

0.000473438 0.00177934
0.000479297 0.00178008

0.000479297 0.00178008
0.000485156 0.00178072

0.000485156 0.00178072
0.000490751 0.00178125

0.000490757 0.00178125
0.000491016 0.00178127

0.000491016 0.00178127
0.000496875 0.00178174

0.000496875 0.00178174
0.000502734 0.00178211

0.000502734 0.00178211
0.000508594 0.0017824

0.000508594 0.0017824
0.000514453 0.0017826

0.000514453 0.0017826
0.000520312 0.00178271

0.000520313 0.00178271
0.000526172 0.00178274

0.000526172 0.00178274
0.000532031 0.00178269

0.000532031 0.00178269
0.000537891 0.00178256

0.000537891 0.00178256
0.00054375 0.00178235

0.000561328 0.00178124
0.000561152 0.00178125

0.000561328 0.00178124
0.000567187 0.00178071

0.000567188 0.00178071
0.000573047 0.0017801

0.000573047 0.0017801
0.000578906 0.00177941

0.000578906 0.00177941
0.000584766 0.00177865

0.000584766 0.00177865
0.000590625 0.00177781

0.000590625 0.00177781
0.000596484 0.00177689

0.000596484 0.00177689
0.000602344 0.00177589

0.000608203 0.00177482
0.000605076 0.00177539

0.000602344 0.00177589
0.000605096 0.00177539

0.000608203 0.00177482
0.000614062 0.00177367

0.000614063 0.00177367
0.000619922 0.00177244

0.000619922 0.00177244
0.000625781 0.00177113

0.0006375 0.00176829
0.000632518 0.00176953

0.000625781 0.00177113
0.000631641 0.00176975

0.000631641 0.00176975
0.000632525 0.00176953

0.00054375 0.00178235
0.000549609 0.00178206

0.000549609 0.00178206
0.000555469 0.00178169

0.000555469 0.00178169
0.000561183 0.00178125

0.000813281 0.00168493
0.000809686 0.0016875

0.000819141 0.0016806
0.00081771 0.00168164

0.000813281 0.00168495
0.000817779 0.00168164

0.000819141 0.00168063
0.000825 0.00167619

0.0006375 0.00176829
0.000643359 0.00176675

0.000643359 0.00176675
0.000649219 0.00176513

0.000655078 0.00176342
0.000654213 0.00176367

0.000649219 0.00176513
0.000654262 0.00176367

0.000655078 0.00176343
0.000660937 0.00176165

0.000678516 0.00175584
0.000672801 0.00175781

0.000678516 0.00175584
0.000684375 0.00175375

0.000660938 0.00176165
0.000666797 0.0017598

0.000666797 0.0017598
0.000672656 0.00175786

0.000672656 0.00175786
0.000672807 0.00175781

0.00073125 0.00173393
0.000730303 0.00173437

0.000690234 0.00175155
0.000689158 0.00175195

0.000684375 0.00175375
0.000689209 0.00175195

0.000690234 0.00175157
0.000696094 0.0017493

0.000707812 0.00174452
0.00070403 0.00174609

0.000696094 0.0017493
0.000701953 0.00174696

0.000701953 0.00174697
0.000704053 0.00174609

0.000707812 0.00174453
0.000713672 0.00174201

0.000719531 0.0017394
0.000717649 0.00174023

0.000713672 0.00174202
0.000717692 0.00174023

0.000719531 0.00173941
0.000725391 0.00173672

0.000725391 0.00173673
0.000730358 0.00173437

0.00073125 0.00173394
0.000737109 0.00173108

0.000742969 0.0017281
0.000742149 0.00172852

0.000737109 0.00173109
0.000742206 0.00172852

0.000754688 0.00172192
0.000753306 0.00172266

0.000742969 0.00172812
0.000748828 0.00172507

0.000748828 0.00172508
0.000753358 0.00172266

0.000778125 0.00170839
0.000773905 0.00171094

0.000754687 0.00172193
0.000760547 0.0017187

0.000766406 0.00171535
0.000763868 0.0017168

0.000760547 0.00171871
0.000763908 0.0017168

0.000766406 0.00171537
0.000772266 0.00171193

0.000772266 0.00171194
0.000773931 0.00171094

0.000783984 0.00170473
0.000783417 0.00170508

0.000778125 0.00170841
0.000783487 0.00170508

0.000783984 0.00170476
0.000789844 0.00170101

0.000795703 0.00169716
0.000792568 0.00169922

0.000801563 0.00169317
0.000801275 0.00169336

0.000795703 0.00169718
0.000801352 0.00169336

0.000789844 0.00170103
0.000792606 0.00169922

0.000801562 0.00169321
0.000807422 0.00168912

0.000807422 0.00168913
0.000809734 0.0016875

0.000912891 0.00159034
0.000910147 0.00159375

0.00091875 0.00158296
0.000914877 0.00158789

0.000912891 0.00159038
0.00091486 0.00158789

0.000871875 0.00163551
0.000866558 0.00164062

0.000842578 0.00166204
0.000840116 0.00166406

0.000848438 0.00165703
0.000847063 0.0016582

0.000842578 0.00166206
0.000847121 0.0016582

0.000830859 0.0016716
0.00082551 0.00167578

0.000836719 0.0016669
0.000832944 0.00166992

0.000830859 0.0016716
0.000832994 0.00166992

0.000825 0.00167619
0.000825527 0.00167578

0.000836719 0.00166689
0.000840192 0.00166406

0.000854297 0.00165187
0.000853766 0.00165234

0.000854297 0.00165192
0.000860156 0.00164662

0.000848437 0.00165707
0.000853822 0.00165234

0.000866016 0.00164115
0.000860298 0.00164648

0.000860156 0.00164662
0.000860301 0.00164648

0.000866016 0.00164115
0.000866566 0.00164062

0.000895312 0.00161101
0.00089503 0.00161133

0.00089505 0.00161133
0.000889703 0.00161719

0.000883594 0.00162366
0.000878503 0.00162891

0.000877734 0.00162968
0.000872622 0.00163477

0.000871875 0.00163551
0.000872631 0.00163477

0.000877734 0.00162969
0.000878504 0.00162891

0.000889453 0.00161746
0.00088419 0.00162305

0.000883594 0.00162367
0.00088419 0.00162305

0.000889453 0.00161746
0.000889704 0.00161719

0.000901172 0.00160437
0.000900221 0.00160547

0.000907031 0.00159748
0.000905262 0.00159961

0.000901172 0.00160438
0.000905263 0.00159961

0.000895312 0.00161103
0.000900235 0.00160547

0.000907031 0.0015975
0.000910128 0.00159375

0.000965625 0.00151092
0.000965198 0.00151172

0.000959766 0.00152152
0.00095868 0.00152344

0.000965209 0.00151172
0.000961997 0.00151758

0.000959766 0.00152153
0.000962003 0.00151758

0.000953906 0.00153156
0.000951748 0.00153516

0.000948047 0.00154113
0.000944383 0.00154687

0.00095175 0.00153516
0.000948121 0.00154102

0.000948047 0.00154114
0.000948121 0.00154102

0.000958686 0.00152344
0.00095527 0.0015293

0.000953906 0.00153157
0.000955274 0.0015293

0.000930469 0.00156725
0.000928271 0.00157031

0.000942187 0.00155021
0.000940529 0.00155273

0.000940532 0.00155273
0.000936565 0.00155859

0.000936328 0.00155894
0.00093248 0.00156445

0.000930469 0.00156727
0.000932478 0.00156445

0.000936328 0.00155894
0.000936564 0.00155859

0.000924609 0.00157526
0.000923936 0.00157617

0.000923939 0.00157617
0.000919475 0.00158203

0.000924609 0.00157526
0.000928273 0.00157031

0.00091875 0.00158297
0.000919471 0.00158203

0.000942187 0.00155022
0.000944387 0.00154687

0.000971334 0.0015
0.000968319 0.00150586

0.000965625 0.00151094
0.000968325 0.00150586

