3.61674e-05 0
3.61713e-05 5.85937e-06

3.61713e-05 5.85938e-06
3.61831e-05 1.17187e-05

3.61831e-05 1.17187e-05
3.6203e-05 1.75781e-05

3.6203e-05 1.75781e-05
3.62309e-05 2.34375e-05

3.62309e-05 2.34375e-05
3.62667e-05 2.92969e-05

3.62667e-05 2.92969e-05
3.63104e-05 3.51562e-05

3.63104e-05 3.51562e-05
3.63618e-05 4.10156e-05

3.63619e-05 4.10156e-05
3.64211e-05 4.6875e-05

3.64211e-05 4.6875e-05
3.64882e-05 5.27344e-05

3.64882e-05 5.27344e-05
3.6563e-05 5.85937e-05

3.6563e-05 5.85937e-05
3.66456e-05 6.44531e-05

3.66456e-05 6.44531e-05
3.67359e-05 7.03125e-05

3.67359e-05 7.03125e-05
3.68339e-05 7.61719e-05

3.68339e-05 7.61719e-05
3.69396e-05 8.20312e-05

3.69397e-05 8.20312e-05
3.7053e-05 8.78906e-05

3.7053e-05 8.78906e-05
3.71741e-05 9.375e-05

3.71741e-05 9.375e-05
3.73027e-05 9.96094e-05

3.73027e-05 9.96094e-05
3.74388e-05 0.000105469

3.74389e-05 0.000105469
3.75825e-05 0.000111328

3.75825e-05 0.000111328
3.77337e-05 0.000117187

3.77337e-05 0.000117187
3.78922e-05 0.000123047

3.78922e-05 0.000123047
3.80581e-05 0.000128906

3.80581e-05 0.000128906
3.82312e-05 0.000134766

3.82313e-05 0.000134766
3.84117e-05 0.000140625

3.84117e-05 0.000140625
3.85993e-05 0.000146484

3.85993e-05 0.000146484
3.8794e-05 0.000152344

3.8794e-05 0.000152344
3.89957e-05 0.000158203

3.89957e-05 0.000158203
3.92044e-05 0.000164062

3.92044e-05 0.000164062
3.942e-05 0.000169922

3.94201e-05 0.000169922
3.96425e-05 0.000175781

3.96425e-05 0.000175781
3.98437e-05 0.000180928

3.98438e-05 0.000180928
3.98716e-05 0.000181641

3.98717e-05 0.000181641
4.01072e-05 0.0001875

4.01071e-05 0.0001875
4.03492e-05 0.000193359

4.03494e-05 0.000193359
4.05982e-05 0.000199219

4.05982e-05 0.000199219
4.08533e-05 0.000205078

4.08533e-05 0.000205078
4.11146e-05 0.000210937

4.11146e-05 0.000210937
4.13822e-05 0.000216797

4.13822e-05 0.000216797
4.16558e-05 0.000222656

4.16559e-05 0.000222656
4.19355e-05 0.000228516

4.19355e-05 0.000228516
4.2221e-05 0.000234375

4.22211e-05 0.000234375
4.25124e-05 0.000240234

4.25124e-05 0.000240234
4.28095e-05 0.000246094

4.28095e-05 0.000246094
4.31122e-05 0.000251953

4.31122e-05 0.000251953
4.34203e-05 0.000257812

4.34204e-05 0.000257812
4.37338e-05 0.000263672

4.37339e-05 0.000263672
4.40526e-05 0.000269531

4.40526e-05 0.000269531
4.43765e-05 0.000275391

4.43766e-05 0.000275391
4.47055e-05 0.00028125

4.47055e-05 0.00028125
4.50394e-05 0.000287109

4.50394e-05 0.000287109
4.5378e-05 0.000292969

4.5378e-05 0.000292969
4.57031e-05 0.000298521

4.57031e-05 0.000298521
4.57211e-05 0.000298828

4.57211e-05 0.000298828
4.60687e-05 0.000304687

4.60688e-05 0.000304687
4.64208e-05 0.000310547

4.64208e-05 0.000310547
4.67769e-05 0.000316406

4.6777e-05 0.000316406
4.71372e-05 0.000322266

4.71372e-05 0.000322266
4.75014e-05 0.000328125

4.75014e-05 0.000328125
4.78694e-05 0.000333984

4.78694e-05 0.000333984
4.8241e-05 0.000339844

4.8241e-05 0.000339844
4.86162e-05 0.000345703

4.86163e-05 0.000345703
4.89948e-05 0.000351562

4.89948e-05 0.000351562
4.93766e-05 0.000357422

4.93766e-05 0.000357422
4.97614e-05 0.000363281

4.97614e-05 0.000363281
5.01492e-05 0.000369141

5.01492e-05 0.000369141
5.05397e-05 0.000375

5.05398e-05 0.000375
5.09329e-05 0.000380859

5.0933e-05 0.000380859
5.13284e-05 0.000386719

5.13285e-05 0.000386719
5.15625e-05 0.000390167

5.15625e-05 0.000390167
5.17261e-05 0.000392578

5.1726e-05 0.000392578
5.2126e-05 0.000398437

5.21262e-05 0.000398437
5.25283e-05 0.000404297

5.25283e-05 0.000404297
5.2932e-05 0.000410156

5.2932e-05 0.000410156
5.33371e-05 0.000416016

5.33372e-05 0.000416016
5.37439e-05 0.000421875

5.37439e-05 0.000421875
5.4152e-05 0.000427734

5.4152e-05 0.000427734
5.45612e-05 0.000433594

5.45613e-05 0.000433594
5.49715e-05 0.000439453

5.49716e-05 0.000439453
5.53826e-05 0.000445312

5.53826e-05 0.000445312
5.57943e-05 0.000451172

5.57944e-05 0.000451172
5.62066e-05 0.000457031

5.62066e-05 0.000457031
5.66192e-05 0.000462891

5.66193e-05 0.000462891
5.70319e-05 0.00046875

5.70319e-05 0.00046875
5.74219e-05 0.000474288

5.74219e-05 0.000474288
5.74445e-05 0.000474609

5.74445e-05 0.000474609
5.78572e-05 0.000480469

5.78574e-05 0.000480469
5.82698e-05 0.000486328

5.82698e-05 0.000486328
5.86816e-05 0.000492187

5.86817e-05 0.000492187
5.90928e-05 0.000498047

5.90928e-05 0.000498047
5.9503e-05 0.000503906

5.95031e-05 0.000503906
5.99123e-05 0.000509766

5.99124e-05 0.000509766
6.03206e-05 0.000515625

6.03206e-05 0.000515625
6.07276e-05 0.000521484

6.07276e-05 0.000521484
6.11331e-05 0.000527344

6.11332e-05 0.000527344
6.15371e-05 0.000533203

6.15371e-05 0.000533203
6.19392e-05 0.000539062

6.19393e-05 0.000539062
6.23395e-05 0.000544922

6.23396e-05 0.000544922
6.27377e-05 0.000550781

6.27377e-05 0.000550781
6.31335e-05 0.000556641

6.31335e-05 0.000556641
6.32812e-05 0.000558841

6.32813e-05 0.00055884
6.3527e-05 0.0005625

6.35268e-05 0.0005625
6.39182e-05 0.000568359

6.39186e-05 0.000568359
6.43073e-05 0.000574219

6.43071e-05 0.000574219
6.46926e-05 0.000580078

6.46926e-05 0.000580078
6.50751e-05 0.000585937

6.50751e-05 0.000585937
6.54545e-05 0.000591797

6.54546e-05 0.000591797
6.58307e-05 0.000597656

6.58307e-05 0.000597656
6.62035e-05 0.000603516

6.62035e-05 0.000603516
6.65727e-05 0.000609375

6.65728e-05 0.000609375
6.69383e-05 0.000615234

6.69383e-05 0.000615234
6.73001e-05 0.000621094

6.73001e-05 0.000621094
6.76579e-05 0.000626953

6.76579e-05 0.000626953
6.80116e-05 0.000632812

6.80116e-05 0.000632812
6.8361e-05 0.000638672

6.83611e-05 0.000638672
6.87061e-05 0.000644531

6.87061e-05 0.000644531
6.90465e-05 0.000650391

6.90465e-05 0.000650391
6.91406e-05 0.000652032

6.91406e-05 0.000652031
6.93824e-05 0.00065625

6.93823e-05 0.00065625
6.97138e-05 0.000662109

6.97142e-05 0.000662109
7.00409e-05 0.000667969

7.00408e-05 0.000667969
7.03621e-05 0.000673828

7.03622e-05 0.000673828
7.06783e-05 0.000679687

7.06784e-05 0.000679687
7.09893e-05 0.000685547

7.09894e-05 0.000685547
7.1295e-05 0.000691406

7.12951e-05 0.000691406
7.15953e-05 0.000697266

7.15953e-05 0.000697266
7.189e-05 0.000703125

7.189e-05 0.000703125
7.2179e-05 0.000708984

7.21791e-05 0.000708984
7.24624e-05 0.000714844

7.24624e-05 0.000714844
7.27398e-05 0.000720703

7.27398e-05 0.000720703
7.30113e-05 0.000726562

7.30113e-05 0.000726562
7.32766e-05 0.000732422

7.32767e-05 0.000732422
7.35359e-05 0.000738281

7.35359e-05 0.000738281
7.37889e-05 0.000744141

7.37889e-05 0.000744141
7.40355e-05 0.00075

7.40355e-05 0.00075
7.42757e-05 0.000755859

7.42757e-05 0.000755859
7.45094e-05 0.000761719

7.45094e-05 0.000761719
7.47365e-05 0.000767578

7.47365e-05 0.000767578
7.49569e-05 0.000773437

7.49572e-05 0.000773437
7.5e-05 0.000774616

7.5e-05 0.00111546
7.48819e-05 0.00111914

7.4881e-05 0.00111914
7.46887e-05 0.001125

7.46886e-05 0.001125
7.44943e-05 0.00113086

7.44942e-05 0.00113086
7.42983e-05 0.00113672

7.42982e-05 0.00113672
7.41009e-05 0.00114258

7.41008e-05 0.00114258
7.39026e-05 0.00114844

7.39025e-05 0.00114844
7.37039e-05 0.0011543

7.37037e-05 0.0011543
7.35051e-05 0.00116016

7.3505e-05 0.00116016
7.33069e-05 0.00116602

7.33067e-05 0.00116602
7.31097e-05 0.00117187

7.31095e-05 0.00117187
7.2914e-05 0.00117773

7.29139e-05 0.00117773
7.27205e-05 0.00118359

7.27203e-05 0.00118359
7.25297e-05 0.00118945

7.25295e-05 0.00118945
7.23422e-05 0.00119531

7.23421e-05 0.00119531
7.21587e-05 0.00120117

7.21586e-05 0.00120117
7.19799e-05 0.00120703

7.19797e-05 0.00120703
7.18063e-05 0.00121289

7.18062e-05 0.00121289
7.16389e-05 0.00121875

7.16387e-05 0.00121875
7.14782e-05 0.00122461

7.1478e-05 0.00122461
7.13251e-05 0.00123047

7.13249e-05 0.00123047
7.11805e-05 0.00123633

7.11803e-05 0.00123633
7.1045e-05 0.00124219

7.10448e-05 0.00124219
7.09196e-05 0.00124805

7.09194e-05 0.00124805
7.08052e-05 0.00125391

7.08049e-05 0.00125391
7.07025e-05 0.00125977

7.07022e-05 0.00125977
7.06125e-05 0.00126562

7.06123e-05 0.00126563
7.05363e-05 0.00127148

7.0536e-05 0.00127148
7.04747e-05 0.00127734

7.04745e-05 0.00127734
7.04289e-05 0.0012832

7.04287e-05 0.0012832
7.04e-05 0.00128906

7.03997e-05 0.00128906
7.03889e-05 0.00129492

7.03886e-05 0.00129492
7.03968e-05 0.00130078

7.03965e-05 0.00130078
7.0425e-05 0.00130664

7.04247e-05 0.00130664
7.04746e-05 0.0013125

7.04742e-05 0.0013125
7.05467e-05 0.00131836

7.05464e-05 0.00131836
7.06429e-05 0.00132422

7.06425e-05 0.00132422
7.07644e-05 0.00133008

7.0764e-05 0.00133008
7.09129e-05 0.00133594

7.09125e-05 0.00133594
7.10899e-05 0.0013418

7.10896e-05 0.0013418
7.12966e-05 0.00134766

7.12963e-05 0.00134766
7.15341e-05 0.00135352

7.15336e-05 0.00135352
7.18034e-05 0.00135937

7.18026e-05 0.00135937
7.21071e-05 0.00136523

7.21064e-05 0.00136523
7.24489e-05 0.00137109

7.24488e-05 0.00137109
7.2831e-05 0.00137695

7.28319e-05 0.00137695
7.32521e-05 0.00138281

7.32535e-05 0.00138281
7.37069e-05 0.00138867

7.37068e-05 0.00138867
7.41908e-05 0.00139453

7.41858e-05 0.00139453
7.47106e-05 0.00140039

7.47002e-05 0.00140039
7.5e-05 0.00140332

7.5e-05 0.000774605
7.51702e-05 0.000779297

7.51683e-05 0.000779297
7.53753e-05 0.000785156

7.53772e-05 0.000785156
7.55782e-05 0.000791016

7.55776e-05 0.000791016
7.57702e-05 0.000796875

7.577e-05 0.000796875
7.59558e-05 0.000802734

7.5956e-05 0.000802734
7.61348e-05 0.000808594

7.61348e-05 0.000808594
7.63063e-05 0.000814453

7.63063e-05 0.000814453
7.64705e-05 0.000820312

7.64705e-05 0.000820312
7.66274e-05 0.000826172

7.66274e-05 0.000826172
7.6777e-05 0.000832031

7.6777e-05 0.000832031
7.6919e-05 0.000837891

7.6919e-05 0.000837891
7.70536e-05 0.00084375

7.70536e-05 0.00084375
7.71806e-05 0.000849609

7.71806e-05 0.000849609
7.73e-05 0.000855469

7.73e-05 0.000855469
7.74117e-05 0.000861328

7.74117e-05 0.000861328
7.75157e-05 0.000867187

7.75157e-05 0.000867187
7.76119e-05 0.000873047

7.76119e-05 0.000873047
7.77004e-05 0.000878906

7.77004e-05 0.000878906
7.7781e-05 0.000884766

7.7781e-05 0.000884766
7.78538e-05 0.000890625

7.78538e-05 0.000890625
7.79187e-05 0.000896484

7.79187e-05 0.000896484
7.79757e-05 0.000902344

7.79757e-05 0.000902344
7.80247e-05 0.000908203

7.80247e-05 0.000908203
7.80657e-05 0.000914062

7.80657e-05 0.000914062
7.80987e-05 0.000919922

7.80987e-05 0.000919922
7.81237e-05 0.000925781

7.81237e-05 0.000925781
7.81407e-05 0.000931641

7.81407e-05 0.000931641
7.81497e-05 0.0009375

7.81497e-05 0.0009375
7.81507e-05 0.000943359

7.81507e-05 0.000943359
7.81438e-05 0.000949219

7.81438e-05 0.000949219
7.81289e-05 0.000955078

7.81289e-05 0.000955078
7.81062e-05 0.000960937

7.81061e-05 0.000960937
7.80756e-05 0.000966797

7.80756e-05 0.000966797
7.80372e-05 0.000972656

7.80372e-05 0.000972656
7.79911e-05 0.000978516

7.79911e-05 0.000978516
7.79373e-05 0.000984375

7.79373e-05 0.000984375
7.78759e-05 0.000990234

7.78759e-05 0.000990234
7.78071e-05 0.000996094

7.78071e-05 0.000996094
7.77308e-05 0.00100195

7.77308e-05 0.00100195
7.76472e-05 0.00100781

7.76472e-05 0.00100781
7.75564e-05 0.00101367

7.75564e-05 0.00101367
7.74585e-05 0.00101953

7.74584e-05 0.00101953
7.73536e-05 0.00102539

7.73535e-05 0.00102539
7.72418e-05 0.00103125

7.72418e-05 0.00103125
7.71233e-05 0.00103711

7.71233e-05 0.00103711
7.69983e-05 0.00104297

7.69983e-05 0.00104297
7.6867e-05 0.00104883

7.68669e-05 0.00104883
7.67295e-05 0.00105469

7.67294e-05 0.00105469
7.65859e-05 0.00106055

7.65859e-05 0.00106055
7.64368e-05 0.00106641

7.64367e-05 0.00106641
7.6282e-05 0.00107227

7.6282e-05 0.00107227
7.6122e-05 0.00107812

7.61219e-05 0.00107812
7.59571e-05 0.00108398

7.59571e-05 0.00108398
7.57878e-05 0.00108984

7.5788e-05 0.00108984
7.56136e-05 0.0010957

7.56128e-05 0.0010957
7.54344e-05 0.00110156

7.54345e-05 0.00110156
7.52533e-05 0.00110742

7.52533e-05 0.00110742
7.50694e-05 0.00111328

7.5e-05 0.00111546
7.507e-05 0.00111328

7.5e-05 0.00140335
7.52967e-05 0.00140625

7.5311e-05 0.00140625
7.59855e-05 0.00141211

7.59883e-05 0.00141211
7.67068e-05 0.00141797

7.671e-05 0.00141797
7.74602e-05 0.00142383

7.74589e-05 0.00142383
7.82367e-05 0.00142969

7.82296e-05 0.00142969
7.90515e-05 0.00143555

7.90399e-05 0.00143555
7.99432e-05 0.00144141

7.99329e-05 0.00144141
8.08594e-05 0.00144668

8.08594e-05 0.0014467
8.09594e-05 0.00144727

8.09987e-05 0.00144727
8.21e-05 0.00145312

8.20983e-05 0.00145312
8.32012e-05 0.00145898

8.3183e-05 0.00145898
8.43274e-05 0.00146484

8.43109e-05 0.00146484
8.55666e-05 0.0014707

8.55636e-05 0.0014707
8.67187e-05 0.00147552

8.67188e-05 0.00147552
8.69691e-05 0.00147656

8.70246e-05 0.00147656
8.84767e-05 0.00148242

8.84358e-05 0.00148242
8.99057e-05 0.00148828

8.98887e-05 0.00148828
9.1492e-05 0.00149414

9.14971e-05 0.00149414
9.25781e-05 0.00149775

9.25781e-05 0.00149773
9.32594e-05 0.0015

0.000983759 0
0.00098376 5.85937e-06

0.00098376 5.85938e-06
0.000983762 1.17187e-05

0.000983762 1.17187e-05
0.000983766 1.75781e-05

0.000983766 1.75781e-05
0.000983771 2.34375e-05

0.000983771 2.34375e-05
0.000983777 2.92969e-05

0.000983777 2.92969e-05
0.000983785 3.51562e-05

0.000983785 3.51562e-05
0.000983794 4.10156e-05

0.000983794 4.10156e-05
0.000983805 4.6875e-05

0.000983805 4.6875e-05
0.000983818 5.27344e-05

0.000983818 5.27344e-05
0.000983831 5.85937e-05

0.000983831 5.85937e-05
0.000983846 6.44531e-05

0.000983846 6.44531e-05
0.000983863 7.03125e-05

0.000983863 7.03125e-05
0.000983881 7.61719e-05

0.000983881 7.61719e-05
0.0009839 8.20312e-05

0.0009839 8.20312e-05
0.00098392 8.78906e-05

0.00098392 8.78906e-05
0.000983942 9.375e-05

0.000983942 9.375e-05
0.000983965 9.96094e-05

0.000983965 9.96094e-05
0.000983989 0.000105469

0.000983989 0.000105469
0.000984015 0.000111328

0.000984015 0.000111328
0.000984042 0.000117187

0.000984042 0.000117187
0.00098407 0.000123047

0.00098407 0.000123047
0.000984099 0.000128906

0.000984099 0.000128906
0.000984129 0.000134766

0.000984129 0.000134766
0.00098416 0.000140625

0.00098416 0.000140625
0.000984192 0.000146484

0.000984192 0.000146484
0.000984225 0.000152344

0.000984225 0.000152344
0.000984258 0.000158203

0.000984258 0.000158203
0.000984293 0.000164062

0.000984293 0.000164062
0.000984328 0.000169922

0.000984328 0.000169922
0.000984364 0.000175781

0.000984364 0.000175781
0.0009844 0.000181641

0.0009844 0.000181641
0.000984436 0.0001875

0.000984437 0.0001875
0.000984473 0.000193359

0.000984473 0.000193359
0.00098451 0.000199219

0.00098451 0.000199219
0.000984547 0.000205078

0.000984547 0.000205078
0.000984584 0.000210937

0.000984584 0.000210937
0.00098462 0.000216797

0.00098462 0.000216797
0.000984656 0.000222656

0.000984656 0.000222656
0.000984692 0.000228516

0.000984692 0.000228516
0.000984727 0.000234375

0.000984727 0.000234375
0.000984761 0.000240234

0.000984761 0.000240234
0.000984794 0.000246094

0.000984794 0.000246094
0.000984826 0.000251953

0.000984826 0.000251953
0.000984857 0.000257812

0.000984857 0.000257812
0.000984887 0.000263672

0.000984887 0.000263672
0.000984915 0.000269531

0.000984915 0.000269531
0.000984941 0.000275391

0.000984941 0.000275391
0.000984965 0.00028125

0.000984965 0.00028125
0.000984987 0.000287109

0.000984987 0.000287109
0.000985007 0.000292969

0.000985007 0.000292969
0.000985024 0.000298828

0.000985024 0.000298828
0.000985039 0.000304687

0.000985039 0.000304687
0.000985051 0.000310547

0.000985051 0.000310547
0.00098506 0.000316406

0.00098506 0.000316406
0.000985065 0.000322266

0.000985065 0.000322266
0.000985068 0.000328125

0.000985068 0.000328125
0.000985066 0.000333984

0.000985066 0.000333984
0.000985061 0.000339844

0.000985061 0.000339844
0.000985051 0.000345703

0.000985051 0.000345703
0.000985038 0.000351562

0.000985038 0.000351562
0.000985019 0.000357422

0.000985019 0.000357422
0.000984996 0.000363281

0.000984996 0.000363281
0.000984968 0.000369141

0.000984968 0.000369141
0.000984935 0.000375

0.000984935 0.000375
0.000984896 0.000380859

0.000984896 0.000380859
0.000984852 0.000386719

0.000984852 0.000386719
0.000984801 0.000392578

0.000984801 0.000392578
0.000984745 0.000398437

0.000984745 0.000398437
0.000984682 0.000404297

0.000984682 0.000404297
0.000984612 0.000410156

0.000984612 0.000410156
0.000984536 0.000416016

0.000984536 0.000416016
0.000984452 0.000421875

0.000984452 0.000421875
0.000984361 0.000427734

0.000984361 0.000427734
0.000984262 0.000433594

0.000984262 0.000433594
0.000984156 0.000439453

0.000984156 0.000439453
0.000984041 0.000445312

0.000984041 0.000445312
0.000983918 0.000451172

0.000983918 0.000451172
0.000983785 0.000457031

0.000983785 0.000457031
0.000983642 0.000462891

0.000983643 0.000462891
0.000983488 0.00046875

0.000983203 0.000478508
0.000983146 0.000480469

0.000983488 0.00046875
0.00098332 0.000474609

0.000983203 0.000478449
0.000983315 0.000474609

0.000983148 0.000480469
0.00098298 0.000486328

0.000982983 0.000486328
0.000982806 0.000492187

0.000982806 0.000492187
0.000982615 0.000498047

0.000982615 0.000498047
0.00098241 0.000503906

0.000982409 0.000503906
0.000982192 0.000509766

0.000982192 0.000509766
0.000981963 0.000515625

0.000981963 0.000515625
0.000981724 0.000521484

0.000981724 0.000521484
0.000981474 0.000527344

0.000981474 0.000527344
0.000981213 0.000533203

0.000981213 0.000533203
0.000980941 0.000539062

0.000980941 0.000539062
0.000980658 0.000544922

0.000980658 0.000544922
0.000980362 0.000550781

0.000980362 0.000550781
0.000980056 0.000556641

0.000980056 0.000556641
0.000979737 0.0005625

0.000979737 0.0005625
0.000979406 0.000568359

0.000979406 0.000568359
0.000979062 0.000574219

0.000979062 0.000574219
0.000978705 0.000580078

0.000978706 0.000580078
0.000978335 0.000585937

0.000977344 0.000600466
0.000977128 0.000603516

0.00097713 0.000603516
0.000976708 0.000609375

0.000978336 0.000585937
0.00097795 0.000591797

0.00097795 0.000591797
0.000977548 0.000597656

0.000977344 0.000600526
0.000977547 0.000597656

0.00097671 0.000609375
0.000976279 0.000615234

0.000976279 0.000615234
0.000975837 0.000621094

0.000975837 0.000621094
0.000975384 0.000626953

0.000975384 0.000626953
0.000974921 0.000632812

0.000974921 0.000632812
0.000974447 0.000638672

0.000974447 0.000638672
0.000973964 0.000644531

0.000973964 0.000644531
0.000973469 0.000650391

0.000973469 0.000650391
0.000972963 0.00065625

0.000965625 0.000731848
0.000965564 0.000732422

0.000965564 0.000732422
0.000964937 0.000738281

0.000964943 0.000738281
0.000964319 0.000744141

0.000964319 0.000744141
0.000963687 0.00075

0.000972963 0.00065625
0.000972446 0.000662109

0.000972446 0.000662109
0.000971919 0.000667969

0.000971484 0.000672623
0.000971373 0.000673828

0.000971371 0.000673828
0.000970824 0.000679687

0.000971484 0.000672691
0.000971921 0.000667969

0.000970829 0.000679687
0.00097028 0.000685547

0.00097028 0.000685547
0.000969722 0.000691406

0.000969722 0.000691406
0.000969155 0.000697266

0.000969155 0.000697266
0.00096858 0.000703125

0.00096858 0.000703125
0.000967997 0.000708984

0.000967996 0.000708984
0.000967404 0.000714844

0.000967404 0.000714844
0.000966803 0.000720703

0.000966803 0.000720703
0.000966193 0.000726562

0.000965625 0.00073193
0.000966197 0.000726562

0.000825 0.00149536
0.000821718 0.0015

0.000963687 0.00075
0.00096305 0.000755859

0.00096305 0.000755859
0.000962409 0.000761719

0.000962408 0.000761719
0.000961762 0.000767578

0.000961762 0.000767578
0.000961112 0.000773437

0.000961112 0.000773437
0.000960458 0.000779297

0.000960461 0.000779297
0.000959797 0.000785156

0.000959766 0.000785347
0.000959127 0.000791016

0.000959134 0.000791016
0.000958484 0.000796875

0.000959766 0.000785407
0.000959794 0.000785156

0.000958483 0.000796875
0.000957831 0.000802734

0.000957831 0.000802734
0.000957181 0.000808594

0.000957181 0.000808594
0.000956533 0.000814453

0.000956533 0.000814453
0.000955886 0.000820312

0.000953906 0.000838294
0.000953316 0.00084375

0.000955886 0.000820312
0.000955242 0.000826172

0.000955242 0.000826172
0.000954601 0.000832031

0.000954605 0.000832031
0.00095396 0.000837891

0.000953906 0.000838355
0.000953957 0.000837891

0.000953322 0.00084375
0.000952705 0.000849609

0.000952704 0.000849609
0.000952093 0.000855469

0.000952092 0.000855469
0.000951489 0.000861328

0.000951489 0.000861328
0.000950894 0.000867187

0.000950894 0.000867187
0.000950309 0.000873047

0.000950309 0.000873047
0.000949733 0.000878906

0.000949734 0.000878906
0.000949166 0.000884766

0.000949165 0.000884766
0.000948608 0.000890625

0.000948047 0.000896491
0.000947511 0.000902344

0.000948611 0.000890625
0.000948057 0.000896484

0.000947517 0.000902344
0.000947005 0.000908203

0.000947005 0.000908203
0.000946508 0.000914062

0.000946508 0.000914062
0.000946025 0.000919922

0.000946025 0.000919922
0.000945557 0.000925781

0.000945557 0.000925781
0.000945102 0.000931641

0.000945102 0.000931641
0.000944662 0.0009375

0.000942187 0.00097363
0.000941893 0.000978516

0.0009419 0.000978516
0.000941578 0.000984375

0.000944662 0.0009375
0.000944234 0.000943359

0.000944234 0.000943359
0.000943819 0.000949219

0.000943819 0.000949219
0.000943416 0.000955078

0.000943416 0.000955078
0.000943023 0.000960937

0.000943025 0.000960937
0.000942638 0.000966797

0.000942636 0.000966797
0.000942255 0.000972656

0.000942187 0.000973647
0.000942247 0.000972656

0.000941579 0.000984375
0.000941273 0.000990234

0.000941273 0.000990234
0.000940978 0.000996094

0.000940978 0.000996094
0.000940695 0.00100195

0.000940695 0.00100195
0.000940421 0.00100781

0.000940421 0.00100781
0.000940157 0.00101367

0.000940158 0.00101367
0.000939902 0.00101953

0.000939902 0.00101953
0.000939655 0.00102539

0.000939655 0.00102539
0.000939415 0.00103125

0.000939415 0.00103125
0.000939181 0.00103711

0.000939181 0.00103711
0.000938952 0.00104297

0.000938952 0.00104297
0.000938728 0.00104883

0.000938728 0.00104883
0.000938508 0.00105469

0.000938508 0.00105469
0.000938291 0.00106055

0.000938291 0.00106055
0.000938077 0.00106641

0.000938077 0.00106641
0.000937869 0.00107227

0.000937869 0.00107227
0.000937665 0.00107812

0.000937666 0.00107812
0.000937466 0.00108398

0.000937468 0.00108398
0.000937268 0.00108984

0.000937269 0.00108984
0.000937063 0.0010957

0.000937064 0.0010957
0.000936849 0.00110156

0.000936849 0.00110156
0.000936622 0.00110742

0.000936621 0.00110742
0.000936386 0.00111328

0.000936328 0.0011147
0.000936144 0.00111914

0.000936146 0.00111914
0.000935886 0.001125

0.000936328 0.00111471
0.000936388 0.00111328

0.00091875 0.00127879
0.000917788 0.0012832

0.0009178 0.0012832
0.000916496 0.00128906

0.0009165 0.00128906
0.000915142 0.00129492

0.000915148 0.00129492
0.000913717 0.00130078

0.000912891 0.00130395
0.000912204 0.00130664

0.000912209 0.00130664
0.000910666 0.0013125

0.000912891 0.00130399
0.000913712 0.00130078

0.000935885 0.001125
0.000935606 0.00113086

0.000935606 0.00113086
0.000935311 0.00113672

0.000935311 0.00113672
0.000934999 0.00114258

0.000935 0.00114258
0.00093467 0.00114844

0.000934671 0.00114844
0.000934323 0.0011543

0.000934323 0.0011543
0.000933954 0.00116016

0.000933955 0.00116016
0.000933563 0.00116602

0.000933564 0.00116602
0.000933146 0.00117187

0.000933147 0.00117187
0.000932701 0.00117773

0.000932702 0.00117773
0.000932223 0.00118359

0.000932224 0.00118359
0.000931708 0.00118945

0.000931709 0.00118945
0.000931153 0.00119531

0.000930469 0.00120201
0.000929955 0.00120703

0.000929969 0.00120703
0.00092934 0.00121289

0.00092934 0.00121289
0.000928654 0.00121875

0.000931148 0.00119531
0.00093056 0.00120117

0.000930469 0.00120202
0.000930555 0.00120117

0.000928653 0.00121875
0.000927914 0.00122461

0.000927914 0.00122461
0.000927126 0.00123047

0.000927127 0.00123047
0.000926289 0.00123633

0.000926292 0.00123633
0.000925394 0.00124219

0.000924609 0.00124697
0.000924435 0.00124805

0.000924431 0.00124805
0.000923469 0.00125391

0.000924609 0.00124699
0.000925386 0.00124219

0.000923484 0.00125391
0.000922493 0.00125977

0.000922497 0.00125977
0.000921441 0.00126562

0.000921443 0.00126563
0.00092031 0.00127148

0.000920315 0.00127148
0.000919091 0.00127734

0.00091875 0.00127882
0.000919073 0.00127734

0.000907031 0.00132534
0.000905612 0.00133008

0.000905625 0.00133008
0.000903821 0.00133594

0.000910673 0.0013125
0.000909071 0.00131836

0.000909078 0.00131836
0.000907387 0.00132422

0.000907031 0.00132536
0.000907374 0.00132422

0.000901172 0.00134405
0.000899968 0.00134766

0.000903827 0.00133594
0.00090194 0.0013418

0.000901172 0.00134408
0.000901933 0.0013418

0.000899978 0.00134766
0.000897968 0.00135352

0.000897976 0.00135352
0.000895885 0.00135937

0.000895312 0.00136088
0.000893706 0.00136523

0.000893716 0.00136523
0.000891492 0.00137109

0.000889453 0.00137623
0.000889168 0.00137695

0.000889178 0.00137695
0.000886797 0.00138281

0.000889453 0.00137628
0.000891498 0.00137109

0.000883594 0.0013904
0.000881807 0.00139453

0.000877734 0.00140358
0.00087651 0.00140625

0.000881816 0.00139453
0.000879208 0.00140039

0.000877734 0.00140361
0.000879212 0.00140039

0.000886807 0.00138281
0.000884352 0.00138867

0.000883594 0.00139042
0.000884348 0.00138867

0.000895312 0.0013609
0.000895877 0.00135937

0.000871875 0.00141595
0.000870893 0.00141797

0.000866016 0.00142761
0.000864947 0.00142969

0.0008709 0.00141797
0.000867968 0.00142383

0.000866016 0.00142764
0.000867975 0.00142383

0.000860156 0.00143866
0.000858665 0.00144141

0.000854297 0.00144918
0.000852032 0.00145312

0.00085867 0.00144141
0.000855396 0.00144727

0.000854297 0.00144919
0.000855399 0.00144727

0.000864954 0.00142969
0.000861854 0.00143555

0.000860156 0.00143868
0.00086186 0.00143555

0.000848438 0.00145922
0.000845036 0.00146484

0.000842578 0.0014688
0.000841394 0.0014707

0.000841399 0.0014707
0.000837664 0.00147656

0.000842578 0.00146881
0.000845042 0.00146484

0.000830859 0.00148683
0.000829901 0.00148828

0.000836719 0.00147801
0.000833832 0.00148242

0.000830859 0.00148685
0.000833835 0.00148242

0.000829899 0.00148828
0.000825861 0.00149414

0.000825 0.00149538
0.000825852 0.00149414

0.000836719 0.00147802
0.00083766 0.00147656

0.000852036 0.00145312
0.000848583 0.00145898

0.000848437 0.00145923
0.00084858 0.00145898

0.000876517 0.00140625
0.000873749 0.00141211

0.000871875 0.00141598
0.000873756 0.00141211

9.32987e-05 0.0015
9.51035e-05 0.00150586

9.50493e-05 0.00150586
9.69248e-05 0.00151172

9.69188e-05 0.00151172
9.84375e-05 0.00151603

9.84375e-05 0.00151601
9.89888e-05 0.00151758

9.90383e-05 0.00151758
0.000101186 0.00152344

0.00010113 0.00152344
0.000103367 0.0015293

0.000103363 0.0015293
0.000104297 0.00153157

0.000104297 0.00153149
0.000105802 0.00153516

0.000105796 0.00153516
0.000108329 0.00154102

0.000108302 0.00154102
0.000110156 0.00154505

0.000110156 0.00154503
0.000111003 0.00154687

0.000111033 0.00154687
0.00011386 0.00155273

0.000113811 0.00155273
0.000116016 0.00155706

0.000116016 0.00155705
0.000116803 0.00155859

0.000116832 0.00155859
0.000119991 0.00156445

0.000119948 0.00156445
0.000121875 0.00156785

0.000121875 0.0015678
0.000123301 0.00157031

0.000123294 0.00157031
0.000126831 0.00157617

0.000126808 0.00157617
0.000127734 0.00157765

0.000127734 0.00157757
0.00013057 0.00158203

0.000130539 0.00158203
0.000133594 0.00158657

0.000133594 0.00158654
0.000134493 0.00158789

0.000134492 0.00158789
0.00013868 0.00159375

0.000138678 0.00159375
0.000139453 0.00159481

0.000139453 0.00159477
0.000143106 0.00159961

0.000143106 0.00159961
0.000145312 0.00160245

0.000145312 0.00160237
0.000147761 0.00160547

0.000147753 0.00160547
0.000151172 0.00160955

0.000151172 0.00160953
0.000152705 0.00161133

0.00015269 0.00161133
0.000157031 0.00161618

0.000157031 0.00161618
0.000157958 0.00161719

0.000157948 0.00161719
0.000162891 0.00162237

0.000162891 0.00162237
0.000163554 0.00162305

0.000163553 0.00162305
0.00016875 0.00162815

0.00016875 0.00162816
0.000169534 0.00162891

0.000169552 0.00162891
0.000174609 0.00163361

0.000174609 0.00163362
0.000175885 0.00163477

0.000175914 0.00163477
0.000180469 0.00163878

0.000180469 0.00163882
0.000182616 0.00164062

0.00018265 0.00164062
0.000186328 0.00164368

0.000186328 0.00164374
0.000189787 0.00164648

0.000189818 0.00164648
0.000192187 0.00164831

0.000192187 0.00164836
0.000197497 0.00165234

0.000197494 0.00165234
0.000198047 0.00165275

0.000198047 0.00165275
0.000203906 0.0016569

0.000203906 0.00165693
0.000205799 0.0016582

0.000205875 0.0016582
0.000209766 0.00166082

0.000209766 0.00166085
0.000214792 0.00166406

0.000214789 0.00166406
0.000215625 0.00166458

0.000215625 0.00166458
0.000221484 0.00166814

0.000221484 0.00166816
0.00022453 0.00166992

0.000224596 0.00166992
0.000227344 0.00167151

0.000227344 0.00167153
0.000233203 0.00167476

0.000233203 0.00167477
0.000235121 0.00167578

0.00023518 0.00167578
0.000239062 0.00167782

0.000239062 0.00167783
0.000244922 0.00168077

0.000244922 0.00168078
0.000246729 0.00168164

0.000246782 0.00168164
0.000250781 0.00168355

0.000250781 0.00168355
0.000256641 0.00168621

0.000256641 0.00168622
0.000259621 0.0016875

0.000259663 0.0016875
0.0002625 0.00168872

0.0002625 0.00168872
0.000268359 0.00169112

0.000268359 0.00169113
0.000274103 0.00169336

0.000274104 0.00169336
0.000274219 0.0016934

0.000274219 0.0016934
0.000280078 0.00169555

0.000280078 0.00169555
0.000285937 0.0016976

0.000285937 0.0016976
0.000290816 0.00169922

0.000290822 0.00169922
0.000291797 0.00169954

0.000291797 0.00169954
0.000297656 0.00170137

0.000297656 0.00170137
0.000303516 0.00170311

0.000303516 0.00170312
0.000309375 0.00170476

0.000309375 0.00170476
0.000310584 0.00170508

0.000310609 0.00170508
0.000315234 0.0017063

0.000315234 0.0017063
0.000321094 0.00170775

0.000321094 0.00170775
0.000326953 0.0017091

0.000326953 0.0017091
0.000332812 0.00171037

0.000332812 0.00171037
0.000335641 0.00171094

0.000335661 0.00171094
0.000338672 0.00171154

0.000338672 0.00171154
0.000344531 0.00171263

0.000344531 0.00171263
0.000350391 0.00171364

0.000350391 0.00171364
0.00035625 0.00171456

0.00035625 0.00171456
0.000362109 0.0017154

0.000362109 0.0017154
0.000367969 0.00171615

0.000367969 0.00171615
0.000373605 0.0017168

0.000373609 0.0017168
0.000373828 0.00171682

0.000373828 0.00171682
0.000379687 0.00171741

0.000379687 0.00171741
0.000385547 0.00171793

0.000385547 0.00171793
0.000391406 0.00171836

0.000391406 0.00171836
0.000397266 0.00171871

0.000397266 0.00171871
0.000403125 0.00171899

0.000403125 0.00171899
0.000408984 0.00171918

0.000408984 0.00171918
0.000414844 0.0017193

0.000414844 0.0017193
0.000420703 0.00171934

0.000420703 0.00171934
0.000426562 0.0017193

0.000426562 0.0017193
0.000432422 0.00171918

0.000432422 0.00171918
0.000438281 0.00171899

0.000438281 0.00171899
0.000444141 0.00171871

0.000444141 0.00171871
0.00045 0.00171836

0.000590625 0.0016857
0.000586108 0.0016875

0.000590625 0.0016857
0.000596484 0.00168327

0.000602344 0.00168074
0.000600252 0.00168164

0.000596484 0.00168328
0.000600291 0.00168164

0.000614062 0.00167541
0.000613266 0.00167578

0.000602344 0.00168075
0.000608203 0.00167814

0.000608203 0.00167814
0.000613319 0.00167578

0.0006375 0.00166363
0.000636674 0.00166406

0.000614063 0.00167543
0.000619922 0.00167263

0.000625781 0.00166971
0.000625355 0.00166992

0.000619922 0.00167264
0.000625412 0.00166992

0.000625781 0.00166973
0.000631641 0.00166674

0.000631641 0.00166675
0.000636726 0.00166406

0.00045 0.00171836
0.000455859 0.00171794

0.000455859 0.00171794
0.000461719 0.00171743

0.000461719 0.00171743
0.000467578 0.00171685

0.000473437 0.00171618
0.000468028 0.0017168

0.000467578 0.00171685
0.000468029 0.0017168

0.000473438 0.00171618
0.000479297 0.00171544

0.000479297 0.00171544
0.000485156 0.00171461

0.000485156 0.00171462
0.000491016 0.00171371

0.000491016 0.00171371
0.000496875 0.00171273

0.000508594 0.00171052
0.000506462 0.00171094

0.000508594 0.00171052
0.000514453 0.0017093

0.000514453 0.0017093
0.000520312 0.00170799

0.000496875 0.00171273
0.000502734 0.00171167

0.000502734 0.00171167
0.000506492 0.00171094

0.000520313 0.00170799
0.000526172 0.0017066

0.000526172 0.0017066
0.000532031 0.00170513

0.000537891 0.00170357
0.000532216 0.00170508

0.000532031 0.00170513
0.00053222 0.00170508

0.000537891 0.00170357
0.00054375 0.00170193

0.000555469 0.00169839
0.000552785 0.00169922

0.00054375 0.00170193
0.000549609 0.0017002

0.000549609 0.00170021
0.000552816 0.00169922

0.000555469 0.00169839
0.000561328 0.0016965

0.000561328 0.0016965
0.000567187 0.00169451

0.000573047 0.00169244
0.000570439 0.00169336

0.000567188 0.00169452
0.000570472 0.00169336

0.000573047 0.00169244
0.000578906 0.00169028

0.000578906 0.00169029
0.000584766 0.00168804

0.000584766 0.00168804
0.000586124 0.0016875

0.000678516 0.00163909
0.000676167 0.00164062

0.000678516 0.00163911
0.000684375 0.00163516

0.0006375 0.00166365
0.000643359 0.00166045

0.000649219 0.00165715
0.000647341 0.0016582

0.000643359 0.00166046
0.000647382 0.0016582

0.000660937 0.00165026
0.000657443 0.00165234

0.000649219 0.00165716
0.000655078 0.00165376

0.000655078 0.00165377
0.000657471 0.00165234

0.000660938 0.00165027
0.000666797 0.00164665

0.000672656 0.00164293
0.000667053 0.00164648

0.000666797 0.00164665
0.000667069 0.00164648

0.000672656 0.00164294
0.000676206 0.00164062

0.000696094 0.00162691
0.000693285 0.00162891

0.000690234 0.00163109
0.000684936 0.00163477

0.000684375 0.00163516
0.000684956 0.00163477

0.000690234 0.0016311
0.000693327 0.00162891

0.000701953 0.00162258
0.000701319 0.00162305

0.000696094 0.00162693
0.000701381 0.00162305

0.000701953 0.00162262
0.000707812 0.00161819

0.000713672 0.00161363
0.000709094 0.00161719

0.000719531 0.00160894
0.000716515 0.00161133

0.000713672 0.00161362
0.000716593 0.00161133

0.000725391 0.00160409
0.000723716 0.00160547

0.00073125 0.00159911
0.000730667 0.00159961

0.000725391 0.00160413
0.000730718 0.00159961

0.000719531 0.00160895
0.000723768 0.00160547

0.000707812 0.00161819
0.000709122 0.00161719

0.000742969 0.00158877
0.00073743 0.00159375

0.000754688 0.00157779
0.000750206 0.00158203

0.000748828 0.00158336
0.000743924 0.00158789

0.000742969 0.00158878
0.000743939 0.00158789

0.000748828 0.00158336
0.000750239 0.00158203

0.000766406 0.0015661
0.000762267 0.00157031

0.000778125 0.00155371
0.000773607 0.00155859

0.000772266 0.00155999
0.000768033 0.00156445

0.000766406 0.00156611
0.000768016 0.00156445

0.000772266 0.00156001
0.0007736 0.00155859

0.000760547 0.00157203
0.000756327 0.00157617

0.000754687 0.00157778
0.000756349 0.00157617

0.000760547 0.00157204
0.000762275 0.00157031

0.000789844 0.00154053
0.000789426 0.00154102

0.000789439 0.00154102
0.000784307 0.00154687

0.000795703 0.00153362
0.000794425 0.00153516

0.000801563 0.00152645
0.000799301 0.0015293

0.000795703 0.00153362
0.000799285 0.0015293

0.000789844 0.00154054
0.000794431 0.00153516

0.000813281 0.00151147
0.000813094 0.00151172

0.000807422 0.0015191
0.000804013 0.00152344

0.0008131 0.00151172
0.000808617 0.00151758

0.000807422 0.00151912
0.000808609 0.00151758

0.000819141 0.00150354
0.000817471 0.00150586

0.000813281 0.00151147
0.000817466 0.00150586

0.000819141 0.00150356
0.000821721 0.0015

0.000801562 0.0015265
0.000803994 0.00152344

0.000783984 0.00154724
0.000779032 0.00155273

0.000778125 0.00155372
0.00077903 0.00155273

0.000783984 0.00154724
0.000784307 0.00154687

0.00073125 0.00159915
0.000737109 0.00159404

0.000737109 0.00159404
0.000737436 0.00159375

