-0.000563353 0
-0.000563348 5.85937e-06

-0.000563348 5.85938e-06
-0.000563331 1.17187e-05

-0.000563331 1.17187e-05
-0.000563302 1.75781e-05

-0.000563302 1.75781e-05
-0.000563262 2.34375e-05

-0.000563262 2.34375e-05
-0.000563211 2.92969e-05

-0.000563211 2.92969e-05
-0.000563148 3.51562e-05

-0.000563148 3.51562e-05
-0.000563073 4.10156e-05

-0.000563073 4.10156e-05
-0.000562988 4.6875e-05

-0.000562988 4.6875e-05
-0.00056289 5.27344e-05

-0.00056289 5.27344e-05
-0.000562782 5.85937e-05

-0.000562782 5.85937e-05
-0.000562662 6.44531e-05

-0.000562662 6.44531e-05
-0.00056253 7.03125e-05

-0.00056253 7.03125e-05
-0.000562387 7.61719e-05

-0.000562387 7.61719e-05
-0.000562233 8.20312e-05

-0.000562233 8.20312e-05
-0.000562067 8.78906e-05

-0.000562067 8.78906e-05
-0.00056189 9.375e-05

-0.00056189 9.375e-05
-0.000561701 9.96094e-05

-0.000561701 9.96094e-05
-0.000561501 0.000105469

-0.000561501 0.000105469
-0.00056129 0.000111328

-0.00056129 0.000111328
-0.000561067 0.000117187

-0.000561067 0.000117187
-0.000560832 0.000123047

-0.000560832 0.000123047
-0.000560586 0.000128906

-0.000560586 0.000128906
-0.000560328 0.000134766

-0.000560328 0.000134766
-0.000560059 0.000140625

-0.000560059 0.000140625
-0.000559778 0.000146484

-0.000559778 0.000146484
-0.000559485 0.000152344

-0.000559485 0.000152344
-0.000559181 0.000158203

-0.000559181 0.000158203
-0.000558865 0.000164062

-0.000558865 0.000164062
-0.000558537 0.000169922

-0.000558537 0.000169922
-0.000558198 0.000175781

-0.000558198 0.000175781
-0.000557848 0.000181641

-0.000557848 0.000181641
-0.000557813 0.000182215

-0.000557813 0.000182217
-0.000557486 0.0001875

-0.000557485 0.0001875
-0.000557111 0.000193359

-0.000557111 0.000193359
-0.000556726 0.000199219

-0.000556726 0.000199219
-0.000556328 0.000205078

-0.000556328 0.000205078
-0.00055592 0.000210937

-0.00055592 0.000210937
-0.000555499 0.000216797

-0.000555499 0.000216797
-0.000555067 0.000222656

-0.000555067 0.000222656
-0.000554623 0.000228516

-0.000554623 0.000228516
-0.000554167 0.000234375

-0.000554167 0.000234375
-0.0005537 0.000240234

-0.0005537 0.000240234
-0.000553222 0.000246094

-0.000553222 0.000246094
-0.000552732 0.000251953

-0.000552732 0.000251953
-0.00055223 0.000257812

-0.000552231 0.000257812
-0.000551953 0.000260981

-0.000551953 0.000260984
-0.000551717 0.000263672

-0.000551717 0.000263672
-0.000551191 0.000269531

-0.000551191 0.000269531
-0.000550653 0.000275391

-0.000550653 0.000275391
-0.000550105 0.00028125

-0.000550105 0.00028125
-0.000549545 0.000287109

-0.000549545 0.000287109
-0.000548973 0.000292969

-0.000548972 0.000292969
-0.000548389 0.000298828

-0.000548389 0.000298828
-0.000547794 0.000304687

-0.000547794 0.000304687
-0.000547188 0.000310547

-0.000547188 0.000310547
-0.00054657 0.000316406

-0.000546571 0.000316406
-0.000546094 0.000320841

-0.000546094 0.000320843
-0.000545941 0.000322266

-0.00054594 0.000322266
-0.000545296 0.000328125

-0.000545295 0.000328125
-0.000544639 0.000333984

-0.000544639 0.000333984
-0.000543972 0.000339844

-0.000543973 0.000339844
-0.000543294 0.000345703

-0.000543294 0.000345703
-0.000542603 0.000351562

-0.000542603 0.000351562
-0.000541902 0.000357422

-0.000541902 0.000357422
-0.000541189 0.000363281

-0.00054119 0.000363281
-0.000540465 0.000369141

-0.000540466 0.000369141
-0.000540234 0.00037097

-0.000540234 0.000370975
-0.000539725 0.000375

-0.000539723 0.000375
-0.000538967 0.000380859

-0.000538968 0.000380859
-0.000538202 0.000386719

-0.000538202 0.000386719
-0.000537425 0.000392578

-0.000537425 0.000392578
-0.000536638 0.000398437

-0.000536638 0.000398437
-0.00053584 0.000404297

-0.000535841 0.000404297
-0.000535031 0.000410156

-0.000535032 0.000410156
-0.000534375 0.000414811

-0.000534375 0.000414814
-0.000534205 0.000416016

-0.000534203 0.000416016
-0.000533357 0.000421875

-0.000533356 0.000421875
-0.0005325 0.000427734

-0.0005325 0.000427734
-0.000531635 0.000433594

-0.000531635 0.000433594
-0.000530761 0.000439453

-0.000530762 0.000439453
-0.000529877 0.000445312

-0.000529879 0.000445312
-0.000528979 0.000451172

-0.00052898 0.000451172
-0.000528516 0.000454123

-0.000528516 0.00045413
-0.000528059 0.000457031

-0.000528053 0.000457031
-0.000527115 0.000462891

-0.000527115 0.000462891
-0.000526171 0.00046875

-0.000526171 0.00046875
-0.000525221 0.000474609

-0.000525222 0.000474609
-0.000524261 0.000480469

-0.000524263 0.000480469
-0.000523285 0.000486328

-0.000523287 0.000486328
-0.000522656 0.000490008

-0.000522656 0.000490014
-0.000522284 0.000492187

-0.000522276 0.000492187
-0.000521258 0.000498047

-0.000521258 0.000498047
-0.000520237 0.000503906

-0.000520239 0.000503906
-0.000519213 0.000509766

-0.000519216 0.000509766
-0.000518176 0.000515625

-0.000518178 0.000515625
-0.000517115 0.000521484

-0.000517113 0.000521484
-0.000516797 0.000523185

-0.000516797 0.00052319
-0.000516025 0.000527344

-0.000516017 0.000527344
-0.000514922 0.000533203

-0.000514926 0.000533203
-0.000513833 0.000539062

-0.000513836 0.000539062
-0.00051273 0.000544922

-0.000512732 0.000544922
-0.000511603 0.000550781

-0.000511602 0.000550781
-0.000510938 0.000554144

-0.000510937 0.000554148
-0.000510445 0.000556641

-0.000510434 0.000556641
-0.000509269 0.0005625

-0.000509273 0.0005625
-0.000508112 0.000568359

-0.000508116 0.000568359
-0.000506943 0.000574219

-0.000506945 0.000574219
-0.000505745 0.000580078

-0.000505744 0.000580078
-0.000505078 0.000583254

-0.000505078 0.000583257
-0.000504516 0.000585937

-0.000504505 0.000585937
-0.000503274 0.000591797

-0.000503281 0.000591797
-0.000502054 0.000597656

-0.000502059 0.000597656
-0.000500814 0.000603516

-0.000500815 0.000603516
-0.00049954 0.000609375

-0.000499536 0.000609375
-0.000499219 0.000610808

-0.000499219 0.000610804
-0.000498239 0.000615234

-0.000498232 0.000615234
-0.00049694 0.000621094

-0.00049695 0.000621094
-0.000495656 0.000626953

-0.000495659 0.000626953
-0.000494337 0.000632812

-0.000494335 0.000632812
-0.000493359 0.000637038

-0.000493359 0.00063704
-0.000492982 0.000638672

-0.00049297 0.000638672
-0.000491614 0.000644531

-0.000491623 0.000644531
-0.000490271 0.000650391

-0.000490276 0.000650391
-0.000488902 0.00065625

-0.000488903 0.00065625
-0.0004875 0.000662096

-0.000487485 0.000662109
-0.00048607 0.000667969

-0.000486073 0.000667969
-0.000484664 0.000673828

-0.000484672 0.000673828
-0.000483246 0.000679687

-0.000483246 0.000679687
-0.000481788 0.000685547

-0.000481781 0.000685547
-0.000481641 0.000686107

-0.000481641 0.00068609
-0.000480306 0.000691406

-0.000480307 0.000691406
-0.000478842 0.000697266

-0.000478852 0.000697266
-0.000477372 0.000703125

-0.000477372 0.000703125
-0.000475858 0.000708984

-0.000475852 0.000708984
-0.000475781 0.000709256

-0.000475781 0.000709234
-0.000474323 0.000714844

-0.000474328 0.000714844
-0.00047281 0.000720703

-0.000472819 0.000720703
-0.000471283 0.000726562

-0.000471282 0.000726562
-0.000469922 0.000731638

-0.000469922 0.00073164
-0.000469712 0.000732422

-0.000469697 0.000732422
-0.000468126 0.000738281

-0.000468138 0.000738281
-0.000466571 0.000744141

-0.000466574 0.000744141
-0.00046498 0.00075

-0.000464976 0.00075
-0.000464063 0.000753302

-0.000464062 0.000753297
-0.000463354 0.000755859

-0.000463342 0.000755859
-0.000461727 0.000761719

-0.000461744 0.000761719
-0.000460127 0.000767578

-0.000460126 0.000767578
-0.000458474 0.000773437

-0.000458467 0.000773437
-0.000458203 0.000774369

-0.000458203 0.00077435
-0.0004568 0.000779297

-0.000456804 0.000779297
-0.000455148 0.000785156

-0.000455157 0.000785156
-0.000453485 0.000791016

-0.000453482 0.000791016
-0.000452344 0.000794932

-0.000452344 0.000794929
-0.000451778 0.000796875

-0.000451764 0.000796875
-0.000450068 0.000802734

-0.000450086 0.000802734
-0.00044839 0.000808594

-0.000448389 0.000808594
-0.000446659 0.000814453

-0.000446652 0.000814453
-0.000446484 0.000815019

-0.000446484 0.000814995
-0.00044491 0.000820312

-0.000444918 0.000820312
-0.00044319 0.000826172

-0.000443196 0.000826172
-0.000441447 0.000832031

-0.000441443 0.000832031
-0.000440625 0.00083474

-0.000440625 0.000834729
-0.00043967 0.000837891

-0.000439663 0.000837891
-0.000437903 0.00084375

-0.000437918 0.00084375
-0.000436153 0.000849609

-0.000436151 0.000849609
-0.000434766 0.000854126

-0.000434766 0.000854123
-0.000434353 0.000855469

-0.000434335 0.000855469
-0.000432546 0.000861328

-0.000432566 0.000861328
-0.000430783 0.000867187

-0.000430782 0.000867187
-0.000428964 0.000873047

-0.000428957 0.000873047
-0.000428906 0.000873211

-0.000428906 0.000873177
-0.000427131 0.000878906

-0.000427146 0.000878906
-0.00042534 0.000884766

-0.000425342 0.000884766
-0.000423511 0.000890625

-0.000423505 0.000890625
-0.000423047 0.000892085

-0.000423047 0.000892064
-0.00042166 0.000896484

-0.000421665 0.000896484
-0.000419837 0.000902344

-0.000419845 0.000902344
-0.000418004 0.000908203

-0.000417999 0.000908203
-0.000417188 0.000910764

-0.000417187 0.000910748
-0.000416137 0.000914062

-0.000416132 0.000914062
-0.000414286 0.000919922

-0.0004143 0.000919922
-0.00041245 0.000925781

-0.000412447 0.000925781
-0.000411328 0.000929281

-0.000411328 0.00092927
-0.00041057 0.000931641

-0.000410558 0.000931641
-0.000408697 0.0009375

-0.000408716 0.0009375
-0.000406859 0.000943359

-0.000406858 0.000943359
-0.000405469 0.000947672

-0.000405469 0.000947665
-0.000404968 0.000949219

-0.00040495 0.000949219
-0.000403078 0.000955078

-0.0004031 0.000955078
-0.000401237 0.000960937

-0.000401237 0.000960937
-0.000399609 0.000965966

-0.000399609 0.000965963
-0.00039934 0.000966797

-0.000399317 0.000966797
-0.000397436 0.000972656

-0.000397459 0.000972656
-0.000395592 0.000978516

-0.000395592 0.000978516
-0.00039375 0.000984195

-0.00039375 0.000984196
-0.000393692 0.000984375

-0.000393668 0.000984375
-0.000391781 0.000990234

-0.000391803 0.000990234
-0.000389932 0.000996094

-0.000389933 0.000996094
-0.000388032 0.00100195

-0.000388023 0.00100195
-0.000387891 0.00100236

-0.000387891 0.00100232
-0.000386119 0.00100781

-0.000386138 0.00100781
-0.000384264 0.00101367

-0.000384267 0.00101367
-0.000382368 0.00101953

-0.00038236 0.00101953
-0.000382031 0.00102055

-0.000382031 0.00102051
-0.000380455 0.00102539

-0.000380469 0.00102539
-0.000378592 0.00103125

-0.000378598 0.00103125
-0.000376703 0.00103711

-0.000376696 0.00103711
-0.000376172 0.00103873

-0.000376172 0.0010387
-0.000374789 0.00104297

-0.000374798 0.00104297
-0.000372919 0.00104883

-0.000372928 0.00104883
-0.000371036 0.00105469

-0.00037103 0.00105469
-0.000370313 0.0010569

-0.000370312 0.00105687
-0.000369121 0.00106055

-0.000369125 0.00106055
-0.000367243 0.00106641

-0.000367256 0.00106641
-0.000365368 0.00107227

-0.000365362 0.00107227
-0.000364453 0.00107507

-0.000364453 0.00107504
-0.000363451 0.00107812

-0.000363448 0.00107812
-0.000361563 0.00108398

-0.00036158 0.00108398
-0.000359692 0.00108984

-0.000359688 0.00108984
-0.000358594 0.0010932

-0.000358594 0.00109318
-0.00035777 0.0010957

-0.000357761 0.0010957
-0.000355869 0.00110156

-0.00035589 0.00110156
-0.000353999 0.00110742

-0.000353996 0.00110742
-0.000352734 0.00111127

-0.000352734 0.00111125
-0.000352069 0.00111328

-0.000352054 0.00111328
-0.000350152 0.00111914

-0.000350176 0.00111914
-0.000348279 0.001125

-0.000348278 0.001125
-0.000346875 0.00112925

-0.000346875 0.00112923
-0.000346337 0.00113086

-0.000346317 0.00113086
-0.000344399 0.00113672

-0.000344428 0.00113672
-0.000342518 0.00114258

-0.000342517 0.00114258
-0.000341016 0.00114708

-0.000341016 0.00114707
-0.000340558 0.00114844

-0.000340534 0.00114844
-0.000338595 0.0011543

-0.000338626 0.0011543
-0.000336695 0.00116016

-0.000336695 0.00116016
-0.000335156 0.00116471

-0.000335156 0.00116469
-0.000334708 0.00116602

-0.000334683 0.00116602
-0.000332715 0.00117187

-0.000332747 0.00117187
-0.000330785 0.00117773

-0.000330784 0.00117773
-0.000329297 0.00118206

-0.000329297 0.00118204
-0.000328761 0.00118359

-0.000328739 0.00118359
-0.000326732 0.00118945

-0.000326765 0.00118945
-0.000324756 0.00119531

-0.000324753 0.00119531
-0.000323438 0.00119906

-0.000323437 0.00119902
-0.000322682 0.00120117

-0.000322671 0.00120117
-0.000320614 0.00120703

-0.000320642 0.00120703
-0.00031857 0.00121289

-0.000318566 0.00121289
-0.000317578 0.00121563

-0.000317578 0.00121557
-0.000316431 0.00121875

-0.000316437 0.00121875
-0.000314319 0.00122461

-0.000314342 0.00122461
-0.000312181 0.00123047

-0.000312174 0.00123047
-0.000311719 0.00123169

-0.000311719 0.00123161
-0.000309954 0.00123633

-0.000309982 0.00123633
-0.000307781 0.00124219

-0.000307792 0.00124219
-0.000305859 0.00124716

-0.000305859 0.00124715
-0.00030551 0.00124805

-0.000305474 0.00124805
-0.000303181 0.00125391

-0.000303222 0.00125391
-0.000300909 0.00125977

-0.000300914 0.00125977
-0.0003 0.00126201

-0.0003 0.00126193
-0.000298497 0.00126562

-0.000298512 0.00126563
-0.00029609 0.00127148

-0.000296109 0.00127148
-0.000294141 0.0012761

-0.000294141 0.00127608
-0.000293601 0.00127734

-0.000293575 0.00127734
-0.000291032 0.0012832

-0.000291077 0.0012832
-0.000288466 0.00128906

-0.00028846 0.00128906
-0.000288281 0.00128945

-0.000288281 0.00128935
-0.000285743 0.00129492

-0.000285797 0.00129492
-0.000283073 0.00130078

-0.000283075 0.00130078
-0.000282422 0.00130214

-0.000282422 0.00130205
-0.000280212 0.00130664

-0.000280253 0.00130664
-0.000277344 0.0013125

-0.000277351 0.0013125
-0.000276563 0.00131403

-0.000276562 0.00131395
-0.000274296 0.00131836

-0.000274338 0.00131836
-0.000271211 0.00132422

-0.000271207 0.00132422
-0.000270703 0.00132514

-0.000270703 0.00132505
-0.000267939 0.00133008

-0.000267993 0.00133008
-0.000264844 0.00133561

-0.000264844 0.00133561
-0.000264657 0.00133594

-0.00026462 0.00133594
-0.000261162 0.0013418

-0.000261224 0.0013418
-0.000258984 0.00134545

-0.000258984 0.00134538
-0.000257588 0.00134766

-0.000257598 0.00134766
-0.000253822 0.00135352

-0.000253819 0.00135352
-0.000253125 0.00135459

-0.000253125 0.00135455
-0.000249897 0.00135937

-0.000249946 0.00135937
-0.000247266 0.00136321

-0.000247266 0.00136312
-0.000245796 0.00136523

-0.000245827 0.00136523
-0.000241504 0.00137109

-0.000241508 0.00137109
-0.000241406 0.00137123

-0.000241406 0.00137121
-0.000236968 0.00137695

-0.000236983 0.00137695
-0.000235547 0.00137877

-0.000235547 0.00137872
-0.000232235 0.00138281

-0.000232224 0.00138281
-0.000229687 0.00138586

-0.000229687 0.0013858
-0.000227248 0.00138867

-0.000227221 0.00138867
-0.000223828 0.00139251

-0.000223828 0.00139249
-0.000221959 0.00139453

-0.000221932 0.00139453
-0.000217969 0.00139873

-0.000217969 0.00139873
-0.000216343 0.00140039

-0.000216333 0.00140039
-0.000212109 0.00140456

-0.000212109 0.00140457
-0.000210355 0.00140625

-0.000210366 0.00140625
-0.00020625 0.00141004

-0.00020625 0.00141008
-0.000203974 0.00141211

-0.00020397 0.00141211
-0.000200391 0.00141519

-0.000200391 0.00141528
-0.000197126 0.00141797

-0.000197097 0.00141797
-0.000194531 0.00142004

-0.000194531 0.0014201
-0.000189736 0.00142383

-0.000189732 0.00142383
-0.000188672 0.00142463

-0.000188672 0.00142465
-0.000182812 0.00142891

-0.000182813 0.00142895
-0.000181729 0.00142969

-0.000181643 0.00142969
-0.000176953 0.0014329

-0.000176953 0.00143294
-0.000172911 0.00143555

-0.000172864 0.00143555
-0.000171094 0.00143668

-0.000171094 0.0014367
-0.000165234 0.00144023

-0.000165234 0.00144026
-0.000163222 0.00144141

-0.000163118 0.00144141
-0.000159375 0.00144353

-0.000159375 0.00144356
-0.000153516 0.00144668

-0.000153516 0.0014467
-0.000152381 0.00144727

-0.000152298 0.00144727
-0.000147656 0.00144958

-0.000147656 0.0014496
-0.000141797 0.00145233

-0.000141797 0.00145235
-0.00014001 0.00145312

-0.000139937 0.00145312
-0.000135937 0.00145486

-0.000135938 0.00145487
-0.000130078 0.00145726

-0.000130078 0.00145727
-0.000125567 0.00145898

-0.000125559 0.00145898
-0.000124219 0.00145949

-0.000124219 0.00145948
-0.000118359 0.00146154

-0.000118359 0.00146155
-0.0001125 0.00146347

-0.0001125 0.00146348
-0.000107972 0.00146484

-0.000107968 0.00146484
-0.000106641 0.00146524

-0.000106641 0.00146523
-0.000100781 0.00146686

-0.000100781 0.00146686
-9.49219e-05 0.00146836

-9.49219e-05 0.00146836
-8.90625e-05 0.00146973

-8.90625e-05 0.00146973
-8.44671e-05 0.0014707

-8.44643e-05 0.0014707
-8.32031e-05 0.00147097

-8.32031e-05 0.00147096
-7.73438e-05 0.00147208

-7.73438e-05 0.00147208
-7.14844e-05 0.00147309

-7.14844e-05 0.00147309
-6.5625e-05 0.00147399

-6.5625e-05 0.00147399
-5.97656e-05 0.00147478

-5.97656e-05 0.00147478
-5.39063e-05 0.00147546

-5.39063e-05 0.00147546
-4.80469e-05 0.00147604

-4.80469e-05 0.00147604
-4.21875e-05 0.00147652

-4.21875e-05 0.00147652
-4.14707e-05 0.00147656

-4.14491e-05 0.00147656
-3.63281e-05 0.00147689

-3.63281e-05 0.00147689
-3.04688e-05 0.00147717

-3.04688e-05 0.00147717
-2.46094e-05 0.00147736

-2.46094e-05 0.00147736
-1.875e-05 0.00147745

-1.875e-05 0.00147745
-1.28906e-05 0.00147745

-1.28906e-05 0.00147745
-7.03125e-06 0.00147737

-7.03125e-06 0.00147737
-1.17187e-06 0.00147719

-1.17187e-06 0.00147719
4.6875e-06 0.00147693

1.64062e-05 0.00147616
1.09167e-05 0.00147656

1.64063e-05 0.00147616
2.22656e-05 0.00147565

2.22656e-05 0.00147565
2.8125e-05 0.00147506

4.6875e-06 0.00147693
1.05469e-05 0.00147659

1.05469e-05 0.00147659
1.09199e-05 0.00147656

2.8125e-05 0.00147506
3.39844e-05 0.00147438

3.39844e-05 0.00147438
3.98437e-05 0.00147362

3.98438e-05 0.00147362
4.57031e-05 0.00147279

4.57031e-05 0.00147279
5.15625e-05 0.00147188

5.15625e-05 0.00147188
5.74219e-05 0.00147089

6.32812e-05 0.00146982
5.84314e-05 0.0014707

5.74219e-05 0.00147089
5.84371e-05 0.0014707

6.32813e-05 0.00146982
6.91406e-05 0.00146867

6.91406e-05 0.00146867
7.5e-05 0.00146746

8.67187e-05 0.00146479
8.64814e-05 0.00146484

7.5e-05 0.00146746
8.08594e-05 0.00146616

8.08594e-05 0.00146616
8.65269e-05 0.00146484

8.67188e-05 0.0014648
9.25781e-05 0.00146336

9.25781e-05 0.00146336
9.84375e-05 0.00146184

9.84375e-05 0.00146184
0.000104297 0.00146026

0.000110156 0.0014586
0.000108789 0.00145898

0.000104297 0.00146026
0.000108824 0.00145898

0.000110156 0.00145861
0.000116016 0.00145688

0.000116016 0.00145688
0.000121875 0.00145508

0.000133594 0.00145128
0.00012801 0.00145312

0.000133594 0.00145128
0.000139453 0.00144928

0.000145312 0.0014472
0.000145115 0.00144727

0.000139453 0.00144928
0.000145157 0.00144727

0.000145312 0.00144721
0.000151172 0.00144507

0.000151172 0.00144507
0.000157031 0.00144287

0.000162891 0.0014406
0.000160804 0.00144141

0.000162891 0.0014406
0.00016875 0.00143827

0.000157031 0.00144288
0.00016083 0.00144141

0.000121875 0.00145508
0.000127734 0.00145322

0.000127734 0.00145322
0.000128013 0.00145312

0.000239062 0.00140555
0.000237707 0.00140625

0.000239062 0.00140556
0.000244922 0.00140246

0.000250781 0.00139931
0.000248766 0.00140039

0.000244922 0.00140246
0.000248784 0.00140039

0.0002625 0.00139287
0.000259498 0.00139453

0.000250781 0.00139931
0.000256641 0.00139612

0.000256641 0.00139612
0.00025951 0.00139453

0.000192187 0.00142831
0.000189071 0.00142969

0.00016875 0.00143827
0.000174609 0.00143588

0.000180469 0.00143342
0.000175399 0.00143555

0.000174609 0.00143588
0.000175405 0.00143555

0.000180469 0.00143342
0.000186328 0.0014309

0.000186328 0.0014309
0.000189088 0.00142969

0.000192187 0.00142832
0.000198047 0.00142568

0.000203906 0.00142297
0.000202036 0.00142383

0.000198047 0.00142568
0.00020206 0.00142383

0.000215625 0.00141738
0.000214407 0.00141797

0.000203906 0.00142297
0.000209766 0.00142021

0.000209766 0.00142021
0.000214435 0.00141797

0.000215625 0.00141739
0.000221484 0.00141452

0.000227344 0.00141157
0.000226274 0.00141211

0.000221484 0.00141452
0.000226301 0.00141211

0.000227344 0.00141158
0.000233203 0.0014086

0.000233203 0.0014086
0.000237731 0.00140625

0.000391406 0.00131154
0.000389969 0.0013125

0.000391406 0.00131153
0.000397266 0.00130753

0.000403125 0.00130351
0.000398558 0.00130664

0.000397266 0.00130752
0.000398577 0.00130664

0.000426562 0.00128729
0.000424007 0.00128906

0.000408984 0.00129948
0.000407066 0.00130078

0.000408984 0.00129947
0.000414844 0.00129542

0.000403125 0.00130351
0.000407081 0.00130078

0.000420703 0.00129136
0.000415567 0.00129492

0.000414844 0.00129542
0.000415576 0.00129492

0.000420703 0.00129136
0.000424016 0.00128906

0.000426562 0.00128729
0.000432422 0.00128321

0.000438281 0.00127912
0.000432433 0.0012832

0.000432422 0.00128321
0.000432434 0.0012832

0.000444141 0.00127502
0.000440819 0.00127734

0.00045 0.00127092
0.000449174 0.00127148

0.000444141 0.00127502
0.000449186 0.00127148

0.000438281 0.00127912
0.000440829 0.00127734

0.000285937 0.00137941
0.000280129 0.00138281

0.0002625 0.00139287
0.000268359 0.00138957

0.000274219 0.00138623
0.000269942 0.00138867

0.000268359 0.00138958
0.000269948 0.00138867

0.000274219 0.00138623
0.000280078 0.00138284

0.000280078 0.00138284
0.000280128 0.00138281

0.000291797 0.00137592
0.000290061 0.00137695

0.000285937 0.00137941
0.000290074 0.00137695

0.000291797 0.00137593
0.000297656 0.00137241

0.000303516 0.00136884
0.000299816 0.00137109

0.000303516 0.00136884
0.000309375 0.00136524

0.000297656 0.00137241
0.000299823 0.00137109

0.000321094 0.00135792
0.00031878 0.00135937

0.000321094 0.00135793
0.000326953 0.00135422

0.000332812 0.00135047
0.000328049 0.00135352

0.000326953 0.00135421
0.00032806 0.00135352

0.00035625 0.00133519
0.00035509 0.00133594

0.000338672 0.00134669
0.000337162 0.00134766

0.000338672 0.00134669
0.000344531 0.00134288

0.000332812 0.00135047
0.000337176 0.00134766

0.000350391 0.00133905
0.000346193 0.0013418

0.000344531 0.00134288
0.000346204 0.0013418

0.000350391 0.00133905
0.000355108 0.00133594

0.000315234 0.0013616
0.000309391 0.00136523

0.000309375 0.00136524
0.000309389 0.00136523

0.000315234 0.0013616
0.000318788 0.00135937

0.00035625 0.00133518
0.000362109 0.0013313

0.000367969 0.00132738
0.000363935 0.00133008

0.000362109 0.00133129
0.000363946 0.00133008

0.000373828 0.00132346
0.000372666 0.00132422

0.000373828 0.00132345
0.000379687 0.0013195

0.000367969 0.00132738
0.000372684 0.00132422

0.000385547 0.00131552
0.000381366 0.00131836

0.000379687 0.00131949
0.000381381 0.00131836

0.000385547 0.00131552
0.000389987 0.0013125

0.000994692 0
0.000994694 5.85937e-06

0.000994694 5.85938e-06
0.000994702 1.17187e-05

0.000994702 1.17187e-05
0.000994714 1.75781e-05

0.000994714 1.75781e-05
0.000994732 2.34375e-05

0.000994732 2.34375e-05
0.000994754 2.92969e-05

0.000994754 2.92969e-05
0.000994781 3.51562e-05

0.000994781 3.51562e-05
0.000994812 4.10156e-05

0.000994812 4.10156e-05
0.000994849 4.6875e-05

0.000994849 4.6875e-05
0.00099489 5.27344e-05

0.00099489 5.27344e-05
0.000994922 5.67284e-05

0.000994922 5.67308e-05
0.000994937 5.85937e-05

0.000994936 5.85937e-05
0.000994987 6.44531e-05

0.000994987 6.44531e-05
0.000995043 7.03125e-05

0.000995043 7.03125e-05
0.000995105 7.61719e-05

0.000995105 7.61719e-05
0.000995171 8.20312e-05

0.000995171 8.20312e-05
0.000995243 8.78906e-05

0.000995243 8.78906e-05
0.00099532 9.375e-05

0.00099532 9.375e-05
0.000995402 9.96094e-05

0.000995402 9.96094e-05
0.000995491 0.000105469

0.000995491 0.000105469
0.000995585 0.000111328

0.000995585 0.000111328
0.000995685 0.000117187

0.000995685 0.000117187
0.000995791 0.000123047

0.000995791 0.000123047
0.000995904 0.000128906

0.000995904 0.000128906
0.000996023 0.000134766

0.000996023 0.000134766
0.000996148 0.000140625

0.000996148 0.000140625
0.00099628 0.000146484

0.00099628 0.000146484
0.000996418 0.000152344

0.000996418 0.000152344
0.000996562 0.000158203

0.000996562 0.000158203
0.000996712 0.000164062

0.000996712 0.000164062
0.000996868 0.000169922

0.000996868 0.000169922
0.000997028 0.000175781

0.000997028 0.000175781
0.000997194 0.000181641

0.000997194 0.000181641
0.000997363 0.0001875

0.000997364 0.0001875
0.000997537 0.000193359

0.000997537 0.000193359
0.000997714 0.000199219

0.000997714 0.000199219
0.000997893 0.000205078

0.000997893 0.000205078
0.000998075 0.000210937

0.000998075 0.000210937
0.000998258 0.000216797

0.000998259 0.000216797
0.000998444 0.000222656

0.000998444 0.000222656
0.000998631 0.000228516

0.000998631 0.000228516
0.00099882 0.000234375

0.00099882 0.000234375
0.000999011 0.000240234

0.000999011 0.000240234
0.000999203 0.000246094

0.000999203 0.000246094
0.000999398 0.000251953

0.000999398 0.000251953
0.000999594 0.000257812

0.000999594 0.000257812
0.000999793 0.000263672

0.000999793 0.000263672
0.000999994 0.000269531

0.000999994 0.000269531
0.0010002 0.000275391

0.0010002 0.000275391
0.0010004 0.00028125

0.0010004 0.00028125
0.00100061 0.000287109

0.00100061 0.000287109
0.00100078 0.000292308

0.00100078 0.00029246
0.0010008 0.000292969

0.0010008 0.000292969
0.00100097 0.000298828

0.00100097 0.000298828
0.00100116 0.000304687

0.00100116 0.000304687
0.00100136 0.000310547

0.00100136 0.000310547
0.00100156 0.000316406

0.00100156 0.000316406
0.00100176 0.000322266

0.00100176 0.000322266
0.00100196 0.000328125

0.00100196 0.000328125
0.00100216 0.000333984

0.00100216 0.000333984
0.00100234 0.000339844

0.00100234 0.000339844
0.00100253 0.000345703

0.00100253 0.000345703
0.0010027 0.000351562

0.0010027 0.000351562
0.00100287 0.000357422

0.00100287 0.000357422
0.00100304 0.000363281

0.00100304 0.000363281
0.00100319 0.000369141

0.00100319 0.000369141
0.00100335 0.000375

0.00100335 0.000375
0.0010035 0.000380859

0.0010035 0.000380859
0.00100364 0.000386719

0.00100364 0.000386719
0.00100378 0.000392578

0.00100378 0.000392578
0.00100392 0.000398437

0.00100392 0.000398437
0.00100405 0.000404297

0.00100405 0.000404297
0.00100418 0.000410156

0.00100418 0.000410156
0.00100431 0.000416016

0.00100431 0.000416016
0.00100442 0.000421875

0.00100442 0.000421875
0.00100453 0.000427734

0.00100453 0.000427734
0.00100462 0.000433594

0.00100462 0.000433594
0.00100469 0.000439453

0.00100469 0.000439453
0.00100475 0.000445312

0.00100475 0.000445312
0.00100479 0.000451172

0.00100479 0.000451172
0.00100481 0.000457031

0.00100481 0.000457031
0.00100481 0.000462891

0.00100481 0.000462891
0.0010048 0.00046875

0.0010048 0.00046875
0.00100478 0.000474609

0.00100478 0.000474609
0.00100473 0.000480469

0.00100473 0.000480469
0.00100468 0.000486328

0.00100468 0.000486328
0.0010046 0.000492187

0.0010046 0.000492187
0.00100451 0.000498047

0.00100451 0.000498047
0.0010044 0.000503906

0.0010044 0.000503906
0.00100427 0.000509766

0.00100427 0.000509766
0.00100413 0.000515625

0.00100413 0.000515625
0.00100396 0.000521484

0.00100396 0.000521484
0.00100378 0.000527344

0.00100378 0.000527344
0.00100357 0.000533203

0.00100357 0.000533203
0.00100333 0.000539062

0.00100334 0.000539062
0.00100307 0.000544922

0.00100307 0.000544922
0.00100278 0.000550781

0.00100278 0.000550781
0.00100246 0.000556641

0.00100246 0.000556641
0.0010021 0.0005625

0.00100078 0.000579964
0.00100077 0.000580078

0.00100075 0.000580078
0.00100025 0.000585937

0.0010021 0.0005625
0.0010017 0.000568359

0.0010017 0.000568359
0.00100126 0.000574219

0.00100078 0.000579962
0.00100126 0.000574219

0.00100027 0.000585937
0.000999772 0.000591797

0.000999772 0.000591797
0.000999223 0.000597656

0.000999222 0.000597656
0.000998628 0.000603516

0.000998629 0.000603516
0.000997993 0.000609375

0.000997994 0.000609375
0.000997312 0.000615234

0.000997314 0.000615234
0.000996581 0.000621094

0.000996581 0.000621094
0.000995792 0.000626953

0.000995794 0.000626953
0.000994944 0.000632812

0.000994918 0.000632812
0.000994054 0.000638672

0.000994078 0.000638672
0.000993204 0.000644531

0.000994922 0.000632971
0.000994945 0.000632812

0.000993206 0.000644531
0.000992272 0.000650391

0.000992273 0.000650391
0.000991275 0.00065625

0.000989043 0.000667969
0.000987885 0.000673828

0.000987915 0.000673828
0.000986737 0.000679687

0.000986738 0.000679687
0.000985476 0.000685547

0.000985473 0.000685547
0.000984131 0.000691406

0.000983203 0.000695166
0.000982697 0.000697266

0.0009827 0.000697266
0.000981255 0.000703125

0.000983203 0.000695285
0.000984138 0.000691406

0.000991276 0.00065625
0.00099021 0.000662109

0.000990213 0.000662109
0.000989073 0.000667969

0.000989062 0.000668029
0.000989074 0.000667969

0.000977344 0.000717653
0.000976473 0.000720703

0.000976488 0.000720703
0.000974777 0.000726562

0.000981282 0.000703125
0.000979783 0.000708984

0.000979779 0.000708984
0.000978179 0.000714844

0.000977344 0.000717814
0.000978192 0.000714844

0.000971484 0.000737098
0.000971103 0.000738281

0.0009748 0.000726562
0.000973018 0.000732422

0.000971484 0.000737176
0.000973018 0.000732422

0.000971097 0.000738281
0.000969159 0.000744141

0.000969193 0.000744141
0.000967194 0.00075

0.000655078 0.00112173
0.000650829 0.001125

0.000660937 0.00111722
0.000658402 0.00111914

0.000655078 0.00112173
0.000658437 0.00111914

0.000684375 0.00109878
0.000680858 0.00110156

0.000666797 0.00111264
0.00066597 0.00111328

0.000666797 0.00111264
0.000672656 0.00110805

0.000660938 0.0011172
0.000665968 0.00111328

0.000678516 0.00110343
0.000673448 0.00110742

0.000672656 0.00110804
0.000673453 0.00110742

0.000678516 0.00110341
0.00068089 0.00110156

0.000713672 0.00107502
0.000709885 0.00107812

0.000719531 0.00107016
0.000716966 0.00107227

0.000713672 0.00107499
0.000716994 0.00107227

0.000725391 0.00106523
0.000723989 0.00106641

0.00073125 0.00106027
0.000730919 0.00106055

0.000725391 0.00106522
0.000730908 0.00106055

0.000719531 0.00107014
0.00072398 0.00106641

0.000696094 0.00108939
0.000695528 0.00108984

0.000690234 0.00109411
0.000688219 0.0010957

0.000684375 0.00109877
0.000688227 0.0010957

0.000690234 0.0010941
0.000695519 0.00108984

0.000696094 0.00108938
0.000701953 0.00108463

0.000707812 0.00107984
0.000702741 0.00108398

0.000701953 0.00108463
0.000702745 0.00108398

0.000707812 0.00107983
0.000709907 0.00107812

0.000766406 0.00102937
0.000764318 0.00103125

0.000778125 0.00101857
0.000777091 0.00101953

0.000772266 0.001024
0.000770749 0.00102539

0.000766406 0.00102934
0.000770761 0.00102539

0.000772266 0.00102399
0.000777096 0.00101953

0.000813281 0.00098435
0.000813257 0.000984375

0.000825 0.000972192
0.00082456 0.000972656

0.000819141 0.000978324
0.000818955 0.000978516

0.000813281 0.000984353
0.000818964 0.000978516

0.000819141 0.000978332
0.000824574 0.000972656

0.000789844 0.00100749
0.000789506 0.00100781

0.000795703 0.00100183
0.000795581 0.00100195

0.000789844 0.0010075
0.000795586 0.00100195

0.000795703 0.00100184
0.000801563 0.000996101

0.000783984 0.00101307
0.000783343 0.00101367

0.000778125 0.00101857
0.000783346 0.00101367

0.000783984 0.00101307
0.000789511 0.00100781

0.000807422 0.000990274
0.000801571 0.000996094

0.00081326 0.000984375
0.000807462 0.000990234

0.000807422 0.000990274
0.000807462 0.000990234

0.000801562 0.000996102
0.000801571 0.000996094

0.000742969 0.00105018
0.000737751 0.00105469

0.000754688 0.00103991
0.000751176 0.00104297

0.000748828 0.00104506
0.000744507 0.00104883

0.000742969 0.00105017
0.000744518 0.00104883

0.000748828 0.00104504
0.000751202 0.00104297

0.00073125 0.00106026
0.000737109 0.00105524

0.000737109 0.00105524
0.000737753 0.00105469

0.000760547 0.00103467
0.000757794 0.00103711

0.000754687 0.00103986
0.000757811 0.00103711

0.000760547 0.00103462
0.00076434 0.00103125

0.000526172 0.00121689
0.000523557 0.00121875

0.000532031 0.00121268
0.000531736 0.00121289

0.000526172 0.00121689
0.000531748 0.00121289

0.00054375 0.00120426
0.000539898 0.00120703

0.000532031 0.00121269
0.000537891 0.00120848

0.000537891 0.00120847
0.000539925 0.00120703

0.000461719 0.00126267
0.000457523 0.00126562

0.000467578 0.00125855
0.000465821 0.00125977

0.000461719 0.00126268
0.000465847 0.00125977

0.000467578 0.00125854
0.000473437 0.00125441

0.000491016 0.00124195
0.000490679 0.00124219

0.000491016 0.00124195
0.000496875 0.00123779

0.000479297 0.00125026
0.00047414 0.00125391

0.000485156 0.00124611
0.000482414 0.00124805

0.000479297 0.00125026
0.00048243 0.00124805

0.000473438 0.0012544
0.000474148 0.00125391

0.000485156 0.00124611
0.000490689 0.00124219

0.00045 0.00127091
0.000455859 0.0012668

0.000455859 0.00126678
0.000457545 0.00126563

0.000508594 0.00122946
0.000507141 0.00123047

0.000502734 0.00123362
0.00049893 0.00123633

0.000496875 0.00123778
0.000498953 0.00123633

0.000502734 0.00123363
0.000507168 0.00123047

0.000508594 0.00122945
0.000514453 0.00122527

0.000520312 0.00122108
0.000515372 0.00122461

0.000514453 0.00122526
0.000515383 0.00122461

0.000520313 0.00122109
0.00052358 0.00121875

0.000590625 0.00117018
0.000588281 0.00117187

0.000561328 0.00119156
0.00055614 0.00119531

0.000567187 0.0011873
0.000564218 0.00118945

0.000561328 0.00119156
0.000564243 0.00118945

0.000549609 0.00120004
0.000548011 0.00120117

0.00054375 0.00120427
0.000548041 0.00120117

0.000549609 0.00120004
0.000555469 0.0011958

0.000555469 0.0011958
0.000556148 0.00119531

0.000573047 0.00118304
0.000572271 0.00118359

0.000573047 0.00118304
0.000578906 0.00117876

0.000567188 0.00118731
0.000572287 0.00118359

0.000584766 0.00117447
0.000580307 0.00117773

0.000578906 0.00117875
0.000580326 0.00117773

0.000584766 0.00117448
0.000588313 0.00117187

0.000596484 0.00116585
0.000596258 0.00116602

0.000590625 0.00117017
0.000596268 0.00116602

0.000596484 0.00116585
0.000602344 0.00116152

0.000608203 0.00115718
0.000604187 0.00116016

0.000614062 0.00115283
0.000612051 0.0011543

0.000608203 0.00115718
0.000612081 0.0011543

0.000602344 0.00116151
0.000604214 0.00116016

0.000619922 0.00114844
0.000625781 0.00114404

0.0006375 0.0011352
0.000635454 0.00113672

0.000631641 0.00113962
0.000627718 0.00114258

0.000625781 0.00114403
0.000627745 0.00114258

0.000631641 0.00113962
0.000635478 0.00113672

0.000614063 0.00115282
0.000619922 0.00114844

0.000643359 0.00113072
0.00064318 0.00113086

0.0006375 0.00113519
0.000643181 0.00113086

0.000643359 0.00113072
0.000649219 0.00112624

0.000649219 0.00112623
0.000650845 0.001125

0.000860156 0.000932789
0.000856193 0.0009375

0.000866016 0.00092571
0.000865958 0.000925781

0.000871875 0.000918375
0.000870657 0.000919922

0.000866016 0.000925715
0.0008707 0.000919922

0.000865962 0.000925781
0.000861129 0.000931641

0.000860156 0.000932844
0.000861156 0.000931641

0.000895312 0.000887228
0.000892899 0.000890625

0.00091875 0.00085174
0.000916469 0.000855469

0.000912891 0.000861223
0.000912826 0.000861328

0.000912819 0.000861328
0.000909039 0.000867187

0.000912891 0.000861231
0.000916522 0.000855469

0.000907031 0.000870117
0.000905093 0.000873047

0.000905168 0.000873047
0.000901185 0.000878906

0.000901172 0.000878921
0.000897115 0.000884766

0.000895312 0.000887439
0.000897195 0.000884766

0.000901172 0.000878928
0.000901187 0.000878906

0.000907031 0.000870359
0.00090913 0.000867187

0.000877734 0.000910912
0.00087531 0.000914062

0.000883594 0.00090331
0.000879879 0.000908203

0.000877734 0.000911071
0.00087992 0.000908203

0.000889453 0.000895377
0.000888659 0.000896484

0.000888693 0.000896484
0.000884337 0.000902344

0.000889453 0.000895449
0.000892964 0.000890625

0.000883594 0.000903384
0.000884367 0.000902344

0.000871875 0.000918462
0.000875361 0.000914062

0.000965625 0.000754237
0.000965039 0.000755859

0.000965047 0.000755859
0.000962878 0.000761719

0.000959766 0.000769701
0.000958271 0.000773437

0.000962911 0.000761719
0.000960668 0.000767578

0.000959766 0.000769921
0.000960702 0.000767578

0.000953906 0.000783939
0.000953386 0.000785156

0.000953382 0.000785156
0.000950804 0.000791016

0.000950842 0.000791016
0.000948175 0.000796875

0.000958306 0.000773437
0.0009559 0.000779297

0.000953906 0.000784018
0.000955925 0.000779297

0.000942187 0.000809302
0.000939612 0.000814453

0.00093966 0.000814453
0.000936641 0.000820312

0.000930469 0.000831729
0.000930304 0.000832031

0.000924609 0.000841916
0.000923547 0.00084375

0.000930283 0.000832031
0.000926978 0.000837891

0.000924609 0.000842086
0.000927039 0.000837891

0.000936328 0.000820821
0.000933484 0.000826172

0.000930469 0.000831757
0.000933527 0.000826172

0.000936328 0.000820943
0.000936663 0.000820312

0.000948047 0.000797056
0.000945382 0.000802734

0.000945428 0.000802734
0.000942592 0.000808594

0.000948047 0.000797162
0.000948182 0.000796875

0.000942187 0.000809453
0.000942617 0.000808594

0.000965625 0.000754355
0.000967197 0.00075

0.000923595 0.00084375
0.000920095 0.000849609

0.00091875 0.000851964
0.000920191 0.000849609

0.000836719 0.000959581
0.000835483 0.000960937

0.000848438 0.000946446
0.000846028 0.000949219

0.000842578 0.000953081
0.000840799 0.000955078

0.000836719 0.00095962
0.00084082 0.000955078

0.000842578 0.000953155
0.000846039 0.000949219

0.000830859 0.000965947
0.000830069 0.000966797

0.000825 0.000972205
0.000830088 0.000966797

0.000830859 0.000965969
0.000835504 0.000960937

0.000854297 0.000939677
0.00085117 0.000943359

0.000848437 0.000946544
0.000851178 0.000943359

0.000854297 0.000939774
0.00085622 0.0009375

