0.000378054 0
0.000378056 5.85937e-06

0.000378056 5.85938e-06
0.00037806 1.17187e-05

0.00037806 1.17187e-05
0.000378067 1.75781e-05

0.000378067 1.75781e-05
0.000378078 2.34375e-05

0.000378078 2.34375e-05
0.000378091 2.92969e-05

0.000378091 2.92969e-05
0.000378107 3.51562e-05

0.000378107 3.51562e-05
0.000378126 4.10156e-05

0.000378126 4.10156e-05
0.000378148 4.6875e-05

0.000378148 4.6875e-05
0.000378173 5.27344e-05

0.000378173 5.27344e-05
0.0003782 5.85937e-05

0.0003782 5.85937e-05
0.00037823 6.44531e-05

0.00037823 6.44531e-05
0.000378264 7.03125e-05

0.000378264 7.03125e-05
0.000378299 7.61719e-05

0.000378299 7.61719e-05
0.000378338 8.20312e-05

0.000378338 8.20312e-05
0.000378379 8.78906e-05

0.000378379 8.78906e-05
0.000378423 9.375e-05

0.000378423 9.375e-05
0.000378469 9.96094e-05

0.000378469 9.96094e-05
0.000378518 0.000105469

0.000378518 0.000105469
0.00037857 0.000111328

0.00037857 0.000111328
0.000378624 0.000117187

0.000378624 0.000117187
0.000378681 0.000123047

0.000378681 0.000123047
0.00037874 0.000128906

0.00037874 0.000128906
0.000378801 0.000134766

0.000378801 0.000134766
0.000378866 0.000140625

0.000378866 0.000140625
0.000378932 0.000146484

0.000378932 0.000146484
0.000379001 0.000152344

0.000379001 0.000152344
0.000379073 0.000158203

0.000379073 0.000158203
0.000379147 0.000164062

0.000379147 0.000164062
0.000379223 0.000169922

0.000379223 0.000169922
0.000379301 0.000175781

0.000379301 0.000175781
0.000379382 0.000181641

0.000379382 0.000181641
0.000379465 0.0001875

0.000379465 0.0001875
0.00037955 0.000193359

0.00037955 0.000193359
0.000379637 0.000199219

0.000379637 0.000199219
0.000379687 0.000202535

0.000379687 0.000202534
0.000379726 0.000205078

0.000379726 0.000205078
0.000379817 0.000210937

0.000379817 0.000210937
0.000379911 0.000216797

0.000379911 0.000216797
0.000380006 0.000222656

0.000380006 0.000222656
0.000380103 0.000228516

0.000380103 0.000228516
0.000380202 0.000234375

0.000380202 0.000234375
0.000380302 0.000240234

0.000380302 0.000240234
0.000380404 0.000246094

0.000380404 0.000246094
0.000380508 0.000251953

0.000380508 0.000251953
0.000380614 0.000257812

0.000380614 0.000257812
0.000380721 0.000263672

0.000380721 0.000263672
0.000380829 0.000269531

0.000380829 0.000269531
0.000380939 0.000275391

0.000380939 0.000275391
0.00038105 0.00028125

0.00038105 0.00028125
0.000381163 0.000287109

0.000381163 0.000287109
0.000381276 0.000292969

0.000381276 0.000292969
0.000381391 0.000298828

0.000381391 0.000298828
0.000381507 0.000304687

0.000381507 0.000304687
0.000381623 0.000310547

0.000381623 0.000310547
0.000381741 0.000316406

0.000381741 0.000316406
0.00038186 0.000322266

0.00038186 0.000322266
0.000381979 0.000328125

0.000381979 0.000328125
0.000382099 0.000333984

0.000382099 0.000333984
0.000382219 0.000339844

0.000382219 0.000339844
0.00038234 0.000345703

0.00038234 0.000345703
0.000382462 0.000351562

0.000382462 0.000351562
0.000382583 0.000357422

0.000382583 0.000357422
0.000382705 0.000363281

0.000382705 0.000363281
0.000382827 0.000369141

0.000382827 0.000369141
0.00038295 0.000375

0.00038295 0.000375
0.000383072 0.000380859

0.000383072 0.000380859
0.000383194 0.000386719

0.000383194 0.000386719
0.000383316 0.000392578

0.000383316 0.000392578
0.000383438 0.000398437

0.000383438 0.000398437
0.000383559 0.000404297

0.000383559 0.000404297
0.000383679 0.000410156

0.000383679 0.000410156
0.000383799 0.000416016

0.000383799 0.000416016
0.000383919 0.000421875

0.000383919 0.000421875
0.000384037 0.000427734

0.000384037 0.000427734
0.000384154 0.000433594

0.000384154 0.000433594
0.000384271 0.000439453

0.000384271 0.000439453
0.000384386 0.000445312

0.000384386 0.000445312
0.0003845 0.000451172

0.0003845 0.000451172
0.000384612 0.000457031

0.000384612 0.000457031
0.000384723 0.000462891

0.000384723 0.000462891
0.000384832 0.00046875

0.000384832 0.00046875
0.000384939 0.000474609

0.000384939 0.000474609
0.000385044 0.000480469

0.000385044 0.000480469
0.000385147 0.000486328

0.000385147 0.000486328
0.000385248 0.000492187

0.000385248 0.000492187
0.000385346 0.000498047

0.000385346 0.000498047
0.000385442 0.000503906

0.000385442 0.000503906
0.000385535 0.000509766

0.000385535 0.000509766
0.000385547 0.000510526

0.000385547 0.000510523
0.000385625 0.000515625

0.000385625 0.000515625
0.000385713 0.000521484

0.000385713 0.000521484
0.000385797 0.000527344

0.000385797 0.000527344
0.000385878 0.000533203

0.000385878 0.000533203
0.000385955 0.000539062

0.000385955 0.000539062
0.000386029 0.000544922

0.000386029 0.000544922
0.000386099 0.000550781

0.000386099 0.000550781
0.000386165 0.000556641

0.000386165 0.000556641
0.000386227 0.0005625

0.000386227 0.0005625
0.000386285 0.000568359

0.000386285 0.000568359
0.000386338 0.000574219

0.000386338 0.000574219
0.000386387 0.000580078

0.000386387 0.000580078
0.000386431 0.000585937

0.000386431 0.000585937
0.00038647 0.000591797

0.00038647 0.000591797
0.000386504 0.000597656

0.000386505 0.000597656
0.000386533 0.000603516

0.000386534 0.000603516
0.000386557 0.000609375

0.000386557 0.000609375
0.000386575 0.000615234

0.000386575 0.000615234
0.000386587 0.000621094

0.000386588 0.000621094
0.000386594 0.000626953

0.000386594 0.000626953
0.000386594 0.000632812

0.000386594 0.000632812
0.000386589 0.000638672

0.000386589 0.000638672
0.000386576 0.000644531

0.000386576 0.000644531
0.000386558 0.000650391

0.000386558 0.000650391
0.000386532 0.00065625

0.000386532 0.00065625
0.0003865 0.000662109

0.0003865 0.000662109
0.00038646 0.000667969

0.00038646 0.000667969
0.000386414 0.000673828

0.000386414 0.000673828
0.00038636 0.000679687

0.00038636 0.000679687
0.000386298 0.000685547

0.000386298 0.000685547
0.000386229 0.000691406

0.000386229 0.000691406
0.000386151 0.000697266

0.000386152 0.000697266
0.000386066 0.000703125

0.000386066 0.000703125
0.000385973 0.000708984

0.000385973 0.000708984
0.000385871 0.000714844

0.000385871 0.000714844
0.000385761 0.000720703

0.000385761 0.000720703
0.000385642 0.000726562

0.000385547 0.000730937
0.000385515 0.000732422

0.000385514 0.000732422
0.000385378 0.000738281

0.000385547 0.000730934
0.000385642 0.000726562

0.000385378 0.000738281
0.000385232 0.000744141

0.000385232 0.000744141
0.000385077 0.00075

0.000385077 0.00075
0.000384912 0.000755859

0.000384913 0.000755859
0.000384739 0.000761719

0.000384739 0.000761719
0.000384555 0.000767578

0.000384555 0.000767578
0.000384362 0.000773437

0.000384362 0.000773437
0.000384159 0.000779297

0.000384159 0.000779297
0.000383946 0.000785156

0.000383946 0.000785156
0.000383723 0.000791016

0.000383723 0.000791016
0.00038349 0.000796875

0.00038349 0.000796875
0.000383247 0.000802734

0.000383247 0.000802734
0.000382994 0.000808594

0.000382994 0.000808594
0.00038273 0.000814453

0.00038273 0.000814453
0.000382455 0.000820312

0.000382455 0.000820312
0.000382171 0.000826172

0.000382171 0.000826172
0.000381876 0.000832031

0.000381876 0.000832031
0.00038157 0.000837891

0.00038157 0.000837891
0.000381254 0.00084375

0.000379687 0.000870325
0.000379516 0.000873047

0.000379516 0.000873047
0.000379135 0.000878906

0.000379135 0.000878906
0.000378744 0.000884766

0.000378744 0.000884766
0.000378343 0.000890625

0.000381254 0.00084375
0.000380927 0.000849609

0.000380927 0.000849609
0.000380589 0.000855469

0.000380589 0.000855469
0.000380242 0.000861328

0.000380242 0.000861328
0.000379884 0.000867187

0.000379687 0.000870324
0.000379885 0.000867187

0.000378343 0.000890625
0.000377932 0.000896484

0.000377932 0.000896484
0.00037751 0.000902344

0.00037751 0.000902344
0.000377078 0.000908203

0.000377078 0.000908203
0.000376636 0.000914062

0.000376636 0.000914062
0.000376184 0.000919922

0.000376184 0.000919922
0.000375722 0.000925781

0.000375722 0.000925781
0.00037525 0.000931641

0.00037525 0.000931641
0.000374769 0.0009375

0.00035625 0.0011191
0.000356246 0.00111914

0.000356246 0.00111914
0.000355586 0.001125

0.000373828 0.000948679
0.000373782 0.000949219

0.000374769 0.0009375
0.00037428 0.000943359

0.000373828 0.000948678
0.000374281 0.000943359

0.000373782 0.000949219
0.000373271 0.000955078

0.00037327 0.000955078
0.00037275 0.000960937

0.00037275 0.000960937
0.00037222 0.000966797

0.00037222 0.000966797
0.000371683 0.000972656

0.000371683 0.000972656
0.000371137 0.000978516

0.000371137 0.000978516
0.000370584 0.000984375

0.000370583 0.000984375
0.000370022 0.000990234

0.000370022 0.000990234
0.000369453 0.000996094

0.000369452 0.000996094
0.000368877 0.00100195

0.000368877 0.00100195
0.000368296 0.00100781

0.000367969 0.00101109
0.000367709 0.00101367

0.000367708 0.00101367
0.000367107 0.00101953

0.000367107 0.00101953
0.0003665 0.00102539

0.0003665 0.00102539
0.000365888 0.00103125

0.000367969 0.00101109
0.000368299 0.00100781

0.000365888 0.00103125
0.000365271 0.00103711

0.000365271 0.00103711
0.000364648 0.00104297

0.000364648 0.00104297
0.000364021 0.00104883

0.000364021 0.00104883
0.00036339 0.00105469

0.000363389 0.00105469
0.000362757 0.00106055

0.000362759 0.00106055
0.000362124 0.00106641

0.000362109 0.00106654
0.00036148 0.00107227

0.000361478 0.00107227
0.000360827 0.00107812

0.000362109 0.00106654
0.000362125 0.00106641

0.000360827 0.00107812
0.000360174 0.00108398

0.000360174 0.00108398
0.000359519 0.00108984

0.000359519 0.00108984
0.000358864 0.0010957

0.000358864 0.0010957
0.000358207 0.00110156

0.000358206 0.00110156
0.00035755 0.00110742

0.000357549 0.00110742
0.000356896 0.00111328

0.00035625 0.0011191
0.000356899 0.00111328

0.000355584 0.001125
0.000354921 0.00113086

0.00035492 0.00113086
0.000354259 0.00113672

0.000354259 0.00113672
0.000353601 0.00114258

0.000353601 0.00114258
0.000352946 0.00114844

0.000352946 0.00114844
0.000352294 0.0011543

0.000352293 0.0011543
0.000351645 0.00116016

0.000350391 0.0011717
0.000350371 0.00117187

0.000351644 0.00116016
0.000351004 0.00116602

0.000350391 0.0011717
0.000351008 0.00116602

0.000350372 0.00117187
0.000349732 0.00117773

0.000349729 0.00117773
0.00034909 0.00118359

0.00034909 0.00118359
0.000348457 0.00118945

0.000348457 0.00118945
0.000347832 0.00119531

0.000347832 0.00119531
0.000347214 0.00120117

0.000347214 0.00120117
0.000346604 0.00120703

0.000346603 0.00120703
0.000346001 0.00121289

0.000346001 0.00121289
0.000345409 0.00121875

0.000344531 0.00122768
0.000344257 0.00123047

0.000344255 0.00123047
0.000343681 0.00123633

0.00034368 0.00123633
0.000343116 0.00124219

0.000345409 0.00121875
0.000344829 0.00122461

0.000344531 0.00122768
0.000344833 0.00122461

0.000343116 0.00124219
0.000342564 0.00124805

0.000342564 0.00124805
0.000342025 0.00125391

0.000342025 0.00125391
0.000341497 0.00125977

0.000341497 0.00125977
0.000340982 0.00126562

0.000340982 0.00126563
0.000340479 0.00127148

0.000340479 0.00127148
0.000339989 0.00127734

0.000339989 0.00127734
0.000339514 0.0012832

0.000339513 0.0012832
0.000339055 0.00128906

0.000338672 0.00129414
0.000338613 0.00129492

0.000338612 0.00129492
0.000338175 0.00130078

0.000338672 0.00129415
0.000339059 0.00128906

0.000338173 0.00130078
0.000337751 0.00130664

0.000337751 0.00130664
0.000337346 0.0013125

0.000337346 0.0013125
0.000336959 0.00131836

0.000336959 0.00131836
0.000336589 0.00132422

0.000336589 0.00132422
0.000336238 0.00133008

0.000336238 0.00133008
0.000335904 0.00133594

0.000335904 0.00133594
0.000335589 0.0013418

0.000335589 0.0013418
0.000335293 0.00134766

0.000335293 0.00134766
0.000335016 0.00135352

0.000335016 0.00135352
0.00033476 0.00135937

0.00033476 0.00135937
0.000334525 0.00136523

0.000334525 0.00136523
0.00033431 0.00137109

0.00033431 0.00137109
0.000334118 0.00137695

0.000334118 0.00137695
0.000333947 0.00138281

0.000333947 0.00138281
0.0003338 0.00138867

0.0003338 0.00138867
0.000333675 0.00139453

0.000333675 0.00139453
0.000333575 0.00140039

0.000333575 0.00140039
0.000333499 0.00140625

0.000333499 0.00140625
0.000333448 0.00141211

0.000333447 0.00141211
0.000333422 0.00141797

0.000333422 0.00141797
0.000333423 0.00142383

0.000333423 0.00142383
0.000333451 0.00142969

0.000333451 0.00142969
0.000333506 0.00143555

0.000333506 0.00143555
0.00033359 0.00144141

0.00033359 0.00144141
0.000333702 0.00144727

0.000333702 0.00144727
0.000333844 0.00145312

0.000333844 0.00145312
0.000334017 0.00145898

0.000334017 0.00145898
0.00033422 0.00146484

0.00033422 0.00146484
0.000334456 0.0014707

0.000334456 0.0014707
0.000334724 0.00147656

0.000334724 0.00147656
0.000335026 0.00148242

0.000335026 0.00148242
0.000335362 0.00148828

0.000335362 0.00148828
0.000335734 0.00149414

0.000335734 0.00149414
0.000336143 0.0015

0.00106209 0
0.00106209 5.85937e-06

0.00106209 5.85938e-06
0.00106208 1.17187e-05

0.00106208 1.17187e-05
0.00106207 1.75781e-05

0.00106207 1.75781e-05
0.00106206 2.34375e-05

0.00106206 2.34375e-05
0.00106204 2.92969e-05

0.00106204 2.92969e-05
0.00106201 3.51562e-05

0.00106201 3.51562e-05
0.00106199 4.10156e-05

0.00106199 4.10156e-05
0.00106195 4.6875e-05

0.00106195 4.6875e-05
0.00106192 5.27344e-05

0.00106192 5.27344e-05
0.00106188 5.85937e-05

0.00106188 5.85937e-05
0.00106183 6.44531e-05

0.00106183 6.44531e-05
0.00106178 7.03125e-05

0.00106178 7.03125e-05
0.00106173 7.61719e-05

0.00106173 7.61719e-05
0.00106167 8.20312e-05

0.00106167 8.20312e-05
0.00106161 8.78906e-05

0.00106161 8.78906e-05
0.00106155 9.375e-05

0.00106155 9.375e-05
0.00106148 9.96094e-05

0.00106148 9.96094e-05
0.0010614 0.000105469

0.0010614 0.000105469
0.00106133 0.000111328

0.00106133 0.000111328
0.00106125 0.000117187

0.00106125 0.000117187
0.00106116 0.000123047

0.00106116 0.000123047
0.00106107 0.000128906

0.00106107 0.000128906
0.00106098 0.000134766

0.00106098 0.000134766
0.00106088 0.000140625

0.00106088 0.000140625
0.00106078 0.000146484

0.00106078 0.000146484
0.00106067 0.000152344

0.00106067 0.000152344
0.00106056 0.000158203

0.00106056 0.000158203
0.00106045 0.000164062

0.00106045 0.000164062
0.00106033 0.000169922

0.00106033 0.000169922
0.00106021 0.000175781

0.00106021 0.000175781
0.00106009 0.000181641

0.00106009 0.000181641
0.00105996 0.0001875

0.00105937 0.00021209
0.00105926 0.000216797

0.00105926 0.000216797
0.0010591 0.000222656

0.0010591 0.000222656
0.00105895 0.000228516

0.00105895 0.000228516
0.00105879 0.000234375

0.00105879 0.000234375
0.00105863 0.000240234

0.00105863 0.000240234
0.00105846 0.000246094

0.00105846 0.000246094
0.00105829 0.000251953

0.00105829 0.000251953
0.00105812 0.000257812

0.00105812 0.000257812
0.00105794 0.000263672

0.00105794 0.000263672
0.00105776 0.000269531

0.00105776 0.000269531
0.00105758 0.000275391

0.00105758 0.000275391
0.00105739 0.00028125

0.00105996 0.0001875
0.00105983 0.000193359

0.00105983 0.000193359
0.00105969 0.000199219

0.00105969 0.000199219
0.00105955 0.000205078

0.00105955 0.000205078
0.0010594 0.000210937

0.00105937 0.000212089
0.0010594 0.000210937

0.00105739 0.00028125
0.0010572 0.000287109

0.0010572 0.000287109
0.001057 0.000292969

0.001057 0.000292969
0.00105681 0.000298828

0.00105681 0.000298828
0.00105661 0.000304687

0.00105661 0.000304687
0.0010564 0.000310547

0.0010564 0.000310547
0.0010562 0.000316406

0.0010562 0.000316406
0.00105599 0.000322266

0.00105599 0.000322266
0.00105577 0.000328125

0.00105577 0.000328125
0.00105556 0.000333984

0.00105556 0.000333984
0.00105534 0.000339844

0.00105534 0.000339844
0.00105512 0.000345703

0.00105512 0.000345703
0.0010549 0.000351562

0.0010549 0.000351562
0.00105467 0.000357422

0.00105467 0.000357422
0.00105444 0.000363281

0.00105444 0.000363281
0.00105421 0.000369141

0.00105421 0.000369141
0.00105398 0.000375

0.00105352 0.000386487
0.00105351 0.000386719

0.00105398 0.000375
0.00105374 0.000380859

0.00105352 0.000386477
0.00105374 0.000380859

0.00105351 0.000386719
0.00105327 0.000392578

0.00105327 0.000392578
0.00105303 0.000398437

0.00105303 0.000398437
0.00105279 0.000404297

0.00105279 0.000404297
0.00105255 0.000410156

0.00105255 0.000410156
0.00105231 0.000416016

0.00105231 0.000416016
0.00105206 0.000421875

0.00105206 0.000421875
0.00105182 0.000427734

0.00105182 0.000427734
0.00105157 0.000433594

0.00105157 0.000433594
0.00105133 0.000439453

0.00105133 0.000439453
0.00105108 0.000445312

0.00105108 0.000445312
0.00105084 0.000451172

0.00105084 0.000451172
0.00105059 0.000457031

0.00105059 0.000457031
0.00105035 0.000462891

0.00105035 0.000462891
0.0010501 0.00046875

0.0010501 0.00046875
0.00104986 0.000474609

0.00104986 0.000474609
0.00104962 0.000480469

0.00104962 0.000480469
0.00104938 0.000486328

0.00104938 0.000486328
0.00104914 0.000492187

0.00104914 0.000492187
0.0010489 0.000498047

0.0010489 0.000498047
0.00104867 0.000503906

0.00104867 0.000503906
0.00104843 0.000509766

0.00104843 0.000509766
0.0010482 0.000515625

0.00104766 0.000529962
0.00104754 0.000533203

0.00104754 0.000533203
0.00104733 0.000539062

0.0010482 0.000515625
0.00104798 0.000521484

0.00104798 0.000521484
0.00104775 0.000527344

0.00104766 0.000529963
0.00104775 0.000527344

0.00104732 0.000539062
0.00104711 0.000544922

0.00104711 0.000544922
0.0010469 0.000550781

0.0010469 0.000550781
0.0010467 0.000556641

0.0010467 0.000556641
0.0010465 0.0005625

0.0010465 0.0005625
0.00104631 0.000568359

0.00104631 0.000568359
0.00104613 0.000574219

0.00104613 0.000574219
0.00104595 0.000580078

0.00104595 0.000580078
0.00104577 0.000585937

0.00104577 0.000585937
0.00104561 0.000591797

0.00104561 0.000591797
0.00104545 0.000597656

0.00104545 0.000597656
0.0010453 0.000603516

0.0010453 0.000603516
0.00104516 0.000609375

0.00104516 0.000609375
0.00104503 0.000615234

0.00104503 0.000615234
0.0010449 0.000621094

0.0010449 0.000621094
0.00104479 0.000626953

0.00104479 0.000626953
0.00104468 0.000632812

0.00104468 0.000632812
0.00104459 0.000638672

0.00104459 0.000638672
0.0010445 0.000644531

0.0010445 0.000644531
0.00104443 0.000650391

0.00104443 0.000650391
0.00104437 0.00065625

0.00104437 0.00065625
0.00104432 0.000662109

0.00104432 0.000662109
0.00104428 0.000667969

0.00104428 0.000667969
0.00104426 0.000673828

0.00104426 0.000673828
0.00104425 0.000679687

0.00104425 0.000679687
0.00104425 0.000685547

0.00104425 0.000685547
0.00104427 0.000691406

0.00104427 0.000691406
0.0010443 0.000697266

0.0010443 0.000697266
0.00104435 0.000703125

0.00104435 0.000703125
0.00104441 0.000708984

0.00104441 0.000708984
0.00104449 0.000714844

0.00104449 0.000714844
0.00104458 0.000720703

0.00104458 0.000720703
0.0010447 0.000726562

0.0010447 0.000726562
0.00104483 0.000732422

0.00104483 0.000732422
0.00104497 0.000738281

0.00104497 0.000738281
0.00104514 0.000744141

0.00104514 0.000744141
0.00104532 0.00075

0.00104532 0.00075
0.00104553 0.000755859

0.00104553 0.000755859
0.00104575 0.000761719

0.00104575 0.000761719
0.00104599 0.000767578

0.00104599 0.000767578
0.00104626 0.000773437

0.00104626 0.000773437
0.00104654 0.000779297

0.00104654 0.000779297
0.00104684 0.000785156

0.00104684 0.000785156
0.00104716 0.000791016

0.00104716 0.000791016
0.00104752 0.000796875

0.00104753 0.000796875
0.00104766 0.000798908

0.00104766 0.00079891
0.0010479 0.000802734

0.0010479 0.000802734
0.0010483 0.000808594

0.00104829 0.000808594
0.00104871 0.000814453

0.00104871 0.000814453
0.00104914 0.000820312

0.00104914 0.000820312
0.0010496 0.000826172

0.0010496 0.000826172
0.00105008 0.000832031

0.00105008 0.000832031
0.00105059 0.000837891

0.00105059 0.000837891
0.00105112 0.00084375

0.00105112 0.00084375
0.00105167 0.000849609

0.00105167 0.000849609
0.00105226 0.000855469

0.00105226 0.000855469
0.00105289 0.000861328

0.0010529 0.000861328
0.00105352 0.000866981

0.00105352 0.000866979
0.00105354 0.000867187

0.00105353 0.000867187
0.00105418 0.000873047

0.00105418 0.000873047
0.00105485 0.000878906

0.00105484 0.000878906
0.00105554 0.000884766

0.00105554 0.000884766
0.00105627 0.000890625

0.00105627 0.000890625
0.00105703 0.000896484

0.00105703 0.000896484
0.00105783 0.000902344

0.00105783 0.000902344
0.00105865 0.000908203

0.00105866 0.000908203
0.00105937 0.000913247

0.00105937 0.000913246
0.00105949 0.000914062

0.00105948 0.000914062
0.00106032 0.000919922

0.00106032 0.000919922
0.00106119 0.000925781

0.00106119 0.000925781
0.0010621 0.000931641

0.0010621 0.000931641
0.00106304 0.0009375

0.00106305 0.0009375
0.00106402 0.000943359

0.00106403 0.000943359
0.00106502 0.000949219

0.00106501 0.000949219
0.00106523 0.000950526

0.00106523 0.000950544
0.001066 0.000955078

0.001066 0.000955078
0.00106702 0.000960937

0.00106702 0.000960937
0.00106807 0.000966797

0.00106807 0.000966797
0.00106916 0.000972656

0.00106917 0.000972656
0.00107028 0.000978516

0.00107029 0.000978516
0.00107109 0.00098275

0.00107109 0.000982754
0.0010714 0.000984375

0.00107139 0.000984375
0.00107251 0.000990234

0.00107251 0.000990234
0.00107367 0.000996094

0.00107367 0.000996094
0.00107487 0.00100195

0.00107488 0.00100195
0.00107609 0.00100781

0.0010761 0.00100781
0.00107695 0.00101191

0.00107695 0.00101192
0.00107732 0.00101367

0.0010773 0.00101367
0.00107852 0.00101953

0.00107852 0.00101953
0.00107978 0.00102539

0.00107979 0.00102539
0.00108108 0.00103125

0.00108109 0.00103125
0.00108239 0.00103711

0.00108239 0.00103711
0.00108281 0.00103904

0.00108281 0.00103906
0.00108367 0.00104297

0.00108367 0.00104297
0.00108498 0.00104883

0.00108498 0.00104883
0.00108633 0.00105469

0.00108634 0.00105469
0.00108771 0.00106055

0.00108772 0.00106055
0.00108867 0.00106468

0.00108867 0.00106468
0.00108907 0.00106641

0.00108905 0.00106641
0.0010904 0.00107227

0.0010904 0.00107227
0.00109179 0.00107812

0.00109179 0.00107812
0.0010932 0.00108398

0.00109322 0.00108398
0.00109453 0.00108952

0.00109453 0.00108952
0.00109461 0.00108984

0.00109459 0.00108984
0.00109596 0.0010957

0.00109596 0.0010957
0.00109736 0.00110156

0.00109737 0.00110156
0.0010988 0.00110742

0.00109881 0.00110742
0.00110022 0.00111328

0.00110021 0.00111328
0.00110039 0.00111405

0.00110039 0.0011141
0.00110158 0.00111914

0.00110158 0.00111914
0.00110297 0.001125

0.00110298 0.001125
0.0011044 0.00113086

0.00110441 0.00113086
0.00110581 0.00113672

0.00110581 0.00113672
0.00110625 0.00113862

0.00110625 0.00113864
0.00110717 0.00114258

0.00110716 0.00114258
0.00110852 0.00114844

0.00110852 0.00114844
0.00110991 0.0011543

0.00110992 0.0011543
0.0011113 0.00116016

0.00111131 0.00116016
0.00111211 0.00116369

0.00111211 0.00116369
0.00111264 0.00116602

0.00111261 0.00116602
0.0011139 0.00117187

0.0011139 0.00117187
0.00111522 0.00117773

0.00111522 0.00117773
0.00111655 0.00118359

0.00111657 0.00118359
0.00111785 0.00118945

0.00111784 0.00118945
0.00111797 0.0011901

0.00111797 0.00119012
0.00111904 0.00119531

0.00111904 0.00119531
0.00112023 0.00120117

0.00112023 0.00120117
0.00112142 0.00120703

0.00112142 0.00120703
0.00112262 0.00121289

0.00112265 0.00121289
0.0011238 0.00121875

0.00112379 0.00121875
0.00112383 0.00121897

0.00112383 0.00121899
0.00112486 0.00122461

0.00112486 0.00122461
0.0011259 0.00123047

0.0011259 0.00123047
0.00112692 0.00123633

0.00112692 0.00123633
0.00112792 0.00124219

0.00112791 0.00124219
0.00112889 0.00124805

0.00112891 0.00124805
0.00112969 0.00125295

0.00112969 0.00125294
0.00112984 0.00125391

0.00112983 0.00125391
0.00113069 0.00125977

0.00113068 0.00125977
0.0011315 0.00126562

0.0011315 0.00126563
0.00113227 0.00127148

0.00113227 0.00127148
0.001133 0.00127734

0.001133 0.00127734
0.00113368 0.0012832

0.00113368 0.0012832
0.00113431 0.00128906

0.00113431 0.00128906
0.00113489 0.00129492

0.00113489 0.00129492
0.00113542 0.00130078

0.00113542 0.00130078
0.00113555 0.00130232

0.00113555 0.00130232
0.00113589 0.00130664

0.00113589 0.00130664
0.00113629 0.0013125

0.00113629 0.0013125
0.00113664 0.00131836

0.00113664 0.00131836
0.00113693 0.00132422

0.00113693 0.00132422
0.00113716 0.00133008

0.00113716 0.00133008
0.00113732 0.00133594

0.00113732 0.00133594
0.00113743 0.0013418

0.00113743 0.0013418
0.00113747 0.00134766

0.00113747 0.00134766
0.00113744 0.00135352

0.00113744 0.00135352
0.00113735 0.00135937

0.00113735 0.00135937
0.00113718 0.00136523

0.00113718 0.00136523
0.00113695 0.00137109

0.00113695 0.00137109
0.00113665 0.00137695

0.00113665 0.00137695
0.00113627 0.00138281

0.00113555 0.00139182
0.00113531 0.00139453

0.00113627 0.00138281
0.00113583 0.00138867

0.00113555 0.00139183
0.00113582 0.00138867

0.00113532 0.00139453
0.00113474 0.00140039

0.00113474 0.00140039
0.00113408 0.00140625

0.00112969 0.00143498
0.00112959 0.00143555

0.00112958 0.00143555
0.00112848 0.00144141

0.00112849 0.00144141
0.00112731 0.00144727

0.00112731 0.00144727
0.00112604 0.00145312

0.00113408 0.00140625
0.00113334 0.00141211

0.00113334 0.00141211
0.00113252 0.00141797

0.00113252 0.00141797
0.00113163 0.00142383

0.00113163 0.00142383
0.00113065 0.00142969

0.00112969 0.00143499
0.00113064 0.00142969

0.00112383 0.00146226
0.00112319 0.00146484

0.00112604 0.00145312
0.00112466 0.00145898

0.00112383 0.00146228
0.00112465 0.00145898

0.00112319 0.00146484
0.00112168 0.0014707

0.00112169 0.0014707
0.0011201 0.00147656

0.00111797 0.00148387
0.00111663 0.00148828

0.00111664 0.00148828
0.0011148 0.00149414

0.00111481 0.00149414
0.00111287 0.0015

0.00112011 0.00147656
0.00111842 0.00148242

0.00111797 0.00148389
0.00111841 0.00148242

0.000336143 0.0015
0.000336589 0.00150586

0.000336589 0.00150586
0.000337072 0.00151172

0.000337073 0.00151172
0.000337589 0.00151758

0.000337588 0.00151758
0.000338136 0.00152344

0.000338129 0.00152344
0.000338672 0.00152878

0.000338672 0.00152879
0.000338724 0.0015293

0.000338725 0.0015293
0.000339385 0.00153516

0.000339391 0.00153516
0.000340102 0.00154102

0.000340102 0.00154102
0.000340852 0.00154687

0.000340855 0.00154687
0.000341637 0.00155273

0.000341637 0.00155273
0.000342446 0.00155859

0.000342439 0.00155859
0.000343289 0.00156445

0.000343277 0.00156445
0.000344206 0.00157031

0.000344206 0.00157031
0.000344531 0.00157215

0.000344531 0.00157217
0.000345238 0.00157617

0.000345273 0.00157617
0.000346349 0.00158203

0.000346337 0.00158203
0.000347409 0.00158789

0.000347395 0.00158789
0.000348515 0.00159375

0.000348501 0.00159375
0.000349723 0.00159961

0.000349725 0.00159961
0.000350391 0.00160251

0.000350391 0.0016025
0.000351073 0.00160547

0.000351117 0.00160547
0.00035249 0.00161133

0.000352455 0.00161133
0.000353835 0.00161719

0.000353817 0.00161719
0.000355312 0.00162305

0.000355316 0.00162305
0.00035625 0.0016264

0.00035625 0.00162638
0.000356955 0.00162891

0.000357 0.00162891
0.000358667 0.00163477

0.000358617 0.00163477
0.000360325 0.00164062

0.00036031 0.00164062
0.000362109 0.00164624

0.000362109 0.00164625
0.000362185 0.00164648

0.000362251 0.00164648
0.000364204 0.00165234

0.000364153 0.00165234
0.000366157 0.0016582

0.000366143 0.0016582
0.000367969 0.00166311

0.000367969 0.0016631
0.000368328 0.00166406

0.000368385 0.00166406
0.000370651 0.00166992

0.000370591 0.00166992
0.000372942 0.00167578

0.00037294 0.00167578
0.000373828 0.00167785

0.000373828 0.00167777
0.000375491 0.00168164

0.000375482 0.00168164
0.000378126 0.0016875

0.000378106 0.0016875
0.000379687 0.00169082

0.000379687 0.00169079
0.000380913 0.00169336

0.000380922 0.00169336
0.000383857 0.00169922

0.000383824 0.00169922
0.000385547 0.00170249

0.000385547 0.00170245
0.000386933 0.00170508

0.000386931 0.00170508
0.000390207 0.00171094

0.000390177 0.00171094
0.000391406 0.00171302

0.000391406 0.00171296
0.000393669 0.0017168

0.000393639 0.0017168
0.000397266 0.00172258

0.000397266 0.00172259
0.000397308 0.00172266

0.000397336 0.00172266
0.000401207 0.00172852

0.000401152 0.00172852
0.000403125 0.00173136

0.000403125 0.00173127
0.000405285 0.00173437

0.000405252 0.00173437
0.000408984 0.00173939

0.000408984 0.00173939
0.000409616 0.00174023

0.000409611 0.00174023
0.000414256 0.00174609

0.000414249 0.00174609
0.000414844 0.00174682

0.000414844 0.00174679
0.000419189 0.00175195

0.000419182 0.00175195
0.000420703 0.0017537

0.000420703 0.00175365
0.000424417 0.00175781

0.000424426 0.00175781
0.000426562 0.0017601

0.000426562 0.00176008
0.000430009 0.00176367

0.000430027 0.00176367
0.000432422 0.00176606

0.000432422 0.00176609
0.000436012 0.00176953

0.000436025 0.00176953
0.000438281 0.00177163

0.000438281 0.00177169
0.000442449 0.00177539

0.000442473 0.00177539
0.000444141 0.00177684

0.000444141 0.00177688
0.000449397 0.00178125

0.000449403 0.00178125
0.00045 0.00178173

0.00045 0.00178174
0.000455859 0.0017863

0.000455859 0.00178631
0.000456945 0.00178711

0.000456988 0.00178711
0.000461719 0.00179058

0.000461719 0.00179062
0.000465115 0.00179297

0.000465205 0.00179297
0.000467578 0.00179459

0.000467578 0.00179464
0.000473437 0.00179844

0.000473438 0.00179846
0.00047405 0.00179883

0.000474089 0.00179883
0.000479297 0.00180202

0.000479297 0.00180204
0.000483891 0.00180469

0.000483928 0.00180469
0.000485156 0.00180539

0.000485156 0.00180539
0.000491016 0.00180856

0.000491016 0.00180858
0.000494892 0.00181055

0.000494941 0.00181055
0.000496875 0.00181153

0.000496875 0.00181153
0.000502734 0.00181432

0.000502734 0.00181433
0.00050737 0.00181641

0.000507391 0.00181641
0.000508594 0.00181694

0.000508594 0.00181694
0.000514453 0.0018194

0.000514453 0.0018194
0.000520312 0.00182171

0.000520313 0.00182172
0.0005218 0.00182227

0.000521846 0.00182227
0.000526172 0.00182386

0.000526172 0.00182386
0.000532031 0.00182588

0.000532031 0.00182589
0.000537891 0.00182778

0.000537891 0.00182778
0.000539027 0.00182812

0.000539068 0.00182812
0.00054375 0.00182953

0.00054375 0.00182953
0.000549609 0.00183116

0.000549609 0.00183116
0.000555469 0.00183267

0.000555469 0.00183267
0.000560996 0.00183398

0.000561 0.00183398
0.000561328 0.00183406

0.000561328 0.00183406
0.000567187 0.00183534

0.000567188 0.00183534
0.000573047 0.00183651

0.000573047 0.00183651
0.000578906 0.00183757

0.000578906 0.00183757
0.000584766 0.00183853

0.000584766 0.00183853
0.000590625 0.00183939

0.000590625 0.00183939
0.000594151 0.00183984

0.000594173 0.00183984
0.000596484 0.00184014

0.000596484 0.00184015
0.000602344 0.00184082

0.000602344 0.00184082
0.000608203 0.00184139

0.000608203 0.00184139
0.000614062 0.00184188

0.000614063 0.00184188
0.000619922 0.00184227

0.000619922 0.00184227
0.000625781 0.00184258

0.000625781 0.00184258
0.000631641 0.0018428

0.000631641 0.0018428
0.0006375 0.00184293

0.0006375 0.00184293
0.000643359 0.00184298

0.000643359 0.00184298
0.000649219 0.00184295

0.000649219 0.00184295
0.000655078 0.00184284

0.000655078 0.00184284
0.000660937 0.00184265

0.000660938 0.00184265
0.000666797 0.00184238

0.000666797 0.00184238
0.000672656 0.00184203

0.000672656 0.00184203
0.000678516 0.00184161

0.000678516 0.00184161
0.000684375 0.0018411

0.000684375 0.0018411
0.000690234 0.00184052

0.000690234 0.00184052
0.000696094 0.00183987

0.000701953 0.00183914
0.000696301 0.00183984

0.000701953 0.00183914
0.000707812 0.00183833

0.000696094 0.00183987
0.0006963 0.00183984

0.000707812 0.00183833
0.000713672 0.00183744

0.000713672 0.00183744
0.000719531 0.00183648

0.000719531 0.00183648
0.000725391 0.00183545

0.000725391 0.00183545
0.00073125 0.00183434

0.000760547 0.00182765
0.000758677 0.00182812

0.000760547 0.00182766
0.000766406 0.00182609

0.000766406 0.00182609
0.000772266 0.00182444

0.000772266 0.00182444
0.000778125 0.00182272

0.000737109 0.00183316
0.00073301 0.00183398

0.00073125 0.00183434
0.000733024 0.00183398

0.000737109 0.00183316
0.000742969 0.00183189

0.000742969 0.00183189
0.000748828 0.00183056

0.000748828 0.00183056
0.000754688 0.00182914

0.000754687 0.00182915
0.000758715 0.00182812

0.000783984 0.00182092
0.00077961 0.00182227

0.000778125 0.00182273
0.000779626 0.00182227

0.000783984 0.00182092
0.000789844 0.00181904

0.000801563 0.00181504
0.000797638 0.00181641

0.000789844 0.00181904
0.000795703 0.00181708

0.000795703 0.00181709
0.000797658 0.00181641

0.000801562 0.00181504
0.000807422 0.00181292

0.000807422 0.00181292
0.000813281 0.00181071

0.000819141 0.00180842
0.000813701 0.00181055

0.000813281 0.00181071
0.00081371 0.00181055

0.000819141 0.00180842
0.000825 0.00180605

0.00100078 0.00168526
0.000998656 0.0016875

0.0010125 0.00167244
0.00100956 0.00167578

0.00100664 0.00167897
0.00100419 0.00168164

0.00100078 0.00168529
0.00100418 0.00168164

0.00100664 0.00167899
0.00100953 0.00167578

0.000877734 0.00178063
0.000876591 0.00178125

0.000877734 0.00178065
0.000883594 0.00177735

0.000889453 0.00177394
0.000886947 0.00177539

0.000883594 0.00177736
0.000886992 0.00177539

0.000889453 0.00177395
0.000895312 0.00177044

0.00091875 0.00175531
0.000915034 0.00175781

0.000901172 0.00176682
0.00089678 0.00176953

0.000907031 0.00176308
0.000906085 0.00176367

0.000901172 0.00176684
0.00090616 0.00176367

0.000895312 0.00177045
0.000896812 0.00176953

0.000907031 0.0017631
0.000912891 0.00175926

0.000912891 0.00175927
0.000915078 0.00175781

0.000830859 0.00180358
0.000828219 0.00180469

0.000830859 0.00180358
0.000836719 0.00180104

0.000842578 0.00179838
0.00084159 0.00179883

0.000836719 0.00180105
0.000841645 0.00179883

0.000842578 0.0017984
0.000848438 0.00179567

0.000825 0.00180605
0.000828256 0.00180469

0.000854297 0.00179283
0.000854014 0.00179297

0.000854297 0.00179286
0.000860156 0.00178995

0.000848437 0.00179568
0.00085408 0.00179297

0.000866016 0.00178692
0.000865643 0.00178711

0.000860156 0.00178996
0.000865709 0.00178711

0.000866016 0.00178694
0.000871875 0.00178384

0.000871875 0.00178386
0.000876649 0.00178125

0.000948047 0.00173363
0.000947099 0.00173437

0.000948047 0.00173368
0.000953906 0.00172894

0.000965625 0.00171903
0.000961391 0.00172266

0.000959766 0.00172406
0.000954416 0.00172852

0.000953906 0.00172895
0.000954432 0.00172852

0.000959766 0.00172406
0.000961427 0.00172266

0.000924609 0.00175121
0.00092353 0.00175195

0.00091875 0.00175533
0.000923612 0.00175195

0.000924609 0.00175125
0.000930469 0.00174704

0.000936328 0.00174271
0.00093175 0.00174609

0.000942187 0.00173826
0.000939555 0.00174023

0.000936328 0.00174273
0.00093963 0.00174023

0.000930469 0.00174705
0.00093179 0.00174609

0.000942187 0.00173828
0.000947174 0.00173437

0.000977344 0.00170847
0.000974642 0.00171094

0.000989062 0.00169723
0.00098704 0.00169922

0.000983203 0.00170294
0.000980945 0.00170508

0.000977344 0.00170848
0.000981006 0.00170508

0.000983203 0.00170296
0.000987087 0.00169922

0.000971484 0.00171384
0.000968117 0.0017168

0.000965625 0.00171903
0.000968184 0.0017168

0.000971484 0.00171384
0.00097471 0.00171094

0.000994922 0.00169135
0.000992942 0.00169336

0.000989062 0.00169727
0.000992968 0.00169336

0.000994922 0.00169138
0.00099866 0.0016875

0.00110625 0.00151837
0.00110428 0.00152344

0.00109453 0.00154633
0.00109429 0.00154687

0.00110039 0.00153295
0.00109947 0.00153516

0.00110429 0.00152344
0.00110193 0.0015293

0.00110039 0.00153297
0.00110193 0.0015293

0.00109947 0.00153516
0.00109693 0.00154102

0.00109453 0.00154637
0.00109694 0.00154102

0.00107109 0.00159153
0.0010698 0.00159375

0.00107695 0.00158123
0.00107652 0.00158203

0.00108281 0.00157036
0.00107973 0.00157617

0.00107695 0.00158126
0.00107973 0.00157617

0.00107653 0.00158203
0.00107322 0.00158789

0.00107109 0.00159155
0.00107322 0.00158789

0.0010943 0.00154687
0.00109157 0.00155273

0.00109158 0.00155273
0.00108876 0.00155859

0.00108867 0.00155877
0.00108584 0.00156445

0.00108585 0.00156445
0.00108284 0.00157031

0.00108867 0.00155877
0.00108876 0.00155859

0.00108281 0.00157036
0.00108284 0.00157031

0.00105937 0.00161061
0.00105892 0.00161133

0.00105893 0.00161133
0.00105508 0.00161719

0.00104766 0.00162799
0.00104702 0.00162891

0.0010418 0.00163614
0.00103848 0.00164062

0.00104702 0.00162891
0.00104281 0.00163477

0.0010418 0.00163616
0.0010428 0.00163477

0.00105352 0.00161949
0.00105111 0.00162305

0.00104766 0.001628
0.00105111 0.00162305

0.00105352 0.00161951
0.00105508 0.00161719

0.00102422 0.00165874
0.00101978 0.00166406

0.00103008 0.00165149
0.0010294 0.00165234

0.00103594 0.00164394
0.00103402 0.00164648

0.00103008 0.00165149
0.00103401 0.00164648

0.00102941 0.00165234
0.00102467 0.0016582

0.00102422 0.00165875
0.00102467 0.0016582

0.00101836 0.00166571
0.00101475 0.00166992

0.0010125 0.00167248
0.00101473 0.00166992

0.00101836 0.00166573
0.00101977 0.00166406

0.00103594 0.00164397
0.00103847 0.00164062

0.00106523 0.00160131
0.00106266 0.00160547

0.00106981 0.00159375
0.00106629 0.00159961

0.00106523 0.00160132
0.00106629 0.00159961

0.00105937 0.00161063
0.00106266 0.00160547

0.00111211 0.00150217
0.00111084 0.00150586

0.00111084 0.00150586
0.00110875 0.00151172

0.00111211 0.00150219
0.00111286 0.0015

0.00110876 0.00151172
0.00110657 0.00151758

0.00110625 0.00151838
0.00110656 0.00151758

