-0.000417214 0
-0.000417209 5.85937e-06

-0.000417209 5.85938e-06
-0.000417196 1.17187e-05

-0.000417196 1.17187e-05
-0.000417188 1.38071e-05

-0.000417187 1.3807e-05
-0.000417173 1.75781e-05

-0.000417173 1.75781e-05
-0.000417142 2.34375e-05

-0.000417142 2.34375e-05
-0.000417101 2.92969e-05

-0.000417101 2.92969e-05
-0.000417052 3.51562e-05

-0.000417052 3.51562e-05
-0.000416993 4.10156e-05

-0.000416993 4.10156e-05
-0.000416926 4.6875e-05

-0.000416926 4.6875e-05
-0.00041685 5.27344e-05

-0.00041685 5.27344e-05
-0.000416764 5.85937e-05

-0.000416764 5.85937e-05
-0.00041667 6.44531e-05

-0.00041667 6.44531e-05
-0.000416566 7.03125e-05

-0.000416566 7.03125e-05
-0.000416453 7.61719e-05

-0.000416453 7.61719e-05
-0.000416332 8.20312e-05

-0.000416332 8.20312e-05
-0.000416201 8.78906e-05

-0.000416201 8.78906e-05
-0.000416061 9.375e-05

-0.000416061 9.375e-05
-0.000415912 9.96094e-05

-0.000415912 9.96094e-05
-0.000415754 0.000105469

-0.000415754 0.000105469
-0.000415586 0.000111328

-0.000415586 0.000111328
-0.00041541 0.000117187

-0.00041541 0.000117187
-0.000415224 0.000123047

-0.000415224 0.000123047
-0.000415029 0.000128906

-0.000415029 0.000128906
-0.000414825 0.000134766

-0.000414825 0.000134766
-0.000414611 0.000140625

-0.000414611 0.000140625
-0.000414389 0.000146484

-0.000414389 0.000146484
-0.000414156 0.000152344

-0.000414156 0.000152344
-0.000413915 0.000158203

-0.000413915 0.000158203
-0.000413664 0.000164062

-0.000413664 0.000164062
-0.000413404 0.000169922

-0.000413404 0.000169922
-0.000413134 0.000175781

-0.000413134 0.000175781
-0.000412854 0.000181641

-0.000412854 0.000181641
-0.000412565 0.0001875

-0.000412565 0.0001875
-0.000412267 0.000193359

-0.000412267 0.000193359
-0.000411959 0.000199219

-0.000411959 0.000199219
-0.000411642 0.000205078

-0.000411642 0.000205078
-0.000411328 0.000210698

-0.000411328 0.000210698
-0.000411315 0.000210937

-0.000411315 0.000210937
-0.000410978 0.000216797

-0.000410978 0.000216797
-0.000410631 0.000222656

-0.000410632 0.000222656
-0.000410275 0.000228516

-0.000410275 0.000228516
-0.00040991 0.000234375

-0.00040991 0.000234375
-0.000409534 0.000240234

-0.000409534 0.000240234
-0.000409149 0.000246094

-0.000409149 0.000246094
-0.000408754 0.000251953

-0.000408754 0.000251953
-0.000408349 0.000257812

-0.000408349 0.000257812
-0.000407935 0.000263672

-0.000407935 0.000263672
-0.00040751 0.000269531

-0.00040751 0.000269531
-0.000407075 0.000275391

-0.000407075 0.000275391
-0.000406631 0.00028125

-0.000406631 0.00028125
-0.000406177 0.000287109

-0.000406177 0.000287109
-0.000405713 0.000292969

-0.000405713 0.000292969
-0.000405469 0.000295992

-0.000405469 0.000295993
-0.000405239 0.000298828

-0.000405239 0.000298828
-0.000404754 0.000304687

-0.000404754 0.000304687
-0.000404259 0.000310547

-0.000404259 0.000310547
-0.000403754 0.000316406

-0.000403754 0.000316406
-0.000403239 0.000322266

-0.000403239 0.000322266
-0.000402714 0.000328125

-0.000402714 0.000328125
-0.000402179 0.000333984

-0.000402179 0.000333984
-0.000401634 0.000339844

-0.000401634 0.000339844
-0.000401078 0.000345703

-0.000401078 0.000345703
-0.000400512 0.000351562

-0.000400513 0.000351562
-0.000399937 0.000357422

-0.000399938 0.000357422
-0.000399609 0.000360696

-0.000399609 0.000360699
-0.000399351 0.000363281

-0.00039935 0.000363281
-0.000398751 0.000369141

-0.000398751 0.000369141
-0.000398142 0.000375

-0.000398142 0.000375
-0.000397523 0.000380859

-0.000397523 0.000380859
-0.000396894 0.000386719

-0.000396894 0.000386719
-0.000396254 0.000392578

-0.000396254 0.000392578
-0.000395604 0.000398437

-0.000395604 0.000398437
-0.000394944 0.000404297

-0.000394944 0.000404297
-0.000394274 0.000410156

-0.000394275 0.000410156
-0.00039375 0.000414662

-0.00039375 0.000414664
-0.000393593 0.000416016

-0.000393592 0.000416016
-0.000392896 0.000421875

-0.000392895 0.000421875
-0.000392189 0.000427734

-0.00039219 0.000427734
-0.000391474 0.000433594

-0.000391474 0.000433594
-0.000390748 0.000439453

-0.000390748 0.000439453
-0.000390012 0.000445312

-0.000390012 0.000445312
-0.000389267 0.000451172

-0.000389267 0.000451172
-0.000388511 0.000457031

-0.000388513 0.000457031
-0.000387891 0.000461768

-0.000387891 0.000461771
-0.000387744 0.000462891

-0.000387742 0.000462891
-0.000386958 0.00046875

-0.000386957 0.00046875
-0.000386164 0.000474609

-0.000386164 0.000474609
-0.000385362 0.000480469

-0.000385362 0.000480469
-0.00038455 0.000486328

-0.00038455 0.000486328
-0.00038373 0.000492187

-0.00038373 0.000492187
-0.0003829 0.000498047

-0.000382901 0.000498047
-0.000382057 0.000503906

-0.000382056 0.000503906
-0.000382031 0.000504073

-0.000382031 0.00050408
-0.000381196 0.000509766

-0.000381193 0.000509766
-0.000380323 0.000515625

-0.000380323 0.000515625
-0.000379446 0.000521484

-0.000379446 0.000521484
-0.000378561 0.000527344

-0.000378562 0.000527344
-0.000377669 0.000533203

-0.00037767 0.000533203
-0.000376766 0.000539062

-0.000376767 0.000539062
-0.000376172 0.000542845

-0.000376172 0.00054285
-0.000375846 0.000544922

-0.000375841 0.000544922
-0.000374904 0.000550781

-0.000374904 0.000550781
-0.000373962 0.000556641

-0.000373963 0.000556641
-0.000373016 0.0005625

-0.000373016 0.0005625
-0.000372062 0.000568359

-0.000372064 0.000568359
-0.000371098 0.000574219

-0.000371101 0.000574219
-0.000370313 0.000578909

-0.000370312 0.000578914
-0.000370117 0.000580078

-0.000370112 0.000580078
-0.000369113 0.000585937

-0.000369111 0.000585937
-0.000368108 0.000591797

-0.000368109 0.000591797
-0.000367105 0.000597656

-0.000367106 0.000597656
-0.000366095 0.000603516

-0.000366097 0.000603516
-0.000365071 0.000609375

-0.000365072 0.000609375
-0.000364453 0.000612842

-0.000364453 0.000612848
-0.000364027 0.000615234

-0.000364019 0.000615234
-0.000362962 0.000621094

-0.000362963 0.000621094
-0.000361908 0.000626953

-0.00036191 0.000626953
-0.000360852 0.000632812

-0.000360855 0.000632812
-0.000359787 0.000638672

-0.000359789 0.000638672
-0.000358702 0.000644531

-0.000358699 0.000644531
-0.000358594 0.000645088

-0.000358594 0.000645091
-0.000357595 0.000650391

-0.00035759 0.000650391
-0.000356487 0.00065625

-0.00035649 0.00065625
-0.000355391 0.000662109

-0.000355393 0.000662109
-0.000354286 0.000667969

-0.000354288 0.000667969
-0.000353164 0.000673828

-0.000353162 0.000673828
-0.000352734 0.000676019

-0.000352734 0.000676023
-0.000352019 0.000679687

-0.00035201 0.000679687
-0.000350864 0.000685547

-0.000350869 0.000685547
-0.000349731 0.000691406

-0.000349734 0.000691406
-0.00034859 0.000697266

-0.000348592 0.000697266
-0.000347431 0.000703125

-0.00034743 0.000703125
-0.000346875 0.000705876

-0.000346875 0.00070588
-0.000346249 0.000708984

-0.000346239 0.000708984
-0.000345059 0.000714844

-0.000345063 0.000714844
-0.000343893 0.000720703

-0.000343896 0.000720703
-0.00034272 0.000726562

-0.000342723 0.000726562
-0.000341529 0.000732422

-0.000341527 0.000732422
-0.000341016 0.000734894

-0.000341016 0.000734896
-0.000340315 0.000738281

-0.000340305 0.000738281
-0.000339098 0.000744141

-0.000339104 0.000744141
-0.000337908 0.00075

-0.000337912 0.00075
-0.000336709 0.000755859

-0.000336711 0.000755859
-0.000335489 0.000761719

-0.000335485 0.000761719
-0.000335156 0.00076328

-0.000335156 0.000763279
-0.00033425 0.000767578

-0.000334242 0.000767578
-0.000333016 0.000773437

-0.000333023 0.000773437
-0.000331809 0.000779297

-0.000331813 0.000779297
-0.000330588 0.000785156

-0.000330589 0.000785156
-0.000329345 0.000791016

-0.000329339 0.000791016
-0.000329297 0.000791214

-0.000329297 0.000791202
-0.000328086 0.000796875

-0.000328083 0.000796875
-0.000326847 0.000802734

-0.000326854 0.000802734
-0.000325624 0.000808594

-0.000325628 0.000808594
-0.000324385 0.000814453

-0.000324384 0.000814453
-0.000323438 0.000818846

-0.000323437 0.000818849
-0.000323122 0.000820312

-0.000323109 0.000820312
-0.000321852 0.000826172

-0.000321857 0.000826172
-0.000320618 0.000832031

-0.000320623 0.000832031
-0.000319383 0.000837891

-0.000319386 0.000837891
-0.00031813 0.00084375

-0.000318127 0.00084375
-0.000317578 0.000846281

-0.000317578 0.000846279
-0.000316856 0.000849609

-0.000316845 0.000849609
-0.00031559 0.000855469

-0.000315599 0.000855469
-0.000314362 0.000861328

-0.000314367 0.000861328
-0.000313122 0.000867187

-0.000313123 0.000867187
-0.000311861 0.000873047

-0.000311855 0.000873047
-0.000311719 0.000873678

-0.000311719 0.000873665
-0.000310587 0.000878906

-0.000310583 0.000878906
-0.000309339 0.000884766

-0.000309348 0.000884766
-0.000308116 0.000890625

-0.00030812 0.000890625
-0.000306877 0.000896484

-0.000306876 0.000896484
-0.000305859 0.000901203

-0.000305859 0.000901205
-0.000305614 0.000902344

-0.0003056 0.000902344
-0.000304346 0.000908203

-0.000304352 0.000908203
-0.000303124 0.000914062

-0.00030313 0.000914062
-0.000301904 0.000919922

-0.000301907 0.000919922
-0.000300666 0.000925781

-0.000300663 0.000925781
-0.0003 0.000928878

-0.0003 0.000928877
-0.000299408 0.000931641

-0.000299394 0.000931641
-0.000298159 0.0009375

-0.000298169 0.0009375
-0.000296959 0.000943359

-0.000296964 0.000943359
-0.000295751 0.000949219

-0.000295752 0.000949219
-0.000294522 0.000955078

-0.000294517 0.000955078
-0.000294141 0.00095686

-0.000294141 0.000956852
-0.000293278 0.000960937

-0.000293268 0.000960937
-0.000292056 0.000966797

-0.000292067 0.000966797
-0.000290878 0.000972656

-0.000290883 0.000972656
-0.000289688 0.000978516

-0.000289688 0.000978516
-0.000288474 0.000984375

-0.000288468 0.000984375
-0.000288281 0.000985275

-0.000288281 0.000985258
-0.000287249 0.000990234

-0.000287244 0.000990234
-0.000286059 0.000996094

-0.000286069 0.000996094
-0.000284904 0.00100195

-0.00028491 0.00100195
-0.000283736 0.00100781

-0.000283736 0.00100781
-0.000282541 0.00101367

-0.000282534 0.00101367
-0.000282422 0.00101422

-0.000282422 0.0010142
-0.000281335 0.00101953

-0.000281332 0.00101953
-0.000280169 0.00102539

-0.000280178 0.00102539
-0.000279034 0.00103125

-0.00027904 0.00103125
-0.000277886 0.00103711

-0.000277886 0.00103711
-0.000276709 0.00104297

-0.000276702 0.00104297
-0.000276563 0.00104366

-0.000276562 0.00104364
-0.00027552 0.00104883

-0.000275515 0.00104883
-0.000274372 0.00105469

-0.000274382 0.00105469
-0.000273261 0.00106055

-0.000273267 0.00106055
-0.000272135 0.00106641

-0.000272136 0.00106641
-0.000270979 0.00107227

-0.000270972 0.00107227
-0.000270703 0.00107362

-0.000270703 0.0010736
-0.000269805 0.00107812

-0.000269796 0.00107812
-0.000268665 0.00108398

-0.000268678 0.00108398
-0.000267575 0.00108984

-0.000267581 0.00108984
-0.000266467 0.0010957

-0.000266468 0.0010957
-0.000265326 0.00110156

-0.000265321 0.00110156
-0.000264844 0.00110398

-0.000264844 0.00110396
-0.00026416 0.00110742

-0.000264144 0.00110742
-0.000263016 0.00111328

-0.000263031 0.00111328
-0.000261935 0.00111914

-0.000261942 0.00111914
-0.000260832 0.001125

-0.000260834 0.001125
-0.000259694 0.00113086

-0.000259691 0.00113086
-0.000258984 0.0011344

-0.000258984 0.0011344
-0.000258521 0.00113672

-0.000258498 0.00113672
-0.000257353 0.00114258

-0.000257371 0.00114258
-0.00025626 0.00114844

-0.000256267 0.00114844
-0.000255142 0.0011543

-0.000255145 0.0011543
-0.000253985 0.00116016

-0.000253984 0.00116016
-0.000253125 0.00116436

-0.000253125 0.00116436
-0.000252787 0.00116602

-0.00025276 0.00116602
-0.000251587 0.00117187

-0.000251607 0.00117187
-0.00025047 0.00117773

-0.000250478 0.00117773
-0.000249321 0.00118359

-0.000249323 0.00118359
-0.000248126 0.00118945

-0.000248124 0.00118945
-0.000247266 0.00119351

-0.000247266 0.00119351
-0.000246884 0.00119531

-0.000246856 0.00119531
-0.000245642 0.00120117

-0.000245666 0.00120117
-0.000244484 0.00120703

-0.000244493 0.00120703
-0.000243277 0.00121289

-0.000243276 0.00121289
-0.000242008 0.00121875

-0.000242002 0.00121875
-0.000241406 0.00122144

-0.000241406 0.0012214
-0.000240696 0.00122461

-0.00024068 0.00122461
-0.000239408 0.00123047

-0.000239434 0.00123047
-0.000238174 0.00123633

-0.000238182 0.00123633
-0.000236866 0.00124219

-0.000236864 0.00124219
-0.000235547 0.00124776

-0.000235547 0.00124776
-0.00023548 0.00124805

-0.000235442 0.00124805
-0.000234066 0.00125391

-0.000234095 0.00125391
-0.000232743 0.00125977

-0.000232754 0.00125977
-0.000231345 0.00126562

-0.000231344 0.00126563
-0.000229859 0.00127148

-0.000229849 0.00127148
-0.000229687 0.00127212

-0.000229687 0.00127203
-0.000228331 0.00127734

-0.000228354 0.00127734
-0.000226871 0.0012832

-0.000226887 0.0012832
-0.000225343 0.00128906

-0.000225343 0.00128906
-0.000223828 0.00129449

-0.000223828 0.00129449
-0.000223706 0.00129492

-0.000223661 0.00129492
-0.000222022 0.00130078

-0.000222067 0.00130078
-0.000220424 0.00130664

-0.000220429 0.00130664
-0.000218682 0.0013125

-0.00021867 0.0013125
-0.000217969 0.00131477

-0.000217969 0.0013147
-0.000216837 0.00131836

-0.000216845 0.00131836
-0.000215021 0.00132422

-0.000215049 0.00132422
-0.000213156 0.00133008

-0.000213149 0.00133008
-0.000212109 0.00133314

-0.000212109 0.00133309
-0.000211144 0.00133594

-0.000211141 0.00133594
-0.000209122 0.0013418

-0.000209155 0.0013418
-0.000207062 0.00134766

-0.000207059 0.00134766
-0.00020625 0.00134983

-0.00020625 0.00134974
-0.00020484 0.00135352

-0.000204858 0.00135352
-0.000202617 0.00135937

-0.000202647 0.00135937
-0.000200391 0.00136495

-0.000200391 0.00136495
-0.000200275 0.00136523

-0.000200217 0.00136523
-0.000197772 0.00137109

-0.000197831 0.00137109
-0.000195309 0.00137695

-0.000195314 0.00137695
-0.000194531 0.00137868

-0.000194531 0.00137858
-0.00019261 0.00138281

-0.000192641 0.00138281
-0.00018987 0.00138867

-0.000189888 0.00138867
-0.000188672 0.00139112

-0.000188672 0.00139104
-0.000186938 0.00139453

-0.00018696 0.00139453
-0.0001839 0.00140039

-0.000183921 0.00140039
-0.000182812 0.00140241

-0.000182813 0.00140234
-0.00018067 0.00140625

-0.000180704 0.00140625
-0.000177317 0.00141211

-0.00017731 0.00141211
-0.000176953 0.00141271

-0.000176953 0.00141265
-0.000173743 0.00141797

-0.0001738 0.00141797
-0.000171094 0.00142223

-0.000171094 0.00142218
-0.00017005 0.00142383

-0.000170057 0.00142383
-0.000166097 0.00142969

-0.000166096 0.00142969
-0.000165234 0.00143094

-0.000165234 0.00143089
-0.000161922 0.00143555

-0.000161964 0.00143555
-0.000159375 0.00143901

-0.000159375 0.0014389
-0.000157514 0.00144141

-0.000157547 0.00144141
-0.000153516 0.00144644

-0.000153516 0.00144643
-0.000152842 0.00144727

-0.000152859 0.00144727
-0.000147864 0.00145312

-0.000147871 0.00145312
-0.000147656 0.00145337

-0.000147656 0.00145336
-0.000142549 0.00145898

-0.000142545 0.00145898
-0.000141797 0.00145978

-0.000141797 0.00145977
-0.00013687 0.00146484

-0.000136862 0.00146484
-0.000135937 0.00146576

-0.000135938 0.00146578
-0.000130743 0.0014707

-0.000130733 0.0014707
-0.000130078 0.0014713

-0.000130078 0.00147132
-0.000124219 0.00147648

-0.000124219 0.00147649
-0.000124134 0.00147656

-0.000124098 0.00147656
-0.000118359 0.00148129

-0.000118359 0.00148132
-0.000116941 0.00148242

-0.000116872 0.00148242
-0.0001125 0.00148581

-0.0001125 0.00148586
-0.00010916 0.00148828

-0.000109064 0.00148828
-0.000106641 0.00149001

-0.000106641 0.00149007
-0.000100781 0.001494

-0.000100781 0.00149401
-0.000100577 0.00149414

-0.000100534 0.00149414
-9.49219e-05 0.00149767

-9.49219e-05 0.00149769
-9.09924e-05 0.0015

0.000244922 0.00149957
0.000243709 0.0015

0.000244922 0.00149958
0.000250781 0.00149745

0.000250781 0.00149745
0.000256641 0.00149526

0.0002625 0.00149301
0.000259551 0.00149414

0.000256641 0.00149527
0.000259577 0.00149414

0.0002625 0.00149301
0.000268359 0.00149071

0.000268359 0.00149071
0.000274219 0.00148835

0.000280078 0.00148593
0.000274377 0.00148828

0.000280078 0.00148593
0.000285937 0.00148345

0.000274219 0.00148835
0.00027438 0.00148828

0.000303516 0.00147568
0.000301555 0.00147656

0.000303516 0.00147568
0.000309375 0.00147298

0.000291797 0.00148092
0.000288316 0.00148242

0.000285937 0.00148346
0.000288335 0.00148242

0.000291797 0.00148092
0.000297656 0.00147833

0.000297656 0.00147834
0.000301584 0.00147656

0.000350391 0.00145247
0.000349157 0.00145312

0.000350391 0.00145248
0.00035625 0.00144933

0.000315234 0.00147021
0.000314192 0.0014707

0.000309375 0.00147299
0.000314226 0.0014707

0.000315234 0.00147022
0.000321094 0.00146741

0.000326953 0.00146452
0.0003263 0.00146484

0.000326953 0.00146454
0.000332812 0.00146161

0.000321094 0.00146741
0.000326335 0.00146484

0.000338672 0.00145861
0.00033794 0.00145898

0.000332812 0.00146161
0.000337971 0.00145898

0.000338672 0.00145862
0.000344531 0.00145558

0.000344531 0.00145559
0.000349183 0.00145312

0.000432422 0.00140284
0.000427358 0.00140625

0.000438281 0.00139883
0.000435991 0.00140039

0.000432422 0.00140284
0.000436009 0.00140039

0.00045 0.00139062
0.000444463 0.00139453

0.000438281 0.00139883
0.000444141 0.00139476

0.000444141 0.00139476
0.000444468 0.00139453

0.000362109 0.0014461
0.000359993 0.00144727

0.00035625 0.00144933
0.000360012 0.00144727

0.000362109 0.00144611
0.000367969 0.00144284

0.000373828 0.0014395
0.000370479 0.00144141

0.000373828 0.0014395
0.000379687 0.00143611

0.000367969 0.00144284
0.000370491 0.00144141

0.000391406 0.00142914
0.000390483 0.00142969

0.000391406 0.00142915
0.000397266 0.00142557

0.000403125 0.00142194
0.000400075 0.00142383

0.000397266 0.00142558
0.000400087 0.00142383

0.000385547 0.00143266
0.000380646 0.00143555

0.000379687 0.00143611
0.000380653 0.00143555

0.000385547 0.00143266
0.000390507 0.00142969

0.000414844 0.00141449
0.000409414 0.00141797

0.000403125 0.00142194
0.000408984 0.00141824

0.000408984 0.00141824
0.000409423 0.00141797

0.000420703 0.00141066
0.000418482 0.00141211

0.000414844 0.00141449
0.000418497 0.00141211

0.000420703 0.00141067
0.000426562 0.00140679

0.000426562 0.00140678
0.000427372 0.00140625

0.000975948 0
0.000975951 5.85937e-06

0.000975951 5.85938e-06
0.00097596 1.17187e-05

0.00097596 1.17187e-05
0.000975974 1.75781e-05

0.000975974 1.75781e-05
0.000975994 2.34375e-05

0.000975994 2.34375e-05
0.000976019 2.92969e-05

0.000976019 2.92969e-05
0.000976051 3.51562e-05

0.000976051 3.51562e-05
0.000976089 4.10156e-05

0.000976089 4.10156e-05
0.000976133 4.6875e-05

0.000976133 4.6875e-05
0.000976183 5.27344e-05

0.000976183 5.27344e-05
0.00097624 5.85937e-05

0.00097624 5.85937e-05
0.000976304 6.44531e-05

0.000976304 6.44531e-05
0.000976374 7.03125e-05

0.000976374 7.03125e-05
0.000976451 7.61719e-05

0.000976451 7.61719e-05
0.000976534 8.20312e-05

0.000976534 8.20312e-05
0.000976625 8.78906e-05

0.000976625 8.78906e-05
0.000976722 9.375e-05

0.000976722 9.375e-05
0.000976825 9.96094e-05

0.000976825 9.96094e-05
0.000976935 0.000105469

0.000976935 0.000105469
0.000977051 0.000111328

0.000977051 0.000111328
0.000977174 0.000117187

0.000977175 0.000117187
0.000977301 0.000123047

0.0009773 0.000123047
0.000977344 0.000125082

0.000977344 0.000125094
0.000977426 0.000128906

0.000977425 0.000128906
0.000977558 0.000134766

0.000977558 0.000134766
0.0009777 0.000140625

0.0009777 0.000140625
0.000977848 0.000146484

0.000977848 0.000146484
0.000978001 0.000152344

0.000978002 0.000152344
0.000978159 0.000158203

0.000978159 0.000158203
0.00097832 0.000164062

0.00097832 0.000164062
0.000978485 0.000169922

0.000978485 0.000169922
0.000978653 0.000175781

0.000978653 0.000175781
0.000978826 0.000181641

0.000978826 0.000181641
0.000979002 0.0001875

0.000979002 0.0001875
0.000979182 0.000193359

0.000979182 0.000193359
0.000979366 0.000199219

0.000979366 0.000199219
0.000979554 0.000205078

0.000979554 0.000205078
0.000979746 0.000210937

0.000979746 0.000210937
0.000979942 0.000216797

0.000979942 0.000216797
0.000980143 0.000222656

0.000980143 0.000222656
0.000980346 0.000228516

0.000980347 0.000228516
0.000980554 0.000234375

0.000980554 0.000234375
0.000980765 0.000240234

0.000980765 0.000240234
0.000980978 0.000246094

0.000980978 0.000246094
0.000981194 0.000251953

0.000981194 0.000251953
0.000981412 0.000257812

0.000981412 0.000257812
0.000981631 0.000263672

0.000981631 0.000263672
0.000981851 0.000269531

0.000981851 0.000269531
0.000982071 0.000275391

0.000982071 0.000275391
0.000982291 0.00028125

0.000982292 0.00028125
0.000982511 0.000287109

0.000982511 0.000287109
0.000982729 0.000292969

0.000982728 0.000292969
0.000982948 0.000298828

0.000982954 0.000298828
0.000983164 0.000304687

0.000983163 0.000304687
0.000983203 0.000305897

0.000983203 0.000305939
0.000983356 0.000310547

0.000983354 0.000310547
0.000983542 0.000316406

0.000983542 0.000316406
0.00098373 0.000322266

0.00098373 0.000322266
0.000983918 0.000328125

0.000983918 0.000328125
0.000984104 0.000333984

0.000984104 0.000333984
0.000984289 0.000339844

0.000984289 0.000339844
0.000984472 0.000345703

0.000984472 0.000345703
0.000984652 0.000351562

0.000984652 0.000351562
0.00098483 0.000357422

0.00098483 0.000357422
0.000985005 0.000363281

0.000985005 0.000363281
0.000985178 0.000369141

0.000985178 0.000369141
0.000985348 0.000375

0.000985348 0.000375
0.000985516 0.000380859

0.000985516 0.000380859
0.000985681 0.000386719

0.000985681 0.000386719
0.000985841 0.000392578

0.000985841 0.000392578
0.000985995 0.000398437

0.000985996 0.000398437
0.000986141 0.000404297

0.000986142 0.000404297
0.000986278 0.000410156

0.000986278 0.000410156
0.000986403 0.000416016

0.000986403 0.000416016
0.000986517 0.000421875

0.000986517 0.000421875
0.000986618 0.000427734

0.000986618 0.000427734
0.000986707 0.000433594

0.000986707 0.000433594
0.000986784 0.000439453

0.000986784 0.000439453
0.000986848 0.000445312

0.000986849 0.000445312
0.0009869 0.000451172

0.000986901 0.000451172
0.00098694 0.000457031

0.00098694 0.000457031
0.000986966 0.000462891

0.000986966 0.000462891
0.000986978 0.00046875

0.000986978 0.00046875
0.000986976 0.000474609

0.000986976 0.000474609
0.000986959 0.000480469

0.00098696 0.000480469
0.000986928 0.000486328

0.000986928 0.000486328
0.00098688 0.000492187

0.00098688 0.000492187
0.000986816 0.000498047

0.000986816 0.000498047
0.000986735 0.000503906

0.000986736 0.000503906
0.000986637 0.000509766

0.000986637 0.000509766
0.000986521 0.000515625

0.000986521 0.000515625
0.000986386 0.000521484

0.000986386 0.000521484
0.000986231 0.000527344

0.000986232 0.000527344
0.000986057 0.000533203

0.000986057 0.000533203
0.000985862 0.000539062

0.000985862 0.000539062
0.000985645 0.000544922

0.000985645 0.000544922
0.000985404 0.000550781

0.000985405 0.000550781
0.000985139 0.000556641

0.000985139 0.000556641
0.000984846 0.0005625

0.000984847 0.0005625
0.000984523 0.000568359

0.000984523 0.000568359
0.000984165 0.000574219

0.000984166 0.000574219
0.000983771 0.000580078

0.000983772 0.000580078
0.000983339 0.000585937

0.000983203 0.000587502
0.000982872 0.000591797

0.000982882 0.000591797
0.000982423 0.000597656

0.000983203 0.000587645
0.000983335 0.000585937

0.000982428 0.000597656
0.000981937 0.000603516

0.000981935 0.000603516
0.000981406 0.000609375

0.000981406 0.000609375
0.000980842 0.000615234

0.000980843 0.000615234
0.000980242 0.000621094

0.000980243 0.000621094
0.000979603 0.000626953

0.000979605 0.000626953
0.000978921 0.000632812

0.000977344 0.000644838
0.000976584 0.000650391

0.000976604 0.000650391
0.000975788 0.00065625

0.000978921 0.000632812
0.000978189 0.000638672

0.000978192 0.000638672
0.000977407 0.000644531

0.000977344 0.000645004
0.000977408 0.000644531

0.000965625 0.000711096
0.000964773 0.000714844

0.000964787 0.000714844
0.000963431 0.000720703

0.000963447 0.000720703
0.000962033 0.000726562

0.000959766 0.000735181
0.000958939 0.000738281

0.00096203 0.000726562
0.00096053 0.000732422

0.000959766 0.000735332
0.000960541 0.000732422

0.000958952 0.000738281
0.00095736 0.000744141

0.000957381 0.000744141
0.00095573 0.00075

0.00097579 0.00065625
0.000974919 0.000662109

0.000974919 0.000662109
0.000973992 0.000667969

0.000973993 0.000667969
0.000973009 0.000673828

0.00097301 0.000673828
0.000971966 0.000679687

0.000971484 0.000682186
0.000970862 0.000685547

0.000970869 0.000685547
0.000969765 0.000691406

0.000971484 0.00068231
0.00097197 0.000679687

0.000969779 0.000691406
0.000968633 0.000697266

0.000968633 0.000697266
0.000967417 0.000703125

0.000967417 0.000703125
0.000966131 0.000708984

0.000965625 0.000711245
0.000966139 0.000708984

0.000725391 0.00112402
0.000724559 0.001125

0.00073125 0.00111712
0.000729553 0.00111914

0.000725391 0.00112404
0.000729556 0.00111914

0.000801563 0.0010305
0.00080099 0.00103125

0.000819141 0.00100733
0.000818784 0.00100781

0.000825 0.00099941
0.000823151 0.00100195

0.000819141 0.00100739
0.00082318 0.00100195

0.000813281 0.00101519
0.000809999 0.00101953

0.000807422 0.00102286
0.000805527 0.00102539

0.000801562 0.00103056
0.00080554 0.00102539

0.000807422 0.00102294
0.000810015 0.00101953

0.000818822 0.00100781
0.000814432 0.00101367

0.000813281 0.00101523
0.000814439 0.00101367

0.000766406 0.00107482
0.000763739 0.00107812

0.000778125 0.0010603
0.000777926 0.00106055

0.000777952 0.00106055
0.000773241 0.00106641

0.000772266 0.00106761
0.000768501 0.00107227

0.000766406 0.00107486
0.000768487 0.00107227

0.000772266 0.00106762
0.000773241 0.00106641

0.000754688 0.0010891
0.000754079 0.00108984

0.000748828 0.0010962
0.000744356 0.00110156

0.000754093 0.00108984
0.000749236 0.0010957

0.000748828 0.0010962
0.000749237 0.0010957

0.000737109 0.00111017
0.000734529 0.00111328

0.000742969 0.00110321
0.000739449 0.00110742

0.000737109 0.00111022
0.000739428 0.00110742

0.00073125 0.00111715
0.000734504 0.00111328

0.000742969 0.00110323
0.000744351 0.00110156

0.000760547 0.00108199
0.000758924 0.00108398

0.000754687 0.00108913
0.000758929 0.00108398

0.000760547 0.00108202
0.000763728 0.00107812

0.000783984 0.00105295
0.000782623 0.00105469

0.000789844 0.00104556
0.000787287 0.00104883

0.000783984 0.001053
0.000787293 0.00104883

0.000795703 0.0010381
0.0007919 0.00104297

0.000801023 0.00103125
0.000796478 0.00103711

0.000795703 0.00103812
0.000796482 0.00103711

0.000789844 0.00104562
0.000791888 0.00104297

0.000778125 0.00106033
0.000782637 0.00105469

0.000549609 0.00130996
0.000546782 0.0013125

0.000555469 0.00130459
0.000553221 0.00130664

0.000549609 0.00130994
0.00055326 0.00130664

0.000561328 0.00129915
0.000559569 0.00130078

0.000567187 0.00129364
0.000565831 0.00129492

0.000561328 0.00129914
0.000565862 0.00129492

0.000555469 0.00130457
0.00055961 0.00130078

0.000573047 0.00128808
0.000572012 0.00128906

0.000578906 0.00128244
0.000578118 0.0012832

0.000573047 0.00128809
0.00057814 0.0012832

0.000584766 0.00127674
0.000584151 0.00127734

0.000590625 0.00127098
0.000590117 0.00127148

0.000584766 0.00127676
0.000590137 0.00127148

0.000578906 0.00128245
0.000584172 0.00127734

0.000567188 0.00129365
0.000572038 0.00128906

0.000596484 0.00126516
0.000596017 0.00126562

0.000602344 0.00125927
0.000601856 0.00125977

0.000596484 0.00126518
0.00060187 0.00125977

0.000608203 0.00125333
0.000607636 0.00125391

0.000614062 0.00124733
0.000613362 0.00124805

0.000608203 0.00125335
0.000613375 0.00124805

0.000602344 0.00125929
0.00060765 0.00125391

0.000619922 0.00124127
0.000619035 0.00124219

0.000625781 0.00123515
0.000624658 0.00123633

0.000619922 0.00124129
0.000624664 0.00123633

0.000631641 0.00122898
0.000630233 0.00123047

0.0006375 0.00122275
0.000635764 0.00122461

0.000631641 0.00122901
0.000635755 0.00122461

0.000625781 0.00123518
0.000630234 0.00123047

0.000614063 0.00124735
0.000619045 0.00124219

0.000590625 0.001271
0.000596038 0.00126563

0.000496875 0.00135513
0.000491556 0.00135937

0.000461719 0.00138214
0.000460793 0.00138281

0.000461719 0.00138215
0.000467578 0.00137782

0.000473437 0.00137341
0.000468725 0.00137695

0.000467578 0.00137781
0.000468741 0.00137695

0.000455859 0.00138642
0.000452712 0.00138867

0.00045 0.00139062
0.000452733 0.00138867

0.000455859 0.00138642
0.000460815 0.00138281

0.000479297 0.00136895
0.00047646 0.00137109

0.000485156 0.0013644
0.000484075 0.00136523

0.000479297 0.00136895
0.000484096 0.00136523

0.000473438 0.00137341
0.000476498 0.00137109

0.000485156 0.00136441
0.000491016 0.00135981

0.000491016 0.00135981
0.000491562 0.00135937

0.000520312 0.00133573
0.000520071 0.00133594

0.000508594 0.00134558
0.000506041 0.00134766

0.000502734 0.00135039
0.000498864 0.00135352

0.000496875 0.00135512
0.000498892 0.00135352

0.000502734 0.00135037
0.000506088 0.00134766

0.000514453 0.00134069
0.000513121 0.0013418

0.000508594 0.00134558
0.000513141 0.0013418

0.000514453 0.0013407
0.000520093 0.00133594

0.000520313 0.00133575
0.000526172 0.00133073

0.000532031 0.00132564
0.000526922 0.00133008

0.000526172 0.00133073
0.000526928 0.00133008

0.000537891 0.00132049
0.000533635 0.00132422

0.00054375 0.00131527
0.000540245 0.00131836

0.000537891 0.00132047
0.000540283 0.00131836

0.000532031 0.00132564
0.000533656 0.00132422

0.00054375 0.00131524
0.000546818 0.0013125

0.000684375 0.00117124
0.000683815 0.00117187

0.000643359 0.00121648
0.000641253 0.00121875

0.000649219 0.00121015
0.000646702 0.00121289

0.000643359 0.00121651
0.000646689 0.00121289

0.000655078 0.00120377
0.000652115 0.00120703

0.000660937 0.00119734
0.000657494 0.00120117

0.000655078 0.0012038
0.000657469 0.00120117

0.000649219 0.00121018
0.000652098 0.00120703

0.000666797 0.00119089
0.000662818 0.00119531

0.000672656 0.0011844
0.00066811 0.00118945

0.000666797 0.00119091
0.000668108 0.00118945

0.000678516 0.00117785
0.000673377 0.00118359

0.000683826 0.00117187
0.000678616 0.00117773

0.000678516 0.00117785
0.000678616 0.00117773

0.000672656 0.0011844
0.000673377 0.00118359

0.000660938 0.00119738
0.000662804 0.00119531

0.000707812 0.00114448
0.000704407 0.00114844

0.000696094 0.00115794
0.000694163 0.00116016

0.000690234 0.00116461
0.000689001 0.00116602

0.000684375 0.00117126
0.00068901 0.00116602

0.000690234 0.00116463
0.00069416 0.00116016

0.000701953 0.00115122
0.000699304 0.0011543

0.000696094 0.00115798
0.000699272 0.0011543

0.000701953 0.00115126
0.00070438 0.00114844

0.000719531 0.00113089
0.000714529 0.00113672

0.000713672 0.00113771
0.000709475 0.00114258

0.000707812 0.0011445
0.000709468 0.00114258

0.000713672 0.00113772
0.000714528 0.00113672

0.000724568 0.001125
0.000719559 0.00113086

0.000719531 0.00113089
0.000719559 0.00113086

0.0006375 0.00122279
0.000641241 0.00121875

0.000871875 0.000931279
0.000871653 0.000931641

0.000871665 0.000931641
0.000867916 0.0009375

0.00091875 0.00084702
0.000917519 0.000849609

0.000917551 0.000849609
0.000914702 0.000855469

0.000912891 0.000859041
0.000911752 0.000861328

0.000911784 0.000861328
0.000908801 0.000867187

0.000912891 0.000859209
0.000914752 0.000855469

0.000907031 0.000870522
0.000905718 0.000873047

0.000905756 0.000873047
0.000902638 0.000878906

0.000901172 0.000881541
0.000899422 0.000884766

0.000899464 0.000884766
0.000896209 0.000890625

0.000901172 0.000881724
0.000902701 0.000878906

0.000907031 0.000870698
0.000908857 0.000867187

0.000883594 0.000912244
0.000882506 0.000914062

0.000895312 0.000892169
0.000892874 0.000896484

0.000892905 0.000896484
0.000889522 0.000902344

0.000889453 0.000902429
0.000886063 0.000908203

0.000883594 0.000912423
0.000886118 0.000908203

0.000889453 0.000902469
0.000889525 0.000902344

0.000877734 0.000921911
0.000875339 0.000925781

0.000882562 0.000914062
0.000878986 0.000919922

0.000877734 0.000922045
0.000879047 0.000919922

0.000871875 0.000931325
0.000875371 0.000925781

0.000895312 0.000892292
0.000896254 0.000890625

0.000942187 0.000791262
0.000940112 0.000796875

0.000953906 0.00075599
0.000952162 0.000761719

0.000952198 0.000761719
0.000950374 0.000767578

0.000950374 0.000767578
0.000948441 0.000773437

0.00095573 0.00075
0.00095398 0.000755859

0.000953906 0.000756106
0.000953981 0.000755859

0.000948047 0.00077449
0.00094642 0.000779297

0.000946452 0.000779297
0.000944431 0.000785156

0.000948047 0.000774637
0.000948453 0.000773437

0.000944439 0.000785156
0.000942317 0.000791016

0.000942187 0.000791377
0.000942321 0.000791016

0.000936328 0.000806677
0.000935568 0.000808594

0.000940151 0.000796875
0.000937938 0.000802734

0.000936328 0.000806832
0.000937952 0.000802734

0.000935587 0.000808594
0.000933215 0.000814453

0.000933248 0.000814453
0.000930807 0.000820312

0.000930469 0.000821005
0.000928257 0.000826172

0.000928293 0.000826172
0.000925728 0.000832031

0.000924609 0.000834383
0.00092302 0.000837891

0.000923056 0.000837891
0.000920343 0.00084375

0.000924609 0.000834591
0.00092577 0.000832031

0.000930469 0.000821124
0.000930816 0.000820312

0.00091875 0.0008472
0.000920391 0.00084375

0.000836719 0.000983223
0.000835912 0.000984375

0.000848438 0.000966616
0.000848315 0.000966797

0.00084833 0.000966797
0.000844258 0.000972656

0.000842578 0.000975012
0.000840114 0.000978516

0.000836719 0.000983337
0.000840154 0.000978516

0.000842578 0.00097512
0.000844294 0.000972656

0.000854297 0.000958009
0.000852313 0.000960937

0.000860156 0.000949349
0.000856329 0.000955078

0.000854297 0.000958166
0.000856388 0.000955078

0.000866016 0.000940356
0.000864065 0.000943359

0.000864116 0.000943359
0.000860246 0.000949219

0.000866016 0.000940532
0.000867985 0.0009375

0.000860156 0.000949361
0.000860249 0.000949219

0.000848437 0.000966645
0.000852362 0.000960937

0.000830859 0.000991445
0.000827479 0.000996094

0.000835963 0.000984375
0.000831743 0.000990234

0.000830859 0.000991492
0.000831754 0.000990234

0.000825 0.000999513
0.000827509 0.000996094

-9.09292e-05 0.0015
-8.90625e-05 0.00150109

-8.90625e-05 0.0015011
-8.32031e-05 0.0015043

-8.32031e-05 0.00150433
-8.01997e-05 0.00150586

-8.01304e-05 0.00150586
-7.73438e-05 0.00150728

-7.73438e-05 0.00150729
-7.14844e-05 0.00151008

-7.14844e-05 0.00151009
-6.78105e-05 0.00151172

-6.77717e-05 0.00151172
-6.5625e-05 0.00151267

-6.5625e-05 0.00151266
-5.97656e-05 0.00151508

-5.97656e-05 0.0015151
-5.39063e-05 0.00151734

-5.39063e-05 0.00151735
-5.32607e-05 0.00151758

-5.32045e-05 0.00151758
-4.80469e-05 0.0015194

-4.80469e-05 0.0015194
-4.21875e-05 0.00152133

-4.21875e-05 0.00152134
-3.63281e-05 0.00152312

-3.63281e-05 0.00152312
-3.51745e-05 0.00152344

-3.51263e-05 0.00152344
-3.04688e-05 0.00152473

-3.04688e-05 0.00152473
-2.46094e-05 0.00152623

-2.46094e-05 0.00152623
-1.875e-05 0.0015276

-1.875e-05 0.0015276
-1.28906e-05 0.00152884

-1.28906e-05 0.00152884
-1.05004e-05 0.0015293

-1.04758e-05 0.0015293
-7.03125e-06 0.00152995

-7.03125e-06 0.00152996
-1.17187e-06 0.00153096

-1.17187e-06 0.00153096
4.6875e-06 0.00153186

4.6875e-06 0.00153186
1.05469e-05 0.00153266

1.05469e-05 0.00153266
1.64062e-05 0.00153335

1.64063e-05 0.00153335
2.22656e-05 0.00153394

2.22656e-05 0.00153394
2.8125e-05 0.00153443

2.8125e-05 0.00153443
3.39844e-05 0.00153483

3.39844e-05 0.00153483
3.98437e-05 0.00153513

3.98438e-05 0.00153513
4.05801e-05 0.00153516

4.06131e-05 0.00153516
4.57031e-05 0.00153534

4.57031e-05 0.00153534
5.15625e-05 0.00153546

5.15625e-05 0.00153546
5.74219e-05 0.00153549

5.74219e-05 0.00153549
6.32812e-05 0.00153544

7.5e-05 0.00153509
7.32314e-05 0.00153516

6.32813e-05 0.00153544
6.91406e-05 0.00153531

6.91406e-05 0.00153531
7.32473e-05 0.00153516

7.5e-05 0.00153509
8.08594e-05 0.0015348

8.08594e-05 0.0015348
8.67187e-05 0.00153442

8.67188e-05 0.00153442
9.25781e-05 0.00153398

9.25781e-05 0.00153398
9.84375e-05 0.00153346

9.84375e-05 0.00153346
0.000104297 0.00153286

0.000104297 0.00153286
0.000110156 0.0015322

0.000110156 0.0015322
0.000116016 0.00153147

0.000116016 0.00153147
0.000121875 0.00153067

0.000121875 0.00153067
0.000127734 0.00152981

0.000133594 0.00152888
0.000130951 0.0015293

0.000127734 0.00152981
0.000130975 0.0015293

0.000133594 0.00152888
0.000139453 0.00152789

0.000139453 0.00152788
0.000145312 0.00152683

0.000162891 0.00152327
0.000162111 0.00152344

0.000162891 0.00152328
0.00016875 0.00152197

0.000145312 0.00152683
0.000151172 0.00152571

0.000151172 0.00152571
0.000157031 0.00152452

0.000157031 0.00152453
0.000162159 0.00152344

0.00016875 0.00152197
0.000174609 0.00152061

0.000174609 0.00152061
0.000180469 0.00151918

0.000180469 0.00151918
0.000186328 0.00151769

0.000192187 0.00151615
0.000186763 0.00151758

0.000186328 0.00151769
0.000186769 0.00151758

0.000192187 0.00151614
0.000198047 0.00151454

0.000198047 0.00151454
0.000203906 0.00151287

0.000209766 0.00151114
0.000207809 0.00151172

0.000209766 0.00151115
0.000215625 0.00150937

0.000203906 0.00151288
0.000207847 0.00151172

0.000215625 0.00150937
0.000221484 0.00150753

0.000227344 0.00150562
0.000226591 0.00150586

0.000221484 0.00150753
0.00022664 0.00150586

0.000227344 0.00150563
0.000233203 0.00150367

0.000233203 0.00150367
0.000239062 0.00150166

0.000239062 0.00150166
0.000243753 0.0015

