0.00345 0.00207149
0.00344899 0.00207422

0.00344898 0.00207422
0.0034469 0.00208008

0.00344688 0.00208008
0.00344494 0.00208594

0.00344414 0.0020886
0.00344315 0.0020918

0.00344313 0.0020918
0.00344139 0.00209766

0.00344414 0.00208859
0.00344497 0.00208594

0.00344137 0.00209766
0.00343976 0.00210352

0.00343978 0.00210352
0.00343831 0.00210937

0.00343828 0.00210952
0.00343694 0.00211523

0.00343693 0.00211523
0.00343566 0.00212109

0.00343566 0.00212109
0.00343452 0.00212695

0.00343452 0.00212695
0.00343353 0.00213281

0.00343828 0.00210954
0.00343832 0.00210937

0.00343242 0.00214054
0.00343191 0.00214453

0.00343353 0.00213281
0.00343266 0.00213867

0.00343242 0.00214056
0.00343266 0.00213867

0.0034319 0.00214453
0.00343127 0.00215039

0.00343127 0.00215039
0.00343078 0.00215625

0.00343078 0.00215625
0.00343042 0.00216211

0.00343042 0.00216211
0.0034302 0.00216797

0.0034302 0.00216797
0.00343012 0.00217383

0.00343012 0.00217383
0.00343018 0.00217969

0.00343018 0.00217969
0.00343039 0.00218555

0.00343039 0.00218555
0.00343075 0.00219141

0.00343075 0.00219141
0.00343126 0.00219727

0.00343125 0.00219727
0.00343191 0.00220312

0.00343191 0.00220312
0.00343242 0.00220675

0.00343242 0.00220676
0.00343274 0.00220898

0.00343274 0.00220898
0.00343375 0.00221484

0.00343376 0.00221484
0.00343494 0.0022207

0.00343494 0.0022207
0.00343628 0.00222656

0.00343627 0.00222656
0.0034378 0.00223242

0.00343779 0.00223242
0.00343828 0.00223406

0.00343828 0.00223406
0.00343955 0.00223828

0.00343957 0.00223828
0.00344152 0.00224414

0.0034415 0.00224414
0.00344365 0.00225

0.00344364 0.00225
0.00344414 0.00225122

0.00344414 0.0022512
0.00344605 0.00225586

0.00344606 0.00225586
0.00344869 0.00226172

0.00344866 0.00226172
0.00345 0.00226445

0.00358477 0.00187211
0.00358195 0.001875

0.00359062 0.0018662
0.0035877 0.00186914

0.00358477 0.0018721
0.00358768 0.00186914

0.00363164 0.00182768
0.00363114 0.00182812

0.00363164 0.00182767
0.0036375 0.00182253

0.0036082 0.00184911
0.00360562 0.00185156

0.00361406 0.00184362
0.00361182 0.0018457

0.0036082 0.00184909
0.00361183 0.0018457

0.00359648 0.0018604
0.00359356 0.00186328

0.00360234 0.00185471
0.00359953 0.00185742

0.00359648 0.00186039
0.00359953 0.00185742

0.00359062 0.00186619
0.00359355 0.00186328

0.00360234 0.00185469
0.00360562 0.00185156

0.00361992 0.00183822
0.00361814 0.00183984

0.00362578 0.00183291
0.00362458 0.00183398

0.00361992 0.0018382
0.00362458 0.00183398

0.00361406 0.00184358
0.00361816 0.00183984

0.00362578 0.00183289
0.00363113 0.00182812

0.00369023 0.00177972
0.00368819 0.00178125

0.00369609 0.00177529
0.00369596 0.00177539

0.00369023 0.00177969
0.00369594 0.00177539

0.00370781 0.00176664
0.00370387 0.00176953

0.00369609 0.00177528
0.00370195 0.00177093

0.00370195 0.00177091
0.00370387 0.00176953

0.00372539 0.00175413
0.00372014 0.00175781

0.00373125 0.00175008
0.00372853 0.00175195

0.00372539 0.00175412
0.00372852 0.00175195

0.00371367 0.00176243
0.00371191 0.00176367

0.00370781 0.00176663
0.00371191 0.00176367

0.00371367 0.0017624
0.00371953 0.00175823

0.00371953 0.00175823
0.00372013 0.00175781

0.00366094 0.00180279
0.0036586 0.00180469

0.00364922 0.0018125
0.00364462 0.00181641

0.00364336 0.00181748
0.00363781 0.00182227

0.0036375 0.00182253
0.00363781 0.00182227

0.00364336 0.00181747
0.00364462 0.00181641

0.00365508 0.00180762
0.00365154 0.00181055

0.00364922 0.00181249
0.00365155 0.00181055

0.00365508 0.00180758
0.00365862 0.00180469

0.0036668 0.00179803
0.0036658 0.00179883

0.00366094 0.00180277
0.0036658 0.00179883

0.0036668 0.00179802
0.00367266 0.00179334

0.00367852 0.00178872
0.00367312 0.00179297

0.00368437 0.00178418
0.0036806 0.00178711

0.00367852 0.00178871
0.0036806 0.00178711

0.00367266 0.00179333
0.00367312 0.00179297

0.00368437 0.00178417
0.00368819 0.00178125

0.00376055 0.00173063
0.00375474 0.00173437

0.00376641 0.0017269
0.00376387 0.00172852

0.00376055 0.00173062
0.00376385 0.00172852

0.00377812 0.0017196
0.00377318 0.00172266

0.00376641 0.00172689
0.00377227 0.00172321

0.00377227 0.00172321
0.00377317 0.00172266

0.00373711 0.00174608
0.00373709 0.00174609

0.00373711 0.00174607
0.00374297 0.00174213

0.00373125 0.00175006
0.00373707 0.00174609

0.00374883 0.00173824
0.00374583 0.00174023

0.00374297 0.00174212
0.00374581 0.00174023

0.00374883 0.00173823
0.00375469 0.0017344

0.00375469 0.0017344
0.00375473 0.00173437

0.0037957 0.00170902
0.00379247 0.00171094

0.0037957 0.00170901
0.00380156 0.00170558

0.00378398 0.00171603
0.00378272 0.0017168

0.00377812 0.00171959
0.00378269 0.0017168

0.00378398 0.00171601
0.00378984 0.00171249

0.00378984 0.00171248
0.00379244 0.00171094

0.00381328 0.00169888
0.00381268 0.00169922

0.00380742 0.0017022
0.00380244 0.00170508

0.00380156 0.00170558
0.00380243 0.00170508

0.00380742 0.00170219
0.00381265 0.00169922

0.00381328 0.00169886
0.00381914 0.00169558

0.003825 0.00169234
0.00382316 0.00169336

0.00381914 0.00169557
0.00382313 0.00169336

0.00354375 0.00191715
0.0035398 0.00192187

0.00350859 0.00196271
0.00350847 0.00196289

0.00350843 0.00196289
0.00350437 0.00196875

0.00351445 0.0019545
0.00351263 0.00195703

0.00352031 0.00194658
0.00351688 0.00195117

0.00351445 0.00195449
0.00351688 0.00195117

0.00350859 0.00196266
0.0035126 0.00195703

0.00353203 0.00193146
0.00353035 0.00193359

0.00352617 0.00193893
0.00352577 0.00193945

0.00352573 0.00193945
0.00352126 0.00194531

0.00352617 0.00193889
0.00353032 0.00193359

0.00353789 0.0019242
0.00353503 0.00192773

0.00353203 0.00193145
0.003535 0.00192773

0.00353789 0.00192421
0.00353979 0.00192187

0.00352031 0.00194658
0.00352125 0.00194531

0.00349687 0.00197999
0.00349657 0.00198047

0.00349102 0.00198918
0.00348914 0.00199219

0.00349654 0.00198047
0.00349278 0.00198633

0.00349102 0.00198916
0.00349278 0.00198633

0.00348516 0.00199877
0.00348213 0.00200391

0.0034793 0.0020089
0.00347881 0.00200977

0.00347878 0.00200977
0.00347554 0.00201563

0.0034793 0.00200886
0.00348213 0.00200391

0.00348912 0.00199219
0.00348557 0.00199805

0.00348516 0.00199876
0.00348557 0.00199805

0.00347344 0.0020196
0.00347243 0.00202148

0.0034724 0.00202148
0.00346937 0.00202734

0.00346758 0.00203099
0.00346647 0.0020332

0.00346645 0.0020332
0.00346363 0.00203906

0.00346758 0.00203096
0.00346938 0.00202734

0.00346172 0.00204324
0.00346094 0.00204492

0.00346092 0.00204492
0.00345831 0.00205078

0.00345586 0.00205658
0.00345583 0.00205664

0.00345583 0.00205664
0.00345343 0.0020625

0.00345586 0.00205654
0.00345831 0.00205078

0.00346172 0.00204321
0.00346364 0.00203906

0.00347344 0.00201957
0.00347555 0.00201562

0.00350273 0.00197118
0.00350041 0.00197461

0.00349687 0.00197995
0.0035004 0.00197461

0.00350273 0.00197116
0.00350436 0.00196875

0.00356133 0.00189701
0.00356004 0.00189844

0.00356719 0.00189058
0.00356536 0.00189258

0.00356133 0.00189699
0.00356532 0.00189258

0.00355547 0.00190357
0.00355483 0.0019043

0.0035548 0.0019043
0.0035497 0.00191016

0.00354961 0.00191026
0.0035447 0.00191602

0.00354375 0.00191714
0.00354469 0.00191602

0.00354961 0.00191026
0.0035497 0.00191016

0.00355547 0.00190354
0.00356001 0.00189844

0.00357305 0.0018843
0.00357078 0.00188672

0.00357891 0.00187814
0.00357631 0.00188086

0.00357305 0.00188429
0.00357628 0.00188086

0.00356719 0.00189058
0.00357074 0.00188672

0.00357891 0.00187813
0.00358193 0.001875

0.00345341 0.0020625
0.00345112 0.00206836

0.00345 0.00207147
0.00345115 0.00206836

0.00383672 0.00168599
0.00383391 0.0016875

0.00383672 0.00168598
0.00384258 0.00168287

0.00384844 0.00167981
0.00384494 0.00168164

0.00384258 0.00168286
0.00384492 0.00168164

0.00386016 0.00167381
0.00385628 0.00167578

0.00384844 0.0016798
0.0038543 0.00167678

0.0038543 0.00167678
0.00385625 0.00167578

0.00386016 0.0016738
0.00386602 0.00167086

0.00387187 0.00166797
0.00386793 0.00166992

0.00386602 0.00167086
0.00386791 0.00166992

0.00388359 0.0016623
0.00387992 0.00166406

0.00388359 0.00166229
0.00388945 0.00165951

0.00389531 0.00165679
0.00389228 0.0016582

0.00388945 0.00165951
0.00389225 0.0016582

0.00387187 0.00166796
0.00387773 0.00166511

0.00387773 0.0016651
0.0038799 0.00166406

0.00390703 0.00165143
0.00390501 0.00165234

0.00389531 0.00165678
0.00390117 0.00165408

0.00390117 0.00165407
0.00390498 0.00165234

0.00390703 0.00165142
0.00391289 0.0016488

0.00391875 0.00164622
0.00391815 0.00164648

0.00391289 0.00164879
0.00391811 0.00164648

0.00393633 0.00163867
0.0039317 0.00164062

0.00393633 0.00163866
0.00394219 0.00163622

0.00394805 0.00163382
0.00394574 0.00163477

0.00394219 0.00163621
0.0039457 0.00163477

0.00394805 0.00163381
0.00395391 0.00163143

0.00396562 0.00162678
0.00396024 0.00162891

0.00395391 0.00163142
0.00395977 0.00162908

0.00395977 0.00162909
0.00396022 0.00162891

0.00391875 0.00164621
0.00392461 0.00164366

0.00392461 0.00164365
0.00393047 0.00164114

0.00393047 0.00164114
0.00393168 0.00164062

0.00396562 0.00162678
0.00397148 0.0016245

0.00397734 0.00162226
0.00397529 0.00162305

0.00397148 0.00162449
0.00397525 0.00162305

0.00397734 0.00162226
0.0039832 0.00162004

0.0039832 0.00162003
0.00398906 0.00161784

0.00399492 0.0016157
0.00399087 0.00161719

0.00399492 0.0016157
0.00400078 0.00161357

0.00400078 0.00161356
0.00400664 0.00161146

0.0040125 0.0016094
0.00400704 0.00161133

0.00400664 0.00161146
0.00400702 0.00161133

0.00398906 0.00161784
0.00399084 0.00161719

0.003825 0.00169233
0.00383086 0.00168913

0.00383086 0.00168913
0.00383388 0.0016875

0.00406523 0.00159192
0.00405942 0.00159375

0.00406523 0.00159192
0.00407109 0.00159009

0.00407109 0.00159008
0.00407695 0.00158828

0.00408281 0.00158651
0.00407826 0.00158789

0.00407695 0.00158828
0.00407824 0.00158789

0.00408281 0.00158651
0.00408867 0.00158474

0.00408867 0.00158474
0.00409453 0.00158299

0.00410039 0.00158127
0.00409781 0.00158203

0.00410039 0.00158127
0.00410625 0.00157956

0.00409453 0.00158299
0.00409778 0.00158203

0.00402422 0.00160534
0.00402386 0.00160547

0.0040125 0.0016094
0.00401836 0.00160735

0.00401836 0.00160734
0.00402381 0.00160547

0.00402422 0.00160534
0.00403008 0.00160335

0.00403008 0.00160335
0.00403594 0.00160138

0.0040418 0.00159945
0.00404131 0.00159961

0.00403594 0.00160137
0.00404127 0.00159961

0.0040418 0.00159944
0.00404766 0.00159753

0.00404766 0.00159753
0.00405352 0.00159563

0.00405352 0.00159562
0.00405937 0.00159376

0.00405937 0.00159376
0.00405939 0.00159375

0.00410625 0.00157956
0.00411211 0.00157786

0.00411211 0.00157786
0.00411797 0.00157619

0.00412383 0.00157454
0.00411804 0.00157617

0.00411797 0.00157618
0.00411802 0.00157617

0.00412383 0.00157454
0.00412969 0.00157289

0.00414141 0.00156965
0.00413898 0.00157031

0.00414141 0.00156964
0.00414727 0.00156804

0.00414727 0.00156804
0.00415312 0.00156645

0.00412969 0.00157288
0.00413555 0.00157125

0.00413555 0.00157125
0.00413895 0.00157031

0.00415312 0.00156644
0.00415898 0.00156486

0.00416484 0.00156331
0.00416054 0.00156445

0.00415898 0.00156486
0.00416052 0.00156445

0.00416484 0.00156331
0.0041707 0.00156175

0.0041707 0.00156175
0.00417656 0.00156019

0.00418828 0.00155713
0.00418266 0.00155859

0.00417656 0.00156019
0.00418242 0.00155865

0.00418242 0.00155865
0.00418264 0.00155859

0.00418828 0.00155713
0.00419414 0.00155561

0.00419414 0.0015556
0.0042 0.00155408

0.00397734 0.00224687
0.00397313 0.00225

0.00398906 0.00223802
0.00398871 0.00223828

0.0039832 0.00224248
0.00398094 0.00224414

0.00397734 0.00224687
0.00398098 0.00224414

0.0039832 0.00224247
0.00398874 0.00223828

0.00400664 0.00222455
0.00400399 0.00222656

0.0040125 0.00221997
0.00401155 0.0022207

0.00400664 0.00222454
0.00401159 0.0022207

0.00398906 0.00223803
0.00399492 0.00223357

0.00400078 0.00222907
0.00399641 0.00223242

0.00399492 0.00223356
0.00399643 0.00223242

0.00400078 0.00222906
0.00400404 0.00222656

0.00409453 0.00215477
0.00409266 0.00215625

0.00410039 0.00215005
0.00409996 0.00215039

0.00409453 0.00215478
0.0041 0.00215039

0.00410039 0.00215007
0.00410625 0.00214536

0.00403594 0.00220158
0.00403395 0.00220312

0.0040418 0.00219692
0.00404136 0.00219727

0.00403594 0.00220158
0.00404139 0.00219727

0.0040418 0.00219694
0.00404766 0.00219228

0.00405352 0.00218761
0.00404875 0.00219141

0.00405937 0.00218295
0.00405609 0.00218555

0.00405352 0.0021876
0.00405614 0.00218555

0.00404766 0.00219228
0.00404877 0.00219141

0.00402422 0.00221082
0.00401909 0.00221484

0.0040125 0.00221999
0.00401836 0.00221542

0.00401836 0.00221542
0.0040191 0.00221484

0.00403008 0.00220621
0.00402654 0.00220898

0.00402422 0.00221081
0.00402658 0.00220898

0.00403008 0.00220621
0.00403399 0.00220312

0.00406523 0.00217825
0.00406342 0.00217969

0.00407109 0.00217355
0.00407075 0.00217383

0.00406523 0.00217827
0.00407078 0.00217383

0.00408281 0.00216418
0.00407809 0.00216797

0.00407109 0.00217357
0.00407695 0.00216888

0.00407695 0.00216888
0.0040781 0.00216797

0.00405937 0.00218294
0.00406346 0.00217969

0.00408867 0.00215949
0.00408537 0.00216211

0.00408281 0.00216417
0.00408542 0.00216211

0.00408867 0.00215948
0.0040927 0.00215625

0.00415312 0.00210757
0.00415086 0.00210937

0.00412383 0.00213121
0.00412181 0.00213281

0.00412969 0.00212647
0.00412909 0.00212695

0.00412383 0.00213123
0.00412913 0.00212695

0.00411211 0.00214065
0.00410728 0.00214453

0.00411797 0.00213594
0.00411455 0.00213867

0.00411211 0.00214064
0.00411459 0.00213867

0.00410625 0.00214536
0.00410729 0.00214453

0.00411797 0.00213594
0.00412186 0.00213281

0.00414141 0.00211704
0.00413639 0.00212109

0.00412969 0.0021265
0.00413555 0.00212178

0.00413555 0.00212178
0.0041364 0.00212109

0.00414727 0.00211232
0.00414364 0.00211523

0.00414141 0.00211704
0.00414367 0.00211523

0.00414727 0.00211231
0.00415092 0.00210937

0.00415898 0.0021028
0.0041581 0.00210352

0.00415312 0.00210758
0.00415815 0.00210352

0.00415898 0.00210283
0.00416484 0.00209808

0.0041707 0.00209331
0.00416536 0.00209766

0.00417656 0.00208854
0.00417255 0.0020918

0.0041707 0.00209331
0.00417258 0.0020918

0.00416484 0.00209808
0.00416537 0.00209766

0.00418242 0.00208376
0.00417971 0.00208594

0.00418828 0.00207893
0.00418687 0.00208008

0.00418242 0.00208376
0.00418692 0.00208008

0.00419414 0.00207411
0.00419401 0.00207422

0.00419414 0.00207414
0.0042 0.00206931

0.00418828 0.00207896
0.00419406 0.00207422

0.00417656 0.00208852
0.00417978 0.00208594

0.00345 0.00226443
0.00345155 0.00226758

0.00345157 0.00226758
0.00345472 0.00227344

0.00345468 0.00227344
0.00345586 0.00227545

0.00345586 0.00227541
0.00345813 0.0022793

0.00345813 0.0022793
0.00346172 0.0022849

0.00346172 0.00228491
0.00346188 0.00228516

0.00346188 0.00228516
0.00346594 0.00229102

0.00346594 0.00229102
0.00346758 0.00229327

0.00346758 0.00229321
0.00347034 0.00229687

0.00347035 0.00229687
0.00347344 0.00230068

0.00347344 0.00230066
0.00347515 0.00230273

0.00347515 0.00230273
0.0034793 0.00230742

0.0034793 0.00230742
0.00348037 0.00230859

0.00348037 0.00230859
0.00348516 0.00231359

0.00348516 0.00231358
0.00348603 0.00231445

0.00348603 0.00231445
0.00349102 0.00231921

0.00349102 0.00231923
0.00349221 0.00232031

0.00349224 0.00232031
0.00349687 0.0023244

0.00349687 0.00232443
0.00349899 0.00232617

0.00349903 0.00232617
0.00350273 0.00232918

0.00350273 0.00232923
0.00350641 0.00233203

0.00350645 0.00233203
0.00350859 0.00233361

0.00350859 0.00233367
0.00351445 0.0023378

0.00351445 0.0023378
0.00351459 0.00233789

0.00351462 0.00233789
0.00352031 0.00234163

0.00352031 0.00234165
0.00352374 0.00234375

0.00352381 0.00234375
0.00352617 0.0023452

0.00352617 0.00234522
0.00353203 0.00234856

0.00353203 0.00234857
0.00353398 0.00234961

0.00353403 0.00234961
0.00353789 0.00235166

0.00353789 0.00235166
0.00354375 0.00235456

0.00354375 0.00235457
0.00354571 0.00235547

0.00354576 0.00235547
0.00354961 0.00235724

0.00354961 0.00235724
0.00355547 0.00235975

0.00355547 0.00235976
0.00355944 0.00236133

0.00355951 0.00236133
0.00356133 0.00236205

0.00356133 0.00236206
0.00356719 0.00236421

0.00356719 0.00236421
0.00357305 0.00236619

0.00357305 0.0023662
0.00357622 0.00236719

0.00357629 0.00236719
0.00357891 0.002368

0.00357891 0.00236801
0.00358477 0.00236968

0.00358477 0.00236968
0.00359062 0.00237121

0.00359062 0.0023712
0.00359648 0.00237259

0.00359648 0.00237259
0.00359861 0.00237305

0.00359867 0.00237305
0.00360234 0.00237383

0.00360234 0.00237383
0.0036082 0.00237495

0.0036082 0.00237495
0.00361406 0.00237594

0.00361406 0.00237594
0.00361992 0.00237681

0.00361992 0.0023768
0.00362578 0.00237754

0.00362578 0.00237754
0.00363164 0.00237816

0.00363164 0.00237816
0.0036375 0.00237866

0.0036375 0.00237866
0.0036412 0.00237891

0.00364131 0.00237891
0.00364336 0.00237904

0.00364336 0.00237904
0.00364922 0.00237932

0.00364922 0.00237932
0.00365508 0.00237948

0.00365508 0.00237948
0.00366094 0.00237954

0.00366094 0.00237954
0.0036668 0.00237949

0.0036668 0.00237949
0.00367266 0.00237933

0.00368437 0.0023787
0.00368105 0.00237891

0.00367266 0.00237933
0.00367852 0.00237907

0.00367852 0.00237907
0.00368113 0.00237891

0.00368437 0.0023787
0.00369023 0.00237823

0.00369023 0.00237823
0.00369609 0.00237766

0.00369609 0.00237766
0.00370195 0.00237699

0.00370195 0.00237699
0.00370781 0.00237622

0.00370781 0.00237622
0.00371367 0.00237536

0.00371367 0.00237536
0.00371953 0.0023744

0.00371953 0.0023744
0.00372539 0.00237334

0.00373125 0.00237218
0.00372686 0.00237305

0.00372539 0.00237334
0.0037269 0.00237305

0.00381914 0.00234367
0.00381895 0.00234375

0.00381914 0.00234368
0.003825 0.00234106

0.00375469 0.0023666
0.00375244 0.00236719

0.00373125 0.00237218
0.00373711 0.00237093

0.00373711 0.00237093
0.00374297 0.00236958

0.00374297 0.00236958
0.00374883 0.00236814

0.00374883 0.00236815
0.00375249 0.00236719

0.00375469 0.0023666
0.00376055 0.00236497

0.00376055 0.00236497
0.00376641 0.00236325

0.00376641 0.00236326
0.00377227 0.00236144

0.00377812 0.00235953
0.00377261 0.00236133

0.00377227 0.00236144
0.00377262 0.00236133

0.00378984 0.00235544
0.00378975 0.00235547

0.00377812 0.00235953
0.00378398 0.00235754

0.00378398 0.00235754
0.0037898 0.00235547

0.00378984 0.00235545
0.0037957 0.00235327

0.0037957 0.00235327
0.00380156 0.00235101

0.00380742 0.00234865
0.00380503 0.00234961

0.00380156 0.00235101
0.00380506 0.00234961

0.00380742 0.00234865
0.00381328 0.00234621

0.00381328 0.00234621
0.00381899 0.00234375

0.003825 0.00234106
0.00383086 0.00233836

0.00383672 0.00233558
0.00383185 0.00233789

0.00383086 0.00233837
0.00383186 0.00233789

0.00384844 0.00232975
0.00384392 0.00233203

0.00383672 0.00233558
0.00384258 0.00233271

0.00384258 0.00233271
0.00384393 0.00233203

0.00387187 0.00231713
0.00386618 0.00232031

0.00384844 0.00232975
0.0038543 0.00232672

0.00386016 0.0023236
0.00385532 0.00232617

0.0038543 0.00232672
0.00385533 0.00232617

0.00386016 0.00232361
0.00386602 0.00232041

0.00386602 0.00232041
0.00386619 0.00232031

0.00390703 0.00229594
0.00390554 0.00229687

0.00390703 0.00229594
0.00391289 0.00229217

0.00391875 0.00228833
0.00391465 0.00229102

0.00391289 0.00229217
0.00391466 0.00229102

0.00387773 0.00231378
0.00387655 0.00231445

0.00387187 0.00231714
0.00387658 0.00231445

0.00387773 0.00231378
0.00388359 0.00231036

0.00388945 0.00230686
0.00388655 0.00230859

0.00388945 0.00230686
0.00389531 0.00230329

0.00388359 0.00231037
0.00388656 0.00230859

0.00390117 0.00229965
0.00389621 0.00230273

0.00389531 0.00230329
0.00389622 0.00230273

0.00390117 0.00229966
0.00390557 0.00229687

0.00394219 0.00227237
0.00394062 0.00227344

0.00392461 0.00228442
0.00392348 0.00228516

0.00392461 0.00228443
0.00393047 0.00228046

0.00391875 0.00228833
0.00392352 0.00228516

0.00393633 0.00227644
0.00393217 0.0022793

0.00393047 0.00228046
0.00393219 0.0022793

0.00393633 0.00227645
0.00394066 0.00227344

0.00394219 0.00227237
0.00394805 0.00226824

0.00395391 0.00226405
0.00394897 0.00226758

0.00394805 0.00226823
0.00394899 0.00226758

0.00395977 0.00225983
0.00395713 0.00226172

0.00396562 0.00225553
0.00396517 0.00225586

0.00395977 0.00225983
0.00396521 0.00225586

0.00395391 0.00226406
0.00395715 0.00226172

0.00396562 0.00225555
0.00397148 0.00225123

0.00397148 0.00225122
0.00397316 0.00225

0.00441094 0.00149902
0.00440747 0.0015

0.00441094 0.00149902
0.0044168 0.00149735

0.0044168 0.00149735
0.00442266 0.00149566

0.00442852 0.00149396
0.00442791 0.00149414

0.00442266 0.00149566
0.00442789 0.00149414

0.00442852 0.00149397
0.00443437 0.00149226

0.00443437 0.00149226
0.00444023 0.00149052

0.00444023 0.00149051
0.00444609 0.00148877

0.00445195 0.00148702
0.00444775 0.00148828

0.00445195 0.00148702
0.00445781 0.00148524

0.00444609 0.00148877
0.00444773 0.00148828

0.00445781 0.00148523
0.00446367 0.00148343

0.00446953 0.00148163
0.00446697 0.00148242

0.00446367 0.00148344
0.00446696 0.00148242

0.00446953 0.00148163
0.00447539 0.0014798

0.00447539 0.00147979
0.00448125 0.00147794

0.00448711 0.00147607
0.00448557 0.00147656

0.00448711 0.00147608
0.00449297 0.00147418

0.00449297 0.00147418
0.00449883 0.00147226

0.00450469 0.00147033
0.00450355 0.0014707

0.00449883 0.00147226
0.00450354 0.0014707

0.00448125 0.00147794
0.00448556 0.00147656

0.00450469 0.00147033
0.00451055 0.00146837

0.00451055 0.00146837
0.00451641 0.00146638

0.00452227 0.00146439
0.00452092 0.00146484

0.00452227 0.00146439
0.00452813 0.00146236

0.00451641 0.00146638
0.00452091 0.00146484

0.00455742 0.00145189
0.00455403 0.00145312

0.00455742 0.00145189
0.00456328 0.00144972

0.00456328 0.00144971
0.00456914 0.00144753

0.004575 0.00144533
0.00456986 0.00144727

0.00456914 0.00144753
0.00456985 0.00144727

0.00452812 0.00146235
0.00453398 0.0014603

0.00453984 0.00145824
0.00453773 0.00145898

0.00453398 0.0014603
0.00453772 0.00145898

0.00453984 0.00145824
0.0045457 0.00145614

0.0045457 0.00145613
0.00455156 0.00145402

0.00455156 0.00145402
0.00455402 0.00145312

0.00495 0.000843678
0.00494985 0.00084375

0.00490312 0.000877277
0.00490241 0.000878906

0.00490237 0.000878906
0.00490082 0.000884766

0.00490092 0.000884766
0.00490014 0.000890625

0.00490023 0.000890625
0.00489984 0.000896484

0.00489987 0.000896484
0.00489966 0.000902344

0.00489969 0.000902344
0.00489957 0.000908203

0.00489958 0.000908203
0.00489946 0.000914062

0.00489946 0.000914062
0.00489931 0.000919922

0.00489931 0.000919922
0.00489917 0.000925781

0.00489917 0.000925781
0.00489905 0.000931641

0.00489909 0.000931641
0.00489893 0.0009375

0.00490898 0.000866651
0.00490859 0.000867187

0.00491484 0.000859846
0.00491339 0.000861328

0.00490898 0.000866531
0.00491326 0.000861328

0.0049207 0.000854791
0.0049198 0.000855469

0.0049207 0.000854781
0.00492656 0.000851136

0.00491484 0.000859705
0.00491977 0.000855469

0.00492656 0.000867104
0.00492643 0.000867187

0.00490854 0.000867187
0.00490493 0.000873047

0.00490312 0.000877243
0.00490484 0.000873047

0.00491484 0.000881313
0.0049137 0.000884766

0.00491383 0.000884766
0.00491276 0.000890625

0.0049207 0.000872059
0.00491982 0.000873047

0.00491986 0.000873047
0.00491575 0.000878906

0.0049207 0.000872167
0.00492633 0.000867187

0.00491484 0.000881848
0.00491598 0.000878906

0.00493242 0.000848634
0.0049302 0.000849609

0.00492656 0.000851185
0.00493014 0.000849609

0.00493242 0.000848688
0.00493828 0.000846917

0.00493242 0.000863824
0.00492676 0.000867187

0.00493242 0.000863943
0.00493819 0.000861328

0.00493828 0.000847094
0.00494414 0.000845634

0.00494414 0.000846059
0.00494989 0.00084375

0.00494414 0.000859085
0.0049385 0.000861328

0.00493828 0.00086149
0.00493869 0.000861328

0.00494414 0.000859298
0.00495 0.000856607

0.00492656 0.000867404
0.00492692 0.000867187

0.00491288 0.000890625
0.0049124 0.000896484

0.00491244 0.000896484
0.00491224 0.000902344

0.00491226 0.000902344
0.00491219 0.000908203

0.00491221 0.000908203
0.00491216 0.000914062

0.00491218 0.000914062
0.0049121 0.000919922

0.00491211 0.000919922
0.00491195 0.000925781

0.00491194 0.000925781
0.00491169 0.000931641

0.00491169 0.000931641
0.00491133 0.0009375

0.00487383 0.000959814
0.00487227 0.000960937

0.00487383 0.000959758
0.00487969 0.000956467

0.00486211 0.000971997
0.00486174 0.000972656

0.00486797 0.000964386
0.00486568 0.000966797

0.00486211 0.000972032
0.00486567 0.000966797

0.00486177 0.000972656
0.00485996 0.000978516

0.0048599 0.000978516
0.0048602 0.000984375

0.00486797 0.000964574
0.00487231 0.000960937

0.00488555 0.000954764
0.00488439 0.000955078

0.00487969 0.00095635
0.00488436 0.000955078

0.00489141 0.000954199
0.00488767 0.000955078

0.00488555 0.000955656
0.00488801 0.000955078

0.00489727 0.000948679
0.00489708 0.000949219

0.00489907 0.0009375
0.00489851 0.000943359

0.00489727 0.000948091
0.00489882 0.000943359

0.00489727 0.000950009
0.00489181 0.000955078

0.00489141 0.000955784
0.00489287 0.000955078

0.00489727 0.000950208
0.0048978 0.000949219

0.00486004 0.000984375
0.00486211 0.000988638

0.00486211 0.000988769
0.00486285 0.000990234

0.00486273 0.000990234
0.00486797 0.000995214

0.00486797 0.000995028
0.00487033 0.000996094

0.00487066 0.000996094
0.00487383 0.000997502

0.00487383 0.00099735
0.00487969 0.000997981

0.00489141 0.000995578
0.0048894 0.000996094

0.00487969 0.000997843
0.00488555 0.000997202

0.00488555 0.000997161
0.0048897 0.000996094

0.00489141 0.00099557
0.00489727 0.00099345

0.00489727 0.000993618
0.00490312 0.000990671

0.00491133 0.0009375
0.00491087 0.000943359

0.00491076 0.000943359
0.0049104 0.000949219

0.00491006 0.000949219
0.0049107 0.000955078

0.00491095 0.000955078
0.00491278 0.000960937

0.00491325 0.000960937
0.00491484 0.000966752

0.00491484 0.000974335
0.00491387 0.000978516

0.00491409 0.000978516
0.00491063 0.000984375

0.00491484 0.000966679
0.00491488 0.000966797

0.00491496 0.000966797
0.00491521 0.000972656

0.00491484 0.000974267
0.00491522 0.000972656

0.00490898 0.000986182
0.00490422 0.000990234

0.00490312 0.000990694
0.00490384 0.000990234

0.00490898 0.000986317
0.00491069 0.000984375

0.00465703 0.00140502
0.00465525 0.00140625

0.00465703 0.00140508
0.00466289 0.00140065

0.00466875 0.0013958
0.00466321 0.00140039

0.00466289 0.00140065
0.00466322 0.00140039

0.00458672 0.00144079
0.00458514 0.00144141

0.004575 0.00144532
0.00458086 0.00144307

0.00458086 0.00144307
0.00458513 0.00144141

0.00458672 0.00144079
0.00459258 0.00143846

0.00459258 0.00143846
0.00459844 0.00143606

0.00461602 0.00142841
0.0046132 0.00142969

0.00461602 0.00142842
0.00462188 0.00142564

0.0046043 0.00143361
0.00459969 0.00143555

0.00459844 0.00143607
0.00459968 0.00143555

0.0046043 0.00143361
0.00461016 0.00143106

0.00461016 0.00143107
0.0046132 0.00142969

0.00462773 0.00142272
0.00462552 0.00142383

0.00462187 0.00142565
0.00462554 0.00142383

0.00462773 0.00142274
0.00463359 0.00141965

0.00463945 0.00141637
0.00463659 0.00141797

0.00463945 0.0014164
0.00464531 0.00141289

0.00463359 0.00141967
0.00463663 0.00141797

0.00465117 0.00140912
0.00464652 0.00141211

0.00464531 0.00141289
0.00464656 0.00141211

0.00465117 0.00140915
0.00465535 0.00140625

0.00470391 0.00135123
0.00470233 0.00135352

0.00470235 0.00135352
0.00469856 0.00135937

0.00470977 0.00134332
0.00470638 0.00134766

0.00471563 0.00133646
0.00471091 0.0013418

0.00470977 0.00134324
0.00471092 0.0013418

0.00470391 0.00135117
0.00470637 0.00134766

0.00469219 0.00136936
0.00469105 0.00137109

0.00468633 0.00137769
0.00468206 0.00138281

0.0046912 0.00137109
0.00468693 0.00137695

0.00468633 0.00137774
0.00468695 0.00137695

0.00467461 0.00139048
0.00467016 0.00139453

0.00468047 0.0013845
0.00467648 0.00138867

0.00467461 0.00139051
0.0046765 0.00138867

0.00466875 0.00139582
0.00467022 0.00139453

0.00468047 0.00138457
0.00468206 0.00138281

0.00469805 0.00136025
0.0046949 0.00136523

0.00469219 0.00136953
0.004695 0.00136523

0.00469805 0.00136026
0.00469859 0.00135937

0.00472148 0.00133061
0.00471604 0.00133594

0.00472734 0.00132583
0.00472209 0.00133008

0.00472148 0.00133057
0.00472205 0.00133008

0.0047332 0.0013222
0.00472997 0.00132422

0.0047332 0.00132211
0.00473906 0.00131959

0.00472734 0.00132577
0.00472981 0.00132422

0.00471562 0.0013364
0.00471606 0.00133594

0.00474492 0.00131833
0.00474478 0.00131836

0.00473906 0.0013196
0.00474477 0.00131836

0.00475078 0.00131809
0.00474717 0.00131836

0.00474492 0.0013185
0.00474683 0.00131836

0.00475078 0.00131835
0.00475664 0.00131787

0.00475664 0.00131792
0.0047625 0.00131676

0.00474492 0.00133984
0.0047426 0.0013418

0.00474426 0.0013418
0.00474015 0.00134766

0.00474492 0.00133956
0.00475078 0.00134035

0.00474792 0.0013418
0.00475078 0.00134206

0.00474099 0.00134766
0.00473967 0.00135352

0.00473984 0.00135352
0.00473942 0.00135937

0.00475078 0.00134119
0.00475135 0.0013418

0.00475078 0.00134381
0.00475534 0.00134766

0.00475522 0.00134766
0.00475664 0.00134866

0.00475664 0.00134858
0.0047625 0.00135124

0.00473906 0.00139371
0.004739 0.00139453

0.004739 0.00139453
0.0047383 0.00140039

0.00473829 0.00140039
0.0047374 0.00140625

0.0047395 0.00135937
0.00473946 0.00136523

0.00473951 0.00136523
0.00473962 0.00137109

0.00473965 0.00137109
0.00473974 0.00137695

0.00473976 0.00137695
0.00473972 0.00138281

0.00473973 0.00138281
0.00473948 0.00138867

0.00473906 0.00139384
0.00473948 0.00138867

0.00471563 0.00147744
0.00471341 0.00148242

0.00471341 0.00148242
0.00471069 0.00148828

0.00470977 0.00149016
0.00470784 0.00149414

0.00470785 0.00149414
0.00470491 0.0015

0.00470977 0.00149017
0.00471068 0.00148828

0.0047374 0.00140625
0.00473634 0.00141211

0.00473634 0.00141211
0.00473515 0.00141797

0.0047332 0.00142635
0.00473238 0.00142969

0.00473515 0.00141797
0.00473383 0.00142383

0.0047332 0.00142636
0.00473383 0.00142383

0.00472734 0.00144689
0.00472723 0.00144727

0.00472724 0.00144727
0.00472525 0.00145312

0.00473239 0.00142969
0.00473081 0.00143555

0.00473081 0.00143555
0.00472908 0.00144141

0.00472734 0.00144691
0.00472908 0.00144141

0.00472148 0.00146326
0.00472088 0.00146484

0.00472525 0.00145312
0.00472313 0.00145898

0.00472148 0.00146327
0.00472313 0.00145898

0.00472089 0.00146484
0.00471852 0.0014707

0.00471851 0.0014707
0.00471602 0.00147656

0.00471562 0.00147744
0.00471602 0.00147656

0.00483281 0.00119568
0.00482982 0.00120117

0.0048302 0.00120117
0.00483011 0.00120703

0.00483035 0.00120703
0.00483215 0.00121289

0.00483215 0.00121289
0.00483281 0.00121415

0.00483867 0.00119103
0.00483282 0.00119531

0.00483867 0.00119137
0.00484453 0.00119101

0.00484453 0.00119126
0.00485039 0.00119367

0.00485039 0.00119334
0.00485315 0.00119531

0.00483281 0.00119566
0.00483307 0.00119531

0.00483281 0.00121403
0.00483533 0.00121875

0.00485232 0.00119531
0.00485625 0.00119875

0.00483525 0.00121875
0.00483867 0.00122317

0.00483867 0.00122331
0.00483981 0.00122461

0.00483973 0.00122461
0.00484453 0.00122877

0.00484453 0.00122894
0.00484803 0.00123047

0.00484819 0.00123047
0.00485039 0.00123141

0.00485039 0.00123148
0.00485625 0.00123111

0.00485625 0.00119999
0.00485974 0.00120117

0.00485625 0.0012021
0.00486211 0.0012038

0.00486211 0.00119823
0.00486797 0.00120021

0.00486573 0.00120117
0.00486797 0.00120355

0.00486749 0.00120703
0.00486797 0.00121168

0.00486783 0.00121289
0.00486671 0.00121875

0.00486797 0.00119951
0.00486905 0.00120117

0.00486797 0.00120352
0.00486904 0.00120703

0.00486797 0.00120742
0.00486799 0.00120703

0.00486211 0.00122731
0.00485783 0.00123047

0.004867 0.00121875
0.00486408 0.00122461

0.00486211 0.00122724
0.00486426 0.00122461

0.00485625 0.00123134
0.00485789 0.00123047

0.0047625 0.00131649
0.00476836 0.00131507

0.00476836 0.00131479
0.00477422 0.00131421

0.00477422 0.00131409
0.00478008 0.00131515

0.00478008 0.00131485
0.00478589 0.00131836

0.00478581 0.00131836
0.00478594 0.00131844

0.0047625 0.001351
0.00476836 0.0013522

0.00476836 0.00135228
0.00477422 0.00135232

0.00478594 0.00134748
0.00478569 0.00134766

0.00477422 0.00135246
0.00478008 0.00135093

0.00478008 0.00135113
0.00478547 0.00134766

0.00478595 0.00131836
0.00479097 0.00132422

0.00479111 0.00132422
0.0047918 0.00132612

0.0047918 0.00132766
0.00479267 0.00133008

0.00479273 0.00133008
0.00479261 0.00133594

0.0047918 0.00133831
0.00479049 0.0013418

0.00478594 0.00134749
0.00479077 0.0013418

0.0047918 0.00133856
0.00479278 0.00133594

0.00498488 0
0.00498488 5.85937e-06

0.00498488 5.85938e-06
0.00498487 1.17187e-05

0.00498487 1.17187e-05
0.00498487 1.75781e-05

0.00498487 1.75781e-05
0.00498487 2.34375e-05

0.00498487 2.34375e-05
0.00498487 2.92969e-05

0.00498487 2.92969e-05
0.00498488 3.51562e-05

0.00498488 3.51562e-05
0.00498488 4.10156e-05

0.00498488 4.10156e-05
0.00498488 4.6875e-05

0.00498488 4.6875e-05
0.00498488 5.27344e-05

0.00498488 5.27344e-05
0.00498488 5.85937e-05

0.00498488 5.85937e-05
0.00498488 6.44531e-05

0.00498488 6.44531e-05
0.00498488 7.03125e-05

0.00498488 7.03125e-05
0.00498488 7.61719e-05

0.00498488 7.61719e-05
0.00498487 8.20312e-05

0.00498487 8.20312e-05
0.00498487 8.78906e-05

0.00498487 8.78906e-05
0.00498487 9.375e-05

0.00500033 0
0.00500033 5.85937e-06

0.00500033 5.85938e-06
0.00500033 1.17187e-05

0.00500033 1.17187e-05
0.00500033 1.75781e-05

0.00500033 1.75781e-05
0.00500033 2.34375e-05

0.00500033 2.34375e-05
0.00500033 2.92969e-05

0.00500033 2.92969e-05
0.00500033 3.51562e-05

0.00500033 3.51562e-05
0.00500032 4.10156e-05

0.00500032 4.10156e-05
0.00500032 4.6875e-05

0.00500032 4.6875e-05
0.00500032 5.27344e-05

0.00500032 5.27344e-05
0.00500032 5.85937e-05

0.00500032 5.85937e-05
0.00500031 6.44531e-05

0.00500031 6.44531e-05
0.00500031 7.03125e-05

0.00500031 7.03125e-05
0.0050003 7.61719e-05

0.0050003 7.61719e-05
0.0050003 8.20312e-05

0.0050003 8.20312e-05
0.00500029 8.78906e-05

0.00500029 8.78906e-05
0.00500029 9.375e-05

0.00498487 9.375e-05
0.00498487 9.96094e-05

0.00498487 9.96094e-05
0.00498487 0.000105469

0.00498487 0.000105469
0.00498487 0.000111328

0.00498487 0.000111328
0.00498487 0.000117187

0.00498487 0.000117187
0.00498487 0.000123047

0.00498487 0.000123047
0.00498487 0.000128906

0.00498487 0.000128906
0.00498487 0.000134766

0.00498487 0.000134766
0.00498487 0.000140625

0.00498487 0.000140625
0.00498487 0.000146484

0.00498487 0.000146484
0.00498486 0.000152344

0.00498486 0.000152344
0.00498486 0.000158203

0.00498486 0.000158203
0.00498486 0.000164062

0.00498486 0.000164062
0.00498486 0.000169922

0.00498486 0.000169922
0.00498485 0.000175781

0.00498485 0.000175781
0.00498485 0.000181641

0.00498485 0.000181641
0.00498484 0.0001875

0.00500029 9.375e-05
0.00500028 9.96094e-05

0.00500028 9.96094e-05
0.00500027 0.000105469

0.00500027 0.000105469
0.00500027 0.000111328

0.00500027 0.000111328
0.00500026 0.000117187

0.00500026 0.000117187
0.00500025 0.000123047

0.00500025 0.000123047
0.00500024 0.000128906

0.00500024 0.000128906
0.00500023 0.000134766

0.00500023 0.000134766
0.00500022 0.000140625

0.00500022 0.000140625
0.00500021 0.000146484

0.00500021 0.000146484
0.00500019 0.000152344

0.00500019 0.000152344
0.00500018 0.000158203

0.00500018 0.000158203
0.00500017 0.000164062

0.00500017 0.000164062
0.00500015 0.000169922

0.00500015 0.000169922
0.00500014 0.000175781

0.00500014 0.000175781
0.00500012 0.000181641

0.00500012 0.000181641
0.00500011 0.0001875

0.00498484 0.0001875
0.00498484 0.000193359

0.00498484 0.000193359
0.00498483 0.000199219

0.00498483 0.000199219
0.00498482 0.000205078

0.00498482 0.000205078
0.00498482 0.000210937

0.00498482 0.000210937
0.00498481 0.000216797

0.00498481 0.000216797
0.0049848 0.000222656

0.0049848 0.000222656
0.00498479 0.000228516

0.00498479 0.000228516
0.00498478 0.000234375

0.00498478 0.000234375
0.00498477 0.000240234

0.00498477 0.000240234
0.00498476 0.000246094

0.00498476 0.000246094
0.00498475 0.000251953

0.00498475 0.000251953
0.00498473 0.000257812

0.00498473 0.000257812
0.00498472 0.000263672

0.00498472 0.000263672
0.0049847 0.000269531

0.0049847 0.000269531
0.00498468 0.000275391

0.00498468 0.000275391
0.00498467 0.00028125

0.00500011 0.0001875
0.00500009 0.000193359

0.00500009 0.000193359
0.00500007 0.000199219

0.00500007 0.000199219
0.00500005 0.000205078

0.00500005 0.000205078
0.00500003 0.000210937

0.00500003 0.000210937
0.00500001 0.000216797

0.00500001 0.000216797
0.00499998 0.000222656

0.00499998 0.000222656
0.00499996 0.000228516

0.00499996 0.000228516
0.00499993 0.000234375

0.00499993 0.000234375
0.0049999 0.000240234

0.0049999 0.000240234
0.00499988 0.000246094

0.00499988 0.000246094
0.00499985 0.000251953

0.00499985 0.000251953
0.00499981 0.000257812

0.00499981 0.000257812
0.00499978 0.000263672

0.00499978 0.000263672
0.00499975 0.000269531

0.00499975 0.000269531
0.00499971 0.000275391

0.00499971 0.000275391
0.00499967 0.00028125

0.00498467 0.00028125
0.00498465 0.000287109

0.00498465 0.000287109
0.00498462 0.000292969

0.00498462 0.000292969
0.0049846 0.000298828

0.0049846 0.000298828
0.00498458 0.000304687

0.00498458 0.000304687
0.00498455 0.000310547

0.00498455 0.000310547
0.00498452 0.000316406

0.00498452 0.000316406
0.0049845 0.000322266

0.0049845 0.000322266
0.00498447 0.000328125

0.00498447 0.000328125
0.00498443 0.000333984

0.00498443 0.000333984
0.0049844 0.000339844

0.0049844 0.000339844
0.00498436 0.000345703

0.00498436 0.000345703
0.00498432 0.000351562

0.00498432 0.000351562
0.00498428 0.000357422

0.00498428 0.000357422
0.00498424 0.000363281

0.00498424 0.000363281
0.0049842 0.000369141

0.0049842 0.000369141
0.00498415 0.000375

0.00499967 0.00028125
0.00499964 0.000287109

0.00499964 0.000287109
0.00499959 0.000292969

0.00499959 0.000292969
0.00499955 0.000298828

0.00499955 0.000298828
0.00499951 0.000304687

0.00499951 0.000304687
0.00499946 0.000310547

0.00499946 0.000310547
0.00499941 0.000316406

0.00499941 0.000316406
0.00499936 0.000322266

0.00499936 0.000322266
0.00499931 0.000328125

0.00499931 0.000328125
0.00499925 0.000333984

0.00499925 0.000333984
0.0049992 0.000339844

0.0049992 0.000339844
0.00499914 0.000345703

0.00499914 0.000345703
0.00499908 0.000351562

0.00499908 0.000351562
0.00499901 0.000357422

0.00499901 0.000357422
0.00499895 0.000363281

0.00499895 0.000363281
0.00499888 0.000369141

0.00499888 0.000369141
0.0049988 0.000375

0.00498415 0.000375
0.0049841 0.000380859

0.0049841 0.000380859
0.00498405 0.000386719

0.00498405 0.000386719
0.00498399 0.000392578

0.00498399 0.000392578
0.00498394 0.000398437

0.00498394 0.000398437
0.00498388 0.000404297

0.00498388 0.000404297
0.00498381 0.000410156

0.00498381 0.000410156
0.00498375 0.000416016

0.00498375 0.000416016
0.00498368 0.000421875

0.00498368 0.000421875
0.00498361 0.000427734

0.00498361 0.000427734
0.00498353 0.000433594

0.00498353 0.000433594
0.00498345 0.000439453

0.00498345 0.000439453
0.00498337 0.000445312

0.00498337 0.000445312
0.00498329 0.000451172

0.00498329 0.000451172
0.0049832 0.000457031

0.0049832 0.000457031
0.00498311 0.000462891

0.00498311 0.000462891
0.00498301 0.00046875

0.0049988 0.000375
0.00499873 0.000380859

0.00499873 0.000380859
0.00499865 0.000386719

0.00499865 0.000386719
0.00499857 0.000392578

0.00499857 0.000392578
0.00499849 0.000398437

0.00499849 0.000398437
0.0049984 0.000404297

0.0049984 0.000404297
0.00499831 0.000410156

0.00499831 0.000410156
0.00499822 0.000416016

0.00499822 0.000416016
0.00499812 0.000421875

0.00499812 0.000421875
0.00499803 0.000427734

0.00499803 0.000427734
0.00499792 0.000433594

0.00499792 0.000433594
0.00499782 0.000439453

0.00499782 0.000439453
0.00499771 0.000445312

0.00499771 0.000445312
0.00499759 0.000451172

0.00499759 0.000451172
0.00499748 0.000457031

0.00499748 0.000457031
0.00499736 0.000462891

0.00499736 0.000462891
0.00499723 0.00046875

0.00498301 0.00046875
0.00498291 0.000474609

0.00498291 0.000474609
0.00498281 0.000480469

0.00498281 0.000480469
0.0049827 0.000486328

0.0049827 0.000486328
0.00498259 0.000492187

0.00499687 0.00048448
0.00499683 0.000486328

0.00499683 0.000486328
0.00499669 0.000492187

0.00498259 0.000492187
0.00498247 0.000498047

0.00498247 0.000498047
0.00498235 0.000503906

0.00498235 0.000503906
0.00498222 0.000509766

0.00498222 0.000509766
0.00498209 0.000515625

0.00499669 0.000492187
0.00499654 0.000498047

0.00499654 0.000498047
0.00499639 0.000503906

0.00499639 0.000503906
0.00499624 0.000509766

0.00499624 0.000509766
0.00499608 0.000515625

0.00498209 0.000515625
0.00498196 0.000521484

0.00498196 0.000521484
0.00498182 0.000527344

0.00498182 0.000527344
0.00498167 0.000533203

0.00498167 0.000533203
0.00498152 0.000539062

0.00499608 0.000515625
0.00499591 0.000521484

0.00499591 0.000521484
0.00499574 0.000527344

0.00499574 0.000527344
0.00499557 0.000533203

0.00499557 0.000533203
0.00499539 0.000539062

0.00498152 0.000539062
0.00498137 0.000544922

0.00498137 0.000544922
0.00498121 0.000550781

0.00498121 0.000550781
0.00498104 0.000556641

0.00498104 0.000556641
0.00498087 0.0005625

0.00499539 0.000539062
0.0049952 0.000544922

0.0049952 0.000544922
0.00499501 0.000550781

0.00499501 0.000550781
0.00499481 0.000556641

0.00499481 0.000556641
0.00499461 0.0005625

0.00499723 0.00046875
0.0049971 0.000474609

0.0049971 0.000474609
0.00499697 0.000480469

0.00499687 0.00048448
0.00499697 0.000480469

0.00498087 0.0005625
0.0049807 0.000568359

0.0049807 0.000568359
0.00498051 0.000574219

0.00498051 0.000574219
0.00498033 0.000580078

0.00498033 0.000580078
0.00498013 0.000585937

0.00499461 0.0005625
0.0049944 0.000568359

0.0049944 0.000568359
0.00499419 0.000574219

0.00499419 0.000574219
0.00499397 0.000580078

0.00499397 0.000580078
0.00499374 0.000585937

0.00498013 0.000585937
0.00497993 0.000591797

0.00497993 0.000591797
0.00497973 0.000597656

0.0049793 0.000609327
0.0049793 0.000609375

0.00497973 0.000597656
0.00497951 0.000603516

0.0049793 0.000609329
0.00497951 0.000603516

0.00499374 0.000585937
0.00499351 0.000591797

0.00499351 0.000591797
0.00499327 0.000597656

0.00499327 0.000597656
0.00499303 0.000603516

0.00499303 0.000603516
0.00499277 0.000609375

0.0049793 0.000609375
0.00497907 0.000615234

0.00497907 0.000615234
0.00497884 0.000621094

0.00497884 0.000621094
0.0049786 0.000626953

0.0049786 0.000626953
0.00497835 0.000632812

0.00499277 0.000609375
0.00499252 0.000615234

0.00499252 0.000615234
0.00499225 0.000621094

0.00499225 0.000621094
0.00499198 0.000626953

0.00499198 0.000626953
0.0049917 0.000632812

0.00497835 0.000632812
0.0049781 0.000638672

0.0049781 0.000638672
0.00497784 0.000644531

0.00497784 0.000644531
0.00497757 0.000650391

0.00497757 0.000650391
0.0049773 0.00065625

0.0049917 0.000632812
0.00499141 0.000638672

0.00499141 0.000638672
0.00499112 0.000644531

0.00499102 0.000646611
0.00499082 0.000650391

0.00499082 0.000650391
0.00499051 0.00065625

0.00499102 0.000646613
0.00499112 0.000644531

0.0049773 0.00065625
0.00497702 0.000662109

0.00497702 0.000662109
0.00497673 0.000667969

0.00497673 0.000667969
0.00497644 0.000673828

0.00497644 0.000673828
0.00497613 0.000679687

0.00499051 0.00065625
0.0049902 0.000662109

0.0049902 0.000662109
0.00498988 0.000667969

0.00498988 0.000667969
0.00498955 0.000673828

0.00498955 0.000673828
0.00498921 0.000679687

0.00497613 0.000679687
0.00497582 0.000685547

0.00497582 0.000685547
0.0049755 0.000691406

0.0049755 0.000691406
0.00497518 0.000697266

0.00497518 0.000697266
0.00497485 0.000703125

0.00498921 0.000679687
0.00498887 0.000685547

0.00498887 0.000685547
0.00498852 0.000691406

0.00498852 0.000691406
0.00498816 0.000697266

0.00498816 0.000697266
0.00498779 0.000703125

0.00497344 0.000726667
0.00497308 0.000732422

0.00497308 0.000732422
0.0049727 0.000738281

0.0049727 0.000738281
0.00497232 0.000744141

0.00497232 0.000744141
0.00497193 0.00075

0.00497485 0.000703125
0.00497451 0.000708984

0.00497451 0.000708984
0.00497416 0.000714844

0.00497416 0.000714844
0.00497381 0.000720703

0.00497381 0.000720703
0.00497344 0.000726562

0.00498779 0.000703125
0.00498742 0.000708984

0.00498742 0.000708984
0.00498703 0.000714844

0.00498703 0.000714844
0.00498664 0.000720703

0.00498664 0.000720703
0.00498625 0.000726562

0.00497344 0.000726669
0.00497344 0.000726562

0.00498516 0.000742177
0.00498502 0.000744141

0.00498502 0.000744141
0.00498459 0.00075

0.00498625 0.000726562
0.00498584 0.000732422

0.00498584 0.000732422
0.00498543 0.000738281

0.00498516 0.000742184
0.00498543 0.000738281

0.00497193 0.00075
0.00497154 0.000755859

0.00497154 0.000755859
0.00497115 0.000761719

0.00497115 0.000761719
0.00497075 0.000767578

0.00497075 0.000767578
0.00497034 0.000773437

0.00497034 0.000773437
0.00496993 0.000779297

0.00496993 0.000779297
0.00496952 0.000785156

0.00496952 0.000785156
0.0049691 0.000791016

0.0049691 0.000791016
0.00496866 0.000796875

0.00498459 0.00075
0.00498417 0.000755859

0.00498417 0.000755859
0.00498373 0.000761719

0.00498373 0.000761719
0.0049833 0.000767578

0.0049833 0.000767578
0.00498285 0.000773437

0.00498285 0.000773437
0.00498241 0.000779297

0.00498241 0.000779297
0.00498196 0.000785156

0.00498196 0.000785156
0.00498151 0.000791016

0.00498151 0.000791016
0.00498105 0.000796875

0.00496867 0.000796875
0.00496817 0.000802734

0.00496818 0.000802734
0.00496758 0.000808594

0.00496758 0.000808777
0.00496683 0.000814453

0.00496679 0.000814453
0.00496589 0.000820312

0.00496758 0.000808731
0.00496759 0.000808594

0.00495 0.000842729
0.00495586 0.000839135

0.00496172 0.000835211
0.00495915 0.000837891

0.00495586 0.000839546
0.00495862 0.000837891

0.00496597 0.000820312
0.00496487 0.000826172

0.00496503 0.000826172
0.00496323 0.000832031

0.00496172 0.000835929
0.00496378 0.000832031

0.00497344 0.000837796
0.0049734 0.000837891

0.00497268 0.000837891
0.00496817 0.00084375

0.00498106 0.000796875
0.00498057 0.000802734

0.00498058 0.000802734
0.00498003 0.000808594

0.0049793 0.000815013
0.00497845 0.000820312

0.00498005 0.000808594
0.00497936 0.000814453

0.0049793 0.000814935
0.00497937 0.000814453

0.00497851 0.000820312
0.00497718 0.000826172

0.00497708 0.000826172
0.00497544 0.000832031

0.00497344 0.000837178
0.004976 0.000832031

0.00495586 0.000853462
0.0049516 0.000855469

0.00495586 0.000853485
0.00496167 0.000849609

0.00495 0.000856392
0.00495169 0.000855469

0.00496758 0.000844433
0.0049618 0.000849609

0.00496172 0.000849736
0.00496188 0.000849609

0.00496758 0.000844238
0.00496803 0.00084375

0.0042293 0.00154659
0.00422817 0.00154687

0.0042293 0.00154659
0.00423516 0.0015451

0.00423516 0.0015451
0.00424102 0.00154361

0.00424102 0.00154361
0.00424687 0.00154212

0.00420586 0.00155258
0.00420525 0.00155273

0.0042 0.00155408
0.00420522 0.00155273

0.00420586 0.00155258
0.00421172 0.00155108

0.00421172 0.00155108
0.00421758 0.00154958

0.00421758 0.00154957
0.00422344 0.00154807

0.00422344 0.00154807
0.00422814 0.00154687

0.00425273 0.00154065
0.00425128 0.00154102

0.00424687 0.00154212
0.00425126 0.00154102

0.00425273 0.00154065
0.00425859 0.00153917

0.00425859 0.00153917
0.00426445 0.00153768

0.00426445 0.00153768
0.00427031 0.00153619

0.00427617 0.00153472
0.00427444 0.00153516

0.00427617 0.00153472
0.00428203 0.00153324

0.00427031 0.00153619
0.00427442 0.00153516

0.00428203 0.00153324
0.00428789 0.00153174

0.00428789 0.00153174
0.00429375 0.00153025

0.00429961 0.00152876
0.0042975 0.0015293

0.00429375 0.00153025
0.00429748 0.0015293

0.00429961 0.00152876
0.00430547 0.00152727

0.00430547 0.00152727
0.00431133 0.00152576

0.00431133 0.00152575
0.00431719 0.00152424

0.00432305 0.00152274
0.00432033 0.00152344

0.00432305 0.00152274
0.00432891 0.00152122

0.00432891 0.00152122
0.00433477 0.00151969

0.00433477 0.00151968
0.00434062 0.00151815

0.00431719 0.00152424
0.00432032 0.00152344

0.00434648 0.00151662
0.00434283 0.00151758

0.00434062 0.00151815
0.00434281 0.00151758

0.00434648 0.00151662
0.00435234 0.00151507

0.00435234 0.00151507
0.0043582 0.00151351

0.0043582 0.0015135
0.00436406 0.00151194

0.00436992 0.00151037
0.00436489 0.00151172

0.00436992 0.00151037
0.00437578 0.00150878

0.00436406 0.00151194
0.00436488 0.00151172

0.00437578 0.00150878
0.00438164 0.00150718

0.0043875 0.00150557
0.00438646 0.00150586

0.00438164 0.00150717
0.00438644 0.00150586

0.0043875 0.00150557
0.00439336 0.00150396

0.00439336 0.00150396
0.00439922 0.00150232

0.00439922 0.00150231
0.00440508 0.00150067

0.00440508 0.00150067
0.00440745 0.0015

0.0044168 0.00187353
0.00441531 0.001875

0.00442266 0.00186768
0.0044212 0.00186914

0.0044168 0.00187353
0.0044212 0.00186914

0.00442852 0.0018618
0.00442705 0.00186328

0.00443437 0.00185589
0.00443286 0.00185742

0.00442852 0.00186181
0.00443286 0.00185742

0.00442266 0.00186769
0.00442705 0.00186328

0.00446367 0.00182573
0.00446138 0.00182812

0.00446953 0.00181957
0.00446698 0.00182227

0.00446367 0.00182573
0.00446696 0.00182227

0.00447539 0.00181336
0.00447253 0.00181641

0.00448125 0.0018071
0.00447805 0.00181055

0.00447539 0.00181337
0.00447803 0.00181055

0.00446953 0.00181957
0.00447251 0.00181641

0.00444023 0.00184994
0.00443864 0.00185156

0.00444609 0.00184394
0.00444438 0.0018457

0.00444023 0.00184994
0.00444437 0.0018457

0.00445195 0.00183791
0.00445008 0.00183984

0.00445781 0.00183184
0.00445575 0.00183398

0.00445195 0.00183792
0.00445574 0.00183398

0.00444609 0.00184395
0.00445007 0.00183984

0.00443437 0.0018559
0.00443863 0.00185156

0.00445781 0.00183185
0.00446137 0.00182812

0.00452813 0.0017551
0.0045258 0.00175781

0.00451641 0.00176849
0.00451548 0.00176953

0.00451055 0.00177507
0.00451026 0.00177539

0.00451026 0.00177539
0.00450499 0.00178125

0.00451055 0.00177507
0.00451548 0.00176953

0.00452227 0.00176183
0.00452066 0.00176367

0.00451641 0.00176848
0.00452065 0.00176367

0.00452227 0.00176184
0.00452577 0.00175781

0.00455156 0.00172752
0.00455074 0.00172852

0.00455073 0.00172852
0.00454584 0.00173437

0.004575 0.00169856
0.00457448 0.00169922

0.00456914 0.00170593
0.00456513 0.00171094

0.00457448 0.00169922
0.00456983 0.00170508

0.00456914 0.00170594
0.00456982 0.00170508

0.00455742 0.0017204
0.00455559 0.00172266

0.00456328 0.00171321
0.00456039 0.0017168

0.00455742 0.00172042
0.00456037 0.0017168

0.00455156 0.00172751
0.00455558 0.00172266

0.00456328 0.00171324
0.00456511 0.00171094

0.00453984 0.00174147
0.0045359 0.00174609

0.00453398 0.00174831
0.00453088 0.00175195

0.00452812 0.00175513
0.00453084 0.00175195

0.00453398 0.00174834
0.00453589 0.00174609

0.0045457 0.00173454
0.0045409 0.00174023

0.00453984 0.00174147
0.00454089 0.00174023

0.0045457 0.00173454
0.00454584 0.00173437

0.00448711 0.00180079
0.00448353 0.00180469

0.00449297 0.00179444
0.00448896 0.00179883

0.00448711 0.00180081
0.00448894 0.00179883

0.00449883 0.00178805
0.00449434 0.00179297

0.00450469 0.00178159
0.00449969 0.00178711

0.00449883 0.00178805
0.00449969 0.00178711

0.00449297 0.00179446
0.00449433 0.00179297

0.00448125 0.00180711
0.0044835 0.00180469

0.00450469 0.00178159
0.00450499 0.00178125

0.00421172 0.00205962
0.00420822 0.0020625

0.00422344 0.00204982
0.00422228 0.00205078

0.00421758 0.00205473
0.00421526 0.00205664

0.00421172 0.00205961
0.00421532 0.00205664

0.00421758 0.00205475
0.00422232 0.00205078

0.00424102 0.00203502
0.00423624 0.00203906

0.00424687 0.00203004
0.00424313 0.0020332

0.00424102 0.00203502
0.00424317 0.0020332

0.0042293 0.00204489
0.00422926 0.00204492

0.00422344 0.00204985
0.0042293 0.00204493

0.00423516 0.00203998
0.0042293 0.00204492

0.00423516 0.00203998
0.00423625 0.00203906

0.00426445 0.0020149
0.00426362 0.00201563

0.00426445 0.00201494
0.00427031 0.00200985

0.00429375 0.00198924
0.00429039 0.00199219

0.00428203 0.00199959
0.00427711 0.00200391

0.00427617 0.00200473
0.0042704 0.00200977

0.00427031 0.00200985
0.00427041 0.00200977

0.00427617 0.00200473
0.00427712 0.00200391

0.00428789 0.00199443
0.00428377 0.00199805

0.00428203 0.00199959
0.0042838 0.00199805

0.00428789 0.00199442
0.00429043 0.00199219

0.00425273 0.00202502
0.00424999 0.00202734

0.00425859 0.00201997
0.00425683 0.00202148

0.00425273 0.00202502
0.00425688 0.00202148

0.00424687 0.00203002
0.00425006 0.00202734

0.00425859 0.00202
0.00426366 0.00201562

0.00431719 0.00196815
0.00431653 0.00196875

0.00432305 0.00196281
0.00432296 0.00196289

0.00431719 0.00196818
0.00432299 0.00196289

0.00432305 0.00196284
0.00432891 0.00195748

0.00433477 0.00195208
0.00432939 0.00195703

0.00434062 0.00194667
0.00433575 0.00195117

0.00433477 0.00195209
0.00433576 0.00195117

0.00432891 0.00195748
0.00432939 0.00195703

0.00436992 0.00191913
0.00436702 0.00192187

0.00437578 0.00191353
0.00437318 0.00191602

0.00436992 0.00191913
0.0043732 0.00191602

0.00438164 0.00190791
0.0043793 0.00191016

0.0043875 0.00190226
0.00438539 0.0019043

0.00438164 0.00190791
0.00438541 0.0019043

0.00437578 0.00191353
0.00437932 0.00191016

0.00434648 0.00194123
0.00434206 0.00194531

0.00435234 0.00193575
0.00434835 0.00193945

0.00434648 0.00194121
0.00434838 0.00193945

0.0043582 0.00193024
0.00435461 0.00193359

0.00436406 0.0019247
0.00436083 0.00192773

0.0043582 0.00193023
0.00436086 0.00192773

0.00435234 0.00193574
0.00435464 0.00193359

0.00434062 0.00194666
0.00434208 0.00194531

0.00436406 0.0019247
0.00436705 0.00192187

0.00430547 0.00197874
0.00430354 0.00198047

0.00429961 0.001984
0.00429698 0.00198633

0.00429375 0.00198922
0.00429704 0.00198633

0.00429961 0.001984
0.00430359 0.00198047

0.00431133 0.00197346
0.00431005 0.00197461

0.00430547 0.00197876
0.00431009 0.00197461

0.00431133 0.00197348
0.00431656 0.00196875

0.00420586 0.00206447
0.00420116 0.00206836

0.0042 0.00206932
0.00420117 0.00206836

0.00420586 0.00206447
0.00420826 0.0020625

0.00439336 0.00189657
0.00439144 0.00189844

0.00439922 0.00189086
0.00439746 0.00189258

0.00439336 0.00189657
0.00439748 0.00189258

0.00440508 0.00188511
0.00440344 0.00188672

0.00441094 0.00187934
0.0044094 0.00188086

0.00440508 0.00188512
0.00440941 0.00188086

0.00439922 0.00189086
0.00440346 0.00188672

0.0043875 0.00190226
0.00439146 0.00189844

0.00441094 0.00187934
0.00441532 0.001875

0.00466875 0.00156304
0.0046679 0.00156445

0.00466791 0.00156445
0.00466431 0.00157031

0.00465117 0.00159131
0.00464962 0.00159375

0.00465703 0.00158204
0.00465335 0.00158789

0.00465117 0.00159132
0.00465335 0.00158789

0.00466289 0.0015726
0.00466068 0.00157617

0.00466069 0.00157617
0.00465704 0.00158203

0.00466289 0.00157261
0.00466431 0.00157031

0.00465703 0.00158204
0.00465704 0.00158203

0.00462188 0.00163537
0.0046182 0.00164062

0.00458672 0.00168347
0.00458362 0.0016875

0.00459844 0.00166792
0.00459698 0.00166992

0.00459258 0.00167577
0.00459697 0.00166992

0.00459257 0.00167578
0.00458812 0.00168164

0.00458672 0.00168349
0.00458811 0.00168164

0.00461016 0.00165193
0.00460986 0.00165234

0.0046043 0.00166
0.00460131 0.00166406

0.00460986 0.00165234
0.00460561 0.0016582

0.0046043 0.00166002
0.0046056 0.0016582

0.00461602 0.00164371
0.00461406 0.00164648

0.00461016 0.00165193
0.00461406 0.00164648

0.00461602 0.00164372
0.0046182 0.00164062

0.00459844 0.00166794
0.00460132 0.00166406

0.00464531 0.00160045
0.00464205 0.00160547

0.00463945 0.0016094
0.00463819 0.00161133

0.0046382 0.00161133
0.00463429 0.00161719

0.00463945 0.00160942
0.00464205 0.00160547

0.00462773 0.00162686
0.00462635 0.00162891

0.00463359 0.00161822
0.00463034 0.00162305

0.00462773 0.00162687
0.00463034 0.00162305

0.00462635 0.00162891
0.0046223 0.00163477

0.00462187 0.00163538
0.00462229 0.00163477

0.00463359 0.00161824
0.00463428 0.00161719

0.00464963 0.00159375
0.00464586 0.00159961

0.00464531 0.00160046
0.00464585 0.00159961

0.00468047 0.00154358
0.00467851 0.00154687

0.00468633 0.00153362
0.00468544 0.00153516

0.00469219 0.00152347
0.00468885 0.0015293

0.00468633 0.00153364
0.00468885 0.0015293

0.00468545 0.00153516
0.004682 0.00154102

0.00468047 0.00154359
0.004682 0.00154102

0.00470391 0.0015019
0.00470185 0.00150586

0.00470186 0.00150586
0.00469872 0.00151172

0.00469805 0.00151293
0.00469549 0.00151758

0.0046955 0.00151758
0.00469221 0.00152344

0.00469805 0.00151294
0.00469872 0.00151172

0.00470391 0.00150191
0.0047049 0.0015

0.00469219 0.00152347
0.00469221 0.00152344

0.00467461 0.00155339
0.00467146 0.00155859

0.00467852 0.00154687
0.00467501 0.00155273

0.00467461 0.00155339
0.004675 0.00155273

0.00466875 0.00156306
0.00467147 0.00155859

0.00458086 0.00169104
0.00457909 0.00169336

0.004575 0.00169855
0.00457908 0.00169336

0.00458086 0.00169107
0.00458362 0.0016875

