-0.000777384 0
-0.000777377 5.85937e-06

-0.000777377 5.85938e-06
-0.000777354 1.17187e-05

-0.000777354 1.17187e-05
-0.000777316 1.75781e-05

-0.000777316 1.75781e-05
-0.000777263 2.34375e-05

-0.000777263 2.34375e-05
-0.000777194 2.92969e-05

-0.000777194 2.92969e-05
-0.00077711 3.51562e-05

-0.00077711 3.51562e-05
-0.000777011 4.10156e-05

-0.000777011 4.10156e-05
-0.000776897 4.6875e-05

-0.000776897 4.6875e-05
-0.000776767 5.27344e-05

-0.000776767 5.27344e-05
-0.000776621 5.85937e-05

-0.000776621 5.85937e-05
-0.000776461 6.44531e-05

-0.000776461 6.44531e-05
-0.000776284 7.03125e-05

-0.000776284 7.03125e-05
-0.000776093 7.61719e-05

-0.000776093 7.61719e-05
-0.000775886 8.20312e-05

-0.000775886 8.20312e-05
-0.000775663 8.78906e-05

-0.000775663 8.78906e-05
-0.000775426 9.375e-05

-0.000775426 9.375e-05
-0.000775172 9.96094e-05

-0.000775172 9.96094e-05
-0.000774903 0.000105469

-0.000774903 0.000105469
-0.000774619 0.000111328

-0.000774619 0.000111328
-0.000774609 0.000111525

-0.000774609 0.000111527
-0.00077432 0.000117187

-0.00077432 0.000117187
-0.000774004 0.000123047

-0.000774004 0.000123047
-0.000773673 0.000128906

-0.000773673 0.000128906
-0.000773326 0.000134766

-0.000773326 0.000134766
-0.000772964 0.000140625

-0.000772964 0.000140625
-0.000772585 0.000146484

-0.000772586 0.000146484
-0.000772191 0.000152344

-0.000772191 0.000152344
-0.000771781 0.000158203

-0.000771781 0.000158203
-0.000771355 0.000164062

-0.000771355 0.000164062
-0.000770913 0.000169922

-0.000770913 0.000169922
-0.000770455 0.000175781

-0.000770455 0.000175781
-0.000769982 0.000181641

-0.000769982 0.000181641
-0.000769492 0.0001875

-0.000769492 0.0001875
-0.000768987 0.000193359

-0.000768988 0.000193359
-0.00076875 0.000196031

-0.00076875 0.000196034
-0.000768466 0.000199219

-0.000768465 0.000199219
-0.000767926 0.000205078

-0.000767926 0.000205078
-0.000767372 0.000210937

-0.000767372 0.000210937
-0.000766801 0.000216797

-0.000766801 0.000216797
-0.000766214 0.000222656

-0.000766214 0.000222656
-0.000765611 0.000228516

-0.000765611 0.000228516
-0.000764992 0.000234375

-0.000764992 0.000234375
-0.000764358 0.000240234

-0.000764358 0.000240234
-0.000763708 0.000246094

-0.000763709 0.000246094
-0.000763043 0.000251953

-0.000763043 0.000251953
-0.000762891 0.000253257

-0.000762891 0.000253264
-0.000762358 0.000257812

-0.000762355 0.000257812
-0.000761651 0.000263672

-0.000761651 0.000263672
-0.000760931 0.000269531

-0.000760931 0.000269531
-0.000760195 0.000275391

-0.000760195 0.000275391
-0.000759445 0.00028125

-0.000759445 0.00028125
-0.000758681 0.000287109

-0.000758682 0.000287109
-0.000757903 0.000292969

-0.000757905 0.000292969
-0.000757105 0.000298828

-0.000757104 0.000298828
-0.000757031 0.000299341

-0.000757031 0.000299351
-0.00075628 0.000304687

-0.000756276 0.000304687
-0.000755434 0.000310547

-0.000755435 0.000310547
-0.000754583 0.000316406

-0.000754583 0.000316406
-0.00075372 0.000322266

-0.000753721 0.000322266
-0.000752844 0.000328125

-0.000752846 0.000328125
-0.000751949 0.000333984

-0.000751951 0.000333984
-0.000751172 0.000338917

-0.000751172 0.000338922
-0.000751026 0.000339844

-0.00075102 0.000339844
-0.000750072 0.000345703

-0.00075007 0.000345703
-0.000749113 0.000351562

-0.000749115 0.000351562
-0.000748152 0.000357422

-0.000748154 0.000357422
-0.000747175 0.000363281

-0.000747178 0.000363281
-0.000746174 0.000369141

-0.000746175 0.000369141
-0.000745313 0.000374021

-0.000745313 0.000374025
-0.00074514 0.000375

-0.000745132 0.000375
-0.000744078 0.000380859

-0.000744077 0.000380859
-0.000743022 0.000386719

-0.000743027 0.000386719
-0.000741963 0.000392578

-0.000741966 0.000392578
-0.000740878 0.000398437

-0.000740879 0.000398437
-0.00073976 0.000404297

-0.000739756 0.000404297
-0.000739453 0.000405845

-0.000739453 0.000405844
-0.00073861 0.000410156

-0.000738603 0.000410156
-0.000737455 0.000416016

-0.000737463 0.000416016
-0.000736312 0.000421875

-0.000736316 0.000421875
-0.000735139 0.000427734

-0.000735139 0.000427734
-0.000733929 0.000433594

-0.000733924 0.000433594
-0.000733594 0.000435162

-0.000733594 0.000435156
-0.000732688 0.000439453

-0.000732682 0.000439453
-0.000731447 0.000445312

-0.000731458 0.000445312
-0.000730217 0.000451172

-0.000730219 0.000451172
-0.000728946 0.000457031

-0.000728945 0.000457031
-0.000727734 0.000462447

-0.000727734 0.000462449
-0.000727636 0.000462891

-0.000727624 0.000462891
-0.000726304 0.00046875

-0.000726309 0.00046875
-0.000724991 0.000474609

-0.000724997 0.000474609
-0.000723656 0.000480469

-0.000723655 0.000480469
-0.000722277 0.000486328

-0.000722272 0.000486328
-0.000721875 0.000487987

-0.000721875 0.000487976
-0.000720868 0.000492187

-0.000720864 0.000492187
-0.000719465 0.000498047

-0.000719478 0.000498047
-0.000718065 0.000503906

-0.000718065 0.000503906
-0.000716614 0.000509766

-0.000716609 0.000509766
-0.000716016 0.000512117

-0.000716016 0.000512108
-0.000715129 0.000515625

-0.000715122 0.000515625
-0.000713647 0.000521484

-0.000713662 0.000521484
-0.000712173 0.000527344

-0.000712172 0.000527344
-0.000710643 0.000533203

-0.000710637 0.000533203
-0.000710156 0.000535019

-0.000710156 0.000535004
-0.000709081 0.000539062

-0.000709079 0.000539062
-0.000707528 0.000544922

-0.000707542 0.000544922
-0.000705973 0.000550781

-0.000705971 0.000550781
-0.000704359 0.000556641

-0.000704352 0.000556641
-0.000704297 0.00055684

-0.000704297 0.000556812
-0.000702721 0.0005625

-0.000702732 0.0005625
-0.000701107 0.000568359

-0.000701112 0.000568359
-0.000699454 0.000574219

-0.00069945 0.000574219
-0.000698438 0.000577723

-0.000698438 0.000577716
-0.000697755 0.000580078

-0.000697743 0.000580078
-0.000696051 0.000585937

-0.00069607 0.000585937
-0.000694364 0.000591797

-0.000694362 0.000591797
-0.000692609 0.000597656

-0.000692602 0.000597656
-0.000692578 0.000597737

-0.000692578 0.000597704
-0.000690831 0.000603516

-0.000690846 0.000603516
-0.000689079 0.000609375

-0.000689081 0.000609375
-0.000687275 0.000615234

-0.000687269 0.000615234
-0.000686719 0.000616999

-0.000686719 0.000616978
-0.000685434 0.000621094

-0.000685437 0.000621094
-0.000683603 0.000626953

-0.000683613 0.000626953
-0.000681752 0.000632812

-0.000681747 0.000632812
-0.000680859 0.000635558

-0.000680859 0.000635542
-0.000679847 0.000638672

-0.000679842 0.000638672
-0.000677942 0.000644531

-0.000677958 0.000644531
-0.000676037 0.000650391

-0.000676033 0.000650391
-0.000675 0.000653477

-0.000675 0.000653462
-0.000674067 0.00065625

-0.00067406 0.00065625
-0.000672095 0.000662109

-0.000672112 0.000662109
-0.000670128 0.000667969

-0.000670124 0.000667969
-0.000669141 0.000670816

-0.000669141 0.000670797
-0.000668094 0.000673828

-0.000668089 0.000673828
-0.000666059 0.000679687

-0.000666074 0.000679687
-0.000664022 0.000685547

-0.000664018 0.000685547
-0.000663281 0.000687618

-0.000663281 0.000687592
-0.000661924 0.000691406

-0.000661927 0.000691406
-0.000659832 0.000697266

-0.000659842 0.000697266
-0.000657716 0.000703125

-0.00065771 0.000703125
-0.000657422 0.000703914

-0.000657422 0.000703881
-0.000655555 0.000708984

-0.00065557 0.000708984
-0.000653412 0.000714844

-0.000653413 0.000714844
-0.000651563 0.000719765

-0.000651563 0.000719763
-0.000651209 0.000720703

-0.000651189 0.000720703
-0.000648981 0.000726562

-0.000649007 0.000726562
-0.000646785 0.000732422

-0.000646778 0.000732422
-0.000645703 0.000735201

-0.000645703 0.000735179
-0.000644503 0.000738281

-0.000644501 0.000738281
-0.000642223 0.000744141

-0.000642238 0.000744141
-0.000639933 0.00075

-0.000639928 0.00075
-0.000639844 0.000750212

-0.000639844 0.000750172
-0.000637589 0.000755859

-0.00063761 0.000755859
-0.000635268 0.000761719

-0.000635263 0.000761719
-0.000633984 0.00076486

-0.000633984 0.000764844
-0.000632872 0.000767578

-0.000632867 0.000767578
-0.000630473 0.000773437

-0.000630491 0.000773437
-0.000628125 0.000779159

-0.000628125 0.000779161
-0.000628069 0.000779297

-0.000628045 0.000779297
-0.000625603 0.000785156

-0.000625626 0.000785156
-0.000623165 0.000791016

-0.000623159 0.000791016
-0.000622266 0.000793108

-0.000622266 0.00079308
-0.000620646 0.000796875

-0.000620652 0.000796875
-0.000618135 0.000802734

-0.000618142 0.000802734
-0.000616406 0.000806724

-0.000616406 0.000806716
-0.00061559 0.000808594

-0.000615577 0.000808594
-0.000613014 0.000814453

-0.000613037 0.000814453
-0.000610547 0.000820077

-0.000610547 0.000820077
-0.000610443 0.000820312

-0.000610416 0.000820312
-0.000607799 0.000826172

-0.000607825 0.000826172
-0.000605187 0.000832031

-0.000605179 0.000832031
-0.000604688 0.00083311

-0.000604688 0.000833073
-0.000602491 0.000837891

-0.000602507 0.000837891
-0.000599816 0.00084375

-0.000599816 0.00084375
-0.000598828 0.000845877

-0.000598828 0.000845851
-0.000597082 0.000849609

-0.000597089 0.000849609
-0.000594346 0.000855469

-0.000594352 0.000855469
-0.000592969 0.000858394

-0.000592969 0.000858375
-0.000591572 0.000861328

-0.000591571 0.000861328
-0.000588778 0.000867187

-0.00058879 0.000867187
-0.000587109 0.000870677

-0.000587109 0.000870662
-0.000585961 0.000873047

-0.000585954 0.000873047
-0.00058311 0.000878906

-0.000583126 0.000878906
-0.00058125 0.000882734

-0.00058125 0.00088272
-0.000580248 0.000884766

-0.000580237 0.000884766
-0.000577342 0.000890625

-0.00057736 0.000890625
-0.000575391 0.000894577

-0.000575391 0.000894563
-0.000574433 0.000896484

-0.000574421 0.000896484
-0.000571476 0.000902344

-0.000571495 0.000902344
-0.000569531 0.000906219

-0.000569531 0.000906204
-0.000568518 0.000908203

-0.000568508 0.000908203
-0.000565514 0.000914062

-0.000565531 0.000914062
-0.000563672 0.000917674

-0.000563672 0.000917656
-0.000562506 0.000919922

-0.000562499 0.000919922
-0.000559457 0.000925781

-0.000559471 0.000925781
-0.000557813 0.000928954

-0.000557813 0.000928932
-0.000556396 0.000931641

-0.000556396 0.000931641
-0.000553306 0.0009375

-0.000553317 0.0009375
-0.000551953 0.00094007

-0.000551953 0.000940042
-0.000550192 0.000943359

-0.000550199 0.000943359
-0.000547062 0.000949219

-0.000547069 0.000949219
-0.000546094 0.00095103

-0.000546094 0.000950997
-0.000543896 0.000955078

-0.000543911 0.000955078
-0.000540727 0.000960937

-0.000540725 0.000960937
-0.000540234 0.000961837

-0.000540234 0.000961804
-0.000537507 0.000966797

-0.000537533 0.000966797
-0.000534375 0.000972527

-0.000534375 0.000972526
-0.000534304 0.000972656

-0.000534276 0.000972656
-0.000531026 0.000978516

-0.000531056 0.000978516
-0.000528516 0.000983071

-0.000528516 0.000983056
-0.00052778 0.000984375

-0.000527765 0.000984375
-0.000524469 0.000990234

-0.000524491 0.000990234
-0.000522656 0.000993485

-0.000522656 0.000993454
-0.000521167 0.000996094

-0.000521171 0.000996094
-0.000517835 0.00100195

-0.000517849 0.00100195
-0.000516797 0.00100379

-0.000516797 0.00100375
-0.000514474 0.00100781

-0.000514493 0.00100781
-0.000511105 0.00101367

-0.000511098 0.00101367
-0.000510938 0.00101395

-0.000510937 0.00101392
-0.000507681 0.00101953

-0.000507707 0.00101953
-0.000505078 0.00102404

-0.000505078 0.00102402
-0.000504282 0.00102539

-0.000504273 0.00102539
-0.000500833 0.00103125

-0.000500857 0.00103125
-0.000499219 0.00103403

-0.000499219 0.00103399
-0.000497379 0.00103711

-0.000497391 0.00103711
-0.000493899 0.00104297

-0.0004939 0.00104297
-0.000493359 0.00104388

-0.000493359 0.00104384
-0.000490378 0.00104883

-0.0004904 0.00104883
-0.0004875 0.00105365

-0.0004875 0.00105364
-0.000486873 0.00105469

-0.000486863 0.00105469
-0.000483321 0.00106055

-0.000483348 0.00106055
-0.000481641 0.00106336

-0.000481641 0.00106331
-0.000479764 0.00106641

-0.000479776 0.00106641
-0.000476181 0.00107227

-0.000476176 0.00107227
-0.000475781 0.00107292

-0.000475781 0.00107289
-0.000472564 0.00107812

-0.00047259 0.00107812
-0.000469922 0.00108245

-0.000469922 0.00108243
-0.000468965 0.00108398

-0.000468965 0.00108398
-0.000465321 0.00108984

-0.000465342 0.00108984
-0.000464063 0.0010919

-0.000464062 0.00109184
-0.000461652 0.0010957

-0.00046167 0.0010957
-0.000458203 0.00110122

-0.000458203 0.00110121
-0.000457991 0.00110156

-0.000457975 0.00110156
-0.000454286 0.00110742

-0.00045432 0.00110742
-0.000452344 0.00111055

-0.000452344 0.0011105
-0.000450584 0.00111328

-0.000450597 0.00111328
-0.000446854 0.00111914

-0.000446845 0.00111914
-0.000446484 0.00111972

-0.000446484 0.00111969
-0.000443095 0.001125

-0.000443127 0.001125
-0.000440625 0.0011289

-0.000440625 0.00112886
-0.000439342 0.00113086

-0.000439348 0.00113086
-0.000435544 0.00113672

-0.00043555 0.00113672
-0.000434766 0.00113795

-0.000434766 0.0011379
-0.000431718 0.00114258

-0.000431744 0.00114258
-0.000428906 0.00114691

-0.000428906 0.00114687
-0.000427891 0.00114844

-0.000427893 0.00114844
-0.000424011 0.0011543

-0.000424021 0.0011543
-0.000423047 0.00115578

-0.000423047 0.00115573
-0.000420095 0.00116016

-0.00042012 0.00116016
-0.000417188 0.00116452

-0.000417187 0.00116447
-0.000416167 0.00116602

-0.000416169 0.00116602
-0.000412179 0.00117187

-0.000412175 0.00117187
-0.000411328 0.00117315

-0.000411328 0.0011731
-0.00040815 0.00117773

-0.000408177 0.00117773
-0.000405469 0.00118164

-0.000405469 0.00118158
-0.000404088 0.00118359

-0.000404101 0.00118359
-0.000399977 0.00118945

-0.000399972 0.00118945
-0.000399609 0.00118997

-0.000399609 0.00118995
-0.000395803 0.00119531

-0.000395843 0.00119531
-0.00039375 0.00119824

-0.00039375 0.00119815
-0.000391585 0.00120117

-0.000391607 0.00120117
-0.000387891 0.00120625

-0.000387891 0.00120624
-0.000387317 0.00120703

-0.000387315 0.00120703
-0.000382967 0.00121289

-0.000382964 0.00121289
-0.000382031 0.00121416

-0.000382031 0.00121413
-0.000378566 0.00121875

-0.000378594 0.00121875
-0.000376172 0.00122195

-0.000376172 0.00122186
-0.000374098 0.00122461

-0.000374117 0.00122461
-0.000370313 0.0012295

-0.000370312 0.00122948
-0.000369546 0.00123047

-0.000369552 0.00123047
-0.000364911 0.00123633

-0.000364915 0.00123633
-0.000364453 0.00123691

-0.000364453 0.00123689
-0.000360198 0.00124219

-0.000360207 0.00124219
-0.000358594 0.00124419

-0.000358594 0.00124415
-0.000355412 0.00124805

-0.000355399 0.00124805
-0.000352734 0.00125129

-0.000352734 0.00125123
-0.000350517 0.00125391

-0.000350517 0.00125391
-0.000346875 0.00125816

-0.000346875 0.00125814
-0.000345467 0.00125977

-0.00034548 0.00125977
-0.000341016 0.0012648

-0.000341016 0.00126479
-0.000340272 0.00126562

-0.000340285 0.00126563
-0.000335156 0.00127122

-0.000335156 0.00127122
-0.000334914 0.00127148

-0.000334918 0.00127148
-0.000329369 0.00127734

-0.000329373 0.00127734
-0.000329297 0.00127742

-0.000329297 0.00127742
-0.000323632 0.0012832

-0.000323627 0.0012832
-0.000323438 0.00128339

-0.000323437 0.0012834
-0.000317682 0.00128906

-0.000317683 0.00128906
-0.000317578 0.00128916

-0.000317578 0.00128916
-0.000311719 0.00129471

-0.000311719 0.00129471
-0.000311494 0.00129492

-0.000311486 0.00129492
-0.000305859 0.00130006

-0.000305859 0.00130008
-0.000305074 0.00130078

-0.000305038 0.00130078
-0.0003 0.00130521

-0.0003 0.00130526
-0.000298378 0.00130664

-0.000298314 0.00130664
-0.000294141 0.00131016

-0.000294141 0.00131024
-0.000291325 0.0013125

-0.00029128 0.0013125
-0.000288281 0.00131489

-0.000288281 0.00131495
-0.000283889 0.00131836

-0.000283877 0.00131836
-0.000282422 0.00131946

-0.000282422 0.00131949
-0.000276563 0.00132382

-0.000276562 0.00132385
-0.000276032 0.00132422

-0.000275972 0.00132422
-0.000270703 0.00132793

-0.000270703 0.00132798
-0.000267587 0.00133008

-0.000267477 0.00133008
-0.000264844 0.00133185

-0.000264844 0.0013319
-0.000258984 0.00133564

-0.000258984 0.00133566
-0.00025853 0.00133594

-0.000258438 0.00133594
-0.000253125 0.00133917

-0.000253125 0.00133921
-0.000248647 0.0013418

-0.000248626 0.0013418
-0.000247266 0.00134258

-0.000247266 0.00134257
-0.000241406 0.00134577

-0.000241406 0.0013458
-0.000237824 0.00134766

-0.000237779 0.00134766
-0.000235547 0.00134881

-0.000235547 0.00134881
-0.000229687 0.00135168

-0.000229687 0.0013517
-0.000225769 0.00135352

-0.000225746 0.00135352
-0.000223828 0.0013544

-0.000223828 0.00135438
-0.000217969 0.00135694

-0.000217969 0.00135697
-0.000212113 0.00135937

-0.000212038 0.00135937
-0.00020625 0.00136158

-0.00020625 0.00136158
-0.000200391 0.00136371

-0.000200391 0.00136373
-0.000195917 0.00136523

-0.00019592 0.00136523
-0.000194531 0.0013657

-0.000194531 0.00136568
-0.000188672 0.00136752

-0.000188672 0.00136752
-0.000182812 0.00136924

-0.000182813 0.00136926
-0.000176953 0.00137084

-0.000176953 0.00137083
-0.000175865 0.00137109

-0.000175826 0.00137109
-0.000171094 0.00137225

-0.000171094 0.00137225
-0.000165234 0.00137359

-0.000165234 0.00137359
-0.000159375 0.00137482

-0.000159375 0.00137482
-0.000153516 0.00137594

-0.000153516 0.00137594
-0.000147656 0.00137693

-0.000147656 0.00137693
-0.000147495 0.00137695

-0.000147452 0.00137695
-0.000141797 0.0013778

-0.000141797 0.0013778
-0.000135937 0.00137858

-0.000135938 0.00137858
-0.000130078 0.00137926

-0.000130078 0.00137926
-0.000124219 0.00137984

-0.000124219 0.00137984
-0.000118359 0.00138032

-0.000118359 0.00138032
-0.0001125 0.0013807

-0.0001125 0.0013807
-0.000106641 0.00138099

-0.000106641 0.00138099
-0.000100781 0.00138119

-0.000100781 0.00138119
-9.49219e-05 0.0013813

-9.49219e-05 0.0013813
-8.90625e-05 0.00138132

-8.90625e-05 0.00138132
-8.32031e-05 0.00138126

-8.32031e-05 0.00138125
-7.73438e-05 0.00138111

-7.73438e-05 0.00138111
-7.14844e-05 0.00138088

-7.14844e-05 0.00138088
-6.5625e-05 0.00138058

-6.5625e-05 0.00138058
-5.97656e-05 0.0013802

-5.97656e-05 0.0013802
-5.39063e-05 0.00137974

-5.39063e-05 0.00137974
-4.80469e-05 0.00137922

-4.80469e-05 0.00137922
-4.21875e-05 0.00137862

-4.21875e-05 0.00137862
-3.63281e-05 0.00137795

-3.63281e-05 0.00137795
-3.04688e-05 0.00137722

-2.46094e-05 0.00137642
-2.84937e-05 0.00137695

-3.04688e-05 0.00137722
-2.84916e-05 0.00137695

-2.46094e-05 0.00137642
-1.875e-05 0.00137556

-1.875e-05 0.00137556
-1.28906e-05 0.00137463

-1.28906e-05 0.00137463
-7.03125e-06 0.00137364

-7.03125e-06 0.00137364
-1.17187e-06 0.00137258

-1.17187e-06 0.00137258
4.6875e-06 0.00137147

1.05469e-05 0.0013703
6.5706e-06 0.00137109

1.05469e-05 0.0013703
1.64062e-05 0.00136906

4.6875e-06 0.00137147
6.57503e-06 0.00137109

1.64063e-05 0.00136906
2.22656e-05 0.00136777

2.22656e-05 0.00136777
2.8125e-05 0.00136642

5.74219e-05 0.00135884
5.54815e-05 0.00135937

5.74219e-05 0.00135884
6.32812e-05 0.00135716

6.32813e-05 0.00135716
6.91406e-05 0.00135543

6.91406e-05 0.00135543
7.5e-05 0.00135365

3.39844e-05 0.00136501
3.30532e-05 0.00136523

2.8125e-05 0.00136642
3.30686e-05 0.00136523

3.39844e-05 0.00136502
3.98437e-05 0.00136355

3.98438e-05 0.00136355
4.57031e-05 0.00136203

4.57031e-05 0.00136203
5.15625e-05 0.00136046

5.15625e-05 0.00136046
5.54928e-05 0.00135937

0.000186328 0.00131135
0.000183725 0.0013125

0.000186328 0.00131135
0.000192187 0.00130873

0.000198047 0.00130607
0.000196789 0.00130664

0.000192187 0.00130873
0.000196791 0.00130664

0.000198047 0.00130607
0.000203906 0.00130338

0.000209766 0.00130065
0.000209486 0.00130078

0.000209766 0.00130065
0.000215625 0.00129789

0.000203906 0.00130338
0.000209487 0.00130078

0.000239062 0.00128654
0.000233934 0.00128906

0.000215625 0.00129789
0.000221484 0.0012951

0.000227344 0.00129228
0.000221856 0.00129492

0.000221484 0.0012951
0.000221856 0.00129492

0.000227344 0.00129228
0.000233203 0.00128942

0.000233203 0.00128942
0.000233934 0.00128906

0.000239062 0.00128654
0.000244922 0.00128362

0.000250781 0.00128068
0.00024576 0.0012832

0.000244922 0.00128362
0.00024576 0.0012832

0.0002625 0.00127472
0.00025736 0.00127734

0.000250781 0.00128068
0.000256641 0.00127771

0.000256641 0.00127771
0.00025736 0.00127734

8.08594e-05 0.00135183
7.54493e-05 0.00135352

7.5e-05 0.00135366
7.54491e-05 0.00135352

8.08594e-05 0.00135182
8.67187e-05 0.00134994

9.84375e-05 0.00134605
9.36668e-05 0.00134766

8.67188e-05 0.00134995
9.25781e-05 0.00134802

9.25781e-05 0.00134802
9.36681e-05 0.00134766

9.84375e-05 0.00134605
0.000104297 0.00134403

0.000104297 0.00134403
0.000110156 0.00134196

0.000116016 0.00133986
0.000110627 0.0013418

0.000110156 0.00134197
0.000110627 0.0013418

0.000116016 0.00133985
0.000121875 0.0013377

0.000127734 0.0013355
0.000126577 0.00133594

0.000127734 0.00133551
0.000133594 0.00133327

0.000133594 0.00133327
0.000139453 0.00133099

0.000145312 0.00132867
0.00014176 0.00133008

0.000139453 0.00133099
0.000141763 0.00133008

0.000121875 0.0013377
0.000126584 0.00133594

0.000157031 0.00132391
0.00015628 0.00132422

0.000145312 0.00132867
0.000151172 0.00132631

0.000151172 0.00132631
0.000156284 0.00132422

0.000157031 0.00132391
0.000162891 0.00132148

0.000162891 0.00132148
0.00016875 0.001319

0.000174609 0.00131649
0.000170249 0.00131836

0.00016875 0.001319
0.00017025 0.00131836

0.000174609 0.00131649
0.000180469 0.00131394

0.000180469 0.00131394
0.000183726 0.0013125

0.000280078 0.00126557
0.000279982 0.00126562

0.000280078 0.00126557
0.000285937 0.00126248

0.000291797 0.00125936
0.000291033 0.00125977

0.000285937 0.00126247
0.000291022 0.00125977

0.000291797 0.00125936
0.000297656 0.00125621

0.000303516 0.00125305
0.000301937 0.00125391

0.000303516 0.00125305
0.000309375 0.00124987

0.000297656 0.00125621
0.000301926 0.00125391

0.0002625 0.00127471
0.000268359 0.00127169

0.000274219 0.00126864
0.000268759 0.00127148

0.000268359 0.00127169
0.000268758 0.00127148

0.000274219 0.00126864
0.000279972 0.00126563

0.000326953 0.00124021
0.000323369 0.00124219

0.000326953 0.0012402
0.000332812 0.00123695

0.000315234 0.00124667
0.000312711 0.00124805

0.000309375 0.00124987
0.000312701 0.00124805

0.000315234 0.00124666
0.000321094 0.00124344

0.000321094 0.00124344
0.000323364 0.00124219

0.000344531 0.00123041
0.000344419 0.00123047

0.000338672 0.00123368
0.000333928 0.00123633

0.000332812 0.00123695
0.000333926 0.00123633

0.000338672 0.00123367
0.000344387 0.00123047

0.000344531 0.00123039
0.000350391 0.00122709

0.00035625 0.00122379
0.000354794 0.00122461

0.000350391 0.00122708
0.000354767 0.00122461

0.000367969 0.00121712
0.000365106 0.00121875

0.000367969 0.00121712
0.000373828 0.00121377

0.000379687 0.00121042
0.00037537 0.00121289

0.000373828 0.00121377
0.000375364 0.00121289

0.000391406 0.00120369
0.000385592 0.00120703

0.000379687 0.00121041
0.000385547 0.00120705

0.000385547 0.00120706
0.000385591 0.00120703

0.000397266 0.00120032
0.000395792 0.00120117

0.000391406 0.00120368
0.000395753 0.00120117

0.000397266 0.00120031
0.000403125 0.00119693

0.00045 0.00116981
0.00044644 0.00117187

0.000408984 0.00119355
0.000405933 0.00119531

0.000408984 0.00119354
0.000414844 0.00119016

0.000426562 0.00118341
0.000426239 0.00118359

0.000420703 0.00118677
0.000416068 0.00118945

0.000414844 0.00119016
0.000416063 0.00118945

0.000420703 0.00118676
0.000426183 0.00118359

0.000403125 0.00119692
0.000405912 0.00119531

0.000426562 0.00118338
0.000432422 0.00117999

0.000438281 0.00117661
0.000436332 0.00117773

0.000432422 0.00117998
0.000436294 0.00117773

0.000438281 0.00117659
0.000444141 0.0011732

0.000444141 0.0011732
0.000446423 0.00117187

0.00035625 0.00122378
0.000362109 0.00122045

0.000362109 0.00122045
0.00036509 0.00121875

0.00102664 0
0.00102664 5.85937e-06

0.00102664 5.85938e-06
0.00102666 1.17187e-05

0.00102666 1.17187e-05
0.00102668 1.75781e-05

0.00102668 1.75781e-05
0.00102671 2.34375e-05

0.00102671 2.34375e-05
0.00102676 2.92969e-05

0.00102676 2.92969e-05
0.00102681 3.51562e-05

0.00102681 3.51562e-05
0.00102687 4.10156e-05

0.00102687 4.10156e-05
0.00102693 4.6875e-05

0.00102693 4.6875e-05
0.00102701 5.27344e-05

0.00102701 5.27344e-05
0.0010271 5.85937e-05

0.0010271 5.85937e-05
0.00102719 6.44531e-05

0.00102719 6.44531e-05
0.00102729 7.03125e-05

0.00102729 7.03125e-05
0.0010274 7.61719e-05

0.0010274 7.61719e-05
0.00102752 8.20312e-05

0.00102752 8.20312e-05
0.00102764 8.78906e-05

0.00102764 8.78906e-05
0.00102778 9.375e-05

0.00102778 9.375e-05
0.00102792 9.96094e-05

0.00102792 9.96094e-05
0.00102807 0.000105469

0.00102807 0.000105469
0.00102822 0.000111328

0.00102822 0.000111328
0.00102838 0.000117187

0.00102838 0.000117187
0.00102855 0.000123047

0.00102855 0.000123047
0.00102873 0.000128906

0.00102873 0.000128906
0.00102892 0.000134766

0.00102892 0.000134766
0.00102911 0.000140625

0.00102911 0.000140625
0.00102931 0.000146484

0.00102931 0.000146484
0.00102952 0.000152344

0.00102952 0.000152344
0.00102973 0.000158203

0.00102973 0.000158203
0.00102995 0.000164062

0.00102995 0.000164062
0.00103008 0.000167533

0.00103008 0.000167572
0.00103016 0.000169922

0.00103016 0.000169922
0.00103038 0.000175781

0.00103038 0.000175781
0.0010306 0.000181641

0.0010306 0.000181641
0.00103084 0.0001875

0.00103084 0.0001875
0.00103108 0.000193359

0.00103108 0.000193359
0.00103133 0.000199219

0.00103133 0.000199219
0.00103159 0.000205078

0.00103159 0.000205078
0.00103185 0.000210937

0.00103185 0.000210937
0.00103211 0.000216797

0.00103211 0.000216797
0.00103238 0.000222656

0.00103238 0.000222656
0.00103265 0.000228516

0.00103265 0.000228516
0.00103293 0.000234375

0.00103293 0.000234375
0.00103321 0.000240234

0.00103321 0.000240234
0.00103349 0.000246094

0.00103349 0.000246094
0.00103378 0.000251953

0.00103378 0.000251953
0.00103408 0.000257812

0.00103408 0.000257812
0.00103437 0.000263672

0.00103437 0.000263672
0.00103467 0.000269531

0.00103467 0.000269531
0.00103497 0.000275391

0.00103497 0.000275391
0.00103527 0.00028125

0.00103527 0.00028125
0.00103558 0.000287109

0.00103559 0.000287109
0.00103588 0.000292969

0.00103588 0.000292969
0.00103594 0.000294261

0.00103594 0.000294294
0.00103615 0.000298828

0.00103615 0.000298828
0.00103642 0.000304687

0.00103642 0.000304687
0.0010367 0.000310547

0.0010367 0.000310547
0.00103698 0.000316406

0.00103698 0.000316406
0.00103727 0.000322266

0.00103727 0.000322266
0.00103755 0.000328125

0.00103755 0.000328125
0.00103784 0.000333984

0.00103784 0.000333984
0.00103812 0.000339844

0.00103812 0.000339844
0.0010384 0.000345703

0.0010384 0.000345703
0.00103868 0.000351562

0.00103868 0.000351562
0.00103895 0.000357422

0.00103896 0.000357422
0.00103922 0.000363281

0.00103922 0.000363281
0.00103948 0.000369141

0.00103948 0.000369141
0.00103973 0.000375

0.0010125 0.000687258
0.00101108 0.000691406

0.00101112 0.000691406
0.00100905 0.000697266

0.00100907 0.000697266
0.00100688 0.000703125

0.000989062 0.000743569
0.000988779 0.000744141

0.000988764 0.000744141
0.000985752 0.00075

0.00100078 0.000718152
0.000999697 0.000720703

0.00099974 0.000720703
0.000997162 0.000726562

0.00100664 0.000703618
0.00100456 0.000708984

0.0010046 0.000708984
0.00100226 0.000714844

0.00100664 0.000703778
0.00100689 0.000703125

0.00100078 0.000718397
0.00100229 0.000714844

0.000994922 0.000731428
0.000994465 0.000732422

0.000994465 0.000732422
0.000991669 0.000738281

0.000994922 0.000731519
0.000997199 0.000726562

0.000989062 0.000743622
0.00099171 0.000738281

0.00103973 0.000375
0.00103997 0.000380859

0.00103997 0.000380859
0.0010402 0.000386719

0.0010402 0.000386719
0.00104042 0.000392578

0.00104042 0.000392578
0.00104062 0.000398437

0.00104062 0.000398437
0.00104081 0.000404297

0.00104081 0.000404297
0.00104099 0.000410156

0.00104099 0.000410156
0.00104116 0.000416016

0.00104116 0.000416016
0.0010413 0.000421875

0.00104131 0.000421875
0.00104143 0.000427734

0.00104143 0.000427734
0.00104153 0.000433594

0.00104153 0.000433594
0.00104162 0.000439453

0.00104162 0.000439453
0.0010417 0.000445312

0.0010417 0.000445312
0.00104178 0.000451172

0.00104178 0.000451172
0.0010418 0.000452906

0.0010418 0.000452864
0.00104185 0.000457031

0.00104185 0.000457031
0.00104191 0.000462891

0.00104191 0.000462891
0.00104196 0.00046875

0.00104196 0.00046875
0.00104198 0.000474609

0.00104198 0.000474609
0.00104198 0.000480469

0.00104198 0.000480469
0.00104194 0.000486328

0.00104195 0.000486328
0.00104185 0.000492187

0.0010418 0.000494128
0.00104169 0.000498047

0.00104168 0.000498047
0.00104148 0.000503906

0.0010418 0.000494045
0.00104185 0.000492187

0.00104148 0.000503906
0.00104127 0.000509766

0.00104127 0.000509766
0.00104105 0.000515625

0.00104105 0.000515625
0.0010408 0.000521484

0.0010408 0.000521484
0.00104051 0.000527344

0.00104051 0.000527344
0.00104019 0.000533203

0.00104019 0.000533203
0.00103983 0.000539062

0.00103983 0.000539062
0.00103943 0.000544922

0.00103943 0.000544922
0.00103899 0.000550781

0.00103899 0.000550781
0.00103851 0.000556641

0.00103851 0.000556641
0.00103798 0.0005625

0.00103594 0.000580612
0.00103527 0.000585937

0.00103529 0.000585937
0.00103454 0.000591797

0.00103454 0.000591797
0.00103373 0.000597656

0.00103373 0.000597656
0.00103284 0.000603516

0.00103284 0.000603516
0.00103188 0.000609375

0.00103798 0.0005625
0.00103739 0.000568359

0.00103739 0.000568359
0.00103674 0.000574219

0.00103674 0.000574219
0.00103603 0.000580078

0.00103594 0.000580787
0.00103603 0.000580078

0.00103008 0.000619187
0.00102972 0.000621094

0.00103188 0.000609375
0.00103084 0.000615234

0.00103008 0.000619281
0.00103084 0.000615234

0.00102972 0.000621094
0.00102858 0.000626953

0.0010286 0.000626953
0.00102741 0.000632812

0.00102422 0.000646619
0.00102329 0.000650391

0.00102331 0.000650391
0.00102183 0.00065625

0.00102741 0.000632812
0.00102614 0.000638672

0.00102614 0.000638672
0.00102476 0.000644531

0.00102422 0.000646805
0.00102478 0.000644531

0.00102184 0.00065625
0.00102027 0.000662109

0.00102027 0.000662109
0.00101858 0.000667969

0.00101836 0.000668572
0.00101679 0.000673828

0.00101683 0.000673828
0.00101504 0.000679687

0.00101836 0.000668747
0.00101859 0.000667969

0.00101505 0.000679687
0.00101313 0.000685547

0.0010125 0.000687491
0.00101316 0.000685547

0.000532031 0.00112265
0.000527913 0.001125

0.000532031 0.00112265
0.000537891 0.0011193

0.00054375 0.00111595
0.000538167 0.00111914

0.000537891 0.0011193
0.000538168 0.00111914

0.000549609 0.00111261
0.000548433 0.00111328

0.000549609 0.00111261
0.000555469 0.00110927

0.00054375 0.00111596
0.000548438 0.00111328

0.000561328 0.00110592
0.000558699 0.00110742

0.000555469 0.00110927
0.000558705 0.00110742

0.000561328 0.00110592
0.000567187 0.00110258

0.000573047 0.00109923
0.000568958 0.00110156

0.000573047 0.00109923
0.000578906 0.00109587

0.000590625 0.00108914
0.000589401 0.00108984

0.000584766 0.00109251
0.000579199 0.0010957

0.000578906 0.00109587
0.000579201 0.0010957

0.000584766 0.00109252
0.000589437 0.00108984

0.000567188 0.00110257
0.000568959 0.00110156

0.000614062 0.00107563
0.000609757 0.00107812

0.000619922 0.0010722
0.0006198 0.00107227

0.000614063 0.00107564
0.000619861 0.00107227

0.000619922 0.00107222
0.000625781 0.00106881

0.000631641 0.00106537
0.000629862 0.00106641

0.000631641 0.00106538
0.0006375 0.00106194

0.000625781 0.00106882
0.00062991 0.00106641

0.000590625 0.00108915
0.000596484 0.00108579

0.000602344 0.00108241
0.000599604 0.00108398

0.000596484 0.00108579
0.000599626 0.00108398

0.000602344 0.00108241
0.000608203 0.00107903

0.000608203 0.00107903
0.000609763 0.00107812

0.000825 0.000935803
0.000822864 0.0009375

0.000690234 0.00103007
0.000688326 0.00103125

0.000690234 0.00103009
0.000696094 0.00102643

0.000707812 0.00101901
0.000706967 0.00101953

0.000701953 0.00102274
0.00069774 0.00102539

0.000696094 0.00102643
0.000697755 0.00102539

0.000701953 0.00102275
0.000707024 0.00101953

0.000725391 0.00100766
0.000725157 0.00100781

0.000725391 0.00100768
0.00073125 0.00100383

0.000707812 0.00101903
0.000713672 0.00101528

0.000719531 0.00101149
0.000716153 0.00101367

0.000713672 0.00101529
0.000716174 0.00101367

0.000719531 0.0010115
0.000725193 0.00100781

0.000655078 0.0010515
0.00064974 0.00105469

0.000660937 0.00104797
0.000659504 0.00104883

0.000655078 0.00105152
0.000659563 0.00104883

0.000643359 0.00105847
0.000639848 0.00106055

0.0006375 0.00106194
0.000639868 0.00106055

0.000643359 0.00105848
0.000649219 0.001055

0.000649219 0.001055
0.000649746 0.00105469

0.000672656 0.0010409
0.000669242 0.00104297

0.000660938 0.00104799
0.000666797 0.00104446

0.000666797 0.00104447
0.000669264 0.00104297

0.000672656 0.0010409
0.000678516 0.00103732

0.000684375 0.00103371
0.000678856 0.00103711

0.000678516 0.00103732
0.000678863 0.00103711

0.000684375 0.00103373
0.000688374 0.00103125

0.000760547 0.000983979
0.000759966 0.000984375

0.000760547 0.000983986
0.000766406 0.000979885

0.000778125 0.000971541
0.000776538 0.000972656

0.000772266 0.000975735
0.000768338 0.000978516

0.000766406 0.000979878
0.000768366 0.000978516

0.000772266 0.00097574
0.000776568 0.000972656

0.000742969 0.000996003
0.000742831 0.000996094

0.000737109 0.000999937
0.000734071 0.00100195

0.00073125 0.00100384
0.000734094 0.00100195

0.000737109 0.000999945
0.000742855 0.000996094

0.000742969 0.000996017
0.000748828 0.000992049

0.000754688 0.000988035
0.000751473 0.000990234

0.000748828 0.000992055
0.000751495 0.000990234

0.000754687 0.000988042
0.000759987 0.000984375

0.000795703 0.000958607
0.000792567 0.000960937

0.000801563 0.000954179
0.000800362 0.000955078

0.000795703 0.00095861
0.000800375 0.000955078

0.000778125 0.000971538
0.000783984 0.000967284

0.000789844 0.000962974
0.000784646 0.000966797

0.000783984 0.000967281
0.000784653 0.000966797

0.000789844 0.00096297
0.0007926 0.000960937

0.000813281 0.000945127
0.000808023 0.000949219

0.000801562 0.00095418
0.000807422 0.000949687

0.000807422 0.000949685
0.000808029 0.000949219

0.000819141 0.0009405
0.000815512 0.000943359

0.000813281 0.000945117
0.000815549 0.000943359

0.000819141 0.000940496
0.00082289 0.0009375

0.00045 0.00116981
0.000455859 0.00116642

0.000461719 0.00116304
0.000456567 0.00116602

0.000455859 0.00116642
0.000456566 0.00116602

0.000467578 0.00115967
0.000466741 0.00116016

0.000467578 0.00115965
0.000473437 0.00115627

0.000461719 0.00116303
0.000466694 0.00116016

0.000491016 0.00114615
0.000487036 0.00114844

0.000491016 0.00114614
0.000496875 0.00114278

0.000479297 0.0011529
0.000476874 0.0011543

0.000473438 0.00115626
0.000476847 0.0011543

0.000479297 0.00115289
0.000485156 0.00114952

0.000485156 0.00114951
0.000487024 0.00114844

0.000508594 0.00113607
0.000507457 0.00113672

0.000502734 0.00113942
0.000497226 0.00114258

0.000496875 0.00114278
0.000497226 0.00114258

0.000502734 0.00113941
0.000507432 0.00113672

0.000508594 0.00113606
0.000514453 0.0011327

0.000520312 0.00112935
0.000517674 0.00113086

0.000514453 0.0011327
0.000517662 0.00113086

0.000520313 0.00112935
0.000526172 0.00112599

0.000526172 0.00112599
0.000527907 0.001125

0.000830859 0.000931009
0.000830086 0.000931641

0.000825 0.0009358
0.000830099 0.000931641

0.000830859 0.00093102
0.000836719 0.000926159

0.000842578 0.000921217
0.000837167 0.000925781

0.000848438 0.000916189
0.000844083 0.000919922

0.000842578 0.000921217
0.000844103 0.000919922

0.000836719 0.00092616
0.000837172 0.000925781

0.000854297 0.000911084
0.000850846 0.000914062

0.000860156 0.000905849
0.000857502 0.000908203

0.000854297 0.000911054
0.000857548 0.000908203

0.000866016 0.000900514
0.000864005 0.000902344

0.000871875 0.000895074
0.000870361 0.000896484

0.000866016 0.000900521
0.000870415 0.000896484

0.000860156 0.000905832
0.000864062 0.000902344

0.000848437 0.000916181
0.000850894 0.000914062

0.000877734 0.000889521
0.000876577 0.000890625

0.000883594 0.000883849
0.000882655 0.000884766

0.000877734 0.000889553
0.000882708 0.000884766

0.000889453 0.000878051
0.000888597 0.000878906

0.000895312 0.000872109
0.000894397 0.000873047

0.000889453 0.0008781
0.000894433 0.000873047

0.000883594 0.000883886
0.000888646 0.000878906

0.000901172 0.000866015
0.000900057 0.000867187

0.000907031 0.000859759
0.000905581 0.000861328

0.000901172 0.000866079
0.000905623 0.000861328

0.000912891 0.000853325
0.000910966 0.000855469

0.00091875 0.000846712
0.000916234 0.000849609

0.000912891 0.000853449
0.000916274 0.000849609

0.000907031 0.000859843
0.000911014 0.000855469

0.000895312 0.000872163
0.000900095 0.000867187

0.000871875 0.000895097
0.00087663 0.000890625

0.000965625 0.000784627
0.000965299 0.000785156

0.000959766 0.000793469
0.000957474 0.000796875

0.000965311 0.000785156
0.000961488 0.000791016

0.000959766 0.000793758
0.000961604 0.000791016

0.000942187 0.000817989
0.000940447 0.000820312

0.000924609 0.000839914
0.00092137 0.00084375

0.000930469 0.000832931
0.000926367 0.000837891

0.000924609 0.000840058
0.000926422 0.000837891

0.000936328 0.000825624
0.0009359 0.000826172

0.000935934 0.000826172
0.000931219 0.000832031

0.000936328 0.000825673
0.000940522 0.000820312

0.000930469 0.000832999
0.000931256 0.000832031

0.000953906 0.00080207
0.000953452 0.000802734

0.000953478 0.000802734
0.000949284 0.000808594

0.000948047 0.000810231
0.000944935 0.000814453

0.000942187 0.000818188
0.000945018 0.000814453

0.000948047 0.000810413
0.000949349 0.000808594

0.000953906 0.000802125
0.000957557 0.000796875

0.000977344 0.000765224
0.000976 0.000767578

0.00097607 0.000767578
0.000972597 0.000773437

0.000983203 0.000754768
0.000982622 0.000755859

0.000982639 0.000755859
0.000979403 0.000761719

0.000983203 0.000754878
0.000985799 0.00075

0.000977344 0.00076547
0.000979484 0.000761719

0.000971484 0.000775193
0.000968978 0.000779297

0.000965625 0.000784683
0.000969033 0.000779297

0.000971484 0.000775432
0.0009727 0.000773437

0.00091875 0.000846855
0.000921415 0.00084375

