-0.000121701 0
-0.000121697 5.85937e-06

-0.000121697 5.85938e-06
-0.000121685 1.17187e-05

-0.000121685 1.17187e-05
-0.000121664 1.75781e-05

-0.000121664 1.75781e-05
-0.000121634 2.34375e-05

-0.000121634 2.34375e-05
-0.000121597 2.92969e-05

-0.000121597 2.92969e-05
-0.000121551 3.51562e-05

-0.000121551 3.51562e-05
-0.000121497 4.10156e-05

-0.000121497 4.10156e-05
-0.000121434 4.6875e-05

-0.000121434 4.6875e-05
-0.000121363 5.27344e-05

-0.000121363 5.27344e-05
-0.000121284 5.85937e-05

-0.000121284 5.85937e-05
-0.000121196 6.44531e-05

-0.000121196 6.44531e-05
-0.000121101 7.03125e-05

-0.000121101 7.03125e-05
-0.000120996 7.61719e-05

-0.000120996 7.61719e-05
-0.000120884 8.20312e-05

-0.000120884 8.20312e-05
-0.000120763 8.78906e-05

-0.000120763 8.78906e-05
-0.000120634 9.375e-05

-0.000120634 9.375e-05
-0.000120497 9.96094e-05

-0.000120497 9.96094e-05
-0.000120351 0.000105469

-0.000120351 0.000105469
-0.000120198 0.000111328

-0.000120198 0.000111328
-0.000120036 0.000117187

-0.000120036 0.000117187
-0.000119866 0.000123047

-0.000119866 0.000123047
-0.000119688 0.000128906

-0.000119688 0.000128906
-0.000119501 0.000134766

-0.000119501 0.000134766
-0.000119307 0.000140625

-0.000119307 0.000140625
-0.000119105 0.000146484

-0.000119105 0.000146484
-0.000118894 0.000152344

-0.000118894 0.000152344
-0.000118676 0.000158203

-0.000118676 0.000158203
-0.00011845 0.000164062

-0.00011845 0.000164062
-0.000118359 0.000166327

-0.000118359 0.000166328
-0.000118216 0.000169922

-0.000118216 0.000169922
-0.000117974 0.000175781

-0.000117974 0.000175781
-0.000117724 0.000181641

-0.000117724 0.000181641
-0.000117467 0.0001875

-0.000117467 0.0001875
-0.000117202 0.000193359

-0.000117201 0.000193359
-0.000116929 0.000199219

-0.000116929 0.000199219
-0.000116648 0.000205078

-0.000116648 0.000205078
-0.00011636 0.000210937

-0.00011636 0.000210937
-0.000116065 0.000216797

-0.000116064 0.000216797
-0.000115761 0.000222656

-0.000115761 0.000222656
-0.000115451 0.000228516

-0.000115451 0.000228516
-0.000115133 0.000234375

-0.000115133 0.000234375
-0.000114808 0.000240234

-0.000114808 0.000240234
-0.000114475 0.000246094

-0.000114475 0.000246094
-0.000114135 0.000251953

-0.000114135 0.000251953
-0.000113788 0.000257812

-0.000113788 0.000257812
-0.000113434 0.000263672

-0.000113434 0.000263672
-0.000113073 0.000269531

-0.000113073 0.000269531
-0.000112705 0.000275391

-0.000112705 0.000275391
-0.0001125 0.00027859

-0.0001125 0.000278591
-0.00011233 0.00028125

-0.00011233 0.00028125
-0.000111947 0.000287109

-0.000111947 0.000287109
-0.000111558 0.000292969

-0.000111559 0.000292969
-0.000111163 0.000298828

-0.000111163 0.000298828
-0.000110761 0.000304687

-0.000110761 0.000304687
-0.000110352 0.000310547

-0.000110352 0.000310547
-0.000109936 0.000316406

-0.000109936 0.000316406
-0.000109514 0.000322266

-0.000109514 0.000322266
-0.000109086 0.000328125

-0.000109086 0.000328125
-0.000108651 0.000333984

-0.000108651 0.000333984
-0.00010821 0.000339844

-0.00010821 0.000339844
-0.000107762 0.000345703

-0.000107762 0.000345703
-0.000107309 0.000351562

-0.000107309 0.000351562
-0.00010685 0.000357422

-0.00010685 0.000357422
-0.000106641 0.000360058

-0.000106641 0.000360059
-0.000106385 0.000363281

-0.000106384 0.000363281
-0.000105913 0.000369141

-0.000105913 0.000369141
-0.000105436 0.000375

-0.000105436 0.000375
-0.000104954 0.000380859

-0.000104954 0.000380859
-0.000104466 0.000386719

-0.000104466 0.000386719
-0.000103972 0.000392578

-0.000103972 0.000392578
-0.000103474 0.000398437

-0.000103474 0.000398437
-0.00010297 0.000404297

-0.00010297 0.000404297
-0.000102461 0.000410156

-0.000102461 0.000410156
-0.000101947 0.000416016

-0.000101947 0.000416016
-0.000101429 0.000421875

-0.000101429 0.000421875
-0.000100906 0.000427734

-0.000100906 0.000427734
-0.000100781 0.000429118

-0.000100781 0.000429121
-0.000100378 0.000433594

-0.000100377 0.000433594
-9.98445e-05 0.000439453

-9.98447e-05 0.000439453
-9.93081e-05 0.000445312

-9.9308e-05 0.000445312
-9.87675e-05 0.000451172

-9.87675e-05 0.000451172
-9.8223e-05 0.000457031

-9.82229e-05 0.000457031
-9.76745e-05 0.000462891

-9.76745e-05 0.000462891
-9.71225e-05 0.00046875

-9.71224e-05 0.00046875
-9.6567e-05 0.000474609

-9.6567e-05 0.000474609
-9.60083e-05 0.000480469

-9.60083e-05 0.000480469
-9.54466e-05 0.000486328

-9.54468e-05 0.000486328
-9.49219e-05 0.000491772

-9.49219e-05 0.000491772
-9.48818e-05 0.000492187

-9.48818e-05 0.000492187
-9.43131e-05 0.000498047

-9.43125e-05 0.000498047
-9.3741e-05 0.000503906

-9.37412e-05 0.000503906
-9.31678e-05 0.000509766

-9.31678e-05 0.000509766
-9.25921e-05 0.000515625

-9.25921e-05 0.000515625
-9.20142e-05 0.000521484

-9.20141e-05 0.000521484
-9.14342e-05 0.000527344

-9.14342e-05 0.000527344
-9.08525e-05 0.000533203

-9.08525e-05 0.000533203
-9.02693e-05 0.000539062

-9.02693e-05 0.000539062
-8.96848e-05 0.000544922

-8.9685e-05 0.000544922
-8.9099e-05 0.000550781

-8.9099e-05 0.000550781
-8.90625e-05 0.000551145

-8.90625e-05 0.000551147
-8.85109e-05 0.000556641

-8.851e-05 0.000556641
-8.79205e-05 0.0005625

-8.79208e-05 0.0005625
-8.73313e-05 0.000568359

-8.73313e-05 0.000568359
-8.67415e-05 0.000574219

-8.67414e-05 0.000574219
-8.61512e-05 0.000580078

-8.61511e-05 0.000580078
-8.55606e-05 0.000585937

-8.55605e-05 0.000585937
-8.49701e-05 0.000591797

-8.49701e-05 0.000591797
-8.438e-05 0.000597656

-8.438e-05 0.000597656
-8.37905e-05 0.000603516

-8.37907e-05 0.000603516
-8.32031e-05 0.000609357

-8.32015e-05 0.000609375
-8.26114e-05 0.000615234

-8.26105e-05 0.000615234
-8.20212e-05 0.000621094

-8.20215e-05 0.000621094
-8.14342e-05 0.000626953

-8.14342e-05 0.000626953
-8.08483e-05 0.000632812

-8.08483e-05 0.000632812
-8.02639e-05 0.000638672

-8.02638e-05 0.000638672
-7.96811e-05 0.000644531

-7.9681e-05 0.000644531
-7.91002e-05 0.000650391

-7.91002e-05 0.000650391
-7.85216e-05 0.00065625

-7.85215e-05 0.00065625
-7.79454e-05 0.000662109

-7.79457e-05 0.000662109
-7.73716e-05 0.000667969

-7.73716e-05 0.000667969
-7.73438e-05 0.000668254

-7.73438e-05 0.000668256
-7.67987e-05 0.000673828

-7.67976e-05 0.000673828
-7.6227e-05 0.000679687

-7.62273e-05 0.000679687
-7.56606e-05 0.000685547

-7.56606e-05 0.000685547
-7.50972e-05 0.000691406

-7.50972e-05 0.000691406
-7.4537e-05 0.000697266

-7.4537e-05 0.000697266
-7.39802e-05 0.000703125

-7.39802e-05 0.000703125
-7.34271e-05 0.000708984

-7.3427e-05 0.000708984
-7.28779e-05 0.000714844

-7.28778e-05 0.000714844
-7.23329e-05 0.000720703

-7.23329e-05 0.000720703
-7.17922e-05 0.000726562

-7.17929e-05 0.000726562
-7.14844e-05 0.000729924

-7.14844e-05 0.000729926
-7.12553e-05 0.000732422

-7.12543e-05 0.000732422
-7.07198e-05 0.000738281

-7.07197e-05 0.000738281
-7.01904e-05 0.000744141

-7.01905e-05 0.000744141
-6.96665e-05 0.00075

-6.96666e-05 0.00075
-6.91475e-05 0.000755859

-6.91475e-05 0.000755859
-6.86333e-05 0.000761719

-6.86333e-05 0.000761719
-6.81242e-05 0.000767578

-6.81241e-05 0.000767578
-6.76203e-05 0.000773437

-6.76203e-05 0.000773437
-6.71219e-05 0.000779297

-6.71219e-05 0.000779297
-6.66292e-05 0.000785156

-6.66291e-05 0.000785156
-6.61423e-05 0.000791016

-6.61426e-05 0.000791016
-6.56613e-05 0.000796875

-6.56616e-05 0.000796875
-6.5625e-05 0.000797324

-6.5625e-05 0.000797326
-6.51846e-05 0.000802734

-6.51835e-05 0.000802734
-6.47119e-05 0.000808594

-6.47123e-05 0.000808594
-6.42478e-05 0.000814453

-6.42478e-05 0.000814453
-6.37896e-05 0.000820312

-6.37896e-05 0.000820312
-6.33377e-05 0.000826172

-6.33377e-05 0.000826172
-6.2892e-05 0.000832031

-6.2892e-05 0.000832031
-6.24525e-05 0.000837891

-6.24525e-05 0.000837891
-6.20195e-05 0.00084375

-6.20195e-05 0.00084375
-6.1593e-05 0.000849609

-6.1593e-05 0.000849609
-6.1173e-05 0.000855469

-6.1173e-05 0.000855469
-6.07598e-05 0.000861328

-6.07598e-05 0.000861328
-6.03535e-05 0.000867187

-6.03535e-05 0.000867187
-5.99543e-05 0.000873047

-5.9955e-05 0.000873047
-5.97656e-05 0.000875865

-5.97656e-05 0.000875867
-5.95614e-05 0.000878906

-5.95605e-05 0.000878906
-5.91726e-05 0.000884766

-5.91726e-05 0.000884766
-5.87922e-05 0.000890625

-5.87923e-05 0.000890625
-5.84191e-05 0.000896484

-5.84192e-05 0.000896484
-5.8053e-05 0.000902344

-5.8053e-05 0.000902344
-5.76937e-05 0.000908203

-5.76937e-05 0.000908203
-5.73412e-05 0.000914062

-5.73412e-05 0.000914062
-5.69956e-05 0.000919922

-5.69956e-05 0.000919922
-5.66568e-05 0.000925781

-5.66568e-05 0.000925781
-5.63248e-05 0.000931641

-5.63248e-05 0.000931641
-5.59996e-05 0.0009375

-5.59996e-05 0.0009375
-5.56813e-05 0.000943359

-5.56813e-05 0.000943359
-5.53697e-05 0.000949219

-5.53697e-05 0.000949219
-5.50649e-05 0.000955078

-5.50649e-05 0.000955078
-5.47668e-05 0.000960937

-5.47668e-05 0.000960937
-5.44756e-05 0.000966797

-5.44755e-05 0.000966797
-5.41912e-05 0.000972656

-5.41915e-05 0.000972656
-5.39137e-05 0.000978516

-5.39139e-05 0.000978516
-5.39063e-05 0.00097868

-5.39063e-05 0.000978681
-5.36415e-05 0.000984375

-5.36408e-05 0.000984375
-5.33744e-05 0.000990234

-5.33747e-05 0.000990234
-5.31152e-05 0.000996094

-5.31153e-05 0.000996094
-5.28622e-05 0.00100195

-5.28623e-05 0.00100195
-5.26153e-05 0.00100781

-5.26154e-05 0.00100781
-5.23745e-05 0.00101367

-5.23745e-05 0.00101367
-5.21395e-05 0.00101953

-5.21395e-05 0.00101953
-5.19103e-05 0.00102539

-5.19103e-05 0.00102539
-5.16866e-05 0.00103125

-5.16866e-05 0.00103125
-5.14684e-05 0.00103711

-5.14685e-05 0.00103711
-5.12555e-05 0.00104297

-5.12556e-05 0.00104297
-5.10477e-05 0.00104883

-5.10478e-05 0.00104883
-5.08449e-05 0.00105469

-5.0845e-05 0.00105469
-5.06469e-05 0.00106055

-5.0647e-05 0.00106055
-5.04535e-05 0.00106641

-5.04536e-05 0.00106641
-5.02645e-05 0.00107227

-5.02645e-05 0.00107227
-5.00796e-05 0.00107812

-5.00797e-05 0.00107812
-4.98987e-05 0.00108398

-4.98988e-05 0.00108398
-4.97214e-05 0.00108984

-4.97215e-05 0.00108984
-4.95476e-05 0.0010957

-4.95477e-05 0.0010957
-4.93769e-05 0.00110156

-4.9377e-05 0.00110156
-4.92091e-05 0.00110742

-4.92091e-05 0.00110742
-4.90438e-05 0.00111328

-4.90438e-05 0.00111328
-4.88807e-05 0.00111914

-4.88807e-05 0.00111914
-4.87195e-05 0.001125

-4.87195e-05 0.001125
-4.85598e-05 0.00113086

-4.85599e-05 0.00113086
-4.84015e-05 0.00113672

-4.84015e-05 0.00113672
-4.82441e-05 0.00114258

-4.82443e-05 0.00114258
-4.80874e-05 0.00114844

-4.80878e-05 0.00114844
-4.80469e-05 0.00114996

-4.80469e-05 0.00114996
-4.79301e-05 0.0011543

-4.79298e-05 0.0011543
-4.77711e-05 0.00116016

-4.77712e-05 0.00116016
-4.76118e-05 0.00116602

-4.7612e-05 0.00116602
-4.74514e-05 0.00117187

-4.74515e-05 0.00117187
-4.7289e-05 0.00117773

-4.72891e-05 0.00117773
-4.7124e-05 0.00118359

-4.71241e-05 0.00118359
-4.69559e-05 0.00118945

-4.69561e-05 0.00118945
-4.67842e-05 0.00119531

-4.67844e-05 0.00119531
-4.66081e-05 0.00120117

-4.66083e-05 0.00120117
-4.64269e-05 0.00120703

-4.64271e-05 0.00120703
-4.62399e-05 0.00121289

-4.62401e-05 0.00121289
-4.60463e-05 0.00121875

-4.60465e-05 0.00121875
-4.58453e-05 0.00122461

-4.58455e-05 0.00122461
-4.56362e-05 0.00123047

-4.56365e-05 0.00123047
-4.54181e-05 0.00123633

-4.54184e-05 0.00123633
-4.51901e-05 0.00124219

-4.51903e-05 0.00124219
-4.49509e-05 0.00124805

-4.49512e-05 0.00124805
-4.46998e-05 0.00125391

-4.47e-05 0.00125391
-4.44358e-05 0.00125977

-4.4436e-05 0.00125977
-4.41582e-05 0.00126562

-4.41584e-05 0.00126563
-4.38661e-05 0.00127148

-4.38664e-05 0.00127148
-4.35585e-05 0.00127734

-4.35587e-05 0.00127734
-4.32342e-05 0.0012832

-4.32341e-05 0.0012832
-4.2893e-05 0.00128906

-4.28929e-05 0.00128906
-4.25354e-05 0.00129492

-4.25386e-05 0.00129492
-4.21875e-05 0.00130033

-4.21875e-05 0.00130034
-4.21591e-05 0.00130078

-4.21586e-05 0.00130078
-4.17491e-05 0.00130664

-4.17467e-05 0.00130664
-4.13127e-05 0.0013125

-4.13151e-05 0.0013125
-4.08565e-05 0.00131836

-4.08576e-05 0.00131836
-4.03673e-05 0.00132422

-4.03672e-05 0.00132422
-3.98433e-05 0.00133008

-3.98416e-05 0.00133008
-3.9288e-05 0.00133594

-3.92858e-05 0.00133594
-3.871e-05 0.0013418

-3.87096e-05 0.0013418
-3.81167e-05 0.00134766

-3.81206e-05 0.00134766
-3.75033e-05 0.00135352

-3.75118e-05 0.00135352
-3.68452e-05 0.00135937

-3.68565e-05 0.00135937
-3.63281e-05 0.00136346

-3.63281e-05 0.00136349
-3.61025e-05 0.00136523

-3.60747e-05 0.00136523
-3.52531e-05 0.00137109

-3.52499e-05 0.00137109
-3.44213e-05 0.00137695

-3.44251e-05 0.00137695
-3.35882e-05 0.00138281

-3.35976e-05 0.00138281
-3.27259e-05 0.00138867

-3.27369e-05 0.00138867
-3.17897e-05 0.00139453

-3.17966e-05 0.00139453
-3.07384e-05 0.00140039

-3.07258e-05 0.00140039
-3.04688e-05 0.00140171

-3.04688e-05 0.00140166
-2.95732e-05 0.00140625

-2.95536e-05 0.00140625
-2.84074e-05 0.00141211

-2.84364e-05 0.00141211
-2.72728e-05 0.00141797

-2.72897e-05 0.00141797
-2.6017e-05 0.00142383

-2.60194e-05 0.00142383
-2.46094e-05 0.00142965

-2.46094e-05 0.00142965
-2.46014e-05 0.00142969

-2.45484e-05 0.00142969
-2.30771e-05 0.00143555

-2.31112e-05 0.00143555
-2.16222e-05 0.00144141

-2.16417e-05 0.00144141
-2.0028e-05 0.00144727

-2.00261e-05 0.00144727
-1.875e-05 0.00145149

-1.875e-05 0.00145147
-1.825e-05 0.00145312

-1.82044e-05 0.00145312
-1.63823e-05 0.00145898

-1.64402e-05 0.00145898
-1.45499e-05 0.00146484

-1.45578e-05 0.00146484
-1.28906e-05 0.00146952

-1.28906e-05 0.0014695
-1.24636e-05 0.0014707

-1.24097e-05 0.0014707
-1.02304e-05 0.00147656

-1.02901e-05 0.00147656
-8.01843e-06 0.00148242

-8.02504e-06 0.00148242
-7.03125e-06 0.0014848

-7.03125e-06 0.00148471
-5.53572e-06 0.00148828

-5.54583e-06 0.00148828
-2.95047e-06 0.00149414

-2.97642e-06 0.00149414
-1.17187e-06 0.00149796

-1.17187e-06 0.00149793
-1.91385e-07 0.0015

0.000968179 0
0.000968181 5.85937e-06

0.000968181 5.85938e-06
0.000968189 1.17187e-05

0.000968189 1.17187e-05
0.000968201 1.75781e-05

0.000968201 1.75781e-05
0.000968218 2.34375e-05

0.000968218 2.34375e-05
0.000968241 2.92969e-05

0.000968241 2.92969e-05
0.000968267 3.51562e-05

0.000968267 3.51562e-05
0.000968299 4.10156e-05

0.000968299 4.10156e-05
0.000968335 4.6875e-05

0.000968335 4.6875e-05
0.000968376 5.27344e-05

0.000968376 5.27344e-05
0.000968421 5.85937e-05

0.000968421 5.85937e-05
0.00096847 6.44531e-05

0.00096847 6.44531e-05
0.000968522 7.03125e-05

0.000968522 7.03125e-05
0.000968579 7.61719e-05

0.000968579 7.61719e-05
0.000968639 8.20312e-05

0.000968639 8.20312e-05
0.000968703 8.78906e-05

0.000968703 8.78906e-05
0.000968769 9.375e-05

0.00096877 9.375e-05
0.000968839 9.96094e-05

0.000968839 9.96094e-05
0.000968912 0.000105469

0.000968912 0.000105469
0.000968987 0.000111328

0.000968987 0.000111328
0.000969065 0.000117187

0.000969065 0.000117187
0.000969144 0.000123047

0.000969144 0.000123047
0.000969227 0.000128906

0.000969227 0.000128906
0.000969311 0.000134766

0.000969311 0.000134766
0.000969397 0.000140625

0.000969397 0.000140625
0.000969484 0.000146484

0.000969484 0.000146484
0.000969574 0.000152344

0.000969574 0.000152344
0.000969665 0.000158203

0.000969665 0.000158203
0.000969757 0.000164062

0.000969757 0.000164062
0.000969851 0.000169922

0.000969851 0.000169922
0.000969946 0.000175781

0.000969946 0.000175781
0.000970043 0.000181641

0.000970043 0.000181641
0.000970141 0.0001875

0.000970141 0.0001875
0.00097024 0.000193359

0.00097024 0.000193359
0.000970341 0.000199219

0.000970341 0.000199219
0.000970443 0.000205078

0.000970443 0.000205078
0.000970547 0.000210937

0.000970547 0.000210937
0.000970652 0.000216797

0.000970652 0.000216797
0.000970758 0.000222656

0.000970758 0.000222656
0.000970866 0.000228516

0.000970866 0.000228516
0.000970974 0.000234375

0.000970974 0.000234375
0.000971084 0.000240234

0.000971084 0.000240234
0.000971194 0.000246094

0.000971194 0.000246094
0.000971304 0.000251953

0.000971305 0.000251953
0.000971413 0.000257812

0.000971415 0.000257812
0.000971484 0.000261756

0.000971484 0.000261744
0.000971518 0.000263672

0.000971516 0.000263672
0.000971615 0.000269531

0.000971614 0.000269531
0.000971713 0.000275391

0.000971713 0.000275391
0.000971813 0.00028125

0.000971813 0.00028125
0.000971914 0.000287109

0.000971914 0.000287109
0.000972014 0.000292969

0.000972014 0.000292969
0.000972114 0.000298828

0.000972114 0.000298828
0.000972212 0.000304687

0.000972212 0.000304687
0.000972308 0.000310547

0.000972308 0.000310547
0.000972402 0.000316406

0.000972402 0.000316406
0.000972494 0.000322266

0.000972494 0.000322266
0.000972583 0.000328125

0.000972583 0.000328125
0.000972669 0.000333984

0.000972669 0.000333984
0.000972752 0.000339844

0.000972752 0.000339844
0.000972831 0.000345703

0.000972831 0.000345703
0.000972907 0.000351562

0.000972907 0.000351562
0.000972978 0.000357422

0.000972978 0.000357422
0.000973045 0.000363281

0.000973045 0.000363281
0.000973108 0.000369141

0.000973108 0.000369141
0.000973165 0.000375

0.000973165 0.000375
0.000973218 0.000380859

0.000973218 0.000380859
0.000973264 0.000386719

0.000973265 0.000386719
0.000973306 0.000392578

0.000973306 0.000392578
0.000973341 0.000398437

0.000973341 0.000398437
0.00097337 0.000404297

0.00097337 0.000404297
0.000973393 0.000410156

0.000973393 0.000410156
0.000973408 0.000416016

0.000973408 0.000416016
0.000973417 0.000421875

0.000973417 0.000421875
0.000973418 0.000427734

0.000973418 0.000427734
0.000973412 0.000433594

0.000973412 0.000433594
0.000973397 0.000439453

0.000973397 0.000439453
0.000973374 0.000445312

0.000973374 0.000445312
0.000973343 0.000451172

0.000973343 0.000451172
0.000973302 0.000457031

0.000973302 0.000457031
0.000973251 0.000462891

0.000973252 0.000462891
0.000973191 0.00046875

0.000973191 0.00046875
0.00097312 0.000474609

0.00097312 0.000474609
0.000973038 0.000480469

0.000973038 0.000480469
0.000972945 0.000486328

0.000972945 0.000486328
0.00097284 0.000492187

0.00097284 0.000492187
0.000972723 0.000498047

0.000972723 0.000498047
0.000972593 0.000503906

0.000972593 0.000503906
0.00097245 0.000509766

0.00097245 0.000509766
0.000972293 0.000515625

0.000972293 0.000515625
0.000972122 0.000521484

0.000972122 0.000521484
0.000971935 0.000527344

0.000971935 0.000527344
0.00097173 0.000533203

0.00097173 0.000533203
0.000971506 0.000539062

0.000971484 0.000539476
0.000971268 0.000544922

0.000971274 0.000544922
0.000971033 0.000550781

0.000971484 0.000539634
0.000971507 0.000539062

0.000971033 0.000550781
0.000970775 0.000556641

0.000970775 0.000556641
0.000970501 0.0005625

0.000965625 0.000633681
0.000965165 0.000638672

0.000965174 0.000638672
0.000964622 0.000644531

0.000964622 0.000644531
0.000964044 0.000650391

0.000964043 0.000650391
0.000963439 0.00065625

0.000970501 0.0005625
0.00097021 0.000568359

0.00097021 0.000568359
0.000969903 0.000574219

0.000969903 0.000574219
0.000969578 0.000580078

0.000969578 0.000580078
0.000969234 0.000585937

0.000969234 0.000585937
0.000968871 0.000591797

0.000968872 0.000591797
0.000968489 0.000597656

0.000968489 0.000597656
0.000968085 0.000603516

0.000968085 0.000603516
0.000967659 0.000609375

0.00096766 0.000609375
0.000967211 0.000615234

0.000967211 0.000615234
0.000966738 0.000621094

0.000966738 0.000621094
0.00096624 0.000626953

0.000966242 0.000626953
0.000965716 0.000632812

0.000965625 0.00063382
0.000965718 0.000632812

0.000963439 0.00065625
0.000962809 0.000662109

0.000962809 0.000662109
0.000962154 0.000667969

0.000962155 0.000667969
0.000961473 0.000673828

0.000961473 0.000673828
0.000960763 0.000679687

0.000959766 0.000687449
0.000959252 0.000691406

0.000960764 0.000679687
0.000960024 0.000685547

0.000959766 0.000687565
0.000960027 0.000685547

0.00095926 0.000691406
0.000958489 0.000697266

0.000958493 0.000697266
0.0009577 0.000703125

0.000957699 0.000703125
0.000956877 0.000708984

0.000956877 0.000708984
0.000956027 0.000714844

0.000956027 0.000714844
0.000955147 0.000720703

0.000955148 0.000720703
0.000954236 0.000726562

0.000953906 0.000728554
0.00095329 0.000732422

0.000953297 0.000732422
0.000952351 0.000738281

0.000952356 0.000738281
0.000951386 0.000744141

0.000951385 0.000744141
0.000950382 0.00075

0.000953906 0.000728656
0.00095424 0.000726562

0.000825 0.00124091
0.000824509 0.00124219

0.00082452 0.00124219
0.00082223 0.00124805

0.000822242 0.00124805
0.000819908 0.00125391

0.000819141 0.00125576
0.000817513 0.00125977

0.000817523 0.00125977
0.000815106 0.00126562

0.000819141 0.00125579
0.000819904 0.00125391

0.000801563 0.00129645
0.000799554 0.00130078

0.000795703 0.0013089
0.000793969 0.0013125

0.000799563 0.00130078
0.000796798 0.00130664

0.000795703 0.00130892
0.000796799 0.00130664

0.000813281 0.00126992
0.00081262 0.00127148

0.000812629 0.00127148
0.000810114 0.00127734

0.000807422 0.00128348
0.000804932 0.00128906

0.000810125 0.00127734
0.000807559 0.0012832

0.000807422 0.00128349
0.000807551 0.0012832

0.000813281 0.00126997
0.000815114 0.00126563

0.000804944 0.00128906
0.000802281 0.00129492

0.000801562 0.00129646
0.000802277 0.00129492

0.000666797 0.00149866
0.000665501 0.0015

0.000672656 0.00149251
0.000671124 0.00149414

0.000666797 0.0014987
0.000671119 0.00149414

0.000678516 0.00148618
0.000676597 0.00148828

0.000684375 0.00147965
0.00068193 0.00148242

0.000678516 0.00148621
0.000681901 0.00148242

0.000672656 0.00149255
0.000676582 0.00148828

0.000707812 0.00145158
0.000706609 0.00145312

0.000725391 0.00142822
0.00072436 0.00142969

0.00073125 0.00141997
0.000728548 0.00142383

0.000725391 0.00142824
0.00072855 0.00142383

0.000719531 0.00143626
0.000715682 0.00144141

0.000713672 0.00144403
0.0007112 0.00144727

0.000707812 0.00145159
0.000711198 0.00144727

0.000713672 0.00144406
0.000715668 0.00144141

0.000724354 0.00142969
0.000720066 0.00143555

0.000719531 0.00143627
0.000720063 0.00143555

0.000690234 0.00147292
0.000687126 0.00147656

0.000696094 0.00146604
0.000692166 0.0014707

0.000690234 0.00147296
0.000692155 0.0014707

0.000701953 0.00145892
0.000701901 0.00145898

0.00070191 0.00145898
0.000697097 0.00146484

0.000701953 0.00145893
0.000706609 0.00145312

0.000696094 0.00146605
0.000697094 0.00146484

0.000684375 0.00147968
0.00068709 0.00147656

0.000778125 0.00134349
0.000775878 0.00134766

0.000772266 0.00135421
0.000769369 0.00135937

0.000775884 0.00134766
0.00077266 0.00135352

0.000772266 0.00135422
0.000772658 0.00135352

0.000742969 0.00140266
0.000740607 0.00140625

0.000748828 0.00139358
0.000748236 0.00139453

0.000754688 0.00138423
0.000751937 0.00138867

0.000748828 0.0013936
0.000751941 0.00138867

0.000748238 0.00139453
0.000744462 0.00140039

0.000742969 0.00140267
0.000744463 0.00140039

0.000766406 0.00136454
0.000766011 0.00136523

0.00076602 0.00136523
0.000762602 0.00137109

0.000760547 0.00137455
0.000759115 0.00137695

0.000759119 0.00137695
0.000755564 0.00138281

0.000760547 0.00137456
0.000762608 0.00137109

0.000766406 0.00136457
0.000769375 0.00135937

0.000754687 0.00138424
0.000755564 0.00138281

0.000789844 0.00132087
0.000788167 0.00132422

0.000783984 0.00133239
0.000782141 0.00133594

0.000788174 0.00132422
0.000785189 0.00133008

0.000783984 0.0013324
0.000785192 0.00133008

0.000793976 0.0013125
0.000791103 0.00131836

0.000789844 0.00132089
0.000791107 0.00131836

0.000782146 0.00133594
0.000779044 0.0013418

0.000778125 0.0013435
0.000779046 0.0013418

0.000737109 0.00141145
0.000736672 0.00141211

0.000736673 0.00141211
0.000732654 0.00141797

0.000737109 0.00141146
0.000740609 0.00140625

0.00073125 0.00141999
0.000732647 0.00141797

0.00091875 0.000897913
0.000917684 0.000902344

0.000917698 0.000902344
0.000916299 0.000908203

0.000916302 0.000908203
0.000914894 0.000914062

0.000912891 0.000922244
0.00091203 0.000925781

0.000914894 0.000914062
0.000913472 0.000919922

0.000912891 0.000922362
0.000913484 0.000919922

0.00091204 0.000925781
0.000910626 0.000931641

0.000910633 0.000931641
0.000909222 0.0009375

0.000942187 0.000793575
0.000941518 0.000796875

0.000950381 0.00075
0.000949348 0.000755859

0.000949348 0.000755859
0.000948283 0.000761719

0.000948047 0.000762926
0.000947192 0.000767578

0.000947204 0.000767578
0.000946124 0.000773437

0.000948047 0.000763027
0.000948287 0.000761719

0.000946126 0.000773437
0.000945021 0.000779297

0.000945021 0.000779297
0.000943886 0.000785156

0.000943886 0.000785156
0.00094272 0.000791016

0.000942187 0.000793679
0.000942728 0.000791016

0.000941525 0.000796875
0.00094033 0.000802734

0.000940338 0.000802734
0.000939125 0.000808594

0.000939123 0.000808594
0.000937881 0.000814453

0.000937882 0.000814453
0.000936613 0.000820312

0.000936328 0.000821552
0.000935325 0.000826172

0.000935337 0.000826172
0.000934067 0.000832031

0.000936328 0.000821648
0.000936618 0.000820312

0.00093407 0.000832031
0.000932778 0.000837891

0.000932777 0.000837891
0.000931459 0.00084375

0.000930469 0.000847975
0.000930094 0.000849609

0.000930102 0.000849609
0.000928762 0.000855469

0.000928778 0.000855469
0.000927438 0.000861328

0.000927436 0.000861328
0.000926069 0.000867187

0.000930469 0.000848106
0.000931467 0.00084375

0.000924609 0.000873251
0.000923275 0.000878906

0.000926069 0.000867187
0.000924676 0.000873047

0.000924609 0.000873337
0.000924678 0.000873047

0.000923294 0.000878906
0.000921921 0.000884766

0.000921919 0.000884766
0.000920524 0.000890625

0.000920523 0.000890625
0.00091911 0.000896484

0.00091875 0.000898012
0.000919117 0.000896484

0.000907031 0.000946432
0.000906351 0.000949219

0.000906361 0.000949219
0.000904943 0.000955078

0.000904953 0.000955078
0.000903545 0.000960937

0.000909222 0.0009375
0.000907801 0.000943359

0.000907031 0.000946582
0.000907818 0.000943359

0.000901172 0.000970606
0.000900672 0.000972656

0.000903545 0.000960937
0.000902129 0.000966797

0.000901172 0.000970802
0.000902149 0.000966797

0.000900688 0.000972656
0.00089927 0.000978516

0.000899283 0.000978516
0.000897883 0.000984375

0.000895312 0.000994863
0.000895013 0.000996094

0.000895033 0.000996094
0.000893616 0.00100195

0.000893632 0.00100195
0.000892236 0.00100781

0.000889453 0.00101912
0.000889353 0.00101953

0.000892235 0.00100781
0.000890828 0.00101367

0.000889453 0.00101934
0.000890839 0.00101367

0.000889378 0.00101953
0.000887954 0.00102539

0.000887972 0.00102539
0.00088657 0.00103125

0.000897883 0.000984375
0.000896475 0.000990234

0.000895312 0.000995073
0.000896491 0.000990234

0.000871875 0.00109023
0.00087045 0.0010957

0.000870469 0.0010957
0.000868951 0.00110156

0.000866016 0.0011125
0.000865806 0.00111328

0.00086895 0.00110156
0.000867408 0.00110742

0.000866016 0.00111264
0.00086742 0.00110742

0.000865818 0.00111328
0.000864229 0.00111914

0.000864246 0.00111914
0.000862652 0.001125

0.000883594 0.00104334
0.000882244 0.00104883

0.000882263 0.00104883
0.00088084 0.00105469

0.00088657 0.00103125
0.000885152 0.00103711

0.000885159 0.00103711
0.000883712 0.00104297

0.000883594 0.00104342
0.000883705 0.00104297

0.000880841 0.00105469
0.000879399 0.00106055

0.000879405 0.00106055
0.00087793 0.00106641

0.000877734 0.00106708
0.00087643 0.00107227

0.000876449 0.00107227
0.000874988 0.00107812

0.000877734 0.00106715
0.000877922 0.00106641

0.000874989 0.00107812
0.000873508 0.00108398

0.000873516 0.00108398
0.000871999 0.00108984

0.000871875 0.00109028
0.00087199 0.00108984

0.000860156 0.00113386
0.000859348 0.00113672

0.000859355 0.00113672
0.000857687 0.00114258

0.000857695 0.00114258
0.000856008 0.00114844

0.000862652 0.001125
0.000861021 0.00113086

0.000860156 0.00113394
0.000861027 0.00113086

0.000854297 0.00115411
0.000854243 0.0011543

0.000854256 0.0011543
0.0008525 0.00116016

0.000854297 0.00115424
0.000856016 0.00114844

0.000852518 0.00116016
0.000850752 0.00116602

0.000850755 0.00116602
0.000848935 0.00117187

0.000848438 0.00117339
0.000847071 0.00117773

0.000847088 0.00117773
0.000845228 0.00118359

0.000842578 0.00119163
0.000841359 0.00119531

0.00084523 0.00118359
0.000843319 0.00118945

0.000842578 0.00119168
0.000843317 0.00118945

0.000836719 0.00120892
0.000835329 0.00121289

0.000835343 0.00121289
0.00083327 0.00121875

0.000841374 0.00119531
0.000839409 0.00120117

0.000839415 0.00120117
0.000837399 0.00120703

0.000836719 0.00120896
0.000837394 0.00120703

0.000848437 0.00117344
0.000848929 0.00117187

0.000830859 0.00122533
0.000828958 0.00123047

0.000833278 0.00121875
0.000831147 0.00122461

0.000830859 0.00122536
0.000831136 0.00122461

0.000828972 0.00123047
0.000826777 0.00123633

0.000825 0.00124098
0.000826785 0.00123633

-1.70305e-07 0.0015
2.75866e-06 0.00150586

2.7185e-06 0.00150586
4.6875e-06 0.00150959

4.6875e-06 0.00150955
5.83018e-06 0.00151172

5.83288e-06 0.00151172
9.13112e-06 0.00151758

9.08926e-06 0.00151758
1.05469e-05 0.00152002

1.05469e-05 0.00151994
1.26391e-05 0.00152344

1.26092e-05 0.00152344
1.63658e-05 0.0015293

1.63663e-05 0.0015293
1.64062e-05 0.00152936

1.64063e-05 0.00152932
2.03738e-05 0.00153516

2.03194e-05 0.00153516
2.22656e-05 0.00153789

2.22656e-05 0.00153778
2.45999e-05 0.00154102

2.45689e-05 0.00154102
2.8125e-05 0.0015456

2.8125e-05 0.00154559
2.91321e-05 0.00154687

2.91102e-05 0.00154687
3.39844e-05 0.00155273

3.39927e-05 0.00155273
3.92107e-05 0.00155859

3.92063e-05 0.00155859
3.98437e-05 0.00155928

3.98438e-05 0.00155926
4.47643e-05 0.00156445

4.47703e-05 0.00156445
4.57031e-05 0.0015654

4.57031e-05 0.00156543
5.07033e-05 0.00157031

5.07153e-05 0.00157031
5.15625e-05 0.00157112

5.15625e-05 0.00157115
5.70852e-05 0.00157617

5.70893e-05 0.00157617
5.74219e-05 0.00157646

5.74219e-05 0.00157647
6.32812e-05 0.00158143

6.32813e-05 0.00158143
6.4024e-05 0.00158203

6.40663e-05 0.00158203
6.91406e-05 0.00158605

6.91406e-05 0.00158611
7.15486e-05 0.00158789

7.16446e-05 0.00158789
7.5e-05 0.00159038

7.5e-05 0.00159042
7.97621e-05 0.00159375

7.97605e-05 0.00159375
8.08594e-05 0.00159449

8.08594e-05 0.0015945
8.67187e-05 0.00159834

8.67188e-05 0.00159837
8.87129e-05 0.00159961

8.88073e-05 0.00159961
9.25781e-05 0.00160195

9.25781e-05 0.00160198
9.84375e-05 0.0016054

9.84375e-05 0.0016054
9.85559e-05 0.00160547

9.86002e-05 0.00160547
0.000104297 0.00160862

0.000104297 0.00160864
0.000109438 0.00161133

0.000109453 0.00161133
0.000110156 0.0016117

0.000110156 0.00161168
0.000116016 0.00161458

0.000116016 0.0016146
0.000121541 0.00161719

0.000121546 0.00161719
0.000121875 0.00161734

0.000121875 0.00161733
0.000127734 0.00161992

0.000127734 0.00161992
0.000133594 0.00162237

0.000133594 0.00162238
0.000135283 0.00162305

0.000135338 0.00162305
0.000139453 0.00162467

0.000139453 0.00162467
0.000145312 0.00162685

0.000145312 0.00162686
0.000151135 0.00162891

0.000151137 0.00162891
0.000151172 0.00162892

0.000151172 0.00162891
0.000157031 0.00163085

0.000157031 0.00163085
0.000162891 0.00163269

0.000162891 0.0016327
0.00016875 0.00163443

0.00016875 0.00163444
0.000169925 0.00163477

0.000169955 0.00163477
0.000174609 0.00163607

0.000174609 0.00163607
0.000180469 0.00163762

0.000180469 0.00163762
0.000186328 0.00163909

0.000186328 0.00163909
0.000192187 0.00164047

0.000192187 0.00164047
0.000192887 0.00164062

0.000192906 0.00164062
0.000198047 0.00164176

0.000198047 0.00164176
0.000203906 0.00164298

0.000203906 0.00164298
0.000209766 0.00164412

0.000209766 0.00164412
0.000215625 0.00164517

0.000215625 0.00164517
0.000221484 0.00164615

0.000221484 0.00164615
0.000223617 0.00164648

0.00022364 0.00164648
0.000227344 0.00164706

0.000227344 0.00164706
0.000233203 0.0016479

0.000233203 0.0016479
0.000239062 0.00164868

0.000239062 0.00164868
0.000244922 0.00164938

0.000244922 0.00164938
0.000250781 0.00165003

0.000250781 0.00165003
0.000256641 0.0016506

0.000256641 0.0016506
0.0002625 0.00165112

0.0002625 0.00165112
0.000268359 0.00165157

0.000268359 0.00165157
0.000274219 0.00165196

0.000274219 0.00165196
0.000280078 0.00165228

0.000280078 0.00165228
0.000281522 0.00165234

0.000281548 0.00165234
0.000285937 0.00165254

0.000285937 0.00165254
0.000291797 0.00165274

0.000291797 0.00165274
0.000297656 0.00165287

0.000297656 0.00165287
0.000303516 0.00165294

0.000303516 0.00165294
0.000309375 0.00165295

0.000309375 0.00165295
0.000315234 0.0016529

0.000315234 0.0016529
0.000321094 0.00165278

0.000321094 0.00165278
0.000326953 0.0016526

0.000326953 0.0016526
0.000332812 0.00165236

0.000338672 0.00165205
0.00033303 0.00165234

0.000338672 0.00165205
0.000344531 0.00165167

0.000332812 0.00165236
0.000333032 0.00165234

0.000344531 0.00165167
0.000350391 0.00165123

0.000350391 0.00165123
0.00035625 0.00165072

0.00035625 0.00165073
0.000362109 0.00165015

0.000362109 0.00165015
0.000367969 0.00164951

0.000367969 0.00164951
0.000373828 0.00164879

0.000373828 0.00164879
0.000379687 0.00164801

0.000379687 0.00164801
0.000385547 0.00164716

0.000391406 0.00164623
0.000389798 0.00164648

0.000385547 0.00164716
0.000389828 0.00164648

0.000391406 0.00164623
0.000397266 0.00164524

0.000397266 0.00164524
0.000403125 0.00164417

0.000420703 0.0016405
0.00042014 0.00164062

0.000420703 0.00164051
0.000426562 0.00163913

0.000426562 0.00163914
0.000432422 0.00163768

0.000432422 0.00163768
0.000438281 0.00163615

0.000444141 0.00163453
0.000443279 0.00163477

0.000438281 0.00163615
0.000443325 0.00163477

0.000444141 0.00163454
0.00045 0.00163284

0.000403125 0.00164417
0.000408984 0.00164302

0.000408984 0.00164302
0.000414844 0.0016418

0.000414844 0.00164181
0.000420187 0.00164062

0.00054375 0.00159364
0.000543545 0.00159375

0.00045 0.00163284
0.000455859 0.00163107

0.000455859 0.00163107
0.000461719 0.00162921

0.000467578 0.00162726
0.000462619 0.00162891

0.000467578 0.00162726
0.000473437 0.00162523

0.000461719 0.00162921
0.000462629 0.00162891

0.000496875 0.00161621
0.000494478 0.00161719

0.000473438 0.00162523
0.000479297 0.00162311

0.000485156 0.0016209
0.000479462 0.00162305

0.000479297 0.00162311
0.000479466 0.00162305

0.000485156 0.0016209
0.000491016 0.00161861

0.000491016 0.00161861
0.000494511 0.00161719

0.000496875 0.00161622
0.000502734 0.00161374

0.000508594 0.00161114
0.000508177 0.00161133

0.000502734 0.00161374
0.000508227 0.00161133

0.000508594 0.00161116
0.000514453 0.00160849

0.000514453 0.0016085
0.000520312 0.00160573

0.000526172 0.00160286
0.00052084 0.00160547

0.000526172 0.00160287
0.000532031 0.0015999

0.000520313 0.00160573
0.000520849 0.00160547

0.000537891 0.00159683
0.000532581 0.00159961

0.000532031 0.0015999
0.00053259 0.00159961

0.000537891 0.00159684
0.000543594 0.00159375

0.00054375 0.00159366
0.000549609 0.00159038

0.000555469 0.00158699
0.000553908 0.00158789

0.000549609 0.00159039
0.000553945 0.00158789

0.000567187 0.0015799
0.000563724 0.00158203

0.000555469 0.001587
0.000561328 0.00158351

0.000561328 0.00158352
0.000563746 0.00158203

0.000584766 0.00156839
0.00058191 0.00157031

0.000590625 0.00156429
0.000590383 0.00156445

0.000584766 0.0015684
0.000590434 0.00156445

0.000573047 0.00157616
0.000573022 0.00157617

0.000567188 0.00157991
0.000573047 0.00157619

0.000578906 0.00157234
0.000573063 0.00157617

0.000573047 0.00157619
0.000573072 0.00157617

0.000578906 0.00157236
0.000581938 0.00157031

0.000614062 0.00154669
0.000613822 0.00154687

0.000614063 0.00154672
0.000619922 0.00154198

0.000625781 0.0015371
0.00062108 0.00154102

0.000619922 0.00154198
0.000621099 0.00154102

0.000631641 0.00153209
0.000628029 0.00153516

0.0006375 0.0015269
0.000634779 0.0015293

0.000631641 0.00153207
0.000634837 0.0015293

0.000625781 0.0015371
0.000628083 0.00153516

0.000602344 0.00155577
0.000598528 0.00155859

0.000590625 0.00156431
0.000596484 0.00156011

0.000596484 0.0015601
0.000598573 0.00155859

0.000608203 0.00155131
0.000606307 0.00155273

0.000602344 0.00155579
0.000606354 0.00155273

0.000608203 0.00155132
0.000613871 0.00154687

0.000643359 0.00152157
0.00064131 0.00152344

0.000649219 0.00151608
0.000647633 0.00151758

0.000643359 0.00152157
0.000647687 0.00151758

0.000655078 0.00151044
0.000653764 0.00151172

0.000660937 0.00150464
0.000659717 0.00150586

0.000655078 0.00151046
0.000659748 0.00150586

0.000649219 0.00151609
0.000653812 0.00151172

0.0006375 0.00152689
0.000641371 0.00152344

0.000660938 0.00150467
0.000665512 0.0015

