0.003825 0.00187178
0.00382129 0.001875

0.00368437 0.00203767
0.00368358 0.00203906

0.00367266 0.00205984
0.00367135 0.0020625

0.00367852 0.00204837
0.00367723 0.00205078

0.00368356 0.00203906
0.00368033 0.00204492

0.00367852 0.00204834
0.00368033 0.00204492

0.00367721 0.00205078
0.00367421 0.00205664

0.00367266 0.00205982
0.00367422 0.00205664

0.00370781 0.00200031
0.00370534 0.00200391

0.00370195 0.00200899
0.00370145 0.00200977

0.00370142 0.00200977
0.00369762 0.00201563

0.00370195 0.00200896
0.00370533 0.00200391

0.00371367 0.001992
0.00371353 0.00199219

0.00371953 0.00198395
0.00371779 0.00198633

0.00371367 0.00199195
0.00371776 0.00198633

0.00372539 0.00197622
0.00372214 0.00198047

0.00373123 0.00196875
0.00372662 0.00197461

0.00372539 0.00197622
0.00372662 0.00197461

0.00371953 0.00198395
0.00372213 0.00198047

0.0037135 0.00199219
0.00370936 0.00199805

0.00370781 0.0020003
0.00370936 0.00199805

0.00369609 0.00201807
0.00369394 0.00202148

0.00369393 0.00202148
0.00369036 0.00202734

0.00369023 0.00202756
0.00368691 0.0020332

0.00368437 0.00203764
0.00368691 0.0020332

0.00369023 0.00202756
0.00369036 0.00202734

0.00369609 0.00201805
0.00369762 0.00201562

0.00377812 0.00191591
0.00377802 0.00191602

0.00377799 0.00191602
0.00377232 0.00192187

0.00375469 0.00194094
0.00375083 0.00194531

0.00374297 0.00195444
0.00374082 0.00195703

0.00373711 0.0019615
0.00373598 0.00196289

0.00373125 0.00196872
0.00373595 0.00196289

0.00373711 0.00196148
0.00374078 0.00195703

0.00374883 0.00194759
0.00374577 0.00195117

0.00374297 0.00195447
0.00374572 0.00195117

0.00374883 0.00194761
0.00375081 0.00194531

0.00376641 0.00192812
0.00376133 0.00193359

0.00376055 0.00193445
0.00375602 0.00193945

0.00375469 0.00194094
0.00375601 0.00193945

0.00376055 0.00193445
0.00376133 0.00193359

0.00377227 0.00192193
0.00376676 0.00192773

0.00376641 0.00192811
0.00376676 0.00192773

0.00377227 0.00192193
0.00377232 0.00192187

0.00380156 0.00189296
0.00379578 0.00189844

0.00378398 0.00190999
0.00378382 0.00191016

0.00378984 0.0019042
0.00378975 0.0019043

0.00378398 0.00190997
0.00378973 0.0019043

0.00377812 0.00191588
0.0037838 0.00191016

0.00378984 0.00190418
0.0037957 0.00189851

0.0037957 0.00189851
0.00379578 0.00189844

0.00381328 0.00188216
0.00380828 0.00188672

0.00380742 0.00188751
0.00380197 0.00189258

0.00380156 0.00189296
0.00380196 0.00189258

0.00380742 0.00188751
0.00380828 0.00188672

0.00381914 0.00187692
0.00381472 0.00188086

0.00381328 0.00188216
0.00381472 0.00188086

0.00381914 0.0018769
0.00382131 0.001875

0.00366094 0.00208598
0.00365864 0.0020918

0.00365862 0.0020918
0.00365643 0.00209766

0.00365508 0.00210156
0.00365439 0.00210352

0.00365438 0.00210352
0.00365241 0.00210937

0.00365508 0.00210154
0.00365644 0.00209766

0.0036668 0.00207229
0.00366592 0.00207422

0.00367132 0.0020625
0.00366855 0.00206836

0.0036668 0.00207226
0.00366856 0.00206836

0.00366591 0.00207422
0.00366336 0.00208008

0.00366336 0.00208008
0.00366094 0.00208594

0.00366094 0.00208598
0.00366095 0.00208594

0.00364922 0.00211995
0.00364889 0.00212109

0.00364888 0.00212109
0.00364728 0.00212695

0.00364727 0.00212695
0.00364579 0.00213281

0.00365239 0.00210937
0.00365056 0.00211523

0.00364922 0.00211993
0.00365058 0.00211523

0.00364336 0.00214403
0.00364326 0.00214453

0.00364578 0.00213281
0.00364445 0.00213867

0.00364336 0.00214402
0.00364446 0.00213867

0.00364325 0.00214453
0.00364215 0.00215039

0.00364215 0.00215039
0.00364118 0.00215625

0.00364118 0.00215625
0.00364034 0.00216211

0.00364034 0.00216211
0.00363965 0.00216797

0.00363965 0.00216797
0.00363908 0.00217383

0.00363908 0.00217383
0.00363865 0.00217969

0.00363865 0.00217969
0.00363836 0.00218555

0.00363836 0.00218555
0.00363821 0.00219141

0.00363821 0.00219141
0.0036382 0.00219727

0.0036382 0.00219727
0.00363834 0.00220312

0.00363834 0.00220312
0.00363862 0.00220898

0.00363862 0.00220898
0.00363906 0.00221484

0.00363906 0.00221484
0.00363966 0.0022207

0.00363966 0.0022207
0.00364042 0.00222656

0.00364042 0.00222656
0.00364134 0.00223242

0.00364134 0.00223242
0.00364242 0.00223828

0.00364241 0.00223828
0.00364336 0.00224266

0.00364336 0.00224267
0.00364368 0.00224414

0.00364369 0.00224414
0.00364516 0.00225

0.00383672 0.00186173
0.00383487 0.00186328

0.00383086 0.00186671
0.00382801 0.00186914

0.003825 0.00187174
0.00382803 0.00186914

0.00383086 0.00186668
0.00383487 0.00186328

0.00384258 0.00185683
0.00384187 0.00185742

0.00383672 0.00186171
0.00384185 0.00185742

0.00384258 0.00185682
0.00384844 0.00185201

0.0038543 0.00184727
0.00384899 0.00185156

0.00386016 0.00184262
0.00385627 0.0018457

0.0038543 0.00184726
0.00385627 0.0018457

0.00386602 0.00183806
0.00386368 0.00183984

0.00387187 0.00183353
0.00387128 0.00183398

0.00386602 0.00183802
0.00387126 0.00183398

0.00386016 0.0018426
0.00386369 0.00183984

0.00384844 0.001852
0.00384898 0.00185156

0.00388359 0.0018247
0.00387901 0.00182812

0.00389531 0.00181616
0.00389496 0.00181641

0.00388945 0.00182041
0.0038869 0.00182227

0.00388359 0.00182469
0.00388689 0.00182227

0.00388945 0.00182038
0.00389494 0.00181641

0.00391289 0.0018038
0.00391158 0.00180469

0.00391289 0.00180377
0.00391875 0.00179977

0.00389531 0.00181614
0.00390117 0.00181196

0.00390703 0.00180784
0.00390319 0.00181055

0.00390117 0.00181194
0.00390318 0.00181055

0.00390703 0.00180783
0.00391156 0.00180469

0.00387187 0.00183351
0.00387773 0.00182907

0.00387773 0.00182906
0.003879 0.00182812

0.00394805 0.00178063
0.00394706 0.00178125

0.00394805 0.00178061
0.00395391 0.00177694

0.00395977 0.00177333
0.00395643 0.00177539

0.00395391 0.00177693
0.0039564 0.00177539

0.00395977 0.00177331
0.00396562 0.00176975

0.00398906 0.00175599
0.0039859 0.00175781

0.00397148 0.00176624
0.003966 0.00176953

0.00397734 0.00176279
0.00397585 0.00176367

0.00397148 0.00176623
0.0039758 0.00176367

0.00396562 0.00176975
0.00396599 0.00176953

0.00397734 0.00176277
0.0039832 0.00175935

0.0039832 0.00175934
0.00398586 0.00175781

0.00398906 0.00175598
0.00399492 0.00175265

0.00400078 0.00174939
0.0039962 0.00175195

0.00399492 0.00175265
0.00399618 0.00175195

0.0040125 0.00174298
0.00400677 0.00174609

0.00400078 0.00174938
0.00400664 0.00174615

0.00400664 0.00174615
0.00400674 0.00174609

0.00393047 0.00179196
0.00392893 0.00179297

0.00392461 0.00179583
0.00392016 0.00179883

0.00391875 0.00179976
0.00392016 0.00179883

0.00392461 0.00179582
0.00392891 0.00179297

0.00393047 0.00179194
0.00393633 0.00178811

0.00394219 0.00178434
0.00393789 0.00178711

0.00393633 0.0017881
0.00393787 0.00178711

0.00394219 0.00178433
0.00394703 0.00178125

0.00413555 0.00168585
0.00413139 0.0016875

0.00413555 0.00168585
0.00414141 0.00168355

0.00414727 0.0016813
0.00414638 0.00168164

0.00414141 0.00168353
0.00414632 0.00168164

0.00414727 0.00168129
0.00415312 0.00167907

0.00416484 0.00167473
0.00416197 0.00167578

0.00415312 0.00167906
0.00415898 0.00167686

0.00415898 0.00167686
0.00416192 0.00167578

0.00416484 0.00167473
0.0041707 0.0016726

0.0041707 0.00167259
0.00417656 0.00167049

0.0042 0.00166249
0.00419528 0.00166406

0.00418242 0.00166846
0.00417824 0.00166992

0.00417656 0.00167049
0.0041782 0.00166992

0.00418242 0.00166846
0.00418828 0.00166643

0.00418828 0.00166642
0.00419414 0.00166443

0.00419414 0.00166443
0.00419525 0.00166406

0.00403008 0.00173371
0.0040288 0.00173437

0.00403008 0.0017337
0.00403594 0.00173069

0.0040418 0.00172774
0.00404027 0.00172852

0.00403594 0.00173068
0.00404022 0.00172852

0.0040418 0.00172773
0.00404766 0.00172481

0.00405352 0.00172195
0.00405207 0.00172266

0.00405352 0.00172194
0.00405937 0.0017191

0.00404766 0.0017248
0.00405202 0.00172266

0.00401836 0.00173986
0.00401765 0.00174023

0.0040125 0.00174297
0.0040176 0.00174023

0.00401836 0.00173984
0.00402422 0.00173675

0.00402422 0.00173673
0.00402875 0.00173437

0.00407695 0.00171086
0.00407678 0.00171094

0.00407695 0.00171085
0.00408281 0.00170817

0.00406523 0.00171632
0.00406423 0.0017168

0.00405937 0.00171909
0.00406418 0.0017168

0.00406523 0.00171631
0.00407109 0.00171355

0.00407109 0.00171354
0.00407671 0.00171094

0.00408281 0.00170816
0.00408867 0.00170552

0.00409453 0.00170295
0.00408971 0.00170508

0.00408867 0.00170552
0.00408968 0.00170508

0.00410625 0.00169788
0.00410312 0.00169922

0.00409453 0.00170293
0.00410039 0.00170038

0.00410039 0.00170037
0.00410307 0.00169922

0.00410625 0.00169787
0.00411211 0.00169539

0.00411797 0.00169296
0.00411701 0.00169336

0.00411211 0.00169537
0.00411695 0.00169336

0.00411797 0.00169295
0.00412383 0.00169055

0.00412383 0.00169053
0.00412969 0.00168816

0.00412969 0.00168816
0.00413135 0.0016875

0.00364516 0.00225
0.00364681 0.00225586

0.00364679 0.00225586
0.00364862 0.00226172

0.00364861 0.00226172
0.00364922 0.00226344

0.00364922 0.00226343
0.00365068 0.00226758

0.00365071 0.00226758
0.00365298 0.00227344

0.00365295 0.00227344
0.00365508 0.00227842

0.00365508 0.00227842
0.00365545 0.0022793

0.00365548 0.0022793
0.00365823 0.00228516

0.00365821 0.00228516
0.00366094 0.00229047

0.00366094 0.00229047
0.00366122 0.00229102

0.00366124 0.00229102
0.00366453 0.00229687

0.00366449 0.00229687
0.0036668 0.00230064

0.0036668 0.00230062
0.00366809 0.00230273

0.0036681 0.00230273
0.00367201 0.00230859

0.003672 0.00230859
0.00367266 0.00230954

0.00367266 0.00230952
0.00367622 0.00231445

0.00367623 0.00231445
0.00367852 0.00231742

0.00367852 0.00231736
0.00368083 0.00232031

0.00368084 0.00232031
0.00368437 0.00232447

0.00368437 0.00232446
0.00368587 0.00232617

0.00368586 0.00232617
0.00369023 0.0023309

0.00369023 0.0023309
0.00369132 0.00233203

0.00369131 0.00233203
0.00369609 0.00233677

0.00369609 0.00233678
0.00369727 0.00233789

0.00369729 0.00233789
0.00370195 0.00234214

0.00370195 0.00234216
0.0037038 0.00234375

0.00370384 0.00234375
0.00370781 0.00234708

0.00370781 0.00234713
0.00371098 0.00234961

0.00371102 0.00234961
0.00371367 0.00235163

0.00371367 0.0023517
0.00371888 0.00235547

0.00371892 0.00235547
0.00371953 0.0023559

0.00371953 0.00235591
0.00372539 0.00235984

0.00372539 0.00235987
0.00372772 0.00236133

0.00372779 0.00236133
0.00373125 0.00236349

0.00373125 0.00236351
0.00373711 0.00236691

0.00373711 0.00236691
0.00373762 0.00236719

0.00373767 0.00236719
0.00374297 0.00237004

0.00374297 0.00237005
0.00374883 0.00237298

0.00374883 0.00237298
0.00374897 0.00237305

0.00374901 0.00237305
0.00375469 0.00237568

0.00375469 0.00237568
0.00376055 0.0023782

0.00376055 0.00237821
0.00376229 0.00237891

0.00376235 0.00237891
0.00376641 0.00238052

0.00376641 0.00238052
0.00377227 0.00238267

0.00377227 0.00238267
0.00377812 0.00238464

0.00377812 0.00238464
0.00377853 0.00238477

0.00377856 0.00238477
0.00378398 0.00238643

0.00378398 0.00238643
0.00378984 0.00238809

0.00378984 0.00238809
0.0037957 0.00238959

0.0037957 0.0023896
0.00380018 0.00239062

0.00380027 0.00239062
0.00380156 0.00239092

0.00380156 0.00239093
0.00380742 0.00239214

0.00380742 0.00239214
0.00381328 0.00239322

0.00381328 0.00239322
0.00381914 0.00239416

0.00381914 0.00239416
0.003825 0.00239498

0.003825 0.00239497
0.00383086 0.00239566

0.00383086 0.00239566
0.00383672 0.00239621

0.00383672 0.00239622
0.00384029 0.00239648

0.00384041 0.00239648
0.00384258 0.00239665

0.00384258 0.00239665
0.00384844 0.00239697

0.00384844 0.00239697
0.0038543 0.00239717

0.0038543 0.00239717
0.00386016 0.00239727

0.00386016 0.00239727
0.00386602 0.00239725

0.00386602 0.00239724
0.00387187 0.00239711

0.00387187 0.00239711
0.00387773 0.00239688

0.00387773 0.00239688
0.00388359 0.00239653

0.00388945 0.00239608
0.00388418 0.00239648

0.00388359 0.00239653
0.00388421 0.00239648

0.00388945 0.00239608
0.00389531 0.00239552

0.00389531 0.00239552
0.00390117 0.00239487

0.00390117 0.00239487
0.00390703 0.00239411

0.00390703 0.00239411
0.00391289 0.00239325

0.00391289 0.00239325
0.00391875 0.00239229

0.00393047 0.00239008
0.00392769 0.00239062

0.00393047 0.00239008
0.00393633 0.00238883

0.00393633 0.00238883
0.00394219 0.00238748

0.00394219 0.00238748
0.00394805 0.00238604

0.00395391 0.00238449
0.00395287 0.00238477

0.00394805 0.00238605
0.00395295 0.00238477

0.00395391 0.00238451
0.00395977 0.00238287

0.00395977 0.00238288
0.00396562 0.00238116

0.00391875 0.00239229
0.00392461 0.00239124

0.00392461 0.00239125
0.00392776 0.00239062

0.00397734 0.00237743
0.00397281 0.00237891

0.00396562 0.00238116
0.00397148 0.00237934

0.00397148 0.00237935
0.00397284 0.00237891

0.00397734 0.00237743
0.0039832 0.00237544

0.0039832 0.00237544
0.00398906 0.00237335

0.00400664 0.00236655
0.00400506 0.00236719

0.00400664 0.00236656
0.0040125 0.00236413

0.00399492 0.00237117
0.00398988 0.00237305

0.00398906 0.00237336
0.0039899 0.00237305

0.00399492 0.00237117
0.00400078 0.00236891

0.00400078 0.00236892
0.0040051 0.00236719

0.00405937 0.00234169
0.00405545 0.00234375

0.00405937 0.00234169
0.00406523 0.00233854

0.00407109 0.00233532
0.00406641 0.00233789

0.00406523 0.00233855
0.00406643 0.00233789

0.00407695 0.00233201
0.00407692 0.00233203

0.00407695 0.00233202
0.00408281 0.00232866

0.00407109 0.00233532
0.00407694 0.00233203

0.00410039 0.00231819
0.00409689 0.00232031

0.00410039 0.0023182
0.00410625 0.00231459

0.00408867 0.00232523
0.00408706 0.00232617

0.00408281 0.00232867
0.00408708 0.00232617

0.00408867 0.00232523
0.00409453 0.00232174

0.00409453 0.00232175
0.0040969 0.00232031

0.0040125 0.00236413
0.00401836 0.00236161

0.00402422 0.002359
0.00401898 0.00236133

0.00401836 0.00236161
0.004019 0.00236133

0.00403594 0.00235355
0.00403187 0.00235547

0.00402422 0.002359
0.00403008 0.00235632

0.00403008 0.00235632
0.00403189 0.00235547

0.00403594 0.00235355
0.0040418 0.0023507

0.00404766 0.00234777
0.00404398 0.00234961

0.0040418 0.00235071
0.004044 0.00234961

0.00404766 0.00234778
0.00405352 0.00234477

0.00405352 0.00234478
0.00405547 0.00234375

0.00413555 0.00229576
0.00413383 0.00229687

0.00413555 0.00229576
0.00414141 0.00229186

0.00415312 0.00228394
0.00415131 0.00228516

0.00414727 0.00228791
0.00414265 0.00229102

0.00414141 0.00229185
0.00414268 0.00229102

0.00414727 0.00228792
0.00415134 0.00228516

0.00411797 0.0023072
0.00411577 0.00230859

0.00411211 0.00231092
0.00410646 0.00231445

0.00410625 0.00231458
0.00410647 0.00231445

0.00411211 0.00231092
0.00411578 0.00230859

0.00411797 0.0023072
0.00412383 0.00230344

0.00412969 0.00229962
0.0041249 0.00230273

0.00412383 0.00230343
0.00412492 0.00230273

0.00412969 0.00229962
0.00413386 0.00229687

0.0041707 0.00227182
0.00416836 0.00227344

0.0041707 0.00227182
0.00417656 0.00226773

0.00415312 0.00228394
0.00415898 0.00227993

0.00416484 0.00227589
0.0041599 0.0022793

0.00415898 0.00227992
0.00415992 0.0022793

0.00416484 0.00227589
0.00416838 0.00227344

0.00418828 0.00225948
0.00418511 0.00226172

0.00418242 0.00226361
0.00417678 0.00226758

0.00417656 0.00226773
0.00417679 0.00226758

0.00418242 0.00226361
0.00418512 0.00226172

0.00419414 0.00225532
0.00419337 0.00225586

0.00418828 0.00225949
0.00419341 0.00225586

0.00419414 0.00225534
0.0042 0.00225117

0.00478008 0.00149948
0.00477569 0.0015

0.00478008 0.00149947
0.00478594 0.00149899

0.00478594 0.00149898
0.0047918 0.00149876

0.0047918 0.00149876
0.00479766 0.00149881

0.00479766 0.00149882
0.00480352 0.00149912

0.00480352 0.00149912
0.00480937 0.00149965

0.00480937 0.00149964
0.00481209 0.0015

0.00526463 0
0.00526462 5.85937e-06

0.00526462 5.85938e-06
0.0052646 1.17187e-05

0.0052646 1.17187e-05
0.00526458 1.75781e-05

0.00526458 1.75781e-05
0.00526457 2.34375e-05

0.00527652 0
0.00527652 5.85937e-06

0.00527652 5.85938e-06
0.0052765 1.17187e-05

0.0052765 1.17187e-05
0.00527649 1.75781e-05

0.00527649 1.75781e-05
0.00527648 2.34375e-05

0.00526457 2.34375e-05
0.00526456 2.92969e-05

0.00526457 2.92969e-05
0.00526456 3.51562e-05

0.00526456 3.51562e-05
0.00526454 4.10156e-05

0.00526454 4.10156e-05
0.00526452 4.6875e-05

0.00527648 2.34375e-05
0.00527646 2.92969e-05

0.00527647 2.92969e-05
0.00527645 3.51562e-05

0.00527645 3.51562e-05
0.00527643 4.10156e-05

0.00527643 4.10156e-05
0.00527641 4.6875e-05

0.00526452 4.6875e-05
0.00526451 5.27344e-05

0.00526451 5.27344e-05
0.00526449 5.85937e-05

0.00526449 5.85937e-05
0.00526448 6.44531e-05

0.00526448 6.44531e-05
0.00526447 7.03125e-05

0.00527641 4.6875e-05
0.00527639 5.27344e-05

0.00527639 5.27344e-05
0.00527638 5.85937e-05

0.00527638 5.85937e-05
0.00527636 6.44531e-05

0.00527636 6.44531e-05
0.00527635 7.03125e-05

0.00526447 7.03125e-05
0.00526445 7.61719e-05

0.00526445 7.61719e-05
0.00526443 8.20312e-05

0.00526443 8.20312e-05
0.00526442 8.78906e-05

0.00526442 8.78906e-05
0.0052644 9.375e-05

0.00527635 7.03125e-05
0.00527633 7.61719e-05

0.00527633 7.61719e-05
0.00527631 8.20312e-05

0.00527631 8.20312e-05
0.00527628 8.78906e-05

0.00527628 8.78906e-05
0.00527626 9.375e-05

0.0052644 9.375e-05
0.00526438 9.96094e-05

0.00526438 9.96094e-05
0.00526436 0.000105469

0.00526436 0.000105469
0.00526434 0.000111328

0.00526434 0.000111328
0.00526433 0.000117187

0.00527626 9.375e-05
0.00527623 9.96094e-05

0.00527623 9.96094e-05
0.00527621 0.000105469

0.00527621 0.000105469
0.00527619 0.000111328

0.00527619 0.000111328
0.00527618 0.000117187

0.00526433 0.000117187
0.0052643 0.000123047

0.0052643 0.000123047
0.00526427 0.000128906

0.00526427 0.000128906
0.00526423 0.000134766

0.00526423 0.000134766
0.0052642 0.000140625

0.00527619 0.000117187
0.00527616 0.000123047

0.00527615 0.000123047
0.0052761 0.000128906

0.0052761 0.000128906
0.00527605 0.000134766

0.00527606 0.000134766
0.00527602 0.000140625

0.00526421 0.000140625
0.00526418 0.000146484

0.00526418 0.000146484
0.00526415 0.000152344

0.00526415 0.000152344
0.00526412 0.000158203

0.00526412 0.000158203
0.00526409 0.000164062

0.00527602 0.000140625
0.00527599 0.000146484

0.00527599 0.000146484
0.00527595 0.000152344

0.00527595 0.000152344
0.00527592 0.000158203

0.00527592 0.000158203
0.00527588 0.000164062

0.00526409 0.000164062
0.00526406 0.000169922

0.00526406 0.000169922
0.00526403 0.000175781

0.00526403 0.000175781
0.005264 0.000181641

0.005264 0.000181641
0.00526396 0.0001875

0.00527588 0.000164062
0.00527584 0.000169922

0.00527584 0.000169922
0.0052758 0.000175781

0.0052758 0.000175781
0.00527576 0.000181641

0.00527576 0.000181641
0.00527573 0.0001875

0.00526396 0.0001875
0.00526393 0.000193359

0.00526392 0.000193359
0.00526392 0.000199219

0.00526392 0.000199219
0.00526395 0.000205078

0.005264 0.000205078
0.00526397 0.000210937

0.00527572 0.0001875
0.00527569 0.000193359

0.00527569 0.000193359
0.00527567 0.000199219

0.00527567 0.000199219
0.00527565 0.000205078

0.00527565 0.000205078
0.00527561 0.000210937

0.00526393 0.000210937
0.00526384 0.000216797

0.00526384 0.000216797
0.00526378 0.000222656

0.00526379 0.000222656
0.00526376 0.000228516

0.00526376 0.000228516
0.00526377 0.000234375

0.00527561 0.000210937
0.00527556 0.000216797

0.00527555 0.000216797
0.0052755 0.000222656

0.0052755 0.000222656
0.00527546 0.000228516

0.00527546 0.000228516
0.00527543 0.000234375

0.00526378 0.000234375
0.0052638 0.000240234

0.00526386 0.000240234
0.00526376 0.000246094

0.00526366 0.000246094
0.00526353 0.000251953

0.00526353 0.000251953
0.00526356 0.000257812

0.00527544 0.000234375
0.00527541 0.000240234

0.00527542 0.000240234
0.00527535 0.000246094

0.00527532 0.000246094
0.00527525 0.000251953

0.00527523 0.000251953
0.00527523 0.000257812

0.0052636 0.000257812
0.00526369 0.000263672

0.00526373 0.000263672
0.00526375 0.000269531

0.00526372 0.000269531
0.00526365 0.000275391

0.00526362 0.000275391
0.0052636 0.00028125

0.00527526 0.000257812
0.00527531 0.000263672

0.00527533 0.000263672
0.00527531 0.000269531

0.00527531 0.000269531
0.00527517 0.000275391

0.00527507 0.000275391
0.00527503 0.00028125

0.0052636 0.00028125
0.00526367 0.000287109

0.00526371 0.000287109
0.00526378 0.000292969

0.00526377 0.000292969
0.0052638 0.000298828

0.00526378 0.000298828
0.00526383 0.000304687

0.00527508 0.00028125
0.00527524 0.000287109

0.00527533 0.000287109
0.0052754 0.000292969

0.00527533 0.000292969
0.00527527 0.000298828

0.00527524 0.000298828
0.00527524 0.000304687

0.00526385 0.000304687
0.00526392 0.000310547

0.0052639 0.000310547
0.00526396 0.000316406

0.00526398 0.000316406
0.00526403 0.000322266

0.00526401 0.000322266
0.00526405 0.000328125

0.00527528 0.000304687
0.00527532 0.000310547

0.00527533 0.000310547
0.00527532 0.000316406

0.00527531 0.000316406
0.00527524 0.000322266

0.00527521 0.000322266
0.00527513 0.000328125

0.00526407 0.000328125
0.0052641 0.000333984

0.0052641 0.000333984
0.0052641 0.000339844

0.00526411 0.000339844
0.00526405 0.000345703

0.00526411 0.000345703
0.00526388 0.000351562

0.00527513 0.000328125
0.00527512 0.000333984

0.00527516 0.000333984
0.00527516 0.000339844

0.00527515 0.000339844
0.00527509 0.000345703

0.00527511 0.000345703
0.00527495 0.000351562

0.00526379 0.000351562
0.00526342 0.000357422

0.00526343 0.000357422
0.00526312 0.000363281

0.00526321 0.000363281
0.00526276 0.000369141

0.00526256 0.000369141
0.00526222 0.000375

0.00527494 0.000351562
0.00527466 0.000357422

0.00527459 0.000357422
0.00527435 0.000363281

0.00527453 0.000363281
0.00527412 0.000369141

0.00527395 0.000369141
0.00527339 0.000375

0.00526224 0.000375
0.00526236 0.000380859

0.00526275 0.000380859
0.00526251 0.000386719

0.00526225 0.000386719
0.0052614 0.000392578

0.00526118 0.000392578
0.00526061 0.000398437

0.00527326 0.000375
0.00527313 0.000380859

0.00527344 0.000380859
0.00527338 0.000386719

0.00527215 0.000392578
0.00527225 0.000398437

0.00527339 0.000386719
0.00527279 0.000392578

0.00527227 0.000393446
0.00527234 0.000392578

0.00526055 0.000403023
0.00526052 0.000404297

0.00526063 0.000398437
0.00526056 0.000404297

0.00526059 0.000404297
0.00526079 0.000410156

0.00526036 0.000410156
0.00526016 0.000416016

0.0052604 0.000416016
0.0052602 0.000421875

0.00526055 0.000415615
0.00526056 0.000416016

0.00526055 0.000421717
0.00526055 0.000421875

0.00527204 0.000398437
0.00527207 0.000404297

0.00527224 0.000404297
0.00527188 0.000410156

0.00527227 0.000404363
0.00527227 0.000404297

0.00527152 0.000410156
0.00527114 0.000416016

0.00527148 0.000416016
0.00527099 0.000421875

0.00526004 0.000421875
0.00525966 0.000427734

0.00525962 0.000427734
0.00525946 0.000433594

0.00525955 0.000433594
0.0052595 0.000439453

0.00525942 0.000439453
0.00525947 0.000445312

0.00527064 0.000421875
0.00527006 0.000427734

0.00527011 0.000427734
0.00527005 0.000433594

0.00527035 0.000433594
0.00527011 0.000439453

0.00526964 0.000439453
0.00526958 0.000445312

0.00525961 0.000445312
0.00525962 0.000451172

0.00525941 0.000451172
0.00525953 0.000457031

0.00525954 0.000457031
0.00526017 0.000462891

0.00526052 0.000462891
0.00526055 0.000463278

0.00526055 0.000468144
0.00526097 0.000462891

0.00526995 0.000445312
0.00527026 0.000451172

0.00527018 0.000451172
0.00527029 0.000457031

0.00527003 0.000457031
0.00527062 0.000462891

0.00527076 0.000462891
0.00527221 0.00046875

0.00524883 0.000488748
0.005246 0.000492187

0.00525469 0.000483069
0.00525103 0.000486328

0.00524883 0.000489022
0.00525155 0.000486328

0.00524297 0.000496672
0.00524211 0.000498047

0.00524212 0.000498047
0.00523917 0.000503906

0.00523711 0.000510364
0.00523599 0.000515625

0.00523922 0.000503906
0.00523721 0.000509766

0.00523711 0.000510408
0.00523725 0.000509766

0.00524297 0.000496816
0.00524612 0.000492187

0.00526055 0.000475959
0.00525839 0.000480469

0.00526055 0.000473169
0.00526121 0.00046875

0.00526055 0.00047569
0.00526098 0.000474609

0.00525469 0.000484785
0.00525879 0.000480469

0.00527173 0.00046875
0.00527227 0.000469758

0.00527227 0.000470285
0.00527568 0.000474609

0.00527527 0.000474609
0.00527812 0.000476734

0.005236 0.000515625
0.00523545 0.000521484

0.00523544 0.000521484
0.00523558 0.000527344

0.00523558 0.000527344
0.00523643 0.000533203

0.00523643 0.000533203
0.00523711 0.000535636

0.00523711 0.000535771
0.00523802 0.000539062

0.00523801 0.000539062
0.00524051 0.000544922

0.00524047 0.000544922
0.00524297 0.000549046

0.00524297 0.00054917
0.00524395 0.000550781

0.0052439 0.000550781
0.00524883 0.000556641

0.00524883 0.000556677
0.00525469 0.000561825

0.00525469 0.000561746
0.00525589 0.0005625

0.00527812 0.000476069
0.00528398 0.000478591

0.00528398 0.000478059
0.00528984 0.000479757

0.00528984 0.00047961
0.00529211 0.000480469

0.00529208 0.000480469
0.0052957 0.000481838

0.0052957 0.00048181
0.00530156 0.00048487

0.00530156 0.000484845
0.00530381 0.000486328

0.00530373 0.000486328
0.00530742 0.000488879

0.00530742 0.000488812
0.00531133 0.000492187

0.00531119 0.000492187
0.00531328 0.00049431

0.00531328 0.000494163
0.00531657 0.000498047

0.00531653 0.000498047
0.00531914 0.000502031

0.00531914 0.00050194
0.00532037 0.000503906

0.00532033 0.000503906
0.00532302 0.000509766

0.00532298 0.000509766
0.00532472 0.000515625

0.00532468 0.000515625
0.005325 0.000517689

0.005325 0.000533367
0.0053236 0.000539062

0.00530742 0.000561887
0.00530645 0.0005625

0.00530742 0.00056202
0.00531328 0.000556769

0.00531914 0.000549109
0.00531818 0.000550781

0.00532362 0.000539062
0.00532134 0.000544922

0.00531914 0.000548818
0.00532138 0.000544922

0.00531815 0.000550781
0.00531336 0.000556641

0.00531328 0.00055676
0.00531339 0.000556641

0.00525596 0.0005625
0.00526055 0.000565366

0.00526055 0.000565315
0.00526641 0.000567845

0.00526641 0.000567813
0.00526841 0.000568359

0.00526846 0.000568359
0.00527227 0.000569398

0.00527227 0.000569385
0.00527812 0.000570178

0.00527812 0.000570172
0.00528398 0.000570207

0.00528398 0.000570213
0.00528984 0.00056949

0.0052957 0.000567956
0.00529417 0.000568359

0.00528984 0.000569519
0.00529424 0.000568359

0.0052957 0.000568008
0.00530156 0.000565516

0.00530156 0.000565604
0.0053065 0.0005625

0.00528398 0.00065412
0.00527847 0.00065625

0.00528398 0.000654121
0.00528984 0.000652532

0.00528984 0.00065252
0.0052957 0.000651626

0.0052957 0.000651609
0.00530156 0.000651468

0.00530156 0.000651441
0.00530742 0.000652144

0.00530742 0.000652094
0.00531328 0.000653795

0.00531328 0.000653682
0.00531831 0.00065625

0.00525469 0.000674335
0.00525112 0.000679687

0.00524883 0.000684847
0.00524852 0.000685547

0.0052486 0.000685547
0.00524715 0.000691406

0.00524883 0.00068497
0.00525117 0.000679687

0.00524714 0.000691406
0.00524678 0.000697266

0.00524675 0.000697266
0.00524752 0.000703125

0.00526055 0.000667823
0.00526039 0.000667969

0.00526055 0.0006679
0.00526641 0.000663011

0.00526038 0.000667969
0.00525497 0.000673828

0.00525469 0.00067432
0.00525503 0.000673828

0.00527227 0.000659307
0.00526794 0.000662109

0.00526641 0.000662996
0.00526777 0.000662109

0.00527227 0.000659337
0.00527812 0.000656373

0.00524748 0.000703125
0.00524883 0.000706986

0.00524883 0.000707145
0.00524947 0.000708984

0.00524939 0.000708984
0.00525305 0.000714844

0.00525315 0.000714844
0.00525469 0.000716668

0.00525469 0.000716832
0.00525884 0.000720703

0.00525906 0.000720703
0.00526055 0.000721829

0.00526055 0.000721925
0.00526641 0.000725297

0.00526641 0.00072522
0.00527024 0.000726562

0.00527048 0.000726562
0.00527227 0.000727186

0.00527227 0.000727184
0.00527812 0.000728246

0.00527812 0.000656381
0.00527846 0.00065625

0.0053181 0.00065625
0.00531914 0.000656778

0.00531914 0.000656463
0.005325 0.000661382

0.00530156 0.000724871
0.00529633 0.000726562

0.00527812 0.000728219
0.00528398 0.000728462

0.00528398 0.000728447
0.00528984 0.000727955

0.00528984 0.000727951
0.0052957 0.000726762

0.0052957 0.000726815
0.00529648 0.000726562

0.00530156 0.000724882
0.00530742 0.000722255

0.00531328 0.000718774
0.00531005 0.000720703

0.00530742 0.00072237
0.00531023 0.000720703

0.00531914 0.000714204
0.0053184 0.000714844

0.005325 0.000708064
0.0053243 0.000708984

0.00531914 0.0007143
0.00532426 0.000708984

0.00531328 0.000718899
0.00531841 0.000714844

0.005325 0.000517548
0.0053256 0.000521484

0.00532559 0.000521484
0.00532569 0.000527344

0.00532569 0.000527344
0.00532503 0.000533203

0.005325 0.000533363
0.00532504 0.000533203

0.005325 0.00066138
0.00532569 0.000662109

0.00532568 0.000662109
0.00533011 0.000667969

0.00532991 0.000667969
0.00533086 0.000670106

0.00533086 0.000670042
0.00533254 0.000673828

0.00533245 0.000673828
0.00533375 0.000679687

0.00533372 0.000679687
0.00533394 0.000685547

0.00533393 0.000685547
0.00533312 0.000691406

0.00533086 0.00069817
0.00532838 0.000703125

0.00533313 0.000691406
0.00533129 0.000697266

0.00533086 0.000698147
0.0053313 0.000697266

0.005325 0.00070792
0.00532843 0.000703125

0.0042 0.00166249
0.00420586 0.00166056

0.00420586 0.00166055
0.00421172 0.00165865

0.00421758 0.00165681
0.00421317 0.0016582

0.00421172 0.00165865
0.00421313 0.0016582

0.00421758 0.00165681
0.00422344 0.00165497

0.00423516 0.0016514
0.00423201 0.00165234

0.00422344 0.00165496
0.0042293 0.00165315

0.0042293 0.00165315
0.00423197 0.00165234

0.00423516 0.0016514
0.00424102 0.00164965

0.00424102 0.00164965
0.00424687 0.00164792

0.00427617 0.00163976
0.00427294 0.00164062

0.00427617 0.00163976
0.00428203 0.0016382

0.00428203 0.0016382
0.00428789 0.00163666

0.00428789 0.00163665
0.00429375 0.00163514

0.00425273 0.00164624
0.0042519 0.00164648

0.00424687 0.00164791
0.00425184 0.00164648

0.00425273 0.00164624
0.00425859 0.00164459

0.00425859 0.00164459
0.00426445 0.00164294

0.00426445 0.00164293
0.00427031 0.00164132

0.00427031 0.00164132
0.00427289 0.00164062

0.00429961 0.00163368
0.0042953 0.00163477

0.00429375 0.00163514
0.00429526 0.00163477

0.00429961 0.00163368
0.00430547 0.00163222

0.00430547 0.00163223
0.00431133 0.00163078

0.00431133 0.00163077
0.00431719 0.00162935

0.00432305 0.00162798
0.00431913 0.00162891

0.00432305 0.00162798
0.00432891 0.00162661

0.00431719 0.00162935
0.00431909 0.00162891

0.00432891 0.00162662
0.00433477 0.00162526

0.00433477 0.00162525
0.00434062 0.00162391

0.00434648 0.00162262
0.00434457 0.00162305

0.00434062 0.00162391
0.00434452 0.00162305

0.00434648 0.00162262
0.00435234 0.00162134

0.00435234 0.00162134
0.0043582 0.00162006

0.0043582 0.00162006
0.00436406 0.0016188

0.00437578 0.00161636
0.00437175 0.00161719

0.00437578 0.00161636
0.00438164 0.00161516

0.00438164 0.00161516
0.0043875 0.00161397

0.00436406 0.00161879
0.00436992 0.00161755

0.00436992 0.00161756
0.00437171 0.00161719

0.0043875 0.00161397
0.00439336 0.00161279

0.00439336 0.00161278
0.00439922 0.00161163

0.00440508 0.00161051
0.00440084 0.00161133

0.00439922 0.00161163
0.00440081 0.00161133

0.00440508 0.00161051
0.00441094 0.00160939

0.00441094 0.00160939
0.0044168 0.00160828

0.0044168 0.00160828
0.00442266 0.00160717

0.00443437 0.00160501
0.00443185 0.00160547

0.00442266 0.00160716
0.00442852 0.00160607

0.00442852 0.00160607
0.00443181 0.00160547

0.00443437 0.00160501
0.00444023 0.00160395

0.00444023 0.00160395
0.00444609 0.00160289

0.00444609 0.00160289
0.00445195 0.00160184

0.00445195 0.00160183
0.00445781 0.00160078

0.00445781 0.00160078
0.00446367 0.00159975

0.00446953 0.00159875
0.00446454 0.00159961

0.00446367 0.00159976
0.00446452 0.00159961

0.00446953 0.00159875
0.00447539 0.00159773

0.00447539 0.00159773
0.00448125 0.00159671

0.00449883 0.00159369
0.00449848 0.00159375

0.00449883 0.00159369
0.00450469 0.0015927

0.00450469 0.0015927
0.00451055 0.00159171

0.00451055 0.00159171
0.00451641 0.00159071

0.00451641 0.00159071
0.00452227 0.0015897

0.00452227 0.00158969
0.00452813 0.00158869

0.00453398 0.00158771
0.00453291 0.00158789

0.00452812 0.00158869
0.00453288 0.00158789

0.00453398 0.00158771
0.00453984 0.00158672

0.00453984 0.00158672
0.0045457 0.00158573

0.0045457 0.00158573
0.00455156 0.00158473

0.00455156 0.00158473
0.00455742 0.00158374

0.00455742 0.00158373
0.00456328 0.00158276

0.00456914 0.00158183
0.00456787 0.00158203

0.00456914 0.00158183
0.004575 0.00158092

0.00456328 0.00158276
0.00456784 0.00158203

0.00448125 0.00159671
0.00448711 0.00159569

0.00448711 0.00159569
0.00449297 0.00159468

0.00449297 0.00159468
0.00449843 0.00159375

0.00420586 0.002247
0.00420164 0.00225

0.00421172 0.00224282
0.00420983 0.00224414

0.00420586 0.002247
0.00420987 0.00224414

0.00422344 0.00223443
0.00421806 0.00223828

0.00421172 0.00224282
0.00421758 0.00223863

0.00421758 0.00223863
0.00421808 0.00223828

0.00423516 0.00222603
0.0042344 0.00222656

0.00423516 0.00222605
0.00424102 0.00222185

0.00424687 0.00221765
0.00424261 0.0022207

0.00424102 0.00222184
0.00424264 0.0022207

0.0042293 0.00223024
0.00422624 0.00223242

0.00422344 0.00223443
0.00422626 0.00223242

0.0042293 0.00223024
0.00423444 0.00222656

0.00427031 0.0022009
0.00426719 0.00220312

0.00427617 0.00219671
0.00427538 0.00219727

0.00427031 0.00220091
0.00427543 0.00219727

0.00427617 0.00219673
0.00428203 0.00219256

0.00428789 0.00218839
0.00428365 0.00219141

0.00429375 0.00218424
0.00429187 0.00218555

0.00428789 0.0021884
0.00429192 0.00218555

0.00428203 0.00219255
0.00428369 0.00219141

0.00425273 0.00221346
0.00425076 0.00221484

0.00425273 0.00221346
0.00425859 0.00220927

0.00424687 0.00221765
0.00425081 0.00221484

0.00426445 0.00220508
0.00425899 0.00220898

0.00425859 0.00220927
0.004259 0.00220898

0.00426445 0.00220508
0.00426721 0.00220312

0.00433477 0.00215525
0.00433331 0.00215625

0.00433477 0.00215527
0.00434062 0.00215113

0.00435234 0.00214285
0.00434994 0.00214453

0.00434648 0.00214699
0.00434166 0.00215039

0.00434062 0.00215113
0.0043417 0.00215039

0.00434648 0.00214701
0.00435 0.00214453

0.00435234 0.00214288
0.0043582 0.00213874

0.00436406 0.00213458
0.00435828 0.00213867

0.0043582 0.00213874
0.0043583 0.00213867

0.00436992 0.00213043
0.00436655 0.00213281

0.00437578 0.00212626
0.00437479 0.00212695

0.00436992 0.00213045
0.00437486 0.00212695

0.0043875 0.00211795
0.00438308 0.00212109

0.00437578 0.0021263
0.00438164 0.00212213

0.00438164 0.00212213
0.00438313 0.00212109

0.00436406 0.00213459
0.00436659 0.00213281

0.00430547 0.00217594
0.00430017 0.00217969

0.00431719 0.00216763
0.00431671 0.00216797

0.00431133 0.00217179
0.00430844 0.00217383

0.00430547 0.00217595
0.00430847 0.00217383

0.00431133 0.00217181
0.00431677 0.00216797

0.00429375 0.00218425
0.00429961 0.0021801

0.00429961 0.00218009
0.00430019 0.00217969

0.00431719 0.00216766
0.00432305 0.00216352

0.00432891 0.00215938
0.00432504 0.00216211

0.00432305 0.00216352
0.00432508 0.00216211

0.00432891 0.0021594
0.00433338 0.00215625

0.00446367 0.00206247
0.00446363 0.0020625

0.00446953 0.00205812
0.00446369 0.0020625

0.00448125 0.00204927
0.00447922 0.00205078

0.00447539 0.0020537
0.00447149 0.00205664

0.00446953 0.00205812
0.00447154 0.00205664

0.00447539 0.00205372
0.00447928 0.00205078

0.00452813 0.00201305
0.00452482 0.00201563

0.00449883 0.00203584
0.00449464 0.00203906

0.00450469 0.00203134
0.00450222 0.0020332

0.00449883 0.00203585
0.00450228 0.0020332

0.00448711 0.00204479
0.00448693 0.00204492

0.00448125 0.00204929
0.00448699 0.00204492

0.00448711 0.00204483
0.00449297 0.00204034

0.00449297 0.00204035
0.00449467 0.00203906

0.00451055 0.00202676
0.00450979 0.00202734

0.00451055 0.0020268
0.00451641 0.00202223

0.00450469 0.00203134
0.00450985 0.00202734

0.00452227 0.00201765
0.00451736 0.00202148

0.00451641 0.00202224
0.00451738 0.00202148

0.00452227 0.00201764
0.00452488 0.00201562

0.00453984 0.00200375
0.00453965 0.00200391

0.00453398 0.00200841
0.00453225 0.00200977

0.00452812 0.00201305
0.0045323 0.00200977

0.00453398 0.00200843
0.0045397 0.00200391

0.00453984 0.00200379
0.0045457 0.00199912

0.00455156 0.00199444
0.00454704 0.00199805

0.0045457 0.00199912
0.00454706 0.00199805

0.00455742 0.00198975
0.00455434 0.00199219

0.00456328 0.00198501
0.00456163 0.00198633

0.00455742 0.00198975
0.00456167 0.00198633

0.00456914 0.00198026
0.00456889 0.00198047

0.00456914 0.00198029
0.004575 0.00197553

0.00456328 0.00198503
0.00456892 0.00198047

0.00455156 0.00199442
0.00455441 0.00199219

0.00440508 0.00210538
0.00439952 0.00210937

0.00441094 0.00210117
0.00440767 0.00210352

0.00440508 0.0021054
0.00440772 0.00210352

0.00443437 0.00208417
0.00443192 0.00208594

0.0044168 0.00209692
0.00441576 0.00209766

0.0044168 0.00209696
0.00442266 0.00209271

0.00441094 0.00210119
0.00441584 0.00209766

0.00442852 0.00208844
0.0044239 0.0020918

0.00442266 0.00209271
0.00442394 0.0020918

0.00442852 0.00208846
0.00443198 0.00208594

0.00439336 0.00211377
0.00439127 0.00211523

0.0043875 0.00211797
0.00439135 0.00211523

0.00439336 0.0021138
0.00439922 0.0021096

0.00439922 0.00210961
0.00439955 0.00210937

0.00444023 0.00207984
0.0044399 0.00208008

0.00443437 0.00208419
0.00443998 0.00208008

0.00444023 0.00207988
0.00444609 0.00207556

0.00445195 0.00207123
0.00444791 0.00207422

0.00445781 0.00206688
0.00445578 0.00206836

0.00445195 0.00207125
0.00445585 0.00206836

0.00444609 0.00207556
0.00444795 0.00207422

0.00445781 0.0020669
0.00446367 0.00206253

0.00446367 0.00206253
0.00446371 0.0020625

0.004575 0.00158092
0.00458086 0.00158005

0.00458086 0.00158004
0.00458672 0.00157922

0.00458672 0.00157921
0.00459258 0.00157845

0.00459258 0.00157844
0.00459844 0.00157776

0.00459844 0.00157775
0.0046043 0.00157716

0.0046043 0.00157716
0.00461016 0.00157667

0.00461016 0.00157667
0.00461602 0.00157626

0.00462188 0.0015759
0.00461751 0.00157617

0.00461602 0.00157626
0.00461751 0.00157617

0.00462187 0.00157591
0.00462773 0.00157559

0.00462773 0.0015756
0.00463359 0.0015753

0.00463359 0.00157532
0.00463945 0.00157497

0.00463945 0.001575
0.00464531 0.00157452

0.00466875 0.00156822
0.0046641 0.00157031

0.00464531 0.00157456
0.00465117 0.00157383

0.00465117 0.00157388
0.00465703 0.00157273

0.00465703 0.00157282
0.00466289 0.00157096

0.00466289 0.001571
0.00466443 0.00157031

0.00469805 0.00154155
0.00469292 0.00154687

0.00470391 0.00153568
0.00469851 0.00154102

0.00469805 0.00154155
0.00469857 0.00154102

0.00470977 0.00153031
0.00470444 0.00153516

0.00471563 0.0015255
0.004711 0.0015293

0.00470977 0.00153031
0.00471096 0.0015293

0.00470391 0.00153568
0.00470446 0.00153516

0.00467461 0.00156416
0.00467419 0.00156445

0.00466875 0.00156849
0.00467461 0.00156476

0.00468047 0.00155964
0.00467474 0.00156445

0.00467461 0.00156481
0.00467507 0.00156445

0.00468633 0.00155386
0.00468146 0.00155859

0.00469219 0.00154769
0.00468735 0.00155273

0.00468633 0.00155392
0.00468749 0.00155273

0.00468047 0.00155981
0.00468178 0.00155859

0.00469219 0.00154773
0.004693 0.00154687

0.00472148 0.0015212
0.00471845 0.00152344

0.00472734 0.00151738
0.00472703 0.00151758

0.00472148 0.0015211
0.00472681 0.00151758

0.00473906 0.00151091
0.00473748 0.00151172

0.00472734 0.00151729
0.0047332 0.00151387

0.0047332 0.00151381
0.00473727 0.00151172

0.00471562 0.00152546
0.00471835 0.00152344

0.00473906 0.00151087
0.00474492 0.00150822

0.00474492 0.00150817
0.00475078 0.00150591

0.00475664 0.00150409
0.00475116 0.00150586

0.00475078 0.00150594
0.00475104 0.00150586

0.00475664 0.00150408
0.0047625 0.00150243

0.00469805 0.00187171
0.00469425 0.001875

0.00470391 0.00186655
0.00470093 0.00186914

0.00469805 0.00187167
0.00470096 0.00186914

0.00470977 0.00186141
0.00470761 0.00186328

0.00471563 0.00185628
0.00471432 0.00185742

0.00470977 0.0018614
0.00471433 0.00185742

0.00470391 0.00186652
0.00470765 0.00186328

0.00475078 0.00182519
0.00474761 0.00182812

0.0047625 0.00181372
0.00475983 0.00181641

0.00475664 0.00181957
0.00475384 0.00182227

0.00475078 0.00182518
0.00475386 0.00182227

0.00475664 0.00181956
0.00475984 0.00181641

0.00472148 0.00185118
0.00472105 0.00185156

0.00472148 0.0018512
0.00472734 0.00184611

0.00473906 0.00183586
0.00473454 0.00183984

0.0047332 0.00184101
0.00472782 0.0018457

0.00472734 0.00184611
0.00472781 0.0018457

0.0047332 0.00184101
0.00473454 0.00183984

0.00471562 0.00185629
0.00472106 0.00185156

0.00474492 0.00183062
0.00474114 0.00183398

0.00473906 0.00183586
0.00474117 0.00183398

0.00474492 0.0018306
0.00474763 0.00182812

0.0047625 0.0015024
0.00476836 0.00150108

0.00476836 0.00150109
0.00477422 0.00150014

0.00477422 0.00150017
0.00477566 0.0015

0.0048121 0.0015
0.00481523 0.00150041

0.00481523 0.00150043
0.00482109 0.00150143

0.00482109 0.00150143
0.00482695 0.00150264

0.00482695 0.00150264
0.00483281 0.00150407

0.00483281 0.00150406
0.00483867 0.00150575

0.00483867 0.00150575
0.004839 0.00150586

0.00483894 0.00150586
0.00484453 0.0015077

0.00484453 0.00150769
0.00485039 0.00150984

0.00485039 0.00150982
0.00485496 0.00151172

0.00485495 0.00151172
0.00485625 0.00151226

0.00485625 0.00151227
0.00486211 0.00151496

0.00486211 0.00151493
0.00486736 0.00151758

0.00486735 0.00151758
0.00486797 0.00151789

0.00486797 0.0015179
0.00487383 0.00152116

0.00487383 0.00152112
0.00487762 0.00152344

0.00487758 0.00152344
0.00487969 0.00152472

0.00487969 0.00152471
0.00488555 0.00152864

0.00488555 0.00152865
0.00488647 0.0015293

0.00488646 0.0015293
0.00489141 0.00153291

0.00489141 0.00153292
0.00489429 0.00153516

0.00489424 0.00153516
0.00489727 0.00153756

0.00489727 0.00153758
0.00490126 0.00154102

0.00490126 0.00154102
0.00490312 0.00154268

0.00490312 0.00154272
0.00490753 0.00154687

0.00490753 0.00154687
0.00490898 0.00154832

0.00490898 0.00154833
0.00491316 0.00155273

0.0049132 0.00155273
0.00491484 0.00155457

0.00491484 0.00155459
0.0049183 0.00155859

0.00491836 0.00155859
0.0049207 0.00156153

0.0049207 0.00156155
0.00492297 0.00156445

0.00492302 0.00156445
0.00492656 0.00156933

0.00492656 0.00156932
0.00492725 0.00157031

0.00492726 0.00157031
0.0049311 0.00157617

0.00493113 0.00157617
0.00493242 0.00157836

0.00493242 0.00157845
0.00493453 0.00158203

0.00493455 0.00158203
0.00493758 0.00158789

0.00493761 0.00158789
0.00493828 0.0015894

0.00493828 0.00158947
0.00494019 0.00159375

0.00494018 0.00159375
0.00494239 0.00159961

0.00494239 0.00159961
0.00494414 0.00160519

0.00494414 0.00160518
0.00494423 0.00160547

0.0049442 0.00160547
0.00494571 0.00161133

0.00494568 0.00161133
0.004947 0.00161719

0.00494699 0.00161719
0.00494819 0.00162305

0.00494818 0.00162305
0.00494932 0.00162891

0.00494934 0.00162891
0.00495 0.00163258

0.00495 0.00166223
0.00494959 0.00166406

0.00494959 0.00166406
0.00494819 0.00166992

0.00494822 0.00166992
0.00494675 0.00167578

0.00494414 0.00168482
0.00494331 0.0016875

0.00494677 0.00167578
0.00494514 0.00168164

0.00494414 0.00168485
0.00494513 0.00168164

0.00479766 0.00178075
0.00479691 0.00178125

0.00479766 0.00178071
0.00480352 0.00177721

0.00480937 0.00177442
0.00480735 0.00177539

0.00480352 0.00177722
0.00480733 0.00177539

0.00480937 0.00177445
0.00481523 0.00177222

0.00481523 0.00177225
0.00482109 0.00177045

0.00482695 0.00176898
0.00482479 0.00176953

0.00482695 0.00176901
0.00483281 0.00176772

0.00482109 0.00177047
0.00482479 0.00176953

0.00483281 0.00176774
0.00483867 0.00176652

0.00483867 0.00176654
0.00484453 0.00176533

0.00484453 0.00176535
0.00485039 0.00176408

0.00485625 0.00176272
0.00485219 0.00176367

0.00485039 0.0017641
0.00485219 0.00176367

0.00477422 0.00180159
0.00477124 0.00180469

0.00478594 0.00179004
0.00478278 0.00179297

0.00478008 0.00179563
0.00477689 0.00179883

0.00477422 0.00180156
0.00477688 0.00179883

0.00478008 0.00179559
0.00478279 0.00179297

0.00476836 0.00180769
0.0047656 0.00181055

0.0047625 0.00181371
0.00476559 0.00181055

0.00476836 0.00180767
0.00477122 0.00180469

0.0047918 0.00178503
0.00478924 0.00178711

0.00478594 0.00178995
0.00478929 0.00178711

0.0047918 0.00178494
0.00479688 0.00178125

0.00487383 0.00175744
0.00487274 0.00175781

0.00487383 0.00175746
0.00487969 0.00175517

0.00485625 0.00176273
0.00486211 0.00176119

0.00486211 0.0017612
0.00486797 0.00175944

0.00486797 0.00175945
0.00487277 0.00175781

0.00487969 0.00175518
0.00488555 0.00175257

0.00489141 0.00174959
0.00488677 0.00175195

0.00488555 0.00175258
0.00488677 0.00175195

0.00490312 0.00174233
0.00489746 0.00174609

0.00489141 0.00174961
0.00489727 0.00174621

0.00489727 0.00174621
0.00489745 0.00174609

0.00491484 0.00173279
0.00491308 0.00173437

0.00492656 0.00171994
0.00492447 0.00172266

0.0049207 0.00172688
0.00491918 0.00172852

0.00491484 0.00173286
0.00491927 0.00172852

0.0049207 0.00172698
0.0049245 0.00172266

0.00493828 0.00170073
0.0049362 0.00170508

0.00493622 0.00170508
0.00493289 0.00171094

0.00494334 0.0016875
0.00494132 0.00169336

0.00494135 0.00169336
0.00493899 0.00169922

0.00493828 0.00170074
0.00493901 0.00169922

0.00493242 0.00171166
0.004929 0.0017168

0.00492656 0.00172004
0.00492901 0.0017168

0.00493242 0.00171169
0.00493289 0.00171094

0.00490898 0.0017379
0.00490591 0.00174023

0.00490312 0.00174234
0.00490598 0.00174023

0.00490898 0.00173792
0.00491315 0.00173437

0.00458672 0.00196599
0.0045833 0.00196875

0.00459844 0.00195634
0.0045976 0.00195703

0.00459258 0.00196117
0.00459046 0.00196289

0.00458672 0.00196597
0.0045905 0.00196289

0.00459258 0.00196118
0.00459763 0.00195703

0.00461602 0.00194182
0.0046118 0.00194531

0.00462188 0.00193695
0.00461882 0.00193945

0.00461602 0.0019418
0.00461888 0.00193945

0.00459844 0.00195636
0.0046043 0.00195153

0.00461016 0.00194668
0.00460472 0.00195117

0.0046043 0.00195153
0.00460473 0.00195117

0.00461016 0.00194668
0.00461181 0.00194531

0.00464531 0.00191726
0.00463985 0.00192187

0.00466875 0.00189724
0.00466736 0.00189844

0.00465703 0.00190732
0.00465365 0.00191016

0.00465117 0.00191229
0.00464678 0.00191602

0.00464531 0.00191726
0.00464679 0.00191602

0.00465117 0.00191228
0.0046537 0.00191016

0.00466289 0.00190229
0.00466053 0.0019043

0.00465703 0.00190728
0.00466057 0.0019043

0.00466289 0.00190229
0.00466738 0.00189844

0.00462773 0.00193204
0.00462586 0.00193359

0.00463359 0.00192712
0.00463286 0.00192773

0.00462773 0.00193205
0.00463288 0.00192773

0.00462187 0.00193693
0.00462589 0.00193359

0.00463359 0.00192714
0.00463945 0.00192221

0.00463945 0.00192221
0.00463985 0.00192187

0.00458086 0.00197076
0.00457613 0.00197461

0.004575 0.00197554
0.00457615 0.00197461

0.00458086 0.00197075
0.00458335 0.00196875

0.00467461 0.00189218
0.00467414 0.00189258

0.00466875 0.00189725
0.00467416 0.00189258

0.00467461 0.00189219
0.00468047 0.00188709

0.00468633 0.00188197
0.0046809 0.00188672

0.00469219 0.00187684
0.0046876 0.00188086

0.00468633 0.00188197
0.0046876 0.00188086

0.00468047 0.00188709
0.0046809 0.00188672

0.00469219 0.00187683
0.00469429 0.001875

0.0042 0.00225116
0.00420167 0.00225

0.00495 0.00163261
0.00495039 0.00163477

0.00495047 0.00163477
0.00495124 0.00164062

0.00495118 0.00164062
0.0049516 0.00164648

0.00495167 0.00164648
0.00495172 0.00165234

0.00495183 0.00165234
0.00495114 0.0016582

0.00495 0.00166263
0.00495098 0.0016582

0.00518437 0.00162781
0.00518253 0.00162891

0.00517852 0.00163187
0.00517615 0.00163477

0.00517609 0.00163477
0.00517358 0.00164062

0.00517852 0.00163175
0.00518217 0.00162891

0.00517372 0.00164062
0.0051739 0.00164648

0.00517362 0.00164648
0.00517674 0.00165234

0.00517671 0.00165234
0.00517852 0.00165435

0.00517852 0.00165422
0.00518392 0.0016582

0.00518398 0.0016582
0.00518437 0.00165841

0.00518437 0.00162782
0.00519023 0.00162666

0.00519023 0.00162665
0.00519609 0.00162795

0.00519609 0.00162788
0.0051978 0.00162891

0.00519807 0.00162891
0.00520195 0.00163216

0.00520195 0.00163224
0.00520388 0.00163477

0.00520385 0.00163477
0.00520625 0.00164062

0.00518439 0.0016582
0.00519023 0.00165933

0.00519609 0.00165792
0.00519484 0.0016582

0.00519023 0.00165929
0.00519514 0.0016582

0.00520616 0.00164062
0.00520601 0.00164648

0.00520625 0.00164648
0.00520325 0.00165234

0.00520195 0.00165387
0.00519641 0.0016582

0.00519609 0.00165825
0.00519618 0.0016582

0.00520195 0.00165391
0.00520329 0.00165234

