0.00265312 0.00110918
0.00265029 0.00111328

0.00264727 0.00111761
0.00264622 0.00111914

0.00264621 0.00111914
0.00264209 0.001125

0.00264727 0.00111762
0.00265029 0.00111328

0.00267656 0.00107424
0.00267403 0.00107812

0.0027 0.00103695
0.0026999 0.00103711

0.0026999 0.00103711
0.00269633 0.00104297

0.00269414 0.00104652
0.00269272 0.00104883

0.00269272 0.00104883
0.00268906 0.00105469

0.00269414 0.00104652
0.00269633 0.00104297

0.00268242 0.00106516
0.00268163 0.00106641

0.00268828 0.00105593
0.00268537 0.00106055

0.00268242 0.00106516
0.00268537 0.00106055

0.00268163 0.00106641
0.00267785 0.00107227

0.00267656 0.00107424
0.00267784 0.00107227

0.00268828 0.00105593
0.00268906 0.00105469

0.00265898 0.00110063
0.00265837 0.00110156

0.00266484 0.00109196
0.00266233 0.0010957

0.00265898 0.00110063
0.00266233 0.0010957

0.0026707 0.00108317
0.00267018 0.00108398

0.00267017 0.00108398
0.00266627 0.00108984

0.0026707 0.00108317
0.00267403 0.00107812

0.00266484 0.00109197
0.00266626 0.00108984

0.00265835 0.00110156
0.00265434 0.00110742

0.00265312 0.0011092
0.00265433 0.00110742

0.00250078 0.00130875
0.00249778 0.0013125

0.0025125 0.00129414
0.00251188 0.00129492

0.00251186 0.00129492
0.00250717 0.00130078

0.00250664 0.00130144
0.00250247 0.00130664

0.00250078 0.00130876
0.00250246 0.00130664

0.00250664 0.00130144
0.00250717 0.00130078

0.00237187 0.00147403
0.00237002 0.00147656

0.0023543 0.0014981
0.00235295 0.0015

0.00236016 0.00149002
0.00235716 0.00149414

0.0023543 0.0014981
0.00235716 0.00149414

0.00236602 0.00148202
0.00236572 0.00148242

0.0023657 0.00148242
0.00236142 0.00148828

0.00236602 0.00148199
0.00237 0.00147656

0.00236016 0.00149003
0.0023614 0.00148828

0.00238945 0.00145048
0.00238749 0.00145312

0.00239531 0.00144275
0.00239189 0.00144727

0.00238945 0.00145049
0.00239188 0.00144727

0.00240703 0.00142738
0.0024053 0.00142969

0.00241875 0.00141221
0.00241429 0.00141797

0.00241289 0.00141979
0.00240977 0.00142383

0.00240703 0.00142739
0.00240977 0.00142383

0.00241289 0.0014198
0.00241428 0.00141797

0.00240117 0.00143507
0.00240081 0.00143555

0.00240079 0.00143555
0.00239633 0.00144141

0.00240117 0.00143504
0.00240527 0.00142969

0.00239531 0.00144275
0.00239632 0.00144141

0.00238359 0.00145831
0.00238309 0.00145898

0.00238307 0.00145898
0.00237869 0.00146484

0.00237773 0.00146613
0.00237434 0.0014707

0.00237187 0.00147403
0.00237433 0.0014707

0.00237773 0.00146614
0.00237868 0.00146484

0.00238359 0.00145828
0.00238746 0.00145312

0.00246562 0.00135271
0.00246499 0.00135352

0.00246497 0.00135352
0.0024603 0.00135937

0.00244219 0.00138227
0.00244176 0.00138281

0.00242461 0.00140468
0.0024234 0.00140625

0.00243047 0.00139716
0.00242796 0.00140039

0.00242461 0.00140467
0.00242794 0.00140039

0.00243633 0.0013897
0.00243253 0.00139453

0.00244174 0.00138281
0.00243713 0.00138867

0.00243633 0.0013897
0.00243713 0.00138867

0.00243047 0.00139719
0.00243251 0.00139453

0.00245391 0.00136743
0.00245101 0.00137109

0.00244805 0.00137482
0.00244639 0.00137695

0.00244219 0.00138225
0.00244636 0.00137695

0.00244805 0.00137483
0.00245099 0.00137109

0.00245977 0.00136005
0.00245565 0.00136523

0.00245391 0.00136744
0.00245563 0.00136523

0.00245977 0.00136005
0.0024603 0.00135937

0.00248906 0.00132339
0.0024884 0.00132422

0.0024832 0.00133069
0.002479 0.00133594

0.00248838 0.00132422
0.00248369 0.00133008

0.0024832 0.00133069
0.00248369 0.00133008

0.00247148 0.00134534
0.00246966 0.00134766

0.00247734 0.00133801
0.00247432 0.0013418

0.00247148 0.00134535
0.00247431 0.0013418

0.00246562 0.00135269
0.00246964 0.00134766

0.00247734 0.00133802
0.00247899 0.00133594

0.00249492 0.00131605
0.0024931 0.00131836

0.00248906 0.00132337
0.00249308 0.00131836

0.00249492 0.00131606
0.00249776 0.0013125

0.00242338 0.00140625
0.00241883 0.00141211

0.00241875 0.00141221
0.00241883 0.00141211

0.00258281 0.00120502
0.00258129 0.00120703

0.00257695 0.00121264
0.00257676 0.00121289

0.00257674 0.00121289
0.0025722 0.00121875

0.00257695 0.00121262
0.00258127 0.00120703

0.00259453 0.00118972
0.00259027 0.00119531

0.00260039 0.00118198
0.00259919 0.00118359

0.00260625 0.00117419
0.00260359 0.00117773

0.00260039 0.00118198
0.00260359 0.00117773

0.00259917 0.00118359
0.00259473 0.00118945

0.00259453 0.00118972
0.00259473 0.00118945

0.00258867 0.0011974
0.00258578 0.00120117

0.00258281 0.00120503
0.00258578 0.00120117

0.00258867 0.00119742
0.00259025 0.00119531

0.00253594 0.00126479
0.00253528 0.00126562

0.00255938 0.00123516
0.00255847 0.00123633

0.00255845 0.00123633
0.00255384 0.00124219

0.00254766 0.00125001
0.00254458 0.00125391

0.0025418 0.00125739
0.00253995 0.00125977

0.00253594 0.00126478
0.00253992 0.00125977

0.0025418 0.00125741
0.00254456 0.00125391

0.00255352 0.00124259
0.00254921 0.00124805

0.00254766 0.00125002
0.0025492 0.00124805

0.00255352 0.0012426
0.00255384 0.00124219

0.00251836 0.0012868
0.00251658 0.00128906

0.00252422 0.00127947
0.00252125 0.0012832

0.00251836 0.00128681
0.00252123 0.0012832

0.00253008 0.00127214
0.00252592 0.00127734

0.00253527 0.00126563
0.0025306 0.00127148

0.00253008 0.00127214
0.0025306 0.00127148

0.00252422 0.00127949
0.00252591 0.00127734

0.0025125 0.00129412
0.00251655 0.00128906

0.00256523 0.00122766
0.00256307 0.00123047

0.00257109 0.00122016
0.00256763 0.00122461

0.00256523 0.00122768
0.00256762 0.00122461

0.00255937 0.00123514
0.00256304 0.00123047

0.00257109 0.00122017
0.00257219 0.00121875

0.00262969 0.00114237
0.00262954 0.00114258

0.00262953 0.00114258
0.00262528 0.00114844

0.00261797 0.00115841
0.00261671 0.00116016

0.00261211 0.00116634
0.00260799 0.00117187

0.00261669 0.00116016
0.00261235 0.00116602

0.00261211 0.00116634
0.00261235 0.00116602

0.00262383 0.00115042
0.002621 0.0011543

0.00261797 0.00115841
0.002621 0.0011543

0.00262383 0.00115044
0.00262526 0.00114844

0.00263555 0.00113419
0.00263375 0.00113672

0.00264141 0.00112596
0.00263793 0.00113086

0.00263555 0.0011342
0.00263793 0.00113086

0.00262969 0.00114236
0.00263375 0.00113672

0.00264141 0.00112597
0.00264208 0.001125

0.00260625 0.00117421
0.00260797 0.00117187

0.002325 0.00153964
0.00232408 0.00154102

0.00232405 0.00154102
0.00232004 0.00154687

0.00228984 0.00159241
0.00228899 0.00159375

0.00230156 0.00157442
0.00230041 0.00157617

0.0023004 0.00157617
0.00229656 0.00158203

0.0022957 0.00158335
0.00229275 0.00158789

0.00228984 0.00159239
0.00229275 0.00158789

0.0022957 0.00158335
0.00229655 0.00158203

0.00231328 0.00155684
0.00231211 0.00155859

0.00230742 0.00156558
0.00230427 0.00157031

0.00231209 0.00155859
0.00230816 0.00156445

0.00230742 0.00156558
0.00230816 0.00156445

0.00231914 0.0015482
0.00231606 0.00155273

0.00231328 0.00155683
0.00231605 0.00155273

0.00231914 0.00154821
0.00232003 0.00154687

0.00230156 0.00157441
0.00230427 0.00157031

0.00227812 0.00161085
0.00227783 0.00161133

0.00227781 0.00161133
0.00227415 0.00161719

0.00226055 0.00163945
0.00225984 0.00164062

0.00226641 0.00162977
0.00226337 0.00163477

0.00226055 0.00163943
0.00226336 0.00163477

0.00227227 0.00162025
0.00227054 0.00162305

0.00227052 0.00162305
0.00226692 0.00162891

0.00227227 0.00162023
0.00227415 0.00161719

0.00226641 0.00162977
0.00226692 0.00162891

0.00225469 0.00164927
0.00225286 0.00165234

0.00224883 0.00165921
0.00224601 0.00166406

0.00225285 0.00165234
0.00224941 0.0016582

0.00224883 0.00165921
0.00224941 0.0016582

0.00224297 0.00166935
0.00224264 0.00166992

0.00224262 0.00166992
0.00223928 0.00167578

0.00223711 0.00167964
0.00223598 0.00168164

0.00223596 0.00168164
0.00223268 0.0016875

0.00223711 0.00167962
0.00223928 0.00167578

0.00224297 0.00166932
0.002246 0.00166406

0.00225982 0.00164062
0.00225632 0.00164648

0.00225469 0.00164925
0.00225633 0.00164648

0.00228398 0.00160156
0.00228151 0.00160547

0.00228897 0.00159375
0.00228522 0.00159961

0.00228398 0.00160156
0.00228522 0.00159961

0.00227812 0.00161082
0.0022815 0.00160547

0.00220781 0.00173399
0.00220761 0.00173437

0.00223125 0.00169011
0.00222944 0.00169336

0.00222943 0.00169336
0.00222621 0.00169922

0.00222539 0.00170075
0.00222304 0.00170508

0.00222302 0.00170508
0.00221987 0.00171094

0.00222539 0.00170074
0.00222622 0.00169922

0.00221953 0.0017116
0.00221677 0.0017168

0.00221367 0.00172265
0.00221675 0.0017168

0.00221367 0.00172266
0.00221062 0.00172852

0.00220781 0.00173395
0.00221061 0.00172852

0.00221953 0.00171159
0.00221988 0.00171094

0.00219609 0.00175737
0.00219587 0.00175781

0.00220195 0.00174554
0.00220167 0.00174609

0.0022076 0.00173437
0.00220462 0.00174023

0.00220195 0.00174551
0.00220461 0.00174023

0.00220167 0.00174609
0.00219875 0.00175195

0.00219609 0.00175733
0.00219874 0.00175195

0.00219023 0.00176949
0.00219022 0.00176953

0.00219587 0.00175781
0.00219302 0.00176367

0.00219023 0.00176946
0.00219301 0.00176367

0.00219021 0.00176953
0.00218744 0.00177539

0.00218742 0.00177539
0.00218468 0.00178125

0.00218437 0.00178196
0.002182 0.00178711

0.00218198 0.00178711
0.00217931 0.00179297

0.00217852 0.00179481
0.00217672 0.00179883

0.00217669 0.00179883
0.0021741 0.00180469

0.00217852 0.00179479
0.00217933 0.00179297

0.00217266 0.00180808
0.00217159 0.00181055

0.00217157 0.00181055
0.00216906 0.00181641

0.0021668 0.00182182
0.00216661 0.00182227

0.00216661 0.00182227
0.00216419 0.00182812

0.0021668 0.00182178
0.00216905 0.00181641

0.00217266 0.00180805
0.00217411 0.00180469

0.00216094 0.00183617
0.00215948 0.00183984

0.00215508 0.00185118
0.00215493 0.00185156

0.00215946 0.00183984
0.00215716 0.0018457

0.00215508 0.00185114
0.00215715 0.0018457

0.00214922 0.00186708
0.00214849 0.00186914

0.00214849 0.00186914
0.00214642 0.001875

0.00215494 0.00185156
0.00215273 0.00185742

0.0021527 0.00185742
0.00215055 0.00186328

0.00214922 0.00186705
0.00215056 0.00186328

0.00216416 0.00182812
0.00216178 0.00183398

0.00216094 0.00183615
0.0021618 0.00183398

0.00218437 0.00178195
0.0021847 0.00178125

0.00223125 0.00169009
0.00223268 0.0016875

0.0021375 0.0019025
0.00213696 0.0019043

0.00213696 0.0019043
0.00213522 0.00191016

0.0021352 0.00191016
0.00213351 0.00191602

0.00213351 0.00191602
0.00213193 0.00192187

0.00213164 0.00192309
0.00213043 0.00192773

0.00213042 0.00192773
0.00212891 0.00193359

0.00213164 0.00192309
0.00213196 0.00192187

0.00212889 0.00193359
0.00212747 0.00193945

0.00212747 0.00193945
0.00212616 0.00194531

0.00212578 0.00194722
0.00212494 0.00195117

0.00212492 0.00195117
0.0021237 0.00195703

0.00212369 0.00195703
0.00212255 0.00196289

0.00212255 0.00196289
0.00212151 0.00196875

0.00212578 0.00194722
0.00212619 0.00194531

0.00211992 0.00197902
0.00211971 0.00198047

0.00212151 0.00196875
0.00212057 0.00197461

0.00211992 0.00197903
0.00212058 0.00197461

0.0021197 0.00198047
0.00211889 0.00198633

0.00211888 0.00198633
0.00211816 0.00199219

0.00211816 0.00199219
0.00211753 0.00199805

0.00211753 0.00199805
0.002117 0.00200391

0.002117 0.00200391
0.00211656 0.00200977

0.00211655 0.00200977
0.00211621 0.00201563

0.00211621 0.00201562
0.00211596 0.00202148

0.00211596 0.00202148
0.00211582 0.00202734

0.00211582 0.00202734
0.00211578 0.0020332

0.00211578 0.0020332
0.00211585 0.00203906

0.00211585 0.00203906
0.00211603 0.00204492

0.00211603 0.00204492
0.00211632 0.00205078

0.00211632 0.00205078
0.00211674 0.00205664

0.00211674 0.00205664
0.00211728 0.0020625

0.00211728 0.0020625
0.00211795 0.00206836

0.00211795 0.00206836
0.00211874 0.00207422

0.00211873 0.00207422
0.00211966 0.00208008

0.00211965 0.00208008
0.00211992 0.00208152

0.00211992 0.00208154
0.00212075 0.00208594

0.00212077 0.00208594
0.00212203 0.0020918

0.00212203 0.0020918
0.00212341 0.00209766

0.00212339 0.00209766
0.00212492 0.00210352

0.00212491 0.00210352
0.00212578 0.00210642

0.00212578 0.00210642
0.00212667 0.00210937

0.00212671 0.00210937
0.00212864 0.00211523

0.0021286 0.00211523
0.00213068 0.00212109

0.00213067 0.00212109
0.00213164 0.00212353

0.00213164 0.00212351
0.00213301 0.00212695

0.00213304 0.00212695
0.00213556 0.00213281

0.00213551 0.00213281
0.0021375 0.00213704

0.00214336 0.00188406
0.00214248 0.00188672

0.00214638 0.001875
0.00214438 0.00188086

0.00214336 0.00188403
0.0021444 0.00188086

0.00214248 0.00188672
0.00214056 0.00189258

0.00214053 0.00189258
0.00213869 0.00189844

0.0021375 0.00190247
0.00213871 0.00189844

0.0021375 0.00213703
0.00213827 0.00213867

0.00213831 0.00213867
0.00214131 0.00214453

0.00214126 0.00214453
0.00214336 0.00214832

0.00214336 0.0021483
0.00214452 0.00215039

0.00214455 0.00215039
0.00214808 0.00215625

0.00214805 0.00215625
0.00214922 0.00215808

0.00214922 0.00215802
0.00215188 0.00216211

0.00215185 0.00216211
0.00215508 0.00216666

0.00215508 0.00216665
0.00215601 0.00216797

0.00215602 0.00216797
0.00216051 0.00217383

0.0021605 0.00217383
0.00216094 0.00217437

0.00216094 0.00217437
0.00216532 0.00217969

0.00216534 0.00217969
0.0021668 0.00218137

0.0021668 0.00218135
0.00217055 0.00218555

0.00217059 0.00218555
0.00217266 0.00218773

0.00217266 0.00218773
0.00217628 0.00219141

0.0021763 0.00219141
0.00217852 0.00219356

0.00217852 0.00219361
0.0021825 0.00219727

0.0021825 0.00219727
0.00218437 0.00219894

0.00218437 0.00219899
0.00218922 0.00220312

0.00218924 0.00220312
0.00219023 0.00220394

0.00219023 0.00220398
0.00219609 0.00220861

0.00219609 0.00220862
0.00219659 0.00220898

0.00219662 0.00220898
0.00220195 0.00221291

0.00220195 0.00221293
0.00220473 0.00221484

0.0022048 0.00221484
0.00220781 0.00221691

0.00220781 0.00221694
0.00221367 0.0022207

0.00221367 0.00222069
0.00221369 0.0022207

0.00221371 0.0022207
0.00221953 0.00222418

0.00221953 0.00222419
0.00222377 0.00222656

0.00222384 0.00222656
0.00222539 0.00222743

0.00222539 0.00222744
0.00223125 0.0022305

0.00223125 0.00223052
0.00223516 0.00223242

0.00223523 0.00223242
0.00223711 0.00223334

0.00223711 0.00223335
0.00224297 0.00223601

0.00224297 0.00223602
0.00224832 0.00223828

0.00224836 0.00223828
0.00224883 0.00223848

0.00224883 0.00223848
0.00225469 0.00224079

0.00225469 0.00224079
0.00226055 0.00224294

0.00226055 0.00224295
0.00226406 0.00224414

0.00226413 0.00224414
0.00226641 0.00224491

0.00226641 0.00224492
0.00227227 0.00224676

0.00227227 0.00224677
0.00227812 0.00224846

0.00227812 0.00224846
0.00228395 0.00225

0.00233672 0.00152281
0.00233629 0.00152344

0.00234844 0.00150626
0.00234454 0.00151172

0.00234258 0.0015145
0.0023404 0.00151758

0.00233672 0.00152279
0.00234039 0.00151758

0.00234258 0.00151449
0.00234454 0.00151172

0.00233086 0.00153118
0.0023281 0.00153516

0.00233626 0.00152344
0.00233217 0.0015293

0.00233086 0.00153119
0.00233216 0.0015293

0.002325 0.00153964
0.00232809 0.00153516

0.00235293 0.0015
0.00234872 0.00150586

0.00234844 0.00150626
0.00234872 0.00150586

0.00244805 0.00224869
0.00244231 0.00225

0.00244805 0.00224869
0.00245391 0.00224727

0.00245391 0.00224727
0.00245977 0.00224576

0.00245977 0.00224577
0.00246562 0.00224417

0.00247148 0.00224249
0.00246573 0.00224414

0.00246562 0.00224417
0.00246574 0.00224414

0.00247148 0.00224249
0.00247734 0.00224072

0.00248906 0.00223693
0.00248499 0.00223828

0.00247734 0.00224072
0.0024832 0.00223887

0.0024832 0.00223888
0.00248501 0.00223828

0.00248906 0.00223693
0.00249492 0.00223491

0.00249492 0.00223491
0.00250078 0.0022328

0.00250664 0.00223061
0.0025018 0.00223242

0.00250078 0.00223281
0.00250181 0.00223242

0.00250664 0.00223061
0.0025125 0.00222833

0.00251836 0.00222596
0.00251685 0.00222656

0.00251836 0.00222596
0.00252422 0.00222352

0.00252422 0.00222352
0.00253008 0.00222098

0.00253594 0.00221836
0.0025307 0.0022207

0.00253008 0.00222099
0.00253071 0.0022207

0.0025125 0.00222834
0.0025169 0.00222656

0.00254766 0.00221287
0.0025435 0.00221484

0.00253594 0.00221836
0.0025418 0.00221566

0.0025418 0.00221567
0.00254352 0.00221484

0.00254766 0.00221287
0.00255352 0.00220999

0.00255938 0.00220703
0.0025555 0.00220898

0.00255352 0.00221
0.00255553 0.00220898

0.00257109 0.00220085
0.00256683 0.00220312

0.00257109 0.00220085
0.00257695 0.00219763

0.00258281 0.00219432
0.00257759 0.00219727

0.00257695 0.00219763
0.00257761 0.00219727

0.00258867 0.00219091
0.00258782 0.00219141

0.00258867 0.00219093
0.00259453 0.00218744

0.00258281 0.00219433
0.00258786 0.00219141

0.00260039 0.00218386
0.00259763 0.00218555

0.00259453 0.00218745
0.00259766 0.00218555

0.00260039 0.00218387
0.00260625 0.00218021

0.00255937 0.00220703
0.00256523 0.00220398

0.00256523 0.00220399
0.00256686 0.00220312

0.00264141 0.00215624
0.00264139 0.00215625

0.00264727 0.00215192
0.00264142 0.00215625

0.00265312 0.00214749
0.00264929 0.00215039

0.00264727 0.00215192
0.00264933 0.00215039

0.0027 0.00210816
0.00269867 0.00210937

0.00267656 0.00212873
0.00267163 0.00213281

0.00265898 0.00214295
0.00265692 0.00214453

0.00266484 0.0021383
0.00266437 0.00213867

0.00265898 0.00214297
0.00266442 0.00213867

0.00265312 0.0021475
0.00265697 0.00214453

0.00266484 0.00213833
0.0026707 0.00213358

0.0026707 0.00213358
0.00267165 0.00213281

0.00268828 0.00211868
0.00268548 0.00212109

0.00268242 0.00212377
0.00267864 0.00212695

0.00267656 0.00212872
0.00267868 0.00212695

0.00268242 0.00212375
0.00268555 0.00212109

0.00269414 0.00211348
0.00269216 0.00211523

0.00268828 0.00211868
0.00269222 0.00211523

0.00269414 0.0021135
0.00269871 0.00210937

0.00261211 0.00217644
0.00260705 0.00217969

0.00261797 0.00217259
0.00261607 0.00217383

0.00261211 0.00217646
0.00261612 0.00217383

0.00262969 0.00216462
0.00262482 0.00216797

0.00261797 0.00217261
0.00262383 0.00216866

0.00262383 0.00216866
0.00262485 0.00216797

0.00260625 0.0021802
0.00260708 0.00217969

0.00263555 0.00216048
0.00263322 0.00216211

0.00262969 0.00216463
0.00263326 0.00216211

0.00263555 0.0021605
0.00264141 0.00215626

0.00264141 0.00215626
0.00264143 0.00215625

0.00228395 0.00225
0.00228398 0.00225001

0.00228398 0.00225001
0.00228984 0.00225143

0.00228984 0.00225143
0.0022957 0.00225272

0.0022957 0.00225272
0.00230156 0.00225388

0.00230156 0.00225388
0.00230742 0.00225491

0.00230742 0.00225491
0.00231328 0.00225583

0.00231328 0.00225583
0.0023135 0.00225586

0.0023135 0.00225586
0.00231914 0.00225664

0.00231914 0.00225664
0.002325 0.00225733

0.002325 0.00225733
0.00233086 0.00225791

0.00233086 0.00225791
0.00233672 0.00225838

0.00233672 0.00225838
0.00234258 0.00225874

0.00234258 0.00225874
0.00234844 0.002259

0.00234844 0.002259
0.0023543 0.00225916

0.0023543 0.00225916
0.00236016 0.00225921

0.00236016 0.00225921
0.00236602 0.00225917

0.00236602 0.00225917
0.00237187 0.00225903

0.00237187 0.00225903
0.00237773 0.00225879

0.00237773 0.00225879
0.00238359 0.00225845

0.00238359 0.00225845
0.00238945 0.00225802

0.00238945 0.00225802
0.00239531 0.0022575

0.00239531 0.0022575
0.00240117 0.00225688

0.00240117 0.00225688
0.00240703 0.00225618

0.00241289 0.00225537
0.00240933 0.00225586

0.00240703 0.00225618
0.00240938 0.00225586

0.00241289 0.00225537
0.00241875 0.00225448

0.00241875 0.00225448
0.00242461 0.0022535

0.00242461 0.0022535
0.00243047 0.00225243

0.00243047 0.00225243
0.00243633 0.00225127

0.00243633 0.00225128
0.00244219 0.00225003

0.00244219 0.00225003
0.00244232 0.00225

0.00288257 0
0.00288257 5.85937e-06

0.00288257 5.85938e-06
0.00288256 1.17187e-05

0.00288256 1.17187e-05
0.00288255 1.75781e-05

0.00288255 1.75781e-05
0.00288253 2.34375e-05

0.00288253 2.34375e-05
0.00288251 2.92969e-05

0.00288251 2.92969e-05
0.00288248 3.51562e-05

0.00288248 3.51562e-05
0.00288245 4.10156e-05

0.00288245 4.10156e-05
0.00288241 4.6875e-05

0.00288241 4.6875e-05
0.00288237 5.27344e-05

0.00288237 5.27344e-05
0.00288232 5.85937e-05

0.00288232 5.85937e-05
0.00288227 6.44531e-05

0.00288227 6.44531e-05
0.00288222 7.03125e-05

0.00288222 7.03125e-05
0.00288215 7.61719e-05

0.00288215 7.61719e-05
0.00288209 8.20312e-05

0.00288209 8.20312e-05
0.00288202 8.78906e-05

0.00288202 8.78906e-05
0.00288194 9.375e-05

0.00288194 9.375e-05
0.00288186 9.96094e-05

0.00288186 9.96094e-05
0.00288177 0.000105469

0.00288164 0.000113641
0.00288158 0.000117187

0.00288177 0.000105469
0.00288168 0.000111328

0.00288164 0.00011364
0.00288168 0.000111328

0.00288158 0.000117187
0.00288148 0.000123047

0.00288148 0.000123047
0.00288137 0.000128906

0.00288137 0.000128906
0.00288126 0.000134766

0.00288126 0.000134766
0.00288114 0.000140625

0.00288114 0.000140625
0.00288102 0.000146484

0.00288102 0.000146484
0.00288089 0.000152344

0.00288089 0.000152344
0.00288076 0.000158203

0.00288076 0.000158203
0.00288062 0.000164062

0.00288062 0.000164062
0.00288047 0.000169922

0.00288047 0.000169922
0.00288032 0.000175781

0.00288032 0.000175781
0.00288016 0.000181641

0.00288016 0.000181641
0.00288 0.0001875

0.00288 0.0001875
0.00287983 0.000193359

0.00287983 0.000193359
0.00287966 0.000199219

0.00287966 0.000199219
0.00287948 0.000205078

0.00287948 0.000205078
0.0028793 0.000210937

0.0028793 0.000210937
0.00287911 0.000216797

0.00287911 0.000216797
0.00287891 0.000222656

0.00287891 0.000222656
0.00287871 0.000228516

0.00287871 0.000228516
0.0028785 0.000234375

0.0028785 0.000234375
0.00287828 0.000240234

0.00287828 0.000240234
0.00287806 0.000246094

0.00287806 0.000246094
0.00287784 0.000251953

0.00287784 0.000251953
0.0028776 0.000257812

0.0028776 0.000257812
0.00287736 0.000263672

0.00287736 0.000263672
0.00287712 0.000269531

0.00287712 0.000269531
0.00287686 0.000275391

0.00287686 0.000275391
0.0028766 0.00028125

0.00287578 0.00029888
0.0028755 0.000304687

0.0028766 0.00028125
0.00287634 0.000287109

0.00287634 0.000287109
0.00287606 0.000292969

0.00287606 0.000292969
0.00287578 0.000298828

0.00287578 0.000298878
0.00287578 0.000298828

0.0028755 0.000304687
0.0028752 0.000310547

0.0028752 0.000310547
0.0028749 0.000316406

0.0028749 0.000316406
0.00287459 0.000322266

0.00287459 0.000322266
0.00287428 0.000328125

0.00287428 0.000328125
0.00287395 0.000333984

0.00287395 0.000333984
0.00287362 0.000339844

0.00287362 0.000339844
0.00287328 0.000345703

0.00287328 0.000345703
0.00287294 0.000351562

0.00287294 0.000351562
0.00287258 0.000357422

0.00287258 0.000357422
0.00287222 0.000363281

0.00287222 0.000363281
0.00287185 0.000369141

0.00287185 0.000369141
0.00287147 0.000375

0.00295173 0
0.00295172 5.85937e-06

0.00295172 5.85938e-06
0.00295171 1.17187e-05

0.00295171 1.17187e-05
0.0029517 1.75781e-05

0.0029517 1.75781e-05
0.00295168 2.34375e-05

0.00295168 2.34375e-05
0.00295165 2.92969e-05

0.00295165 2.92969e-05
0.00295162 3.51562e-05

0.00295162 3.51562e-05
0.00295158 4.10156e-05

0.00295158 4.10156e-05
0.00295153 4.6875e-05

0.00295153 4.6875e-05
0.00295148 5.27344e-05

0.00295148 5.27344e-05
0.00295142 5.85937e-05

0.00295142 5.85937e-05
0.00295136 6.44531e-05

0.00295136 6.44531e-05
0.00295129 7.03125e-05

0.00295129 7.03125e-05
0.00295122 7.61719e-05

0.00295122 7.61719e-05
0.00295113 8.20312e-05

0.00295113 8.20312e-05
0.00295105 8.78906e-05

0.00295105 8.78906e-05
0.00295095 9.375e-05

0.00295095 9.375e-05
0.00295085 9.96094e-05

0.00295085 9.96094e-05
0.00295075 0.000105469

0.00295075 0.000105469
0.00295064 0.000111328

0.00295064 0.000111328
0.00295052 0.000117187

0.00295052 0.000117187
0.00295039 0.000123047

0.00295039 0.000123047
0.00295026 0.000128906

0.00295026 0.000128906
0.00295013 0.000134766

0.00295013 0.000134766
0.00294998 0.000140625

0.00294998 0.000140625
0.00294984 0.000146484

0.00294984 0.000146484
0.00294968 0.000152344

0.00294968 0.000152344
0.00294952 0.000158203

0.00294952 0.000158203
0.00294935 0.000164062

0.00294935 0.000164062
0.00294918 0.000169922

0.00294918 0.000169922
0.002949 0.000175781

0.002949 0.000175781
0.00294881 0.000181641

0.00294881 0.000181641
0.00294862 0.0001875

0.00294862 0.0001875
0.00294842 0.000193359

0.00294842 0.000193359
0.00294822 0.000199219

0.00294822 0.000199219
0.00294801 0.000205078

0.00294801 0.000205078
0.00294779 0.000210937

0.00294779 0.000210937
0.00294757 0.000216797

0.00294757 0.000216797
0.00294734 0.000222656

0.00294734 0.000222656
0.0029471 0.000228516

0.0029471 0.000228516
0.00294686 0.000234375

0.00294609 0.000252038
0.00294583 0.000257812

0.00294686 0.000234375
0.00294661 0.000240234

0.00294661 0.000240234
0.00294636 0.000246094

0.00294636 0.000246094
0.0029461 0.000251953

0.00294609 0.000252036
0.0029461 0.000251953

0.00294583 0.000257812
0.00294556 0.000263672

0.00294556 0.000263672
0.00294528 0.000269531

0.00294528 0.000269531
0.00294499 0.000275391

0.00294499 0.000275391
0.0029447 0.00028125

0.0029447 0.00028125
0.0029444 0.000287109

0.0029444 0.000287109
0.00294409 0.000292969

0.00294409 0.000292969
0.00294378 0.000298828

0.00294378 0.000298828
0.00294347 0.000304687

0.00294347 0.000304687
0.00294314 0.000310547

0.00294314 0.000310547
0.00294281 0.000316406

0.00294281 0.000316406
0.00294247 0.000322266

0.00294247 0.000322266
0.00294213 0.000328125

0.00294213 0.000328125
0.00294178 0.000333984

0.00294178 0.000333984
0.00294142 0.000339844

0.00294142 0.000339844
0.00294106 0.000345703

0.00294106 0.000345703
0.00294069 0.000351562

0.00294023 0.000358714
0.00293994 0.000363281

0.00294069 0.000351562
0.00294032 0.000357422

0.00294023 0.000358713
0.00294032 0.000357422

0.00293994 0.000363281
0.00293955 0.000369141

0.00293955 0.000369141
0.00293915 0.000375

0.00287147 0.000375
0.00287109 0.000380859

0.00287109 0.000380859
0.00287069 0.000386719

0.00286992 0.00039778
0.00286988 0.000398437

0.00287069 0.000386719
0.00287029 0.000392578

0.00286992 0.000397779
0.00287029 0.000392578

0.00286988 0.000398437
0.00286945 0.000404297

0.00286945 0.000404297
0.00286902 0.000410156

0.00286902 0.000410156
0.00286858 0.000416016

0.00286858 0.000416016
0.00286813 0.000421875

0.00286813 0.000421875
0.00286768 0.000427734

0.00286768 0.000427734
0.00286721 0.000433594

0.00286721 0.000433594
0.00286673 0.000439453

0.00286673 0.000439453
0.00286624 0.000445312

0.00286624 0.000445312
0.00286574 0.000451172

0.00286574 0.000451172
0.00286524 0.000457031

0.00286524 0.000457031
0.00286472 0.000462891

0.00286472 0.000462891
0.00286419 0.00046875

0.00286406 0.000470105
0.00286365 0.000474609

0.00286365 0.000474609
0.00286309 0.000480469

0.00286309 0.000480469
0.00286253 0.000486328

0.00286253 0.000486328
0.00286196 0.000492187

0.00286196 0.000492187
0.00286137 0.000498047

0.00286137 0.000498047
0.00286077 0.000503906

0.00286077 0.000503906
0.00286016 0.000509766

0.00286016 0.000509766
0.00285954 0.000515625

0.00286406 0.000470104
0.00286419 0.00046875

0.00285954 0.000515625
0.0028589 0.000521484

0.0028589 0.000521484
0.00285825 0.000527344

0.0028582 0.000527768
0.00285759 0.000533203

0.00285759 0.000533203
0.00285691 0.000539062

0.0028582 0.000527767
0.00285825 0.000527344

0.00285691 0.000539062
0.00285622 0.000544922

0.00285622 0.000544922
0.00285552 0.000550781

0.00285552 0.000550781
0.0028548 0.000556641

0.0028548 0.000556641
0.00285406 0.0005625

0.00284062 0.000652527
0.00283997 0.00065625

0.00285234 0.000575748
0.00285177 0.000580078

0.00285177 0.000580078
0.00285097 0.000585937

0.00285406 0.0005625
0.00285331 0.000568359

0.00285331 0.000568359
0.00285255 0.000574219

0.00285234 0.000575747
0.00285255 0.000574219

0.00285097 0.000585937
0.00285015 0.000591797

0.00285015 0.000591797
0.00284932 0.000597656

0.00284932 0.000597656
0.00284847 0.000603516

0.00284847 0.000603516
0.00284761 0.000609375

0.00284648 0.000616776
0.00284582 0.000621094

0.00284761 0.000609375
0.00284672 0.000615234

0.00284648 0.000616775
0.00284672 0.000615234

0.00284582 0.000621094
0.00284489 0.000626953

0.00284489 0.000626953
0.00284395 0.000632812

0.00284395 0.000632812
0.00284299 0.000638672

0.00284299 0.000638672
0.002842 0.000644531

0.002842 0.000644531
0.002841 0.000650391

0.00284062 0.000652526
0.002841 0.000650391

0.00283997 0.00065625
0.00283892 0.000662109

0.00283892 0.000662109
0.00283785 0.000667969

0.00283785 0.000667969
0.00283676 0.000673828

0.00283676 0.000673828
0.00283564 0.000679687

0.00283477 0.000684156
0.00283449 0.000685547

0.00283449 0.000685547
0.00283332 0.000691406

0.00283477 0.000684154
0.00283564 0.000679687

0.00283332 0.000691406
0.00283213 0.000697266

0.00283213 0.000697266
0.00283091 0.000703125

0.00282891 0.000712467
0.00282839 0.000714844

0.00282839 0.000714844
0.00282709 0.000720703

0.00282709 0.000720703
0.00282575 0.000726562

0.00283091 0.000703125
0.00282966 0.000708984

0.00282891 0.000712465
0.00282966 0.000708984

0.00282305 0.000738102
0.002823 0.000738281

0.00282575 0.000726562
0.00282439 0.000732422

0.00282305 0.0007381
0.00282439 0.000732422

0.002823 0.000738281
0.00282158 0.000744141

0.00282158 0.000744141
0.00282013 0.00075

0.00293437 0.000439824
0.00293394 0.000445312

0.00293394 0.000445312
0.00293346 0.000451172

0.00293346 0.000451172
0.00293298 0.000457031

0.00293298 0.000457031
0.00293249 0.000462891

0.00293249 0.000462891
0.002932 0.00046875

0.00293915 0.000375
0.00293875 0.000380859

0.00293875 0.000380859
0.00293835 0.000386719

0.00293835 0.000386719
0.00293793 0.000392578

0.00293793 0.000392578
0.00293751 0.000398437

0.00293751 0.000398437
0.00293709 0.000404297

0.00293709 0.000404297
0.00293666 0.000410156

0.00293666 0.000410156
0.00293622 0.000416016

0.00293622 0.000416016
0.00293577 0.000421875

0.00293577 0.000421875
0.00293532 0.000427734

0.00293532 0.000427734
0.00293487 0.000433594

0.00293487 0.000433594
0.0029344 0.000439453

0.00293437 0.000439823
0.0029344 0.000439453

0.002932 0.00046875
0.0029315 0.000474609

0.0029315 0.000474609
0.002931 0.000480469

0.002931 0.000480469
0.00293049 0.000486328

0.00293049 0.000486328
0.00292997 0.000492187

0.00292997 0.000492187
0.00292945 0.000498047

0.00292945 0.000498047
0.00292892 0.000503906

0.00292852 0.000508419
0.00292839 0.000509766

0.00292839 0.000509766
0.00292786 0.000515625

0.00292852 0.000508418
0.00292892 0.000503906

0.00292786 0.000515625
0.00292731 0.000521484

0.00292731 0.000521484
0.00292677 0.000527344

0.00292677 0.000527344
0.00292622 0.000533203

0.00292622 0.000533203
0.00292566 0.000539062

0.00292566 0.000539062
0.0029251 0.000544922

0.0029251 0.000544922
0.00292453 0.000550781

0.00292453 0.000550781
0.00292396 0.000556641

0.00292396 0.000556641
0.00292339 0.0005625

0.00292266 0.000569888
0.00292223 0.000574219

0.00292223 0.000574219
0.00292164 0.000580078

0.00292164 0.000580078
0.00292105 0.000585937

0.00292339 0.0005625
0.00292281 0.000568359

0.00292266 0.000569887
0.00292281 0.000568359

0.00292105 0.000585937
0.00292046 0.000591797

0.00292046 0.000591797
0.00291986 0.000597656

0.00291986 0.000597656
0.00291926 0.000603516

0.00291926 0.000603516
0.00291866 0.000609375

0.00291866 0.000609375
0.00291806 0.000615234

0.00291806 0.000615234
0.00291745 0.000621094

0.0029168 0.000627436
0.00291624 0.000632812

0.00291745 0.000621094
0.00291685 0.000626953

0.0029168 0.000627435
0.00291685 0.000626953

0.00291624 0.000632812
0.00291563 0.000638672

0.00291563 0.000638672
0.00291502 0.000644531

0.00291502 0.000644531
0.00291441 0.000650391

0.00291441 0.000650391
0.00291379 0.00065625

0.00291094 0.000683651
0.00291074 0.000685547

0.00291074 0.000685547
0.00291014 0.000691406

0.00291013 0.000691406
0.00290953 0.000697266

0.00290953 0.000697266
0.00290893 0.000703125

0.00291379 0.00065625
0.00291318 0.000662109

0.00291318 0.000662109
0.00291257 0.000667969

0.00291257 0.000667969
0.00291196 0.000673828

0.00291196 0.000673828
0.00291135 0.000679687

0.00291094 0.00068365
0.00291135 0.000679687

0.00290893 0.000703125
0.00290833 0.000708984

0.00290833 0.000708984
0.00290773 0.000714844

0.00290773 0.000714844
0.00290714 0.000720703

0.00290714 0.000720703
0.00290655 0.000726562

0.00290655 0.000726562
0.00290597 0.000732422

0.00290597 0.000732422
0.00290539 0.000738281

0.00290508 0.00074147
0.00290482 0.000744141

0.00290482 0.000744141
0.00290425 0.00075

0.00290508 0.000741469
0.00290539 0.000738281

0.00279375 0.000839098
0.00279213 0.00084375

0.00279213 0.00084375
0.00279005 0.000849609

0.00279006 0.000849609
0.00278794 0.000855469

0.00278789 0.00085559
0.00278577 0.000861328

0.00278577 0.000861328
0.00278357 0.000867187

0.00278789 0.00085559
0.00278794 0.000855469

0.00278203 0.000871195
0.00278132 0.000873047

0.00278132 0.000873047
0.00277903 0.000878906

0.00277617 0.000886049
0.00277431 0.000890625

0.00277903 0.000878906
0.00277669 0.000884766

0.00277617 0.000886049
0.00277669 0.000884766

0.00278203 0.000871194
0.00278357 0.000867187

0.00277031 0.000900224
0.00276942 0.000902344

0.00276445 0.000913812
0.00276434 0.000914062

0.00276942 0.000902344
0.0027669 0.000908203

0.00276445 0.000913812
0.0027669 0.000908203

0.00275859 0.000926848
0.00275639 0.000931641

0.00275639 0.000931641
0.00275364 0.0009375

0.00276434 0.000914062
0.00276174 0.000919922

0.00276174 0.000919922
0.00275909 0.000925781

0.00275859 0.000926848
0.00275909 0.000925781

0.00277431 0.000890625
0.00277189 0.000896484

0.00277031 0.000900224
0.00277189 0.000896484

0.00281719 0.000761497
0.00281713 0.000761719

0.00281713 0.000761719
0.00281558 0.000767578

0.00281558 0.000767578
0.002814 0.000773437

0.00281133 0.00078302
0.00281073 0.000785156

0.002814 0.000773437
0.00281238 0.000779297

0.00281133 0.000783019
0.00281238 0.000779297

0.00281072 0.000785156
0.00280904 0.000791016

0.00280904 0.000791016
0.00280731 0.000796875

0.00282013 0.00075
0.00281865 0.000755859

0.00281719 0.000761495
0.00281865 0.000755859

0.00280547 0.000802997
0.00280375 0.000808594

0.00280375 0.000808594
0.00280191 0.000814453

0.00280191 0.000814453
0.00280004 0.000820312

0.00280731 0.000796875
0.00280555 0.000802734

0.00280547 0.000802996
0.00280555 0.000802734

0.00279961 0.000821618
0.00279812 0.000826172

0.00279812 0.000826172
0.00279616 0.000832031

0.00279961 0.000821617
0.00280004 0.000820312

0.00279616 0.000832031
0.00279417 0.000837891

0.00279375 0.000839098
0.00279417 0.000837891

0.00274687 0.000951532
0.00274513 0.000955078

0.00274513 0.000955078
0.0027422 0.000960937

0.00273516 0.000974643
0.00273313 0.000978516

0.00273313 0.000978516
0.00273001 0.000984375

0.00274102 0.000963265
0.00273922 0.000966797

0.00273922 0.000966797
0.0027362 0.000972656

0.00274102 0.000963265
0.0027422 0.000960937

0.00273516 0.000974642
0.0027362 0.000972656

0.00271758 0.00100693
0.00271708 0.00100781

0.00272344 0.000996453
0.00272038 0.00100195

0.00271758 0.00100693
0.00272038 0.00100195

0.00271172 0.00101715
0.00271034 0.00101953

0.00270586 0.00102715
0.00270343 0.00103125

0.00271034 0.00101953
0.00270691 0.00102539

0.00270586 0.00102715
0.00270691 0.00102539

0.00271708 0.00100781
0.00271373 0.00101367

0.00271172 0.00101715
0.00271373 0.00101367

0.0027293 0.000985695
0.00272685 0.000990234

0.00272685 0.000990234
0.00272364 0.000996094

0.0027293 0.000985695
0.00273001 0.000984375

0.00272344 0.000996453
0.00272364 0.000996094

0.00275273 0.000939406
0.00275085 0.000943359

0.00275085 0.000943359
0.00274801 0.000949219

0.00275273 0.000939406
0.00275364 0.0009375

0.00274687 0.000951531
0.00274801 0.000949219

0.0027 0.00103694
0.00270342 0.00103125

0.00290425 0.00075
0.00290369 0.000755859

0.00290369 0.000755859
0.00290313 0.000761719

0.00290313 0.000761719
0.00290259 0.000767578

0.00290259 0.000767578
0.00290205 0.000773437

0.00290205 0.000773437
0.00290151 0.000779297

0.00290151 0.000779297
0.00290099 0.000785156

0.00290099 0.000785156
0.00290048 0.000791016

0.00290048 0.000791016
0.00289997 0.000796875

0.00289922 0.000805801
0.00289899 0.000808594

0.00289899 0.000808594
0.00289851 0.000814453

0.00289851 0.000814453
0.00289805 0.000820312

0.00289997 0.000796875
0.00289947 0.000802734

0.00289922 0.0008058
0.00289947 0.000802734

0.00289805 0.000820312
0.00289759 0.000826172

0.00289759 0.000826172
0.00289715 0.000832031

0.00289715 0.000832031
0.00289672 0.000837891

0.00289672 0.000837891
0.0028963 0.00084375

0.0028963 0.00084375
0.00289589 0.000849609

0.00289589 0.000849609
0.0028955 0.000855469

0.0028955 0.000855469
0.00289512 0.000861328

0.00289512 0.000861328
0.00289475 0.000867187

0.00289475 0.000867187
0.00289439 0.000873047

0.00289439 0.000873047
0.00289405 0.000878906

0.00289405 0.000878906
0.00289373 0.000884766

0.00289373 0.000884766
0.00289342 0.000890625

0.00289336 0.00089174
0.00289312 0.000896484

0.00289312 0.000896484
0.00289284 0.000902344

0.00289336 0.00089174
0.00289342 0.000890625

0.00289284 0.000902344
0.00289257 0.000908203

0.00289257 0.000908203
0.00289232 0.000914062

0.00289232 0.000914062
0.00289208 0.000919922

0.00289208 0.000919922
0.00289186 0.000925781

0.00289186 0.000925781
0.00289166 0.000931641

0.00289166 0.000931641
0.00289147 0.0009375

0.00289147 0.0009375
0.00289129 0.000943359

0.00289129 0.000943359
0.00289114 0.000949219

0.00289114 0.000949219
0.002891 0.000955078

0.002891 0.000955078
0.00289087 0.000960937

0.00289087 0.000960937
0.00289076 0.000966797

0.00289076 0.000966797
0.00289067 0.000972656

0.00289067 0.000972656
0.0028906 0.000978516

0.0028906 0.000978516
0.00289054 0.000984375

0.00289054 0.000984375
0.0028905 0.000990234

0.0028905 0.000990234
0.00289047 0.000996094

0.00289047 0.000996094
0.00289046 0.00100195

0.00289046 0.00100195
0.00289047 0.00100781

0.00289047 0.00100781
0.00289049 0.00101367

0.00289049 0.00101367
0.00289054 0.00101953

0.00289054 0.00101953
0.00289059 0.00102539

0.00289059 0.00102539
0.00289067 0.00103125

0.00289067 0.00103125
0.00289076 0.00103711

0.00289076 0.00103711
0.00289086 0.00104297

0.00289086 0.00104297
0.00289099 0.00104883

0.00289099 0.00104883
0.00289113 0.00105469

0.00289113 0.00105469
0.00289128 0.00106055

0.00289128 0.00106055
0.00289145 0.00106641

0.00289145 0.00106641
0.00289164 0.00107227

0.00289164 0.00107227
0.00289184 0.00107812

0.00289184 0.00107812
0.00289206 0.00108398

0.00289206 0.00108398
0.00289229 0.00108984

0.00289229 0.00108984
0.00289254 0.0010957

0.00289254 0.0010957
0.00289281 0.00110156

0.00289281 0.00110156
0.00289309 0.00110742

0.00289309 0.00110742
0.00289336 0.00111289

0.00289336 0.00111289
0.00289338 0.00111328

0.00289338 0.00111328
0.00289369 0.00111914

0.00289369 0.00111914
0.00289401 0.001125

0.00289401 0.001125
0.00289435 0.00113086

0.00289435 0.00113086
0.0028947 0.00113672

0.0028947 0.00113672
0.00289506 0.00114258

0.00289506 0.00114258
0.00289544 0.00114844

0.00289544 0.00114844
0.00289583 0.0011543

0.00289583 0.0011543
0.00289623 0.00116016

0.00289623 0.00116016
0.00289664 0.00116602

0.00289664 0.00116602
0.00289707 0.00117187

0.00289707 0.00117187
0.00289751 0.00117773

0.00289751 0.00117773
0.00289796 0.00118359

0.00289796 0.00118359
0.00289842 0.00118945

0.00289842 0.00118945
0.00289889 0.00119531

0.00289889 0.00119531
0.00289922 0.00119927

0.00289922 0.00119927
0.00289938 0.00120117

0.00289938 0.00120117
0.00289987 0.00120703

0.00289987 0.00120703
0.00290037 0.00121289

0.00290037 0.00121289
0.00290088 0.00121875

0.00290088 0.00121875
0.0029014 0.00122461

0.0029014 0.00122461
0.00290193 0.00123047

0.00290193 0.00123047
0.00290246 0.00123633

0.00290246 0.00123633
0.00290301 0.00124219

0.00290301 0.00124219
0.00290356 0.00124805

0.00290356 0.00124805
0.00290411 0.00125391

0.00290411 0.00125391
0.00290468 0.00125977

0.00290468 0.00125977
0.00290508 0.0012639

0.00290508 0.0012639
0.00290525 0.00126562

0.00290525 0.00126563
0.00290582 0.00127148

0.00290582 0.00127148
0.0029064 0.00127734

0.0029064 0.00127734
0.00290698 0.0012832

0.00290698 0.0012832
0.00290756 0.00128906

0.00290756 0.00128906
0.00290815 0.00129492

0.00290815 0.00129492
0.00290874 0.00130078

0.00290874 0.00130078
0.00290933 0.00130664

0.00290933 0.00130664
0.00290993 0.0013125

0.00290993 0.0013125
0.00291052 0.00131836

0.00291052 0.00131836
0.00291094 0.00132244

0.00291094 0.00132243
0.00291112 0.00132422

0.00291112 0.00132422
0.00291171 0.00133008

0.00291171 0.00133008
0.0029123 0.00133594

0.0029123 0.00133594
0.00291289 0.0013418

0.00291289 0.0013418
0.00291348 0.00134766

0.00291348 0.00134766
0.00291407 0.00135352

0.00291407 0.00135352
0.00291465 0.00135937

0.00291465 0.00135937
0.00291522 0.00136523

0.00291522 0.00136523
0.00291579 0.00137109

0.00291579 0.00137109
0.00291636 0.00137695

0.00291636 0.00137695
0.0029168 0.00138151

0.0029168 0.00138151
0.00291692 0.00138281

0.00291692 0.00138281
0.00291748 0.00138867

0.00291747 0.00138867
0.00291802 0.00139453

0.00291802 0.00139453
0.00291855 0.00140039

0.00291855 0.00140039
0.00291908 0.00140625

0.00291908 0.00140625
0.00291959 0.00141211

0.00291959 0.00141211
0.0029201 0.00141797

0.0029201 0.00141797
0.00292059 0.00142383

0.00292059 0.00142383
0.00292107 0.00142969

0.00292108 0.00142969
0.00292154 0.00143555

0.00292154 0.00143555
0.002922 0.00144141

0.002922 0.00144141
0.00292244 0.00144727

0.00292244 0.00144727
0.00292266 0.00145025

0.00292266 0.00145024
0.00292287 0.00145312

0.00292287 0.00145312
0.00292328 0.00145898

0.00292328 0.00145898
0.00292367 0.00146484

0.00292367 0.00146484
0.00292404 0.0014707

0.00292404 0.0014707
0.0029244 0.00147656

0.0029244 0.00147656
0.00292474 0.00148242

0.00292474 0.00148242
0.00292505 0.00148828

0.00292505 0.00148828
0.00292535 0.00149414

0.00292535 0.00149414
0.00292563 0.0015

0.0028875 0.00182457
0.00288628 0.00182812

0.0028863 0.00182812
0.00288424 0.00183398

0.00288424 0.00183398
0.0028821 0.00183984

0.00288164 0.00184105
0.0028799 0.0018457

0.00287991 0.0018457
0.00287766 0.00185156

0.00288164 0.00184105
0.00288209 0.00183984

0.00287578 0.00185625
0.00287532 0.00185742

0.00287533 0.00185742
0.00287294 0.00186328

0.00286992 0.00187044
0.00286796 0.001875

0.00287295 0.00186328
0.00287049 0.00186914

0.00286992 0.00187044
0.00287048 0.00186914

0.00287578 0.00185628
0.00287765 0.00185156

0.00292563 0.0015
0.00292589 0.00150586

0.00292589 0.00150586
0.00292612 0.00151172

0.00292612 0.00151172
0.00292633 0.00151758

0.00292633 0.00151758
0.00292652 0.00152344

0.00292652 0.00152344
0.00292668 0.0015293

0.00292668 0.0015293
0.00292681 0.00153516

0.00292681 0.00153516
0.00292692 0.00154102

0.00292692 0.00154102
0.00292701 0.00154687

0.00292701 0.00154687
0.00292706 0.00155273

0.00292706 0.00155273
0.00292709 0.00155859

0.00292709 0.00155859
0.00292709 0.00156445

0.00292709 0.00156445
0.00292705 0.00157031

0.00292705 0.00157031
0.00292699 0.00157617

0.00292699 0.00157617
0.0029269 0.00158203

0.0029269 0.00158203
0.00292677 0.00158789

0.00292677 0.00158789
0.00292662 0.00159375

0.00292662 0.00159375
0.00292643 0.00159961

0.00292643 0.00159961
0.0029262 0.00160547

0.0029262 0.00160547
0.00292595 0.00161133

0.00292595 0.00161133
0.00292565 0.00161719

0.00292565 0.00161719
0.00292532 0.00162305

0.00292532 0.00162305
0.00292496 0.00162891

0.00292496 0.00162891
0.00292456 0.00163477

0.00292456 0.00163477
0.00292412 0.00164062

0.00292266 0.00165729
0.00292257 0.0016582

0.00292257 0.0016582
0.00292198 0.00166406

0.00292412 0.00164062
0.00292364 0.00164648

0.00292364 0.00164648
0.00292312 0.00165234

0.00292266 0.00165729
0.00292312 0.00165234

0.00292198 0.00166406
0.00292135 0.00166992

0.00292135 0.00166992
0.00292067 0.00167578

0.00292067 0.00167578
0.00291995 0.00168164

0.00291995 0.00168164
0.00291919 0.0016875

0.00291919 0.0016875
0.00291838 0.00169336

0.00291838 0.00169336
0.00291753 0.00169922

0.0029168 0.00170406
0.00291664 0.00170508

0.00291665 0.00170508
0.00291572 0.00171094

0.0029168 0.00170406
0.00291753 0.00169922

0.00291572 0.00171094
0.00291474 0.0017168

0.00291474 0.0017168
0.0029137 0.00172266

0.0029137 0.00172266
0.00291262 0.00172852

0.00291262 0.00172852
0.00291149 0.00173437

0.00291094 0.00173713
0.00291032 0.00174023

0.00291033 0.00174023
0.00290911 0.00174609

0.00290911 0.00174609
0.00290783 0.00175195

0.00290783 0.00175195
0.0029065 0.00175781

0.00290508 0.00176382
0.00290369 0.00176953

0.00290649 0.00175781
0.00290511 0.00176367

0.00290508 0.00176382
0.00290511 0.00176367

0.0029037 0.00176953
0.00290222 0.00177539

0.00290222 0.00177539
0.00290067 0.00178125

0.00291094 0.00173713
0.00291149 0.00173437

0.00289922 0.00178653
0.00289906 0.00178711

0.00289907 0.00178711
0.00289743 0.00179297

0.00289743 0.00179297
0.00289573 0.00179883

0.00289572 0.00179883
0.00289395 0.00180469

0.00289922 0.00178654
0.00290066 0.00178125

0.00289336 0.00180655
0.00289212 0.00181055

0.00289213 0.00181055
0.00289026 0.00181641

0.00289336 0.00180655
0.00289394 0.00180469

0.00289025 0.00181641
0.0028883 0.00182227

0.0028875 0.00182458
0.00288829 0.00182227

0.00274687 0.00206099
0.00274551 0.0020625

0.00279375 0.00200354
0.00279348 0.00200391

0.00278789 0.0020114
0.00278469 0.00201563

0.00279348 0.00200391
0.00278913 0.00200977

0.00278789 0.00201143
0.00278912 0.00200977

0.00277031 0.00203378
0.00276595 0.00203906

0.00275859 0.0020477
0.00275597 0.00205078

0.00275273 0.00205443
0.00275079 0.00205664

0.00274687 0.002061
0.00275078 0.00205664

0.00275273 0.00205446
0.00275592 0.00205078

0.00276445 0.00204083
0.00276101 0.00204492

0.00275859 0.00204774
0.00276098 0.00204492

0.00276445 0.00204085
0.00276594 0.00203906

0.00277617 0.00202652
0.00277552 0.00202734

0.00278203 0.00201904
0.00278017 0.00202148

0.00277617 0.00202652
0.00278016 0.00202148

0.00277552 0.00202734
0.00277079 0.0020332

0.00277031 0.00203378
0.00277078 0.0020332

0.00278203 0.00201907
0.00278469 0.00201562

0.00284062 0.00193033
0.00283882 0.00193359

0.00283477 0.0019407
0.00283209 0.00194531

0.00283882 0.00193359
0.0028355 0.00193945

0.00283477 0.00194071
0.0028355 0.00193945

0.00282891 0.00195065
0.0028286 0.00195117

0.00282861 0.00195117
0.00282504 0.00195703

0.00282305 0.00196023
0.00282139 0.00196289

0.0028214 0.00196289
0.00281767 0.00196875

0.00282305 0.00196024
0.00282504 0.00195703

0.00282891 0.00195067
0.00283209 0.00194531

0.00286406 0.00188373
0.0028627 0.00188672

0.0028582 0.00189628
0.00285717 0.00189844

0.00286272 0.00188672
0.00285999 0.00189258

0.0028582 0.0018963
0.00285998 0.00189258

0.00285234 0.00190818
0.00285135 0.00191016

0.00284648 0.00191951
0.00284523 0.00192187

0.00285136 0.00191016
0.00284834 0.00191602

0.00284648 0.00191953
0.00284834 0.00191602

0.00285718 0.00189844
0.00285431 0.0019043

0.00285234 0.0019082
0.00285431 0.0019043

0.00286797 0.001875
0.00286538 0.00188086

0.00286406 0.00188374
0.00286537 0.00188086

0.00284524 0.00192187
0.00284207 0.00192773

0.00284062 0.00193034
0.00284207 0.00192773

0.00280547 0.00198705
0.00280189 0.00199219

0.00281133 0.00197839
0.00280995 0.00198047

0.00281719 0.00196948
0.00281385 0.00197461

0.00281133 0.00197841
0.00281386 0.00197461

0.00280995 0.00198047
0.00280597 0.00198633

0.00280547 0.00198706
0.00280596 0.00198633

0.00279961 0.0019954
0.00279773 0.00199805

0.00279375 0.00200353
0.00279773 0.00199805

0.00279961 0.00199541
0.0028019 0.00199219

0.00281719 0.0019695
0.00281766 0.00196875

0.00272344 0.00208567
0.00272317 0.00208594

0.00271172 0.00209717
0.00271121 0.00209766

0.00270586 0.00210273
0.00270502 0.00210352

0.0027 0.00210819
0.00270505 0.00210352

0.00270586 0.00210276
0.00271124 0.00209766

0.00271758 0.00209149
0.00271726 0.0020918

0.00271172 0.0020972
0.00271729 0.0020918

0.00271758 0.00209151
0.00272319 0.00208594

0.00273516 0.00207362
0.00273459 0.00207422

0.0027293 0.00207972
0.00272895 0.00208008

0.00272344 0.00208569
0.00272896 0.00208008

0.0027293 0.00207973
0.0027346 0.00207422

0.00274102 0.00206738
0.00274011 0.00206836

0.00273516 0.00207364
0.00274012 0.00206836

0.00274102 0.00206739
0.00274551 0.0020625

