0.00445787 0
0.00445806 5.85937e-06

0.00445807 5.85938e-06
0.0044586 1.17187e-05

0.0044586 1.17187e-05
0.00445947 1.75781e-05

0.00445945 1.75781e-05
0.00446067 2.34375e-05

0.00446067 2.34375e-05
0.00446229 2.92969e-05

0.00446229 2.92969e-05
0.00446367 3.32836e-05

0.00446367 3.33367e-05
0.0044643 3.51562e-05

0.00446431 3.51562e-05
0.00446677 4.10156e-05

0.00446677 4.10156e-05
0.00446953 4.65243e-05

0.00446953 4.65374e-05
0.0044697 4.6875e-05

0.00446969 4.6875e-05
0.00447315 5.27344e-05

0.00447314 5.27344e-05
0.00447539 5.59856e-05

0.00447539 5.59976e-05
0.0044772 5.85937e-05

0.00447716 5.85937e-05
0.00448125 6.35182e-05

0.00448125 6.35576e-05
0.00448204 6.44531e-05

0.00448206 6.44531e-05
0.00448711 6.95842e-05

0.00448711 6.9627e-05
0.00448785 7.03125e-05

0.00448798 7.03125e-05
0.00449297 7.46383e-05

0.00449297 7.47811e-05
0.00449482 7.61719e-05

0.00449514 7.61719e-05
0.00449883 7.89229e-05

0.00449883 7.91114e-05
0.00450349 8.20312e-05

0.00450383 8.20312e-05
0.00450469 8.25515e-05

0.00450469 8.26181e-05
0.00451055 8.56908e-05

0.00451055 8.57955e-05
0.00451535 8.78906e-05

0.00451565 8.78906e-05
0.00451641 8.82189e-05

0.00451641 8.82545e-05
0.00452227 9.02764e-05

0.00452227 9.02836e-05
0.00452813 9.19096e-05

0.00452812 9.1905e-05
0.00453398 9.31297e-05

0.00453398 9.31727e-05
0.00453826 9.375e-05

0.00456328 9.32357e-05
0.00455919 9.375e-05

0.00456328 9.32562e-05
0.00456914 9.21307e-05

0.00456914 9.21362e-05
0.004575 9.06082e-05

0.00453909 9.375e-05
0.00453984 9.38524e-05

0.00453984 9.39043e-05
0.0045457 9.42925e-05

0.0045457 9.43054e-05
0.00455156 9.4339e-05

0.00455156 9.43404e-05
0.00455742 9.39909e-05

0.00455742 9.40293e-05
0.00455964 9.375e-05

0.004575 9.06133e-05
0.00458086 8.86619e-05

0.00458672 8.62368e-05
0.00458266 8.78906e-05

0.00458086 8.87427e-05
0.00458295 8.78906e-05

0.00459844 8.00154e-05
0.00459494 8.20312e-05

0.00458672 8.62919e-05
0.00459258 8.34444e-05

0.00459258 8.35568e-05
0.00459523 8.20312e-05

0.00461602 6.59555e-05
0.00461137 7.03125e-05

0.00462188 5.94059e-05
0.00461746 6.44531e-05

0.00461602 6.59798e-05
0.00461749 6.44531e-05

0.0046043 7.5863e-05
0.00460386 7.61719e-05

0.00459844 8.01419e-05
0.00460423 7.61719e-05

0.0046043 7.60967e-05
0.00461016 7.13906e-05

0.00461016 7.14392e-05
0.00461144 7.03125e-05

0.00464323 0
0.00464305 5.85937e-06

0.00464305 5.85938e-06
0.00464249 1.17187e-05

0.0046425 1.17187e-05
0.00464155 1.75781e-05

0.00464156 1.75781e-05
0.00464022 2.34375e-05

0.00463359 4.12325e-05
0.00463057 4.6875e-05

0.00463945 2.60313e-05
0.00463848 2.92969e-05

0.00463849 2.92969e-05
0.00463632 3.51562e-05

0.00463945 2.60395e-05
0.00464023 2.34375e-05

0.00463633 3.51562e-05
0.0046337 4.10156e-05

0.00463359 4.12351e-05
0.00463371 4.10156e-05

0.00462773 5.13671e-05
0.00462687 5.27344e-05

0.00462692 5.27344e-05
0.00462256 5.85937e-05

0.00462773 5.14171e-05
0.0046306 4.6875e-05

0.00462187 5.94453e-05
0.00462257 5.85937e-05

0.00534159 0
0.00534179 5.85937e-06

0.00534179 5.85938e-06
0.0053424 1.17187e-05

0.0053424 1.17187e-05
0.00534258 1.27409e-05

0.00534258 1.27974e-05
0.00534341 1.75781e-05

0.00534341 1.75781e-05
0.00534484 2.34375e-05

0.00534484 2.34375e-05
0.00534671 2.92969e-05

0.00534671 2.92969e-05
0.00534844 3.36523e-05

0.00534844 3.37007e-05
0.00534902 3.51562e-05

0.00534902 3.51562e-05
0.00535185 4.10156e-05

0.00535184 4.10156e-05
0.0053543 4.52747e-05

0.0053543 4.5335e-05
0.00535518 4.6875e-05

0.0053552 4.6875e-05
0.00535916 5.27344e-05

0.00535928 5.27344e-05
0.00536016 5.39145e-05

0.00536016 5.40583e-05
0.00536372 5.85937e-05

0.00536385 5.85937e-05
0.00536602 6.10844e-05

0.00536602 6.11985e-05
0.005369 6.44531e-05

0.00536917 6.44531e-05
0.00537187 6.71421e-05

0.00537187 6.73406e-05
0.00537515 7.03125e-05

0.00537537 7.03125e-05
0.00537773 7.23448e-05

0.00537773 7.25893e-05
0.00538236 7.61719e-05

0.0053828 7.61719e-05
0.00538359 7.67511e-05

0.00538359 7.69722e-05
0.00538945 8.0965e-05

0.00538945 8.1071e-05
0.005391 8.20312e-05

0.00539124 8.20312e-05
0.00539531 8.45599e-05

0.00539531 8.46564e-05
0.00540117 8.78478e-05

0.00540117 8.78533e-05
0.00540125 8.78906e-05

0.00540144 8.78906e-05
0.00540703 9.0565e-05

0.00540703 9.05998e-05
0.00541289 9.31239e-05

0.00541289 9.31797e-05
0.00541439 9.375e-05

0.00541468 9.375e-05
0.00541875 9.5296e-05

0.00542429 0
0.00542461 1.81549e-06

0.00542461 1.81785e-06
0.00542533 5.85937e-06

0.00542496 5.85938e-06
0.00542882 1.17187e-05

0.00542853 1.17187e-05
0.00543047 1.36356e-05

0.00543047 1.33339e-05
0.00543633 1.70984e-05

0.00543633 1.68183e-05
0.00544084 1.75781e-05

0.00544805 1.66171e-05
0.00544325 1.75781e-05

0.00544219 1.76677e-05
0.00544264 1.75781e-05

0.00544805 1.69663e-05
0.00545391 1.29138e-05

0.00545959 0
0.00545855 5.85937e-06

0.00545891 5.85938e-06
0.00545508 1.17187e-05

0.00545391 1.29941e-05
0.00545515 1.17187e-05

0.00541875 9.53243e-05
0.00542461 9.7305e-05

0.00542461 9.73081e-05
0.00543047 9.90419e-05

0.00543047 9.90744e-05
0.00543255 9.96094e-05

0.00543283 9.96094e-05
0.00543633 0.000100507

0.00543633 0.000100529
0.00544219 0.000101835

0.00544219 0.00010183
0.00544805 0.000102959

0.00544805 0.000102957
0.00545391 0.000103925

0.00545391 0.000103919
0.00545977 0.000104739

0.00545977 0.000104753
0.00546562 0.000105408

0.00546562 0.000105406
0.00546636 0.000105469

0.00546657 0.000105469
0.00547148 0.000105886

0.00547148 0.000105892
0.00547734 0.000106262

0.00547734 0.000106261
0.0054832 0.000106501

0.0054832 0.0001065
0.00548906 0.000106611

0.00548906 0.000106611
0.00549492 0.000106595

0.00549492 0.000106595
0.00550078 0.000106454

0.00550078 0.000106454
0.00550664 0.000106189

0.00550664 0.000106189
0.0055125 0.0001058

0.00557695 9.31355e-05
0.00557505 9.375e-05

0.00557695 9.31791e-05
0.00558281 9.1119e-05

0.00558281 9.11379e-05
0.00558867 8.88974e-05

0.00559453 8.64088e-05
0.00559101 8.78906e-05

0.00558867 8.89387e-05
0.00559116 8.78906e-05

0.00560625 8.07377e-05
0.0056037 8.20312e-05

0.00559453 8.64381e-05
0.00560039 8.37397e-05

0.00560039 8.37918e-05
0.00560386 8.20312e-05

0.00551836 0.00010527
0.00551609 0.000105469

0.00551836 0.000105278
0.00552422 0.000104658

0.0055125 0.000105809
0.00551638 0.000105469

0.00552422 0.000104667
0.00553008 0.000103937

0.00553008 0.000103937
0.00553594 0.000103078

0.00553594 0.000103079
0.0055418 0.000102089

0.0055418 0.000102088
0.00554766 0.000100965

0.00554766 0.000100971
0.00555352 9.97024e-05

0.00555937 9.82896e-05
0.00555384 9.96094e-05

0.00555352 9.97106e-05
0.00555394 9.96094e-05

0.00555937 9.83067e-05
0.00556523 9.67734e-05

0.00556523 9.67741e-05
0.00557109 9.5073e-05

0.00557109 9.5107e-05
0.00557531 9.375e-05

0.00565312 3.7823e-05
0.00565131 4.10156e-05

0.00565133 4.10156e-05
0.00564736 4.6875e-05

0.00562383 6.97919e-05
0.00562309 7.03125e-05

0.00562383 6.99056e-05
0.00562969 6.53293e-05

0.00560625 8.07812e-05
0.00561211 7.7506e-05

0.00561797 7.38969e-05
0.00561428 7.61719e-05

0.00561211 7.75537e-05
0.00561436 7.61719e-05

0.00561797 7.39607e-05
0.00562324 7.03125e-05

0.00564141 5.41137e-05
0.00563719 5.85937e-05

0.00563555 6.01661e-05
0.00563072 6.44531e-05

0.00562969 6.53434e-05
0.00563075 6.44531e-05

0.00563555 6.01673e-05
0.00563717 5.85937e-05

0.00564727 4.70149e-05
0.00564268 5.27344e-05

0.00564141 5.41545e-05
0.00564266 5.27344e-05

0.00564727 4.70186e-05
0.00564737 4.6875e-05

0.0056633 0
0.00566307 5.85937e-06

0.00566307 5.85938e-06
0.00566237 1.17187e-05

0.00566237 1.17187e-05
0.00566119 1.75781e-05

0.0056612 1.75781e-05
0.00565953 2.34375e-05

0.00565898 2.49173e-05
0.00565735 2.92969e-05

0.00565736 2.92969e-05
0.00565462 3.51562e-05

0.00565898 2.49115e-05
0.00565953 2.34375e-05

0.00565312 3.78108e-05
0.00565463 3.51562e-05

0.00582258 0
0.00582305 1.32088e-06

0.00582454 0
0.00582891 4.63461e-06

0.00582891 4.60565e-06
0.005834 0

0.00620597 0
0.00620977 2.04139e-06

0.00620977 2.32802e-06
0.00621122 0

0.00692809 0
0.00692823 5.85937e-06

0.00692823 5.85938e-06
0.00692866 1.17187e-05

0.00692866 1.17187e-05
0.00692939 1.75781e-05

0.00692939 1.75781e-05
0.00693042 2.34375e-05

0.00693042 2.34375e-05
0.00693047 2.36635e-05

0.00693047 2.36732e-05
0.00693175 2.92969e-05

0.00693174 2.92969e-05
0.00693339 3.51562e-05

0.00693338 3.51562e-05
0.00693534 4.10156e-05

0.00693535 4.10156e-05
0.00693633 4.35194e-05

0.00693633 4.35301e-05
0.00693764 4.6875e-05

0.00693764 4.6875e-05
0.00694029 5.27344e-05

0.00694029 5.27344e-05
0.00694219 5.64192e-05

0.00694219 5.64273e-05
0.00694331 5.85937e-05

0.0069433 5.85937e-05
0.00694672 6.44531e-05

0.00694673 6.44531e-05
0.00694805 6.64883e-05

0.00694805 6.64891e-05
0.00695056 7.03125e-05

0.00695055 7.03125e-05
0.00695391 7.48771e-05

0.00695391 7.4889e-05
0.00695486 7.61719e-05

0.00695485 7.61719e-05
0.00695966 8.20312e-05

0.00695972 8.20312e-05
0.00695977 8.20804e-05

0.00695977 8.21596e-05
0.00696502 8.78906e-05

0.00696511 8.78906e-05
0.00696562 8.84224e-05

0.00696562 8.85127e-05
0.00697101 9.375e-05

0.00697112 9.375e-05
0.00697148 9.40838e-05

0.00697148 9.41812e-05
0.00697734 9.92974e-05

0.00697734 9.93056e-05
0.00697772 9.96094e-05

0.00697778 9.96094e-05
0.0069832 0.000103901

0.0069832 0.00010395
0.00698531 0.000105469

0.00698544 0.000105469
0.00698906 0.000108098

0.00698906 0.000108181
0.00699382 0.000111328

0.00699403 0.000111328
0.00699492 0.0001119

0.00699492 0.000111983
0.00700078 0.000115528

0.00700078 0.000115599
0.00700362 0.000117187

0.00700383 0.000117187
0.00700664 0.000118765

0.00700664 0.000118813
0.0070125 0.000121828

0.0070125 0.000121876
0.00701498 0.000123047

0.00701516 0.000123047
0.00701836 0.000124558

0.00701836 0.000124576
0.00702422 0.000127142

0.00702422 0.000127189
0.00702849 0.000128906

0.00702873 0.000128906
0.00703008 0.000129449

0.00703008 0.000129483
0.00703594 0.000131647

0.00703594 0.000131663
0.0070418 0.000133678

0.0070418 0.000133709
0.00704518 0.000134766

0.00704541 0.000134766
0.00704766 0.000135468

0.00704766 0.00013549
0.00705352 0.00013717

0.00705352 0.000137171
0.00705937 0.000138742

0.00705937 0.000138757
0.00706523 0.000140185

0.00706523 0.000140199
0.00706717 0.000140625

0.00706738 0.000140625
0.00707109 0.000141442

0.00707109 0.000141453
0.00707695 0.000142643

0.00707695 0.000142643
0.00708281 0.000143745

0.00708281 0.000143745
0.00708867 0.000144755

0.00708867 0.000144751
0.00709453 0.000145677

0.00709453 0.000145689
0.00710018 0.000146484

0.00710024 0.000146484
0.00710039 0.000146506

0.00710039 0.000146493
0.00710625 0.000147231

0.00711861 0
0.007119 5.85937e-06

0.00711899 5.85938e-06
0.0071202 1.17187e-05

0.00712017 1.17187e-05
0.00712226 1.75781e-05

0.00712221 1.75781e-05
0.00712383 2.05956e-05

0.00712383 2.05974e-05
0.00712535 2.34375e-05

0.00712524 2.34375e-05
0.00712969 2.92308e-05

0.00712969 2.92331e-05
0.00712974 2.92969e-05

0.00712969 2.93154e-05
0.00713555 3.48336e-05

0.00713555 3.48671e-05
0.00713595 3.51562e-05

0.00713627 3.51562e-05
0.00714141 3.86371e-05

0.00714141 3.8698e-05
0.00714643 4.10156e-05

0.00714727 4.12408e-05
0.00715312 4.29154e-05

0.00715312 4.29399e-05
0.00715898 4.38031e-05

0.00715898 4.37904e-05
0.00716484 4.38184e-05

0.00716484 4.38123e-05
0.0071707 4.30425e-05

0.0071707 4.30922e-05
0.00717656 4.14375e-05

0.0072 2.14057e-05
0.00719891 2.34375e-05

0.00718828 3.48414e-05
0.00718783 3.51562e-05

0.00718242 3.88009e-05
0.00717744 4.10156e-05

0.00717656 4.14935e-05
0.00717764 4.10156e-05

0.00718242 3.89732e-05
0.00718828 3.51609e-05

0.00719414 2.97523e-05
0.00718837 3.51562e-05

0.00719902 2.34375e-05
0.00719453 2.92969e-05

0.00719414 2.97824e-05
0.00719458 2.92969e-05

0.00710625 0.000147236
0.00711211 0.000147921

0.00711211 0.000147922
0.00711797 0.000148546

0.00711797 0.000148546
0.00712383 0.000149106

0.00712383 0.000149106
0.00712969 0.000149603

0.00712969 0.000149603
0.00713555 0.000150038

0.00713555 0.000150038
0.00714141 0.000150413

0.00714141 0.000150413
0.00714727 0.000150731

0.00714727 0.000150731
0.00715312 0.000150993

0.00715312 0.000150993
0.00715898 0.000151199

0.00715898 0.000151199
0.00716484 0.000151347

0.00716484 0.000151348
0.0071707 0.000151436

0.0071707 0.000151437
0.00717656 0.000151462

0.00717656 0.000151463
0.00718242 0.00015142

0.00718242 0.000151421
0.00718828 0.000151306

0.00718828 0.000151307
0.00719414 0.000151113

0.00719414 0.000151115
0.0072 0.000150838

0.00606328 0.00187429
0.00606293 0.001875

0.00606914 0.00186274
0.00606885 0.00186328

0.006075 0.0018522
0.00607202 0.00185742

0.00606914 0.00186275
0.00607203 0.00185742

0.00606886 0.00186328
0.00606583 0.00186914

0.00606328 0.0018743
0.00606583 0.00186914

0.00605156 0.00190083
0.00605017 0.0019043

0.00605018 0.0019043
0.00604792 0.00191016

0.0060457 0.00191611
0.00604365 0.00192187

0.00604792 0.00191016
0.00604574 0.00191602

0.0060457 0.00191611
0.00604574 0.00191602

0.00606294 0.001875
0.00606017 0.00188086

0.00606017 0.00188086
0.00605752 0.00188672

0.00605742 0.00188693
0.00605497 0.00189258

0.00605498 0.00189258
0.00605253 0.00189844

0.00605742 0.00188693
0.00605751 0.00188672

0.00605156 0.00190083
0.00605252 0.00189844

0.00603984 0.00193309
0.00603968 0.00193359

0.00603968 0.00193359
0.00603781 0.00193945

0.00603781 0.00193945
0.006036 0.00194531

0.00604365 0.00192187
0.00604163 0.00192773

0.00603984 0.00193309
0.00604163 0.00192773

0.00603398 0.00195212
0.00603258 0.00195703

0.006036 0.00194531
0.00603426 0.00195117

0.00603398 0.00195212
0.00603425 0.00195117

0.00603258 0.00195703
0.00603097 0.00196289

0.00603097 0.00196289
0.00602941 0.00196875

0.00602812 0.00197378
0.00602791 0.00197461

0.00602791 0.00197461
0.00602648 0.00198047

0.00602648 0.00198047
0.0060251 0.00198633

0.0060251 0.00198633
0.00602378 0.00199219

0.00602227 0.00199921
0.00602129 0.00200391

0.00602378 0.00199219
0.00602251 0.00199805

0.00602227 0.00199921
0.00602251 0.00199805

0.00602129 0.00200391
0.00602013 0.00200977

0.00602013 0.00200977
0.00601903 0.00201563

0.00601641 0.00203076
0.00601601 0.0020332

0.00601601 0.0020332
0.0060151 0.00203906

0.00601903 0.00201562
0.00601797 0.00202148

0.00601797 0.00202148
0.00601696 0.00202734

0.00601641 0.00203076
0.00601696 0.00202734

0.0060151 0.00203906
0.00601424 0.00204492

0.00601424 0.00204492
0.00601342 0.00205078

0.00601342 0.00205078
0.00601265 0.00205664

0.00601265 0.00205664
0.00601192 0.0020625

0.00602812 0.00197378
0.00602941 0.00196875

0.00601192 0.0020625
0.00601123 0.00206836

0.00601123 0.00206836
0.00601058 0.00207422

0.00601055 0.00207457
0.00600997 0.00208008

0.00600997 0.00208008
0.00600938 0.00208594

0.00601055 0.00207457
0.00601058 0.00207422

0.00600938 0.00208594
0.00600883 0.0020918

0.00600883 0.0020918
0.0060083 0.00209766

0.0060083 0.00209766
0.0060078 0.00210352

0.0060078 0.00210352
0.00600732 0.00210937

0.00600469 0.00214454
0.00600426 0.00215039

0.00600426 0.00215039
0.00600383 0.00215625

0.00600732 0.00210937
0.00600686 0.00211523

0.00600686 0.00211523
0.00600641 0.00212109

0.00600641 0.00212109
0.00600597 0.00212695

0.00600597 0.00212695
0.00600554 0.00213281

0.00600554 0.00213281
0.00600511 0.00213867

0.00600469 0.00214453
0.00600511 0.00213867

0.00600383 0.00215625
0.00600339 0.00216211

0.00600339 0.00216211
0.00600294 0.00216797

0.00600294 0.00216797
0.00600248 0.00217383

0.00600248 0.00217383
0.00600201 0.00217969

0.00600201 0.00217969
0.00600153 0.00218555

0.00600153 0.00218555
0.00600104 0.00219141

0.00600104 0.00219141
0.00600055 0.00219727

0.00600055 0.00219727
0.00600005 0.00220312

0.00600005 0.00220312
0.00599954 0.00220898

0.00599954 0.00220898
0.00599904 0.00221484

0.00599883 0.00221738
0.00599855 0.0022207

0.00599855 0.0022207
0.00599806 0.00222656

0.00599883 0.00221738
0.00599904 0.00221484

0.00599806 0.00222656
0.00599759 0.00223242

0.00599759 0.00223242
0.00599714 0.00223828

0.00599714 0.00223828
0.00599672 0.00224414

0.00599672 0.00224414
0.00599634 0.00225

0.00613945 0.00178038
0.00613816 0.00178125

0.00613945 0.00178026
0.00614531 0.00177653

0.00615117 0.00177317
0.00614737 0.00177539

0.00614531 0.00177648
0.00614717 0.00177539

0.00615117 0.00177309
0.00615703 0.00177

0.00616289 0.00176729
0.00615816 0.00176953

0.00616289 0.00176725
0.00616875 0.00176474

0.00615703 0.00176998
0.00615798 0.00176953

0.00609258 0.00182551
0.00609064 0.00182812

0.00609844 0.00181806
0.00609505 0.00182227

0.00609258 0.00182554
0.00609505 0.00182227

0.00611602 0.00179906
0.00611032 0.00180469

0.00612187 0.00179373
0.00611627 0.00179883

0.00611602 0.00179906
0.00611626 0.00179883

0.0061043 0.00181119
0.00609977 0.00181641

0.00611016 0.00180487
0.00610484 0.00181055

0.0061043 0.00181118
0.00610486 0.00181055

0.00609844 0.00181806
0.00609979 0.00181641

0.00611016 0.00180487
0.00611033 0.00180469

0.00608672 0.00183366
0.0060865 0.00183398

0.00608649 0.00183398
0.00608257 0.00183984

0.00608086 0.00184253
0.00607885 0.0018457

0.00607887 0.0018457
0.00607537 0.00185156

0.00608086 0.00184254
0.00608257 0.00183984

0.00608672 0.00183365
0.00609063 0.00182812

0.006075 0.0018522
0.00607536 0.00185156

0.00612773 0.00178886
0.00612281 0.00179297

0.00613359 0.00178442
0.00613006 0.00178711

0.00612773 0.00178882
0.00612997 0.00178711

0.00612187 0.00179373
0.00612276 0.00179297

0.00613359 0.00178433
0.00613799 0.00178125

0.00619219 0.00175751
0.00619094 0.00175781

0.00617461 0.00176257
0.00617169 0.00176367

0.00616875 0.00176469
0.00617146 0.00176367

0.00617461 0.00176256
0.00618047 0.00176061

0.00618047 0.0017606
0.00618633 0.00175889

0.00618633 0.00175885
0.00619058 0.00175781

0.00619219 0.00175747
0.00619805 0.00175629

0.00619805 0.00175629
0.00620391 0.00175532

0.00620391 0.00175532
0.00620977 0.00175457

0.00620977 0.00175457
0.00621562 0.00175406

0.00621562 0.00175406
0.00622148 0.00175376

0.00622148 0.00175376
0.00622734 0.00175367

0.00622734 0.00175367
0.0062332 0.00175379

0.0062332 0.0017538
0.00623906 0.00175412

0.00623906 0.00175412
0.00624492 0.00175464

0.00624492 0.00175465
0.00625078 0.00175537

0.00625078 0.00175537
0.00625664 0.00175629

0.00625664 0.00175629
0.0062625 0.00175741

0.0062625 0.00175739
0.00626438 0.00175781

0.00626426 0.00175781
0.00626836 0.00175873

0.00626836 0.00175872
0.00627422 0.00176022

0.00627422 0.00176022
0.00628008 0.00176191

0.00628008 0.00176189
0.00628559 0.00176367

0.00628545 0.00176367
0.00628594 0.00176383

0.00628594 0.00176381
0.0062918 0.0017659

0.0062918 0.00176589
0.00629766 0.00176816

0.00629766 0.00176814
0.00630095 0.00176953

0.00630085 0.00176953
0.00630352 0.00177066

0.00630352 0.00177065
0.00630937 0.00177332

0.00630937 0.00177329
0.00631366 0.00177539

0.00631356 0.00177539
0.00631523 0.00177621

0.00631523 0.00177619
0.00632109 0.00177927

0.00632109 0.00177923
0.0063247 0.00178125

0.00632461 0.00178125
0.00632695 0.00178256

0.00632695 0.00178253
0.00633281 0.00178603

0.00633281 0.00178601
0.00633456 0.00178711

0.00633451 0.00178711
0.00633867 0.00178974

0.00633867 0.00178971
0.00634354 0.00179297

0.00634344 0.00179297
0.00634453 0.00179369

0.00634453 0.00179365
0.00635039 0.00179779

0.00635039 0.00179779
0.00635182 0.00179883

0.00635177 0.00179883
0.00635625 0.00180217

0.00635625 0.00180216
0.00635951 0.00180469

0.00635943 0.00180469
0.00636211 0.00180677

0.00636211 0.00180675
0.00636672 0.00181055

0.00636666 0.00181055
0.00636797 0.00181164

0.00636797 0.00181159
0.00637353 0.00181641

0.00637348 0.00181641
0.00637383 0.00181671

0.00637383 0.00181667
0.00637969 0.001822

0.00637969 0.001822
0.00637997 0.00182227

0.00637997 0.00182227
0.00638555 0.00182758

0.00638555 0.00182759
0.0063861 0.00182812

0.00638609 0.00182812
0.00639141 0.00183343

0.00639141 0.00183343
0.00639195 0.00183398

0.00639195 0.00183398
0.00639727 0.00183954

0.00639727 0.00183954
0.00639755 0.00183984

0.00639755 0.00183984
0.00640293 0.0018457

0.00640292 0.0018457
0.00640312 0.00184593

0.00640312 0.00184593
0.0064081 0.00185156

0.00640809 0.00185156
0.00640898 0.0018526

0.00640898 0.00185261
0.00641308 0.00185742

0.00641308 0.00185742
0.00641484 0.00185957

0.00641484 0.00185956
0.00641787 0.00186328

0.00641789 0.00186328
0.0064207 0.00186683

0.0064207 0.0018668
0.00642252 0.00186914

0.00642254 0.00186914
0.00642656 0.00187437

0.00642656 0.00187436
0.00642704 0.001875

0.00642705 0.001875
0.00643142 0.00188086

0.00643143 0.00188086
0.00643242 0.00188224

0.00643242 0.00188225
0.00643566 0.00188672

0.00643566 0.00188672
0.00643828 0.00189043

0.00643828 0.00189042
0.00643978 0.00189258

0.00643979 0.00189258
0.00644381 0.00189844

0.00644382 0.00189844
0.00644414 0.00189892

0.00644414 0.00189894
0.00644772 0.0019043

0.00644772 0.0019043
0.00645 0.00190779

0.00599634 0.00225
0.00599599 0.00225586

0.00599599 0.00225586
0.0059957 0.00226172

0.00599569 0.00226172
0.00599545 0.00226758

0.00599545 0.00226758
0.00599527 0.00227344

0.00599527 0.00227344
0.00599515 0.0022793

0.00599515 0.0022793
0.00599511 0.00228516

0.00599511 0.00228516
0.00599514 0.00229102

0.00599514 0.00229102
0.00599526 0.00229687

0.00599526 0.00229687
0.00599547 0.00230273

0.00599547 0.00230273
0.00599578 0.00230859

0.00599577 0.00230859
0.00599618 0.00231445

0.00599618 0.00231445
0.00599669 0.00232031

0.00599669 0.00232031
0.00599731 0.00232617

0.00599731 0.00232617
0.00599804 0.00233203

0.00599804 0.00233203
0.00599883 0.00233747

0.00599883 0.00233748
0.00599889 0.00233789

0.00599889 0.00233789
0.00599986 0.00234375

0.00599986 0.00234375
0.00600097 0.00234961

0.00600097 0.00234961
0.0060022 0.00235547

0.00600219 0.00235547
0.00600355 0.00236133

0.00600355 0.00236133
0.00600469 0.00236577

0.00600469 0.00236578
0.00600505 0.00236719

0.00600505 0.00236719
0.00600669 0.00237305

0.00600669 0.00237305
0.00600847 0.00237891

0.00600847 0.00237891
0.00601039 0.00238477

0.00601039 0.00238477
0.00601055 0.00238521

0.00601055 0.00238522
0.00601246 0.00239062

0.00601246 0.00239062
0.00601468 0.00239648

0.00601467 0.00239648
0.00601641 0.0024008

0.00601641 0.0024008
0.00601703 0.00240234

0.00601703 0.00240234
0.00601954 0.0024082

0.00601954 0.0024082
0.00602218 0.00241406

0.00602218 0.00241406
0.00602227 0.00241423

0.00602227 0.00241424
0.00602497 0.00241992

0.00602497 0.00241992
0.00602789 0.00242578

0.00602789 0.00242578
0.00602812 0.00242623

0.00602812 0.00242623
0.00603094 0.00243164

0.00603095 0.00243164
0.00603398 0.00243725

0.00603398 0.00243725
0.00603412 0.0024375

0.00603412 0.0024375
0.0060374 0.00244336

0.00603741 0.00244336
0.00603984 0.00244758

0.00603984 0.00244758
0.00604079 0.00244922

0.0060408 0.00244922
0.00604427 0.00245508

0.00604427 0.00245508
0.0060457 0.00245745

0.0060457 0.00245745
0.00604781 0.00246094

0.00604782 0.00246094
0.00605142 0.0024668

0.00605143 0.0024668
0.00605156 0.00246701

0.00605156 0.00246702
0.00605506 0.00247266

0.00605507 0.00247266
0.00605742 0.00247642

0.00605742 0.00247642
0.00605873 0.00247852

0.00605874 0.00247852
0.0060624 0.00248437

0.00606241 0.00248437
0.00606328 0.00248579

0.00606328 0.00248579
0.00606605 0.00249023

0.00606605 0.00249023
0.00606914 0.00249524

0.00606914 0.00249524
0.00606966 0.00249609

0.00606967 0.00249609
0.00607323 0.00250195

0.00607323 0.00250195
0.006075 0.00250492

0.006075 0.00250493
0.00607672 0.00250781

0.00607673 0.00250781
0.00608013 0.00251367

0.00608013 0.00251367
0.00608086 0.00251496

0.00608086 0.00251496
0.00608344 0.00251953

0.00608345 0.00251953
0.00608665 0.00252539

0.00608666 0.00252539
0.00608672 0.00252551

0.00608672 0.00252551
0.00608975 0.00253125

0.00608975 0.00253125
0.00609258 0.00253682

0.00609258 0.00253682
0.00609272 0.00253711

0.00609272 0.00253711
0.00609557 0.00254297

0.00609557 0.00254297
0.0060983 0.00254883

0.0060983 0.00254883
0.00609844 0.00254915

0.00609844 0.00254915
0.00610089 0.00255469

0.0061009 0.00255469
0.00610337 0.00256055

0.00610336 0.00256055
0.0061043 0.00256288

0.0061043 0.00256288
0.00610571 0.00256641

0.00610571 0.00256641
0.00610794 0.00257227

0.00610794 0.00257227
0.00611004 0.00257812

0.00611004 0.00257812
0.00611016 0.00257847

0.00611016 0.00257847
0.00611204 0.00258398

0.00611204 0.00258398
0.00611393 0.00258984

0.00611392 0.00258984
0.0061157 0.0025957

0.0061157 0.0025957
0.00611602 0.00259681

0.00611602 0.0025968
0.00611739 0.00260156

0.00611739 0.00260156
0.00611899 0.00260742

0.00611899 0.00260742
0.0061205 0.00261328

0.0061205 0.00261328
0.00612187 0.00261892

0.00612187 0.00261892
0.00612193 0.00261914

0.00612193 0.00261914
0.00612329 0.002625

0.0061233 0.002625
0.0061246 0.00263086

0.0061246 0.00263086
0.00612584 0.00263672

0.00612584 0.00263672
0.00612702 0.00264258

0.00612702 0.00264258
0.00612773 0.00264624

0.00612773 0.00264624
0.00612817 0.00264844

0.00612817 0.00264844
0.00612928 0.0026543

0.00612928 0.0026543
0.00613037 0.00266016

0.00613037 0.00266016
0.00613143 0.00266602

0.00613142 0.00266602
0.00613246 0.00267187

0.00613246 0.00267187
0.00613349 0.00267773

0.00613349 0.00267773
0.00613359 0.00267833

0.00613359 0.00267833
0.00613453 0.00268359

0.00613453 0.00268359
0.00613558 0.00268945

0.00613558 0.00268945
0.00613664 0.00269531

0.00613664 0.00269531
0.00613772 0.00270117

0.00613772 0.00270117
0.00613882 0.00270703

0.00613882 0.00270703
0.00613945 0.00271026

0.00613945 0.00271026
0.00613997 0.00271289

0.00613997 0.00271289
0.00614119 0.00271875

0.00614119 0.00271875
0.00614245 0.00272461

0.00614245 0.00272461
0.00614377 0.00273047

0.00614377 0.00273047
0.00614516 0.00273633

0.00614515 0.00273633
0.00614531 0.00273695

0.00614531 0.00273694
0.00614666 0.00274219

0.00614668 0.00274219
0.00614828 0.00274805

0.00614827 0.00274805
0.00614997 0.00275391

0.00614995 0.00275391
0.00615117 0.00275779

0.00615117 0.00275779
0.00615179 0.00275977

0.00615181 0.00275977
0.0061538 0.00276562

0.00615379 0.00276562
0.00615591 0.00277148

0.00615589 0.00277148
0.00615703 0.00277436

0.00615703 0.00277435
0.00615822 0.00277734

0.00615824 0.00277734
0.00616075 0.0027832

0.00616071 0.0027832
0.00616289 0.00278788

0.00616289 0.00278788
0.00616344 0.00278906

0.00616347 0.00278906
0.00616644 0.00279492

0.00616639 0.00279492
0.00616875 0.00279916

0.00616875 0.00279914
0.00616966 0.00280078

0.00616968 0.00280078
0.00617325 0.00280664

0.00617319 0.00280664
0.00617461 0.0028088

0.00617461 0.00280873
0.00617712 0.0028125

0.0061771 0.0028125
0.00618047 0.00281704

0.00618047 0.00281703
0.00618147 0.00281836

0.00618145 0.00281836
0.00618627 0.00282422

0.00618626 0.00282422
0.00618633 0.0028243

0.00618633 0.00282432
0.0061916 0.00283008

0.00619161 0.00283008
0.00619219 0.00283067

0.00619219 0.0028307
0.00619763 0.00283594

0.00619767 0.00283594
0.00619805 0.00283628

0.00619805 0.00283631
0.00620391 0.00284129

0.00620391 0.0028413
0.00620455 0.0028418

0.00620461 0.0028418
0.00620977 0.00284569

0.00620977 0.00284573
0.00621263 0.00284766

0.00621277 0.00284766
0.00621562 0.00284957

0.00621562 0.00284962
0.00622148 0.00285311

0.00622148 0.00285312
0.00622223 0.00285352

0.00622231 0.00285352
0.00622734 0.00285615

0.00622734 0.00285616
0.0062332 0.00285884

0.0062332 0.00285886
0.00623451 0.00285937

0.0062346 0.00285937
0.00623906 0.00286114

0.00623906 0.00286113
0.00624492 0.00286313

0.00624492 0.00286314
0.00625078 0.00286485

0.00625078 0.00286486
0.00625233 0.00286523

0.00625245 0.00286523
0.00625664 0.00286623

0.00625664 0.00286623
0.0062625 0.00286735

0.00643242 0.00280794
0.0064267 0.0028125

0.00643828 0.00280309
0.00643399 0.00280664

0.00643242 0.00280794
0.00643402 0.00280664

0.00644414 0.00279805
0.00644094 0.00280078

0.00645 0.00279279
0.00644763 0.00279492

0.00644414 0.00279803
0.00644768 0.00279492

0.00643828 0.00280307
0.006441 0.00280078

0.0062625 0.00286735
0.00626836 0.00286821

0.00626836 0.0028682
0.00627422 0.00286881

0.00627422 0.00286881
0.00628008 0.00286917

0.00628008 0.00286917
0.00628594 0.0028693

0.00628594 0.0028693
0.0062918 0.0028692

0.0062918 0.0028692
0.00629766 0.00286889

0.00629766 0.00286888
0.00630352 0.00286835

0.00630352 0.00286835
0.00630937 0.00286761

0.00634453 0.00285894
0.0063432 0.00285937

0.00634453 0.00285895
0.00635039 0.00285683

0.00635039 0.00285683
0.00635625 0.00285452

0.00630937 0.00286761
0.00631523 0.00286667

0.00631523 0.00286667
0.00632109 0.00286552

0.00632695 0.00286417
0.00632231 0.00286523

0.00632109 0.00286552
0.00632233 0.00286523

0.00632695 0.00286417
0.00633281 0.00286262

0.00633281 0.00286262
0.00633867 0.00286088

0.00633867 0.00286089
0.00634327 0.00285937

0.00636211 0.00285202
0.0063586 0.00285352

0.00635625 0.00285453
0.00635863 0.00285352

0.00636211 0.00285203
0.00636797 0.00284935

0.00637383 0.00284648
0.00637141 0.00284766

0.00637383 0.00284649
0.00637969 0.00284344

0.00636797 0.00284936
0.00637145 0.00284766

0.00639727 0.00283322
0.00639283 0.00283594

0.00640312 0.00282944
0.00640212 0.00283008

0.00639727 0.00283323
0.00640217 0.00283008

0.00638555 0.00284021
0.00638266 0.0028418

0.00637969 0.00284345
0.00638269 0.0028418

0.00638555 0.00284022
0.00639141 0.00283681

0.00639141 0.00283681
0.00639284 0.00283594

0.00641484 0.00282139
0.00641082 0.00282422

0.00640312 0.00282946
0.00640898 0.00282551

0.00640898 0.0028255
0.00641086 0.00282422

0.0064207 0.00281708
0.00641895 0.00281836

0.00641484 0.0028214
0.00641898 0.00281836

0.0064207 0.00281709
0.00642656 0.00281261

0.00642656 0.00281261
0.0064267 0.0028125

0.00645 0.00190779
0.00645154 0.00191016

0.00645154 0.00191016
0.00645526 0.00191602

0.00645527 0.00191602
0.00645586 0.00191697

0.00645586 0.00191698
0.0064589 0.00192187

0.0064589 0.00192187
0.00646172 0.00192652

0.00646172 0.00192652
0.00646245 0.00192773

0.00646245 0.00192773
0.00646593 0.00193359

0.00646593 0.00193359
0.00646758 0.00193643

0.00646758 0.00193644
0.00646933 0.00193945

0.00646932 0.00193945
0.00647265 0.00194531

0.00647266 0.00194531
0.00647344 0.00194672

0.00647344 0.00194673
0.00647591 0.00195117

0.00647591 0.00195117
0.0064791 0.00195703

0.0064791 0.00195703
0.0064793 0.00195739

0.0064793 0.00195741
0.00648222 0.00196289

0.00648222 0.00196289
0.00648516 0.0019685

0.00648516 0.0019685
0.00648529 0.00196875

0.00648528 0.00196875
0.00648828 0.00197461

0.00648829 0.00197461
0.00649102 0.00198005

0.00649102 0.00198005
0.00649123 0.00198047

0.00649122 0.00198047
0.0064941 0.00198633

0.00649411 0.00198633
0.00649687 0.00199206

0.00649687 0.00199206
0.00649694 0.00199219

0.00649693 0.00199219
0.0064997 0.00199805

0.0064997 0.00199805
0.00650242 0.00200391

0.00650243 0.00200391
0.00650273 0.00200459

0.00650273 0.0020046
0.00650508 0.00200977

0.00650508 0.00200977
0.00650769 0.00201563

0.0065077 0.00201562
0.00650859 0.00201768

0.00650859 0.00201769
0.00651025 0.00202148

0.00651024 0.00202148
0.00651275 0.00202734

0.00651276 0.00202734
0.00651445 0.00203138

0.00651445 0.00203139
0.00651521 0.0020332

0.0065152 0.0020332
0.0065176 0.00203906

0.00651761 0.00203906
0.00651997 0.00204492

0.00651997 0.00204492
0.00652031 0.00204579

0.00652031 0.0020458
0.00652227 0.00205078

0.00652226 0.00205078
0.00652452 0.00205664

0.00652453 0.00205664
0.00652617 0.00206099

0.00652617 0.00206099
0.00652674 0.0020625

0.00652673 0.0020625
0.00652889 0.00206836

0.00652889 0.00206836
0.006531 0.00207422

0.00653101 0.00207422
0.00653203 0.00207711

0.00653203 0.00207711
0.00653308 0.00208008

0.00653307 0.00208008
0.00653508 0.00208594

0.00653508 0.00208594
0.00653706 0.0020918

0.00653707 0.0020918
0.00653789 0.00209431

0.00653789 0.00209431
0.00653899 0.00209766

0.00653898 0.00209766
0.00654085 0.00210352

0.00654085 0.00210352
0.00654269 0.00210937

0.0065427 0.00210937
0.00654375 0.00211281

0.00654375 0.00211282
0.00654449 0.00211523

0.00654448 0.00211523
0.00654622 0.00212109

0.00654621 0.00212109
0.00654791 0.00212695

0.00654792 0.00212695
0.00654958 0.00213281

0.00654958 0.00213281
0.00654961 0.00213292

0.00654961 0.00213292
0.00655119 0.00213867

0.00655118 0.00213867
0.00655274 0.00214453

0.00655274 0.00214453
0.00655427 0.00215039

0.00655428 0.00215039
0.00655547 0.00215509

0.00655547 0.0021551
0.00655576 0.00215625

0.00655576 0.00215625
0.00655719 0.00216211

0.00655719 0.00216211
0.00655858 0.00216797

0.00655858 0.00216797
0.00655994 0.00217383

0.00655994 0.00217383
0.00656126 0.00217969

0.00656127 0.00217969
0.00656133 0.00217998

0.00656133 0.00217998
0.00656254 0.00218555

0.00656254 0.00218555
0.00656377 0.00219141

0.00656376 0.00219141
0.00656496 0.00219727

0.00656495 0.00219727
0.00656611 0.00220312

0.00656612 0.00220312
0.00656719 0.00220871

0.00656719 0.00220871
0.00656724 0.00220898

0.00656724 0.00220898
0.00656832 0.00221484

0.00656832 0.00221484
0.00656936 0.0022207

0.00656936 0.0022207
0.00657036 0.00222656

0.00657036 0.00222656
0.00657132 0.00223242

0.00657132 0.00223242
0.00657226 0.00223828

0.00657226 0.00223828
0.00657305 0.00224341

0.00657305 0.00224341
0.00657316 0.00224414

0.00657316 0.00224414
0.00657402 0.00225

0.00657402 0.00225
0.00657484 0.00225586

0.00657484 0.00225586
0.00657563 0.00226172

0.00657562 0.00226172
0.00657638 0.00226758

0.00657638 0.00226758
0.0065771 0.00227344

0.0065771 0.00227344
0.00657779 0.0022793

0.00657779 0.0022793
0.00657844 0.00228516

0.00657845 0.00228516
0.00657891 0.00228949

0.00657891 0.00228949
0.00657907 0.00229102

0.00657907 0.00229102
0.00657966 0.00229687

0.00657966 0.00229687
0.00658021 0.00230273

0.00658021 0.00230273
0.00658073 0.00230859

0.00658073 0.00230859
0.00658122 0.00231445

0.00658122 0.00231445
0.00658168 0.00232031

0.00658168 0.00232031
0.00658211 0.00232617

0.00658211 0.00232617
0.00658251 0.00233203

0.00658251 0.00233203
0.00658288 0.00233789

0.00658288 0.00233789
0.00658321 0.00234375

0.00658321 0.00234375
0.00658351 0.00234961

0.00658351 0.00234961
0.00658379 0.00235547

0.00658379 0.00235547
0.00658403 0.00236133

0.00658403 0.00236133
0.00658424 0.00236719

0.00658424 0.00236719
0.00658442 0.00237305

0.00658442 0.00237305
0.00658457 0.00237891

0.00658457 0.00237891
0.0065847 0.00238477

0.0065847 0.00238477
0.00658477 0.00238928

0.00658477 0.00238929
0.00658479 0.00239062

0.00658479 0.00239062
0.00658485 0.00239648

0.00658485 0.00239648
0.00658488 0.00240234

0.00658488 0.00240234
0.00658488 0.0024082

0.00658488 0.0024082
0.00658485 0.00241406

0.00658477 0.00242123
0.00658469 0.00242578

0.00658485 0.00241406
0.00658479 0.00241992

0.00658477 0.00242124
0.00658479 0.00241992

0.00658469 0.00242578
0.00658457 0.00243164

0.00658457 0.00243164
0.00658442 0.0024375

0.00658442 0.0024375
0.00658424 0.00244336

0.00658424 0.00244336
0.00658402 0.00244922

0.00658402 0.00244922
0.00658377 0.00245508

0.00658377 0.00245508
0.0065835 0.00246094

0.0065835 0.00246094
0.00658318 0.0024668

0.00658318 0.0024668
0.00658284 0.00247266

0.00658284 0.00247266
0.00658246 0.00247852

0.00658246 0.00247852
0.00658205 0.00248437

0.00658205 0.00248437
0.00658161 0.00249023

0.00658161 0.00249023
0.00658113 0.00249609

0.00658113 0.00249609
0.00658061 0.00250195

0.00658061 0.00250195
0.00658005 0.00250781

0.00657891 0.00251867
0.00657881 0.00251953

0.00657881 0.00251953
0.00657814 0.00252539

0.00657814 0.00252539
0.00657741 0.00253125

0.00658005 0.00250781
0.00657945 0.00251367

0.00657891 0.00251868
0.00657945 0.00251367

0.00657741 0.00253125
0.00657664 0.00253711

0.00657664 0.00253711
0.00657582 0.00254297

0.00657582 0.00254297
0.00657495 0.00254883

0.00657495 0.00254883
0.00657402 0.00255469

0.00657305 0.00256055
0.00657201 0.00256641

0.00657305 0.00256054
0.00657402 0.00255469

0.00657201 0.00256641
0.00657092 0.00257227

0.00657092 0.00257227
0.00656975 0.00257812

0.00656719 0.00259001
0.00656586 0.0025957

0.00656586 0.0025957
0.00656441 0.00260156

0.00656133 0.00261305
0.00656127 0.00261328

0.00656441 0.00260156
0.00656288 0.00260742

0.00656133 0.00261306
0.00656288 0.00260742

0.00656127 0.00261328
0.00655957 0.00261914

0.00655957 0.00261914
0.00655778 0.002625

0.00656975 0.00257812
0.00656852 0.00258398

0.00656852 0.00258398
0.00656723 0.00258984

0.00656719 0.00259001
0.00656723 0.00258984

0.00654375 0.00266292
0.00654241 0.00266602

0.00654241 0.00266602
0.00653977 0.00267187

0.00651445 0.00271755
0.00651369 0.00271875

0.00652031 0.00270828
0.00651746 0.00271289

0.00651445 0.00271755
0.00651746 0.00271289

0.00653203 0.00268756
0.00653105 0.00268945

0.00653105 0.00268945
0.00652787 0.00269531

0.00653789 0.00267584
0.00653699 0.00267773

0.00653699 0.00267773
0.00653409 0.00268359

0.00653789 0.00267584
0.00653977 0.00267187

0.00653203 0.00268756
0.00653409 0.00268359

0.00652617 0.00269831
0.00652455 0.00270117

0.00652455 0.00270117
0.00652108 0.00270703

0.00652617 0.00269831
0.00652787 0.00269531

0.00652031 0.00270829
0.00652108 0.00270703

0.0064793 0.00276324
0.00647717 0.00276562

0.00648516 0.00275654
0.00648241 0.00275977

0.0064793 0.00276328
0.00648237 0.00275977

0.00649102 0.00274955
0.00648742 0.00275391

0.00649687 0.00274221
0.00649225 0.00274805

0.00649102 0.00274957
0.00649224 0.00274805

0.00648516 0.00275658
0.0064874 0.00275391

0.00645586 0.00278734
0.00645402 0.00278906

0.00646172 0.00278168
0.00646016 0.0027832

0.00645586 0.00278735
0.0064602 0.0027832

0.00646758 0.00277579
0.00646605 0.00277734

0.00647344 0.00276965
0.00647172 0.00277148

0.00646758 0.00277582
0.00647171 0.00277148

0.00646172 0.0027817
0.00646607 0.00277734

0.00645 0.00279279
0.00645407 0.00278906

0.00647344 0.00276968
0.00647714 0.00276562

0.00650859 0.00272625
0.00650563 0.00273047

0.00650273 0.00273443
0.00650136 0.00273633

0.00650135 0.00273633
0.00649689 0.00274219

0.00650273 0.00273444
0.00650563 0.00273047

0.00651368 0.00271875
0.00650974 0.00272461

0.00650859 0.00272627
0.00650973 0.00272461

0.00649687 0.00274221
0.0064969 0.00274219

0.00655547 0.00263213
0.00655392 0.00263672

0.00655392 0.00263672
0.00655184 0.00264258

0.00655184 0.00264258
0.00654965 0.00264844

0.00655778 0.002625
0.0065559 0.00263086

0.00655547 0.00263213
0.0065559 0.00263086

0.00654961 0.00264854
0.00654735 0.0026543

0.00654735 0.0026543
0.00654494 0.00266016

0.00654961 0.00264854
0.00654965 0.00264844

0.00654375 0.00266292
0.00654494 0.00266016

0.00720567 0
0.00720527 5.85937e-06

0.00720529 5.85938e-06
0.00720408 1.17187e-05

0.00720411 1.17187e-05
0.00720201 1.75781e-05

0.0072 2.1417e-05
0.00720206 1.75781e-05

0.0072 0.000150839
0.00720586 0.000150471

0.00720586 0.000150473
0.00721172 0.000150007

0.00721172 0.000150008
0.00721758 0.000149436

0.00721758 0.000149438
0.00722344 0.00014875

0.00722344 0.000148753
0.0072293 0.000147938

0.0072293 0.000147939
0.00723516 0.000146991

0.00724102 0.00014589
0.00723782 0.000146484

0.00723516 0.000147011
0.00723799 0.000146484

0.00724102 0.000145905
0.00724687 0.000144675

0.00726445 0.000139967
0.00726224 0.000140625

0.00726445 0.000139995
0.00727031 0.000138056

0.00727031 0.000138065
0.00727617 0.000135925

0.00728203 0.000133536
0.00727899 0.000134766

0.00727617 0.000135954
0.00727911 0.000134766

0.00729375 0.000128039
0.00729198 0.000128906

0.00728203 0.000133556
0.00728789 0.000130947

0.00728789 0.000130985
0.00729213 0.000128906

0.00724687 0.000144682
0.00725273 0.000143295

0.00725273 0.000143294
0.00725859 0.000141735

0.00725859 0.000141762
0.00726241 0.000140625

0.00734062 9.13117e-05
0.00733854 9.375e-05

0.00737415 0
0.00737403 5.85937e-06

0.00737403 5.85938e-06
0.00737367 1.17187e-05

0.00737367 1.17187e-05
0.00737306 1.75781e-05

0.00737307 1.75781e-05
0.00737221 2.34375e-05

0.00736992 3.43703e-05
0.00736974 3.51562e-05

0.00737221 2.34375e-05
0.0073711 2.92969e-05

0.00736992 3.43678e-05
0.00737111 2.92969e-05

0.00736974 3.51562e-05
0.0073681 4.10156e-05

0.00736811 4.10156e-05
0.00736619 4.6875e-05

0.00736406 5.25365e-05
0.00736399 5.27344e-05

0.00736399 5.27344e-05
0.00736148 5.85937e-05

0.0073582 6.52622e-05
0.00735545 7.03125e-05

0.00736148 5.85937e-05
0.00735864 6.44531e-05

0.0073582 6.52633e-05
0.00735864 6.44531e-05

0.00735234 7.54258e-05
0.00735189 7.61719e-05

0.0073519 7.61719e-05
0.00734792 8.20312e-05

0.00734648 8.39355e-05
0.00734349 8.78906e-05

0.00734062 9.13461e-05
0.00734346 8.78906e-05

0.00734648 8.39785e-05
0.00734789 8.20312e-05

0.00735234 7.54267e-05
0.00735546 7.03125e-05

0.00736406 5.25338e-05
0.0073662 4.6875e-05

0.00731719 0.00011341
0.00731195 0.000117187

0.00729375 0.000128083
0.00729961 0.000124917

0.00730547 0.000121426
0.00730273 0.000123047

0.00729961 0.000124959
0.00730284 0.000123047

0.00730547 0.000121478
0.00731133 0.000117643

0.00731133 0.000117646
0.00731199 0.000117187

0.00732891 0.00010355
0.00732678 0.000105469

0.00732305 0.000108754
0.0073198 0.000111328

0.00731719 0.000113417
0.00731991 0.000111328

0.00732305 0.000108772
0.00732689 0.000105469

0.00733477 9.77982e-05
0.007333 9.96094e-05

0.00732891 0.000103609
0.00733305 9.96094e-05

0.00733477 9.78548e-05
0.00733853 9.375e-05

0.00859882 0
0.00859921 5.85937e-06

0.0085992 5.85938e-06
0.00860037 1.17187e-05

0.00860035 1.17187e-05
0.00860039 1.18227e-05

0.00860039 1.18241e-05
0.00860238 1.75781e-05

0.00860234 1.75781e-05
0.00860532 2.34375e-05

0.00860533 2.34375e-05
0.00860625 2.48627e-05

0.00860625 2.48632e-05
0.00860938 2.92969e-05

0.00860946 2.92969e-05
0.00861211 3.22896e-05

0.00861211 3.23885e-05
0.00861499 3.51562e-05

0.00861517 3.51562e-05
0.00861797 3.74956e-05

0.00861797 3.76956e-05
0.00862292 4.10156e-05

0.00862338 4.10156e-05
0.00862383 4.12918e-05

0.00862383 4.14407e-05
0.00862969 4.43525e-05

0.00862969 4.43896e-05
0.00863555 4.65063e-05

0.00863555 4.65313e-05
0.00863705 4.6875e-05

0.0086375 4.6875e-05
0.00864141 4.77716e-05

0.00864141 4.77926e-05
0.00864727 4.84785e-05

0.00864727 4.84791e-05
0.00865312 4.85247e-05

0.00866484 4.65113e-05
0.00866322 4.6875e-05

0.00866484 4.66251e-05
0.0086707 4.45847e-05

0.0086707 4.46805e-05
0.00867656 4.1783e-05

0.0087 9.98167e-06
0.00869967 1.17187e-05

0.00869968 1.17187e-05
0.00869774 1.75781e-05

0.00869778 1.75781e-05
0.00869491 2.34375e-05

0.00868828 3.23569e-05
0.00868547 3.51562e-05

0.00868242 3.77966e-05
0.00867773 4.10156e-05

0.00867656 4.18034e-05
0.00867782 4.10156e-05

0.00868242 3.78269e-05
0.00868556 3.51562e-05

0.00869414 2.46555e-05
0.00869097 2.92969e-05

0.00868828 3.24448e-05
0.00869098 2.92969e-05

0.00869414 2.47075e-05
0.00869494 2.34375e-05

0.00865312 4.85242e-05
0.00865898 4.79295e-05

0.00865898 4.8006e-05
0.00866404 4.6875e-05

0.00870115 0
0.00870078 5.85937e-06

0.0087 9.97895e-06
0.00870079 5.85938e-06

0.00883509 0
0.00883534 5.85937e-06

0.00883534 5.85938e-06
0.0088361 1.17187e-05

0.00883609 1.17187e-05
0.00883737 1.75781e-05

0.00883736 1.75781e-05
0.00883919 2.34375e-05

0.00883918 2.34375e-05
0.00884062 2.69313e-05

0.00884062 2.69315e-05
0.0088416 2.92969e-05

0.00884158 2.92969e-05
0.00884465 3.51562e-05

0.00884463 3.51562e-05
0.00884648 3.80335e-05

0.00884648 3.80251e-05
0.00884842 4.10156e-05

0.00884839 4.10156e-05
0.00885234 4.5996e-05

0.00885234 4.60149e-05
0.00885307 4.6875e-05

0.00885303 4.6875e-05
0.0088582 5.22517e-05

0.0088582 5.22558e-05
0.00885872 5.27344e-05

0.00885877 5.27344e-05
0.00886406 5.73006e-05

0.00886406 5.7342e-05
0.00886579 5.85937e-05

0.00886598 5.85937e-05
0.00886992 6.14335e-05

0.00886992 6.151e-05
0.00887483 6.44531e-05

0.00887515 6.44531e-05
0.00887578 6.48202e-05

0.00887578 6.49098e-05
0.00888164 6.7859e-05

0.00888164 6.79152e-05
0.00888739 7.03125e-05

0.00888757 7.03125e-05
0.00889336 7.22581e-05

0.00889336 7.2274e-05
0.00889922 7.38717e-05

0.00889922 7.38641e-05
0.00890508 7.50752e-05

0.00890508 7.50737e-05
0.00891094 7.59167e-05

0.00891094 7.59475e-05
0.00891366 7.61719e-05

0.00891453 7.61719e-05
0.0089168 7.63582e-05

0.0089168 7.63785e-05
0.00892266 7.65411e-05

0.00892266 7.65511e-05
0.00892852 7.64106e-05

0.00893437 7.59269e-05
0.00893126 7.61719e-05

0.00892852 7.64297e-05
0.0089318 7.61719e-05

0.00893437 7.59435e-05
0.00894023 7.5176e-05

0.00894023 7.51785e-05
0.00894609 7.41093e-05

0.00894609 7.41039e-05
0.00895195 7.27387e-05

0.00895195 7.27473e-05
0.00895781 7.10797e-05

0.00896367 6.90831e-05
0.00896002 7.03125e-05

0.00896367 6.90951e-05
0.00896953 6.68465e-05

0.00897539 6.42333e-05
0.00897489 6.44531e-05

0.00896953 6.68701e-05
0.00897508 6.44531e-05

0.00897539 6.4289e-05
0.00898125 6.14518e-05

0.00895781 7.1099e-05
0.00896015 7.03125e-05

0.00901055 4.3576e-05
0.00900553 4.6875e-05

0.00901641 3.98161e-05
0.00901448 4.10156e-05

0.00901055 4.35414e-05
0.00901458 4.10156e-05

0.00902812 3.41712e-05
0.00902569 3.51562e-05

0.00901641 3.97667e-05
0.00902227 3.65872e-05

0.00902227 3.64937e-05
0.00902558 3.51562e-05

0.00898711 5.82793e-05
0.00898652 5.85937e-05

0.00898711 5.83354e-05
0.00899297 5.49404e-05

0.00898125 6.14801e-05
0.00898668 5.85937e-05

0.00899883 5.12745e-05
0.00899647 5.27344e-05

0.00899297 5.49617e-05
0.00899657 5.27344e-05

0.00899883 5.12945e-05
0.00900469 4.7487e-05

0.00900469 4.74736e-05
0.00900562 4.6875e-05

0.00902812 3.41267e-05
0.00903398 3.27634e-05

0.00903398 3.28051e-05
0.00903984 3.24003e-05

0.00903984 3.24587e-05
0.0090457 3.28124e-05

0.0090457 3.28638e-05
0.00905156 3.37562e-05

0.00905156 3.37918e-05
0.00905742 3.50491e-05

0.00905742 3.50627e-05
0.00905781 3.51562e-05

0.00905753 3.51562e-05
0.00906328 3.65246e-05

0.00906328 3.6528e-05
0.00906914 3.78901e-05

0.00906914 3.78896e-05
0.009075 3.92078e-05

0.009075 3.92096e-05
0.00908086 4.04814e-05

0.00908086 4.04984e-05
0.0090834 4.10156e-05

0.00908342 4.10156e-05
0.00908672 4.16869e-05

0.00908672 4.1696e-05
0.00909258 4.27672e-05

0.00909258 4.27696e-05
0.00909844 4.37001e-05

0.00909844 4.36995e-05
0.0091043 4.44858e-05

0.0091043 4.44951e-05
0.00911016 4.512e-05

0.00911016 4.51307e-05
0.00911602 4.55542e-05

0.00911602 4.55616e-05
0.00912187 4.57476e-05

0.00912187 4.57509e-05
0.00912773 4.56781e-05

0.00912773 4.56772e-05
0.00913359 4.53408e-05

0.00913359 4.53348e-05
0.00913945 4.47487e-05

0.00913945 4.47375e-05
0.00914531 4.39361e-05

0.00914531 4.3925e-05
0.00915117 4.29532e-05

0.00915117 4.29481e-05
0.00915703 4.18384e-05

0.00916289 4.06028e-05
0.00916092 4.10156e-05

0.00915703 4.18345e-05
0.00916095 4.10156e-05

0.00916289 4.05937e-05
0.00916875 3.92907e-05

0.00916875 3.92881e-05
0.00917461 3.79389e-05

0.00917461 3.79423e-05
0.00918047 3.65453e-05

0.00918633 3.50798e-05
0.00918602 3.51562e-05

0.00918633 3.50416e-05
0.00919219 3.35544e-05

0.00918047 3.6556e-05
0.00918604 3.51562e-05

0.00919219 3.35109e-05
0.00919805 3.21789e-05

0.00919805 3.21167e-05
0.00920391 3.11511e-05

0.00920391 3.10576e-05
0.00920977 3.07702e-05

0.00920977 3.06952e-05
0.00921562 3.14229e-05

0.00923128 0
0.0092332 4.08036e-06

0.0092332 3.63891e-06
0.00923906 2.79919e-06

0.00921562 3.11096e-05
0.00922148 3.36288e-05

0.00922148 3.34317e-05
0.00922392 3.51562e-05

0.00922302 3.51562e-05
0.00922734 3.86788e-05

0.00922734 3.85882e-05
0.00922969 4.10156e-05

0.0092294 4.10156e-05
0.0092332 4.52849e-05

0.0092332 4.52118e-05
0.00923461 4.6875e-05

0.00923906 3.04854e-06
0.00924028 0

0.00923449 4.6875e-05
0.00923906 5.22033e-05

0.00923906 5.21951e-05
0.00923953 5.27344e-05

0.00923945 5.27344e-05
0.0092447 5.85937e-05

0.00924469 5.85937e-05
0.00924492 5.88459e-05

0.00924492 5.88752e-05
0.00925036 6.44531e-05

0.00925038 6.44531e-05
0.00925078 6.48493e-05

0.00925078 6.48911e-05
0.00925664 7.02697e-05

0.00925664 7.02631e-05
0.0092567 7.03125e-05

0.00925671 7.03125e-05
0.0092625 7.50186e-05

0.0092625 7.50439e-05
0.00926406 7.61719e-05

0.00926415 7.61719e-05
0.00926836 7.92055e-05

0.00926836 7.92616e-05
0.00927275 8.20312e-05

0.00927293 8.20312e-05
0.00927422 8.28253e-05

0.00927422 8.2892e-05
0.00928008 8.61129e-05

0.00928008 8.61694e-05
0.00928371 8.78906e-05

0.00928392 8.78906e-05
0.00928594 8.88466e-05

0.00928594 8.88852e-05
0.0092918 9.1239e-05

0.0092918 9.12491e-05
0.00929766 9.32101e-05

0.00929766 9.3243e-05
0.00929955 9.375e-05

0.00935625 9.25209e-05
0.00935215 9.375e-05

0.00929979 9.375e-05
0.00930352 9.47453e-05

0.00930352 9.47607e-05
0.00930937 9.5961e-05

0.00930937 9.59633e-05
0.00931523 9.68064e-05

0.00931523 9.68055e-05
0.00932109 9.72887e-05

0.00932109 9.72883e-05
0.00932695 9.74142e-05

0.00932695 9.74148e-05
0.00933281 9.71828e-05

0.00933281 9.71855e-05
0.00933867 9.6589e-05

0.00933867 9.65879e-05
0.00934453 9.56237e-05

0.00934453 9.56331e-05
0.00935039 9.42848e-05

0.00935039 9.43107e-05
0.00935226 9.375e-05

0.00935625 9.25313e-05
0.00936211 9.03654e-05

0.00936797 8.76531e-05
0.00936744 8.78906e-05

0.00936211 9.04034e-05
0.00936769 8.78906e-05

0.00937969 8.08892e-05
0.00937787 8.20312e-05

0.00936797 8.77454e-05
0.00937383 8.46069e-05

0.00937383 8.46701e-05
0.00937803 8.20312e-05

0.00940312 5.83918e-05
0.00940298 5.85937e-05

0.00939727 6.55546e-05
0.00939273 7.03125e-05

0.00940301 5.85937e-05
0.00939827 6.44531e-05

0.00939727 6.55889e-05
0.00939827 6.44531e-05

0.00937969 8.09886e-05
0.00938555 7.66505e-05

0.00939141 7.15736e-05
0.00938613 7.61719e-05

0.00938555 7.66531e-05
0.00938614 7.61719e-05

0.00939141 7.1574e-05
0.00939273 7.03125e-05

0.00942232 0
0.00942214 5.85937e-06

0.00942214 5.85938e-06
0.00942162 1.17187e-05

0.0094207 1.77589e-05
0.00941949 2.34375e-05

0.00942162 1.17187e-05
0.00942074 1.75781e-05

0.0094207 1.77583e-05
0.00942074 1.75781e-05

0.00941484 3.75346e-05
0.00941338 4.10156e-05

0.00941339 4.10156e-05
0.00941045 4.6875e-05

0.0094195 2.34375e-05
0.00941786 2.92969e-05

0.00941787 2.92969e-05
0.00941584 3.51562e-05

0.00941484 3.7531e-05
0.00941584 3.51562e-05

0.00940898 4.93907e-05
0.00940701 5.27344e-05

0.00940312 5.83852e-05
0.00940703 5.27344e-05

0.00940898 4.93861e-05
0.00941047 4.6875e-05

0.00969307 0
0.00969334 5.85937e-06

0.00969333 5.85938e-06
0.00969415 1.17187e-05

0.00969414 1.17187e-05
0.00969553 1.75781e-05

0.00969551 1.75781e-05
0.00969609 1.92833e-05

0.00969609 1.92824e-05
0.00969751 2.34375e-05

0.00969749 2.34375e-05
0.00970016 2.92969e-05

0.00970013 2.92969e-05
0.00970195 3.2381e-05

0.00970195 3.23797e-05
0.00970359 3.51562e-05

0.00970354 3.51562e-05
0.00970781 4.08077e-05

0.00970781 4.08153e-05
0.00970798 4.10156e-05

0.00970789 4.10156e-05
0.00971356 4.6875e-05

0.00971367 4.69342e-05
0.00971953 5.16886e-05

0.00971953 5.17455e-05
0.00972109 5.27344e-05

0.00972139 5.27344e-05
0.00972539 5.52781e-05

0.00972539 5.53278e-05
0.00973125 5.81808e-05

0.00973125 5.82112e-05
0.00973232 5.85937e-05

0.00973261 5.85937e-05
0.00973711 6.02054e-05

0.00973711 6.02179e-05
0.00974297 6.16791e-05

0.00974297 6.16759e-05
0.00974883 6.25251e-05

0.00974883 6.25182e-05
0.00975469 6.27756e-05

0.00975469 6.2777e-05
0.00976055 6.24535e-05

0.00976055 6.24544e-05
0.00976641 6.15456e-05

0.00977812 5.77645e-05
0.00977591 5.85937e-05

0.00976641 6.1556e-05
0.00977227 6.00392e-05

0.00977227 6.01188e-05
0.00977633 5.85937e-05

0.0097957 4.61448e-05
0.00979491 4.6875e-05

0.00980156 3.98339e-05
0.00980063 4.10156e-05

0.0097957 4.63003e-05
0.0098007 4.10156e-05

0.00981328 1.66671e-05
0.00981307 1.75781e-05

0.00981308 1.75781e-05
0.00981109 2.34375e-05

0.00981551 0
0.00981525 5.85937e-06

0.00981525 5.85938e-06
0.00981444 1.17187e-05

0.00981328 1.66643e-05
0.00981445 1.17187e-05

0.00980742 3.10863e-05
0.00980502 3.51562e-05

0.00981111 2.34375e-05
0.00980844 2.92969e-05

0.00980742 3.10967e-05
0.00980847 2.92969e-05

0.00980156 3.98318e-05
0.00980507 3.51562e-05

0.00977812 5.7876e-05
0.00978398 5.49294e-05

0.00978984 5.10832e-05
0.00978731 5.27344e-05

0.00978398 5.50316e-05
0.00978753 5.27344e-05

0.00978984 5.12427e-05
0.00979506 4.6875e-05

0.00916289 0.00534245
0.00916247 0.00534375

0.00916875 0.00533444
0.0091644 0.00533789

0.00916289 0.00534146
0.00916478 0.00533789

0.00916252 0.00534375
0.00916289 0.0053447

0.00916289 0.00534577
0.00916534 0.00534961

0.00916538 0.00534961
0.00916875 0.00535214

0.00916875 0.00533433
0.00917461 0.00533452

0.00917461 0.00533426
0.00917903 0.00533789

0.00917802 0.00533789
0.00918047 0.00534288

0.00918047 0.00534261
0.0091808 0.00534375

0.00916875 0.00535248
0.00917461 0.00535269

0.00918047 0.00534464
0.00917774 0.00534961

0.00917461 0.00535303
0.00917906 0.00534961

0.00918047 0.0053449
0.00918082 0.00534375

0.0107573 0
0.0107575 5.85937e-06

0.0107575 5.85938e-06
0.0107579 1.17187e-05

0.0107579 1.17187e-05
0.0107586 1.75781e-05

0.0107586 1.75781e-05
0.0107597 2.34375e-05

0.0107597 2.34375e-05
0.010761 2.92969e-05

0.010761 2.92969e-05
0.0107625 3.47412e-05

0.0107625 3.47413e-05
0.0107626 3.51562e-05

0.0107626 3.51562e-05
0.0107646 4.10156e-05

0.0107646 4.10156e-05
0.0107669 4.6875e-05

0.0107669 4.6875e-05
0.0107684 5.01358e-05

0.0107684 5.01358e-05
0.0107695 5.27344e-05

0.0107695 5.27344e-05
0.0107726 5.85937e-05

0.0107726 5.85937e-05
0.0107742 6.1356e-05

0.0107742 6.13557e-05
0.0107761 6.44531e-05

0.010776 6.44531e-05
0.01078 7.03125e-05

0.01078 7.03125e-05
0.0107801 7.04081e-05

0.0107801 7.047e-05
0.0107844 7.61719e-05

0.0107844 7.61719e-05
0.0107859 7.79884e-05

0.0107859 7.80046e-05
0.0107894 8.20312e-05

0.0107895 8.20312e-05
0.0107918 8.45364e-05

0.0107918 8.45846e-05
0.0107951 8.78906e-05

0.0107951 8.78906e-05
0.0107977 9.02695e-05

0.0107977 9.03484e-05
0.0108016 9.375e-05

0.0108016 9.375e-05
0.0108035 9.53137e-05

0.0108035 9.53984e-05
0.010809 9.96094e-05

0.0108091 9.96094e-05
0.0108094 9.97816e-05

0.0108094 9.98553e-05
0.0108152 0.00010385

0.0108152 0.00010389
0.0108178 0.000105469

0.010818 0.000105469
0.0108211 0.000107377

0.0108211 0.000107416
0.010827 0.000110578

0.010827 0.000110599
0.0108285 0.000111328

0.0108286 0.000111328
0.0108328 0.000113335

0.0108328 0.000113346
0.0108387 0.000115813

0.0108387 0.000115845
0.0108424 0.000117187

0.0108425 0.000117187
0.0108445 0.000117912

0.0108445 0.000117942
0.0108504 0.000119769

0.0108504 0.000119769
0.0108562 0.000121315

0.0108703 0
0.0108711 5.85937e-06

0.010871 5.85938e-06
0.0108737 1.17187e-05

0.0108737 1.17187e-05
0.0108738 1.19262e-05

0.0108738 1.24366e-05
0.0108787 1.75781e-05

0.0108794 1.75781e-05
0.0108797 1.77622e-05

0.0108797 1.79878e-05
0.0108855 2.11416e-05

0.0108855 2.11045e-05
0.0108914 2.23565e-05

0.0108914 2.23001e-05
0.0108973 2.18375e-05

0.0108973 2.19572e-05
0.0109031 1.96532e-05

0.0109147 0
0.0109139 5.85937e-06

0.010914 5.85938e-06
0.0109114 1.17187e-05

0.010909 1.48408e-05
0.010906 1.75781e-05

0.0109031 1.97673e-05
0.0109062 1.75781e-05

0.010909 1.50326e-05
0.0109115 1.17187e-05

0.0108562 0.000121315
0.0108621 0.000122579

0.0108621 0.0001226
0.0108648 0.000123047

0.010865 0.000123047
0.010868 0.000123542

0.010868 0.000123558
0.0108738 0.000124285

0.0108738 0.000124289
0.0108797 0.000124759

0.0108797 0.000124758
0.0108855 0.000124966

0.0108855 0.000124965
0.0108914 0.000124913

0.0108914 0.000124913
0.0108973 0.000124603

0.0108973 0.000124598
0.0109031 0.000124038

0.0109031 0.000124053
0.010909 0.000123225

0.0109148 0.000122104
0.0109099 0.000123047

0.010909 0.000123237
0.01091 0.000123047

0.0109148 0.000122109
0.0109207 0.000120726

0.0109207 0.000120725
0.0109266 0.00011907

0.0109324 0.000117048
0.010932 0.000117187

0.0109324 0.00011711
0.0109383 0.00011483

0.0109383 0.00011485
0.0109441 0.000112245

0.01095 0.000109267
0.0109459 0.000111328

0.0109441 0.000112268
0.010946 0.000111328

0.0109266 0.000119094
0.0109323 0.000117187

0.0109734 9.30279e-05
0.0109726 9.375e-05

0.0109969 6.59147e-05
0.010994 7.03125e-05

0.0109852 8.14662e-05
0.0109847 8.20312e-05

0.0109793 8.76281e-05
0.010979 8.78906e-05

0.0109734 9.31416e-05
0.0109791 8.78906e-05

0.0109793 8.76932e-05
0.0109847 8.20312e-05

0.010991 7.43022e-05
0.0109896 7.61719e-05

0.0109852 8.14797e-05
0.0109896 7.61719e-05

0.010991 7.43009e-05
0.010994 7.03125e-05

0.0110162 0
0.011016 5.85937e-06

0.011016 5.85938e-06
0.0110156 1.17187e-05

0.0110145 2.01815e-05
0.0110139 2.34375e-05

0.0110156 1.17187e-05
0.0110149 1.75781e-05

0.0110145 2.01796e-05
0.0110149 1.75781e-05

0.0110086 4.23019e-05
0.0110068 4.6875e-05

0.0110139 2.34375e-05
0.0110126 2.92969e-05

0.0110126 2.92969e-05
0.011011 3.51562e-05

0.011011 3.51562e-05
0.0110091 4.10156e-05

0.0110086 4.23005e-05
0.0110091 4.10156e-05

0.0110027 5.56527e-05
0.0110012 5.85937e-05

0.0110068 4.6875e-05
0.0110042 5.27344e-05

0.0110027 5.56495e-05
0.0110042 5.27344e-05

0.0110012 5.85937e-05
0.0109978 6.44531e-05

0.0109969 6.59343e-05
0.0109978 6.44531e-05

0.0109617 0.000102144
0.0109566 0.000105469

0.01095 0.000109295
0.0109559 0.000105935

0.0109559 0.000105934
0.0109566 0.000105469

0.0109676 9.78719e-05
0.0109652 9.96094e-05

0.0109617 0.000102179
0.0109653 9.96094e-05

0.0109676 9.79389e-05
0.0109727 9.375e-05

0.012452 0
0.0124522 5.85937e-06

0.0124522 5.85938e-06
0.0124528 1.17187e-05

0.0124528 1.17187e-05
0.0124538 1.75781e-05

0.0124538 1.75781e-05
0.0124553 2.34375e-05

0.0124553 2.34375e-05
0.0124559 2.5227e-05

0.0124559 2.52235e-05
0.0124572 2.92969e-05

0.0124572 2.92969e-05
0.0124596 3.51562e-05

0.0124596 3.51562e-05
0.0124617 3.91364e-05

0.0124617 3.91343e-05
0.0124627 4.10156e-05

0.0124627 4.10156e-05
0.0124665 4.6875e-05

0.0124666 4.6875e-05
0.0124676 4.82036e-05

0.0124676 4.82502e-05
0.0124713 5.27344e-05

0.0124714 5.27344e-05
0.0124734 5.48399e-05

0.0124734 5.49936e-05
0.0124775 5.85937e-05

0.0124777 5.85937e-05
0.0124793 5.98314e-05

0.0124793 6.00133e-05
0.0124852 6.39351e-05

0.0124852 6.397e-05
0.0124861 6.44531e-05

0.0124864 6.44531e-05
0.012491 6.67939e-05

0.012491 6.67844e-05
0.0124969 6.89501e-05

0.0124969 6.90101e-05
0.0125026 7.03125e-05

0.0125203 6.99967e-05
0.0125179 7.03125e-05

0.0125035 7.03125e-05
0.0125086 7.08099e-05

0.0125086 7.08429e-05
0.0125145 7.08091e-05

0.0125145 7.0879e-05
0.0125189 7.03125e-05

0.0125203 7.00609e-05
0.0125262 6.85841e-05

0.0125262 6.86286e-05
0.012532 6.63835e-05

0.0125379 6.31571e-05
0.0125355 6.44531e-05

0.012532 6.64721e-05
0.0125358 6.44531e-05

0.0125379 6.33159e-05
0.0125437 5.90548e-05

0.0125672 1.67003e-05
0.012567 1.75781e-05

0.0125671 1.75781e-05
0.0125657 2.34375e-05

0.0125555 4.60022e-05
0.0125549 4.6875e-05

0.0125657 2.34375e-05
0.0125639 2.92969e-05

0.0125639 2.92969e-05
0.0125615 3.51562e-05

0.0125613 3.5601e-05
0.0125586 4.10156e-05

0.0125555 4.60019e-05
0.0125586 4.10156e-05

0.0125613 3.56033e-05
0.0125616 3.51562e-05

0.0125687 0
0.0125686 5.85937e-06

0.0125686 5.85938e-06
0.012568 1.17187e-05

0.0125672 1.67006e-05
0.012568 1.17187e-05

0.0125496 5.35047e-05
0.0125443 5.85937e-05

0.012555 4.6875e-05
0.0125503 5.27344e-05

0.0125496 5.35053e-05
0.0125503 5.27344e-05

0.0125437 5.90477e-05
0.0125443 5.85937e-05

