0.00255938 0.00147445
0.00255757 0.00147656

0.00254766 0.00148818
0.00254757 0.00148828

0.0025418 0.00149509
0.00253768 0.0015

0.00254754 0.00148828
0.00254259 0.00149414

0.0025418 0.00149509
0.00254259 0.00149414

0.00255352 0.00148129
0.00255255 0.00148242

0.00254766 0.00148815
0.00255253 0.00148242

0.00255352 0.00148127
0.00255755 0.00147656

0.00258281 0.00144763
0.00257795 0.00145312

0.00260039 0.00142798
0.00259886 0.00142969

0.00260625 0.00142149
0.00260415 0.00142383

0.00260039 0.00142798
0.00260411 0.00142383

0.00258867 0.00144106
0.00258836 0.00144141

0.00259453 0.0014345
0.00259359 0.00143555

0.00258867 0.00144103
0.00259357 0.00143555

0.00258834 0.00144141
0.00258313 0.00144727

0.00258281 0.00144763
0.00258313 0.00144727

0.00259453 0.00143448
0.00259883 0.00142969

0.00257109 0.00146093
0.00256771 0.00146484

0.00256523 0.00146766
0.00256263 0.0014707

0.00255937 0.00147446
0.00256258 0.0014707

0.00256523 0.00146768
0.00256767 0.00146484

0.00257695 0.00145426
0.00257281 0.00145898

0.00257109 0.00146094
0.0025728 0.00145898

0.00257695 0.00145426
0.00257795 0.00145312

0.00262383 0.00140222
0.00262017 0.00140625

0.00262969 0.00139587
0.00262554 0.00140039

0.00262383 0.00140224
0.00262552 0.00140039

0.00265312 0.0013707
0.00265276 0.00137109

0.00264726 0.00137695
0.0026418 0.00138281

0.00264727 0.00137695
0.00265274 0.00137109

0.00263555 0.00138955
0.00263094 0.00139453

0.00264141 0.00138324
0.00263636 0.00138867

0.00263555 0.00138955
0.00263636 0.00138867

0.00262969 0.00139588
0.00263093 0.00139453

0.00264141 0.00138324
0.0026418 0.00138281

0.00266484 0.00135821
0.00266375 0.00135937

0.00267656 0.00134577
0.00267479 0.00134766

0.0026707 0.00135199
0.00266926 0.00135352

0.00266484 0.00135821
0.00266924 0.00135352

0.0026707 0.00135199
0.00267475 0.00134766

0.00268828 0.00133338
0.00268587 0.00133594

0.0027 0.001321
0.00269697 0.00132422

0.00269414 0.00132719
0.00269141 0.00133008

0.00268828 0.00133338
0.00269139 0.00133008

0.00269414 0.00132719
0.00269694 0.00132422

0.00268242 0.00133957
0.00268032 0.0013418

0.00267656 0.00134578
0.00268029 0.0013418

0.00268242 0.00133957
0.00268584 0.00133594

0.00265898 0.00136445
0.00265825 0.00136523

0.00265312 0.00137068
0.00265823 0.00136523

0.00265898 0.00136443
0.00266373 0.00135937

0.00261211 0.00141504
0.00260946 0.00141797

0.00261797 0.00140861
0.0026148 0.00141211

0.00261211 0.00141504
0.00261476 0.00141211

0.00260625 0.0014215
0.00260942 0.00141797

0.00261797 0.00140862
0.00262013 0.00140625

0.002325 0.00182359
0.00232288 0.00182812

0.00231328 0.00184953
0.0023124 0.00185156

0.00231914 0.00183631
0.00231755 0.00183984

0.00232285 0.00182812
0.00232016 0.00183398

0.00231914 0.00183629
0.00232018 0.00183398

0.00231752 0.00183984
0.00231492 0.0018457

0.00231328 0.0018495
0.00231493 0.0018457

0.00231239 0.00185156
0.00230988 0.00185742

0.00230987 0.00185742
0.00230742 0.00186328

0.00230742 0.00186335
0.00230504 0.00186914

0.00230501 0.00186914
0.00230266 0.001875

0.00230742 0.00186335
0.00230745 0.00186328

0.00227812 0.00194864
0.00227746 0.00195117

0.00227746 0.00195117
0.00227595 0.00195703

0.00227593 0.00195703
0.00227449 0.00196289

0.00227448 0.00196289
0.00227317 0.00196875

0.00230156 0.0018779
0.00230041 0.00188086

0.0023004 0.00188086
0.00229814 0.00188672

0.0022957 0.00189334
0.00229386 0.00189844

0.00229813 0.00188672
0.00229595 0.00189258

0.0022957 0.00189333
0.00229598 0.00189258

0.00228984 0.00190991
0.00228976 0.00191016

0.00228977 0.00191016
0.00228782 0.00191602

0.00228779 0.00191602
0.00228588 0.00192187

0.00229383 0.00189844
0.00229174 0.0019043

0.00228984 0.00190987
0.00229174 0.0019043

0.00230156 0.00187788
0.00230268 0.001875

0.00228398 0.00192811
0.00228234 0.00193359

0.00228588 0.00192187
0.00228407 0.00192773

0.00228398 0.00192812
0.0022841 0.00192773

0.00228232 0.00193359
0.0022806 0.00193945

0.00228058 0.00193945
0.00227896 0.00194531

0.00227812 0.00194862
0.00227899 0.00194531

0.00227227 0.00197316
0.00227196 0.00197461

0.00227196 0.00197461
0.00227076 0.00198047

0.00227227 0.00197315
0.00227319 0.00196875

0.00227075 0.00198047
0.00226963 0.00198633

0.00226962 0.00198633
0.0022686 0.00199219

0.00226641 0.00200755
0.00226612 0.00200977

0.00226612 0.00200977
0.00226545 0.00201563

0.00226861 0.00199219
0.00226769 0.00199805

0.00226769 0.00199805
0.00226687 0.00200391

0.00226641 0.00200756
0.00226687 0.00200391

0.00226545 0.00201562
0.00226488 0.00202148

0.00226488 0.00202148
0.00226442 0.00202734

0.00226442 0.00202734
0.00226406 0.0020332

0.00226406 0.0020332
0.0022638 0.00203906

0.0022638 0.00203906
0.00226365 0.00204492

0.00226364 0.00204492
0.0022636 0.00205078

0.0022636 0.00205078
0.00226367 0.00205664

0.00226367 0.00205664
0.00226386 0.0020625

0.00226386 0.0020625
0.00226417 0.00206836

0.00226417 0.00206836
0.0022646 0.00207422

0.0022646 0.00207422
0.00226515 0.00208008

0.00226515 0.00208008
0.00226583 0.00208594

0.00226582 0.00208594
0.00226641 0.00209005

0.00226641 0.00209007
0.00226665 0.0020918

0.00226665 0.0020918
0.00226765 0.00209766

0.00226766 0.00209766
0.00226879 0.00210352

0.00226879 0.00210352
0.00227006 0.00210937

0.00227004 0.00210937
0.00227146 0.00211523

0.00227145 0.00211523
0.00227227 0.00211817

0.00227227 0.00211817
0.00227308 0.00212109

0.00227312 0.00212109
0.00227493 0.00212695

0.0022749 0.00212695
0.00227685 0.00213281

0.00227684 0.00213281
0.00227812 0.00213625

0.00227812 0.00213625
0.00227903 0.00213867

0.00227907 0.00213867
0.00228146 0.00214453

0.00228141 0.00214453
0.00228398 0.00215032

0.00228398 0.00215032
0.00228401 0.00215039

0.00228405 0.00215039
0.0022869 0.00215625

0.00228686 0.00215625
0.00228984 0.0021619

0.00228984 0.0021619
0.00228995 0.00216211

0.00228999 0.00216211
0.00229334 0.00216797

0.0022933 0.00216797
0.0022957 0.00217184

0.0022957 0.00217182
0.00229695 0.00217383

0.00229696 0.00217383
0.00230092 0.00217969

0.00230091 0.00217969
0.00230156 0.00218063

0.00230156 0.0021806
0.00230515 0.00218555

0.00230515 0.00218555
0.00230742 0.0021885

0.00230742 0.00218844
0.00230975 0.00219141

0.00230976 0.00219141
0.00231328 0.00219556

0.00231328 0.00219555
0.00231477 0.00219727

0.00231477 0.00219727
0.00231914 0.00220203

0.00231914 0.00220203
0.00232018 0.00220312

0.00232018 0.00220312
0.002325 0.00220799

0.00241875 0.00165856
0.00241513 0.00166406

0.00240117 0.00168576
0.00240008 0.0016875

0.00240703 0.00167654
0.00240377 0.00168164

0.00240117 0.00168574
0.00240377 0.00168164

0.00241289 0.0016675
0.00241131 0.00166992

0.0024113 0.00166992
0.00240751 0.00167578

0.00241289 0.00166748
0.00241513 0.00166406

0.00240703 0.00167655
0.00240751 0.00167578

0.00246562 0.00159154
0.00246402 0.00159375

0.00250078 0.00154544
0.00249966 0.00154687

0.0025125 0.0015307
0.00250893 0.00153516

0.00250664 0.00153802
0.00250429 0.00154102

0.00250078 0.00154542
0.00250426 0.00154102

0.00250664 0.00153805
0.00250891 0.00153516

0.0024832 0.00156809
0.00248154 0.00157031

0.00248906 0.00156046
0.00248599 0.00156445

0.0024832 0.00156809
0.00248598 0.00156445

0.00247734 0.00157585
0.0024771 0.00157617

0.00247707 0.00157617
0.00247268 0.00158203

0.00247148 0.00158364
0.00246832 0.00158789

0.00246562 0.00159154
0.00246832 0.00158789

0.00247148 0.00158365
0.00247267 0.00158203

0.00247734 0.00157581
0.00248151 0.00157031

0.00249492 0.0015529
0.0024905 0.00155859

0.00249964 0.00154687
0.00249505 0.00155273

0.00249492 0.0015529
0.00249505 0.00155273

0.00248906 0.00156047
0.00249049 0.00155859

0.00244219 0.00162416
0.00243887 0.00162891

0.00243633 0.00163259
0.00243484 0.00163477

0.00243482 0.00163477
0.0024308 0.00164062

0.00243633 0.00163258
0.00243887 0.00162891

0.00244805 0.00161586
0.00244712 0.00161719

0.00245391 0.00160765
0.00245127 0.00161133

0.00244805 0.00161584
0.00245126 0.00161133

0.00245977 0.00159957
0.00245974 0.00159961

0.00245971 0.00159961
0.00245547 0.00160547

0.00245977 0.00159953
0.002464 0.00159375

0.00245391 0.00160766
0.00245546 0.00160547

0.00244709 0.00161719
0.00244296 0.00162305

0.00244219 0.00162416
0.00244295 0.00162305

0.00242461 0.0016498
0.0024229 0.00165234

0.00243047 0.00164112
0.00242683 0.00164648

0.00242461 0.00164978
0.00242683 0.00164648

0.00242289 0.00165234
0.00241898 0.0016582

0.00241875 0.00165856
0.00241898 0.0016582

0.00243047 0.00164112
0.0024308 0.00164062

0.00237187 0.00173422
0.00237179 0.00173437

0.00234844 0.00177662
0.002346 0.00178125

0.00236016 0.00175496
0.00235857 0.00175781

0.00236602 0.00174449
0.0023651 0.00174609

0.00237177 0.00173437
0.00236841 0.00174023

0.00236602 0.00174445
0.00236841 0.00174023

0.00236508 0.00174609
0.0023618 0.00175195

0.00236016 0.00175493
0.00236181 0.00175195

0.0023543 0.00176566
0.00235221 0.00176953

0.00235855 0.00175781
0.00235535 0.00176367

0.0023543 0.00176564
0.00235536 0.00176367

0.00235219 0.00176953
0.00234906 0.00177539

0.00234844 0.0017766
0.00234908 0.00177539

0.00239531 0.00169511
0.00239277 0.00169922

0.00238945 0.00170463
0.00238918 0.00170508

0.00238916 0.00170508
0.00238561 0.00171094

0.00238945 0.0017046
0.00239276 0.00169922

0.00238359 0.00171432
0.0023821 0.0017168

0.00238208 0.0017168
0.00237861 0.00172266

0.00237773 0.00172416
0.00237518 0.00172852

0.00237187 0.00173419
0.00237517 0.00172852

0.00237773 0.00172415
0.00237861 0.00172266

0.00238359 0.00171429
0.00238561 0.00171094

0.00240005 0.0016875
0.00239638 0.00169336

0.00239531 0.0016951
0.00239639 0.00169336

0.00233672 0.00179941
0.00233409 0.00180469

0.00234258 0.00178786
0.00233996 0.00179297

0.00234598 0.00178125
0.00234294 0.00178711

0.00234258 0.00178784
0.00234295 0.00178711

0.00233994 0.00179297
0.00233699 0.00179883

0.00233672 0.00179939
0.002337 0.00179883

0.00233086 0.0018113
0.0023284 0.00181641

0.00233407 0.00180469
0.0023312 0.00181055

0.00233086 0.00181129
0.00233122 0.00181055

0.00232837 0.00181641
0.00232559 0.00182227

0.002325 0.00182357
0.00232561 0.00182227

0.00252422 0.00151628
0.00252316 0.00151758

0.00252314 0.00151758
0.00251836 0.00152344

0.00253008 0.00150914
0.00252798 0.00151172

0.00253594 0.00150208
0.00253281 0.00150586

0.00253008 0.00150916
0.00253277 0.00150586

0.00252422 0.00151626
0.00252794 0.00151172

0.00251836 0.00152344
0.00251363 0.0015293

0.0025125 0.0015307
0.00251362 0.0015293

0.00253594 0.00150209
0.00253767 0.0015

0.002325 0.00220799
0.00232603 0.00220898

0.00232604 0.00220898
0.00233086 0.00221345

0.00233086 0.00221347
0.00233242 0.00221484

0.00233246 0.00221484
0.00233672 0.0022185

0.00233672 0.00221855
0.00233942 0.0022207

0.00233944 0.0022207
0.00234258 0.00222318

0.00234258 0.00222324
0.00234703 0.00222656

0.00234707 0.00222656
0.00234844 0.00222755

0.00234844 0.00222758
0.0023543 0.00223165

0.0023543 0.00223168
0.00235545 0.00223242

0.00235549 0.00223242
0.00236016 0.00223546

0.00236016 0.00223548
0.00236478 0.00223828

0.00236484 0.00223828
0.00236602 0.00223899

0.00236602 0.002239
0.00237187 0.00224232

0.00237187 0.00224234
0.00237526 0.00224414

0.00237533 0.00224414
0.00237773 0.00224542

0.00237773 0.00224543
0.00238359 0.00224833

0.00238359 0.00224834
0.00238719 0.00225

0.00264727 0.00224937
0.00264547 0.00225

0.00264727 0.00224937
0.00265312 0.00224721

0.00265312 0.00224721
0.00265898 0.00224497

0.00266484 0.00224264
0.00266106 0.00224414

0.00265898 0.00224498
0.00266108 0.00224414

0.00267656 0.00223771
0.00267523 0.00223828

0.00266484 0.00224264
0.0026707 0.00224022

0.0026707 0.00224023
0.00267527 0.00223828

0.00267656 0.00223772
0.00268242 0.00223514

0.00268242 0.00223515
0.00268828 0.00223248

0.00269414 0.00222972
0.00268839 0.00223242

0.00268828 0.00223248
0.0026884 0.00223242

0.00269414 0.00222972
0.0027 0.00222688

0.00238725 0.00225
0.00238945 0.00225102

0.00238945 0.00225103
0.00239531 0.00225355

0.00239531 0.00225355
0.00240107 0.00225586

0.00240108 0.00225586
0.00240117 0.00225589

0.00240117 0.00225589
0.00240703 0.00225807

0.00240703 0.00225807
0.00241289 0.0022601

0.00241289 0.00226011
0.00241794 0.00226172

0.00241799 0.00226172
0.00241875 0.00226196

0.00241875 0.00226197
0.00242461 0.0022637

0.00242461 0.0022637
0.00243047 0.00226529

0.00243047 0.00226529
0.00243633 0.00226675

0.00243633 0.00226675
0.00243997 0.00226758

0.00244005 0.00226758
0.00244219 0.00226806

0.00244219 0.00226807
0.00244805 0.00226927

0.00244805 0.00226927
0.00245391 0.00227035

0.00245391 0.00227035
0.00245977 0.00227131

0.00245977 0.00227131
0.00246562 0.00227214

0.00246562 0.00227214
0.00247148 0.00227286

0.00247148 0.00227286
0.00247699 0.00227344

0.00247701 0.00227344
0.00247734 0.00227347

0.00247734 0.00227348
0.0024832 0.00227398

0.0024832 0.00227398
0.00248906 0.00227438

0.00248906 0.00227438
0.00249492 0.00227468

0.00249492 0.00227468
0.00250078 0.00227487

0.00250078 0.00227487
0.00250664 0.00227496

0.00250664 0.00227496
0.0025125 0.00227495

0.0025125 0.00227495
0.00251836 0.00227484

0.00251836 0.00227484
0.00252422 0.00227464

0.00252422 0.00227464
0.00253008 0.00227434

0.00253008 0.00227434
0.00253594 0.00227394

0.00254766 0.00227287
0.00254197 0.00227344

0.00254766 0.00227287
0.00255352 0.0022722

0.00255352 0.0022722
0.00255938 0.00227143

0.00253594 0.00227394
0.0025418 0.00227346

0.0025418 0.00227346
0.00254199 0.00227344

0.00255937 0.00227143
0.00256523 0.00227057

0.00256523 0.00227057
0.00257109 0.00226963

0.00257109 0.00226963
0.00257695 0.0022686

0.00258281 0.00226746
0.00258219 0.00226758

0.00257695 0.0022686
0.00258229 0.00226758

0.00258281 0.00226747
0.00258867 0.00226626

0.00258867 0.00226626
0.00259453 0.00226496

0.00259453 0.00226496
0.00260039 0.00226358

0.00260039 0.00226358
0.00260625 0.0022621

0.00261211 0.00226054
0.00260769 0.00226172

0.00261211 0.00226054
0.00261797 0.00225889

0.00260625 0.00226211
0.00260771 0.00226172

0.00261797 0.00225889
0.00262383 0.00225716

0.00262969 0.00225533
0.002628 0.00225586

0.00262383 0.00225717
0.00262804 0.00225586

0.00262969 0.00225534
0.00263555 0.00225344

0.00263555 0.00225344
0.00264141 0.00225145

0.00264141 0.00225145
0.00264551 0.00225

0.003075 0.000696926
0.00307493 0.000697266

0.00307493 0.000697266
0.00307373 0.000703125

0.00307373 0.000703125
0.00307251 0.000708984

0.00307251 0.000708984
0.00307126 0.000714844

0.00306914 0.000724516
0.00306869 0.000726562

0.00307126 0.000714844
0.00306999 0.000720703

0.00306914 0.000724514
0.00306999 0.000720703

0.00306328 0.000749603
0.00306318 0.00075

0.00306868 0.000726562
0.00306735 0.000732422

0.00306735 0.000732422
0.00306599 0.000738281

0.00306599 0.000738281
0.0030646 0.000744141

0.00306328 0.0007496
0.0030646 0.000744141

0.00312637 0
0.00312637 5.85937e-06

0.00312637 5.85938e-06
0.00312636 1.17187e-05

0.00312636 1.17187e-05
0.00312635 1.75781e-05

0.00312635 1.75781e-05
0.00312633 2.34375e-05

0.00312633 2.34375e-05
0.00312631 2.92969e-05

0.00312631 2.92969e-05
0.00312628 3.51562e-05

0.00312628 3.51562e-05
0.00312624 4.10156e-05

0.00312624 4.10156e-05
0.0031262 4.6875e-05

0.0031262 4.6875e-05
0.00312616 5.27344e-05

0.00312616 5.27344e-05
0.00312611 5.85937e-05

0.00312611 5.85937e-05
0.00312605 6.44531e-05

0.00312605 6.44531e-05
0.00312599 7.03125e-05

0.00312599 7.03125e-05
0.00312593 7.61719e-05

0.00312593 7.61719e-05
0.00312585 8.20312e-05

0.00312585 8.20312e-05
0.00312578 8.78906e-05

0.00312578 8.78906e-05
0.00312569 9.375e-05

0.00312569 9.375e-05
0.00312561 9.96094e-05

0.00312561 9.96094e-05
0.00312551 0.000105469

0.00312551 0.000105469
0.00312541 0.000111328

0.00312541 0.000111328
0.00312531 0.000117187

0.00312531 0.000117187
0.0031252 0.000123047

0.0031252 0.000123047
0.00312508 0.000128906

0.00312508 0.000128906
0.00312496 0.000134766

0.00312496 0.000134766
0.00312484 0.000140625

0.00312484 0.000140625
0.0031247 0.000146484

0.0031247 0.000146484
0.00312456 0.000152344

0.00312456 0.000152344
0.00312442 0.000158203

0.00312442 0.000158203
0.00312427 0.000164062

0.00312427 0.000164062
0.00312412 0.000169922

0.00312412 0.000169922
0.00312395 0.000175781

0.00312395 0.000175781
0.00312379 0.000181641

0.00312379 0.000181641
0.00312361 0.0001875

0.00318528 0
0.00318527 5.85937e-06

0.00318527 5.85938e-06
0.00318526 1.17187e-05

0.00318526 1.17187e-05
0.00318525 1.75781e-05

0.00318525 1.75781e-05
0.00318523 2.34375e-05

0.00318523 2.34375e-05
0.0031852 2.92969e-05

0.0031852 2.92969e-05
0.00318516 3.51562e-05

0.00318516 3.51562e-05
0.00318512 4.10156e-05

0.00318512 4.10156e-05
0.00318507 4.6875e-05

0.00318507 4.6875e-05
0.00318502 5.27344e-05

0.00318502 5.27344e-05
0.00318496 5.85937e-05

0.00318496 5.85937e-05
0.00318489 6.44531e-05

0.00318489 6.44531e-05
0.00318482 7.03125e-05

0.00318482 7.03125e-05
0.00318474 7.61719e-05

0.00318474 7.61719e-05
0.00318465 8.20312e-05

0.00318465 8.20312e-05
0.00318456 8.78906e-05

0.00318456 8.78906e-05
0.00318446 9.375e-05

0.00318446 9.375e-05
0.00318435 9.96094e-05

0.00318435 9.96094e-05
0.00318424 0.000105469

0.00318424 0.000105469
0.00318412 0.000111328

0.00318412 0.000111328
0.003184 0.000117187

0.003184 0.000117187
0.00318387 0.000123047

0.00318387 0.000123047
0.00318373 0.000128906

0.00318373 0.000128906
0.00318358 0.000134766

0.00318358 0.000134766
0.00318343 0.000140625

0.00318343 0.000140625
0.00318327 0.000146484

0.00318327 0.000146484
0.00318311 0.000152344

0.00318311 0.000152344
0.00318294 0.000158203

0.00318294 0.000158203
0.00318276 0.000164062

0.00318276 0.000164062
0.00318258 0.000169922

0.00318258 0.000169922
0.00318238 0.000175781

0.00318238 0.000175781
0.00318219 0.000181641

0.00318219 0.000181641
0.00318198 0.0001875

0.00312187 0.000237822
0.00312178 0.000240234

0.00312178 0.000240234
0.00312155 0.000246094

0.00312155 0.000246094
0.0031213 0.000251953

0.0031213 0.000251953
0.00312106 0.000257812

0.00312106 0.000257812
0.0031208 0.000263672

0.0031208 0.000263672
0.00312054 0.000269531

0.00312054 0.000269531
0.00312027 0.000275391

0.00312027 0.000275391
0.00311999 0.00028125

0.00312361 0.0001875
0.00312343 0.000193359

0.00312343 0.000193359
0.00312325 0.000199219

0.00312325 0.000199219
0.00312306 0.000205078

0.00312306 0.000205078
0.00312286 0.000210937

0.00312286 0.000210937
0.00312266 0.000216797

0.00312266 0.000216797
0.00312245 0.000222656

0.00312245 0.000222656
0.00312223 0.000228516

0.00312223 0.000228516
0.00312201 0.000234375

0.00312187 0.000237822
0.00312201 0.000234375

0.00311999 0.00028125
0.00311971 0.000287109

0.00311971 0.000287109
0.00311942 0.000292969

0.00311942 0.000292969
0.00311913 0.000298828

0.00311913 0.000298828
0.00311882 0.000304687

0.00311882 0.000304687
0.00311851 0.000310547

0.00311851 0.000310547
0.0031182 0.000316406

0.0031182 0.000316406
0.00311787 0.000322266

0.00311787 0.000322266
0.00311754 0.000328125

0.00311754 0.000328125
0.0031172 0.000333984

0.0031172 0.000333984
0.00311685 0.000339844

0.00311685 0.000339844
0.00311649 0.000345703

0.00311649 0.000345703
0.00311613 0.000351562

0.00311602 0.000353366
0.00311576 0.000357422

0.00311576 0.000357422
0.00311538 0.000363281

0.00311602 0.000353365
0.00311613 0.000351562

0.00311538 0.000363281
0.00311499 0.000369141

0.00311499 0.000369141
0.00311459 0.000375

0.00318198 0.0001875
0.00318177 0.000193359

0.00318177 0.000193359
0.00318155 0.000199219

0.00318155 0.000199219
0.00318133 0.000205078

0.00318133 0.000205078
0.0031811 0.000210937

0.00318047 0.000225972
0.00318036 0.000228516

0.00318036 0.000228516
0.0031801 0.000234375

0.0031811 0.000210937
0.00318086 0.000216797

0.00318086 0.000216797
0.00318061 0.000222656

0.00318047 0.000225971
0.00318061 0.000222656

0.0031801 0.000234375
0.00317983 0.000240234

0.00317983 0.000240234
0.00317956 0.000246094

0.00317956 0.000246094
0.00317928 0.000251953

0.00317928 0.000251953
0.00317899 0.000257812

0.00317899 0.000257812
0.0031787 0.000263672

0.0031787 0.000263672
0.0031784 0.000269531

0.0031784 0.000269531
0.00317809 0.000275391

0.00317809 0.000275391
0.00317777 0.00028125

0.00317777 0.00028125
0.00317745 0.000287109

0.00317745 0.000287109
0.00317712 0.000292969

0.00317712 0.000292969
0.00317678 0.000298828

0.00317678 0.000298828
0.00317644 0.000304687

0.00317644 0.000304687
0.00317609 0.000310547

0.00317609 0.000310547
0.00317573 0.000316406

0.00317573 0.000316406
0.00317536 0.000322266

0.00317536 0.000322266
0.00317499 0.000328125

0.00317461 0.000333984
0.00317422 0.000339844

0.00317461 0.000333971
0.00317499 0.000328125

0.00317422 0.000339844
0.00317382 0.000345703

0.00317382 0.000345703
0.00317342 0.000351562

0.00317342 0.000351562
0.00317301 0.000357422

0.00317301 0.000357422
0.00317259 0.000363281

0.00317259 0.000363281
0.00317216 0.000369141

0.00317216 0.000369141
0.00317173 0.000375

0.00311459 0.000375
0.00311419 0.000380859

0.00311419 0.000380859
0.00311378 0.000386719

0.00311378 0.000386719
0.00311336 0.000392578

0.00311336 0.000392578
0.00311292 0.000398437

0.00311293 0.000398437
0.00311249 0.000404297

0.00311249 0.000404297
0.00311204 0.000410156

0.00311204 0.000410156
0.00311158 0.000416016

0.00311158 0.000416016
0.00311111 0.000421875

0.00311016 0.000433554
0.00311015 0.000433594

0.00311015 0.000433594
0.00310966 0.000439453

0.00310966 0.000439453
0.00310915 0.000445312

0.00311111 0.000421875
0.00311064 0.000427734

0.00311016 0.000433553
0.00311064 0.000427734

0.00310915 0.000445312
0.00310864 0.000451172

0.00310864 0.000451172
0.00310811 0.000457031

0.00310811 0.000457031
0.00310758 0.000462891

0.00310758 0.000462891
0.00310703 0.00046875

0.00316875 0.000412765
0.00316848 0.000416016

0.00316848 0.000416016
0.00316798 0.000421875

0.00316798 0.000421875
0.00316748 0.000427734

0.00316748 0.000427734
0.00316697 0.000433594

0.00316697 0.000433594
0.00316645 0.000439453

0.00316645 0.000439453
0.00316592 0.000445312

0.00316592 0.000445312
0.00316539 0.000451172

0.00316539 0.000451172
0.00316484 0.000457031

0.00316484 0.000457031
0.00316429 0.000462891

0.00316429 0.000462891
0.00316373 0.00046875

0.00310703 0.00046875
0.00310647 0.000474609

0.00310647 0.000474609
0.00310591 0.000480469

0.00310591 0.000480469
0.00310533 0.000486328

0.00310533 0.000486328
0.00310474 0.000492187

0.0031043 0.000496494
0.00310414 0.000498047

0.00310414 0.000498047
0.00310352 0.000503906

0.0031043 0.000496493
0.00310474 0.000492187

0.00310352 0.000503906
0.0031029 0.000509766

0.0031029 0.000509766
0.00310226 0.000515625

0.00309844 0.00054865
0.00309818 0.000550781

0.00309818 0.000550781
0.00309745 0.000556641

0.00309745 0.000556641
0.00309671 0.0005625

0.00310226 0.000515625
0.00310161 0.000521484

0.00310161 0.000521484
0.00310095 0.000527344

0.00310095 0.000527344
0.00310028 0.000533203

0.00310028 0.000533203
0.00309959 0.000539062

0.00309959 0.000539062
0.00309889 0.000544922

0.00309844 0.000548649
0.00309889 0.000544922

0.00316289 0.000477435
0.00316259 0.000480469

0.00316373 0.00046875
0.00316317 0.000474609

0.00316289 0.000477434
0.00316317 0.000474609

0.00316259 0.000480469
0.00316201 0.000486328

0.00316201 0.000486328
0.00316142 0.000492187

0.00316142 0.000492187
0.00316082 0.000498047

0.00316082 0.000498047
0.00316022 0.000503906

0.00316022 0.000503906
0.0031596 0.000509766

0.0031596 0.000509766
0.00315898 0.000515625

0.00315703 0.000533518
0.00315641 0.000539062

0.00315898 0.000515625
0.00315835 0.000521484

0.00315835 0.000521484
0.00315771 0.000527344

0.00315771 0.000527344
0.00315707 0.000533203

0.00315703 0.000533518
0.00315707 0.000533203

0.00315641 0.000539062
0.00315575 0.000544922

0.00315575 0.000544922
0.00315509 0.000550781

0.00315509 0.000550781
0.00315441 0.000556641

0.00315441 0.000556641
0.00315373 0.0005625

0.00317173 0.000375
0.00317129 0.000380859

0.00317129 0.000380859
0.00317084 0.000386719

0.00317084 0.000386719
0.00317038 0.000392578

0.00317038 0.000392578
0.00316992 0.000398437

0.00316992 0.000398437
0.00316945 0.000404297

0.00316945 0.000404297
0.00316897 0.000410156

0.00316875 0.000412765
0.00316897 0.000410156

0.00309671 0.0005625
0.00309595 0.000568359

0.00309595 0.000568359
0.00309518 0.000574219

0.00309518 0.000574219
0.00309439 0.000580078

0.00309439 0.000580078
0.00309359 0.000585937

0.00309258 0.000593202
0.00309194 0.000597656

0.00309359 0.000585937
0.00309278 0.000591797

0.00309258 0.000593201
0.00309278 0.000591797

0.00309194 0.000597656
0.00309109 0.000603516

0.00309109 0.000603516
0.00309023 0.000609375

0.00308672 0.000632013
0.00308659 0.000632812

0.00309023 0.000609375
0.00308935 0.000615234

0.00308935 0.000615234
0.00308845 0.000621094

0.00308845 0.000621094
0.00308753 0.000626953

0.00308672 0.000632011
0.00308753 0.000626953

0.00308659 0.000632812
0.00308563 0.000638672

0.00308563 0.000638672
0.00308466 0.000644531

0.00308466 0.000644531
0.00308366 0.000650391

0.00308366 0.000650391
0.00308265 0.00065625

0.00315373 0.0005625
0.00315304 0.000568359

0.00315304 0.000568359
0.00315234 0.000574219

0.00315117 0.000583871
0.00315092 0.000585937

0.00315234 0.000574219
0.00315163 0.000580078

0.00315117 0.00058387
0.00315163 0.000580078

0.00315092 0.000585937
0.0031502 0.000591797

0.0031502 0.000591797
0.00314948 0.000597656

0.00314948 0.000597656
0.00314875 0.000603516

0.00314875 0.000603516
0.00314801 0.000609375

0.00314531 0.000630334
0.00314499 0.000632812

0.00314499 0.000632812
0.00314422 0.000638672

0.00314422 0.000638672
0.00314345 0.000644531

0.00314345 0.000644531
0.00314267 0.000650391

0.00314267 0.000650391
0.00314189 0.00065625

0.00314801 0.000609375
0.00314726 0.000615234

0.00314726 0.000615234
0.00314651 0.000621094

0.00314651 0.000621094
0.00314575 0.000626953

0.00314531 0.000630333
0.00314575 0.000626953

0.00308086 0.000666293
0.00308056 0.000667969

0.00308265 0.00065625
0.00308161 0.000662109

0.00308086 0.00066629
0.00308161 0.000662109

0.00308056 0.000667969
0.00307948 0.000673828

0.00307948 0.000673828
0.00307837 0.000679687

0.00307837 0.000679687
0.00307725 0.000685547

0.00307725 0.000685547
0.0030761 0.000691406

0.003075 0.000696923
0.0030761 0.000691406

0.00314189 0.00065625
0.0031411 0.000662109

0.0031411 0.000662109
0.0031403 0.000667969

0.00313945 0.000674222
0.00313871 0.000679687

0.0031403 0.000667969
0.00313951 0.000673828

0.00313945 0.000674221
0.00313951 0.000673828

0.00313871 0.000679687
0.0031379 0.000685547

0.0031379 0.000685547
0.0031371 0.000691406

0.0031371 0.000691406
0.00313629 0.000697266

0.00313629 0.000697266
0.00313547 0.000703125

0.00313359 0.00071662
0.00313303 0.000720703

0.00313303 0.000720703
0.00313221 0.000726562

0.00313547 0.000703125
0.00313466 0.000708984

0.00313466 0.000708984
0.00313384 0.000714844

0.00313359 0.000716618
0.00313384 0.000714844

0.00313221 0.000726562
0.00313139 0.000732422

0.00313139 0.000732422
0.00313057 0.000738281

0.00313057 0.000738281
0.00312975 0.000744141

0.00312975 0.000744141
0.00312893 0.00075

0.0028875 0.0011103
0.00288521 0.00111328

0.00288164 0.00111782
0.00288061 0.00111914

0.0028806 0.00111914
0.00287595 0.001125

0.00288164 0.00111781
0.0028852 0.00111328

0.00305156 0.000793658
0.00305063 0.000796875

0.00306318 0.00075
0.00306173 0.000755859

0.00306173 0.000755859
0.00306025 0.000761719

0.00305742 0.000772541
0.00305718 0.000773437

0.00306025 0.000761719
0.00305873 0.000767578

0.00305742 0.000772538
0.00305873 0.000767578

0.00305718 0.000773437
0.0030556 0.000779297

0.0030556 0.000779297
0.00305398 0.000785156

0.00305398 0.000785156
0.00305232 0.000791016

0.00305156 0.000793657
0.00305233 0.000791016

0.00305063 0.000796875
0.0030489 0.000802734

0.0030489 0.000802734
0.00304713 0.000808594

0.0030457 0.000813235
0.00304533 0.000814453

0.00304533 0.000814453
0.00304348 0.000820312

0.0030457 0.000813233
0.00304713 0.000808594

0.00303984 0.000831467
0.00303966 0.000832031

0.00303966 0.000832031
0.00303768 0.000837891

0.00303768 0.000837891
0.00303566 0.00084375

0.00304348 0.000820312
0.00304159 0.000826172

0.00303984 0.000831466
0.00304159 0.000826172

0.00302812 0.000864561
0.00302714 0.000867187

0.00302714 0.000867187
0.00302489 0.000873047

0.00302489 0.000873047
0.00302259 0.000878906

0.00302227 0.000879719
0.00302024 0.000884766

0.00302024 0.000884766
0.00301785 0.000890625

0.00302227 0.000879719
0.00302259 0.000878906

0.00300469 0.000920778
0.00300237 0.000925781

0.00299883 0.000933251
0.00299678 0.0009375

0.00300237 0.000925781
0.0029996 0.000931641

0.00299883 0.000933251
0.0029996 0.000931641

0.00301641 0.000894073
0.0030154 0.000896484

0.0030154 0.000896484
0.0030129 0.000902344

0.00301055 0.000907743
0.00301035 0.000908203

0.00301035 0.000908203
0.00300774 0.000914062

0.00301055 0.000907744
0.0030129 0.000902344

0.00301641 0.000894073
0.00301785 0.000890625

0.00300774 0.000914062
0.00300508 0.000919922

0.00300469 0.000920778
0.00300508 0.000919922

0.00303398 0.000848524
0.0030336 0.000849609

0.0030336 0.000849609
0.00303149 0.000855469

0.00303398 0.000848523
0.00303566 0.00084375

0.00303149 0.000855469
0.00302934 0.000861328

0.00302812 0.000864561
0.00302934 0.000861328

0.00298125 0.000967858
0.00297866 0.000972656

0.00297539 0.0009786
0.00297216 0.000984375

0.00297866 0.000972656
0.00297544 0.000978516

0.00297539 0.0009786
0.00297544 0.000978516

0.00294609 0.00102765
0.00294379 0.00103125

0.00295195 0.00101837
0.00295124 0.00101953

0.00295781 0.00100885
0.00295487 0.00101367

0.00295195 0.00101838
0.00295487 0.00101367

0.00295124 0.00101953
0.00294754 0.00102539

0.00294609 0.00102766
0.00294754 0.00102539

0.00296953 0.000988982
0.00296882 0.000990234

0.00296882 0.000990234
0.00296542 0.000996094

0.00296367 0.000999057
0.00296196 0.00100195

0.00296196 0.00100195
0.00295845 0.00100781

0.00296367 0.000999058
0.00296542 0.000996094

0.00296953 0.000988983
0.00297216 0.000984375

0.00295781 0.00100886
0.00295844 0.00100781

0.00292852 0.00105422
0.0029282 0.00105469

0.00293437 0.00104555
0.00293218 0.00104883

0.00292852 0.00105421
0.00293218 0.00104883

0.00292266 0.00106267
0.00292004 0.00106641

0.0029168 0.00107097
0.00291589 0.00107227

0.00291588 0.00107227
0.00291166 0.00107812

0.0029168 0.00107097
0.00292004 0.00106641

0.00292819 0.00105469
0.00292415 0.00106055

0.00292266 0.00106269
0.00292414 0.00106055

0.00289922 0.00109499
0.00289869 0.0010957

0.00289868 0.0010957
0.00289424 0.00110156

0.00290508 0.0010871
0.00290307 0.00108984

0.00291094 0.00107912
0.00290739 0.00108398

0.00290508 0.00108712
0.00290738 0.00108398

0.00289922 0.00109498
0.00290306 0.00108984

0.00289336 0.00110271
0.00288974 0.00110742

0.0028875 0.00111033
0.00288973 0.00110742

0.00289336 0.00110272
0.00289423 0.00110156

0.00291094 0.00107913
0.00291166 0.00107812

0.00294023 0.00103672
0.00293999 0.00103711

0.00293998 0.00103711
0.00293611 0.00104297

0.00294023 0.00103672
0.00294379 0.00103125

0.00293437 0.00104556
0.00293611 0.00104297

0.00299297 0.000945225
0.00299097 0.000949219

0.00298711 0.000956746
0.00298493 0.000960937

0.00299097 0.000949219
0.00298798 0.000955078

0.00298711 0.000956747
0.00298798 0.000955078

0.00299678 0.0009375
0.0029939 0.000943359

0.00299297 0.000945225
0.0029939 0.000943359

0.00298493 0.000960937
0.00298182 0.000966797

0.00298125 0.000967859
0.00298182 0.000966797

0.00271172 0.00130862
0.00270808 0.0013125

0.00272344 0.00129624
0.00271918 0.00130078

0.00271758 0.00130243
0.00271363 0.00130664

0.00271172 0.00130863
0.0027136 0.00130664

0.00271758 0.00130245
0.00271915 0.00130078

0.00273516 0.00128386
0.00273024 0.00128906

0.00274687 0.00127142
0.00274682 0.00127148

0.0027468 0.00127148
0.00274129 0.00127734

0.00274102 0.00127764
0.00273577 0.0012832

0.00273516 0.00128386
0.00273577 0.0012832

0.00274102 0.00127764
0.00274129 0.00127734

0.0027293 0.00129006
0.00272471 0.00129492

0.00272344 0.00129626
0.0027247 0.00129492

0.0027293 0.00129006
0.00273024 0.00128906

0.00275273 0.00126517
0.00275231 0.00126562

0.00275859 0.00125891
0.00275779 0.00125977

0.00275273 0.00126516
0.00275778 0.00125977

0.00276445 0.00125262
0.00276326 0.00125391

0.00277031 0.00124631
0.0027687 0.00124805

0.00276445 0.00125262
0.00276868 0.00124805

0.00275859 0.0012589
0.00276324 0.00125391

0.00277617 0.00123997
0.00277413 0.00124219

0.00278203 0.0012336
0.00277954 0.00123633

0.00277617 0.00123998
0.0027795 0.00123633

0.00278789 0.00122719
0.00278492 0.00123047

0.00279375 0.00122075
0.00279028 0.00122461

0.00278789 0.0012272
0.00279024 0.00122461

0.00278203 0.00123361
0.00278489 0.00123047

0.00277031 0.00124632
0.00277409 0.00124219

0.00274687 0.00127141
0.0027523 0.00126563

0.00284062 0.00116771
0.00283707 0.00117187

0.00281719 0.00119466
0.00281661 0.00119531

0.00279961 0.0012143
0.0027956 0.00121875

0.00280547 0.0012078
0.00280089 0.00121289

0.00279961 0.00121431
0.00280088 0.00121289

0.00281133 0.00120125
0.00280616 0.00120703

0.0028166 0.00119531
0.0028114 0.00120117

0.00281133 0.00120125
0.0028114 0.00120117

0.00280547 0.0012078
0.00280616 0.00120703

0.00282891 0.0011813
0.00282692 0.00118359

0.00282305 0.00118801
0.00282178 0.00118945

0.00281719 0.00119465
0.00282177 0.00118945

0.00282305 0.001188
0.0028269 0.00118359

0.00283477 0.00117452
0.00283203 0.00117773

0.00282891 0.00118132
0.00283198 0.00117773

0.00283477 0.00117455
0.00283704 0.00117187

0.0028582 0.00114683
0.00285688 0.00114844

0.00286406 0.00113969
0.00286174 0.00114258

0.0028582 0.00114683
0.00286171 0.00114258

0.00285234 0.00115388
0.00285199 0.0011543

0.00285199 0.0011543
0.00284705 0.00116016

0.00284648 0.00116083
0.00284208 0.00116602

0.00284062 0.00116772
0.00284207 0.00116602

0.00284648 0.00116083
0.00284705 0.00116016

0.00285234 0.00115387
0.00285687 0.00114844

0.00286992 0.00113251
0.00286651 0.00113672

0.00287578 0.00112522
0.00287126 0.00113086

0.00286992 0.00113252
0.00287125 0.00113086

0.00286406 0.00113973
0.00286648 0.00113672

0.00287578 0.00112522
0.00287595 0.001125

0.00279375 0.00122077
0.00279558 0.00121875

0.00270586 0.00131481
0.00270252 0.00131836

0.0027 0.001321
0.00270249 0.00131836

0.00270586 0.00131482
0.00270805 0.0013125

0.00312187 0.00080133
0.00312169 0.000802734

0.00312169 0.000802734
0.0031209 0.000808594

0.0031209 0.000808594
0.00312013 0.000814453

0.00312013 0.000814453
0.00311935 0.000820312

0.00311935 0.000820312
0.00311859 0.000826172

0.00311859 0.000826172
0.00311783 0.000832031

0.00311783 0.000832031
0.00311708 0.000837891

0.00311708 0.000837891
0.00311634 0.00084375

0.00312773 0.000758598
0.0031273 0.000761719

0.00312893 0.00075
0.00312811 0.000755859

0.00312773 0.000758596
0.00312811 0.000755859

0.0031273 0.000761719
0.00312649 0.000767578

0.00312649 0.000767578
0.00312568 0.000773437

0.00312568 0.000773437
0.00312487 0.000779297

0.00312487 0.000779297
0.00312407 0.000785156

0.00312407 0.000785156
0.00312327 0.000791016

0.00312327 0.000791016
0.00312247 0.000796875

0.00312187 0.000801327
0.00312247 0.000796875

0.00311602 0.000846354
0.00311561 0.000849609

0.00311561 0.000849609
0.00311489 0.000855469

0.00311602 0.000846353
0.00311634 0.00084375

0.00311489 0.000855469
0.00311417 0.000861328

0.00311417 0.000861328
0.00311347 0.000867187

0.00311347 0.000867187
0.00311278 0.000873047

0.00311278 0.000873047
0.00311209 0.000878906

0.00311209 0.000878906
0.00311142 0.000884766

0.00311142 0.000884766
0.00311076 0.000890625

0.00311016 0.000896062
0.00311011 0.000896484

0.00311011 0.000896484
0.00310947 0.000902344

0.00310947 0.000902344
0.00310885 0.000908203

0.00310885 0.000908203
0.00310824 0.000914062

0.00311016 0.00089606
0.00311076 0.000890625

0.00310824 0.000914062
0.00310764 0.000919922

0.00310764 0.000919922
0.00310705 0.000925781

0.00310705 0.000925781
0.00310647 0.000931641

0.00310647 0.000931641
0.00310591 0.0009375

0.00310591 0.0009375
0.00310537 0.000943359

0.00310537 0.000943359
0.00310483 0.000949219

0.0031043 0.000955285
0.00310381 0.000960937

0.00310483 0.000949219
0.00310431 0.000955078

0.0031043 0.000955285
0.00310431 0.000955078

0.00310381 0.000960937
0.00310332 0.000966797

0.00310332 0.000966797
0.00310284 0.000972656

0.00310284 0.000972656
0.00310238 0.000978516

0.00310238 0.000978516
0.00310193 0.000984375

0.00310193 0.000984375
0.0031015 0.000990234

0.0031015 0.000990234
0.00310108 0.000996094

0.00310108 0.000996094
0.00310067 0.00100195

0.00310067 0.00100195
0.00310028 0.00100781

0.00310028 0.00100781
0.00309991 0.00101367

0.00309991 0.00101367
0.00309955 0.00101953

0.00309955 0.00101953
0.0030992 0.00102539

0.0030992 0.00102539
0.00309887 0.00103125

0.00309844 0.00103929
0.00309825 0.00104297

0.00309825 0.00104297
0.00309796 0.00104883

0.00309796 0.00104883
0.00309769 0.00105469

0.00309769 0.00105469
0.00309743 0.00106055

0.00309743 0.00106055
0.00309718 0.00106641

0.00309718 0.00106641
0.00309695 0.00107227

0.00309695 0.00107227
0.00309673 0.00107812

0.00309887 0.00103125
0.00309855 0.00103711

0.00309844 0.00103929
0.00309855 0.00103711

0.00309673 0.00107812
0.00309653 0.00108398

0.00309653 0.00108398
0.00309634 0.00108984

0.00309634 0.00108984
0.00309616 0.0010957

0.00309616 0.0010957
0.003096 0.00110156

0.003096 0.00110156
0.00309585 0.00110742

0.00309585 0.00110742
0.00309571 0.00111328

0.00309571 0.00111328
0.00309559 0.00111914

0.00309559 0.00111914
0.00309548 0.001125

0.00309548 0.001125
0.00309538 0.00113086

0.00309538 0.00113086
0.0030953 0.00113672

0.0030953 0.00113672
0.00309522 0.00114258

0.00309522 0.00114258
0.00309516 0.00114844

0.00309516 0.00114844
0.00309511 0.0011543

0.00309511 0.0011543
0.00309507 0.00116016

0.00309507 0.00116016
0.00309504 0.00116602

0.00309504 0.00116602
0.00309503 0.00117187

0.00309503 0.00117187
0.00309502 0.00117773

0.00309502 0.00117773
0.00309503 0.00118359

0.00309503 0.00118359
0.00309504 0.00118945

0.00309504 0.00118945
0.00309506 0.00119531

0.00309506 0.00119531
0.0030951 0.00120117

0.0030951 0.00120117
0.00309514 0.00120703

0.00309514 0.00120703
0.00309519 0.00121289

0.00309519 0.00121289
0.00309525 0.00121875

0.00309525 0.00121875
0.00309532 0.00122461

0.00309532 0.00122461
0.0030954 0.00123047

0.0030954 0.00123047
0.00309548 0.00123633

0.00309548 0.00123633
0.00309557 0.00124219

0.00309557 0.00124219
0.00309567 0.00124805

0.00309567 0.00124805
0.00309577 0.00125391

0.00309577 0.00125391
0.00309588 0.00125977

0.00309588 0.00125977
0.003096 0.00126562

0.003096 0.00126563
0.00309612 0.00127148

0.00309612 0.00127148
0.00309624 0.00127734

0.00309624 0.00127734
0.00309637 0.0012832

0.00309637 0.0012832
0.0030965 0.00128906

0.0030965 0.00128906
0.00309664 0.00129492

0.00309664 0.00129492
0.00309677 0.00130078

0.00309677 0.00130078
0.00309691 0.00130664

0.00309691 0.00130664
0.00309706 0.0013125

0.00309706 0.0013125
0.0030972 0.00131836

0.0030972 0.00131836
0.00309734 0.00132422

0.00309734 0.00132422
0.00309749 0.00133008

0.00309749 0.00133008
0.00309763 0.00133594

0.00309763 0.00133594
0.00309777 0.0013418

0.00309777 0.0013418
0.00309791 0.00134766

0.00309791 0.00134766
0.00309805 0.00135352

0.00309805 0.00135352
0.00309819 0.00135937

0.00309819 0.00135937
0.00309832 0.00136523

0.00309832 0.00136523
0.00309844 0.00137031

0.00309844 0.0013703
0.00309846 0.00137109

0.00309846 0.00137109
0.00309858 0.00137695

0.00309858 0.00137695
0.0030987 0.00138281

0.0030987 0.00138281
0.00309882 0.00138867

0.00309882 0.00138867
0.00309893 0.00139453

0.00309893 0.00139453
0.00309904 0.00140039

0.00309904 0.00140039
0.00309914 0.00140625

0.00309914 0.00140625
0.00309923 0.00141211

0.00309923 0.00141211
0.00309931 0.00141797

0.00309931 0.00141797
0.00309939 0.00142383

0.00309939 0.00142383
0.00309945 0.00142969

0.00309945 0.00142969
0.00309951 0.00143555

0.00309951 0.00143555
0.00309955 0.00144141

0.00309955 0.00144141
0.00309959 0.00144727

0.00309959 0.00144727
0.00309961 0.00145312

0.00309961 0.00145312
0.00309962 0.00145898

0.00309962 0.00145898
0.00309962 0.00146484

0.00309962 0.00146484
0.0030996 0.0014707

0.0030996 0.0014707
0.00309957 0.00147656

0.00309957 0.00147656
0.00309953 0.00148242

0.00309953 0.00148242
0.00309947 0.00148828

0.00309947 0.00148828
0.00309939 0.00149414

0.00309939 0.00149414
0.00309929 0.0015

0.003075 0.00173043
0.00307413 0.00173437

0.00307414 0.00173437
0.00307281 0.00174023

0.0030728 0.00174023
0.00307141 0.00174609

0.00306914 0.00175524
0.00306849 0.00175781

0.00307141 0.00174609
0.00306997 0.00175195

0.00306914 0.00175524
0.00306997 0.00175195

0.00306328 0.00177717
0.00306213 0.00178125

0.0030685 0.00175781
0.00306699 0.00176367

0.00306699 0.00176367
0.00306542 0.00176953

0.00306542 0.00176953
0.00306379 0.00177539

0.00306328 0.00177718
0.00306379 0.00177539

0.00305156 0.001815
0.00305109 0.00181641

0.0030511 0.00181641
0.00304908 0.00182227

0.00304909 0.00182227
0.00304701 0.00182812

0.00306214 0.00178125
0.00306044 0.00178711

0.00306043 0.00178711
0.00305866 0.00179297

0.00305742 0.00179694
0.00305684 0.00179883

0.00305685 0.00179883
0.00305499 0.00180469

0.00305742 0.00179694
0.00305865 0.00179297

0.003055 0.00180469
0.00305308 0.00181055

0.00305156 0.00181501
0.00305307 0.00181055

0.00303984 0.00184719
0.00303813 0.00185156

0.0030457 0.00183167
0.00304486 0.00183398

0.00304487 0.00183398
0.00304269 0.00183984

0.0030457 0.00183168
0.003047 0.00182812

0.00304269 0.00183984
0.00304044 0.0018457

0.00303984 0.0018472
0.00304043 0.0018457

0.00303398 0.00186173
0.00303334 0.00186328

0.00303814 0.00185156
0.00303578 0.00185742

0.00303398 0.00186175
0.00303577 0.00185742

0.00303335 0.00186328
0.00303087 0.00186914

0.00303088 0.00186914
0.00302833 0.001875

0.00274687 0.00220106
0.00274345 0.00220312

0.00270586 0.00222396
0.00270064 0.00222656

0.00270586 0.00222396
0.00271172 0.00222095

0.00272344 0.00221466
0.00272309 0.00221484

0.00271758 0.00221785
0.00271218 0.0022207

0.00271172 0.00222095
0.00271219 0.0022207

0.00271758 0.00221786
0.00272313 0.00221484

0.0027 0.00222689
0.00270065 0.00222656

0.00272344 0.00221467
0.0027293 0.0022114

0.00273516 0.00220803
0.00273349 0.00220898

0.0027293 0.00221141
0.00273353 0.00220898

0.00273516 0.00220804
0.00274102 0.0022046

0.00274102 0.00220461
0.00274348 0.00220312

0.00274687 0.00220107
0.00275273 0.00219745

0.00275859 0.00219372
0.00275301 0.00219727

0.00275273 0.00219744
0.00275303 0.00219727

0.00276445 0.00218991
0.00276215 0.00219141

0.00276445 0.00218993
0.00277031 0.00218603

0.00275859 0.00219373
0.00276218 0.00219141

0.00278203 0.00217794
0.00277951 0.00217969

0.00278789 0.00217374
0.00278776 0.00217383

0.00278203 0.00217795
0.00278781 0.00217383

0.00278789 0.00217376
0.00279375 0.00216947

0.00277617 0.00218202
0.00277101 0.00218555

0.00277031 0.00218602
0.00277103 0.00218555

0.00277617 0.00218204
0.00277954 0.00217969

0.00281133 0.00215601
0.00281102 0.00215625

0.00281133 0.00215604
0.00281719 0.00215135

0.00284062 0.00213151
0.00283914 0.00213281

0.00282891 0.00214167
0.00282545 0.00214453

0.00282305 0.00214656
0.00281836 0.00215039

0.00281719 0.00215135
0.00281838 0.00215039

0.00282305 0.00214655
0.00282551 0.00214453

0.00283477 0.00213664
0.00283238 0.00213867

0.00282891 0.00214165
0.00283245 0.00213867

0.00283477 0.00213666
0.00283919 0.00213281

0.00286992 0.00210417
0.00286459 0.00210937

0.00287578 0.00209832
0.00287058 0.00210352

0.00286992 0.00210417
0.00287058 0.00210352

0.00288164 0.00209233
0.00287644 0.00209766

0.0028875 0.00208622
0.00288217 0.0020918

0.00288164 0.00209234
0.00288217 0.0020918

0.00287578 0.00209832
0.00287644 0.00209766

0.00285234 0.00212093
0.00285216 0.00212109

0.00284648 0.00212627
0.00284573 0.00212695

0.00284062 0.00213154
0.00284576 0.00212695

0.00284648 0.0021263
0.00285219 0.00212109

0.00285234 0.00212095
0.0028582 0.00211548

0.00286406 0.00210989
0.00285846 0.00211523

0.0028582 0.00211548
0.00285846 0.00211523

0.00286406 0.00210989
0.00286459 0.00210937

0.00279961 0.00216509
0.00279576 0.00216797

0.00280547 0.00216061
0.00280348 0.00216211

0.00279961 0.00216511
0.00280354 0.00216211

0.00279375 0.00216947
0.00279581 0.00216797

0.00280547 0.00216063
0.00281107 0.00215625

0.00298125 0.00196451
0.00297861 0.00196875

0.00291094 0.00206028
0.00290903 0.0020625

0.00293437 0.00203175
0.00293325 0.0020332

0.00293324 0.0020332
0.0029286 0.00203906

0.00292266 0.00204637
0.00291901 0.00205078

0.0029168 0.00205338
0.00291409 0.00205664

0.00291094 0.00206031
0.00291405 0.00205664

0.0029168 0.00205343
0.00291899 0.00205078

0.00292852 0.00203916
0.00292385 0.00204492

0.00292266 0.00204638
0.00292385 0.00204492

0.00292852 0.00203916
0.0029286 0.00203906

0.00295781 0.00200008
0.00295512 0.00200391

0.00295195 0.00200832
0.00295093 0.00200977

0.00295092 0.00200977
0.00294664 0.00201563

0.00295195 0.00200833
0.00295513 0.00200391

0.00296367 0.0019916
0.00296328 0.00199219

0.00296953 0.00198285
0.00296723 0.00198633

0.00296367 0.0019916
0.00296723 0.00198633

0.00297539 0.00197382
0.0029749 0.00197461

0.0029749 0.00197461
0.00297111 0.00198047

0.00297539 0.00197384
0.00297862 0.00196875

0.00296953 0.00198286
0.00297111 0.00198047

0.00296328 0.00199219
0.00295924 0.00199805

0.00295781 0.0020001
0.00295923 0.00199805

0.00294023 0.00202414
0.0029378 0.00202734

0.00294609 0.00201635
0.00294226 0.00202148

0.00294023 0.00202417
0.00294225 0.00202148

0.00293437 0.00203175
0.0029378 0.00202734

0.00294609 0.00201636
0.00294663 0.00201562

0.00302812 0.00187545
0.00302572 0.00188086

0.00302573 0.00188086
0.00302306 0.00188672

0.00302227 0.0018884
0.00302032 0.00189258

0.00302033 0.00189258
0.00301753 0.00189844

0.00302227 0.00188841
0.00302305 0.00188672

0.00301641 0.00190072
0.00301466 0.0019043

0.00301467 0.0019043
0.00301174 0.00191016

0.00301055 0.00191248
0.00300874 0.00191602

0.00300875 0.00191602
0.00300568 0.00192187

0.00301055 0.00191249
0.00301174 0.00191016

0.00301641 0.00190074
0.00301753 0.00189844

0.00299297 0.00194488
0.00299272 0.00194531

0.00300469 0.00192373
0.00300255 0.00192773

0.00300255 0.00192773
0.00299935 0.00193359

0.00299883 0.00193452
0.00299607 0.00193945

0.00299297 0.0019449
0.00299608 0.00193945

0.00299883 0.00193452
0.00299935 0.00193359

0.00298711 0.00195486
0.00298582 0.00195703

0.00299273 0.00194531
0.00298931 0.00195117

0.00298711 0.00195488
0.00298932 0.00195117

0.00298582 0.00195703
0.00298226 0.00196289

0.00298125 0.00196452
0.00298226 0.00196289

0.00300469 0.00192374
0.00300568 0.00192187

0.00302812 0.00187545
0.00302833 0.001875

0.00289922 0.00207355
0.00289862 0.00207422

0.00289336 0.00207995
0.00289325 0.00208008

0.00289326 0.00208008
0.00288777 0.00208594

0.00289336 0.00207996
0.00289862 0.00207422

0.00290508 0.002067
0.00290388 0.00206836

0.00289922 0.00207356
0.00290388 0.00206836

0.00290508 0.002067
0.00290902 0.0020625

0.0028875 0.00208622
0.00288777 0.00208594

0.00309844 0.00153216
0.00309833 0.00153516

0.00309833 0.00153516
0.0030981 0.00154102

0.0030981 0.00154102
0.00309784 0.00154687

0.00309929 0.0015
0.00309918 0.00150586

0.00309918 0.00150586
0.00309905 0.00151172

0.00309905 0.00151172
0.0030989 0.00151758

0.0030989 0.00151758
0.00309873 0.00152344

0.00309873 0.00152344
0.00309854 0.0015293

0.00309844 0.00153215
0.00309854 0.0015293

0.00309784 0.00154687
0.00309756 0.00155273

0.00309756 0.00155273
0.00309726 0.00155859

0.00309726 0.00155859
0.00309694 0.00156445

0.00309694 0.00156445
0.00309658 0.00157031

0.00309658 0.00157031
0.00309621 0.00157617

0.00309621 0.00157617
0.0030958 0.00158203

0.00309581 0.00158203
0.00309538 0.00158789

0.00309538 0.00158789
0.00309492 0.00159375

0.00309492 0.00159375
0.00309443 0.00159961

0.00309443 0.00159961
0.00309392 0.00160547

0.00309392 0.00160547
0.00309337 0.00161133

0.00309337 0.00161133
0.0030928 0.00161719

0.00309258 0.00161934
0.0030922 0.00162305

0.0030922 0.00162305
0.00309157 0.00162891

0.00309258 0.00161934
0.0030928 0.00161719

0.00309157 0.00162891
0.0030909 0.00163477

0.0030909 0.00163477
0.0030902 0.00164062

0.0030902 0.00164062
0.00308947 0.00164648

0.00308947 0.00164648
0.0030887 0.00165234

0.0030887 0.00165234
0.0030879 0.0016582

0.0030879 0.0016582
0.00308706 0.00166406

0.00308672 0.00166639
0.0030862 0.00166992

0.0030862 0.00166992
0.0030853 0.00167578

0.0030853 0.00167578
0.00308436 0.00168164

0.00308436 0.00168164
0.00308338 0.0016875

0.00308672 0.00166639
0.00308706 0.00166406

0.00308338 0.0016875
0.00308236 0.00169336

0.00308236 0.00169336
0.0030813 0.00169922

0.00308086 0.00170157
0.00308021 0.00170508

0.00308022 0.00170508
0.00307909 0.00171094

0.00308086 0.00170157
0.0030813 0.00169922

0.00307909 0.00171094
0.00307791 0.0017168

0.00307791 0.0017168
0.00307669 0.00172266

0.00307669 0.00172266
0.00307543 0.00172852

0.003075 0.00173043
0.00307542 0.00172852

