0.0040125 0.00210141
0.00401153 0.00210352

0.00401152 0.00210352
0.00400894 0.00210937

0.00400078 0.00213006
0.00399979 0.00213281

0.00400664 0.00211487
0.00400649 0.00211523

0.00400648 0.00211523
0.00400413 0.00212109

0.00400664 0.00211485
0.00400894 0.00210937

0.00400412 0.00212109
0.00400189 0.00212695

0.00400078 0.00213004
0.0040019 0.00212695

0.00399978 0.00213281
0.00399776 0.00213867

0.00399776 0.00213867
0.00399587 0.00214453

0.00399492 0.00214771
0.00399411 0.00215039

0.0039941 0.00215039
0.00399243 0.00215625

0.00399492 0.0021477
0.00399588 0.00214453

0.00398906 0.00216969
0.00398813 0.00217383

0.00398812 0.00217383
0.00398691 0.00217969

0.0039869 0.00217969
0.00398581 0.00218555

0.00398581 0.00218555
0.00398484 0.00219141

0.00398484 0.00219141
0.00398398 0.00219727

0.00398399 0.00219727
0.00398325 0.00220312

0.00399242 0.00215625
0.00399087 0.00216211

0.00399087 0.00216211
0.00398945 0.00216797

0.00398906 0.00216969
0.00398945 0.00216797

0.0039832 0.00220354
0.00398263 0.00220898

0.00398262 0.00220898
0.00398212 0.00221484

0.0039832 0.00220355
0.00398325 0.00220312

0.00398212 0.00221484
0.00398175 0.0022207

0.00398175 0.0022207
0.0039815 0.00222656

0.0039815 0.00222656
0.00398138 0.00223242

0.00398138 0.00223242
0.00398139 0.00223828

0.00398138 0.00223828
0.00398153 0.00224414

0.00398153 0.00224414
0.0039818 0.00225

0.00410625 0.00196822
0.00410574 0.00196875

0.00403594 0.00205747
0.0040329 0.0020625

0.00405937 0.00202287
0.00405608 0.00202734

0.00405352 0.00203092
0.0040519 0.0020332

0.00405188 0.0020332
0.00404782 0.00203906

0.00405352 0.00203092
0.00405607 0.00202734

0.0040418 0.00204818
0.00404011 0.00205078

0.00404766 0.00203932
0.0040439 0.00204492

0.0040418 0.00204817
0.0040439 0.00204492

0.0040401 0.00205078
0.00403643 0.00205664

0.00403594 0.00205747
0.00403643 0.00205664

0.00404766 0.00203932
0.00404783 0.00203906

0.00406523 0.00201518
0.00406489 0.00201563

0.00407109 0.00200774
0.00406949 0.00200977

0.00406523 0.00201514
0.00406946 0.00200977

0.00407695 0.00200058
0.00407423 0.00200391

0.00408281 0.0019937
0.00407909 0.00199805

0.00407695 0.00200061
0.00407907 0.00199805

0.00407109 0.00200774
0.00407419 0.00200391

0.00408867 0.00198702
0.00408411 0.00199219

0.00409453 0.00198055
0.00408929 0.00198633

0.00408867 0.00198702
0.00408929 0.00198633

0.00410039 0.00197432
0.00410011 0.00197461

0.00410008 0.00197461
0.00409461 0.00198047

0.00410039 0.00197429
0.00410571 0.00196875

0.00409453 0.00198055
0.00409461 0.00198047

0.00408281 0.0019937
0.00408411 0.00199219

0.00406486 0.00201562
0.0040604 0.00202148

0.00405937 0.00202288
0.00406039 0.00202148

0.00411797 0.00195653
0.00411745 0.00195703

0.00411211 0.0019623
0.00411152 0.00196289

0.00410625 0.0019682
0.00411149 0.00196289

0.00411211 0.00196227
0.00411744 0.00195703

0.00412383 0.00195091
0.00412355 0.00195117

0.00411797 0.00195651
0.00412353 0.00195117

0.00412383 0.00195089
0.00412969 0.00194541

0.00413555 0.00194006
0.00412979 0.00194531

0.00414141 0.00193483
0.00413623 0.00193945

0.00413555 0.00194006
0.00413622 0.00193945

0.00414727 0.00192972
0.00414282 0.00193359

0.00415312 0.00192474
0.00414957 0.00192773

0.00414727 0.0019297
0.00414958 0.00192773

0.00414141 0.00193483
0.00414281 0.00193359

0.00412969 0.00194541
0.00412979 0.00194531

0.00415898 0.00191984
0.00415651 0.00192187

0.00416484 0.00191503
0.00416363 0.00191602

0.00415898 0.00191981
0.00416362 0.00191602

0.00417656 0.0019057
0.0041709 0.00191016

0.00416484 0.00191501
0.0041707 0.00191031

0.0041707 0.00191031
0.00417089 0.00191016

0.00418828 0.00189676
0.00418602 0.00189844

0.00419414 0.00189239
0.00419388 0.00189258

0.00418828 0.00189672
0.00419385 0.00189258

0.00419414 0.00189237
0.0042 0.00188808

0.00418242 0.00190118
0.00417838 0.0019043

0.00417656 0.00190569
0.00417838 0.0019043

0.00418242 0.00190117
0.00418602 0.00189844

0.00415312 0.00192469
0.00415653 0.00192187

0.00402422 0.00207787
0.00402302 0.00208008

0.00402301 0.00208008
0.00401996 0.00208594

0.00403008 0.00206735
0.00402949 0.00206836

0.00402947 0.00206836
0.00402618 0.00207422

0.00403008 0.00206733
0.00403289 0.0020625

0.00402422 0.00207785
0.00402618 0.00207422

0.00401836 0.00208916
0.00401704 0.0020918

0.00401702 0.0020918
0.00401421 0.00209766

0.00401836 0.00208914
0.00401996 0.00208594

0.0040125 0.00210139
0.00401422 0.00209766

0.0039818 0.00225
0.00398222 0.00225586

0.00398221 0.00225586
0.00398277 0.00226172

0.00398277 0.00226172
0.0039832 0.00226535

0.0039832 0.00226536
0.00398347 0.00226758

0.00398347 0.00226758
0.00398434 0.00227344

0.00398434 0.00227344
0.00398536 0.0022793

0.00398536 0.0022793
0.00398655 0.00228516

0.00398654 0.00228516
0.00398789 0.00229102

0.00398788 0.00229102
0.00398906 0.00229553

0.00398906 0.00229554
0.00398941 0.00229687

0.00398942 0.00229687
0.00399116 0.00230273

0.00399117 0.00230273
0.00399309 0.00230859

0.00399307 0.00230859
0.00399492 0.00231367

0.00399492 0.00231368
0.00399521 0.00231445

0.00399522 0.00231445
0.00399759 0.00232031

0.00399758 0.00232031
0.00400018 0.00232617

0.00400017 0.00232617
0.00400078 0.00232742

0.00400078 0.0023274
0.00400305 0.00233203

0.00400305 0.00233203
0.00400619 0.00233789

0.00400617 0.00233789
0.00400664 0.0023387

0.00400664 0.00233867
0.00400962 0.00234375

0.0040096 0.00234375
0.0040125 0.00234826

0.0040125 0.00234825
0.00401337 0.00234961

0.00401338 0.00234961
0.00401749 0.00235547

0.00401749 0.00235547
0.00401836 0.00235666

0.00401836 0.00235664
0.00402195 0.00236133

0.00402198 0.00236133
0.00402422 0.00236408

0.00402422 0.00236403
0.00402686 0.00236719

0.00402691 0.00236719
0.00403008 0.00237071

0.00403008 0.00237071
0.00403227 0.00237305

0.0040323 0.00237305
0.00403594 0.00237671

0.00403594 0.00237673
0.00403822 0.00237891

0.00403823 0.00237891
0.0040418 0.00238214

0.0040418 0.00238221
0.0040448 0.00238477

0.00404481 0.00238477
0.00404766 0.00238711

0.00404766 0.00238718
0.00405207 0.00239062

0.00405212 0.00239062
0.00405352 0.00239167

0.00405352 0.00239172
0.00405937 0.0023959

0.00405937 0.00239592
0.00406025 0.00239648

0.00406029 0.00239648
0.00406523 0.00239973

0.00406523 0.00239976
0.00406951 0.00240234

0.00406961 0.00240234
0.00407109 0.00240324

0.00407109 0.00240326
0.00407695 0.00240652

0.00407695 0.00240654
0.0040802 0.0024082

0.00408029 0.0024082
0.00408281 0.00240949

0.00408281 0.0024095
0.00408867 0.00241225

0.00408867 0.00241227
0.00409286 0.00241406

0.00409295 0.00241406
0.00409453 0.00241474

0.00409453 0.00241475
0.00410039 0.00241705

0.00410039 0.00241705
0.00410625 0.00241915

0.00410625 0.00241916
0.00410859 0.00241992

0.00410866 0.00241992
0.00411211 0.00242104

0.00411211 0.00242104
0.00411797 0.00242276

0.00411797 0.00242276
0.00412383 0.0024243

0.00412383 0.00242429
0.00412969 0.00242566

0.00412969 0.00242566
0.00413027 0.00242578

0.00413029 0.00242578
0.00413555 0.00242686

0.00413555 0.00242686
0.00414141 0.00242791

0.00414141 0.00242791
0.00414727 0.00242882

0.00414727 0.00242882
0.00415312 0.00242958

0.00415312 0.00242957
0.00415898 0.00243019

0.00415898 0.00243019
0.00416484 0.00243067

0.00416484 0.00243067
0.0041707 0.00243101

0.0041707 0.00243101
0.00417656 0.00243122

0.00417656 0.00243122
0.00418242 0.00243131

0.00418242 0.00243131
0.00418828 0.00243127

0.00418828 0.00243127
0.00419414 0.00243111

0.00419414 0.00243111
0.0042 0.00243083

0.00459119 0
0.0045919 5.85937e-06

0.00459183 5.85938e-06
0.00459258 7.79526e-06

0.00459258 7.80545e-06
0.00459409 1.17187e-05

0.00459394 1.17187e-05
0.0045982 1.75781e-05

0.00459819 1.75781e-05
0.00459844 1.78493e-05

0.00459844 1.78832e-05
0.0046043 2.28917e-05

0.0046043 2.25752e-05
0.00460607 2.34375e-05

0.00460575 2.34375e-05
0.00461016 2.55791e-05

0.00461016 2.54248e-05
0.00461602 2.67308e-05

0.00461602 2.67262e-05
0.00462188 2.67237e-05

0.00463359 2.28155e-05
0.00463237 2.34375e-05

0.00464531 3.20219e-06
0.00464502 5.85937e-06

0.00464507 5.85938e-06
0.00464299 1.17187e-05

0.00463945 1.72059e-05
0.00463918 1.75781e-05

0.00463359 2.27444e-05
0.00463932 1.75781e-05

0.00463945 1.72055e-05
0.00464316 1.17187e-05

0.00462187 2.67472e-05
0.00462773 2.53982e-05

0.00462773 2.54137e-05
0.00463161 2.34375e-05

0.00464531 3.19687e-06
0.00464567 0

0.00476005 0
0.00476082 5.85937e-06

0.00476073 5.85938e-06
0.0047625 1.00096e-05

0.0047625 1.00297e-05
0.00476322 1.17187e-05

0.00476298 1.17187e-05
0.00476788 1.75781e-05

0.00476788 1.75781e-05
0.00476836 1.8017e-05

0.00476836 1.80114e-05
0.00477422 2.20011e-05

0.00477422 2.17325e-05
0.00477968 2.34375e-05

0.00478008 2.33411e-05
0.00478183 2.34375e-05

0.0047797 2.34375e-05
0.00478008 2.35541e-05

0.00478008 2.3519e-05
0.00478594 2.38342e-05

0.0047918 2.28105e-05
0.0047887 2.34375e-05

0.0047918 2.27238e-05
0.00479766 1.98608e-05

0.00480937 7.25479e-06
0.00480373 1.17187e-05

0.00480352 1.487e-05
0.00480076 1.75781e-05

0.00479766 1.98956e-05
0.00480073 1.75781e-05

0.00480352 1.47323e-05
0.00480642 1.17187e-05

0.00478594 2.35438e-05
0.00478646 2.34375e-05

0.00480937 8.28771e-06
0.00481523 7.14089e-06

0.00481523 7.74269e-06
0.00482109 8.30552e-06

0.00482109 8.41448e-06
0.00482695 9.26546e-06

0.00482695 9.35108e-06
0.00483281 1.01011e-05

0.00483281 1.01205e-05
0.00483867 1.05593e-05

0.00483867 1.0557e-05
0.00484453 1.06502e-05

0.00484453 1.06367e-05
0.00485039 1.0416e-05

0.00485039 1.03985e-05
0.00485625 9.92604e-06

0.00485625 9.90733e-06
0.00486211 9.25539e-06

0.00486211 9.24125e-06
0.00486797 8.47558e-06

0.00486797 8.45868e-06
0.00487383 7.64134e-06

0.00487383 7.63273e-06
0.00487969 6.81474e-06

0.00487969 6.87487e-06
0.00488555 5.9532e-06

0.00489141 4.81261e-06
0.00488588 5.85937e-06

0.00488555 6.00084e-06
0.00488674 5.85938e-06

0.00489141 5.03012e-06
0.00489727 5.02256e-06

0.00489727 5.19742e-06
0.00490312 5.53384e-06

0.00490312 4.91801e-06
0.00490898 5.80507e-06

0.00490848 5.85938e-06
0.00490898 5.91664e-06

0.00490898 5.24716e-06
0.00491019 5.85937e-06

0.00491079 5.85938e-06
0.00491484 8.49456e-06

0.00491484 8.17521e-06
0.0049178 1.17187e-05

0.00491647 1.17187e-05
0.00492063 1.75781e-05

0.00492033 1.75781e-05
0.0049207 1.80426e-05

0.0049207 1.80351e-05
0.00492603 2.34375e-05

0.00492617 2.34375e-05
0.00492656 2.37576e-05

0.00494676 0
0.00494934 5.85937e-06

0.0049469 5.85938e-06
0.00495 8.18078e-06

0.00492656 2.37291e-05
0.00493242 2.77641e-05

0.00493242 2.76397e-05
0.00493586 2.92969e-05

0.0049358 2.92969e-05
0.00493828 3.0492e-05

0.00493828 3.04206e-05
0.00494414 3.23742e-05

0.00494414 3.23454e-05
0.00495 3.35962e-05

0.00495586 1.89561e-06
0.00495094 5.85937e-06

0.00495 7.67772e-06
0.00495586 5.89961e-06

0.00495586 1.14945e-06
0.00495618 0

0.00495 3.35582e-05
0.00495586 3.42397e-05

0.00495586 3.41944e-05
0.00496172 3.4473e-05

0.00496172 3.44168e-05
0.00496758 3.44955e-05

0.00496758 3.44286e-05
0.00497344 3.45534e-05

0.00497344 3.44942e-05
0.0049793 3.49172e-05

0.0049793 3.49671e-05
0.00498046 3.51562e-05

0.00498137 3.51562e-05
0.00498516 3.57737e-05

0.00498516 3.58264e-05
0.00499102 3.74059e-05

0.00499102 3.74503e-05
0.00499687 3.95419e-05

0.00499687 3.95964e-05
0.00500034 4.10156e-05

0.00500033 4.10156e-05
0.00500273 4.20029e-05

0.00500273 4.20418e-05
0.00500859 4.45572e-05

0.00500859 4.46188e-05
0.00501405 4.6875e-05

0.00502525 0
0.00502583 5.85937e-06

0.00502578 5.85938e-06
0.00502617 7.11583e-06

0.00502617 7.11568e-06
0.00502761 1.17187e-05

0.00502745 1.17187e-05
0.00503093 1.75781e-05

0.00503071 1.75781e-05
0.00503203 1.91821e-05

0.00503203 1.91049e-05
0.00503692 2.34375e-05

0.00503717 2.34375e-05
0.00503789 2.38963e-05

0.00503789 2.38805e-05
0.00504375 2.6383e-05

0.00501409 4.6875e-05
0.00501445 4.70262e-05

0.00501445 4.70241e-05
0.00502031 4.92733e-05

0.00502031 4.92952e-05
0.00502617 5.13615e-05

0.00502617 5.13834e-05
0.00503056 5.27344e-05

0.00503062 5.27344e-05
0.00503203 5.31682e-05

0.00503203 5.31464e-05
0.00503789 5.47327e-05

0.00503789 5.47441e-05
0.00504375 5.61633e-05

0.00506719 2.07107e-05
0.00506345 2.34375e-05

0.00504375 2.62412e-05
0.00504961 2.70857e-05

0.00504961 2.71074e-05
0.00505547 2.6534e-05

0.00505547 2.65557e-05
0.00506133 2.44775e-05

0.00506133 2.42794e-05
0.00506268 2.34375e-05

0.00507614 0
0.00507551 5.85937e-06

0.00507556 5.85938e-06
0.00507358 1.17187e-05

0.00507305 1.28243e-05
0.00506996 1.75781e-05

0.00506719 2.04117e-05
0.00506987 1.75781e-05

0.00507305 1.27655e-05
0.00507365 1.17187e-05

0.00504375 5.61635e-05
0.00504961 5.73922e-05

0.00504961 5.73919e-05
0.00505547 5.84306e-05

0.00505547 5.84064e-05
0.00505673 5.85937e-05

0.00505661 5.85937e-05
0.00506133 5.92937e-05

0.00506133 5.92816e-05
0.00506719 6.00191e-05

0.00506719 6.00187e-05
0.00507305 6.06418e-05

0.00507305 6.06372e-05
0.00507891 6.1156e-05

0.00507891 6.1151e-05
0.00508477 6.15846e-05

0.00508477 6.15791e-05
0.00509062 6.19486e-05

0.00509062 6.19443e-05
0.00509648 6.22693e-05

0.00509648 6.22654e-05
0.00510234 6.25622e-05

0.00510234 6.25591e-05
0.0051082 6.28419e-05

0.0051082 6.28393e-05
0.00511406 6.31198e-05

0.00511406 6.31176e-05
0.00511992 6.34056e-05

0.00511992 6.34039e-05
0.00512578 6.3707e-05

0.00512578 6.37065e-05
0.00513164 6.40292e-05

0.00513164 6.403e-05
0.0051375 6.43719e-05

0.0051375 6.437e-05
0.00513886 6.44531e-05

0.00513881 6.44531e-05
0.00514336 6.47317e-05

0.00514336 6.47266e-05
0.00514922 6.51095e-05

0.00514922 6.51093e-05
0.00515508 6.55256e-05

0.00515508 6.55257e-05
0.00516094 6.59754e-05

0.00516094 6.59756e-05
0.0051668 6.64583e-05

0.0051668 6.64584e-05
0.00517266 6.69737e-05

0.00517266 6.69727e-05
0.00517852 6.75226e-05

0.00517852 6.75228e-05
0.00518437 6.8109e-05

0.00518437 6.81097e-05
0.00519023 6.87307e-05

0.00519023 6.87317e-05
0.00519609 6.9384e-05

0.00519609 6.93863e-05
0.00520195 7.00631e-05

0.00520195 7.00607e-05
0.00520408 7.03125e-05

0.00520402 7.03125e-05
0.00520781 7.07603e-05

0.00520781 7.07553e-05
0.00521367 7.14627e-05

0.00521367 7.14634e-05
0.00521953 7.21891e-05

0.00521953 7.21886e-05
0.00522539 7.29321e-05

0.00522539 7.29317e-05
0.00523125 7.36946e-05

0.00523125 7.36944e-05
0.00523711 7.44777e-05

0.00523711 7.44781e-05
0.00524297 7.52815e-05

0.00524297 7.52838e-05
0.00524883 7.61021e-05

0.00524883 7.61005e-05
0.00524933 7.61719e-05

0.00524931 7.61719e-05
0.00525469 7.69296e-05

0.00525469 7.69291e-05
0.00526055 7.77601e-05

0.00526055 7.77615e-05
0.00526641 7.85954e-05

0.00526641 7.85963e-05
0.00527227 7.94287e-05

0.00527227 7.94303e-05
0.00527812 8.02565e-05

0.00527812 8.02587e-05
0.00528398 8.1071e-05

0.00528398 8.10744e-05
0.00528984 8.18619e-05

0.00528984 8.18615e-05
0.00529117 8.20312e-05

0.00529113 8.20312e-05
0.0052957 8.26151e-05

0.0052957 8.26137e-05
0.00530156 8.33144e-05

0.00530156 8.33155e-05
0.00530742 8.39672e-05

0.00530742 8.39672e-05
0.00531328 8.45677e-05

0.00531328 8.45673e-05
0.00531914 8.51171e-05

0.00531914 8.51171e-05
0.005325 8.56171e-05

0.005325 8.56165e-05
0.00533086 8.60681e-05

0.00533086 8.60671e-05
0.00533672 8.64737e-05

0.00533672 8.64726e-05
0.00534258 8.68382e-05

0.00534258 8.68373e-05
0.00534844 8.7166e-05

0.00534844 8.7165e-05
0.0053543 8.74606e-05

0.0053543 8.74594e-05
0.00536016 8.77265e-05

0.00536016 8.77246e-05
0.00536417 8.78906e-05

0.00536407 8.78906e-05
0.00536602 8.79709e-05

0.00536602 8.79635e-05
0.00537187 8.81906e-05

0.00537187 8.81873e-05
0.00537773 8.84151e-05

0.00537773 8.84125e-05
0.00538359 8.86527e-05

0.00538359 8.865e-05
0.00538945 8.89129e-05

0.00538945 8.89102e-05
0.00539531 8.92065e-05

0.00539531 8.92039e-05
0.00540117 8.9544e-05

0.00540117 8.95415e-05
0.00540703 8.99356e-05

0.00540703 8.99332e-05
0.00541289 9.0391e-05

0.00541289 9.03887e-05
0.00541875 9.09194e-05

0.00543378 0
0.00543633 3.87965e-06

0.00543633 1.73733e-06
0.00544219 1.74368e-06

0.00544219 2.75783e-06
0.00544578 0

0.00544805 3.03162e-06
0.0054507 0

0.00546301 0
0.00546562 3.55047e-06

0.00541875 9.09178e-05
0.00542461 9.15292e-05

0.00542461 9.15285e-05
0.00543047 9.22252e-05

0.00543047 9.22252e-05
0.00543633 9.3009e-05

0.00543633 9.30085e-05
0.00544135 9.375e-05

0.00546562 1.33116e-06
0.00547148 1.28697e-06

0.00547148 3.53971e-06
0.00547407 0

0.00548615 0
0.00548906 3.90346e-06

0.00548906 1.56077e-06
0.00549492 1.57222e-06

0.00549492 3.90642e-06
0.00549784 0

0.0054412 9.375e-05
0.00544219 9.38952e-05

0.00544219 9.38789e-05
0.00544805 9.4815e-05

0.00544805 9.48156e-05
0.00545391 9.58176e-05

0.00545391 9.58185e-05
0.00545977 9.68834e-05

0.00545977 9.6886e-05
0.00546562 9.80067e-05

0.00546562 9.80103e-05
0.00547148 9.91741e-05

0.00547148 9.91723e-05
0.00547363 9.96094e-05

0.00547359 9.96094e-05
0.00547734 0.000100373

0.00547734 0.000100374
0.0054832 0.000101584

0.0054832 0.000101587
0.00548906 0.000102799

0.00548906 0.000102803
0.00549492 0.000104006

0.00549492 0.000104009
0.00550078 0.000105189

0.00550078 0.000105191
0.0055022 0.000105469

0.00550219 0.000105469
0.00550664 0.000106339

0.00550664 0.00010634
0.0055125 0.000107438

0.00554454 0
0.00554766 4.51845e-06

0.00554766 2.5301e-06
0.00555352 1.96098e-06

0.00555352 2.73548e-06
0.00555774 0

0.00555937 3.4595e-06
0.0055631 0

0.0055125 0.000107439
0.00551836 0.000108485

0.00551836 0.000108486
0.00552422 0.000109475

0.00552422 0.000109476
0.00553008 0.000110405

0.00553008 0.000110406
0.00553594 0.000111269

0.00553594 0.000111272
0.00553636 0.000111328

0.00553635 0.000111328
0.0055418 0.000112058

0.0055418 0.000112057
0.00554766 0.000112764

0.00554766 0.000112763
0.00555352 0.000113395

0.00555352 0.000113393
0.00555937 0.000113955

0.00555937 0.000113954
0.00556523 0.000114449

0.00556523 0.000114448
0.00557109 0.000114882

0.00557109 0.000114882
0.00557695 0.000115258

0.00557695 0.000115257
0.00558281 0.00011558

0.00558281 0.000115578
0.00558867 0.00011585

0.00558867 0.000115849
0.00559453 0.000116075

0.00559453 0.000116074
0.00560039 0.00011626

0.00560039 0.000116258
0.00560625 0.000116409

0.00560625 0.000116408
0.00561211 0.000116529

0.00561211 0.000116528
0.00561797 0.000116625

0.00561797 0.000116624
0.00562383 0.000116699

0.00562383 0.000116698
0.00562969 0.000116755

0.00562969 0.000116754
0.00563555 0.000116794

0.00563555 0.000116794
0.00564141 0.000116821

0.00564141 0.000116821
0.00564727 0.000116835

0.00564727 0.000116835
0.00565312 0.000116838

0.00565312 0.000116838
0.00565898 0.00011683

0.00565898 0.00011683
0.00566484 0.000116812

0.00566484 0.000116812
0.0056707 0.000116783

0.0056707 0.000116783
0.00567656 0.000116743

0.00567656 0.000116743
0.00568242 0.00011669

0.00568242 0.000116691
0.00568828 0.000116625

0.00568828 0.000116626
0.00569414 0.000116546

0.00569414 0.000116546
0.0057 0.000116452

0.00422344 0.00187167
0.00421856 0.001875

0.0042293 0.00186775
0.00422721 0.00186914

0.00422344 0.00187166
0.00422718 0.00186914

0.0042293 0.00186772
0.00423516 0.00186385

0.00424102 0.00186005
0.00423604 0.00186328

0.00424687 0.00185632
0.00424514 0.00185742

0.00424102 0.00186004
0.0042451 0.00185742

0.00423516 0.00186384
0.00423604 0.00186328

0.00425859 0.00184897
0.00425442 0.00185156

0.00426445 0.00184541
0.00426397 0.0018457

0.00425859 0.00184896
0.00426392 0.0018457

0.00426445 0.00184538
0.00427031 0.00184186

0.00424687 0.00185629
0.00425273 0.0018526

0.00425273 0.00185259
0.00425439 0.00185156

0.00427617 0.0018384
0.00427375 0.00183984

0.00427617 0.00183838
0.00428203 0.00183496

0.00427031 0.00184185
0.0042737 0.00183984

0.00428789 0.00183161
0.00428376 0.00183398

0.00428203 0.00183496
0.00428372 0.00183398

0.00428789 0.00183159
0.00429375 0.00182827

0.00429961 0.00182502
0.00429404 0.00182812

0.00430547 0.00182181
0.00430464 0.00182227

0.00429961 0.001825
0.00430458 0.00182227

0.00431719 0.0018155
0.0043155 0.00181641

0.00430547 0.00182179
0.00431133 0.00181862

0.00431133 0.0018186
0.00431544 0.00181641

0.00434062 0.00180344
0.00433814 0.00180469

0.00431719 0.00181548
0.00432305 0.0018124

0.00432891 0.00180938
0.00432666 0.00181055

0.00432305 0.00181239
0.0043266 0.00181055

0.00432891 0.00180936
0.00433477 0.00180637

0.00433477 0.00180636
0.00433808 0.00180469

0.00429375 0.00182827
0.00429401 0.00182812

0.00434062 0.00180342
0.00434648 0.00180051

0.00435234 0.00179767
0.00434997 0.00179883

0.00434648 0.0018005
0.00434991 0.00179883

0.00436406 0.00179207
0.00436217 0.00179297

0.00435234 0.00179765
0.0043582 0.00179483

0.0043582 0.00179482
0.0043621 0.00179297

0.00436406 0.00179206
0.00436992 0.00178932

0.00437578 0.00178664
0.00437477 0.00178711

0.00436992 0.0017893
0.0043747 0.00178711

0.00437578 0.00178664
0.00438164 0.00178398

0.00438164 0.00178396
0.0043875 0.00178135

0.00439336 0.00177882
0.0043878 0.00178125

0.00439336 0.0017788
0.00439922 0.00177628

0.00440508 0.00177383
0.00440137 0.00177539

0.00439922 0.00177627
0.00440131 0.00177539

0.00440508 0.00177382
0.00441094 0.00177138

0.0044168 0.00176901
0.00441552 0.00176953

0.0044168 0.00176901
0.00442266 0.00176666

0.00441094 0.00177136
0.00441544 0.00176953

0.00442266 0.00176664
0.00442852 0.00176433

0.00443437 0.0017621
0.00443028 0.00176367

0.00442852 0.00176433
0.00443023 0.00176367

0.00444609 0.00175769
0.00444576 0.00175781

0.00444609 0.00175768
0.00445195 0.00175553

0.00445195 0.00175552
0.00445781 0.00175339

0.00443437 0.0017621
0.00444023 0.00175986

0.00444023 0.00175984
0.00444568 0.00175781

0.00446367 0.00175132
0.00446188 0.00175195

0.00445781 0.00175338
0.00446181 0.00175195

0.00446367 0.00175132
0.00446953 0.00174925

0.00448125 0.00174517
0.00447857 0.00174609

0.00446953 0.00174923
0.00447539 0.00174718

0.00447539 0.00174717
0.0044785 0.00174609

0.0043875 0.00178136
0.00438775 0.00178125

0.00451641 0.0017333
0.00451316 0.00173437

0.00451641 0.00173331
0.00452227 0.00173138

0.00452227 0.00173137
0.00452813 0.00172946

0.00448125 0.00174517
0.00448711 0.00174316

0.00448711 0.00174314
0.00449297 0.00174114

0.00449883 0.00173918
0.00449568 0.00174023

0.00449297 0.00174113
0.00449563 0.00174023

0.00449883 0.00173918
0.00450469 0.0017372

0.00450469 0.00173719
0.00451055 0.00173522

0.00451055 0.00173522
0.0045131 0.00173437

0.00453398 0.00172761
0.00453114 0.00172852

0.00452812 0.00172945
0.00453108 0.00172852

0.00453398 0.00172761
0.00453984 0.00172578

0.00455156 0.00172225
0.00455017 0.00172266

0.00453984 0.00172577
0.0045457 0.00172397

0.0045457 0.00172395
0.00455009 0.00172266

0.00455156 0.00172224
0.00455742 0.00172057

0.00455742 0.00172057
0.00456328 0.00171894

0.00456328 0.00171892
0.00456914 0.00171737

0.004575 0.00171594
0.00457153 0.0017168

0.00456914 0.00171737
0.00457146 0.0017168

0.00420586 0.00188388
0.00420191 0.00188672

0.00421172 0.00187977
0.00421013 0.00188086

0.00420586 0.00188387
0.00421011 0.00188086

0.0042 0.00188807
0.00420191 0.00188672

0.00421172 0.00187973
0.00421758 0.00187566

0.00421758 0.00187565
0.00421855 0.001875

0.00475664 0.00168606
0.00475284 0.0016875

0.00475664 0.00168606
0.0047625 0.00168372

0.004575 0.00171594
0.00458086 0.00171457

0.00458086 0.00171457
0.00458672 0.00171326

0.00458672 0.00171326
0.00459258 0.00171204

0.00459258 0.00171204
0.00459844 0.00171095

0.0046043 0.00170998
0.00459861 0.00171094

0.0046043 0.00170998
0.00461016 0.00170908

0.00461016 0.00170907
0.00461602 0.00170825

0.00461602 0.00170825
0.00462188 0.00170751

0.00459844 0.00171095
0.00459851 0.00171094

0.00462187 0.00170751
0.00462773 0.00170685

0.00462773 0.00170685
0.00463359 0.00170628

0.00463359 0.00170628
0.00463945 0.00170579

0.00463945 0.00170579
0.00464531 0.00170537

0.00465117 0.00170499
0.00464986 0.00170508

0.00464531 0.00170538
0.00464985 0.00170508

0.00465117 0.00170499
0.00465703 0.00170461

0.00465703 0.00170461
0.00466289 0.00170422

0.00466289 0.00170423
0.00466875 0.00170384

0.00466875 0.00170384
0.00467461 0.00170344

0.00467461 0.00170345
0.00468047 0.00170301

0.00468047 0.00170301
0.00468633 0.00170251

0.00468633 0.00170252
0.00469219 0.00170193

0.00469219 0.00170194
0.00469805 0.00170124

0.00469805 0.00170125
0.00470391 0.00170043

0.00471563 0.00169838
0.00471117 0.00169922

0.00470391 0.00170043
0.00470977 0.00169948

0.00470977 0.00169948
0.00471116 0.00169922

0.00471562 0.00169839
0.00472148 0.00169713

0.00472148 0.00169713
0.00472734 0.0016957

0.00472734 0.0016957
0.0047332 0.00169409

0.00473906 0.0016923
0.00473558 0.00169336

0.0047332 0.0016941
0.00473565 0.00169336

0.00473906 0.00169231
0.00474492 0.00169038

0.00474492 0.00169038
0.00475078 0.0016883

0.00475078 0.00168831
0.00475291 0.0016875

0.00476836 0.00168123
0.00476739 0.00168164

0.0047625 0.00168373
0.00476749 0.00168164

0.00476836 0.00168126
0.00477422 0.00167871

0.00478594 0.00167341
0.00478076 0.00167578

0.00477422 0.00167871
0.00478008 0.00167609

0.00478008 0.00167609
0.00478075 0.00167578

0.00480937 0.00166255
0.0048061 0.00166406

0.00478594 0.0016734
0.0047918 0.00167069

0.00479766 0.00166798
0.00479348 0.00166992

0.0047918 0.00167069
0.00479345 0.00166992

0.00479766 0.00166797
0.00480352 0.00166524

0.00480352 0.00166523
0.00480604 0.00166406

0.00480937 0.00166253
0.00481523 0.00165985

0.00482109 0.00165722
0.00481892 0.0016582

0.00481523 0.00165983
0.00481884 0.0016582

0.00483281 0.0016521
0.00483225 0.00165234

0.00482109 0.00165722
0.00482695 0.00165462

0.00482695 0.00165458
0.00483214 0.00165234

0.00483281 0.0016521
0.00483867 0.00164964

0.00483867 0.0016496
0.00484453 0.0016472

0.00485039 0.00164495
0.00484645 0.00164648

0.00484453 0.00164719
0.00484634 0.00164648

0.00485039 0.00164495
0.00485625 0.00164272

0.00486211 0.0016406
0.00486797 0.00163861

0.00486797 0.00163861
0.00487383 0.00163666

0.00487383 0.00163662
0.00487969 0.0016348

0.00488555 0.00163316
0.00487993 0.00163477

0.00487969 0.0016348
0.0048798 0.00163477

0.00488555 0.00163316
0.00489141 0.00163154

0.00490312 0.00162866
0.00490205 0.00162891

0.00489141 0.00163153
0.00489727 0.00163

0.00489727 0.00162998
0.00490186 0.00162891

0.00485625 0.00164268
0.00486193 0.00164062

0.00490312 0.00162864
0.00490898 0.00162739

0.00490898 0.00162739
0.00491484 0.00162623

0.00491484 0.00162623
0.0049207 0.00162516

0.0049207 0.00162515
0.00492656 0.00162418

0.00492656 0.00162415
0.00493242 0.00162332

0.00493828 0.00162266
0.00493499 0.00162305

0.00493242 0.00162333
0.00493485 0.00162305

0.00493828 0.00162266
0.00494414 0.00162207

0.00494414 0.00162207
0.00495 0.00162157

0.00459258 0.00224842
0.00459003 0.00225

0.00459258 0.00224843
0.00459844 0.0022448

0.00461016 0.00223755
0.00460896 0.00223828

0.0046043 0.00224117
0.0045995 0.00224414

0.00459844 0.0022448
0.00459952 0.00224414

0.0046043 0.00224118
0.004609 0.00223828

0.00461016 0.00223756
0.00461602 0.00223394

0.00462188 0.00223032
0.00461847 0.00223242

0.00461602 0.00223395
0.00461849 0.00223242

0.00466875 0.00220131
0.00466581 0.00220312

0.00463359 0.00222309
0.00462797 0.00222656

0.00463945 0.00221946
0.00463744 0.0022207

0.00463359 0.0022231
0.00463747 0.0022207

0.00463945 0.00221947
0.00464531 0.00221584

0.00462187 0.00223033
0.00462773 0.00222672

0.00462773 0.00222672
0.00462799 0.00222656

0.00465117 0.0022122
0.00464691 0.00221484

0.00465703 0.00220856
0.00465634 0.00220898

0.00465117 0.00221222
0.00465639 0.00220898

0.00464531 0.00221584
0.00464693 0.00221484

0.00465703 0.00220858
0.00466289 0.00220494

0.00466289 0.00220495
0.00466584 0.00220312

0.00475078 0.00215308
0.00474545 0.00215625

0.00475664 0.0021495
0.00475518 0.00215039

0.00475078 0.00215311
0.00475525 0.00215039

0.00475664 0.00214954
0.0047625 0.00214585

0.00466875 0.00220133
0.00467461 0.00219772

0.00468047 0.00219412
0.00467533 0.00219727

0.00467461 0.00219771
0.00467535 0.00219727

0.00468633 0.00219055
0.00468491 0.00219141

0.00468633 0.00219056
0.00469219 0.00218704

0.00468047 0.00219413
0.00468495 0.00219141

0.00470977 0.0021767
0.00470462 0.00217969

0.00471563 0.00217332
0.00471474 0.00217383

0.00470977 0.00217672
0.00471479 0.00217383

0.00469805 0.00218354
0.00469467 0.00218555

0.00469219 0.00218704
0.0046947 0.00218555

0.00469805 0.00218356
0.00470391 0.00218012

0.00470391 0.00218012
0.00470465 0.00217969

0.00472734 0.00216665
0.00472502 0.00216797

0.00471562 0.00217334
0.00472148 0.00217

0.00472148 0.00217001
0.00472508 0.00216797

0.00472734 0.00216668
0.0047332 0.00216334

0.00473906 0.00215996
0.00473531 0.00216211

0.0047332 0.00216335
0.00473536 0.00216211

0.00473906 0.00215999
0.00474492 0.00215658

0.00474492 0.00215658
0.00474548 0.00215625

0.00487383 0.00206211
0.0048729 0.0020625

0.00487383 0.00206211
0.00487969 0.00206008

0.00487969 0.0020601
0.00488555 0.00205845

0.00488555 0.00205846
0.00489141 0.00205714

0.00489727 0.00205614
0.00489435 0.00205664

0.00489141 0.00205714
0.00489435 0.00205664

0.00489727 0.00205616
0.00490312 0.00205543

0.00490312 0.00205545
0.00490898 0.00205492

0.00490898 0.00205493
0.00491484 0.00205457

0.00491484 0.00205458
0.0049207 0.00205436

0.0049207 0.00205437
0.00492656 0.00205426

0.00492656 0.00205427
0.00493242 0.00205424

0.00493242 0.00205425
0.00493828 0.00205427

0.00493828 0.00205427
0.00494414 0.00205431

0.00494414 0.00205432
0.00495 0.00205436

0.00478594 0.00212955
0.00478155 0.00213281

0.00476836 0.00214202
0.00476451 0.00214453

0.00477422 0.00213802
0.00477325 0.00213867

0.00476836 0.00214205
0.00477334 0.00213867

0.0047625 0.00214586
0.00476455 0.00214453

0.00477422 0.00213807
0.00478008 0.00213391

0.00478008 0.0021339
0.00478159 0.00213281

0.00479766 0.00212023
0.0047966 0.00212109

0.0047918 0.00212501
0.00478926 0.00212695

0.00478594 0.00212956
0.00478933 0.00212695

0.0047918 0.00212503
0.00479665 0.00212109

0.00479766 0.00212026
0.00480352 0.00211531

0.00480937 0.00211018
0.00480359 0.00211523

0.00480352 0.00211532
0.00480361 0.00211523

0.00481523 0.00210491
0.00481026 0.00210937

0.00482109 0.00209956
0.00481673 0.00210352

0.00481523 0.0021049
0.00481676 0.00210352

0.00482695 0.00209422
0.00482313 0.00209766

0.00483281 0.00208896
0.00482959 0.0020918

0.00482695 0.00209418
0.00482962 0.0020918

0.00482109 0.00209954
0.00482317 0.00209766

0.00483867 0.00208391
0.00483626 0.00208594

0.00484453 0.00207918
0.00484338 0.00208008

0.00483867 0.00208386
0.00484336 0.00208008

0.00485625 0.00207092
0.00485127 0.00207422

0.00484453 0.00207912
0.00485039 0.0020748

0.00485039 0.00207479
0.00485125 0.00207422

0.00483281 0.0020889
0.0048363 0.00208594

0.00480937 0.00211018
0.00481028 0.00210937

0.00486211 0.00206753
0.00486068 0.00206836

0.00485625 0.00207089
0.00486061 0.00206836

0.00486211 0.00206751
0.00486797 0.00206458

0.00486797 0.00206458
0.00487288 0.0020625

0.0042 0.00243083
0.00420586 0.00243044

0.00420586 0.00243044
0.00421172 0.00242993

0.00421172 0.00242993
0.00421758 0.00242931

0.00421758 0.00242931
0.00422344 0.00242858

0.00422344 0.00242858
0.0042293 0.00242775

0.0042293 0.00242775
0.00423516 0.00242681

0.00424102 0.00242575
0.00424082 0.00242578

0.00424102 0.00242576
0.00424687 0.00242461

0.00423516 0.00242681
0.00424095 0.00242578

0.00424687 0.00242462
0.00425273 0.00242337

0.00425273 0.00242337
0.00425859 0.00242203

0.00425859 0.00242203
0.00426445 0.00242059

0.00427031 0.00241905
0.00426698 0.00241992

0.00426445 0.0024206
0.00426704 0.00241992

0.00428789 0.00241389
0.00428735 0.00241406

0.00428789 0.00241391
0.00429375 0.00241202

0.00427031 0.00241905
0.00427617 0.00241743

0.00427617 0.00241743
0.00428203 0.00241572

0.00428203 0.00241572
0.00428742 0.00241406

0.00429375 0.00241202
0.00429961 0.00241005

0.00430547 0.00240798
0.00430482 0.0024082

0.00429961 0.00241006
0.00430489 0.0024082

0.00430547 0.00240799
0.00431133 0.00240585

0.00431133 0.00240585
0.00431719 0.00240364

0.00432305 0.00240133
0.00432047 0.00240234

0.00432305 0.00240134
0.00432891 0.00239897

0.00431719 0.00240365
0.00432052 0.00240234

0.00432891 0.00239898
0.00433477 0.00239654

0.00434062 0.00239401
0.00433486 0.00239648

0.00433477 0.00239654
0.00433489 0.00239648

0.00435234 0.00238877
0.00434825 0.00239062

0.00435234 0.00238878
0.0043582 0.00238606

0.00436406 0.00238327
0.00436091 0.00238477

0.0043582 0.00238607
0.00436094 0.00238477

0.00437578 0.00237752
0.00437298 0.00237891

0.00436406 0.00238328
0.00436992 0.00238043

0.00436992 0.00238044
0.00437302 0.00237891

0.00437578 0.00237753
0.00438164 0.00237457

0.0043875 0.00237154
0.00438458 0.00237305

0.00438164 0.00237458
0.00438461 0.00237305

0.00434062 0.00239402
0.00434648 0.00239143

0.00434648 0.00239144
0.00434828 0.00239062

0.00444023 0.00234229
0.00443773 0.00234375

0.00444023 0.0023423
0.00444609 0.00233886

0.00445781 0.00233188
0.00445755 0.00233203

0.00445195 0.00233538
0.00444771 0.00233789

0.00444609 0.00233886
0.00444773 0.00233789

0.00445195 0.00233539
0.00445758 0.00233203

0.00448125 0.00231767
0.00447693 0.00232031

0.00445781 0.00233189
0.00446367 0.00232836

0.00446953 0.00232481
0.00446729 0.00232617

0.00446367 0.00232837
0.00446731 0.00232617

0.00446953 0.00232482
0.00447539 0.00232126

0.00447539 0.00232126
0.00447695 0.00232031

0.00439922 0.00236536
0.00439578 0.00236719

0.00439922 0.00236537
0.00440508 0.0023622

0.00441094 0.00235898
0.00440665 0.00236133

0.00440508 0.0023622
0.00440667 0.00236133

0.0043875 0.00237155
0.00439336 0.00236848

0.00439336 0.00236849
0.00439581 0.00236719

0.00442266 0.00235242
0.00441724 0.00235547

0.00441094 0.00235899
0.0044168 0.00235573

0.0044168 0.00235573
0.00441726 0.00235547

0.00442852 0.00234907
0.00442757 0.00234961

0.00442266 0.00235243
0.00442761 0.00234961

0.00442852 0.00234908
0.00443437 0.00234571

0.00443437 0.00234571
0.00443775 0.00234375

0.00451641 0.00229592
0.00451486 0.00229687

0.00451641 0.00229592
0.00452227 0.00229227

0.00452813 0.00228861
0.00452426 0.00229102

0.00452227 0.00229227
0.00452428 0.00229102

0.00448711 0.00231407
0.00448647 0.00231445

0.00448125 0.00231768
0.00448651 0.00231445

0.00448711 0.00231408
0.00449297 0.00231047

0.00449883 0.00230684
0.00449599 0.00230859

0.00449883 0.00230685
0.00450469 0.00230321

0.00449297 0.00231047
0.00449601 0.00230859

0.00451055 0.00229957
0.00450545 0.00230273

0.00450469 0.00230321
0.00450547 0.00230273

0.00451055 0.00229957
0.00451488 0.00229687

0.00453398 0.00228494
0.00453363 0.00228516

0.00453398 0.00228495
0.00453984 0.00228129

0.00452812 0.00228861
0.00453366 0.00228516

0.0045457 0.00227762
0.00454302 0.0022793

0.00453984 0.00228129
0.00454304 0.0022793

0.0045457 0.00227763
0.00455156 0.00227397

0.00455742 0.0022703
0.0045524 0.00227344

0.00456328 0.00226664
0.00456177 0.00226758

0.00455742 0.00227031
0.0045618 0.00226758

0.004575 0.00225934
0.00457118 0.00226172

0.00456328 0.00226665
0.00456914 0.002263

0.00456914 0.002263
0.0045712 0.00226172

0.00455156 0.00227397
0.00455242 0.00227344

0.00458086 0.00225569
0.00458057 0.00225586

0.004575 0.00225935
0.00458061 0.00225586

0.00458086 0.0022557
0.00458672 0.00225206

0.00458672 0.00225207
0.00459005 0.00225

0.00495 0.00162157
0.00495586 0.00162117

0.00495586 0.00162117
0.00496172 0.00162088

0.00496172 0.00162088
0.00496758 0.0016207

0.00496758 0.0016207
0.00497344 0.00162065

0.00497344 0.00162065
0.0049793 0.00162072

0.0049793 0.00162072
0.00498516 0.0016209

0.00498516 0.0016209
0.00499102 0.00162118

0.00499102 0.00162118
0.00499687 0.00162157

0.00499687 0.00162157
0.00500273 0.00162208

0.00500273 0.00162207
0.00500859 0.00162272

0.00500859 0.00162272
0.00501095 0.00162305

0.0050109 0.00162305
0.00501445 0.00162354

0.00501445 0.00162356
0.00502031 0.00162446

0.00502031 0.00162444
0.00502617 0.00162542

0.00502617 0.00162541
0.00503203 0.00162652

0.00503203 0.00162652
0.00503789 0.0016278

0.00503789 0.0016278
0.00504232 0.00162891

0.00504227 0.00162891
0.00504375 0.00162927

0.00504375 0.0016293
0.00504961 0.00163086

0.00504961 0.00163083
0.00505547 0.00163249

0.00505547 0.00163248
0.00506133 0.00163434

0.00506133 0.00163434
0.00506258 0.00163477

0.00506246 0.00163477
0.00506719 0.00163639

0.00506719 0.00163637
0.00507305 0.00163852

0.00507305 0.0016385
0.00507832 0.00164062

0.00507829 0.00164062
0.00507891 0.00164087

0.00507891 0.0016409
0.00508477 0.00164343

0.00508477 0.00164339
0.00509062 0.00164611

0.00509062 0.0016461
0.0050914 0.00164648

0.00509131 0.00164648
0.00509648 0.00164906

0.00509648 0.00164902
0.00510234 0.00165214

0.00510234 0.00165213
0.00510272 0.00165234

0.00510265 0.00165234
0.0051082 0.00165551

0.0051082 0.00165545
0.00511271 0.0016582

0.00511265 0.0016582
0.00511406 0.00165907

0.00511406 0.00165906
0.00511992 0.00166291

0.00511992 0.00166291
0.00512163 0.00166406

0.00512157 0.00166406
0.00512578 0.001667

0.00512578 0.00166696
0.00512975 0.00166992

0.00512967 0.00166992
0.00513164 0.00167139

0.00513164 0.00167135
0.00513715 0.00167578

0.00513714 0.00167578
0.0051375 0.00167608

0.0051375 0.00167606
0.00514336 0.00168112

0.00514336 0.00168112
0.00514394 0.00168164

0.00514393 0.00168164
0.00514922 0.00168655

0.00514922 0.00168656
0.00515019 0.0016875

0.0051502 0.0016875
0.00515508 0.00169242

0.00515508 0.00169242
0.00515597 0.00169336

0.00515599 0.00169336
0.00516094 0.00169876

0.00516094 0.00169876
0.00516135 0.00169922

0.00516134 0.00169922
0.00516633 0.00170508

0.00516635 0.00170508
0.0051668 0.00170563

0.0051668 0.00170568
0.00517096 0.00171094

0.00517099 0.00171094
0.00517266 0.00171322

0.00517266 0.00171326
0.00517526 0.0017168

0.00517528 0.0017168
0.00517852 0.00172153

0.00517852 0.00172152
0.00517926 0.00172266

0.00517926 0.00172266
0.00518298 0.00172852

0.005183 0.00172852
0.00518437 0.00173085

0.00518437 0.00173089
0.00518643 0.00173437

0.00518644 0.00173437
0.00518965 0.00174023

0.00518966 0.00174023
0.00519023 0.00174137

0.00519023 0.00174141
0.0051926 0.00174609

0.0051926 0.00174609
0.00519533 0.00175195

0.00519535 0.00175195
0.00519609 0.0017537

0.00519609 0.00175373
0.00519784 0.00175781

0.00519783 0.00175781
0.00520013 0.00176367

0.00520014 0.00176367
0.00520195 0.00176875

0.00520195 0.00176876
0.00520223 0.00176953

0.00520222 0.00176953
0.00520411 0.00177539

0.00520411 0.00177539
0.00520581 0.00178125

0.00520581 0.00178125
0.00520732 0.00178711

0.00520733 0.00178711
0.00520781 0.00178926

0.00520781 0.00178928
0.00520865 0.00179297

0.00520865 0.00179297
0.00520979 0.00179883

0.00520979 0.00179883
0.00521076 0.00180469

0.00521076 0.00180469
0.00521155 0.00181055

0.00521155 0.00181055
0.00521217 0.00181641

0.00521217 0.00181641
0.00521263 0.00182227

0.00521263 0.00182227
0.00521291 0.00182812

0.00521291 0.00182812
0.00521302 0.00183398

0.00521302 0.00183398
0.00521297 0.00183984

0.00521297 0.00183984
0.00521275 0.0018457

0.00521275 0.0018457
0.00521237 0.00185156

0.00521237 0.00185156
0.00521181 0.00185742

0.00521181 0.00185742
0.00521109 0.00186328

0.00521109 0.00186328
0.0052102 0.00186914

0.0052102 0.00186914
0.00520914 0.001875

0.00495 0.00205437
0.00495586 0.0020544

0.00495586 0.0020544
0.00496172 0.0020544

0.00496172 0.00205441
0.00496758 0.00205436

0.00496758 0.00205436
0.00497344 0.00205426

0.00497344 0.00205426
0.0049793 0.00205409

0.0049793 0.00205409
0.00498516 0.00205383

0.00498516 0.00205383
0.00499102 0.00205349

0.00499102 0.00205349
0.00499687 0.00205305

0.00499687 0.00205305
0.00500273 0.0020525

0.00500273 0.0020525
0.00500859 0.00205185

0.00502031 0.00205018
0.00501637 0.00205078

0.00500859 0.00205185
0.00501445 0.00205107

0.00501445 0.00205107
0.00501638 0.00205078

0.00502031 0.00205018
0.00502617 0.00204916

0.00502617 0.00204916
0.00503203 0.00204801

0.00503203 0.00204801
0.00503789 0.00204671

0.00503789 0.00204671
0.00504375 0.00204527

0.00506719 0.00203799
0.00506413 0.00203906

0.00504961 0.00204369
0.00504505 0.00204492

0.00504375 0.00204527
0.00504505 0.00204492

0.00504961 0.0020437
0.00505547 0.00204196

0.00505547 0.00204196
0.00506133 0.00204006

0.00506133 0.00204006
0.00506415 0.00203906

0.00506719 0.002038
0.00507305 0.00203576

0.00507305 0.00203576
0.00507891 0.00203334

0.00508477 0.00203074
0.00507922 0.0020332

0.00507891 0.00203334
0.00507922 0.0020332

0.00508477 0.00203074
0.00509062 0.00202794

0.00511406 0.00201455
0.00511236 0.00201563

0.00511406 0.00201457
0.00511992 0.00201061

0.00512578 0.00200637
0.00512109 0.00200977

0.00511992 0.0020106
0.00512112 0.00200977

0.00513164 0.00200185
0.00512895 0.00200391

0.0051375 0.00199696
0.00513621 0.00199805

0.00513164 0.00200186
0.00513624 0.00199805

0.00512578 0.00200637
0.00512901 0.00200391

0.00509648 0.00202493
0.00509178 0.00202734

0.00509648 0.00202494
0.00510234 0.00202171

0.00509062 0.00202794
0.00509179 0.00202734

0.0051082 0.00201825
0.00510273 0.00202148

0.00510234 0.00202171
0.00510274 0.00202148

0.0051082 0.00201827
0.00511239 0.00201562

0.00518437 0.00194066
0.00518162 0.00194531

0.0051668 0.00196646
0.005165 0.00196875

0.00517266 0.00195873
0.00516961 0.00196289

0.0051668 0.0019665
0.00516961 0.00196289

0.00517852 0.00195016
0.00517788 0.00195117

0.0051779 0.00195117
0.0051739 0.00195703

0.00517852 0.0019502
0.00518163 0.00194531

0.00517266 0.00195877
0.00517388 0.00195703

0.00520781 0.00188124
0.00520649 0.00188672

0.00520649 0.00188672
0.0052049 0.00189258

0.0052049 0.00189258
0.00520312 0.00189844

0.00519609 0.00191728
0.00519408 0.00192187

0.00520195 0.00190192
0.00520116 0.0019043

0.00520116 0.0019043
0.005199 0.00191016

0.00520195 0.00190194
0.00520313 0.00189844

0.005199 0.00191016
0.00519665 0.00191602

0.00519609 0.00191729
0.00519665 0.00191602

0.00520914 0.001875
0.00520791 0.00188086

0.00520781 0.00188124
0.0052079 0.00188086

0.00519023 0.00192984
0.00518831 0.00193359

0.00519409 0.00192187
0.00519131 0.00192773

0.00519023 0.00192985
0.00519132 0.00192773

0.00518832 0.00193359
0.00518509 0.00193945

0.00518437 0.00194067
0.00518509 0.00193945

0.00514336 0.00199174
0.00514287 0.00199219

0.00514922 0.00198614
0.00514903 0.00198633

0.00514336 0.0019918
0.00514908 0.00198633

0.00515508 0.0019801
0.00515473 0.00198047

0.00516094 0.00197357
0.00516004 0.00197461

0.00515508 0.00198015
0.00516009 0.00197461

0.00514922 0.00198619
0.00515479 0.00198047

0.0051375 0.00199701
0.00514291 0.00199219

0.00516094 0.0019736
0.00516502 0.00196875

0.0057 0.000116452
0.00570586 0.000116342

0.00570586 0.000116342
0.00571172 0.000116214

0.00571172 0.000116214
0.00571758 0.000116068

0.00571758 0.000116068
0.00572344 0.000115901

0.00572344 0.000115902
0.0057293 0.000115713

0.0057293 0.000115714
0.00573516 0.000115501

0.00573516 0.000115501
0.00574102 0.000115264

0.00574102 0.000115264
0.00574687 0.000115

0.00574687 0.000115
0.00575273 0.00011471

0.00575273 0.00011471
0.00575859 0.000114391

0.00575859 0.000114392
0.00576445 0.000114041

0.00576445 0.000114041
0.00577031 0.000113655

0.00577031 0.000113657
0.00577617 0.00011323

0.00577617 0.000113231
0.00578203 0.000112757

0.00578203 0.000112756
0.00578789 0.000112235

0.00578789 0.000112231
0.00579375 0.000111674

0.00579961 0.000111084
0.00579715 0.000111328

0.00579375 0.000111678
0.00579727 0.000111328

0.00579961 0.000111106
0.00580547 0.000110475

0.00580547 0.000110475
0.00581133 0.000109768

0.00581133 0.000109765
0.00581719 0.000108986

0.00581719 0.000108982
0.00582305 0.000108146

0.00582305 0.000108142
0.00582891 0.000107261

0.00584062 0.000105384
0.00584011 0.000105469

0.00582891 0.000107261
0.00583477 0.000106345

0.00583477 0.00010635
0.00584013 0.000105469

0.00584062 0.00013731
0.00583626 0.000140625

0.00581719 0.000164495
0.00581473 0.000169922

0.00581475 0.000169922
0.00581268 0.000175781

0.00581133 0.000180814
0.00581111 0.000181641

0.00581115 0.000181641
0.00581011 0.0001875

0.00581133 0.000180927
0.00581268 0.000175781

0.00582891 0.000147423
0.00582467 0.000152344

0.00582305 0.000154628
0.00582057 0.000158203

0.00582067 0.000158203
0.00581737 0.000164062

0.00582305 0.000154797
0.00582476 0.000152344

0.00583477 0.00014176
0.00582975 0.000146484

0.00582891 0.000147455
0.00582981 0.000146484

0.00583477 0.000141785
0.00583623 0.000140625

0.00581719 0.000164498
0.00581738 0.000164062

0.00584062 0.000105397
0.00584648 0.000104361

0.00584648 0.000104348
0.00585234 0.000103246

0.00585234 0.000103241
0.0058582 0.000102106

0.0058582 0.000102108
0.00586406 0.000100947

0.00584648 0.000133754
0.00584482 0.000134766

0.00584062 0.000137371
0.00584482 0.000134766

0.00584648 0.000133718
0.00585234 0.000130803

0.0058582 0.000128617
0.00585745 0.000128906

0.0058582 0.000128627
0.00586406 0.000126954

0.00585234 0.000130842
0.00585742 0.000128906

0.0058582 0.000128918
0.00585825 0.000128906

0.00586406 0.000100961
0.00586992 9.97447e-05

0.00587578 9.84615e-05
0.00587045 9.96094e-05

0.00586992 9.9744e-05
0.00587055 9.96094e-05

0.00587578 9.84647e-05
0.00588164 9.71907e-05

0.00588164 9.7198e-05
0.0058875 9.58954e-05

0.00586406 0.000126961
0.00586992 0.000125801

0.00586992 0.000125811
0.00587578 0.000125131

0.00587578 0.000125136
0.00588164 0.000124907

0.00588164 0.000124904
0.0058875 0.000125123

0.00581011 0.0001875
0.00580953 0.000193359

0.00580953 0.000193359
0.00580939 0.000199219

0.00580939 0.000199219
0.0058097 0.000205078

0.00580969 0.000205078
0.00581044 0.000210937

0.00581044 0.000210937
0.00581133 0.000215274

0.00581133 0.000215274
0.00581164 0.000216797

0.00581163 0.000216797
0.00581332 0.000222656

0.00581331 0.000222656
0.00581551 0.000228516

0.00581551 0.000228516
0.00581719 0.00023209

0.00581719 0.000232136
0.00581824 0.000234375

0.00581823 0.000234375
0.00582162 0.000240234

0.00582165 0.000240234
0.00582305 0.000242294

0.00582305 0.000242348
0.00582568 0.000246094

0.00582572 0.000246094
0.00582891 0.000249935

0.00582891 0.00024997
0.00583067 0.000251953

0.00583069 0.000251953
0.00583477 0.000256012

0.00583477 0.000256035
0.0058368 0.000257812

0.00583683 0.000257812
0.00584062 0.000260929

0.00584062 0.000260967
0.00584453 0.000263672

0.00584457 0.000263672
0.00584648 0.000264944

0.00584648 0.000264969
0.00585234 0.000268282

0.00585234 0.000268279
0.00585509 0.000269531

0.00585514 0.000269531
0.0058582 0.000270928

0.0058582 0.000270918
0.00586406 0.000273009

0.00586406 0.000272999
0.00586992 0.000274573

0.00586992 0.000274574
0.00587437 0.000275391

0.00587441 0.000275391
0.00587578 0.000275642

0.00587578 0.000275643
0.00588164 0.000276233

0.00588164 0.000276231
0.0058875 0.000276352

0.00589922 9.30846e-05
0.00589647 9.375e-05

0.00589922 9.30984e-05
0.00590508 9.16729e-05

0.00590508 9.16875e-05
0.00591094 9.02401e-05

0.00591094 9.0247e-05
0.0059168 8.87345e-05

0.00592266 8.7139e-05
0.00591983 8.78906e-05

0.0059168 8.87365e-05
0.00591997 8.78906e-05

0.00592266 8.71533e-05
0.00592852 8.55866e-05

0.00592852 8.55976e-05
0.00593437 8.40133e-05

0.00595112 0
0.00595195 2.2893e-06

0.00595195 2.44389e-06
0.00595781 5.0805e-06

0.00595781 5.46275e-06
0.00596113 0

0.00594609 8.06928e-05
0.00594138 8.20312e-05

0.00593437 8.40203e-05
0.00594023 8.23825e-05

0.00594023 8.23821e-05
0.00594147 8.20312e-05

0.00594609 8.07046e-05
0.00595195 7.90439e-05

0.00595195 7.90496e-05
0.00595781 7.73674e-05

0.00596367 7.56409e-05
0.00596185 7.61719e-05

0.00595781 7.73704e-05
0.00596192 7.61719e-05

0.00596367 7.56469e-05
0.00596953 7.39377e-05

0.00596953 7.39431e-05
0.00597539 7.22399e-05

0.00597539 7.22429e-05
0.00598125 7.05291e-05

0.0058875 9.59054e-05
0.00589336 9.45395e-05

0.00589336 9.45415e-05
0.00589663 9.375e-05

0.0058875 0.000125117
0.00589336 0.000125806

0.00589336 0.000125798
0.00589922 0.000126984

0.00589922 0.000126987
0.00590508 0.00012868

0.00590508 0.000128666
0.00590572 0.000128906

0.0059057 0.000128906
0.00591094 0.000130881

0.00591094 0.000130848
0.0059168 0.000133659

0.0059168 0.000133643
0.00591871 0.000134766

0.00591864 0.000134766
0.00592266 0.000137147

0.00592266 0.000137068
0.00592758 0.000140625

0.00592744 0.000140625
0.00592852 0.000141432

0.00592852 0.000141267
0.00593437 0.000146451

0.00593424 0.000146484
0.00593437 0.000146616

0.00593437 0.000146443
0.00593442 0.000146484

0.00593442 0.000146484
0.00593988 0.000152344

0.00593972 0.000152344
0.00594023 0.000152981

0.00594023 0.000152878
0.00594431 0.000158203

0.00594425 0.000158203
0.00594609 0.000161132

0.00594609 0.00016108
0.00594797 0.000164062

0.00594794 0.000164062
0.00595097 0.000169922

0.00595094 0.000169922
0.00595195 0.000172355

0.00595195 0.0001723
0.00595341 0.000175781

0.00595339 0.000175781
0.00595531 0.000181641

0.0059553 0.000181641
0.00595673 0.0001875

0.00598711 6.88076e-05
0.00598195 7.03125e-05

0.00598711 6.88115e-05
0.00599297 6.71216e-05

0.00599297 6.71227e-05
0.00599883 6.54456e-05

0.00600469 6.37789e-05
0.00600231 6.44531e-05

0.00599883 6.54445e-05
0.00600233 6.44531e-05

0.00598125 7.05286e-05
0.00598199 7.03125e-05

0.00600469 6.37787e-05
0.00601055 6.21482e-05

0.00601055 6.21487e-05
0.00601641 6.05536e-05

0.00602812 5.74709e-05
0.00602379 5.85937e-05

0.00601641 6.05534e-05
0.00602227 5.89931e-05

0.00602227 5.89912e-05
0.0060238 5.85937e-05

0.00602812 5.74705e-05
0.00603398 5.60033e-05

0.00603398 5.6003e-05
0.00603984 5.45892e-05

0.00603984 5.45897e-05
0.0060457 5.32293e-05

0.00605156 5.19238e-05
0.00604792 5.27344e-05

0.0060457 5.32266e-05
0.00604791 5.27344e-05

0.00605156 5.19224e-05
0.00605742 5.06789e-05

0.00605742 5.06783e-05
0.00606328 4.94987e-05

0.00606328 4.94998e-05
0.00606914 4.83832e-05

0.00606914 4.83844e-05
0.006075 4.73261e-05

0.0058875 0.000276354
0.00589336 0.000276009

0.00589922 0.000275172
0.00589768 0.000275391

0.00589336 0.000276021
0.0058978 0.000275391

0.00589922 0.000275188
0.00590508 0.000273844

0.00589922 0.000275397
0.00589925 0.000275391

0.00590508 0.000273845
0.00591094 0.000271979

0.00592266 0.000266488
0.00591688 0.000269531

0.00591094 0.000272004
0.0059168 0.000269563

0.0059168 0.000269559
0.00591685 0.000269531

0.00592852 0.000262612
0.00592691 0.000263672

0.00592266 0.000266567
0.00592703 0.000263672

0.00592852 0.000262693
0.00593437 0.00025785

0.00595672 0.0001875
0.00595769 0.000193359

0.00595769 0.000193359
0.00595781 0.000194803

0.00595781 0.000211597
0.00595707 0.000216797

0.00595708 0.000216797
0.00595576 0.000222656

0.00595195 0.000233454
0.00595158 0.000234375

0.00595577 0.000222656
0.00595393 0.000228516

0.00595195 0.000233362
0.00595394 0.000228516

0.00595781 0.000194772
0.0059582 0.000199219

0.0059582 0.000199219
0.00595827 0.000205078

0.00595828 0.000205078
0.0059579 0.000210937

0.00595781 0.000211577
0.0059579 0.000210937

0.00594609 0.000244202
0.00594488 0.000246094

0.00594023 0.000251943
0.00594023 0.000251953

0.00594023 0.000251955
0.00593445 0.000257812

0.00594023 0.000251919
0.00594489 0.000246094

0.00595156 0.000234375
0.00594854 0.000240234

0.00594609 0.000244089
0.00594856 0.000240234

0.00593437 0.000257827
0.00593439 0.000257812

0.00608086 4.63261e-05
0.00607763 4.6875e-05

0.00608086 4.63245e-05
0.00608672 4.53964e-05

0.00608672 4.53975e-05
0.00609258 4.45398e-05

0.00609258 4.45415e-05
0.00609844 4.37489e-05

0.00609844 4.3752e-05
0.0061043 4.3015e-05

0.0061043 4.30196e-05
0.00611016 4.23226e-05

0.00611016 4.23235e-05
0.00611602 4.16554e-05

0.00612187 4.10055e-05
0.00612178 4.10156e-05

0.00611602 4.1661e-05
0.00612182 4.10156e-05

0.006075 4.73239e-05
0.00607764 4.6875e-05

0.00612187 4.10008e-05
0.00612773 4.03712e-05

0.00612773 4.03707e-05
0.00613359 3.97811e-05

0.00613359 3.97821e-05
0.00613945 3.92314e-05

0.00613945 3.92321e-05
0.00614531 3.87167e-05

0.00614531 3.8717e-05
0.00615117 3.82348e-05

0.00615117 3.82345e-05
0.00615703 3.77855e-05

0.00615703 3.77899e-05
0.00616289 3.73663e-05

0.00616289 3.73683e-05
0.00616875 3.69573e-05

0.00616875 3.6959e-05
0.00617461 3.65534e-05

0.00617461 3.6555e-05
0.00618047 3.61483e-05

0.00618047 3.61487e-05
0.00618633 3.57367e-05

0.00618633 3.57421e-05
0.00619219 3.53131e-05

0.00619805 3.48547e-05
0.00619413 3.51562e-05

0.00619805 3.48524e-05
0.00620391 3.44e-05

0.00619219 3.53187e-05
0.0061943 3.51562e-05

0.00620391 3.44e-05
0.00620977 3.39597e-05

0.00620977 3.39601e-05
0.00621562 3.35312e-05

0.00621562 3.3531e-05
0.00622148 3.31133e-05

0.00622148 3.31127e-05
0.00622734 3.27077e-05

0.00622734 3.27069e-05
0.0062332 3.23175e-05

0.0062332 3.23167e-05
0.00623906 3.19462e-05

0.00623906 3.19497e-05
0.00624492 3.15927e-05

0.00624492 3.15939e-05
0.00625078 3.1241e-05

0.00625078 3.12418e-05
0.00625664 3.0889e-05

0.00625664 3.089e-05
0.0062625 3.05338e-05

0.0062625 3.05349e-05
0.00626836 3.0171e-05

0.00626836 3.0171e-05
0.00627422 2.97971e-05

0.00627422 2.98033e-05
0.00628008 2.94071e-05

0.00628594 2.89784e-05
0.0062815 2.92969e-05

0.00628008 2.94107e-05
0.00628167 2.92969e-05

0.00628594 2.8976e-05
0.0062918 2.85535e-05

0.0062918 2.85538e-05
0.00629766 2.81394e-05

0.00629766 2.81395e-05
0.00630352 2.77322e-05

0.00630352 2.77317e-05
0.00630937 2.73324e-05

0.00630937 2.73314e-05
0.00631523 2.6943e-05

0.00631523 2.69416e-05
0.00632109 2.65688e-05

0.00632109 2.65667e-05
0.00632695 2.62167e-05

0.00632695 2.62197e-05
0.00633281 2.5891e-05

0.00633281 2.58917e-05
0.00633867 2.55768e-05

0.00633867 2.55769e-05
0.00634453 2.52741e-05

0.00634453 2.52742e-05
0.00635039 2.49832e-05

0.00635039 2.49835e-05
0.00635625 2.47037e-05

0.00635625 2.47044e-05
0.00636211 2.44338e-05

0.00636211 2.44351e-05
0.00636797 2.41699e-05

0.00636797 2.41706e-05
0.00637383 2.39068e-05

0.00637383 2.39106e-05
0.00637969 2.3639e-05

0.00638555 2.33396e-05
0.0063836 2.34375e-05

0.00638555 2.33395e-05
0.00639141 2.30319e-05

0.00639141 2.30312e-05
0.00639727 2.27294e-05

0.00639727 2.27301e-05
0.00640312 2.24343e-05

0.00637969 2.36469e-05
0.00638385 2.34375e-05

0.00640312 2.24351e-05
0.00640898 2.21425e-05

0.00640898 2.21429e-05
0.00641484 2.18509e-05

0.00641484 2.18509e-05
0.0064207 2.15584e-05

0.0064207 2.1558e-05
0.00642656 2.12659e-05

0.00642656 2.1265e-05
0.00643242 2.09761e-05

0.00643242 2.09747e-05
0.00643828 2.06936e-05

0.00644074 0
0.00644414 5.70899e-06

0.00644414 5.37721e-06
0.00645 3.03701e-06

0.00643828 2.0692e-05
0.00644414 2.04248e-05

0.00644414 2.04259e-05
0.00645 2.01732e-05

0.00645 2.92504e-06
0.00645112 0

0.00645 2.0176e-05
0.00645586 1.99301e-05

0.00645586 1.99298e-05
0.00646172 1.96856e-05

0.00646172 1.96854e-05
0.00646758 1.94437e-05

0.00646758 1.94433e-05
0.00647344 1.92054e-05

0.00647344 1.9205e-05
0.0064793 1.89722e-05

0.0064793 1.89719e-05
0.00648516 1.87455e-05

0.00648516 1.87455e-05
0.00649102 1.85262e-05

0.00649102 1.85267e-05
0.00649687 1.83135e-05

0.00649687 1.83143e-05
0.00650273 1.81046e-05

0.00650273 1.81053e-05
0.00650859 1.78959e-05

0.00650859 1.79025e-05
0.00651445 1.7679e-05

0.00652031 1.74248e-05
0.0065167 1.75781e-05

0.00651445 1.76844e-05
0.00651696 1.75781e-05

0.00652031 1.74216e-05
0.00652617 1.71652e-05

0.00652617 1.71644e-05
0.00653203 1.6917e-05

0.00653203 1.69171e-05
0.00653789 1.66801e-05

0.00653789 1.66802e-05
0.00654375 1.6453e-05

0.00654375 1.64532e-05
0.00654961 1.62349e-05

0.00654961 1.62353e-05
0.00655547 1.6025e-05

0.00655547 1.60256e-05
0.00656133 1.58215e-05

0.00656133 1.58223e-05
0.00656719 1.56218e-05

0.00656719 1.56225e-05
0.00657305 1.54226e-05

0.00657305 1.5423e-05
0.00657891 1.52213e-05

0.00657891 1.5221e-05
0.00658477 1.50174e-05

0.00658477 1.5016e-05
0.00659062 1.48139e-05

0.00659062 1.4811e-05
0.00659648 1.4619e-05

0.00659648 1.46188e-05
0.00660234 1.44431e-05

0.00660234 1.44463e-05
0.0066082 1.42808e-05

0.0066082 1.42807e-05
0.00661406 1.41194e-05

0.00661406 1.41195e-05
0.00661992 1.39622e-05

0.00661992 1.39622e-05
0.00662578 1.38087e-05

0.00662578 1.38087e-05
0.00663164 1.36589e-05

0.00663164 1.36589e-05
0.0066375 1.35129e-05

0.0066375 1.35129e-05
0.00664336 1.33707e-05

0.00664336 1.33707e-05
0.00664922 1.32322e-05

0.00664922 1.32322e-05
0.00665508 1.30976e-05

0.00665508 1.30976e-05
0.00666094 1.29669e-05

0.00666094 1.29669e-05
0.0066668 1.28399e-05

0.0066668 1.284e-05
0.00667266 1.27165e-05

0.00667266 1.27166e-05
0.00667852 1.25963e-05

0.00667852 1.25964e-05
0.00668437 1.24788e-05

0.00668437 1.24789e-05
0.00669023 1.23635e-05

0.00669023 1.23634e-05
0.00669609 1.22505e-05

0.00669609 1.22501e-05
0.00670195 1.21405e-05

0.00670195 1.214e-05
0.00670781 1.20355e-05

0.00670781 1.20348e-05
0.00671367 1.19377e-05

0.00671367 1.19384e-05
0.00671953 1.18486e-05

0.00673125 1.16294e-05
0.00672703 1.17187e-05

0.00671953 1.18565e-05
0.00672539 1.17566e-05

0.00672539 1.1761e-05
0.00672739 1.17187e-05

0.00673125 1.16262e-05
0.00673711 1.14913e-05

0.00673711 1.14903e-05
0.00674297 1.13574e-05

0.00674297 1.13575e-05
0.00674883 1.12283e-05

0.00674883 1.12284e-05
0.00675469 1.11027e-05

0.00675469 1.11028e-05
0.00676055 1.09799e-05

0.00676055 1.098e-05
0.00676641 1.08594e-05

0.00676641 1.08594e-05
0.00677227 1.07409e-05

0.00677227 1.07409e-05
0.00677812 1.06242e-05

0.00677812 1.06242e-05
0.00678398 1.0509e-05

0.00678398 1.0509e-05
0.00678984 1.03953e-05

0.00678984 1.03953e-05
0.0067957 1.02831e-05

0.0067957 1.02831e-05
0.00680156 1.01722e-05

0.00680156 1.01722e-05
0.00680742 1.00627e-05

0.00680742 1.00628e-05
0.00681328 9.95469e-06

0.00681328 9.95469e-06
0.00681914 9.84802e-06

0.00681914 9.84797e-06
0.006825 9.74279e-06

0.006825 9.74268e-06
0.00683086 9.63929e-06

0.00683086 9.6391e-06
0.00683672 9.53813e-06

0.00683672 9.5379e-06
0.00684258 9.4402e-06

0.00684258 9.44009e-06
0.00684844 9.34633e-06

0.00684844 9.34657e-06
0.0068543 9.25649e-06

0.0068543 9.25722e-06
0.00686016 9.16889e-06

0.00686016 9.16999e-06
0.00686602 9.07974e-06

0.00686602 9.08053e-06
0.00687187 8.98458e-06

0.00687187 8.98369e-06
0.00687773 8.88223e-06

0.00687773 8.87918e-06
0.00688359 8.78009e-06

0.00688359 8.77897e-06
0.00688945 8.69057e-06

0.00688945 8.69347e-06
0.00689531 8.6122e-06

0.00689531 8.61212e-06
0.00690117 8.53234e-06

0.00690117 8.53253e-06
0.00690703 8.454e-06

0.00690703 8.45402e-06
0.00691289 8.37631e-06

0.00691289 8.37634e-06
0.00691875 8.29935e-06

0.00691875 8.29942e-06
0.00692461 8.22295e-06

0.00692461 8.223e-06
0.00693047 8.14681e-06

0.00693047 8.14678e-06
0.00693633 8.07082e-06

0.00693633 8.07074e-06
0.00694219 7.99522e-06

0.00694219 7.99513e-06
0.00694805 7.92039e-06

0.00694805 7.9203e-06
0.00695391 7.84671e-06

0.00695391 7.84661e-06
0.00695977 7.77455e-06

0.00695977 7.77443e-06
0.00696562 7.70433e-06

0.00696562 7.7042e-06
0.00697148 7.63657e-06

0.00697148 7.63645e-06
0.00697734 7.57179e-06

0.00697734 7.57173e-06
0.0069832 7.51038e-06

0.0069832 7.51042e-06
0.00698906 7.45241e-06

0.00698906 7.45257e-06
0.00699492 7.3975e-06

0.00699492 7.39777e-06
0.00700078 7.34482e-06

0.00700078 7.34516e-06
0.00700664 7.2931e-06

0.00700664 7.29347e-06
0.0070125 7.24089e-06

0.0070125 7.24122e-06
0.00701836 7.1867e-06

0.00701836 7.18694e-06
0.00702422 7.12931e-06

0.00702422 7.12942e-06
0.00703008 7.06797e-06

0.00703008 7.06793e-06
0.00703594 7.00254e-06

0.00703594 7.00235e-06
0.0070418 6.93348e-06

0.0070418 6.93318e-06
0.00704766 6.86183e-06

0.00704766 6.86146e-06
0.00705352 6.78897e-06

0.00705352 6.78859e-06
0.00705937 6.71647e-06

0.00705937 6.71612e-06
0.00706523 6.64584e-06

0.00706523 6.64555e-06
0.00707109 6.57841e-06

0.00707109 6.57823e-06
0.00707695 6.51518e-06

0.00707695 6.51523e-06
0.00708281 6.45656e-06

0.00708281 6.45651e-06
0.00708867 6.40223e-06

0.00708867 6.4025e-06
0.00709453 6.35218e-06

0.00709453 6.35622e-06
0.00710039 6.30126e-06

0.00710039 6.31186e-06
0.00710625 6.22299e-06

0.00710625 6.26255e-06
0.00711211 6.03945e-06

0.00711797 5.55701e-06
0.00711459 5.85937e-06

0.00711211 6.04064e-06
0.00711528 5.85938e-06

0.00711797 5.67316e-06
0.00712383 5.28863e-06

0.00712383 5.43966e-06
0.00712969 5.38469e-06

0.00712969 5.41325e-06
0.00713555 5.4386e-06

0.00713555 5.45249e-06
0.00714141 5.42258e-06

0.00714141 5.4257e-06
0.00714727 5.36632e-06

0.00714727 5.34402e-06
0.00715312 5.41228e-06

0.00715312 5.42423e-06
0.00715898 5.50432e-06

0.00715898 5.45395e-06
0.00716484 5.46253e-06

0.00716484 5.47421e-06
0.0071707 5.47149e-06

0.0071707 5.48002e-06
0.00717656 5.43102e-06

0.00717656 5.40496e-06
0.00718242 5.44274e-06

0.00718242 5.4413e-06
0.00718828 5.54529e-06

0.00718828 5.5095e-06
0.00719414 5.54618e-06

0.00719414 5.48921e-06
0.0072 5.57073e-06

0.00571758 0.00259585
0.00571207 0.00260156

0.00572344 0.00259411
0.00571891 0.0025957

0.00571758 0.00259602
0.00571846 0.0025957

0.00571172 0.00260399
0.00571068 0.00260742

0.00571042 0.00260742
0.00571172 0.00261178

0.00571172 0.00260356
0.00571233 0.00260156

0.00571172 0.00261117
0.00571237 0.00261328

0.00571209 0.00261328
0.00571758 0.00261875

0.00571758 0.00261856
0.00571925 0.00261914

0.0057196 0.00261914
0.00572344 0.00262043

0.00572344 0.00259399
0.0057293 0.00259554

0.0057293 0.00259559
0.00572948 0.0025957

0.0057297 0.0025957
0.00573516 0.00260111

0.00573516 0.00260107
0.00573547 0.00260156

0.00573516 0.00261305
0.00573509 0.00261328

0.0057293 0.002619
0.00572872 0.00261914

0.00572344 0.00262049
0.00572909 0.00261914

0.00573516 0.00261391
0.00572967 0.00261914

0.0057293 0.0026192
0.00572941 0.00261914

0.00573528 0.00260156
0.00573712 0.00260742

0.00573719 0.00260742
0.00573546 0.00261328

0.00573516 0.00261391
0.00573556 0.00261328

0.0072 5.54899e-06
0.00720586 5.66973e-06

0.00720586 5.56935e-06
0.00721172 5.73207e-06

0.00721172 5.6615e-06
0.00721689 5.85937e-06

0.00721858 5.85938e-06
0.00722344 5.93469e-06

0.00722344 5.94591e-06
0.0072293 5.96158e-06

0.0072293 5.95121e-06
0.00723516 5.89271e-06

0.00724102 5.76538e-06
0.00723773 5.85937e-06

0.00723516 5.88657e-06
0.00723676 5.85938e-06

0.00724102 5.81871e-06
0.00724687 5.62717e-06

0.00724687 5.70162e-06
0.00725273 5.5851e-06

0.00725273 5.64415e-06
0.00725859 5.5687e-06

0.00725859 5.57999e-06
0.00726445 5.55584e-06

0.00726445 5.6396e-06
0.00727031 5.52495e-06

0.00727031 5.75123e-06
0.00727617 5.15531e-06

0.00727617 5.34098e-06
0.00728203 4.63173e-06

0.00728203 4.82843e-06
0.00728789 4.65961e-06

0.00728789 4.79895e-06
0.00729375 4.83611e-06

0.00729375 4.8231e-06
0.00729961 4.73927e-06

0.00729961 4.73922e-06
0.00730547 4.72816e-06

0.00730547 4.75581e-06
0.00731133 4.78444e-06

0.00731133 4.78626e-06
0.00731719 4.7384e-06

0.00731719 4.69169e-06
0.00732305 4.75286e-06

0.00732305 4.69769e-06
0.00732891 4.94932e-06

0.00732891 4.8977e-06
0.00733477 5.0501e-06

0.00733477 4.98788e-06
0.00734062 4.96394e-06

0.00734062 4.9236e-06
0.00734648 4.97633e-06

0.00734648 4.96648e-06
0.00735234 5.0908e-06

0.00735234 5.05386e-06
0.0073582 5.0947e-06

0.0073582 5.04e-06
0.00736406 5.09896e-06

0.00736406 5.0889e-06
0.00736992 5.17758e-06

0.00736992 5.12675e-06
0.00737578 5.18959e-06

0.00737578 5.17207e-06
0.00738164 5.22009e-06

0.00738164 4.99047e-06
0.0073875 5.4219e-06

0.0073875 5.6169e-06
0.00739336 5.63814e-06

0.00739922 3.34002e-06
0.00739628 5.85937e-06

0.00739922 4.27723e-06
0.00740142 0

0.00741561 0
0.0074168 2.70795e-06

0.0074168 3.36129e-06
0.00742155 5.85937e-06

0.0074226 5.85938e-06
0.00742266 5.86978e-06

0.00742706 0
0.00742314 5.85937e-06

0.00744046 0
0.007445 5.85937e-06

0.00744609 5.02333e-06
0.0074482 5.85937e-06

0.00745781 4.7201e-06
0.00745607 5.85937e-06

0.00745195 5.91832e-06
0.00745213 5.85938e-06

0.00745781 5.84188e-06
0.00746159 0

0.00749771 0
0.00749802 5.85937e-06

0.00749696 5.85938e-06
0.00749883 9.79772e-06

0.00749883 9.36622e-06
0.00750023 1.17187e-05

0.00750044 1.17187e-05
0.00750469 1.5225e-05

0.00750469 1.51709e-05
0.00751055 1.71677e-05

0.00751055 1.70596e-05
0.00751641 1.6343e-05

0.00752812 5.33184e-06
0.00752801 5.85937e-06

0.00752812 6.24664e-06
0.00752389 1.17187e-05

0.00751641 1.64456e-05
0.00752227 1.30265e-05

0.00752227 1.28448e-05
0.00752356 1.17187e-05

0.00752812 5.29121e-06
0.00752924 0

0.00752812 5.93951e-06
0.00752817 5.85938e-06

0.00770964 0
0.00770977 6.37121e-07

0.00770977 6.11751e-07
0.00771079 5.85937e-06

0.00771029 5.85938e-06
0.00771473 1.17187e-05

0.00771487 1.17187e-05
0.00771562 1.2374e-05

0.00771562 1.2501e-05
0.00772148 1.56088e-05

0.00772148 1.54245e-05
0.00772734 1.5037e-05

0.0077332 1.16227e-05
0.00773306 1.17187e-05

0.00773891 0
0.00773763 5.85937e-06

0.00773804 5.85938e-06
0.00773336 1.17187e-05

0.00772734 1.49962e-05
0.00773293 1.17187e-05

