-0.000196991 0
-0.000196987 5.85937e-06

-0.000196987 5.85938e-06
-0.000196974 1.17187e-05

-0.000196974 1.17187e-05
-0.000196954 1.75781e-05

-0.000196954 1.75781e-05
-0.000196926 2.34375e-05

-0.000196925 2.34375e-05
-0.000196889 2.92969e-05

-0.000196889 2.92969e-05
-0.000196844 3.51562e-05

-0.000196844 3.51562e-05
-0.000196791 4.10156e-05

-0.000196791 4.10156e-05
-0.00019673 4.6875e-05

-0.00019673 4.6875e-05
-0.000196662 5.27344e-05

-0.000196662 5.27344e-05
-0.000196585 5.85937e-05

-0.000196585 5.85937e-05
-0.0001965 6.44531e-05

-0.0001965 6.44531e-05
-0.000196407 7.03125e-05

-0.000196407 7.03125e-05
-0.000196306 7.61719e-05

-0.000196306 7.61719e-05
-0.000196197 8.20312e-05

-0.000196197 8.20312e-05
-0.00019608 8.78906e-05

-0.00019608 8.78906e-05
-0.000195955 9.375e-05

-0.000195955 9.375e-05
-0.000195822 9.96094e-05

-0.000195822 9.96094e-05
-0.00019568 0.000105469

-0.00019568 0.000105469
-0.000195531 0.000111328

-0.000195531 0.000111328
-0.000195373 0.000117187

-0.000195373 0.000117187
-0.000195208 0.000123047

-0.000195208 0.000123047
-0.000195034 0.000128906

-0.000195034 0.000128906
-0.000194852 0.000134766

-0.000194852 0.000134766
-0.000194662 0.000140625

-0.000194662 0.000140625
-0.000194531 0.000144485

-0.000194531 0.000144486
-0.000194464 0.000146484

-0.000194464 0.000146484
-0.000194257 0.000152344

-0.000194257 0.000152344
-0.000194043 0.000158203

-0.000194043 0.000158203
-0.00019382 0.000164062

-0.00019382 0.000164062
-0.000193589 0.000169922

-0.000193589 0.000169922
-0.00019335 0.000175781

-0.00019335 0.000175781
-0.000193103 0.000181641

-0.000193103 0.000181641
-0.000192848 0.0001875

-0.000192848 0.0001875
-0.000192585 0.000193359

-0.000192585 0.000193359
-0.000192313 0.000199219

-0.000192313 0.000199219
-0.000192033 0.000205078

-0.000192033 0.000205078
-0.000191745 0.000210937

-0.000191745 0.000210937
-0.000191449 0.000216797

-0.000191449 0.000216797
-0.000191145 0.000222656

-0.000191145 0.000222656
-0.000190833 0.000228516

-0.000190833 0.000228516
-0.000190513 0.000234375

-0.000190513 0.000234375
-0.000190185 0.000240234

-0.000190185 0.000240234
-0.000189848 0.000246094

-0.000189848 0.000246094
-0.000189504 0.000251953

-0.000189504 0.000251953
-0.000189151 0.000257812

-0.000189151 0.000257812
-0.000188791 0.000263672

-0.000188791 0.000263672
-0.000188672 0.000265569

-0.000188672 0.00026557
-0.000188423 0.000269531

-0.000188423 0.000269531
-0.000188046 0.000275391

-0.000188046 0.000275391
-0.000187662 0.00028125

-0.000187662 0.00028125
-0.00018727 0.000287109

-0.00018727 0.000287109
-0.00018687 0.000292969

-0.00018687 0.000292969
-0.000186463 0.000298828

-0.000186463 0.000298828
-0.000186047 0.000304687

-0.000186047 0.000304687
-0.000185624 0.000310547

-0.000185624 0.000310547
-0.000185193 0.000316406

-0.000185193 0.000316406
-0.000184755 0.000322266

-0.000184755 0.000322266
-0.000184309 0.000328125

-0.000184309 0.000328125
-0.000183855 0.000333984

-0.000183855 0.000333984
-0.000183394 0.000339844

-0.000183394 0.000339844
-0.000182926 0.000345703

-0.000182926 0.000345703
-0.000182812 0.000347101

-0.000182813 0.000347103
-0.00018245 0.000351562

-0.00018245 0.000351562
-0.000181966 0.000357422

-0.000181966 0.000357422
-0.000181475 0.000363281

-0.000181475 0.000363281
-0.000180977 0.000369141

-0.000180977 0.000369141
-0.000180472 0.000375

-0.000180472 0.000375
-0.00017996 0.000380859

-0.00017996 0.000380859
-0.000179441 0.000386719

-0.000179441 0.000386719
-0.000178915 0.000392578

-0.000178915 0.000392578
-0.000178382 0.000398437

-0.000178382 0.000398437
-0.000177843 0.000404297

-0.000177842 0.000404297
-0.000177296 0.000410156

-0.000177297 0.000410156
-0.000176953 0.000413795

-0.000176953 0.000413797
-0.000176744 0.000416016

-0.000176743 0.000416016
-0.000176182 0.000421875

-0.000176182 0.000421875
-0.000175616 0.000427734

-0.000175616 0.000427734
-0.000175043 0.000433594

-0.000175043 0.000433594
-0.000174464 0.000439453

-0.000174464 0.000439453
-0.000173879 0.000445312

-0.000173879 0.000445312
-0.000173288 0.000451172

-0.000173288 0.000451172
-0.000172691 0.000457031

-0.000172691 0.000457031
-0.000172088 0.000462891

-0.000172088 0.000462891
-0.00017148 0.00046875

-0.00017148 0.00046875
-0.000171094 0.000472433

-0.000171094 0.000472435
-0.000170866 0.000474609

-0.000170865 0.000474609
-0.000170243 0.000480469

-0.000170243 0.000480469
-0.000169617 0.000486328

-0.000169617 0.000486328
-0.000168986 0.000492187

-0.000168986 0.000492187
-0.00016835 0.000498047

-0.00016835 0.000498047
-0.000167709 0.000503906

-0.000167709 0.000503906
-0.000167063 0.000509766

-0.000167063 0.000509766
-0.000166414 0.000515625

-0.000166414 0.000515625
-0.000165759 0.000521484

-0.00016576 0.000521484
-0.000165234 0.000526151

-0.000165234 0.000526152
-0.0001651 0.000527344

-0.0001651 0.000527344
-0.000164434 0.000533203

-0.000164434 0.000533203
-0.000163764 0.000539062

-0.000163765 0.000539062
-0.000163092 0.000544922

-0.000163092 0.000544922
-0.000162417 0.000550781

-0.000162417 0.000550781
-0.000161737 0.000556641

-0.000161737 0.000556641
-0.000161055 0.0005625

-0.000161055 0.0005625
-0.00016037 0.000568359

-0.00016037 0.000568359
-0.000159683 0.000574219

-0.000159683 0.000574219
-0.000159375 0.000576826

-0.000159375 0.000576829
-0.000158991 0.000580078

-0.000158989 0.000580078
-0.000158293 0.000585937

-0.000158293 0.000585937
-0.000157595 0.000591797

-0.000157595 0.000591797
-0.000156896 0.000597656

-0.000156896 0.000597656
-0.000156195 0.000603516

-0.000156195 0.000603516
-0.000155492 0.000609375

-0.000155492 0.000609375
-0.000154789 0.000615234

-0.000154789 0.000615234
-0.000154084 0.000621094

-0.000154085 0.000621094
-0.000153516 0.00062581

-0.000153516 0.000625812
-0.000153378 0.000626953

-0.000153377 0.000626953
-0.000152666 0.000632812

-0.000152666 0.000632812
-0.000151955 0.000638672

-0.000151955 0.000638672
-0.000151245 0.000644531

-0.000151245 0.000644531
-0.000150535 0.000650391

-0.000150535 0.000650391
-0.000149825 0.00065625

-0.000149825 0.00065625
-0.000149116 0.000662109

-0.000149116 0.000662109
-0.000148408 0.000667969

-0.000148409 0.000667969
-0.0001477 0.000673828

-0.0001477 0.000673828
-0.000147656 0.000674187

-0.000147656 0.000674191
-0.000146989 0.000679687

-0.000146988 0.000679687
-0.000146277 0.000685547

-0.000146278 0.000685547
-0.000145571 0.000691406

-0.000145571 0.000691406
-0.000144866 0.000697266

-0.000144865 0.000697266
-0.000144162 0.000703125

-0.000144162 0.000703125
-0.000143461 0.000708984

-0.000143461 0.000708984
-0.000142763 0.000714844

-0.000142763 0.000714844
-0.000142066 0.000720703

-0.000142067 0.000720703
-0.000141797 0.000722976

-0.000141797 0.000722979
-0.00014137 0.000726562

-0.000141368 0.000726562
-0.000140672 0.000732422

-0.000140673 0.000732422
-0.000139981 0.000738281

-0.000139981 0.000738281
-0.000139294 0.000744141

-0.000139294 0.000744141
-0.00013861 0.00075

-0.000138609 0.00075
-0.000137929 0.000755859

-0.000137929 0.000755859
-0.000137253 0.000761719

-0.000137253 0.000761719
-0.000136581 0.000767578

-0.000136582 0.000767578
-0.000135937 0.000773219

-0.000135938 0.00077322
-0.000135913 0.000773437

-0.000135912 0.000773437
-0.000135244 0.000779297

-0.000135242 0.000779297
-0.000134578 0.000785156

-0.000134579 0.000785156
-0.000133921 0.000791016

-0.000133921 0.000791016
-0.000133268 0.000796875

-0.000133268 0.000796875
-0.000132621 0.000802734

-0.00013262 0.000802734
-0.000131978 0.000808594

-0.000131978 0.000808594
-0.000131341 0.000814453

-0.000131341 0.000814453
-0.00013071 0.000820312

-0.000130711 0.000820312
-0.000130084 0.000826172

-0.000130084 0.000826172
-0.000130078 0.000826223

-0.000130078 0.000826227
-0.000129459 0.000832031

-0.000129457 0.000832031
-0.000128838 0.000837891

-0.000128839 0.000837891
-0.000128227 0.00084375

-0.000128227 0.00084375
-0.000127622 0.000849609

-0.000127622 0.000849609
-0.000127022 0.000855469

-0.000127022 0.000855469
-0.000126429 0.000861328

-0.000126429 0.000861328
-0.000125842 0.000867187

-0.000125842 0.000867187
-0.000125262 0.000873047

-0.000125262 0.000873047
-0.000124689 0.000878906

-0.00012469 0.000878906
-0.000124219 0.000883765

-0.000124219 0.000883766
-0.000124122 0.000884766

-0.000124121 0.000884766
-0.000123556 0.000890625

-0.000123555 0.000890625
-0.000122996 0.000896484

-0.000122997 0.000896484
-0.000122447 0.000902344

-0.000122447 0.000902344
-0.000121904 0.000908203

-0.000121904 0.000908203
-0.000121367 0.000914062

-0.000121367 0.000914062
-0.000120837 0.000919922

-0.000120837 0.000919922
-0.000120314 0.000925781

-0.000120314 0.000925781
-0.000119797 0.000931641

-0.000119797 0.000931641
-0.000119288 0.0009375

-0.000119288 0.0009375
-0.000118786 0.000943359

-0.000118787 0.000943359
-0.000118359 0.000948407

-0.000118359 0.000948409
-0.000118291 0.000949219

-0.00011829 0.000949219
-0.000117797 0.000955078

-0.000117796 0.000955078
-0.000117309 0.000960937

-0.00011731 0.000960937
-0.000116831 0.000966797

-0.000116831 0.000966797
-0.000116359 0.000972656

-0.000116359 0.000972656
-0.000115894 0.000978516

-0.000115894 0.000978516
-0.000115434 0.000984375

-0.000115434 0.000984375
-0.000114981 0.000990234

-0.000114981 0.000990234
-0.000114533 0.000996094

-0.000114533 0.000996094
-0.000114092 0.00100195

-0.000114092 0.00100195
-0.000113657 0.00100781

-0.000113657 0.00100781
-0.000113228 0.00101367

-0.000113228 0.00101367
-0.000112805 0.00101953

-0.000112807 0.00101953
-0.0001125 0.00102382

-0.0001125 0.00102382
-0.000112388 0.00102539

-0.000112387 0.00102539
-0.000111971 0.00103125

-0.00011197 0.00103125
-0.00011156 0.00103711

-0.00011156 0.00103711
-0.000111156 0.00104297

-0.000111156 0.00104297
-0.000110757 0.00104883

-0.000110757 0.00104883
-0.000110363 0.00105469

-0.000110363 0.00105469
-0.000109973 0.00106055

-0.000109973 0.00106055
-0.000109587 0.00106641

-0.000109587 0.00106641
-0.000109205 0.00107227

-0.000109205 0.00107227
-0.000108827 0.00107812

-0.000108827 0.00107812
-0.000108451 0.00108398

-0.000108451 0.00108398
-0.000108079 0.00108984

-0.000108079 0.00108984
-0.000107711 0.0010957

-0.000107711 0.0010957
-0.000107345 0.00110156

-0.000107345 0.00110156
-0.000106982 0.00110742

-0.000106984 0.00110742
-0.000106641 0.00111298

-0.000106641 0.00111298
-0.000106622 0.00111328

-0.000106622 0.00111328
-0.000106259 0.00111914

-0.000106257 0.00111914
-0.000105894 0.001125

-0.000105895 0.001125
-0.000105535 0.00113086

-0.000105535 0.00113086
-0.000105176 0.00113672

-0.000105176 0.00113672
-0.000104817 0.00114258

-0.000104817 0.00114258
-0.000104457 0.00114844

-0.000104457 0.00114844
-0.000104096 0.0011543

-0.000104096 0.0011543
-0.000103734 0.00116016

-0.000103734 0.00116016
-0.00010337 0.00116602

-0.00010337 0.00116602
-0.000103003 0.00117187

-0.000103003 0.00117187
-0.000102634 0.00117773

-0.000102634 0.00117773
-0.00010226 0.00118359

-0.00010226 0.00118359
-0.000101884 0.00118945

-0.000101884 0.00118945
-0.000101504 0.00119531

-0.000101504 0.00119531
-0.000101121 0.00120117

-0.000101123 0.00120117
-0.000100781 0.00120628

-0.000100781 0.00120629
-0.000100732 0.00120703

-0.00010073 0.00120703
-0.000100325 0.00121289

-0.000100323 0.00121289
-9.99101e-05 0.00121875

-9.99111e-05 0.00121875
-9.94918e-05 0.00122461

-9.94921e-05 0.00122461
-9.90643e-05 0.00123047

-9.90647e-05 0.00123047
-9.86271e-05 0.00123633

-9.86276e-05 0.00123633
-9.81785e-05 0.00124219

-9.8179e-05 0.00124219
-9.77166e-05 0.00124805

-9.77166e-05 0.00124805
-9.72399e-05 0.00125391

-9.72393e-05 0.00125391
-9.67494e-05 0.00125977

-9.67484e-05 0.00125977
-9.62485e-05 0.00126562

-9.62482e-05 0.00126563
-9.57408e-05 0.00127148

-9.57436e-05 0.00127148
-9.52235e-05 0.00127734

-9.52318e-05 0.00127734
-9.49219e-05 0.00128061

-9.49219e-05 0.00128063
-9.46772e-05 0.0012832

-9.46678e-05 0.0012832
-9.4073e-05 0.00128906

-9.40734e-05 0.00128906
-9.34562e-05 0.00129492

-9.34551e-05 0.00129492
-9.28169e-05 0.00130078

-9.28153e-05 0.00130078
-9.21618e-05 0.00130664

-9.21608e-05 0.00130664
-9.14972e-05 0.0013125

-9.14997e-05 0.0013125
-9.0823e-05 0.00131836

-9.08299e-05 0.00131836
-9.01214e-05 0.00132422

-9.01306e-05 0.00132422
-8.9358e-05 0.00133008

-8.93564e-05 0.00133008
-8.90625e-05 0.00133209

-8.90625e-05 0.00133211
-8.85038e-05 0.00133594

-8.84736e-05 0.00133594
-8.75965e-05 0.0013418

-8.76061e-05 0.0013418
-8.67464e-05 0.00134766

-8.67543e-05 0.00134766
-8.58773e-05 0.00135352

-8.58871e-05 0.00135352
-8.49576e-05 0.00135937

-8.49655e-05 0.00135937
-8.39481e-05 0.00136523

-8.3948e-05 0.00136523
-8.32031e-05 0.00136913

-8.32031e-05 0.00136913
-8.28269e-05 0.00137109

-8.27832e-05 0.00137109
-8.16486e-05 0.00137695

-8.16775e-05 0.00137695
-8.05592e-05 0.00138281

-8.05755e-05 0.00138281
-7.93833e-05 0.00138867

-7.93874e-05 0.00138867
-7.80807e-05 0.00139453

-7.80758e-05 0.00139453
-7.73438e-05 0.00139757

-7.73438e-05 0.00139753
-7.66558e-05 0.00140039

-7.66246e-05 0.00140039
-7.52012e-05 0.00140625

-7.52464e-05 0.00140625
-7.37921e-05 0.00141211

-7.38023e-05 0.00141211
-7.22062e-05 0.00141797

-7.21948e-05 0.00141797
-7.14844e-05 0.0014204

-7.14844e-05 0.00142033
-7.04628e-05 0.00142383

-7.04566e-05 0.00142383
-6.87058e-05 0.00142969

-6.87458e-05 0.00142969
-6.6905e-05 0.00143555

-6.69044e-05 0.00143555
-6.5625e-05 0.00143929

-6.5625e-05 0.00143926
-6.4891e-05 0.00144141

-6.48633e-05 0.00144141
-6.2786e-05 0.00144727

-6.2833e-05 0.00144727
-6.06567e-05 0.00145312

-6.06612e-05 0.00145312
-5.97656e-05 0.00145537

-5.97656e-05 0.00145528
-5.82917e-05 0.00145898

-5.83042e-05 0.00145898
-5.58523e-05 0.00146484

-5.58833e-05 0.00146484
-5.39063e-05 0.00146926

-5.39063e-05 0.00146923
-5.3248e-05 0.0014707

-5.32093e-05 0.0014707
-5.04455e-05 0.00147656

-5.05043e-05 0.00147656
-4.80469e-05 0.00148148

-4.80469e-05 0.00148147
-4.75729e-05 0.00148242

-4.753e-05 0.00148242
-4.44205e-05 0.00148828

-4.44768e-05 0.00148828
-4.21875e-05 0.00149235

-4.21875e-05 0.00149231
-4.11568e-05 0.00149414

-4.11509e-05 0.00149414
-3.76158e-05 0.0015

0.000966193 0
0.000966194 5.85937e-06

0.000966194 5.85938e-06
0.000966199 1.17187e-05

0.000966199 1.17187e-05
0.000966208 1.75781e-05

0.000966208 1.75781e-05
0.00096622 2.34375e-05

0.00096622 2.34375e-05
0.000966236 2.92969e-05

0.000966236 2.92969e-05
0.000966256 3.51562e-05

0.000966256 3.51562e-05
0.000966279 4.10156e-05

0.000966279 4.10156e-05
0.000966306 4.6875e-05

0.000966306 4.6875e-05
0.000966336 5.27344e-05

0.000966336 5.27344e-05
0.00096637 5.85937e-05

0.00096637 5.85937e-05
0.000966408 6.44531e-05

0.000966408 6.44531e-05
0.00096645 7.03125e-05

0.00096645 7.03125e-05
0.000966496 7.61719e-05

0.000966496 7.61719e-05
0.000966546 8.20312e-05

0.000966546 8.20312e-05
0.0009666 8.78906e-05

0.0009666 8.78906e-05
0.000966658 9.375e-05

0.000966658 9.375e-05
0.000966721 9.96094e-05

0.000966721 9.96094e-05
0.000966787 0.000105469

0.000966787 0.000105469
0.000966858 0.000111328

0.000966858 0.000111328
0.000966934 0.000117187

0.000966934 0.000117187
0.000967013 0.000123047

0.000967013 0.000123047
0.000967097 0.000128906

0.000967097 0.000128906
0.000967186 0.000134766

0.000967186 0.000134766
0.000967278 0.000140625

0.000967278 0.000140625
0.000967375 0.000146484

0.000967375 0.000146484
0.000967476 0.000152344

0.000967476 0.000152344
0.00096758 0.000158203

0.000967581 0.000158203
0.000967689 0.000164062

0.000967689 0.000164062
0.000967801 0.000169922

0.000967801 0.000169922
0.000967917 0.000175781

0.000967917 0.000175781
0.000968035 0.000181641

0.000968035 0.000181641
0.000968157 0.0001875

0.000968157 0.0001875
0.000968282 0.000193359

0.000968282 0.000193359
0.000968409 0.000199219

0.000968409 0.000199219
0.000968538 0.000205078

0.000968538 0.000205078
0.00096867 0.000210937

0.00096867 0.000210937
0.000968803 0.000216797

0.000968803 0.000216797
0.000968938 0.000222656

0.000968938 0.000222656
0.000969074 0.000228516

0.000969074 0.000228516
0.000969211 0.000234375

0.000969211 0.000234375
0.000969349 0.000240234

0.000969349 0.000240234
0.000969488 0.000246094

0.000969488 0.000246094
0.000969627 0.000251953

0.000969627 0.000251953
0.000969766 0.000257812

0.000969766 0.000257812
0.000969905 0.000263672

0.000969905 0.000263672
0.000970043 0.000269531

0.000970043 0.000269531
0.000970181 0.000275391

0.000970181 0.000275391
0.000970318 0.00028125

0.000970318 0.00028125
0.000970454 0.000287109

0.000970454 0.000287109
0.000970588 0.000292969

0.000970588 0.000292969
0.000970721 0.000298828

0.000970721 0.000298828
0.000970852 0.000304687

0.000970852 0.000304687
0.000970981 0.000310547

0.000970981 0.000310547
0.000971108 0.000316406

0.000971108 0.000316406
0.000971232 0.000322266

0.000971232 0.000322266
0.000971354 0.000328125

0.000971356 0.000328125
0.000971473 0.000333984

0.000971474 0.000333984
0.000971484 0.000334507

0.000971484 0.000334577
0.000971584 0.000339844

0.000971583 0.000339844
0.000971689 0.000345703

0.000971689 0.000345703
0.000971793 0.000351562

0.000971793 0.000351562
0.000971894 0.000357422

0.000971895 0.000357422
0.000971993 0.000363281

0.000971993 0.000363281
0.000972088 0.000369141

0.000972088 0.000369141
0.00097218 0.000375

0.00097218 0.000375
0.000972267 0.000380859

0.000972267 0.000380859
0.000972351 0.000386719

0.000972351 0.000386719
0.00097243 0.000392578

0.00097243 0.000392578
0.000972505 0.000398437

0.000972505 0.000398437
0.000972575 0.000404297

0.000972575 0.000404297
0.000972639 0.000410156

0.000972639 0.000410156
0.000972698 0.000416016

0.000972698 0.000416016
0.000972751 0.000421875

0.000972751 0.000421875
0.000972797 0.000427734

0.000972797 0.000427734
0.000972836 0.000433594

0.000972836 0.000433594
0.000972868 0.000439453

0.000972868 0.000439453
0.000972891 0.000445312

0.000972891 0.000445312
0.000972906 0.000451172

0.000972906 0.000451172
0.000972912 0.000457031

0.000972912 0.000457031
0.000972908 0.000462891

0.000972908 0.000462891
0.000972893 0.00046875

0.000972893 0.00046875
0.000972867 0.000474609

0.000972867 0.000474609
0.000972829 0.000480469

0.000972829 0.000480469
0.000972779 0.000486328

0.000972779 0.000486328
0.000972715 0.000492187

0.000972715 0.000492187
0.000972637 0.000498047

0.000972637 0.000498047
0.000972544 0.000503906

0.000972545 0.000503906
0.000972436 0.000509766

0.000972436 0.000509766
0.000972311 0.000515625

0.000972311 0.000515625
0.000972168 0.000521484

0.000972168 0.000521484
0.000972006 0.000527344

0.000972006 0.000527344
0.000971824 0.000533203

0.000971824 0.000533203
0.000971622 0.000539062

0.000971484 0.000542657
0.000971401 0.000544922

0.000971403 0.000544922
0.000971182 0.000550781

0.000971484 0.000542741
0.00097162 0.000539062

0.000971186 0.000550781
0.000970951 0.000556641

0.00097095 0.000556641
0.000970697 0.0005625

0.000965625 0.000636488
0.000965414 0.000638672

0.000965413 0.000638672
0.000964831 0.000644531

0.00096484 0.000644531
0.000964237 0.000650391

0.000964236 0.000650391
0.000963597 0.00065625

0.000970697 0.0005625
0.000970425 0.000568359

0.000970425 0.000568359
0.000970135 0.000574219

0.000970135 0.000574219
0.000969825 0.000580078

0.000969825 0.000580078
0.000969495 0.000585937

0.000969495 0.000585937
0.000969143 0.000591797

0.000969143 0.000591797
0.00096877 0.000597656

0.00096877 0.000597656
0.000968373 0.000603516

0.000968373 0.000603516
0.000967952 0.000609375

0.000967952 0.000609375
0.000967505 0.000615234

0.000967506 0.000615234
0.00096703 0.000621094

0.000967031 0.000621094
0.000966525 0.000626953

0.000966526 0.000626953
0.000965988 0.000632812

0.000965625 0.000636572
0.000965989 0.000632812

0.000963597 0.00065625
0.000962925 0.000662109

0.000962926 0.000662109
0.00096222 0.000667969

0.000962221 0.000667969
0.000961479 0.000673828

0.000961479 0.000673828
0.000960699 0.000679687

0.000959766 0.000686241
0.000959028 0.000691406

0.000960701 0.000679687
0.000959881 0.000685547

0.000959766 0.000686373
0.000959884 0.000685547

0.000959042 0.000691406
0.000958191 0.000697266

0.000958192 0.000697266
0.0009573 0.000703125

0.000953906 0.000723219
0.000953307 0.000726562

0.0009573 0.000703125
0.000956367 0.000708984

0.000956368 0.000708984
0.000955392 0.000714844

0.000955392 0.000714844
0.000954373 0.000720703

0.000953906 0.000723342
0.00095438 0.000720703

0.000953314 0.000726562
0.000952248 0.000732422

0.000952258 0.000732422
0.000951162 0.000738281

0.000951162 0.000738281
0.000950018 0.000744141

0.000950017 0.000744141
0.000948828 0.00075

0.000584766 0.0014976
0.000581842 0.0015

0.000590625 0.00149257
0.000588789 0.00149414

0.000584766 0.00149759
0.000588832 0.00149414

0.0006375 0.00144707
0.000637317 0.00144727

0.000637336 0.00144727
0.000631845 0.00145312

0.000614062 0.0014711
0.000608346 0.00147656

0.000596484 0.00148741
0.000595503 0.00148828

0.000602344 0.00148211
0.000602007 0.00148242

0.000596484 0.00148744
0.000602039 0.00148242

0.000590625 0.00149259
0.000595535 0.00148828

0.000602344 0.00148215
0.000608203 0.0014767

0.000608203 0.0014767
0.000608348 0.00147656

0.000625781 0.00145942
0.000620423 0.00146484

0.000619922 0.00146534
0.000614466 0.0014707

0.000614063 0.0014711
0.000614471 0.0014707

0.000619922 0.00146534
0.000620423 0.00146484

0.000631641 0.00145334
0.00062621 0.00145898

0.000625781 0.00145942
0.00062621 0.00145898

0.000631641 0.00145334
0.000631846 0.00145312

0.000825 0.00112891
0.000824201 0.00113086

0.00082422 0.00113086
0.000821806 0.00113672

0.000819141 0.0011431
0.000816897 0.00114844

0.000821821 0.00113672
0.000819379 0.00114258

0.000819141 0.00114313
0.000819371 0.00114258

0.000813281 0.00115695
0.00081191 0.00116016

0.000807422 0.00117049
0.00080682 0.00117187

0.000811921 0.00116016
0.000809396 0.00116602

0.000807422 0.00117058
0.000809411 0.00116602

0.000816912 0.00114844
0.000814435 0.0011543

0.000813281 0.00115701
0.000814442 0.0011543

0.000801563 0.00118378
0.000799013 0.00118945

0.000799027 0.00118945
0.000796366 0.00119531

0.000789844 0.00120937
0.000788192 0.00121289

0.0007882 0.00121289
0.00078542 0.00121875

0.000795703 0.00119673
0.000793661 0.00120117

0.000793672 0.00120117
0.000790954 0.00120703

0.000795703 0.00119675
0.000796364 0.00119531

0.000789844 0.0012094
0.000790958 0.00120703

0.000806836 0.00117187
0.000804257 0.00117773

0.000804271 0.00117773
0.000801663 0.00118359

0.000801562 0.0011838
0.000801655 0.00118359

0.000778125 0.00123377
0.000776868 0.00123633

0.000776875 0.00123633
0.000773959 0.00124219

0.000766406 0.00125701
0.000764982 0.00125977

0.000764989 0.00125977
0.00076192 0.00126562

0.000772266 0.00124553
0.000770999 0.00124805

0.000771007 0.00124805
0.000768016 0.00125391

0.000772266 0.00124556
0.000773967 0.00124219

0.000766406 0.00125703
0.000768023 0.00125391

0.000754688 0.00127913
0.000752466 0.0012832

0.000752471 0.0012832
0.000749232 0.00128906

0.000742969 0.00130014
0.000742606 0.00130078

0.000737109 0.00131026
0.0007358 0.0013125

0.000742615 0.00130078
0.000739234 0.00130664

0.000737109 0.00131028
0.00073924 0.00130664

0.000748828 0.00128978
0.000745945 0.00129492

0.000742969 0.00130017
0.000745951 0.00129492

0.000748828 0.00128978
0.000749231 0.00128906

0.000760547 0.00126821
0.000758808 0.00127148

0.000758813 0.00127148
0.000755662 0.00127734

0.000760547 0.00126822
0.000761926 0.00126563

0.000754687 0.00127914
0.000755665 0.00127734

0.000783984 0.00122172
0.000782596 0.00122461

0.000782604 0.00122461
0.000779757 0.00123047

0.000783984 0.00122175
0.000785427 0.00121875

0.000778125 0.0012338
0.000779766 0.00123047

0.000672656 0.00140573
0.000672255 0.00140625

0.000684375 0.00139039
0.000681281 0.00139453

0.000678516 0.00139814
0.000676829 0.00140039

0.000672656 0.00140574
0.000676819 0.00140039

0.000678516 0.00139817
0.000681281 0.00139453

0.000707812 0.0013571
0.000706301 0.00135937

0.00073125 0.00132013
0.000728783 0.00132422

0.000725391 0.00132973
0.000725184 0.00133008

0.00072519 0.00133008
0.000721537 0.00133594

0.000725391 0.00132975
0.000728786 0.00132422

0.000719531 0.0013391
0.000717823 0.0013418

0.000717826 0.0013418
0.00071405 0.00134766

0.000713672 0.00134823
0.00071021 0.00135352

0.000707812 0.00135712
0.000710214 0.00135352

0.000713672 0.00134824
0.000714046 0.00134766

0.000719531 0.00133911
0.000721542 0.00133594

0.000690234 0.0013824
0.000689939 0.00138281

0.000696094 0.00137419
0.000694148 0.00137695

0.000690234 0.00138241
0.000694149 0.00137695

0.000701953 0.00136577
0.000698276 0.00137109

0.000706303 0.00135937
0.000702325 0.00136523

0.000701953 0.00136578
0.000702322 0.00136523

0.000696094 0.0013742
0.000698277 0.00137109

0.000689944 0.00138281
0.000685656 0.00138867

0.000684375 0.00139041
0.000685644 0.00138867

0.000655078 0.00142724
0.000653007 0.00142969

0.000660937 0.00142025
0.00065799 0.00142383

0.000655078 0.00142727
0.000657957 0.00142383

0.000643359 0.00144064
0.000642672 0.00144141

0.000649219 0.00143403
0.000647899 0.00143555

0.000643359 0.00144065
0.000647909 0.00143555

0.0006375 0.00144708
0.000642688 0.00144141

0.000649219 0.00143405
0.000652998 0.00142969

0.000666797 0.00141311
0.000662847 0.00141797

0.000672262 0.00140625
0.000667605 0.00141211

0.000666797 0.00141311
0.000667602 0.00141211

0.000660938 0.00142029
0.000662834 0.00141797

0.000735805 0.0013125
0.000732321 0.00131836

0.00073125 0.00132014
0.000732324 0.00131836

0.00091875 0.000866497
0.000918538 0.000867187

0.000918536 0.000867187
0.000916734 0.000873047

0.000916759 0.000873047
0.000914951 0.000878906

0.000912891 0.00088531
0.0009112 0.000890625

0.000914949 0.000878906
0.000913089 0.000884766

0.000912891 0.000885398
0.000913092 0.000884766

0.000907031 0.000903547
0.000905507 0.000908203

0.000905527 0.000908203
0.00090361 0.000914062

0.000911224 0.000890625
0.000909359 0.000896484

0.000909359 0.000896484
0.00090745 0.000902344

0.000907031 0.000903647
0.000907458 0.000902344

0.000901172 0.000921311
0.000899675 0.000925781

0.000903613 0.000914062
0.000901661 0.000919922

0.000901172 0.000921416
0.000901672 0.000919922

0.000899694 0.000925781
0.000897732 0.000931641

0.000897736 0.000931641
0.000895744 0.0009375

0.000942187 0.000780183
0.000941015 0.000785156

0.000941034 0.000785156
0.00093964 0.000791016

0.000939642 0.000791016
0.000938202 0.000796875

0.000948047 0.000753639
0.000947581 0.000755859

0.000947585 0.000755859
0.000946343 0.000761719

0.000948047 0.000753758
0.000948835 0.00075

0.000946359 0.000761719
0.000945096 0.000767578

0.000945094 0.000767578
0.00094378 0.000773437

0.000943782 0.000773437
0.000942418 0.000779297

0.000942187 0.000780288
0.000942421 0.000779297

0.000936328 0.00080412
0.000935172 0.000808594

0.000938202 0.000796875
0.000936709 0.000802734

0.000936328 0.00080423
0.000936715 0.000802734

0.000935189 0.000808594
0.000933663 0.000814453

0.000933668 0.000814453
0.000932102 0.000820312

0.00093046 0.000826172
0.000928838 0.000832031

0.000928864 0.000832031
0.000927234 0.000837891

0.000927232 0.000837891
0.00092555 0.00084375

0.000932102 0.000820312
0.000930484 0.000826172

0.000930469 0.000826228
0.000930484 0.000826172

0.000924609 0.000846863
0.000923804 0.000849609

0.000923817 0.000849609
0.000922091 0.000855469

0.000924609 0.000847006
0.000925564 0.00084375

0.000922107 0.000855469
0.00092036 0.000861328

0.00091875 0.000866578
0.000920362 0.000861328

0.000871875 0.00100565
0.000871093 0.00100781

0.000871124 0.00100781
0.000869009 0.00101367

0.000869026 0.00101367
0.000866917 0.00101953

0.000866016 0.00102194
0.000864761 0.00102539

0.000864782 0.00102539
0.000862642 0.00103125

0.000866016 0.00102209
0.000866945 0.00101953

0.000895312 0.000938696
0.000893724 0.000943359

0.000893747 0.000943359
0.00089175 0.000949219

0.000889453 0.000955783
0.000887671 0.000960937

0.000891752 0.000949219
0.000889722 0.000955078

0.000889453 0.000955881
0.000889731 0.000955078

0.000883594 0.000972606
0.000883576 0.000972656

0.000883585 0.000972656
0.000881527 0.000978516

0.000881555 0.000978516
0.000879509 0.000984375

0.000887697 0.000960937
0.000885677 0.000966797

0.000885681 0.000966797
0.000883616 0.000972656

0.000883594 0.000972724
0.000883617 0.000972656

0.000895312 0.000938802
0.000895756 0.0009375

0.000877734 0.000989144
0.000877345 0.000990234

0.000877392 0.000990234
0.000875308 0.000996094

0.000877734 0.000989393
0.000879525 0.000984375

0.000875334 0.000996094
0.000873259 0.00100195

0.000871875 0.00100586
0.000873286 0.00100195

0.000848438 0.00106934
0.000847327 0.00107227

0.000847348 0.00107227
0.000845113 0.00107812

0.000860156 0.00103793
0.000858302 0.00104297

0.000854297 0.00105366
0.000853913 0.00105469

0.00085833 0.00104297
0.000856178 0.00104883

0.000854297 0.00105388
0.000856195 0.00104883

0.00086265 0.00103125
0.000860487 0.00103711

0.000860156 0.00103803
0.000860496 0.00103711

0.000853956 0.00105469
0.00085175 0.00106055

0.000851769 0.00106055
0.000849573 0.00106641

0.000848437 0.00106946
0.000849595 0.00106641

0.000836719 0.00109968
0.000835978 0.00110156

0.000842578 0.00108464
0.000840562 0.00108984

0.000845125 0.00107812
0.00084286 0.00108398

0.000842578 0.0010847
0.000842857 0.00108398

0.000840583 0.00108984
0.000838316 0.0010957

0.000836719 0.00109981
0.000838334 0.0010957

0.000836002 0.00110156
0.000833681 0.00110742

0.000833695 0.00110742
0.000831351 0.00111328

0.000830859 0.00111445
0.000828972 0.00111914

0.000828988 0.00111914
0.000826625 0.001125

0.000830859 0.0011145
0.00083135 0.00111328

0.000825 0.00112901
0.000826641 0.001125

-3.766e-05 0.0015
-3.63281e-05 0.00150209

-3.63281e-05 0.001502
-3.38567e-05 0.00150586

-3.38897e-05 0.00150586
-3.04688e-05 0.00151087

-3.04688e-05 0.00151085
-2.98828e-05 0.00151172

-2.9882e-05 0.00151172
-2.56173e-05 0.00151758

-2.56328e-05 0.00151758
-2.46094e-05 0.00151894

-2.46094e-05 0.00151889
-2.10828e-05 0.00152344

-2.1077e-05 0.00152344
-1.875e-05 0.00152633

-1.875e-05 0.00152625
-1.62386e-05 0.0015293

-1.62153e-05 0.0015293
-1.28906e-05 0.0015331

-1.28906e-05 0.00153308
-1.10029e-05 0.00153516

-1.0973e-05 0.00153516
-7.03125e-06 0.00153931

-7.03125e-06 0.00153932
-5.35104e-06 0.00154102

-5.33861e-06 0.00154102
-1.17187e-06 0.00154504

-1.17187e-06 0.00154506
7.77111e-07 0.00154687

7.72903e-07 0.00154687
4.6875e-06 0.00155037

4.6875e-06 0.00155043
7.38359e-06 0.00155273

7.39143e-06 0.00155273
1.05469e-05 0.00155535

1.05469e-05 0.00155542
1.45317e-05 0.00155859

1.45661e-05 0.00155859
1.64062e-05 0.00156002

1.64063e-05 0.00156007
2.22656e-05 0.00156443

2.22656e-05 0.00156443
2.22957e-05 0.00156445

2.23226e-05 0.00156445
2.8125e-05 0.00156851

2.8125e-05 0.00156855
3.08063e-05 0.00157031

3.09301e-05 0.00157031
3.39844e-05 0.00157232

3.39844e-05 0.00157236
3.98437e-05 0.00157596

3.98438e-05 0.00157597
4.01983e-05 0.00157617

4.02475e-05 0.00157617
4.57031e-05 0.00157932

4.57031e-05 0.00157934
5.06846e-05 0.00158203

5.0709e-05 0.00158203
5.15625e-05 0.00158249

5.15625e-05 0.00158248
5.74219e-05 0.00158545

5.74219e-05 0.00158546
6.25306e-05 0.00158789

6.2544e-05 0.00158789
6.32812e-05 0.00158824

6.32813e-05 0.00158823
6.91406e-05 0.00159084

6.91406e-05 0.00159085
7.5e-05 0.0015933

7.5e-05 0.00159331
7.613e-05 0.00159375

7.6185e-05 0.00159375
8.08594e-05 0.00159558

8.08594e-05 0.00159558
8.67187e-05 0.00159775

8.67188e-05 0.00159775
9.20698e-05 0.00159961

9.20748e-05 0.00159961
9.25781e-05 0.00159978

9.25781e-05 0.00159978
9.84375e-05 0.00160168

9.84375e-05 0.00160168
0.000104297 0.00160346

0.000104297 0.00160347
0.000110156 0.00160514

0.000110156 0.00160514
0.000111388 0.00160547

0.000111427 0.00160547
0.000116016 0.00160669

0.000116016 0.00160669
0.000121875 0.00160815

0.000121875 0.00160815
0.000127734 0.00160951

0.000127734 0.00160951
0.000133594 0.00161077

0.000133594 0.00161077
0.000136388 0.00161133

0.000136416 0.00161133
0.000139453 0.00161193

0.000139453 0.00161194
0.000145312 0.00161302

0.000145312 0.00161302
0.000151172 0.00161402

0.000151172 0.00161402
0.000157031 0.00161494

0.000157031 0.00161494
0.000162891 0.00161578

0.000162891 0.00161578
0.00016875 0.00161654

0.00016875 0.00161654
0.00017424 0.00161719

0.000174243 0.00161719
0.000174609 0.00161723

0.000174609 0.00161723
0.000180469 0.00161786

0.000180469 0.00161786
0.000186328 0.00161842

0.000186328 0.00161842
0.000192187 0.00161892

0.000192187 0.00161892
0.000198047 0.00161935

0.000198047 0.00161935
0.000203906 0.00161972

0.000203906 0.00161972
0.000209766 0.00162004

0.000209766 0.00162004
0.000215625 0.00162029

0.000215625 0.00162029
0.000221484 0.00162048

0.000221484 0.00162048
0.000227344 0.00162061

0.000227344 0.00162061
0.000233203 0.00162068

0.000233203 0.00162068
0.000239062 0.0016207

0.000239062 0.0016207
0.000244922 0.00162066

0.000244922 0.00162066
0.000250781 0.00162056

0.000250781 0.00162056
0.000256641 0.00162041

0.000256641 0.00162041
0.0002625 0.0016202

0.0002625 0.0016202
0.000268359 0.00161994

0.000268359 0.00161994
0.000274219 0.00161962

0.000274219 0.00161962
0.000280078 0.00161924

0.000280078 0.00161924
0.000285937 0.00161881

0.000303516 0.00161716
0.000303285 0.00161719

0.000303516 0.00161717
0.000309375 0.0016165

0.000285937 0.00161881
0.000291797 0.00161832

0.000291797 0.00161832
0.000297656 0.00161777

0.000297656 0.00161777
0.000303317 0.00161719

0.000309375 0.0016165
0.000315234 0.00161577

0.000315234 0.00161577
0.000321094 0.00161498

0.000321094 0.00161498
0.000326953 0.00161413

0.000326953 0.00161413
0.000332812 0.00161321

0.000332812 0.00161321
0.000338672 0.00161224

0.000344531 0.00161119
0.00034373 0.00161133

0.000338672 0.00161224
0.000343771 0.00161133

0.000344531 0.00161119
0.000350391 0.00161008

0.000350391 0.00161008
0.00035625 0.0016089

0.000414844 0.00159324
0.000413273 0.00159375

0.000414844 0.00159325
0.000420703 0.00159127

0.000420703 0.00159127
0.000426562 0.00158921

0.000432422 0.00158706
0.000430146 0.00158789

0.000426562 0.00158921
0.000430178 0.00158789

0.000432422 0.00158706
0.000438281 0.00158484

0.00045 0.00158014
0.000445368 0.00158203

0.000438281 0.00158484
0.000444141 0.00158253

0.000444141 0.00158254
0.000445379 0.00158203

0.00035625 0.0016089
0.000362109 0.00160766

0.000362109 0.00160766
0.000367969 0.00160635

0.000373828 0.00160496
0.000371692 0.00160547

0.000373828 0.00160497
0.000379687 0.00160352

0.000367969 0.00160635
0.000371725 0.00160547

0.000379687 0.00160352
0.000385547 0.00160199

0.000385547 0.00160199
0.000391406 0.0016004

0.000397266 0.00159872
0.000394151 0.00159961

0.000391406 0.0016004
0.000394176 0.00159961

0.000397266 0.00159872
0.000403125 0.00159697

0.000403125 0.00159697
0.000408984 0.00159515

0.000408984 0.00159516
0.000413313 0.00159375

0.000473437 0.00156967
0.000472077 0.00157031

0.00045 0.00158014
0.000455859 0.00157766

0.000461719 0.00157509
0.000459241 0.00157617

0.000455859 0.00157767
0.000459269 0.00157617

0.000461719 0.00157509
0.000467578 0.00157243

0.000467578 0.00157244
0.000472113 0.00157031

0.000473438 0.00156969
0.000479297 0.00156684

0.000485156 0.00156389
0.00048404 0.00156445

0.000479297 0.00156685
0.000484078 0.00156445

0.000496875 0.00155773
0.000495264 0.00155859

0.000485156 0.00156391
0.000491016 0.00156087

0.000491016 0.00156088
0.000495296 0.00155859

0.000520312 0.0015442
0.000515891 0.00154687

0.000526172 0.00154054
0.000525402 0.00154102

0.000520313 0.00154421
0.000525444 0.00154102

0.000526172 0.00154056
0.000532031 0.0015368

0.000537891 0.00153292
0.000534511 0.00153516

0.00054375 0.00152892
0.000543196 0.0015293

0.000537891 0.00153294
0.000543238 0.0015293

0.000532031 0.0015368
0.000534532 0.00153516

0.000496875 0.00155774
0.000502734 0.00155451

0.000508594 0.00155118
0.000505852 0.00155273

0.000502734 0.00155452
0.000505877 0.00155273

0.000508594 0.00155118
0.000514453 0.00154775

0.000514453 0.00154775
0.000515907 0.00154687

0.000555469 0.00152061
0.000551549 0.00152344

0.000561328 0.00151627
0.000559534 0.00151758

0.000555469 0.00152062
0.000559576 0.00151758

0.000561328 0.00151628
0.000567187 0.0015118

0.00054375 0.00152894
0.000549609 0.00152484

0.000549609 0.00152483
0.000551587 0.00152344

0.000573047 0.00150719
0.00056729 0.00151172

0.000578906 0.00150246
0.000574698 0.00150586

0.000573047 0.00150719
0.000574725 0.00150586

0.000567188 0.0015118
0.000567294 0.00151172

0.000578906 0.00150244
0.000581911 0.0015

