0.00195 0.000990741
0.0019483 0.000996094

0.0019483 0.000996094
0.00194641 0.00100195

0.00194641 0.00100195
0.0019445 0.00100781

0.00193828 0.00102641
0.00193663 0.00103125

0.00194414 0.0010089
0.00194257 0.00101367

0.00194256 0.00101367
0.00194061 0.00101953

0.00194414 0.0010089
0.0019445 0.00100781

0.00194061 0.00101953
0.00193863 0.00102539

0.00193828 0.00102641
0.00193863 0.00102539

0.00190312 0.00112147
0.00190172 0.001125

0.00192656 0.00105977
0.00192628 0.00106055

0.00192628 0.00106055
0.00192415 0.00106641

0.0019207 0.00107575
0.00191982 0.00107812

0.00192415 0.00106641
0.00192199 0.00107227

0.0019207 0.00107575
0.00192199 0.00107227

0.00193662 0.00103125
0.0019346 0.00103711

0.0019346 0.00103711
0.00193255 0.00104297

0.00193242 0.00104334
0.00193049 0.00104883

0.00193048 0.00104883
0.00192839 0.00105469

0.00193242 0.00104334
0.00193255 0.00104297

0.00192656 0.00105977
0.00192839 0.00105469

0.00191484 0.00109133
0.00191318 0.0010957

0.00191318 0.0010957
0.00191092 0.00110156

0.00191982 0.00107812
0.00191762 0.00108398

0.00191762 0.00108398
0.00191541 0.00108984

0.00191484 0.00109133
0.00191541 0.00108984

0.00190898 0.00110657
0.00190865 0.00110742

0.00190865 0.00110742
0.00190636 0.00111328

0.00190898 0.00110656
0.00191092 0.00110156

0.00190636 0.00111328
0.00190405 0.00111914

0.00190312 0.00112147
0.00190405 0.00111914

0.0017625 0.00143823
0.00176106 0.00144141

0.00175664 0.00145119
0.00175577 0.00145312

0.00176105 0.00144141
0.0017584 0.00144727

0.00175664 0.00145118
0.0017584 0.00144727

0.00173906 0.00149055
0.00173748 0.00149414

0.00173747 0.00149414
0.00173489 0.0015

0.00175078 0.00146422
0.0017505 0.00146484

0.0017505 0.00146484
0.00174788 0.0014707

0.00174787 0.0014707
0.00174526 0.00147656

0.00175576 0.00145312
0.00175312 0.00145898

0.00175078 0.0014642
0.00175312 0.00145898

0.00174492 0.00147734
0.00174266 0.00148242

0.00174265 0.00148242
0.00174005 0.00148828

0.00174492 0.00147733
0.00174526 0.00147656

0.00173906 0.00149054
0.00174006 0.00148828

0.00185625 0.00123262
0.00185461 0.00123633

0.00185461 0.00123633
0.001852 0.00124219

0.00184453 0.0012589
0.00184414 0.00125977

0.00184414 0.00125977
0.0018415 0.00126562

0.00185039 0.00124581
0.0018494 0.00124805

0.00184939 0.00124805
0.00184677 0.00125391

0.00185039 0.00124581
0.001852 0.00124219

0.00184453 0.00125889
0.00184677 0.00125391

0.00183281 0.00128483
0.00183089 0.00128906

0.00182109 0.00131051
0.00182018 0.0013125

0.00182695 0.00129769
0.00182554 0.00130078

0.00183088 0.00128906
0.00182821 0.00129492

0.00182695 0.00129769
0.00182821 0.00129492

0.00182554 0.00130078
0.00182286 0.00130664

0.00182109 0.0013105
0.00182286 0.00130664

0.00183867 0.0012719
0.00183621 0.00127734

0.0018415 0.00126563
0.00183886 0.00127148

0.00183867 0.0012719
0.00183886 0.00127148

0.0018362 0.00127734
0.00183355 0.0012832

0.00183281 0.00128482
0.00183355 0.0012832

0.00189727 0.0011361
0.00189702 0.00113672

0.00190172 0.001125
0.00189938 0.00113086

0.00189727 0.0011361
0.00189938 0.00113086

0.00189702 0.00113672
0.00189464 0.00114258

0.00189463 0.00114258
0.00189224 0.00114844

0.00189141 0.00115047
0.00188983 0.0011543

0.00188983 0.0011543
0.0018874 0.00116016

0.00188555 0.00116461
0.00188496 0.00116602

0.00188496 0.00116602
0.0018825 0.00117187

0.00188555 0.00116461
0.0018874 0.00116016

0.00189141 0.00115047
0.00189224 0.00114844

0.00187969 0.00117855
0.00187755 0.00118359

0.00187383 0.0011923
0.00187253 0.00119531

0.00187754 0.00118359
0.00187504 0.00118945

0.00187383 0.00119229
0.00187505 0.00118945

0.00186797 0.00120588
0.00186747 0.00120703

0.00186747 0.00120703
0.00186492 0.00121289

0.00186492 0.00121289
0.00186236 0.00121875

0.00187253 0.00119531
0.00187001 0.00120117

0.00186797 0.00120588
0.00187001 0.00120117

0.0018825 0.00117187
0.00188003 0.00117773

0.00187969 0.00117855
0.00188003 0.00117773

0.00186211 0.00121932
0.00185979 0.00122461

0.00185978 0.00122461
0.0018572 0.00123047

0.00186211 0.00121932
0.00186236 0.00121875

0.00185625 0.00123262
0.0018572 0.00123047

0.00180937 0.00133603
0.00180672 0.0013418

0.00180671 0.0013418
0.00180402 0.00134766

0.00180352 0.00134876
0.00180132 0.00135352

0.00180132 0.00135352
0.00179862 0.00135937

0.00180352 0.00134875
0.00180402 0.00134766

0.00178594 0.00138694
0.00178514 0.00138867

0.00178514 0.00138867
0.00178245 0.00139453

0.00178008 0.0013997
0.00177976 0.00140039

0.00177976 0.00140039
0.00177707 0.00140625

0.00178008 0.00139969
0.00178244 0.00139453

0.00179766 0.00136148
0.00179593 0.00136523

0.00179592 0.00136523
0.00179322 0.00137109

0.0017918 0.00137421
0.00179053 0.00137695

0.00179053 0.00137695
0.00178783 0.00138281

0.0017918 0.0013742
0.00179322 0.00137109

0.00179766 0.00136147
0.00179862 0.00135937

0.00178594 0.00138693
0.00178783 0.00138281

0.00181523 0.00132328
0.0018148 0.00132422

0.00182018 0.0013125
0.00181749 0.00131836

0.00181523 0.00132327
0.00181749 0.00131836

0.0018148 0.00132422
0.00181211 0.00133008

0.00181211 0.00133008
0.00180941 0.00133594

0.00180937 0.00133603
0.00180942 0.00133594

0.00177422 0.0014125
0.00177172 0.00141797

0.00176836 0.00142534
0.00176638 0.00142969

0.00177171 0.00141797
0.00176904 0.00142383

0.00176836 0.00142533
0.00176904 0.00142383

0.00177707 0.00140625
0.00177439 0.00141211

0.00177422 0.00141249
0.00177439 0.00141211

0.00176637 0.00142969
0.00176371 0.00143555

0.0017625 0.00143822
0.00176371 0.00143555

0.00202084 0
0.00202084 5.85937e-06

0.00202084 5.85938e-06
0.00202085 1.17187e-05

0.00202085 1.17187e-05
0.00202086 1.75781e-05

0.00202086 1.75781e-05
0.00202087 2.34375e-05

0.00202087 2.34375e-05
0.00202088 2.92969e-05

0.00202088 2.92969e-05
0.00202089 3.51562e-05

0.00202089 3.51562e-05
0.00202091 4.10156e-05

0.00202091 4.10156e-05
0.00202093 4.6875e-05

0.00202093 4.6875e-05
0.00202096 5.27344e-05

0.00202096 5.27344e-05
0.00202099 5.85937e-05

0.00202099 5.85937e-05
0.00202102 6.44531e-05

0.00202102 6.44531e-05
0.00202105 7.03125e-05

0.00202105 7.03125e-05
0.00202108 7.61719e-05

0.00202108 7.61719e-05
0.00202112 8.20312e-05

0.00202112 8.20312e-05
0.00202116 8.78906e-05

0.00202116 8.78906e-05
0.0020212 9.375e-05

0.0020212 9.375e-05
0.00202125 9.96094e-05

0.00202125 9.96094e-05
0.00202129 0.000105469

0.00202129 0.000105469
0.00202134 0.000111328

0.00202134 0.000111328
0.00202139 0.000117187

0.00202139 0.000117187
0.00202145 0.000123047

0.00202145 0.000123047
0.0020215 0.000128906

0.0020215 0.000128906
0.00202156 0.000134766

0.00202156 0.000134766
0.00202162 0.000140625

0.00202162 0.000140625
0.00202168 0.000146484

0.00202168 0.000146484
0.00202175 0.000152344

0.00202175 0.000152344
0.00202181 0.000158203

0.00202181 0.000158203
0.00202188 0.000164062

0.00202188 0.000164062
0.00202195 0.000169922

0.00202195 0.000169922
0.00202201 0.000175781

0.00202201 0.000175781
0.00202209 0.000181641

0.00202209 0.000181641
0.00202216 0.0001875

0.00202216 0.0001875
0.00202223 0.000193359

0.00202223 0.000193359
0.0020223 0.000199219

0.0020223 0.000199219
0.00202238 0.000205078

0.00202238 0.000205078
0.00202246 0.000210937

0.00202246 0.000210937
0.00202253 0.000216797

0.00202253 0.000216797
0.00202261 0.000222656

0.00202261 0.000222656
0.00202269 0.000228516

0.00202269 0.000228516
0.00202276 0.000234375

0.00202276 0.000234375
0.00202284 0.000240234

0.00202284 0.000240234
0.00202292 0.000246094

0.00202292 0.000246094
0.00202299 0.000251953

0.00202299 0.000251953
0.00202307 0.000257812

0.00202307 0.000257812
0.00202315 0.000263672

0.00202315 0.000263672
0.00202322 0.000269531

0.00202322 0.000269531
0.0020233 0.000275391

0.0020233 0.000275391
0.00202337 0.00028125

0.00202337 0.00028125
0.00202345 0.000287109

0.00202345 0.000287109
0.00202352 0.000292969

0.00202352 0.000292969
0.00202359 0.000298828

0.00202359 0.000298828
0.00202366 0.000304687

0.00202366 0.000304687
0.00202372 0.000310547

0.00202372 0.000310547
0.00202379 0.000316406

0.00202379 0.000316406
0.00202385 0.000322266

0.00202385 0.000322266
0.00202391 0.000328125

0.00202391 0.000328125
0.00202397 0.000333984

0.00202397 0.000333984
0.00202402 0.000339844

0.00202402 0.000339844
0.00202407 0.000345703

0.00202407 0.000345703
0.00202412 0.000351562

0.00202412 0.000351562
0.00202417 0.000357422

0.00202417 0.000357422
0.00202421 0.000363281

0.00202421 0.000363281
0.00202425 0.000369141

0.00202425 0.000369141
0.00202428 0.000375

0.00214234 0
0.00214234 5.85937e-06

0.00214234 5.85938e-06
0.00214235 1.17187e-05

0.00214235 1.17187e-05
0.00214236 1.75781e-05

0.00214236 1.75781e-05
0.00214237 2.34375e-05

0.00214237 2.34375e-05
0.00214238 2.92969e-05

0.00214238 2.92969e-05
0.0021424 3.51562e-05

0.0021424 3.51562e-05
0.00214242 4.10156e-05

0.00214242 4.10156e-05
0.00214244 4.6875e-05

0.00214244 4.6875e-05
0.00214247 5.27344e-05

0.00214247 5.27344e-05
0.0021425 5.85937e-05

0.0021425 5.85937e-05
0.00214253 6.44531e-05

0.00214253 6.44531e-05
0.00214257 7.03125e-05

0.00214257 7.03125e-05
0.00214261 7.61719e-05

0.00214261 7.61719e-05
0.00214265 8.20312e-05

0.00214265 8.20312e-05
0.0021427 8.78906e-05

0.0021427 8.78906e-05
0.00214275 9.375e-05

0.00214275 9.375e-05
0.0021428 9.96094e-05

0.0021428 9.96094e-05
0.00214286 0.000105469

0.00214286 0.000105469
0.00214292 0.000111328

0.00214292 0.000111328
0.00214298 0.000117187

0.00214298 0.000117187
0.00214304 0.000123047

0.00214304 0.000123047
0.00214311 0.000128906

0.00214311 0.000128906
0.00214318 0.000134766

0.00214318 0.000134766
0.00214326 0.000140625

0.00214326 0.000140625
0.00214334 0.000146484

0.00214334 0.000146484
0.00214336 0.000148066

0.00214336 0.000148065
0.00214342 0.000152344

0.00214342 0.000152344
0.0021435 0.000158203

0.0021435 0.000158203
0.00214359 0.000164062

0.00214359 0.000164062
0.00214368 0.000169922

0.00214368 0.000169922
0.00214378 0.000175781

0.00214378 0.000175781
0.00214387 0.000181641

0.00214387 0.000181641
0.00214397 0.0001875

0.00214397 0.0001875
0.00214408 0.000193359

0.00214408 0.000193359
0.00214418 0.000199219

0.00214418 0.000199219
0.00214429 0.000205078

0.00214429 0.000205078
0.0021444 0.000210937

0.0021444 0.000210937
0.00214452 0.000216797

0.00214452 0.000216797
0.00214464 0.000222656

0.00214464 0.000222656
0.00214476 0.000228516

0.00214476 0.000228516
0.00214489 0.000234375

0.00214489 0.000234375
0.00214502 0.000240234

0.00214502 0.000240234
0.00214515 0.000246094

0.00214515 0.000246094
0.00214528 0.000251953

0.00214528 0.000251953
0.00214542 0.000257812

0.00214542 0.000257812
0.00214556 0.000263672

0.00214556 0.000263672
0.00214571 0.000269531

0.00214571 0.000269531
0.00214586 0.000275391

0.00214586 0.000275391
0.00214601 0.00028125

0.00214601 0.00028125
0.00214616 0.000287109

0.00214616 0.000287109
0.00214632 0.000292969

0.00214632 0.000292969
0.00214648 0.000298828

0.00214648 0.000298828
0.00214665 0.000304687

0.00214665 0.000304687
0.00214682 0.000310547

0.00214682 0.000310547
0.00214699 0.000316406

0.00214699 0.000316406
0.00214716 0.000322266

0.00214716 0.000322266
0.00214734 0.000328125

0.00214734 0.000328125
0.00214752 0.000333984

0.00214752 0.000333984
0.00214771 0.000339844

0.00214771 0.000339844
0.0021479 0.000345703

0.0021479 0.000345703
0.00214809 0.000351562

0.00214809 0.000351562
0.00214829 0.000357422

0.00214829 0.000357422
0.00214849 0.000363281

0.00214849 0.000363281
0.0021487 0.000369141

0.0021487 0.000369141
0.00214891 0.000375

0.00202428 0.000375
0.00202431 0.000380859

0.00202431 0.000380859
0.00202433 0.000386719

0.00202433 0.000386719
0.00202435 0.000392578

0.00202435 0.000392578
0.00202437 0.000398437

0.00202437 0.000398437
0.00202438 0.000404297

0.00202438 0.000404297
0.00202438 0.000410156

0.00202438 0.000410156
0.00202438 0.000416016

0.00202438 0.000416016
0.00202437 0.000421875

0.00202437 0.000421875
0.00202436 0.000427734

0.00202436 0.000427734
0.00202434 0.000433594

0.00202434 0.000433594
0.00202431 0.000439453

0.00202431 0.000439453
0.00202428 0.000445312

0.00202428 0.000445312
0.00202423 0.000451172

0.00202423 0.000451172
0.00202418 0.000457031

0.00202418 0.000457031
0.00202413 0.000462891

0.00202413 0.000462891
0.00202406 0.00046875

0.00202406 0.00046875
0.00202399 0.000474609

0.00202399 0.000474609
0.0020239 0.000480469

0.0020239 0.000480469
0.00202381 0.000486328

0.00202381 0.000486328
0.00202371 0.000492187

0.00202371 0.000492187
0.0020236 0.000498047

0.0020236 0.000498047
0.00202348 0.000503906

0.00202348 0.000503906
0.00202335 0.000509766

0.00202335 0.000509766
0.00202321 0.000515625

0.00202321 0.000515625
0.00202305 0.000521484

0.00202305 0.000521484
0.00202289 0.000527344

0.00202289 0.000527344
0.00202271 0.000533203

0.00202271 0.000533203
0.00202253 0.000539062

0.00202253 0.000539062
0.00202233 0.000544922

0.00202233 0.000544922
0.00202211 0.000550781

0.00202211 0.000550781
0.00202189 0.000556641

0.00202189 0.000556641
0.00202165 0.0005625

0.00202031 0.000590657
0.00202025 0.000591797

0.00202025 0.000591797
0.00201993 0.000597656

0.00201993 0.000597656
0.00201959 0.000603516

0.00201959 0.000603516
0.00201923 0.000609375

0.00202165 0.0005625
0.0020214 0.000568359

0.0020214 0.000568359
0.00202113 0.000574219

0.00202113 0.000574219
0.00202085 0.000580078

0.00202086 0.000580078
0.00202056 0.000585937

0.00202031 0.000590654
0.00202056 0.000585937

0.00201923 0.000609375
0.00201886 0.000615234

0.00201886 0.000615234
0.00201847 0.000621094

0.00201847 0.000621094
0.00201807 0.000626953

0.00201807 0.000626953
0.00201765 0.000632812

0.00201765 0.000632812
0.00201721 0.000638672

0.00201721 0.000638672
0.00201675 0.000644531

0.00201675 0.000644531
0.00201628 0.000650391

0.00201628 0.000650391
0.00201578 0.00065625

0.00201578 0.00065625
0.00201527 0.000662109

0.00201527 0.000662109
0.00201474 0.000667969

0.00201445 0.000671055
0.00201419 0.000673828

0.00201419 0.000673828
0.00201362 0.000679687

0.00201445 0.000671053
0.00201474 0.000667969

0.00201362 0.000679687
0.00201303 0.000685547

0.00201303 0.000685547
0.00201242 0.000691406

0.00201242 0.000691406
0.00201179 0.000697266

0.00201179 0.000697266
0.00201114 0.000703125

0.00200859 0.000724447
0.00200833 0.000726562

0.00201114 0.000703125
0.00201047 0.000708984

0.00201047 0.000708984
0.00200978 0.000714844

0.00200978 0.000714844
0.00200906 0.000720703

0.00200859 0.000724445
0.00200906 0.000720703

0.00200833 0.000726562
0.00200757 0.000732422

0.00200757 0.000732422
0.00200679 0.000738281

0.00200679 0.000738281
0.00200598 0.000744141

0.00200598 0.000744141
0.00200516 0.00075

0.00214891 0.000375
0.00214912 0.000380859

0.00214912 0.000380859
0.00214922 0.000383491

0.00214922 0.000383491
0.00214934 0.000386719

0.00214934 0.000386719
0.00214956 0.000392578

0.00214956 0.000392578
0.00214979 0.000398437

0.00214979 0.000398437
0.00215002 0.000404297

0.00215002 0.000404297
0.00215025 0.000410156

0.00215025 0.000410156
0.00215049 0.000416016

0.00215049 0.000416016
0.00215074 0.000421875

0.00215074 0.000421875
0.00215098 0.000427734

0.00215098 0.000427734
0.00215124 0.000433594

0.00215124 0.000433594
0.0021515 0.000439453

0.0021515 0.000439453
0.00215176 0.000445312

0.00215176 0.000445312
0.00215203 0.000451172

0.00215203 0.000451172
0.0021523 0.000457031

0.0021523 0.000457031
0.00215258 0.000462891

0.00215258 0.000462891
0.00215287 0.00046875

0.00215287 0.00046875
0.00215316 0.000474609

0.00215316 0.000474609
0.00215346 0.000480469

0.00215346 0.000480469
0.00215376 0.000486328

0.00215376 0.000486328
0.00215407 0.000492187

0.00215407 0.000492187
0.00215438 0.000498047

0.00215438 0.000498047
0.00215471 0.000503906

0.00215471 0.000503906
0.00215504 0.000509766

0.00215504 0.000509766
0.00215508 0.000510508

0.00215508 0.000510507
0.00215537 0.000515625

0.00215537 0.000515625
0.00215571 0.000521484

0.00215571 0.000521484
0.00215606 0.000527344

0.00215606 0.000527344
0.00215642 0.000533203

0.00215642 0.000533203
0.00215678 0.000539062

0.00215678 0.000539062
0.00215716 0.000544922

0.00215716 0.000544922
0.00215754 0.000550781

0.00215754 0.000550781
0.00215792 0.000556641

0.00215792 0.000556641
0.00215832 0.0005625

0.00215832 0.0005625
0.00215872 0.000568359

0.00215872 0.000568359
0.00215914 0.000574219

0.00215914 0.000574219
0.00215956 0.000580078

0.00215956 0.000580078
0.00215999 0.000585937

0.00215999 0.000585937
0.00216043 0.000591797

0.00216043 0.000591797
0.00216088 0.000597656

0.00216088 0.000597656
0.00216094 0.000598349

0.00216094 0.000598348
0.00216134 0.000603516

0.00216134 0.000603516
0.00216181 0.000609375

0.00216181 0.000609375
0.00216229 0.000615234

0.00216229 0.000615234
0.00216278 0.000621094

0.00216278 0.000621094
0.00216328 0.000626953

0.00216328 0.000626953
0.0021638 0.000632812

0.00216379 0.000632812
0.00216432 0.000638672

0.00216432 0.000638672
0.00216485 0.000644531

0.00216485 0.000644531
0.0021654 0.000650391

0.0021654 0.000650391
0.00216595 0.00065625

0.00216595 0.00065625
0.00216652 0.000662109

0.00216652 0.000662109
0.0021668 0.000664852

0.0021668 0.000664852
0.00216711 0.000667969

0.00216711 0.000667969
0.0021677 0.000673828

0.0021677 0.000673828
0.00216831 0.000679687

0.00216831 0.000679687
0.00216892 0.000685547

0.00216892 0.000685547
0.00216956 0.000691406

0.00216956 0.000691406
0.0021702 0.000697266

0.0021702 0.000697266
0.00217086 0.000703125

0.00217086 0.000703125
0.00217153 0.000708984

0.00217153 0.000708984
0.00217222 0.000714844

0.00217222 0.000714844
0.00217266 0.000718497

0.00217266 0.000718497
0.00217292 0.000720703

0.00217292 0.000720703
0.00217363 0.000726562

0.00217363 0.000726562
0.00217436 0.000732422

0.00217436 0.000732422
0.0021751 0.000738281

0.0021751 0.000738281
0.00217586 0.000744141

0.00217586 0.000744141
0.00217663 0.00075

0.00199687 0.000801583
0.00199667 0.000802734

0.00199667 0.000802734
0.00199561 0.000808594

0.00199561 0.000808594
0.00199452 0.000814453

0.00199452 0.000814453
0.0019934 0.000820312

0.0019934 0.000820312
0.00199227 0.000826172

0.00199227 0.000826172
0.0019911 0.000832031

0.00199102 0.000832465
0.00198992 0.000837891

0.00198991 0.000837891
0.0019887 0.00084375

0.00199102 0.000832464
0.0019911 0.000832031

0.00200516 0.00075
0.00200431 0.000755859

0.00200431 0.000755859
0.00200344 0.000761719

0.00200273 0.00076633
0.00200254 0.000767578

0.00200254 0.000767578
0.00200162 0.000773437

0.00200273 0.000766328
0.00200344 0.000761719

0.00200162 0.000773437
0.00200068 0.000779297

0.00200068 0.000779297
0.00199971 0.000785156

0.00199971 0.000785156
0.00199872 0.000791016

0.00199872 0.000791016
0.00199771 0.000796875

0.00199687 0.00080158
0.00199771 0.000796875

0.00198516 0.000860214
0.00198491 0.000861328

0.00198491 0.000861328
0.0019836 0.000867187

0.0019887 0.00084375
0.00198746 0.000849609

0.00198746 0.000849609
0.0019862 0.000855469

0.00198516 0.000860212
0.0019862 0.000855469

0.0019836 0.000867187
0.00198225 0.000873047

0.00198225 0.000873047
0.00198089 0.000878906

0.0019793 0.000885607
0.00197808 0.000890625

0.00198089 0.000878906
0.0019795 0.000884766

0.0019793 0.000885607
0.0019795 0.000884766

0.00197344 0.000909152
0.00197217 0.000914062

0.00197216 0.000914062
0.00197062 0.000919922

0.00197062 0.000919922
0.00196905 0.000925781

0.00196758 0.00093121
0.00196746 0.000931641

0.00196746 0.000931641
0.00196584 0.0009375

0.00196758 0.000931208
0.00196905 0.000925781

0.00197808 0.000890625
0.00197664 0.000896484

0.00197664 0.000896484
0.00197517 0.000902344

0.00197517 0.000902344
0.00197368 0.000908203

0.00197344 0.000909151
0.00197368 0.000908203

0.00196172 0.000952025
0.00196084 0.000955078

0.00196084 0.000955078
0.00195912 0.000960937

0.00196584 0.0009375
0.0019642 0.000943359

0.0019642 0.000943359
0.00196253 0.000949219

0.00196172 0.000952023
0.00196253 0.000949219

0.00195586 0.000971825
0.00195561 0.000972656

0.00195912 0.000960937
0.00195737 0.000966797

0.00195586 0.000971822
0.00195737 0.000966797

0.00195561 0.000972656
0.00195382 0.000978516

0.00195381 0.000978516
0.001952 0.000984375

0.001952 0.000984375
0.00195016 0.000990234

0.00195 0.000990741
0.00195016 0.000990234

0.00217663 0.00075
0.00217742 0.000755859

0.00217742 0.000755859
0.00217823 0.000761719

0.00217823 0.000761719
0.00217852 0.00076377

0.00217852 0.000763769
0.00217905 0.000767578

0.00217905 0.000767578
0.00217988 0.000773437

0.00217988 0.000773437
0.00218073 0.000779297

0.00218073 0.000779297
0.0021816 0.000785156

0.0021816 0.000785156
0.00218248 0.000791016

0.00218248 0.000791016
0.00218337 0.000796875

0.00218338 0.000796875
0.00218429 0.000802734

0.00218429 0.000802734
0.00218437 0.000803251

0.00218437 0.000803248
0.00218523 0.000808594

0.00218522 0.000808594
0.00218617 0.000814453

0.00218617 0.000814453
0.00218713 0.000820312

0.00218713 0.000820312
0.00218811 0.000826172

0.00218811 0.000826172
0.00218911 0.000832031

0.00218911 0.000832031
0.00219013 0.000837891

0.00219013 0.000837891
0.00219023 0.000838488

0.00219023 0.000838485
0.00219116 0.00084375

0.00219116 0.00084375
0.00219221 0.000849609

0.00219221 0.000849609
0.00219327 0.000855469

0.00219327 0.000855469
0.00219435 0.000861328

0.00219435 0.000861328
0.00219546 0.000867187

0.00219546 0.000867187
0.00219609 0.000870506

0.00219609 0.000870504
0.00219658 0.000873047

0.00219658 0.000873047
0.00219771 0.000878906

0.00219771 0.000878906
0.00219886 0.000884766

0.00219886 0.000884766
0.00220003 0.000890625

0.00220003 0.000890625
0.00220122 0.000896484

0.00220122 0.000896484
0.00220195 0.000900036

0.00220195 0.000900034
0.00220243 0.000902344

0.00220243 0.000902344
0.00220365 0.000908203

0.00220365 0.000908203
0.00220488 0.000914062

0.00220488 0.000914062
0.00220613 0.000919922

0.00220613 0.000919922
0.00220741 0.000925781

0.00220742 0.000925781
0.00220781 0.000927575

0.00220781 0.000927572
0.00220871 0.000931641

0.00220871 0.000931641
0.00221001 0.0009375

0.00221001 0.0009375
0.00221133 0.000943359

0.00221133 0.000943359
0.00221267 0.000949219

0.00221268 0.000949219
0.00221367 0.000953487

0.00221367 0.000953486
0.00221404 0.000955078

0.00221404 0.000955078
0.00221541 0.000960937

0.00221541 0.000960937
0.0022168 0.000966797

0.00221679 0.000966797
0.0022182 0.000972656

0.00221821 0.000972656
0.00221953 0.000978071

0.00221953 0.00097807
0.00221964 0.000978516

0.00221964 0.000978516
0.00222108 0.000984375

0.00222108 0.000984375
0.00222253 0.000990234

0.00222252 0.000990234
0.002224 0.000996094

0.002224 0.000996094
0.00222539 0.00100153

0.00222539 0.00100153
0.0022255 0.00100195

0.0022255 0.00100195
0.002227 0.00100781

0.002227 0.00100781
0.00222851 0.00101367

0.0022285 0.00101367
0.00223004 0.00101953

0.00223005 0.00101953
0.00223125 0.00102404

0.00223125 0.00102404
0.00223161 0.00102539

0.0022316 0.00102539
0.00223316 0.00103125

0.00223316 0.00103125
0.00223473 0.00103711

0.00223473 0.00103711
0.00223633 0.00104297

0.00223634 0.00104297
0.00223711 0.00104577

0.00223711 0.00104577
0.00223795 0.00104883

0.00223794 0.00104883
0.00223955 0.00105469

0.00223955 0.00105469
0.00224118 0.00106055

0.00224119 0.00106055
0.00224284 0.00106641

0.00224285 0.00106641
0.00224297 0.00106684

0.00224297 0.00106683
0.0022445 0.00107227

0.0022445 0.00107227
0.00224616 0.00107812

0.00224616 0.00107812
0.00224785 0.00108398

0.00224786 0.00108398
0.00224883 0.00108731

0.00224883 0.00108731
0.00224956 0.00108984

0.00224955 0.00108984
0.00225125 0.0010957

0.00225125 0.0010957
0.00225297 0.00110156

0.00225298 0.00110156
0.00225469 0.00110734

0.00225469 0.00110734
0.00225471 0.00110742

0.00225471 0.00110742
0.00225644 0.00111328

0.00225644 0.00111328
0.00225818 0.00111914

0.00225818 0.00111914
0.00225995 0.001125

0.00225996 0.001125
0.00226055 0.00112695

0.00226055 0.00112694
0.00226173 0.00113086

0.00226172 0.00113086
0.00226348 0.00113672

0.00226348 0.00113672
0.00226527 0.00114258

0.00226529 0.00114258
0.00226641 0.00114623

0.00226641 0.00114623
0.00226708 0.00114844

0.00226707 0.00114844
0.00226886 0.0011543

0.00226885 0.0011543
0.00227066 0.00116016

0.00227068 0.00116016
0.00227227 0.00116527

0.00227227 0.00116527
0.0022725 0.00116602

0.00227249 0.00116602
0.0022743 0.00117187

0.00227429 0.00117187
0.00227611 0.00117773

0.00227612 0.00117773
0.00227796 0.00118359

0.00227796 0.00118359
0.00227812 0.00118412

0.00227812 0.00118412
0.00227979 0.00118945

0.00227977 0.00118945
0.0022816 0.00119531

0.00228161 0.00119531
0.00228345 0.00120117

0.00228347 0.00120117
0.00228398 0.00120283

0.00228398 0.00120283
0.0022853 0.00120703

0.00228529 0.00120703
0.00228712 0.00121289

0.00228712 0.00121289
0.00228897 0.00121875

0.00228899 0.00121875
0.00228984 0.00122147

0.00228984 0.00122147
0.00229083 0.00122461

0.00229082 0.00122461
0.00229264 0.00123047

0.00229264 0.00123047
0.00229449 0.00123633

0.00229451 0.00123633
0.0022957 0.00124012

0.0022957 0.00124011
0.00229636 0.00124219

0.00229634 0.00124219
0.00229816 0.00124805

0.00229815 0.00124805
0.0023 0.00125391

0.00230002 0.00125391
0.00230156 0.00125884

0.00230156 0.00125884
0.00230185 0.00125977

0.00230184 0.00125977
0.00230365 0.00126562

0.00230365 0.00126563
0.00230547 0.00127148

0.00230548 0.00127148
0.0023073 0.00127734

0.00230731 0.00127734
0.00230742 0.00127772

0.00230742 0.00127772
0.0023091 0.0012832

0.00230909 0.0012832
0.00231088 0.00128906

0.00231089 0.00128906
0.00231269 0.00129492

0.0023127 0.00129492
0.00231328 0.00129682

0.00231328 0.00129682
0.00231448 0.00130078

0.00231447 0.00130078
0.00231622 0.00130664

0.00231622 0.00130664
0.00231799 0.0013125

0.00231801 0.0013125
0.00231914 0.00131626

0.00231914 0.00131626
0.00231977 0.00131836

0.00231975 0.00131836
0.00232147 0.00132422

0.00232146 0.00132422
0.00232319 0.00133008

0.0023232 0.00133008
0.00232492 0.00133594

0.00232492 0.00133594
0.002325 0.0013362

0.002325 0.0013362
0.00232661 0.0013418

0.0023266 0.0013418
0.00232826 0.00134766

0.00232826 0.00134766
0.00232993 0.00135352

0.00232995 0.00135352
0.00233086 0.00135674

0.00233086 0.00135674
0.0023316 0.00135937

0.00233159 0.00135937
0.00233319 0.00136523

0.00233318 0.00136523
0.00233478 0.00137109

0.00233479 0.00137109
0.00233639 0.00137695

0.0023364 0.00137695
0.00233672 0.00137815

0.00233672 0.00137815
0.00233796 0.00138281

0.00233795 0.00138281
0.00233947 0.00138867

0.00233946 0.00138867
0.00234098 0.00139453

0.00234099 0.00139453
0.0023425 0.00140039

0.0023425 0.00140039
0.00234258 0.00140071

0.00234258 0.0014007
0.00234396 0.00140625

0.00234395 0.00140625
0.00234538 0.00141211

0.00234537 0.00141211
0.00234678 0.00141797

0.00234679 0.00141797
0.00234819 0.00142383

0.0023482 0.00142383
0.00234844 0.00142487

0.00234844 0.00142486
0.00234956 0.00142969

0.00234955 0.00142969
0.00235086 0.00143555

0.00235085 0.00143555
0.00235214 0.00144141

0.00235213 0.00144141
0.00235341 0.00144727

0.00235343 0.00144727
0.0023543 0.00145137

0.0023543 0.00145137
0.00235467 0.00145312

0.00235466 0.00145312
0.00235585 0.00145898

0.00235585 0.00145898
0.002357 0.00146484

0.002357 0.00146484
0.00235812 0.0014707

0.00235812 0.0014707
0.00235921 0.00147656

0.00235922 0.00147656
0.00236016 0.0014817

0.00236016 0.0014817
0.00236029 0.00148242

0.00236029 0.00148242
0.0023613 0.00148828

0.0023613 0.00148828
0.00236227 0.00149414

0.00236226 0.00149414
0.00236319 0.0015

0.00166875 0.00166197
0.00166798 0.00166406

0.00166798 0.00166406
0.00166581 0.00166992

0.00166579 0.00166992
0.00166365 0.00167578

0.00166289 0.00167797
0.00166157 0.00168164

0.00166156 0.00168164
0.00165946 0.0016875

0.00166289 0.00167795
0.00166367 0.00167578

0.00171562 0.00154463
0.00171467 0.00154687

0.00170977 0.00155852
0.00170973 0.00155859

0.00171467 0.00154687
0.00171219 0.00155273

0.00170977 0.00155849
0.00171218 0.00155273

0.00170974 0.00155859
0.00170728 0.00156445

0.00170727 0.00156445
0.00170483 0.00157031

0.00170391 0.00157259
0.00170243 0.00157617

0.00170242 0.00157617
0.00170001 0.00158203

0.00169805 0.00158686
0.00169763 0.00158789

0.00169763 0.00158789
0.00169524 0.00159375

0.00169805 0.00158683
0.0017 0.00158203

0.00170391 0.00157258
0.00170484 0.00157031

0.00172734 0.00151732
0.00172723 0.00151758

0.00172723 0.00151758
0.00172469 0.00152344

0.0017332 0.00150388
0.00173234 0.00150586

0.00173233 0.00150586
0.00172977 0.00151172

0.0017332 0.00150386
0.00173489 0.0015

0.00172734 0.0015173
0.00172977 0.00151172

0.00172148 0.0015309
0.00171966 0.00153516

0.00172468 0.00152344
0.00172216 0.0015293

0.00172148 0.00153089
0.00172217 0.0015293

0.00171965 0.00153516
0.00171715 0.00154102

0.00171562 0.00154462
0.00171715 0.00154102

0.00169219 0.00160134
0.00169054 0.00160547

0.00168633 0.00161607
0.00168589 0.00161719

0.00169052 0.00160547
0.00168819 0.00161133

0.00168633 0.00161604
0.00168819 0.00161133

0.00168047 0.00163106
0.00167904 0.00163477

0.00167903 0.00163477
0.00167677 0.00164062

0.00168589 0.00161719
0.00168358 0.00162305

0.00168356 0.00162305
0.00168128 0.00162891

0.00168047 0.00163104
0.00168129 0.00162891

0.00169523 0.00159375
0.00169286 0.00159961

0.00169219 0.00160133
0.00169288 0.00159961

0.00167461 0.00164633
0.00167455 0.00164648

0.00167456 0.00164648
0.00167234 0.00165234

0.00167461 0.0016463
0.00167676 0.00164062

0.00167232 0.00165234
0.00167012 0.0016582

0.00166875 0.00166194
0.00167013 0.0016582

0.00164531 0.00172888
0.00164353 0.00173437

0.00165703 0.0016944
0.00165535 0.00169922

0.00165534 0.00169922
0.00165329 0.00170508

0.00165328 0.00170508
0.00165128 0.00171094

0.00165944 0.0016875
0.00165737 0.00169336

0.00165703 0.00169439
0.00165739 0.00169336

0.00165117 0.00171134
0.00164933 0.0017168

0.00164932 0.0017168
0.00164734 0.00172266

0.00165117 0.00171134
0.00165131 0.00171094

0.00164733 0.00172266
0.00164541 0.00172852

0.00164531 0.00172889
0.00164543 0.00172852

0.00164352 0.00173437
0.00164162 0.00174023

0.0016416 0.00174023
0.00163975 0.00174609

0.00163945 0.00174716
0.00163797 0.00175195

0.00163796 0.00175195
0.00163614 0.00175781

0.00163945 0.00174715
0.00163978 0.00174609

0.00163359 0.00176634
0.00163266 0.00176953

0.00163266 0.00176953
0.00163093 0.00177539

0.0016309 0.00177539
0.00162921 0.00178125

0.00163611 0.00175781
0.00163434 0.00176367

0.00163359 0.00176632
0.00163437 0.00176367

0.00162187 0.00180865
0.0016214 0.00181055

0.0016214 0.00181055
0.00161993 0.00181641

0.00161992 0.00181641
0.00161846 0.00182227

0.00161844 0.00182227
0.00161707 0.00182812

0.00161602 0.00183298
0.00161579 0.00183398

0.0016158 0.00183398
0.0016145 0.00183984

0.00161602 0.00183295
0.00161709 0.00182812

0.00161449 0.00183984
0.00161321 0.0018457

0.0016132 0.0018457
0.00161198 0.00185156

0.00161016 0.00186136
0.0016098 0.00186328

0.0016098 0.00186328
0.00160874 0.00186914

0.00160873 0.00186914
0.00160771 0.001875

0.00161198 0.00185156
0.00161085 0.00185742

0.00161016 0.00186135
0.00161088 0.00185742

0.00162773 0.00178666
0.00162761 0.00178711

0.00162762 0.00178711
0.00162602 0.00179297

0.00162773 0.00178662
0.00162922 0.00178125

0.001626 0.00179297
0.0016244 0.00179883

0.00162437 0.00179883
0.00162284 0.00180469

0.00162187 0.00180862
0.00162286 0.00180469

0.00160771 0.001875
0.00160676 0.00188086

0.00160676 0.00188086
0.00160589 0.00188672

0.00160589 0.00188672
0.00160509 0.00189258

0.00160509 0.00189258
0.00160435 0.00189844

0.0016043 0.00189888
0.00160365 0.0019043

0.00160365 0.0019043
0.00160301 0.00191016

0.0016043 0.00189889
0.00160435 0.00189844

0.00160301 0.00191016
0.00160245 0.00191602

0.00160245 0.00191602
0.00160197 0.00192187

0.00160197 0.00192187
0.00160156 0.00192773

0.00160156 0.00192773
0.00160123 0.00193359

0.00160123 0.00193359
0.00160097 0.00193945

0.00160097 0.00193945
0.0016008 0.00194531

0.0016008 0.00194531
0.00160071 0.00195117

0.00160071 0.00195117
0.00160071 0.00195703

0.00160071 0.00195703
0.00160081 0.00196289

0.0016008 0.00196289
0.00160099 0.00196875

0.00160099 0.00196875
0.00160128 0.00197461

0.00160128 0.00197461
0.00160167 0.00198047

0.00160167 0.00198047
0.00160216 0.00198633

0.00160216 0.00198633
0.00160276 0.00199219

0.00160276 0.00199219
0.00160347 0.00199805

0.00160346 0.00199805
0.00160429 0.00200391

0.00160429 0.00200391
0.0016043 0.00200396

0.0016043 0.00200399
0.00160527 0.00200977

0.0016053 0.00200977
0.00160642 0.00201563

0.00160641 0.00201562
0.00160763 0.00202148

0.00160762 0.00202148
0.00160896 0.00202734

0.00160894 0.00202734
0.00161016 0.00203192

0.00161016 0.00203193
0.00161049 0.0020332

0.00161054 0.0020332
0.00161226 0.00203906

0.00161224 0.00203906
0.00161407 0.00204492

0.00161404 0.00204492
0.00161602 0.00205056

0.00161602 0.00205057
0.00161609 0.00205078

0.00161613 0.00205078
0.00161838 0.00205664

0.00161835 0.00205664
0.00162076 0.0020625

0.00162075 0.0020625
0.00162187 0.00206498

0.00162187 0.00206495
0.00162342 0.00206836

0.00162343 0.00206836
0.00162631 0.00207422

0.00162627 0.00207422
0.00162773 0.00207698

0.00162773 0.00207695
0.00162939 0.00208008

0.0016294 0.00208008
0.00163278 0.00208594

0.00163276 0.00208594
0.00163359 0.0020873

0.00163359 0.00208724
0.00163642 0.0020918

0.00163639 0.0020918
0.00163945 0.00209633

0.00163945 0.00209631
0.00164035 0.00209766

0.00164037 0.00209766
0.00164465 0.00210352

0.00164465 0.00210352
0.00164531 0.00210439

0.00164531 0.00210437
0.00164924 0.00210937

0.00164925 0.00210937
0.00165117 0.0021117

0.00165117 0.00211166
0.0016542 0.00211523

0.00165424 0.00211523
0.00165703 0.00211832

0.00165703 0.00211831
0.00165964 0.00212109

0.00165967 0.00212109
0.00166289 0.00212436

0.00166289 0.00212437
0.00166555 0.00212695

0.00166556 0.00212695
0.00166875 0.00212993

0.00166875 0.00212998
0.00167196 0.00213281

0.00167195 0.00213281
0.00167461 0.0021351

0.00167461 0.00213515
0.00167892 0.00213867

0.00167894 0.00213867
0.00168047 0.00213988

0.00168047 0.00213992
0.00168633 0.00214436

0.00168633 0.00214436
0.00168656 0.00214453

0.00168659 0.00214453
0.00169219 0.00214848

0.00169219 0.00214851
0.00169505 0.00215039

0.00169512 0.00215039
0.00169805 0.00215232

0.00169805 0.00215234
0.00170391 0.00215594

0.00170391 0.00215595
0.00170443 0.00215625

0.00170447 0.00215625
0.00170977 0.00215929

0.00170977 0.0021593
0.00171503 0.00216211

0.00171507 0.00216211
0.00171562 0.00216241

0.00171562 0.00216241
0.00172148 0.00216532

0.00172148 0.00216533
0.00172716 0.00216797

0.00172717 0.00216797
0.00172734 0.00216805

0.00172734 0.00216804
0.0017332 0.00217058

0.0017332 0.00217058
0.00173906 0.00217294

0.00173906 0.00217295
0.00174141 0.00217383

0.00174147 0.00217383
0.00174492 0.00217512

0.00174492 0.00217512
0.00175078 0.00217714

0.00175078 0.00217715
0.00175664 0.00217902

0.00175664 0.00217902
0.0017589 0.00217969

0.00175895 0.00217969
0.0017625 0.00218073

0.0017625 0.00218073
0.00176836 0.00218231

0.00176836 0.00218231
0.00177422 0.00218375

0.00177422 0.00218375
0.00178008 0.00218506

0.00178008 0.00218506
0.00178247 0.00218555

0.00178253 0.00218555
0.00178594 0.00218623

0.00178594 0.00218624
0.0017918 0.00218729

0.0017918 0.00218729
0.00179766 0.00218823

0.00179766 0.00218823
0.00180352 0.00218905

0.00180352 0.00218904
0.00180937 0.00218974

0.00180937 0.00218974
0.00181523 0.00219033

0.00181523 0.00219033
0.00182109 0.00219081

0.00182109 0.00219081
0.00182695 0.00219117

0.00182695 0.00219117
0.00183224 0.00219141

0.00183225 0.00219141
0.00183281 0.00219143

0.00183281 0.00219143
0.00183867 0.00219159

0.00183867 0.00219159
0.00184453 0.00219164

0.00184453 0.00219164
0.00185039 0.00219159

0.00185039 0.00219159
0.00185625 0.00219144

0.00186211 0.0021912
0.00185712 0.00219141

0.00186211 0.0021912
0.00186797 0.00219085

0.00185625 0.00219144
0.00185714 0.00219141

0.00186797 0.00219085
0.00187383 0.00219041

0.00187383 0.00219041
0.00187969 0.00218987

0.00187969 0.00218987
0.00188555 0.00218924

0.00188555 0.00218924
0.00189141 0.00218851

0.00189141 0.00218851
0.00189727 0.00218769

0.00189727 0.00218769
0.00190312 0.00218678

0.00190312 0.00218679
0.00190898 0.00218578

0.00191484 0.00218469
0.00191024 0.00218555

0.00190898 0.00218579
0.00191026 0.00218555

0.00191484 0.00218469
0.0019207 0.0021835

0.0019207 0.0021835
0.00192656 0.00218222

0.00193828 0.00217939
0.00193708 0.00217969

0.00193828 0.0021794
0.00194414 0.00217785

0.00194414 0.00217785
0.00195 0.00217622

0.00192656 0.00218222
0.00193242 0.00218086

0.00193242 0.00218086
0.00193715 0.00217969

0.002325 0.00183835
0.00232434 0.00183984

0.00231914 0.0018511
0.00231893 0.00185156

0.00232435 0.00183984
0.00232169 0.0018457

0.00231914 0.00185114
0.00232169 0.0018457

0.00231328 0.00186308
0.00231318 0.00186328

0.00230742 0.00187441
0.00230711 0.001875

0.0023132 0.00186328
0.0023102 0.00186914

0.00230742 0.00187443
0.0023102 0.00186914

0.00231894 0.00185156
0.00231611 0.00185742

0.00231328 0.00186312
0.00231611 0.00185742

0.00200859 0.00215503
0.00200575 0.00215625

0.00200859 0.00215503
0.00201445 0.00215243

0.00202031 0.00214973
0.00201888 0.00215039

0.00201445 0.00215244
0.00201892 0.00215039

0.00203203 0.00214409
0.00203112 0.00214453

0.00202031 0.00214974
0.00202617 0.00214697

0.00202617 0.00214697
0.00203117 0.00214453

0.00203203 0.0021441
0.00203789 0.00214114

0.00204375 0.00213809
0.00204263 0.00213867

0.00203789 0.00214115
0.00204267 0.00213867

0.00195 0.00217622
0.00195586 0.0021745

0.00196172 0.00217268
0.00195802 0.00217383

0.00195586 0.0021745
0.00195805 0.00217383

0.00196172 0.00217269
0.00196758 0.00217079

0.00196758 0.00217079
0.00197344 0.0021688

0.0019793 0.00216672
0.00197578 0.00216797

0.0019793 0.00216672
0.00198516 0.00216456

0.00197344 0.00216881
0.0019758 0.00216797

0.00198516 0.00216456
0.00199102 0.00216231

0.00199687 0.00215997
0.00199152 0.00216211

0.00199102 0.00216232
0.00199153 0.00216211

0.00199687 0.00215997
0.00200273 0.00215755

0.00200273 0.00215756
0.00200578 0.00215625

0.00205547 0.00213174
0.00205352 0.00213281

0.00205547 0.00213175
0.00206133 0.00212844

0.00206719 0.00212503
0.00206387 0.00212695

0.00206133 0.00212845
0.0020639 0.00212695

0.00204375 0.0021381
0.00204961 0.00213497

0.00204961 0.00213498
0.00205355 0.00213281

0.00207891 0.00211795
0.00207377 0.00212109

0.00206719 0.00212504
0.00207305 0.00212154

0.00207305 0.00212154
0.00207379 0.00212109

0.00208477 0.00211426
0.0020832 0.00211523

0.00207891 0.00211796
0.00208325 0.00211523

0.00208477 0.00211427
0.00209062 0.00211049

0.00209648 0.00210662
0.00209231 0.00210937

0.00210234 0.00210264
0.00210102 0.00210352

0.00209648 0.00210663
0.00210109 0.00210352

0.00211406 0.00209441
0.0021095 0.00209766

0.00210234 0.00210266
0.0021082 0.00209859

0.0021082 0.00209858
0.00210954 0.00209766

0.00212578 0.00208574
0.00212552 0.00208594

0.00212578 0.00208577
0.00213164 0.00208129

0.0021375 0.0020767
0.00213318 0.00208008

0.00213164 0.00208129
0.00213321 0.00208008

0.00211992 0.00209014
0.00211762 0.0020918

0.00211406 0.00209442
0.00211767 0.0020918

0.00211992 0.00209016
0.00212557 0.00208594

0.00209062 0.00211049
0.00209234 0.00210937

0.00215508 0.00206224
0.00215477 0.0020625

0.00215508 0.00206227
0.00216094 0.00205722

0.00218437 0.00203579
0.00218091 0.00203906

0.00217266 0.00204677
0.0021682 0.00205078

0.0021668 0.00205205
0.0021616 0.00205664

0.00216094 0.00205722
0.00216161 0.00205664

0.0021668 0.00205206
0.00216822 0.00205078

0.00217852 0.00204135
0.00217463 0.00204492

0.00217266 0.00204677
0.00217467 0.00204492

0.00217852 0.00204135
0.00218096 0.00203906

0.00220781 0.00201217
0.00220454 0.00201563

0.00223125 0.00198602
0.00223099 0.00198633

0.002231 0.00198633
0.00222595 0.00199219

0.00221953 0.00199943
0.00221551 0.00200391

0.00221367 0.00200587
0.0022101 0.00200977

0.00220781 0.00201218
0.00221007 0.00200977

0.00221367 0.00200589
0.00221549 0.00200391

0.00222539 0.00199283
0.00222079 0.00199805

0.00221953 0.00199945
0.00222078 0.00199805

0.00222539 0.00199283
0.00222595 0.00199219

0.00219609 0.00202427
0.00219302 0.00202734

0.00219023 0.0020301
0.00218704 0.0020332

0.00218437 0.0020358
0.00218708 0.0020332

0.00219023 0.00203011
0.00219304 0.00202734

0.00220195 0.0020183
0.00219885 0.00202148

0.00219609 0.00202428
0.00219885 0.00202148

0.00220195 0.00201831
0.00220453 0.00201562

0.00225469 0.00195681
0.00225452 0.00195703

0.00224883 0.00196443
0.00224544 0.00196875

0.00225452 0.00195703
0.00225003 0.00196289

0.00224883 0.00196445
0.00225003 0.00196289

0.00226641 0.00194079
0.00226318 0.00194531

0.00227227 0.00193237
0.00227145 0.00193359

0.00227812 0.00192367
0.00227543 0.00192773

0.00227227 0.00193239
0.00227543 0.00192773

0.00227145 0.00193359
0.00226736 0.00193945

0.00226641 0.00194082
0.00226735 0.00193945

0.00226055 0.0019489
0.00225891 0.00195117

0.00225469 0.00195681
0.00225891 0.00195117

0.00226055 0.00194893
0.00226319 0.00194531

0.00230156 0.00188515
0.00230069 0.00188672

0.0022957 0.00189541
0.00229393 0.00189844

0.0023007 0.00188672
0.00229736 0.00189258

0.0022957 0.00189542
0.00229737 0.00189258

0.00228984 0.00190523
0.00228681 0.00191016

0.00228398 0.00191461
0.0022831 0.00191602

0.00228311 0.00191602
0.00227932 0.00192187

0.00228398 0.00191463
0.00228681 0.00191016

0.00229394 0.00189844
0.00229042 0.0019043

0.00228984 0.00190524
0.00229041 0.0019043

0.00230712 0.001875
0.00230395 0.00188086

0.00230156 0.00188517
0.00230396 0.00188086

0.00227812 0.00192368
0.00227931 0.00192187

0.00223711 0.00197903
0.00223593 0.00198047

0.00224297 0.00197181
0.00224075 0.00197461

0.00223711 0.00197903
0.00224074 0.00197461

0.00223125 0.00198603
0.00223593 0.00198047

0.00224297 0.00197186
0.00224542 0.00196875

0.00214336 0.00207201
0.00214056 0.00207422

0.00214922 0.00206717
0.00214776 0.00206836

0.00214336 0.00207201
0.00214781 0.00206836

0.0021375 0.00207669
0.00214063 0.00207422

0.00214922 0.0020672
0.00215481 0.0020625

0.00236319 0.0015
0.00236409 0.00150586

0.00236409 0.00150586
0.00236494 0.00151172

0.00236494 0.00151172
0.00236576 0.00151758

0.00236576 0.00151758
0.00236602 0.00151951

0.00236602 0.0015195
0.00236653 0.00152344

0.00236653 0.00152344
0.00236725 0.0015293

0.00236725 0.0015293
0.00236792 0.00153516

0.00236792 0.00153516
0.00236855 0.00154102

0.00236855 0.00154102
0.00236914 0.00154687

0.00236914 0.00154687
0.00236968 0.00155273

0.00236968 0.00155273
0.00237017 0.00155859

0.00237017 0.00155859
0.00237061 0.00156445

0.00237061 0.00156445
0.002371 0.00157031

0.002371 0.00157031
0.00237134 0.00157617

0.00237134 0.00157617
0.00237163 0.00158203

0.00237163 0.00158203
0.00237187 0.00158789

0.00237187 0.00158789
0.00237187 0.00158795

0.00237187 0.00158794
0.00237206 0.00159375

0.00237187 0.00163426
0.00237186 0.00163477

0.00237186 0.00163477
0.00237161 0.00164062

0.00237161 0.00164062
0.00237129 0.00164648

0.00237129 0.00164648
0.00237093 0.00165234

0.00237093 0.00165234
0.0023705 0.0016582

0.0023705 0.0016582
0.00237001 0.00166406

0.00237001 0.00166406
0.00236946 0.00166992

0.00236946 0.00166992
0.00236885 0.00167578

0.00236885 0.00167578
0.00236818 0.00168164

0.00236818 0.00168164
0.00236744 0.0016875

0.00237206 0.00159375
0.0023722 0.00159961

0.0023722 0.00159961
0.00237228 0.00160547

0.00237228 0.00160547
0.0023723 0.00161133

0.0023723 0.00161133
0.00237228 0.00161719

0.00237228 0.00161719
0.00237219 0.00162305

0.00237219 0.00162305
0.00237205 0.00162891

0.00237187 0.00163426
0.00237205 0.00162891

0.00236602 0.00169762
0.00236578 0.00169922

0.00236744 0.0016875
0.00236664 0.00169336

0.00236602 0.00169763
0.00236664 0.00169336

0.00236579 0.00169922
0.00236487 0.00170508

0.00236487 0.00170508
0.00236388 0.00171094

0.00236016 0.00173013
0.00235925 0.00173437

0.00236388 0.00171094
0.00236283 0.0017168

0.00236283 0.0017168
0.0023617 0.00172266

0.0023617 0.00172266
0.0023605 0.00172852

0.00236016 0.00173013
0.0023605 0.00172852

0.00234844 0.00177563
0.0023467 0.00178125

0.00235926 0.00173437
0.00235795 0.00174023

0.00235795 0.00174023
0.00235655 0.00174609

0.0023543 0.00175489
0.00235353 0.00175781

0.00235655 0.00174609
0.00235507 0.00175195

0.0023543 0.0017549
0.00235507 0.00175195

0.00235355 0.00175781
0.00235196 0.00176367

0.00235196 0.00176367
0.00235028 0.00176953

0.00235027 0.00176953
0.00234852 0.00177539

0.00234844 0.00177563
0.00234851 0.00177539

0.00234671 0.00178125
0.00234482 0.00178711

0.00234482 0.00178711
0.00234284 0.00179297

0.00234258 0.0017937
0.00234079 0.00179883

0.00234081 0.00179883
0.00233869 0.00180469

0.00234258 0.0017937
0.00234283 0.00179297

0.00233672 0.0018099
0.00233648 0.00181055

0.00233648 0.00181055
0.00233422 0.00181641

0.00233086 0.00182469
0.00232943 0.00182812

0.00233422 0.00181641
0.00233188 0.00182227

0.00233086 0.0018247
0.00233187 0.00182227

0.00233672 0.00180993
0.00233869 0.00180469

0.00232944 0.00182812
0.00232694 0.00183398

0.002325 0.00183838
0.00232694 0.00183398

