0.00265312 0.00187223
0.00265167 0.001875

0.0027 0.00179286
0.00269993 0.00179297

0.00269414 0.0018019
0.00269235 0.00180469

0.0026999 0.00179297
0.00269609 0.00179883

0.00269414 0.00180187
0.00269609 0.00179883

0.00268828 0.00181112
0.002685 0.00181641

0.00268242 0.00182063
0.00268142 0.00182227

0.00268139 0.00182227
0.00267786 0.00182812

0.00268242 0.00182059
0.00268499 0.00181641

0.00269233 0.00180469
0.00268863 0.00181055

0.00268828 0.00181112
0.00268863 0.00181055

0.00266484 0.00185062
0.00266431 0.00185156

0.00267656 0.00183034
0.0026744 0.00183398

0.00267438 0.00183398
0.00267096 0.00183984

0.0026707 0.00184031
0.00266761 0.0018457

0.00266484 0.00185058
0.0026676 0.0018457

0.0026707 0.0018403
0.00267096 0.00183984

0.00265898 0.00186124
0.00265787 0.00186328

0.00266429 0.00185156
0.00266105 0.00185742

0.00265898 0.00186121
0.00266105 0.00185742

0.00265785 0.00186328
0.00265472 0.00186914

0.00265312 0.0018722
0.00265473 0.00186914

0.00267656 0.00183032
0.00267787 0.00182812

0.00260625 0.00198528
0.00260594 0.00198633

0.00260595 0.00198633
0.00260427 0.00199219

0.00260425 0.00199219
0.00260265 0.00199805

0.00260264 0.00199805
0.00260116 0.00200391

0.00260039 0.00200731
0.00259981 0.00200977

0.0025998 0.00200977
0.00259847 0.00201563

0.00260039 0.00200731
0.00260119 0.00200391

0.00259453 0.00203679
0.00259417 0.00203906

0.00259846 0.00201562
0.00259722 0.00202148

0.00259721 0.00202148
0.00259609 0.00202734

0.0025961 0.00202734
0.00259509 0.0020332

0.00259453 0.0020368
0.0025951 0.0020332

0.00259416 0.00203906
0.00259332 0.00204492

0.00259332 0.00204492
0.00259258 0.00205078

0.00259258 0.00205078
0.00259196 0.00205664

0.00259196 0.00205664
0.00259144 0.0020625

0.00262969 0.00192114
0.00262937 0.00192187

0.00264141 0.00189554
0.00264001 0.00189844

0.00264727 0.00188364
0.00264572 0.00188672

0.00265165 0.001875
0.00264864 0.00188086

0.00264727 0.00188361
0.00264865 0.00188086

0.00264569 0.00188672
0.0026428 0.00189258

0.00264141 0.00189551
0.00264282 0.00189258

0.00263555 0.001908
0.00263456 0.00191016

0.00263998 0.00189844
0.00263722 0.0019043

0.00263555 0.00190797
0.00263723 0.0019043

0.00263454 0.00191016
0.00263191 0.00191602

0.00262969 0.0019211
0.0026319 0.00191602

0.00262937 0.00192187
0.00262686 0.00192773

0.00262684 0.00192773
0.00262442 0.00193359

0.00262383 0.00193515
0.0026221 0.00193945

0.00262207 0.00193945
0.00261978 0.00194531

0.00262383 0.00193512
0.00262444 0.00193359

0.00261797 0.0019502
0.0026176 0.00195117

0.00261761 0.00195117
0.00261546 0.00195703

0.00261211 0.00196672
0.00261143 0.00196875

0.00261542 0.00195703
0.00261336 0.00196289

0.00261211 0.00196669
0.00261338 0.00196289

0.00261797 0.00195016
0.00261979 0.00194531

0.00261142 0.00196875
0.0026095 0.00197461

0.00260947 0.00197461
0.00260763 0.00198047

0.00260625 0.00198525
0.00260765 0.00198047

0.00259144 0.0020625
0.00259104 0.00206836

0.00259104 0.00206836
0.00259075 0.00207422

0.00259075 0.00207422
0.00259057 0.00208008

0.00259057 0.00208008
0.00259052 0.00208594

0.00259052 0.00208594
0.00259058 0.0020918

0.00259058 0.0020918
0.00259077 0.00209766

0.00259077 0.00209766
0.00259109 0.00210352

0.00259109 0.00210352
0.00259155 0.00210937

0.00259155 0.00210937
0.00259214 0.00211523

0.00259214 0.00211523
0.00259286 0.00212109

0.00259286 0.00212109
0.00259373 0.00212695

0.00259372 0.00212695
0.00259453 0.00213159

0.00259453 0.00213161
0.00259474 0.00213281

0.00259475 0.00213281
0.00259596 0.00213867

0.00259597 0.00213867
0.00259733 0.00214453

0.00259732 0.00214453
0.00259883 0.00215039

0.0025988 0.00215039
0.00260039 0.00215583

0.00260039 0.00215585
0.00260051 0.00215625

0.00260053 0.00215625
0.00260245 0.00216211

0.00260245 0.00216211
0.00260453 0.00216797

0.0026045 0.00216797
0.00260625 0.00217242

0.00260625 0.00217242
0.0026068 0.00217383

0.00260684 0.00217383
0.00260937 0.00217969

0.00260933 0.00217969
0.00261208 0.00218555

0.00261209 0.00218555
0.00261211 0.00218559

0.00261211 0.00218555
0.00261511 0.00219141

0.00261508 0.00219141
0.00261797 0.00219659

0.00261797 0.00219659
0.00261835 0.00219727

0.00261837 0.00219727
0.00262192 0.00220312

0.00262187 0.00220312
0.00262383 0.00220613

0.00262383 0.00220609
0.00262572 0.00220898

0.00262572 0.00220898
0.00262969 0.00221456

0.00262969 0.00221456
0.00262989 0.00221484

0.00262989 0.00221484
0.00263439 0.0022207

0.00263439 0.0022207
0.00263555 0.00222215

0.00263555 0.00222213
0.00263922 0.00222656

0.00263926 0.00222656
0.00264141 0.00222902

0.00264141 0.002229
0.00264449 0.00223242

0.00264454 0.00223242
0.00264727 0.00223528

0.00264727 0.00223529
0.00265024 0.00223828

0.00265025 0.00223828
0.00265312 0.00224105

0.00265312 0.00224108
0.00265647 0.00224414

0.00265647 0.00224414
0.00265898 0.00224637

0.00265898 0.00224642
0.00266323 0.00225

0.00266325 0.00225
0.00266484 0.00225131

0.00266484 0.00225135
0.0026706 0.00225586

0.00267061 0.00225586
0.0026707 0.00225593

0.0026707 0.00225592
0.00267656 0.0022602

0.00267656 0.00226022
0.00267877 0.00226172

0.00267882 0.00226172
0.00268242 0.00226418

0.00268242 0.0022642
0.00268773 0.00226758

0.00268777 0.00226758
0.00268828 0.00226789

0.00268828 0.0022679
0.00269414 0.00227137

0.00269414 0.0022714
0.00269781 0.00227344

0.00269788 0.00227344
0.0027 0.00227462

0.00296953 0.0014967
0.00296557 0.0015

0.00298125 0.00148703
0.00297971 0.00148828

0.00297539 0.00149186
0.00297259 0.00149414

0.00296953 0.00149667
0.00297263 0.00149414

0.00297539 0.00149183
0.00297971 0.00148828

0.00302812 0.00144976
0.00302379 0.00145312

0.00299883 0.0014728
0.00299414 0.00147656

0.00300469 0.00146814
0.00300144 0.0014707

0.00299883 0.00147277
0.00300147 0.0014707

0.00298711 0.00148225
0.00298689 0.00148242

0.00298125 0.00148702
0.00298689 0.00148242

0.00298711 0.00148224
0.00299297 0.0014775

0.00299297 0.0014775
0.00299414 0.00147656

0.00301055 0.0014635
0.00300882 0.00146484

0.00301641 0.00145888
0.00301628 0.00145898

0.00301055 0.00146348
0.00301627 0.00145898

0.00300469 0.00146812
0.00300883 0.00146484

0.00301641 0.00145888
0.00302227 0.0014543

0.00302227 0.0014543
0.00302379 0.00145312

0.00303984 0.00144075
0.00303897 0.00144141

0.00303398 0.00144526
0.00303134 0.00144727

0.00302812 0.00144975
0.00303136 0.00144727

0.00303398 0.00144523
0.00303897 0.00144141

0.00303984 0.00144074
0.0030457 0.00143627

0.00305156 0.00143183
0.00304666 0.00143555

0.0030457 0.00143627
0.00304666 0.00143555

0.00305742 0.00142741
0.00305439 0.00142969

0.00306328 0.00142301
0.00306217 0.00142383

0.00305742 0.0014274
0.00306217 0.00142383

0.003075 0.00141425
0.00307001 0.00141797

0.00306328 0.001423
0.00306914 0.00141862

0.00306914 0.00141861
0.00307001 0.00141797

0.00305156 0.00143182
0.0030544 0.00142969

0.00342656 0.00112144
0.00342359 0.001125

0.00344414 0.00109981
0.00344279 0.00110156

0.00345 0.00109222
0.00344735 0.0010957

0.00344414 0.00109982
0.00344734 0.0010957

0.00343828 0.00110723
0.00343813 0.00110742

0.00343813 0.00110742
0.00343337 0.00111328

0.00343242 0.00111443
0.00342852 0.00111914

0.00342656 0.00112148
0.00342851 0.00111914

0.00343242 0.00111444
0.00343337 0.00111328

0.00343828 0.00110723
0.00344278 0.00110156

0.00321562 0.00131112
0.00321374 0.0013125

0.00321562 0.00131111
0.00322148 0.00130672

0.00322734 0.00130231
0.00322159 0.00130664

0.00322148 0.00130672
0.00322159 0.00130664

0.0032332 0.00129788
0.00322937 0.00130078

0.00323906 0.00129343
0.00323706 0.00129492

0.0032332 0.00129788
0.00323708 0.00129492

0.00322734 0.0013023
0.00322939 0.00130078

0.00324492 0.00128892
0.00324474 0.00128906

0.00324492 0.00128893
0.00325078 0.00128441

0.0032625 0.0012753
0.00325984 0.00127734

0.00325664 0.00127986
0.00325234 0.0012832

0.00325078 0.0012844
0.00325235 0.0012832

0.00325664 0.00127985
0.00325988 0.00127734

0.00323906 0.00129342
0.00324475 0.00128906

0.00308672 0.00140557
0.00308578 0.00140625

0.00308672 0.00140556
0.00309258 0.00140124

0.00309844 0.00139693
0.00309373 0.00140039

0.00309258 0.00140123
0.00309374 0.00140039

0.00312187 0.00137979
0.00311773 0.00138281

0.0031043 0.00139264
0.0031017 0.00139453

0.00311016 0.00138834
0.0031097 0.00138867

0.0031043 0.00139263
0.0031097 0.00138867

0.00309844 0.00139693
0.00310171 0.00139453

0.00311016 0.00138834
0.00311602 0.00138406

0.00311602 0.00138405
0.00311774 0.00138281

0.00315117 0.00135847
0.00314991 0.00135937

0.00315117 0.00135847
0.00315703 0.0013542

0.00316875 0.00134567
0.00316601 0.00134766

0.00316289 0.00134994
0.00315798 0.00135352

0.00315703 0.0013542
0.00315798 0.00135352

0.00316289 0.00134993
0.00316602 0.00134766

0.00312773 0.00137553
0.00312575 0.00137695

0.00312187 0.00137979
0.00312576 0.00137695

0.00312773 0.00137552
0.00313359 0.00137125

0.00313945 0.00136699
0.00313381 0.00137109

0.00314531 0.00136273
0.00314187 0.00136523

0.00313945 0.00136698
0.00314188 0.00136523

0.00313359 0.00137125
0.00313381 0.00137109

0.00314531 0.00136273
0.00314992 0.00135937

0.00308086 0.00140991
0.00307788 0.00141211

0.003075 0.00141424
0.00307788 0.00141211

0.00308086 0.00140989
0.00308578 0.00140625

0.00318633 0.0013328
0.00318205 0.00133594

0.00319219 0.00132851
0.00319001 0.00133008

0.00318633 0.0013328
0.00319003 0.00133008

0.00317461 0.00134138
0.00317403 0.0013418

0.00316875 0.00134566
0.00317404 0.0013418

0.00317461 0.00134138
0.00318047 0.0013371

0.00318047 0.00133708
0.00318206 0.00133594

0.00319805 0.00132416
0.00319797 0.00132422

0.00319805 0.00132417
0.00320391 0.00131983

0.00319219 0.00132849
0.00319798 0.00132422

0.00320977 0.00131548
0.00320589 0.00131836

0.00320391 0.00131982
0.00320591 0.00131836

0.00320977 0.00131548
0.00321376 0.0013125

0.00333281 0.00121681
0.00333061 0.00121875

0.00334453 0.00120623
0.00334366 0.00120703

0.00333867 0.00121156
0.00333718 0.00121289

0.00333281 0.00121681
0.00333721 0.00121289

0.00333867 0.00121157
0.00334368 0.00120703

0.00335039 0.00120084
0.00335003 0.00120117

0.00334453 0.00120625
0.00335004 0.00120117

0.00335039 0.00120085
0.00335625 0.00119537

0.00328008 0.00126131
0.0032747 0.00126562

0.00328594 0.00125658
0.00328199 0.00125977

0.00328008 0.0012613
0.00328201 0.00125977

0.00330352 0.00124207
0.00330337 0.00124219

0.00330352 0.00124208
0.00330937 0.00123715

0.0032918 0.0012518
0.00328919 0.00125391

0.00329766 0.00124695
0.00329633 0.00124805

0.0032918 0.00125179
0.00329634 0.00124805

0.00328594 0.00125656
0.00328923 0.00125391

0.00329766 0.00124696
0.00330339 0.00124219

0.00326836 0.00127066
0.00326731 0.00127148

0.0032625 0.00127528
0.00326732 0.00127148

0.00326836 0.00127067
0.00327422 0.00126601

0.00327422 0.00126601
0.0032747 0.00126563

0.00332109 0.00122712
0.00331718 0.00123047

0.00331523 0.00123216
0.00331034 0.00123633

0.00330937 0.00123714
0.00331034 0.00123633

0.00331523 0.00123215
0.0033172 0.00123047

0.00332695 0.001222
0.00332393 0.00122461

0.00332109 0.00122709
0.00332398 0.00122461

0.00332695 0.00122197
0.00333066 0.00121875

0.00340312 0.00114806
0.00340278 0.00114844

0.00338555 0.00116661
0.00338038 0.00117187

0.00339141 0.00116055
0.00338613 0.00116602

0.00338555 0.00116661
0.00338613 0.00116602

0.00339727 0.00115437
0.00339178 0.00116016

0.00340279 0.00114844
0.00339734 0.0011543

0.00339727 0.00115437
0.00339734 0.0011543

0.00339141 0.00116055
0.00339178 0.00116016

0.00336211 0.00118981
0.00335632 0.00119531

0.00336797 0.00118416
0.00336248 0.00118945

0.00336211 0.00118981
0.00336248 0.00118945

0.00337383 0.00117841
0.00336854 0.00118359

0.00337969 0.00117256
0.00337451 0.00117773

0.00337383 0.00117841
0.00337451 0.00117773

0.00336797 0.00118416
0.00336855 0.00118359

0.00335625 0.00119537
0.00335631 0.00119531

0.00337969 0.00117256
0.00338037 0.00117187

0.00341484 0.00113506
0.00341338 0.00113672

0.00340898 0.00114163
0.00340813 0.00114258

0.00340312 0.00114807
0.00340813 0.00114258

0.00340898 0.00114163
0.00341338 0.00113672

0.0034207 0.00112833
0.00341854 0.00113086

0.00341484 0.00113507
0.00341851 0.00113086

0.0034207 0.00112836
0.00342354 0.001125

0.0036375 0.000365198
0.00363727 0.000369141

0.00363727 0.000369141
0.00363693 0.000375

0.00364695 0
0.00364695 5.85937e-06

0.00364695 5.85938e-06
0.00364695 1.17187e-05

0.00364695 1.17187e-05
0.00364693 1.75781e-05

0.00364693 1.75781e-05
0.00364692 2.34375e-05

0.00364692 2.34375e-05
0.0036469 2.92969e-05

0.0036469 2.92969e-05
0.00364687 3.51562e-05

0.00364687 3.51562e-05
0.00364685 4.10156e-05

0.00364685 4.10156e-05
0.00364681 4.6875e-05

0.00364681 4.6875e-05
0.00364678 5.27344e-05

0.00364678 5.27344e-05
0.00364673 5.85937e-05

0.00364673 5.85937e-05
0.00364669 6.44531e-05

0.00364669 6.44531e-05
0.00364664 7.03125e-05

0.00364664 7.03125e-05
0.00364658 7.61719e-05

0.00364658 7.61719e-05
0.00364652 8.20312e-05

0.00364652 8.20312e-05
0.00364646 8.78906e-05

0.00364646 8.78906e-05
0.00364639 9.375e-05

0.00368819 0
0.00368819 5.85937e-06

0.00368819 5.85938e-06
0.00368818 1.17187e-05

0.00368818 1.17187e-05
0.00368816 1.75781e-05

0.00368816 1.75781e-05
0.00368815 2.34375e-05

0.00368815 2.34375e-05
0.00368812 2.92969e-05

0.00368812 2.92969e-05
0.00368809 3.51562e-05

0.00368809 3.51562e-05
0.00368806 4.10156e-05

0.00368806 4.10156e-05
0.00368802 4.6875e-05

0.00368802 4.6875e-05
0.00368798 5.27344e-05

0.00368798 5.27344e-05
0.00368793 5.85937e-05

0.00368793 5.85937e-05
0.00368787 6.44531e-05

0.00368787 6.44531e-05
0.00368781 7.03125e-05

0.00368781 7.03125e-05
0.00368775 7.61719e-05

0.00368775 7.61719e-05
0.00368768 8.20312e-05

0.00368768 8.20312e-05
0.0036876 8.78906e-05

0.0036876 8.78906e-05
0.00368752 9.375e-05

0.00364639 9.375e-05
0.00364632 9.96094e-05

0.00364632 9.96094e-05
0.00364624 0.000105469

0.00364624 0.000105469
0.00364615 0.000111328

0.00364615 0.000111328
0.00364607 0.000117187

0.00364607 0.000117187
0.00364598 0.000123047

0.00364598 0.000123047
0.00364588 0.000128906

0.00364588 0.000128906
0.00364578 0.000134766

0.00364578 0.000134766
0.00364567 0.000140625

0.00364567 0.000140625
0.00364556 0.000146484

0.00364556 0.000146484
0.00364544 0.000152344

0.00364544 0.000152344
0.00364532 0.000158203

0.00364532 0.000158203
0.0036452 0.000164062

0.0036452 0.000164062
0.00364507 0.000169922

0.00364507 0.000169922
0.00364493 0.000175781

0.00364493 0.000175781
0.00364479 0.000181641

0.00364479 0.000181641
0.00364464 0.0001875

0.00368752 9.375e-05
0.00368743 9.96094e-05

0.00368743 9.96094e-05
0.00368734 0.000105469

0.00368734 0.000105469
0.00368724 0.000111328

0.00368724 0.000111328
0.00368714 0.000117187

0.00368714 0.000117187
0.00368703 0.000123047

0.00368703 0.000123047
0.00368692 0.000128906

0.00368692 0.000128906
0.0036868 0.000134766

0.0036868 0.000134766
0.00368667 0.000140625

0.00368667 0.000140625
0.00368654 0.000146484

0.00368654 0.000146484
0.00368641 0.000152344

0.00368641 0.000152344
0.00368626 0.000158203

0.00368626 0.000158203
0.00368612 0.000164062

0.00368612 0.000164062
0.00368596 0.000169922

0.00368596 0.000169922
0.0036858 0.000175781

0.0036858 0.000175781
0.00368564 0.000181641

0.00368564 0.000181641
0.00368547 0.0001875

0.00364464 0.0001875
0.00364449 0.000193359

0.00364449 0.000193359
0.00364434 0.000199219

0.00364434 0.000199219
0.00364418 0.000205078

0.00364418 0.000205078
0.00364401 0.000210937

0.00364401 0.000210937
0.00364384 0.000216797

0.00364384 0.000216797
0.00364366 0.000222656

0.00364336 0.000232208
0.00364329 0.000234375

0.00364366 0.000222656
0.00364348 0.000228516

0.00364336 0.000232208
0.00364348 0.000228516

0.00368437 0.000220901
0.00368431 0.000222656

0.00368431 0.000222656
0.0036841 0.000228516

0.0036841 0.000228516
0.00368388 0.000234375

0.00364329 0.000234375
0.0036431 0.000240234

0.0036431 0.000240234
0.0036429 0.000246094

0.0036429 0.000246094
0.00364269 0.000251953

0.00364269 0.000251953
0.00364248 0.000257812

0.00364248 0.000257812
0.00364226 0.000263672

0.00364226 0.000263672
0.00364204 0.000269531

0.00364204 0.000269531
0.00364181 0.000275391

0.00364181 0.000275391
0.00364158 0.00028125

0.00368388 0.000234375
0.00368365 0.000240234

0.00368365 0.000240234
0.00368342 0.000246094

0.00368342 0.000246094
0.00368318 0.000251953

0.00368318 0.000251953
0.00368294 0.000257812

0.00368294 0.000257812
0.00368268 0.000263672

0.00368268 0.000263672
0.00368243 0.000269531

0.00368243 0.000269531
0.00368216 0.000275391

0.00368216 0.000275391
0.00368189 0.00028125

0.00368547 0.0001875
0.00368529 0.000193359

0.00368529 0.000193359
0.00368511 0.000199219

0.00368511 0.000199219
0.00368492 0.000205078

0.00368492 0.000205078
0.00368472 0.000210937

0.00368472 0.000210937
0.00368452 0.000216797

0.00368437 0.0002209
0.00368452 0.000216797

0.00364158 0.00028125
0.00364134 0.000287109

0.00364134 0.000287109
0.00364109 0.000292969

0.00364109 0.000292969
0.00364083 0.000298828

0.00364083 0.000298828
0.00364057 0.000304687

0.00364057 0.000304687
0.00364031 0.000310547

0.00364031 0.000310547
0.00364004 0.000316406

0.00364004 0.000316406
0.00363976 0.000322266

0.00363976 0.000322266
0.00363947 0.000328125

0.00368189 0.00028125
0.00368161 0.000287109

0.00368161 0.000287109
0.00368132 0.000292969

0.00368132 0.000292969
0.00368103 0.000298828

0.00368103 0.000298828
0.00368073 0.000304687

0.00368073 0.000304687
0.00368043 0.000310547

0.00368043 0.000310547
0.00368011 0.000316406

0.00368011 0.000316406
0.00367979 0.000322266

0.00367979 0.000322266
0.00367946 0.000328125

0.00363947 0.000328125
0.00363918 0.000333984

0.00363918 0.000333984
0.00363888 0.000339844

0.00363888 0.000339844
0.00363857 0.000345703

0.00363857 0.000345703
0.00363826 0.000351562

0.00363826 0.000351562
0.00363794 0.000357422

0.00363794 0.000357422
0.00363761 0.000363281

0.0036375 0.000365197
0.00363761 0.000363281

0.00367946 0.000328125
0.00367913 0.000333984

0.00367913 0.000333984
0.00367878 0.000339844

0.00367852 0.000344351
0.00367843 0.000345703

0.00367843 0.000345703
0.00367808 0.000351562

0.00367852 0.000344351
0.00367879 0.000339844

0.00367808 0.000351562
0.00367771 0.000357422

0.00367771 0.000357422
0.00367734 0.000363281

0.00367734 0.000363281
0.00367696 0.000369141

0.00367696 0.000369141
0.00367657 0.000375

0.00363693 0.000375
0.00363658 0.000380859

0.00363658 0.000380859
0.00363622 0.000386719

0.00363622 0.000386719
0.00363586 0.000392578

0.00363586 0.000392578
0.00363548 0.000398437

0.00363548 0.000398437
0.0036351 0.000404297

0.0036351 0.000404297
0.00363471 0.000410156

0.00363471 0.000410156
0.00363431 0.000416016

0.00363431 0.000416016
0.00363391 0.000421875

0.00363391 0.000421875
0.00363349 0.000427734

0.00363349 0.000427734
0.00363307 0.000433594

0.00363307 0.000433594
0.00363264 0.000439453

0.00363264 0.000439453
0.0036322 0.000445312

0.00363164 0.000452561
0.00363129 0.000457031

0.0036322 0.000445312
0.00363175 0.000451172

0.00363164 0.000452561
0.00363175 0.000451172

0.00363129 0.000457031
0.00363082 0.000462891

0.00363082 0.000462891
0.00363035 0.00046875

0.00363035 0.00046875
0.00362986 0.000474609

0.00362986 0.000474609
0.00362936 0.000480469

0.00362936 0.000480469
0.00362886 0.000486328

0.00362886 0.000486328
0.00362834 0.000492187

0.00362834 0.000492187
0.00362781 0.000498047

0.00362781 0.000498047
0.00362728 0.000503906

0.00362728 0.000503906
0.00362673 0.000509766

0.00362673 0.000509766
0.00362618 0.000515625

0.00362578 0.000519703
0.00362561 0.000521484

0.00362561 0.000521484
0.00362503 0.000527344

0.00362503 0.000527344
0.00362444 0.000533203

0.00362444 0.000533203
0.00362384 0.000539062

0.00362578 0.000519702
0.00362618 0.000515625

0.00362384 0.000539062
0.00362323 0.000544922

0.00362323 0.000544922
0.0036226 0.000550781

0.0036226 0.000550781
0.00362197 0.000556641

0.00362197 0.000556641
0.00362132 0.0005625

0.00362132 0.0005625
0.00362066 0.000568359

0.00362066 0.000568359
0.00361999 0.000574219

0.00361992 0.000574824
0.00361931 0.000580078

0.00361931 0.000580078
0.00361861 0.000585937

0.00361992 0.000574823
0.00361999 0.000574219

0.00361861 0.000585937
0.0036179 0.000591797

0.0036179 0.000591797
0.00361718 0.000597656

0.00361718 0.000597656
0.00361644 0.000603516

0.00361644 0.000603516
0.00361569 0.000609375

0.00361406 0.000621782
0.00361336 0.000626953

0.00361336 0.000626953
0.00361256 0.000632812

0.00361256 0.000632812
0.00361174 0.000638672

0.00361174 0.000638672
0.0036109 0.000644531

0.0036109 0.000644531
0.00361005 0.000650391

0.00361005 0.000650391
0.00360918 0.00065625

0.00361569 0.000609375
0.00361493 0.000615234

0.00361493 0.000615234
0.00361416 0.000621094

0.00361406 0.000621781
0.00361416 0.000621094

0.0036082 0.000662757
0.0036074 0.000667969

0.00360918 0.00065625
0.0036083 0.000662109

0.0036082 0.000662756
0.0036083 0.000662109

0.0036074 0.000667969
0.00360649 0.000673828

0.00360649 0.000673828
0.00360556 0.000679687

0.00360234 0.00069909
0.00360165 0.000703125

0.00360556 0.000679687
0.00360461 0.000685547

0.00360461 0.000685547
0.00360364 0.000691406

0.00360364 0.000691406
0.00360266 0.000697266

0.00360234 0.000699089
0.00360266 0.000697266

0.00360165 0.000703125
0.00360063 0.000708984

0.00360063 0.000708984
0.00359959 0.000714844

0.00359959 0.000714844
0.00359853 0.000720703

0.00359853 0.000720703
0.00359745 0.000726562

0.00359648 0.000731697
0.00359635 0.000732422

0.00359635 0.000732422
0.00359522 0.000738281

0.00359648 0.000731694
0.00359745 0.000726562

0.00359522 0.000738281
0.00359408 0.000744141

0.00359408 0.000744141
0.00359291 0.00075

0.0036375 0.000713866
0.00363733 0.000714844

0.00363733 0.000714844
0.00363633 0.000720703

0.00363632 0.000720703
0.0036353 0.000726562

0.0036353 0.000726562
0.00363426 0.000732422

0.00363426 0.000732422
0.00363321 0.000738281

0.00363164 0.000746944
0.00363108 0.00075

0.00363321 0.000738281
0.00363215 0.000744141

0.00363164 0.000746942
0.00363215 0.000744141

0.00367657 0.000375
0.00367617 0.000380859

0.00367617 0.000380859
0.00367577 0.000386719

0.00367577 0.000386719
0.00367535 0.000392578

0.00367535 0.000392578
0.00367493 0.000398437

0.00367493 0.000398437
0.0036745 0.000404297

0.0036745 0.000404297
0.00367406 0.000410156

0.00367406 0.000410156
0.00367362 0.000416016

0.00367362 0.000416016
0.00367316 0.000421875

0.00367266 0.000428257
0.00367223 0.000433594

0.00367223 0.000433594
0.00367174 0.000439453

0.00367174 0.000439453
0.00367125 0.000445312

0.00367316 0.000421875
0.0036727 0.000427734

0.00367266 0.000428257
0.0036727 0.000427734

0.00367125 0.000445312
0.00367075 0.000451172

0.00367075 0.000451172
0.00367025 0.000457031

0.00367025 0.000457031
0.00366973 0.000462891

0.00366973 0.000462891
0.0036692 0.00046875

0.0036692 0.00046875
0.00366866 0.000474609

0.00366866 0.000474609
0.00366812 0.000480469

0.00366812 0.000480469
0.00366756 0.000486328

0.00366756 0.000486328
0.00366699 0.000492187

0.0036668 0.000494203
0.00366642 0.000498047

0.00366642 0.000498047
0.00366583 0.000503906

0.0036668 0.000494202
0.00366699 0.000492187

0.00366583 0.000503906
0.00366524 0.000509766

0.00366524 0.000509766
0.00366463 0.000515625

0.00366094 0.000549379
0.00366078 0.000550781

0.00366078 0.000550781
0.0036601 0.000556641

0.0036601 0.000556641
0.00365941 0.0005625

0.00366463 0.000515625
0.00366402 0.000521484

0.00366402 0.000521484
0.00366339 0.000527344

0.00366339 0.000527344
0.00366275 0.000533203

0.00366275 0.000533203
0.0036621 0.000539062

0.0036621 0.000539062
0.00366145 0.000544922

0.00366094 0.000549379
0.00366145 0.000544922

0.00365941 0.0005625
0.00365871 0.000568359

0.00365871 0.000568359
0.00365799 0.000574219

0.00365799 0.000574219
0.00365727 0.000580078

0.00365727 0.000580078
0.00365653 0.000585937

0.00365508 0.000597252
0.00365503 0.000597656

0.00365653 0.000585937
0.00365578 0.000591797

0.00365508 0.00059725
0.00365578 0.000591797

0.00365503 0.000597656
0.00365426 0.000603516

0.00365426 0.000603516
0.00365348 0.000609375

0.00365348 0.000609375
0.00365268 0.000615234

0.00365268 0.000615234
0.00365188 0.000621094

0.00365188 0.000621094
0.00365106 0.000626953

0.00365106 0.000626953
0.00365023 0.000632812

0.00364922 0.000639817
0.00364853 0.000644531

0.00364853 0.000644531
0.00364767 0.000650391

0.00364767 0.000650391
0.00364679 0.00065625

0.00365023 0.000632812
0.00364938 0.000638672

0.00364922 0.000639815
0.00364939 0.000638672

0.00364679 0.00065625
0.0036459 0.000662109

0.0036459 0.000662109
0.00364499 0.000667969

0.00364336 0.000678381
0.00364315 0.000679687

0.00364499 0.000667969
0.00364408 0.000673828

0.00364336 0.000678378
0.00364408 0.000673828

0.00364315 0.000679687
0.00364222 0.000685547

0.00364222 0.000685547
0.00364127 0.000691406

0.00364127 0.000691406
0.0036403 0.000697266

0.0036403 0.000697266
0.00363932 0.000703125

0.00363932 0.000703125
0.00363833 0.000708984

0.0036375 0.000713861
0.00363833 0.000708984

0.00354375 0.000925007
0.00354345 0.000925781

0.00354345 0.000925781
0.00354113 0.000931641

0.00354113 0.000931641
0.00353875 0.0009375

0.00359062 0.000761187
0.00359052 0.000761719

0.00359051 0.000761719
0.00358928 0.000767578

0.00358928 0.000767578
0.00358802 0.000773437

0.00358802 0.000773437
0.00358673 0.000779297

0.00358673 0.000779297
0.00358542 0.000785156

0.00358477 0.000788014
0.00358408 0.000791016

0.00358408 0.000791016
0.00358271 0.000796875

0.00358477 0.000788012
0.00358542 0.000785156

0.00357891 0.000812561
0.00357844 0.000814453

0.00357844 0.000814453
0.00357695 0.000820312

0.00358271 0.000796875
0.00358131 0.000802734

0.00358131 0.000802734
0.00357989 0.000808594

0.00357891 0.000812558
0.00357989 0.000808594

0.00357695 0.000820312
0.00357543 0.000826172

0.00357543 0.000826172
0.00357388 0.000832031

0.00357305 0.000835092
0.00357229 0.000837891

0.00357229 0.000837891
0.00357066 0.00084375

0.00357305 0.00083509
0.00357388 0.000832031

0.00359291 0.00075
0.00359173 0.000755859

0.00359062 0.000761184
0.00359173 0.000755859

0.00363109 0.00075
0.00363001 0.000755859

0.00363001 0.000755859
0.00362891 0.000761719

0.00362891 0.000761719
0.00362781 0.000767578

0.00362781 0.000767578
0.00362669 0.000773437

0.00362578 0.000778183
0.00362557 0.000779297

0.00362557 0.000779297
0.00362444 0.000785156

0.00362444 0.000785156
0.0036233 0.000791016

0.0036233 0.000791016
0.00362214 0.000796875

0.00362578 0.000778177
0.00362669 0.000773437

0.00361406 0.000836918
0.00361386 0.000837891

0.00361387 0.000837891
0.00361266 0.00084375

0.00361992 0.000808035
0.00361981 0.000808594

0.00362214 0.000796875
0.00362098 0.000802734

0.00361992 0.000808028
0.00362098 0.000802734

0.00361981 0.000808594
0.00361864 0.000814453

0.00361864 0.000814453
0.00361746 0.000820312

0.00361745 0.000820312
0.00361626 0.000826172

0.00361626 0.000826172
0.00361506 0.000832031

0.00361406 0.000836911
0.00361506 0.000832031

0.00356719 0.000855869
0.00356557 0.000861328

0.00356557 0.000861328
0.00356379 0.000867187

0.00356133 0.000875061
0.0035601 0.000878906

0.00356379 0.000867187
0.00356197 0.000873047

0.00356133 0.00087506
0.00356197 0.000873047

0.0035601 0.000878906
0.00355819 0.000884766

0.00355819 0.000884766
0.00355624 0.000890625

0.00357066 0.00084375
0.003569 0.000849609

0.003569 0.000849609
0.00356731 0.000855469

0.00356719 0.000855868
0.00356731 0.000855469

0.00355547 0.000892881
0.00355424 0.000896484

0.00355424 0.000896484
0.00355218 0.000902344

0.00354961 0.000909485
0.00354793 0.000914062

0.00355218 0.000902344
0.00355008 0.000908203

0.00354961 0.000909484
0.00355008 0.000908203

0.00355547 0.00089288
0.00355624 0.000890625

0.00354793 0.000914062
0.00354572 0.000919922

0.00354375 0.000925008
0.00354572 0.000919922

0.00361266 0.00084375
0.00361145 0.000849609

0.00361145 0.000849609
0.00361023 0.000855469

0.0036082 0.000865234
0.0036078 0.000867187

0.00361023 0.000855469
0.00360901 0.000861328

0.0036082 0.000865229
0.00360901 0.000861328

0.0036078 0.000867187
0.00360658 0.000873047

0.00360658 0.000873047
0.00360536 0.000878906

0.00360536 0.000878906
0.00360414 0.000884766

0.00360414 0.000884766
0.00360292 0.000890625

0.00360234 0.000893384
0.0036017 0.000896484

0.00360171 0.000896484
0.00360049 0.000902344

0.00360049 0.000902344
0.00359928 0.000908203

0.00359928 0.000908203
0.00359807 0.000914062

0.00360234 0.000893382
0.00360291 0.000890625

0.00359648 0.000921779
0.00359567 0.000925781

0.00359807 0.000914062
0.00359686 0.000919922

0.00359648 0.000921777
0.00359686 0.000919922

0.00359567 0.000925781
0.00359448 0.000931641

0.00359448 0.000931641
0.0035933 0.0009375

0.00349687 0.0010223
0.00349507 0.00102539

0.00349507 0.00102539
0.00349156 0.00103125

0.00352031 0.000978558
0.00351743 0.000984375

0.00353203 0.000953281
0.00353124 0.000955078

0.00353125 0.000955078
0.00352862 0.000960937

0.00353789 0.000939563
0.00353631 0.000943359

0.00353631 0.000943359
0.00353381 0.000949219

0.00353789 0.000939564
0.00353875 0.0009375

0.00353203 0.000953283
0.00353381 0.000949219

0.00352617 0.000966254
0.00352592 0.000966797

0.00352592 0.000966797
0.00352316 0.000972656

0.00352617 0.000966257
0.00352862 0.000960937

0.00352316 0.000972656
0.00352033 0.000978516

0.00352031 0.000978558
0.00352033 0.000978516

0.00350859 0.0010014
0.0035083 0.00100195

0.0035083 0.00100195
0.00350511 0.00100781

0.00351445 0.000990255
0.00351142 0.000996094

0.00351743 0.000984375
0.00351446 0.000990234

0.00351445 0.000990255
0.00351446 0.000990234

0.00350859 0.00100141
0.00351142 0.000996094

0.00350273 0.00101207
0.00350184 0.00101367

0.00350184 0.00101367
0.00349849 0.00101953

0.00350273 0.00101207
0.00350511 0.00100781

0.00349687 0.0010223
0.0034985 0.00101953

0.00346172 0.00107636
0.00346048 0.00107812

0.00347344 0.00105956
0.00347279 0.00106055

0.00347278 0.00106055
0.00346877 0.00106641

0.00346758 0.0010681
0.00346466 0.00107227

0.00346172 0.00107638
0.00346467 0.00107227

0.00346758 0.00106813
0.00346876 0.00106641

0.00348516 0.0010416
0.0034843 0.00104297

0.0034793 0.00105074
0.00347671 0.00105469

0.0034843 0.00104297
0.00348055 0.00104883

0.0034793 0.00105075
0.00348054 0.00104883

0.00349102 0.00103214
0.00348797 0.00103711

0.00348516 0.00104161
0.00348797 0.00103711

0.00349102 0.00103215
0.00349156 0.00103125

0.00347344 0.00105957
0.00347671 0.00105469

0.00345586 0.00108443
0.00345181 0.00108984

0.00346047 0.00107812
0.00345619 0.00108398

0.00345586 0.00108443
0.00345619 0.00108398

0.00345 0.00109225
0.0034518 0.00108984

0.00359062 0.000950845
0.00358979 0.000955078

0.00358979 0.000955078
0.00358864 0.000960937

0.00358864 0.000960937
0.0035875 0.000966797

0.0035875 0.000966797
0.00358637 0.000972656

0.00358477 0.000981042
0.00358414 0.000984375

0.00358636 0.000972656
0.00358524 0.000978516

0.00358477 0.00098104
0.00358524 0.000978516

0.00358414 0.000984375
0.00358304 0.000990234

0.00358304 0.000990234
0.00358195 0.000996094

0.00358195 0.000996094
0.00358087 0.00100195

0.00358087 0.00100195
0.00357981 0.00100781

0.00357891 0.00101284
0.00357876 0.00101367

0.00357876 0.00101367
0.00357772 0.00101953

0.00357772 0.00101953
0.00357669 0.00102539

0.00357669 0.00102539
0.00357567 0.00103125

0.00357891 0.00101283
0.00357981 0.00100781

0.0035933 0.0009375
0.00359212 0.000943359

0.00359211 0.000943359
0.00359095 0.000949219

0.00359062 0.000950843
0.00359095 0.000949219

0.00357567 0.00103125
0.00357467 0.00103711

0.00357466 0.00103711
0.00357367 0.00104297

0.00357305 0.00104669
0.00357269 0.00104883

0.00357269 0.00104883
0.00357173 0.00105469

0.00357305 0.00104669
0.00357367 0.00104297

0.00357172 0.00105469
0.00357076 0.00106055

0.00357076 0.00106055
0.00356981 0.00106641

0.00356981 0.00106641
0.00356888 0.00107227

0.00356888 0.00107227
0.00356795 0.00107812

0.00356719 0.00108299
0.00356703 0.00108398

0.00356703 0.00108398
0.00356613 0.00108984

0.00356613 0.00108984
0.00356524 0.0010957

0.00356524 0.0010957
0.00356435 0.00110156

0.00356435 0.00110156
0.00356347 0.00110742

0.00356347 0.00110742
0.0035626 0.00111328

0.00356133 0.00112204
0.0035609 0.001125

0.0035626 0.00111328
0.00356175 0.00111914

0.00356133 0.00112204
0.00356175 0.00111914

0.00356719 0.00108299
0.00356795 0.00107812

0.00354375 0.00125462
0.00354311 0.00125977

0.00354311 0.00125977
0.00354238 0.00126562

0.00354238 0.00126563
0.00354165 0.00127148

0.00354165 0.00127148
0.00354092 0.00127734

0.00354092 0.00127734
0.00354019 0.0012832

0.00354019 0.0012832
0.00353946 0.00128906

0.00353946 0.00128906
0.00353872 0.00129492

0.00353872 0.00129492
0.00353799 0.00130078

0.00353789 0.00130161
0.00353726 0.00130664

0.00353726 0.00130664
0.00353653 0.0013125

0.00353789 0.00130161
0.00353799 0.00130078

0.0035609 0.001125
0.00356006 0.00113086

0.00356006 0.00113086
0.00355923 0.00113672

0.00355923 0.00113672
0.00355841 0.00114258

0.00355841 0.00114258
0.00355759 0.00114844

0.00355547 0.0011639
0.00355518 0.00116602

0.00355518 0.00116602
0.0035544 0.00117187

0.00355759 0.00114844
0.00355678 0.0011543

0.00355678 0.0011543
0.00355598 0.00116016

0.00355547 0.00116389
0.00355597 0.00116016

0.0035544 0.00117187
0.00355361 0.00117773

0.00355361 0.00117773
0.00355284 0.00118359

0.00355284 0.00118359
0.00355206 0.00118945

0.00355206 0.00118945
0.0035513 0.00119531

0.0035513 0.00119531
0.00355053 0.00120117

0.00355053 0.00120117
0.00354978 0.00120703

0.00354961 0.00120833
0.00354902 0.00121289

0.00354903 0.00121289
0.00354828 0.00121875

0.00354961 0.00120833
0.00354978 0.00120703

0.00354828 0.00121875
0.00354753 0.00122461

0.00354753 0.00122461
0.00354679 0.00123047

0.00354679 0.00123047
0.00354605 0.00123633

0.00354605 0.00123633
0.00354531 0.00124219

0.00354531 0.00124219
0.00354457 0.00124805

0.00354457 0.00124805
0.00354384 0.00125391

0.00354375 0.00125462
0.00354384 0.00125391

0.00353653 0.0013125
0.00353579 0.00131836

0.00353579 0.00131836
0.00353505 0.00132422

0.00353505 0.00132422
0.00353431 0.00133008

0.00353431 0.00133008
0.00353356 0.00133594

0.00353203 0.00134782
0.0035313 0.00135352

0.0035313 0.00135352
0.00353053 0.00135937

0.00353356 0.00133594
0.00353281 0.0013418

0.0035328 0.0013418
0.00353205 0.00134766

0.00353203 0.00134782
0.00353205 0.00134766

0.00353053 0.00135937
0.00352976 0.00136523

0.00352976 0.00136523
0.00352898 0.00137109

0.00352898 0.00137109
0.0035282 0.00137695

0.0035282 0.00137695
0.0035274 0.00138281

0.00352617 0.00139183
0.0035258 0.00139453

0.0035274 0.00138281
0.0035266 0.00138867

0.00352617 0.00139183
0.0035266 0.00138867

0.0035258 0.00139453
0.00352499 0.00140039

0.00352499 0.00140039
0.00352417 0.00140625

0.00352031 0.00143273
0.00351989 0.00143555

0.0035199 0.00143555
0.00351901 0.00144141

0.00351901 0.00144141
0.00351811 0.00144727

0.00351811 0.00144727
0.0035172 0.00145312

0.00352417 0.00140625
0.00352333 0.00141211

0.00352333 0.00141211
0.00352249 0.00141797

0.00352249 0.00141797
0.00352163 0.00142383

0.00352163 0.00142383
0.00352077 0.00142969

0.00352031 0.00143273
0.00352077 0.00142969

0.0035172 0.00145312
0.00351627 0.00145898

0.00351627 0.00145898
0.00351533 0.00146484

0.00351445 0.00147022
0.00351437 0.0014707

0.00351438 0.0014707
0.00351341 0.00147656

0.00351445 0.00147021
0.00351532 0.00146484

0.00351341 0.00147656
0.00351243 0.00148242

0.00351243 0.00148242
0.00351143 0.00148828

0.00351143 0.00148828
0.00351041 0.00149414

0.00351041 0.00149414
0.00350937 0.0015

0.00278203 0.00168242
0.00277782 0.0016875

0.00278789 0.00167546
0.00278762 0.00167578

0.00279375 0.00166857
0.00279259 0.00166992

0.00278789 0.00167543
0.00279257 0.00166992

0.00278759 0.00167578
0.00278267 0.00168164

0.00278203 0.00168241
0.00278267 0.00168164

0.00286406 0.00159265
0.00286297 0.00159375

0.0028875 0.00156972
0.00288688 0.00157031

0.00287578 0.00158105
0.00287478 0.00158203

0.00286992 0.00158682
0.00286884 0.00158789

0.00286406 0.00159263
0.00286883 0.00158789

0.00286992 0.00158679
0.00287478 0.00158203

0.00288164 0.00157536
0.0028808 0.00157617

0.00287578 0.00158103
0.00288079 0.00157617

0.00288164 0.00157534
0.00288687 0.00157031

0.00284062 0.00161669
0.00284015 0.00161719

0.00282305 0.00163549
0.00281836 0.00164062

0.00282891 0.00162913
0.00282371 0.00163477

0.00282305 0.00163549
0.00282371 0.00163477

0.00283477 0.00162289
0.00283462 0.00162305

0.00283459 0.00162305
0.00282912 0.00162891

0.00283477 0.00162286
0.00284013 0.00161719

0.00282891 0.00162913
0.00282912 0.00162891

0.00279961 0.00166176
0.00279763 0.00166406

0.00280547 0.00165505
0.00280273 0.0016582

0.00279961 0.00166177
0.00280267 0.0016582

0.00281133 0.00164843
0.00280789 0.00165234

0.00281719 0.00164192
0.00281309 0.00164648

0.00281133 0.00164845
0.00281307 0.00164648

0.00280547 0.00165506
0.00280784 0.00165234

0.00279375 0.00166854
0.0027976 0.00166406

0.00281719 0.00164192
0.00281836 0.00164062

0.00285234 0.00160452
0.00285142 0.00160547

0.00284648 0.00161057
0.00284575 0.00161133

0.00284062 0.00161667
0.00284573 0.00161133

0.00284648 0.00161055
0.0028514 0.00160547

0.0028582 0.00159855
0.00285716 0.00159961

0.00285234 0.00160451
0.00285713 0.00159961

0.0028582 0.00159854
0.00286294 0.00159375

0.00274687 0.00172658
0.00274543 0.00172852

0.00274102 0.00173434
0.0027454 0.00172852

0.00271172 0.00177534
0.00271169 0.00177539

0.00271166 0.00177539
0.00270769 0.00178125

0.00271758 0.00176683
0.0027157 0.00176953

0.00272344 0.00175847
0.00271977 0.00176367

0.00271758 0.00176682
0.00271977 0.00176367

0.00271172 0.0017753
0.00271569 0.00176953

0.00273516 0.00174226
0.00273235 0.00174609

0.0027293 0.0017503
0.00272813 0.00175195

0.00272809 0.00175195
0.0027239 0.00175781

0.0027293 0.00175029
0.00273234 0.00174609

0.00274099 0.00173437
0.00273664 0.00174023

0.00273516 0.00174227
0.00273662 0.00174023

0.00272344 0.00175848
0.0027239 0.00175781

0.00277031 0.00169669
0.0027683 0.00169922

0.00276445 0.00170402
0.00276361 0.00170508

0.00276358 0.00170508
0.00275895 0.00171094

0.00276445 0.00170399
0.00276827 0.00169922

0.00275273 0.00171893
0.00274987 0.00172266

0.00275859 0.0017114
0.00275438 0.0017168

0.00275273 0.00171894
0.00275436 0.0017168

0.00274687 0.00172657
0.00274986 0.00172266

0.00275859 0.0017114
0.00275895 0.00171094

0.00277617 0.0016895
0.00277302 0.00169336

0.00277031 0.0016967
0.002773 0.00169336

0.00277617 0.00168951
0.00277781 0.0016875

0.00270586 0.001784
0.00270378 0.00178711

0.0027 0.00179281
0.00270377 0.00178711

0.00270586 0.00178398
0.00270769 0.00178125

0.0029168 0.00154245
0.00291193 0.00154687

0.00292266 0.00153718
0.00291837 0.00154102

0.0029168 0.00154244
0.00291838 0.00154102

0.00292852 0.00153196
0.00292488 0.00153516

0.00293437 0.00152677
0.00293148 0.0015293

0.00292852 0.00153192
0.00293151 0.0015293

0.00292266 0.00153716
0.0029249 0.00153516

0.00289336 0.00156415
0.00289304 0.00156445

0.0028875 0.00156971
0.00289303 0.00156445

0.00289336 0.00156414
0.00289922 0.00155863

0.00290508 0.00155318
0.00289926 0.00155859

0.00291094 0.00154778
0.00290556 0.00155273

0.00290508 0.00155318
0.00290556 0.00155273

0.00289922 0.00155863
0.00289926 0.00155859

0.00291094 0.00154778
0.00291193 0.00154687

0.00294023 0.00152164
0.00293816 0.00152344

0.00294609 0.00151656
0.00294491 0.00151758

0.00294023 0.00152163
0.00294491 0.00151758

0.00295195 0.00151153
0.00295173 0.00151172

0.00295195 0.00151152
0.00295781 0.00150653

0.00294609 0.00151655
0.00295172 0.00151172

0.00293437 0.00152674
0.00293818 0.00152344

0.00296367 0.00150159
0.00295861 0.00150586

0.00295781 0.00150653
0.00295861 0.00150586

0.00296367 0.00150158
0.00296558 0.0015

0.0030457 0.00224846
0.00304283 0.00225

0.0030457 0.00224847
0.00305156 0.00224525

0.00305742 0.00224194
0.00305352 0.00224414

0.00305156 0.00224526
0.00305355 0.00224414

0.00305742 0.00224195
0.00306328 0.00223856

0.00306914 0.00223507
0.00306373 0.00223828

0.003075 0.00223149
0.00307347 0.00223242

0.00306914 0.00223508
0.0030735 0.00223242

0.00306328 0.00223855
0.00306375 0.00223828

0.00345 0.00173155
0.003449 0.00173437

0.00344901 0.00173437
0.00344692 0.00174023

0.00344692 0.00174023
0.00344477 0.00174609

0.00344414 0.00174778
0.0034426 0.00175195

0.00344261 0.00175195
0.00344041 0.00175781

0.00344414 0.00174778
0.00344477 0.00174609

0.00343828 0.00176334
0.00343816 0.00176367

0.00343816 0.00176367
0.00343589 0.00176953

0.00343242 0.00177828
0.00343123 0.00178125

0.0034359 0.00176953
0.00343359 0.00177539

0.00343242 0.00177828
0.00343358 0.00177539

0.00343828 0.00176336
0.0034404 0.00175781

0.00340312 0.00184539
0.00340298 0.0018457

0.00340299 0.0018457
0.00340018 0.00185156

0.00339141 0.00186932
0.00338851 0.001875

0.00339727 0.00185755
0.00339443 0.00186328

0.00340018 0.00185156
0.00339733 0.00185742

0.00339727 0.00185755
0.00339733 0.00185742

0.00339444 0.00186328
0.0033915 0.00186914

0.00339141 0.00186932
0.0033915 0.00186914

0.00342656 0.00179267
0.00342644 0.00179297

0.00342644 0.00179297
0.00342399 0.00179883

0.003424 0.00179883
0.00342151 0.00180469

0.00341484 0.00181992
0.0034138 0.00182227

0.00341381 0.00182227
0.00341117 0.00182812

0.0034207 0.00180653
0.00341897 0.00181055

0.00341898 0.00181055
0.00341642 0.00181641

0.0034207 0.00180654
0.0034215 0.00180469

0.00341484 0.00181993
0.00341641 0.00181641

0.00343125 0.00178125
0.00342887 0.00178711

0.00342656 0.00179268
0.00342886 0.00178711

0.00340898 0.00183286
0.00340847 0.00183398

0.00340848 0.00183398
0.00340576 0.00183984

0.00340898 0.00183288
0.00341117 0.00182812

0.00340312 0.00184542
0.00340576 0.00183984

0.00312187 0.00219967
0.00311717 0.00220312

0.00308672 0.00222409
0.00308285 0.00222656

0.00309258 0.00222024
0.00309185 0.0022207

0.00308672 0.0022241
0.0030919 0.0022207

0.00309258 0.00222025
0.00309844 0.00221632

0.003075 0.0022315
0.00308086 0.00222784

0.00308086 0.00222785
0.00308288 0.00222656

0.0031043 0.0022123
0.00310058 0.00221484

0.00311016 0.00220817
0.00310898 0.00220898

0.0031043 0.00221231
0.00310903 0.00220898

0.00309844 0.00221632
0.00310061 0.00221484

0.00311016 0.00220819
0.00311602 0.00220398

0.00311602 0.00220397
0.0031172 0.00220312

0.00313359 0.00219075
0.00313274 0.00219141

0.00312773 0.00219527
0.00312505 0.00219727

0.00312187 0.00219967
0.0031251 0.00219727

0.00312773 0.00219528
0.00313279 0.00219141

0.00313359 0.00219078
0.00313945 0.00218619

0.00314531 0.00218149
0.00314025 0.00218555

0.00313945 0.00218619
0.00314027 0.00218555

0.00315117 0.00217671
0.00314751 0.00217969

0.00315703 0.00217181
0.00315459 0.00217383

0.00315117 0.00217669
0.00315466 0.00217383

0.00316289 0.0021668
0.00316152 0.00216797

0.00316875 0.00216171
0.00316829 0.00216211

0.00316289 0.00216683
0.00316833 0.00216211

0.00315703 0.00217182
0.00316157 0.00216797

0.00314531 0.00218149
0.00314755 0.00217969

0.00318047 0.00215124
0.00317493 0.00215625

0.00319219 0.00214034
0.0031877 0.00214453

0.00318633 0.00214584
0.00318139 0.00215039

0.00318047 0.00215124
0.0031814 0.00215039

0.00318633 0.00214584
0.00318773 0.00214453

0.00320391 0.00212897
0.00319998 0.00213281

0.00321562 0.00211718
0.00321179 0.00212109

0.00320977 0.00212313
0.00320594 0.00212695

0.00320391 0.00212898
0.00320596 0.00212695

0.00320977 0.00212314
0.00321179 0.00212109

0.00319805 0.00213471
0.0031939 0.00213867

0.00319219 0.00214033
0.00319393 0.00213867

0.00319805 0.00213471
0.0032 0.00213281

0.00322734 0.00210492
0.00322317 0.00210937

0.00323906 0.00209222
0.00323411 0.00209766

0.0032332 0.00209863
0.00322868 0.00210352

0.00322734 0.00210494
0.00322867 0.00210352

0.0032332 0.00209864
0.00323411 0.00209766

0.00324492 0.00208568
0.00324469 0.00208594

0.00325078 0.00207901
0.00324986 0.00208008

0.00324492 0.00208568
0.00324986 0.00208008

0.00325664 0.00207222
0.00325494 0.00207422

0.0032625 0.00206527
0.00325995 0.00206836

0.00325664 0.00207223
0.00325991 0.00206836

0.00325078 0.00207901
0.00325493 0.00207422

0.0032447 0.00208594
0.00323945 0.0020918

0.00323906 0.00209222
0.00323945 0.0020918

0.00322148 0.0021111
0.00321753 0.00211523

0.00321562 0.00211718
0.00321752 0.00211523

0.00322148 0.00211111
0.00322314 0.00210937

0.00316875 0.00216174
0.00317461 0.00215654

0.00317461 0.00215654
0.00317494 0.00215625

0.00335625 0.00193324
0.00335605 0.00193359

0.00335039 0.00194295
0.00334895 0.00194531

0.00335606 0.00193359
0.00335253 0.00193945

0.00335039 0.00194296
0.00335253 0.00193945

0.00334453 0.00195242
0.00334163 0.00195703

0.00333867 0.00196164
0.00333788 0.00196289

0.00333789 0.00196289
0.00333409 0.00196875

0.00333867 0.00196167
0.00334163 0.00195703

0.00334895 0.00194531
0.00334532 0.00195117

0.00334453 0.00195243
0.00334532 0.00195117

0.00330352 0.00201292
0.00330155 0.00201563

0.00330937 0.00200485
0.00330583 0.00200977

0.00330352 0.00201295
0.00330583 0.00200977

0.00328594 0.00203624
0.00328377 0.00203906

0.00326836 0.00205824
0.00326485 0.0020625

0.00327422 0.00205107
0.00326969 0.00205664

0.00326836 0.00205826
0.00326968 0.00205664

0.00328008 0.00204373
0.00327915 0.00204492

0.00327914 0.00204492
0.00327445 0.00205078

0.00328008 0.00204373
0.00328376 0.00203906

0.00327422 0.00205107
0.00327445 0.00205078

0.00329766 0.00202088
0.00329721 0.00202148

0.0032972 0.00202148
0.00329279 0.00202734

0.0032918 0.00202864
0.00328831 0.0020332

0.00328594 0.00203628
0.0032883 0.0020332

0.0032918 0.00202866
0.00329278 0.00202734

0.00329766 0.00202087
0.00330155 0.00201562

0.00332109 0.00198813
0.0033183 0.00199219

0.00332695 0.00197949
0.00332632 0.00198047

0.00333281 0.00197068
0.00333023 0.00197461

0.00332695 0.00197952
0.00333023 0.00197461

0.00332632 0.00198047
0.00332234 0.00198633

0.00332109 0.00198816
0.00332233 0.00198633

0.00331523 0.00199656
0.00331422 0.00199805

0.00331421 0.00199805
0.00331005 0.00200391

0.00331523 0.00199658
0.00331831 0.00199219

0.00330937 0.00200486
0.00331005 0.00200391

0.00333281 0.0019707
0.00333409 0.00196875

0.00337969 0.00189181
0.00337928 0.00189258

0.00337929 0.00189258
0.00337612 0.00189844

0.00336797 0.00191309
0.00336631 0.00191602

0.00336632 0.00191602
0.00336295 0.00192187

0.00337383 0.00190259
0.00337289 0.0019043

0.0033729 0.0019043
0.00336963 0.00191016

0.00337383 0.00190261
0.00337612 0.00189844

0.00336797 0.0019131
0.00336964 0.00191016

0.00338555 0.00188072
0.00338547 0.00188086

0.00338549 0.00188086
0.00338241 0.00188672

0.00338555 0.00188075
0.00338852 0.001875

0.00337969 0.00189184
0.00338241 0.00188672

0.00336211 0.00192331
0.00335952 0.00192773

0.00335625 0.00193327
0.00335953 0.00192773

0.00336211 0.00192331
0.00336295 0.00192187

0.0032625 0.00206532
0.00326482 0.0020625

0.0027 0.00227463
0.00270586 0.00227767

0.00270586 0.00227769
0.00270917 0.0022793

0.00270924 0.0022793
0.00271172 0.0022805

0.00271172 0.00228051
0.00271758 0.00228316

0.00271758 0.00228317
0.00272227 0.00228516

0.00272234 0.00228516
0.00272344 0.00228562

0.00272344 0.00228563
0.0027293 0.00228793

0.0027293 0.00228794
0.00273516 0.00229008

0.00273516 0.00229009
0.00273787 0.00229102

0.00273793 0.00229102
0.00274102 0.00229206

0.00274102 0.00229207
0.00274687 0.00229391

0.00274687 0.00229391
0.00275273 0.00229561

0.00275273 0.00229561
0.0027575 0.00229687

0.00275757 0.00229687
0.00275859 0.00229715

0.00275859 0.00229716
0.00276445 0.00229858

0.00276445 0.00229858
0.00277031 0.00229988

0.00277031 0.00229988
0.00277617 0.00230105

0.00277617 0.00230104
0.00278203 0.00230209

0.00278203 0.0023021
0.00278606 0.00230273

0.00278615 0.00230273
0.00278789 0.00230301

0.00278789 0.00230302
0.00279375 0.00230383

0.00279375 0.00230383
0.00279961 0.00230453

0.00279961 0.00230453
0.00280547 0.00230512

0.00280547 0.00230512
0.00281133 0.00230561

0.00281133 0.00230561
0.00281719 0.00230599

0.00281719 0.00230599
0.00282305 0.00230626

0.00282305 0.00230626
0.00282891 0.00230643

0.00282891 0.00230643
0.00283477 0.0023065

0.00283477 0.0023065
0.00284062 0.00230647

0.00284062 0.00230647
0.00284648 0.00230634

0.00284648 0.00230634
0.00285234 0.00230611

0.00285234 0.00230611
0.0028582 0.00230579

0.0028582 0.00230579
0.00286406 0.00230538

0.00286406 0.00230538
0.00286992 0.00230487

0.00286992 0.00230487
0.00287578 0.00230427

0.00287578 0.00230426
0.00288164 0.00230357

0.00288164 0.00230357
0.0028875 0.00230279

0.00292266 0.00229618
0.00291956 0.00229687

0.00292266 0.00229618
0.00292852 0.00229477

0.00292852 0.00229477
0.00293437 0.00229327

0.00289336 0.0023019
0.00288783 0.00230273

0.0028875 0.00230279
0.00288785 0.00230273

0.00289336 0.00230191
0.00289922 0.00230094

0.00289922 0.00230094
0.00290508 0.00229988

0.00290508 0.00229988
0.00291094 0.00229873

0.00291094 0.00229873
0.0029168 0.0022975

0.0029168 0.00229751
0.00291961 0.00229687

0.00293437 0.00229327
0.00294023 0.00229169

0.00294609 0.00229002
0.00294259 0.00229102

0.00294023 0.0022917
0.00294262 0.00229102

0.00294609 0.00229002
0.00295195 0.00228826

0.00295195 0.00228826
0.00295781 0.00228642

0.00296367 0.00228448
0.00296162 0.00228516

0.00296367 0.00228449
0.00296953 0.00228247

0.00295781 0.00228642
0.00296167 0.00228516

0.00296953 0.00228247
0.00297539 0.00228037

0.00298125 0.00227818
0.00297826 0.0022793

0.00297539 0.00228038
0.00297829 0.0022793

0.00299883 0.00227111
0.00299325 0.00227344

0.00299883 0.00227111
0.00300469 0.00226858

0.00298125 0.00227819
0.00298711 0.00227591

0.00298711 0.00227592
0.00299297 0.00227356

0.00299297 0.00227356
0.00299326 0.00227344

0.00301055 0.00226596
0.00300693 0.00226758

0.00300469 0.00226859
0.00300695 0.00226758

0.00301055 0.00226597
0.00301641 0.00226326

0.00302227 0.00226047
0.00301964 0.00226172

0.00302227 0.00226048
0.00302812 0.0022576

0.00301641 0.00226327
0.00301967 0.00226172

0.00303398 0.00225464
0.00303157 0.00225586

0.00302812 0.00225761
0.0030316 0.00225586

0.00303398 0.00225465
0.00303984 0.0022516

0.00303984 0.00225161
0.00304286 0.00225

0.00349687 0.00156399
0.00349678 0.00156445

0.00349678 0.00156445
0.00349552 0.00157031

0.00349552 0.00157031
0.00349422 0.00157617

0.00349422 0.00157617
0.0034929 0.00158203

0.00349102 0.00159017
0.00349019 0.00159375

0.00349289 0.00158203
0.00349155 0.00158789

0.00349102 0.00159017
0.00349154 0.00158789

0.00350859 0.00150436
0.00350833 0.00150586

0.00350833 0.00150586
0.00350727 0.00151172

0.00350727 0.00151172
0.00350618 0.00151758

0.00350618 0.00151758
0.00350507 0.00152344

0.00350859 0.00150436
0.00350937 0.0015

0.00350507 0.00152344
0.00350395 0.0015293

0.00350394 0.0015293
0.0035028 0.00153516

0.00350273 0.00153551
0.00350165 0.00154102

0.00350165 0.00154102
0.00350047 0.00154687

0.00350273 0.00153551
0.0035028 0.00153516

0.00350047 0.00154687
0.00349926 0.00155273

0.00349926 0.00155273
0.00349802 0.00155859

0.00349687 0.00156398
0.00349802 0.00155859

0.00348516 0.00161442
0.00348446 0.00161719

0.0034902 0.00159375
0.00348881 0.00159961

0.00348881 0.00159961
0.00348738 0.00160547

0.00348738 0.00160547
0.00348593 0.00161133

0.00348516 0.00161441
0.00348593 0.00161133

0.00348447 0.00161719
0.00348299 0.00162305

0.00348298 0.00162305
0.00348146 0.00162891

0.0034793 0.00163698
0.00347832 0.00164062

0.00348145 0.00162891
0.00347989 0.00163477

0.0034793 0.00163698
0.00347989 0.00163477

0.00347344 0.00165811
0.00347341 0.0016582

0.00347341 0.0016582
0.00347173 0.00166406

0.00347174 0.00166406
0.00347001 0.00166992

0.00347001 0.00166992
0.00346824 0.00167578

0.00346758 0.00167796
0.00346646 0.00168164

0.00346647 0.00168164
0.00346467 0.0016875

0.00346758 0.00167796
0.00346824 0.00167578

0.00347833 0.00164062
0.00347673 0.00164648

0.00347673 0.00164648
0.00347508 0.00165234

0.00347344 0.0016581
0.00347508 0.00165234

0.00346172 0.00169674
0.00346093 0.00169922

0.00346094 0.00169922
0.00345904 0.00170508

0.00345904 0.00170508
0.00345709 0.00171094

0.00346466 0.0016875
0.00346281 0.00169336

0.00346172 0.00169674
0.0034628 0.00169336

0.00345586 0.00171457
0.00345511 0.0017168

0.00345512 0.0017168
0.00345312 0.00172266

0.00345586 0.00171457
0.00345708 0.00171094

0.00345312 0.00172266
0.00345108 0.00172852

0.00345 0.00173155
0.00345107 0.00172852

