-0.00118225 0
-0.00118223 5.85937e-06

-0.00118223 5.85938e-06
-0.00118219 1.17187e-05

-0.00118219 1.17187e-05
-0.00118213 1.75781e-05

-0.00118213 1.75781e-05
-0.00118203 2.34375e-05

-0.00118203 2.34375e-05
-0.00118191 2.92969e-05

-0.00118191 2.92969e-05
-0.00118175 3.51562e-05

-0.00118175 3.51562e-05
-0.00118157 4.10156e-05

-0.00118157 4.10156e-05
-0.00118136 4.6875e-05

-0.00118136 4.6875e-05
-0.00118112 5.27344e-05

-0.00118112 5.27344e-05
-0.00118085 5.85937e-05

-0.00118085 5.85937e-05
-0.00118056 6.44531e-05

-0.00118056 6.44531e-05
-0.00118023 7.03125e-05

-0.00118023 7.03125e-05
-0.00117988 7.61719e-05

-0.00117988 7.61719e-05
-0.00117949 8.20312e-05

-0.00117949 8.20312e-05
-0.00117908 8.78906e-05

-0.00117907 8.78906e-05
-0.00117891 9.01026e-05

-0.00117891 9.00947e-05
-0.00117863 9.375e-05

-0.00117863 9.375e-05
-0.00117816 9.96094e-05

-0.00117817 9.96094e-05
-0.00117767 0.000105469

-0.00117767 0.000105469
-0.00117715 0.000111328

-0.00117715 0.000111328
-0.0011766 0.000117187

-0.0011766 0.000117187
-0.00117602 0.000123047

-0.00117602 0.000123047
-0.00117542 0.000128906

-0.00117542 0.000128906
-0.00117478 0.000134766

-0.00117478 0.000134766
-0.00117411 0.000140625

-0.00117411 0.000140625
-0.00117341 0.000146484

-0.00117341 0.000146484
-0.00117305 0.000149386

-0.00117305 0.000149373
-0.00117268 0.000152344

-0.00117268 0.000152344
-0.00117193 0.000158203

-0.00117193 0.000158203
-0.00117115 0.000164062

-0.00117115 0.000164062
-0.00117035 0.000169922

-0.00117035 0.000169922
-0.00116951 0.000175781

-0.00116951 0.000175781
-0.00116864 0.000181641

-0.00116864 0.000181641
-0.00116774 0.0001875

-0.00116774 0.0001875
-0.00116719 0.000190963

-0.00116719 0.000190946
-0.0011668 0.000193359

-0.0011668 0.000193359
-0.00116585 0.000199219

-0.00116586 0.000199219
-0.00116488 0.000205078

-0.00116488 0.000205078
-0.00116387 0.000210937

-0.00116387 0.000210937
-0.00116282 0.000216797

-0.00116282 0.000216797
-0.00116174 0.000222656

-0.00116174 0.000222656
-0.00116133 0.000224869

-0.00116133 0.000224836
-0.00116064 0.000228516

-0.00116064 0.000228516
-0.00115951 0.000234375

-0.00115952 0.000234375
-0.00115836 0.000240234

-0.00115836 0.000240234
-0.00115717 0.000246094

-0.00115717 0.000246094
-0.00115594 0.000251953

-0.00115594 0.000251953
-0.00115547 0.00025418

-0.00115547 0.000254139
-0.00115468 0.000257812

-0.00115469 0.000257812
-0.00115341 0.000263672

-0.00115342 0.000263672
-0.00115211 0.000269531

-0.00115211 0.000269531
-0.00115077 0.000275391

-0.00115077 0.000275391
-0.00114961 0.000280302

-0.00114961 0.00028029
-0.00114938 0.00028125

-0.00114938 0.00028125
-0.00114798 0.000287109

-0.00114799 0.000287109
-0.00114657 0.000292969

-0.00114657 0.000292969
-0.0011451 0.000298828

-0.0011451 0.000298828
-0.00114375 0.000304096

-0.00114375 0.000304087
-0.0011436 0.000304687

-0.00114359 0.000304687
-0.00114206 0.000310547

-0.00114208 0.000310547
-0.00114053 0.000316406

-0.00114053 0.000316406
-0.00113894 0.000322266

-0.00113894 0.000322266
-0.00113789 0.00032605

-0.00113789 0.000326008
-0.0011373 0.000328125

-0.00113731 0.000328125
-0.00113566 0.000333984

-0.00113567 0.000333984
-0.00113399 0.000339844

-0.00113399 0.000339844
-0.00113226 0.000345703

-0.00113227 0.000345703
-0.00113203 0.000346503

-0.00113203 0.000346431
-0.0011305 0.000351562

-0.00113052 0.000351562
-0.00112875 0.000357422

-0.00112875 0.000357422
-0.00112693 0.000363281

-0.00112694 0.000363281
-0.00112617 0.000365705

-0.00112617 0.000365637
-0.00112506 0.000369141

-0.00112508 0.000369141
-0.0011232 0.000375

-0.0011232 0.000375
-0.00112129 0.000380859

-0.0011213 0.000380859
-0.00112031 0.000383816

-0.00112031 0.000383751
-0.00111933 0.000386719

-0.00111934 0.000386719
-0.00111736 0.000392578

-0.00111737 0.000392578
-0.00111536 0.000398437

-0.00111537 0.000398437
-0.00111445 0.000401063

-0.00111445 0.000400978
-0.00111329 0.000404297

-0.00111331 0.000404297
-0.00111124 0.000410156

-0.00111125 0.000410156
-0.00110913 0.000416016

-0.00110914 0.000416016
-0.00110859 0.000417505

-0.00110859 0.000417406
-0.00110695 0.000421875

-0.00110697 0.000421875
-0.00110479 0.000427734

-0.0011048 0.000427734
-0.00110273 0.000433158

-0.00110273 0.000433147
-0.00110256 0.000433594

-0.00110255 0.000433594
-0.0011003 0.000439453

-0.00110032 0.000439453
-0.00109805 0.000445312

-0.00109806 0.000445312
-0.00109687 0.000448287

-0.00109687 0.000448193
-0.00109569 0.000451172

-0.00109571 0.000451172
-0.00109335 0.000457031

-0.00109336 0.000457031
-0.00109102 0.000462737

-0.00109102 0.000462733
-0.00109095 0.000462891

-0.00109093 0.000462891
-0.0010885 0.00046875

-0.00108853 0.00046875
-0.00108607 0.000474609

-0.00108609 0.000474609
-0.00108516 0.000476787

-0.00108516 0.000476662
-0.00108353 0.000480469

-0.00108355 0.000480469
-0.00108102 0.000486328

-0.00108103 0.000486328
-0.0010793 0.000490273

-0.0010793 0.000490214
-0.00107843 0.000492187

-0.00107843 0.000492187
-0.00107582 0.000498047

-0.00107583 0.000498047
-0.00107344 0.000503326

-0.00107344 0.000503308
-0.00107317 0.000503906

-0.00107315 0.000503906
-0.00107046 0.000509766

-0.00107049 0.000509766
-0.00106776 0.000515625

-0.00106779 0.000515625
-0.00106758 0.000516065

-0.00106758 0.000515946
-0.00106497 0.000521484

-0.00106501 0.000521484
-0.00106221 0.000527344

-0.00106224 0.000527344
-0.00106172 0.000528423

-0.00106172 0.000528285
-0.00105934 0.000533203

-0.00105937 0.000533203
-0.00105649 0.000539062

-0.00105652 0.000539062
-0.00105586 0.000540389

-0.00105586 0.000540252
-0.00105353 0.000544922

-0.00105356 0.000544922
-0.00105059 0.000550781

-0.00105062 0.000550781
-0.00105 0.000551996

-0.00105 0.000551868
-0.00104755 0.000556641

-0.00104759 0.000556641
-0.00104453 0.0005625

-0.00104456 0.0005625
-0.00104414 0.000563286

-0.00104414 0.000563174
-0.00104141 0.000568359

-0.00104145 0.000568359
-0.00103832 0.000574219

-0.00103833 0.000574219
-0.00103828 0.000574301

-0.00103828 0.000574226
-0.00103512 0.000580078

-0.00103516 0.000580078
-0.00103242 0.000585081

-0.00103242 0.00058504
-0.00103193 0.000585937

-0.00103192 0.000585937
-0.00102867 0.000591797

-0.00102871 0.000591797
-0.00102656 0.000595613

-0.00102656 0.000595517
-0.00102536 0.000597656

-0.00102538 0.000597656
-0.00102203 0.000603516

-0.00102209 0.000603516
-0.0010207 0.000605917

-0.0010207 0.000605762
-0.00101862 0.000609375

-0.00101866 0.000609375
-0.00101523 0.000615234

-0.00101527 0.000615234
-0.00101484 0.000615958

-0.00101484 0.00061584
-0.00101174 0.000621094

-0.00101178 0.000621094
-0.00100898 0.000625776

-0.00100898 0.000625726
-0.00100825 0.000626953

-0.00100826 0.000626953
-0.0010047 0.000632812

-0.00100476 0.000632812
-0.00100313 0.000635487

-0.00100312 0.000635323
-0.00100107 0.000638672

-0.00100112 0.000638672
-0.000997479 0.000644531

-0.000997496 0.000644531
-0.000997266 0.00064491

-0.000997266 0.00064484
-0.000993782 0.000650391

-0.000993829 0.000650391
-0.000991406 0.000654208

-0.000991406 0.000654107
-0.000990048 0.00065625

-0.000990078 0.00065625
-0.000986294 0.000662109

-0.000986359 0.000662109
-0.000985547 0.000663382

-0.000985547 0.000663215
-0.000982449 0.000667969

-0.000982494 0.000667969
-0.000979688 0.000672221

-0.000979687 0.000672153
-0.000978595 0.000673828

-0.000978609 0.000673828
-0.000974676 0.000679687

-0.000974739 0.000679687
-0.000973828 0.000681068

-0.000973828 0.000680897
-0.000970675 0.000685547

-0.000970721 0.000685547
-0.000967969 0.000689556

-0.000967969 0.000689482
-0.000966665 0.000691406

-0.000966684 0.000691406
-0.000962596 0.000697266

-0.000962633 0.000697266
-0.000962109 0.000698025

-0.000962109 0.000697932
-0.000958447 0.000703125

-0.000958503 0.000703125
-0.00095625 0.000706289

-0.00095625 0.000706159
-0.000954244 0.000708984

-0.00095429 0.000708984
-0.000950391 0.000714357

-0.000950391 0.000714351
-0.000950037 0.000714844

-0.000950026 0.000714844
-0.000945714 0.000720703

-0.000945777 0.000720703
-0.000944531 0.000722414

-0.000944531 0.000722261
-0.000941334 0.000726562

-0.000941384 0.000726562
-0.000938672 0.000730176

-0.000938672 0.000730071
-0.000936941 0.000732422

-0.000936967 0.000732422
-0.000932813 0.000737865

-0.000932812 0.000737862
-0.000932494 0.000738281

-0.000932484 0.000738281
-0.000927949 0.000744141

-0.000928004 0.000744141
-0.000926953 0.000745507

-0.000926953 0.000745392
-0.000923356 0.00075

-0.000923399 0.00075
-0.000921094 0.000752969

-0.000921094 0.000752829
-0.000918735 0.000755859

-0.000918764 0.000755859
-0.000915234 0.000760279

-0.000915234 0.00076024
-0.000914063 0.000761719

-0.000914083 0.000761719
-0.000909375 0.000767529

-0.000909375 0.00076753
-0.000909336 0.000767578

-0.000909326 0.000767578
-0.000904517 0.000773437

-0.000904566 0.000773437
-0.000903516 0.000774719

-0.000903516 0.00077463
-0.000899651 0.000779297

-0.000899696 0.000779297
-0.000897656 0.000781768

-0.000897656 0.000781645
-0.000894751 0.000785156

-0.000894763 0.000785156
-0.000891797 0.000788703

-0.000891797 0.000788617
-0.000889778 0.000791016

-0.000889797 0.000791016
-0.000885937 0.0007955

-0.000885938 0.000795474
-0.000884729 0.000796875

-0.000884743 0.000796875
-0.000880078 0.000802192

-0.000880078 0.000802194
-0.000879602 0.000802734

-0.000879603 0.000802734
-0.000874375 0.000808594

-0.000874382 0.000808594
-0.000874219 0.000808775

-0.000874219 0.000808761
-0.000869064 0.000814453

-0.000869086 0.000814453
-0.000868359 0.000815251

-0.000868359 0.000815215
-0.000863688 0.000820312

-0.000863724 0.000820312
-0.0008625 0.000821641

-0.0008625 0.000821577
-0.00085826 0.000826172

-0.000858283 0.000826172
-0.000856641 0.000827933

-0.000856641 0.00082787
-0.00085277 0.000832031

-0.000852772 0.000832031
-0.000850781 0.000834138

-0.000850781 0.000834102
-0.000847197 0.000837891

-0.000847192 0.000837891
-0.000844922 0.000840259

-0.000844922 0.000840243
-0.000841548 0.00084375

-0.000841537 0.00084375
-0.000839062 0.000846295

-0.000839063 0.000846293
-0.000835818 0.000849609

-0.000835805 0.000849609
-0.000833203 0.000852246

-0.000833203 0.000852254
-0.00083001 0.000855469

-0.000829994 0.000855469
-0.000827344 0.000858116

-0.000827344 0.000858134
-0.000824123 0.000861328

-0.000824106 0.000861328
-0.000821484 0.00086391

-0.000821484 0.000863937
-0.000818159 0.000867187

-0.000818137 0.000867187
-0.000815625 0.000869627

-0.000815625 0.000869668
-0.000812114 0.000873047

-0.000812085 0.000873047
-0.000809766 0.000875268

-0.000809766 0.000875326
-0.000805984 0.000878906

-0.000805942 0.000878906
-0.000803906 0.000880828

-0.000803906 0.000880911
-0.000799754 0.000884766

-0.000799699 0.000884766
-0.000798047 0.000886302

-0.000798047 0.000886382
-0.000793433 0.000890625

-0.000793368 0.000890625
-0.000792188 0.000891706

-0.000792188 0.000891766
-0.00078699 0.000896484

-0.000786955 0.000896484
-0.000786328 0.00089705

-0.000786328 0.00089708
-0.000780469 0.000902323

-0.000780469 0.00090233
-0.000780453 0.000902344

-0.000780436 0.000902344
-0.000774609 0.000907499

-0.000774609 0.000907511
-0.000773822 0.000908203

-0.000773805 0.000908203
-0.00076875 0.000912638

-0.00076875 0.000912677
-0.000767157 0.000914062

-0.000767108 0.000914062
-0.000762891 0.000917713

-0.000762891 0.000917799
-0.000760406 0.000919922

-0.000760336 0.000919922
-0.000757031 0.000922712

-0.000757031 0.000922845
-0.000753541 0.000925781

-0.000753427 0.000925781
-0.000751172 0.000927671

-0.000751172 0.000927776
-0.000746554 0.000931641

-0.000746477 0.000931641
-0.000745313 0.000932608

-0.000745313 0.000932666
-0.000739453 0.000937492

-0.000739433 0.0009375
-0.000733594 0.000942247

-0.000733594 0.000942292
-0.000732267 0.000943359

-0.000732198 0.000943359
-0.000727734 0.000946951

-0.000727734 0.000947075
-0.000724999 0.000949219

-0.000724815 0.000949219
-0.000721875 0.000951523

-0.000721875 0.000951644
-0.000717479 0.000955078

-0.00071738 0.000955078
-0.000716016 0.000956132

-0.000716016 0.0009562
-0.000710156 0.000960702

-0.000710156 0.000960712
-0.000709859 0.000960937

-0.000709833 0.000960937
-0.000704297 0.000965136

-0.000704297 0.000965248
-0.000702198 0.000966797

-0.000702016 0.000966797
-0.000698438 0.000969482

-0.000698438 0.000969579
-0.000694279 0.000972656

-0.000694133 0.000972656
-0.000692578 0.000973783

-0.000692578 0.000973876
-0.000686719 0.000978145

-0.000686719 0.000978164
-0.00068623 0.000978516

-0.000686192 0.000978516
-0.000680859 0.000982361

-0.000680859 0.000982483
-0.000678202 0.000984375

-0.000677911 0.000984375
-0.000675 0.000986449

-0.000675 0.000986557
-0.000669769 0.000990234

-0.000669757 0.000990234
-0.000669141 0.000990662

-0.000669141 0.000990666
-0.000663281 0.000994732

-0.000663281 0.000994836
-0.000661438 0.000996094

-0.000661226 0.000996094
-0.000657422 0.000998712

-0.000657422 0.000998788
-0.000652757 0.00100195

-0.00065268 0.00100195
-0.000651563 0.00100269

-0.000651563 0.00100274
-0.000645703 0.00100665

-0.000645703 0.00100675
-0.000644091 0.00100781

-0.000643879 0.00100781
-0.000639844 0.00101049

-0.000639844 0.00101055
-0.000635068 0.00101367

-0.000635007 0.00101367
-0.000633984 0.00101433

-0.000633984 0.00101436
-0.000628125 0.00101812

-0.000628125 0.00101824
-0.000626103 0.00101953

-0.000625788 0.00101953
-0.000622266 0.00102177

-0.000622266 0.00102186
-0.000616641 0.00102539

-0.000616647 0.00102539
-0.000616406 0.00102554

-0.000616406 0.00102552
-0.000610547 0.00102914

-0.000610547 0.00102924
-0.00060726 0.00103125

-0.000606966 0.00103125
-0.000604688 0.00103264

-0.000604688 0.00103274
-0.000598828 0.00103626

-0.000598828 0.00103636
-0.000597572 0.00103711

-0.000597329 0.00103711
-0.000592969 0.00103971

-0.000592969 0.00103977
-0.000587527 0.00104297

-0.000587524 0.00104297
-0.000587109 0.00104321

-0.000587109 0.00104318
-0.00058125 0.00104658

-0.00058125 0.00104664
-0.000577433 0.00104883

-0.000577241 0.00104883
-0.000575391 0.00104989

-0.000575391 0.00104994
-0.000569531 0.00105325

-0.000569531 0.00105335
-0.000567135 0.00105469

-0.000566824 0.00105469
-0.000563672 0.00105645

-0.000563672 0.00105653
-0.000557813 0.00105975

-0.000557813 0.00105983
-0.000556505 0.00106055

-0.000556257 0.00106055
-0.000551953 0.00106289

-0.000551953 0.00106295
-0.000546094 0.00106609

-0.000546094 0.00106613
-0.000545578 0.00106641

-0.00054541 0.00106641
-0.000540234 0.00106915

-0.000540234 0.0010692
-0.000534375 0.00107225

-0.000534375 0.00107225
-0.000534353 0.00107227

-0.000534246 0.00107227
-0.000528516 0.00107521

-0.000528516 0.00107526
-0.000522878 0.00107812

-0.000522867 0.00107812
-0.000522656 0.00107823

-0.000522656 0.00107819
-0.000516797 0.00108113

-0.000516797 0.00108118
-0.000511143 0.00108398

-0.00051114 0.00108398
-0.000510938 0.00108409

-0.000510937 0.00108404
-0.000505078 0.00108691

-0.000505078 0.00108696
-0.000499219 0.0010898

-0.000499219 0.00108981
-0.000499143 0.00108984

-0.00049904 0.00108984
-0.000493359 0.00109256

-0.000493359 0.0010926
-0.0004875 0.00109536

-0.0004875 0.00109541
-0.000486857 0.0010957

-0.000486665 0.0010957
-0.000481641 0.00109803

-0.000481641 0.00109807
-0.000475781 0.00110076

-0.000475781 0.00110084
-0.000474181 0.00110156

-0.000473857 0.00110156
-0.000469922 0.00110333

-0.000469922 0.00110338
-0.000464063 0.00110599

-0.000464062 0.00110606
-0.000460947 0.00110742

-0.00046064 0.00110742
-0.000458203 0.00110849

-0.000458203 0.00110853
-0.000452344 0.00111107

-0.000452344 0.00111111
-0.000447249 0.00111328

-0.000447218 0.00111328
-0.000446484 0.00111359

-0.000446484 0.00111357
-0.000440625 0.00111602

-0.000440625 0.00111605
-0.000434766 0.00111847

-0.000434766 0.00111855
-0.000433295 0.00111914

-0.000432975 0.00111914
-0.000428906 0.00112078

-0.000428906 0.00112081
-0.000423047 0.00112317

-0.000423047 0.0011232
-0.000418472 0.001125

-0.000418404 0.001125
-0.000417188 0.00112548

-0.000417187 0.00112547
-0.000411328 0.00112773

-0.000411328 0.00112775
-0.000405469 0.00112999

-0.000405469 0.00113005
-0.000403281 0.00113086

-0.00040298 0.00113086
-0.000399609 0.00113211

-0.000399609 0.00113214
-0.00039375 0.0011343

-0.00039375 0.00113433
-0.000387891 0.00113645

-0.000387891 0.00113649
-0.000387252 0.00113672

-0.000387036 0.00113672
-0.000382031 0.00113848

-0.000382031 0.00113848
-0.000376172 0.00114054

-0.000376172 0.00114057
-0.000370313 0.00114257

-0.000370312 0.00114257
-0.000370292 0.00114258

-0.0003702 0.00114258
-0.000364453 0.00114448

-0.000364453 0.00114448
-0.000358594 0.00114643

-0.000358594 0.00114646
-0.000352734 0.00114835

-0.000352734 0.00114837
-0.000352516 0.00114844

-0.000352371 0.00114844
-0.000346875 0.00115016

-0.000346875 0.00115016
-0.000341016 0.001152

-0.000341016 0.00115202
-0.000335156 0.00115382

-0.000335156 0.00115386
-0.000333699 0.0011543

-0.000333435 0.0011543
-0.000329297 0.00115553

-0.000329297 0.00115555
-0.000323438 0.00115728

-0.000323437 0.00115729
-0.000317578 0.001159

-0.000317578 0.00115902
-0.000313562 0.00116016

-0.000313485 0.00116016
-0.000311719 0.00116066

-0.000311719 0.00116066
-0.000305859 0.00116229

-0.000305859 0.00116229
-0.0003 0.00116392

-0.0003 0.00116394
-0.000294141 0.00116553

-0.000294141 0.00116556
-0.000292397 0.00116602

-0.000292158 0.00116602
-0.000288281 0.00116703

-0.000288281 0.00116705
-0.000282422 0.00116857

-0.000282422 0.00116857
-0.000276563 0.00117008

-0.000276562 0.0011701
-0.000270703 0.00117156

-0.000270703 0.00117159
-0.000269526 0.00117187

-0.000269284 0.00117187
-0.000264844 0.00117295

-0.000264844 0.00117296
-0.000258984 0.00117435

-0.000258984 0.00117435
-0.000253125 0.00117573

-0.000253125 0.00117574
-0.000247266 0.00117708

-0.000247266 0.00117709
-0.000244356 0.00117773

-0.000244209 0.00117773
-0.000241406 0.00117835

-0.000241406 0.00117836
-0.000235547 0.00117962

-0.000235547 0.00117963
-0.000229687 0.00118087

-0.000229687 0.00118087
-0.000223828 0.00118209

-0.000223828 0.0011821
-0.000217969 0.00118327

-0.000217969 0.00118328
-0.000216354 0.00118359

-0.000216155 0.00118359
-0.000212109 0.00118437

-0.000212109 0.00118438
-0.00020625 0.00118548

-0.00020625 0.00118548
-0.000200391 0.00118656

-0.000200391 0.00118656
-0.000194531 0.00118761

-0.000194531 0.00118761
-0.000188672 0.00118863

-0.000188672 0.00118864
-0.000183743 0.00118945

-0.000183704 0.00118945
-0.000182812 0.0011896

-0.000182813 0.00118959
-0.000176953 0.00119052

-0.000176953 0.00119053
-0.000171094 0.00119143

-0.000171094 0.00119143
-0.000165234 0.00119231

-0.000165234 0.00119231
-0.000159375 0.00119316

-0.000159375 0.00119316
-0.000153516 0.00119398

-0.000153516 0.00119398
-0.000147656 0.00119477

-0.000147656 0.00119477
-0.000143412 0.00119531

-0.000143355 0.00119531
-0.000141797 0.00119551

-0.000141797 0.00119551
-0.000135937 0.00119621

-0.000135938 0.00119622
-0.000130078 0.0011969

-0.000130078 0.0011969
-0.000124219 0.00119755

-0.000124219 0.00119755
-0.000118359 0.00119818

-0.000118359 0.00119818
-0.0001125 0.00119877

-0.0001125 0.00119877
-0.000106641 0.00119933

-0.000106641 0.00119933
-0.000100781 0.00119986

-0.000100781 0.00119986
-9.49219e-05 0.00120036

-9.49219e-05 0.00120036
-8.90625e-05 0.00120083

-8.90625e-05 0.00120084
-8.45416e-05 0.00120117

-8.45062e-05 0.00120117
-8.32031e-05 0.00120127

-8.32031e-05 0.00120126
-7.73438e-05 0.00120166

-7.73438e-05 0.00120166
-7.14844e-05 0.00120204

-7.14844e-05 0.00120204
-6.5625e-05 0.00120239

-6.5625e-05 0.00120239
-5.97656e-05 0.00120271

-5.97656e-05 0.00120271
-5.39063e-05 0.00120301

-5.39063e-05 0.00120301
-4.80469e-05 0.00120328

-4.80469e-05 0.00120328
-4.21875e-05 0.00120351

-4.21875e-05 0.00120351
-3.63281e-05 0.00120372

-3.63281e-05 0.00120372
-3.04688e-05 0.0012039

-3.04688e-05 0.0012039
-2.46094e-05 0.00120405

-2.46094e-05 0.00120405
-1.875e-05 0.00120418

-1.875e-05 0.00120418
-1.28906e-05 0.00120427

-1.28906e-05 0.00120427
-7.03125e-06 0.00120433

-7.03125e-06 0.00120433
-1.17187e-06 0.00120437

-1.17187e-06 0.00120437
4.6875e-06 0.00120438

4.6875e-06 0.00120438
1.05469e-05 0.00120436

1.05469e-05 0.00120436
1.64062e-05 0.00120431

1.64063e-05 0.00120431
2.22656e-05 0.00120423

2.22656e-05 0.00120423
2.8125e-05 0.00120413

2.8125e-05 0.00120413
3.39844e-05 0.00120399

3.39844e-05 0.00120399
3.98437e-05 0.00120383

3.98438e-05 0.00120383
4.57031e-05 0.00120364

4.57031e-05 0.00120364
5.15625e-05 0.00120341

5.15625e-05 0.00120341
5.74219e-05 0.00120316

5.74219e-05 0.00120316
6.32812e-05 0.00120289

6.32813e-05 0.00120289
6.91406e-05 0.00120258

6.91406e-05 0.00120258
7.5e-05 0.00120224

0.000438281 0.00112274
0.000432497 0.001125

0.000438281 0.00112274
0.000444141 0.00112041

0.00045 0.00111804
0.000447275 0.00111914

0.000444141 0.00112041
0.000447291 0.00111914

7.5e-05 0.00120224
8.08594e-05 0.00120187

8.08594e-05 0.00120187
8.67187e-05 0.00120147

9.25781e-05 0.00120104
9.07863e-05 0.00120117

8.67188e-05 0.00120147
9.08297e-05 0.00120117

9.25781e-05 0.00120104
9.84375e-05 0.00120059

9.84375e-05 0.00120059
0.000104297 0.00120011

0.000104297 0.00120011
0.000110156 0.00119961

0.000110156 0.00119961
0.000116016 0.00119908

0.000116016 0.00119908
0.000121875 0.00119853

0.000121875 0.00119853
0.000127734 0.00119795

0.000127734 0.00119795
0.000133594 0.00119734

0.000133594 0.00119734
0.000139453 0.0011967

0.000139453 0.0011967
0.000145312 0.00119604

0.000157031 0.00119461
0.000151338 0.00119531

0.000157031 0.00119462
0.000162891 0.00119387

0.000162891 0.00119387
0.00016875 0.00119309

0.000145312 0.00119604
0.000151172 0.00119534

0.000151172 0.00119534
0.000151357 0.00119531

0.00016875 0.00119309
0.000174609 0.00119229

0.000174609 0.00119229
0.000180469 0.00119145

0.000180469 0.00119145
0.000186328 0.00119058

0.000186328 0.00119058
0.000192187 0.00118968

0.000198047 0.00118875
0.000193598 0.00118945

0.000192187 0.00118968
0.000193638 0.00118945

0.000198047 0.00118875
0.000203906 0.00118779

0.000203906 0.00118779
0.000209766 0.00118681

0.000209766 0.00118681
0.000215625 0.00118579

0.000215625 0.00118579
0.000221484 0.00118473

0.000221484 0.00118473
0.000227344 0.00118364

0.000233203 0.00118251
0.000227553 0.00118359

0.000233203 0.00118252
0.000239062 0.00118137

0.000227344 0.00118364
0.000227571 0.00118359

0.000239062 0.00118137
0.000244922 0.00118019

0.000244922 0.00118019
0.000250781 0.00117898

0.000256641 0.00117769
0.000256425 0.00117773

0.000250781 0.00117898
0.000256622 0.00117773

0.000256641 0.00117772
0.0002625 0.00117645

0.000285937 0.00117103
0.000282427 0.00117187

0.000285937 0.00117104
0.000291797 0.00116961

0.000291797 0.00116961
0.000297656 0.00116815

0.000297656 0.00116815
0.000303516 0.00116665

0.000309375 0.00116511
0.000305905 0.00116602

0.000303516 0.00116666
0.000305962 0.00116602

0.0002625 0.00117645
0.000268359 0.00117515

0.000268359 0.00117515
0.000274219 0.00117381

0.000274219 0.00117381
0.000280078 0.00117244

0.000280078 0.00117245
0.000282485 0.00117187

0.000309375 0.00116511
0.000315234 0.00116355

0.000315234 0.00116355
0.000321094 0.00116196

0.000332812 0.00115866
0.000327537 0.00116016

0.000321094 0.00116196
0.000326953 0.00116032

0.000326953 0.00116033
0.000327552 0.00116016

0.000332812 0.00115866
0.000338672 0.00115696

0.000338672 0.00115696
0.000344531 0.00115523

0.000350391 0.00115345
0.000347587 0.0011543

0.000344531 0.00115524
0.00034765 0.0011543

0.000350391 0.00115346
0.00035625 0.00115166

0.000367969 0.00114792
0.000366365 0.00114844

0.000367969 0.00114794
0.000373828 0.00114604

0.000373828 0.00114604
0.000379687 0.00114409

0.00035625 0.00115166
0.000362109 0.00114982

0.000362109 0.00114983
0.000366456 0.00114844

0.000385547 0.00114209
0.000384113 0.00114258

0.000379687 0.0011441
0.000384197 0.00114258

0.000385547 0.00114211
0.000391406 0.0011401

0.000403125 0.00113596
0.000400984 0.00113672

0.000391406 0.0011401
0.000397266 0.00113805

0.000397266 0.00113806
0.000401039 0.00113672

0.000403125 0.00113597
0.000408984 0.00113385

0.000408984 0.00113385
0.000414844 0.0011317

0.000420703 0.00112951
0.000417081 0.00113086

0.000414844 0.0011317
0.000417105 0.00113086

0.000420703 0.00112951
0.000426562 0.00112729

0.000426562 0.00112729
0.000432422 0.00112503

0.000432422 0.00112503
0.000432498 0.001125

0.0012 0.000122334
0.0011999 0.000123047

0.0011999 0.000123047
0.00119908 0.000128906

0.00119908 0.000128906
0.00119822 0.000134766

0.00119822 0.000134766
0.00119731 0.000140625

0.00119731 0.000140625
0.00119636 0.000146484

0.00119636 0.000146484
0.00119536 0.000152344

0.00119414 0.000159069
0.00119322 0.000164062

0.00119536 0.000152344
0.00119431 0.000158203

0.00119414 0.000159289
0.00119434 0.000158203

0.00119322 0.000164062
0.0011921 0.000169922

0.0011921 0.000169922
0.00119094 0.000175781

0.00119093 0.000175781
0.00118972 0.000181641

0.00118972 0.000181641
0.00118847 0.0001875

0.00118828 0.000188306
0.00118717 0.000193359

0.00118718 0.000193359
0.00118586 0.000199219

0.00118586 0.000199219
0.00118451 0.000205078

0.00118451 0.000205078
0.00118312 0.000210937

0.00118828 0.000188442
0.00118849 0.0001875

0.00118242 0.000213665
0.00118166 0.000216797

0.00118169 0.000216797
0.00118026 0.000222656

0.00118242 0.000213933
0.00118315 0.000210937

0.00118026 0.000222656
0.00117881 0.000228516

0.00117881 0.000228516
0.00117734 0.000234375

0.00117656 0.00023724
0.0011758 0.000240234

0.00117585 0.000240234
0.00117436 0.000246094

0.00117437 0.000246094
0.00117288 0.000251953

0.00117288 0.000251953
0.00117138 0.000257812

0.0011707 0.000260332
0.00116985 0.000263672

0.00116987 0.000263672
0.00116837 0.000269531

0.0011707 0.000260544
0.0011714 0.000257812

0.00116838 0.000269531
0.00116689 0.000275391

0.00116689 0.000275391
0.00116538 0.00028125

0.00117656 0.000237622
0.00117739 0.000234375

0.00115311 0.000328125
0.0011515 0.000333984

0.00115151 0.000333984
0.00114988 0.000339844

0.00114727 0.000348839
0.00114647 0.000351562

0.00114988 0.000339844
0.00114821 0.000345703

0.00114727 0.000349005
0.00114823 0.000345703

0.00114141 0.000368419
0.00114118 0.000369141

0.00114118 0.000369141
0.00113935 0.000375

0.00114649 0.000351562
0.00114476 0.000357422

0.00114477 0.000357422
0.00114301 0.000363281

0.00114141 0.000368468
0.00114301 0.000363281

0.00116484 0.000283285
0.00116386 0.000287109

0.00116388 0.000287109
0.00116238 0.000292969

0.00116238 0.000292969
0.00116088 0.000298828

0.00116088 0.000298828
0.00115935 0.000304687

0.00116484 0.000283416
0.0011654 0.00028125

0.00115898 0.000306032
0.0011578 0.000310547

0.00115782 0.000310547
0.00115628 0.000316406

0.00115898 0.000306161
0.00115937 0.000304687

0.00115628 0.000316406
0.00115472 0.000322266

0.00115312 0.000328111
0.00115472 0.000322266

0.00115312 0.000328192
0.00115314 0.000328125

0.0010125 0.000648875
0.00101156 0.000650391

0.00101177 0.000650391
0.00100803 0.00065625

0.000942187 0.000748433
0.000940968 0.00075

0.000959766 0.000725606
0.000959065 0.000726562

0.000965625 0.000717679
0.000963418 0.000720703

0.000959766 0.000725895
0.000963639 0.000720703

0.000953906 0.000733579
0.000950311 0.000738281

0.000948047 0.000741014
0.000945652 0.000744141

0.000942187 0.000748812
0.000945859 0.000744141

0.000948047 0.000741451
0.000950459 0.000738281

0.000959235 0.000726562
0.000954807 0.000732422

0.000953906 0.000733705
0.000954863 0.000732422

0.000977344 0.000701383
0.000976136 0.000703125

0.000989062 0.000684684
0.000988492 0.000685547

0.000988625 0.000685547
0.000984587 0.000691406

0.000983203 0.000693279
0.000980426 0.000697266

0.000977344 0.000701865
0.000980596 0.000697266

0.000983203 0.000693652
0.000984734 0.000691406

0.00100078 0.000667227
0.00100031 0.000667969

0.000994922 0.00067603
0.000992471 0.000679687

0.00100042 0.000667969
0.000996537 0.000673828

0.000994922 0.000676559
0.000996742 0.000673828

0.00100664 0.000658231
0.00100414 0.000662109

0.00100078 0.000667455
0.00100428 0.000662109

0.00100664 0.000658732
0.00100823 0.00065625

0.000989062 0.000684946
0.000992641 0.000679687

0.000971484 0.000709904
0.000967901 0.000714844

0.000976365 0.000703125
0.000972163 0.000708984

0.000971484 0.00071001
0.000972204 0.000708984

0.000965625 0.000718216
0.000968087 0.000714844

0.00110625 0.00046747
0.00110573 0.00046875

0.00110576 0.00046875
0.00110336 0.000474609

0.00110338 0.000474609
0.00110094 0.000480469

0.00110039 0.000481616
0.00109839 0.000486328

0.00109845 0.000486328
0.00109593 0.000492187

0.00110039 0.000482101
0.00110108 0.000480469

0.00109453 0.000495083
0.00109323 0.000498047

0.00109334 0.000498047
0.00109073 0.000503906

0.00108867 0.000508252
0.00108798 0.000509766

0.00108806 0.000509766
0.00108536 0.000515625

0.00108867 0.000508548
0.00109078 0.000503906

0.00109453 0.00049562
0.00109604 0.000492187

0.00108281 0.000521059
0.00108261 0.000521484

0.00108262 0.000521484
0.00107984 0.000527344

0.00107695 0.000533318
0.00107415 0.000539062

0.00107987 0.000527344
0.00107704 0.000533203

0.00107695 0.000533391
0.00107704 0.000533203

0.00107109 0.0005452
0.00106829 0.000550781

0.00106523 0.000556758
0.00106226 0.0005625

0.00106833 0.000550781
0.00106534 0.000556641

0.00106523 0.000556861
0.00106535 0.000556641

0.00107418 0.000539062
0.00107127 0.000544922

0.00107109 0.000545302
0.00107129 0.000544922

0.00108281 0.000521134
0.00108539 0.000515625

0.00112969 0.000404359
0.00112769 0.000410156

0.00112383 0.000421152
0.00112357 0.000421875

0.00112772 0.000410156
0.00112568 0.000416016

0.00112383 0.000421224
0.00112568 0.000416016

0.00113937 0.000375
0.00113751 0.000380859

0.00113751 0.000380859
0.0011356 0.000386719

0.00113555 0.00038682
0.00113365 0.000392578

0.00113367 0.000392578
0.00113173 0.000398437

0.00113555 0.000386963
0.00113563 0.000386719

0.00113173 0.000398437
0.00112973 0.000404297

0.00112969 0.000404493
0.00112976 0.000404297

0.00111797 0.00043717
0.00111712 0.000439453

0.00111717 0.000439453
0.00111496 0.000445312

0.00112358 0.000421875
0.00112147 0.000427734

0.00112149 0.000427734
0.00111936 0.000433594

0.00111797 0.000437402
0.00111939 0.000433594

0.00111211 0.000452619
0.00111039 0.000457031

0.00111498 0.000445312
0.00111273 0.000451172

0.00111211 0.000453048
0.00111284 0.000451172

0.00111045 0.000457031
0.00110814 0.000462891

0.00110625 0.000467603
0.00110815 0.000462891

0.00105937 0.000567968
0.00105917 0.000568359

0.00105919 0.000568359
0.00105608 0.000574219

0.00105352 0.000578768
0.00105281 0.000580078

0.00105294 0.000580078
0.00104975 0.000585937

0.00105352 0.000579136
0.00105616 0.000574219

0.00104766 0.000589411
0.00104634 0.000591797

0.00104654 0.000591797
0.00104326 0.000597656

0.0010418 0.000599985
0.0010398 0.000603516

0.00103996 0.000603516
0.00103659 0.000609375

0.0010418 0.000600609
0.00104347 0.000597656

0.00104766 0.000590008
0.0010499 0.000585937

0.00102422 0.000629914
0.00102247 0.000632812

0.00103008 0.00062032
0.00102963 0.000621094

0.00103594 0.000610448
0.00103316 0.000615234

0.00103008 0.00062056
0.00103322 0.000615234

0.00102973 0.000621094
0.00102623 0.000626953

0.00102422 0.00063061
0.00102643 0.000626953

0.00101836 0.000639815
0.00101544 0.000644531

0.0010227 0.000632812
0.0010191 0.000638672

0.00101836 0.000640006
0.00101917 0.000638672

0.0010125 0.000649362
0.00101554 0.000644531

0.00103594 0.00061064
0.00103667 0.000609375

0.00105937 0.000568092
0.00106231 0.0005625

0.000461719 0.0011132
0.000461512 0.00111328

0.00045 0.00111804
0.000455859 0.00111565

0.000455859 0.00111565
0.000461551 0.00111328

0.000461719 0.00111321
0.000467578 0.00111074

0.000467578 0.00111074
0.000473437 0.00110823

0.000491016 0.00110049
0.000488615 0.00110156

0.000491016 0.00110048
0.000496875 0.00109783

0.000479297 0.00110569
0.000475303 0.00110742

0.000473438 0.00110823
0.000475303 0.00110742

0.000479297 0.00110569
0.000485156 0.0011031

0.000485156 0.0011031
0.000488594 0.00110156

0.00054375 0.00107516
0.000537912 0.00107812

0.000502734 0.00109514
0.000501512 0.0010957

0.000496875 0.00109782
0.000501481 0.0010957

0.000502734 0.00109513
0.000508594 0.0010924

0.000514453 0.00108964
0.000514017 0.00108984

0.000514453 0.00108962
0.000520312 0.00108681

0.000508594 0.00109239
0.00051398 0.00108984

0.000526172 0.00108398
0.000526158 0.00108398

0.000520313 0.00108681
0.000526113 0.00108398

0.000526172 0.00108396
0.000532031 0.00108107

0.000532031 0.00108106
0.000537891 0.00107813

0.000537891 0.00107813
0.000537909 0.00107812

0.000625781 0.00102923
0.000622464 0.00103125

0.000625781 0.00102921
0.000631641 0.0010256

0.0006375 0.00102195
0.000631986 0.00102539

0.000631641 0.0010256
0.000631988 0.00102539

0.000549609 0.00107218
0.000549442 0.00107227

0.00054375 0.00107516
0.000549375 0.00107227

0.000549609 0.00107215
0.000555469 0.0010691

0.000561328 0.00106604
0.00056063 0.00106641

0.000561328 0.001066
0.000567187 0.00106287

0.000555469 0.00106909
0.000560547 0.00106641

0.000584766 0.00105324
0.000582163 0.00105469

0.000584766 0.00105322
0.000590625 0.00104992

0.000573047 0.00105973
0.000571532 0.00106055

0.000567188 0.00106285
0.000571443 0.00106055

0.000573047 0.00105969
0.000578906 0.00105648

0.000578906 0.00105646
0.000582092 0.00105469

0.000596484 0.00104658
0.000592551 0.00104883

0.000590625 0.00104991
0.000592521 0.00104883

0.000596484 0.00104658
0.000602344 0.00104319

0.000608203 0.00103977
0.000602731 0.00104297

0.000614062 0.00103636
0.0006128 0.00103711

0.000608203 0.00103974
0.000612645 0.00103711

0.000602344 0.00104319
0.000602732 0.00104297

0.000614063 0.00103629
0.000619922 0.00103278

0.000619922 0.00103275
0.000622388 0.00103125

0.000760547 0.000933505
0.000755634 0.0009375

0.000766406 0.00092871
0.000762826 0.000931641

0.000760547 0.000933448
0.00076277 0.000931641

0.000772266 0.000923869
0.00076995 0.000925781

0.000778125 0.000918947
0.000776971 0.000919922

0.000772266 0.000923756
0.000776804 0.000919922

0.000766406 0.000928611
0.000769831 0.000925781

0.000813281 0.00088778
0.000810148 0.000890625

0.000825 0.000876844
0.000822805 0.000878906

0.000819141 0.000882351
0.000816528 0.000884766

0.000813281 0.0008877
0.000816485 0.000884766

0.000819141 0.000882282
0.000822777 0.000878906

0.000783984 0.000913922
0.000783821 0.000914062

0.000783984 0.000913822
0.000789844 0.000908742

0.000801563 0.000898393
0.000797113 0.000902344

0.000795703 0.000903597
0.00079046 0.000908203

0.000789844 0.000908727
0.000790444 0.000908203

0.000795703 0.000903567
0.000797087 0.000902344

0.000778125 0.000918831
0.000783698 0.000914062

0.000807422 0.000893136
0.000803662 0.000896484

0.000801562 0.00089834
0.000803637 0.000896484

0.000807422 0.000893051
0.000810103 0.000890625

0.000660937 0.00100697
0.000659637 0.00100781

0.000643359 0.00101832
0.000641437 0.00101953

0.000643359 0.00101825
0.000649219 0.0010145

0.0006375 0.00102191
0.000641263 0.00101953

0.000655078 0.0010107
0.0006505 0.00101367

0.000649219 0.00101448
0.000650482 0.00101367

0.000655078 0.00101066
0.00065942 0.00100781

0.000660938 0.00100685
0.000666797 0.00100296

0.000672656 0.000999023
0.000668304 0.00100195

0.000666797 0.00100293
0.00066827 0.00100195

0.000678516 0.000995146
0.000677104 0.000996094

0.000678516 0.00099502
0.000684375 0.000990977

0.000672656 0.000998971
0.000676877 0.000996094

0.000696094 0.000982833
0.000693898 0.000984375

0.000696094 0.000982734
0.000701953 0.000978536

0.000707812 0.000974286
0.000701984 0.000978516

0.000701953 0.000978537
0.000701983 0.000978516

0.00073125 0.000956731
0.000725738 0.000960937

0.000713672 0.000970006
0.000710066 0.000972656

0.000719531 0.000965754
0.000718107 0.000966797

0.000713672 0.000969932
0.000717884 0.000966797

0.000707812 0.000974226
0.00070998 0.000972656

0.000719531 0.000965616
0.000725391 0.000961201

0.000725391 0.000961195
0.000725732 0.000960937

0.000690234 0.000986886
0.000685444 0.000990234

0.000684375 0.000990956
0.000685428 0.000990234

0.000690234 0.000986822
0.000693691 0.000984375

0.000742969 0.000947728
0.000741036 0.000949219

0.000737109 0.000952226
0.000733418 0.000955078

0.00073125 0.000956672
0.000733348 0.000955078

0.000737109 0.000952145
0.00074085 0.000949219

0.000748828 0.000943109
0.000748513 0.000943359

0.000742969 0.000947603
0.000748323 0.000943359

0.000748828 0.00094297
0.000754688 0.000938267

0.000754687 0.000938249
0.000755616 0.0009375

0.000860156 0.00084216
0.000858606 0.00084375

0.000871875 0.00082994
0.000869896 0.000832031

0.000866016 0.000836093
0.000864288 0.000837891

0.000860156 0.00084224
0.000864354 0.000837891

0.000866016 0.000836197
0.000869974 0.000832031

0.000907031 0.000791223
0.0009021 0.000796875

0.000912891 0.000784214
0.000912092 0.000785156

0.00091875 0.000777292
0.000917077 0.000779297

0.000912891 0.000784448
0.000917271 0.000779297

0.00091226 0.000785156
0.000907212 0.000791016

0.000907031 0.000791241
0.000907226 0.000791016

0.000883594 0.000817378
0.000880904 0.000820312

0.000895312 0.000804483
0.000891664 0.000808594

0.000889453 0.000810973
0.000886319 0.000814453

0.000883594 0.000817546
0.000886409 0.000814453

0.000889453 0.000811135
0.000891736 0.000808594

0.000877734 0.000823701
0.000875433 0.000826172

0.000871875 0.000830069
0.000875523 0.000826172

0.000877734 0.000823853
0.000881002 0.000820312

0.000901172 0.000797913
0.000896912 0.000802734

0.000895312 0.000804612
0.000896977 0.000802734

0.000901172 0.000797987
0.000902146 0.000796875

0.000836719 0.000865596
0.000835075 0.000867187

0.000848438 0.000854038
0.000847001 0.000855469

0.000842578 0.000859856
0.000841079 0.000861328

0.000836719 0.000865588
0.000841107 0.000861328

0.000842578 0.000859871
0.00084704 0.000855469

0.000830859 0.000871259
0.000828986 0.000873047

0.000825 0.000876791
0.000828978 0.000873047

0.000830859 0.000871228
0.000835087 0.000867187

0.000854297 0.00084814
0.000852843 0.000849609

0.000848437 0.000854076
0.00085289 0.000849609

0.000854297 0.000848199
0.00085866 0.00084375

0.000924609 0.000770325
0.000922065 0.000773437

0.000930469 0.000763299
0.000926975 0.000767578

0.000924609 0.000770643
0.000927095 0.000767578

0.000936328 0.000756092
0.000931791 0.000761719

0.000941184 0.00075
0.000936518 0.000755859

0.000936328 0.000756115
0.000936532 0.000755859

0.000930469 0.000763459
0.000931865 0.000761719

0.00091875 0.000777609
0.000922227 0.000773437

0.00120817 0
0.00120815 5.85937e-06

0.00120815 5.85938e-06
0.0012081 1.17187e-05

0.0012081 1.17187e-05
0.00120801 1.75781e-05

0.00120801 1.75781e-05
0.00120788 2.34375e-05

0.00120788 2.34375e-05
0.00120772 2.92969e-05

0.00120772 2.92969e-05
0.00120752 3.51562e-05

0.00120752 3.51562e-05
0.00120728 4.10156e-05

0.00120728 4.10156e-05
0.00120701 4.6875e-05

0.00120701 4.6875e-05
0.00120669 5.27344e-05

0.00120669 5.27344e-05
0.00120634 5.85937e-05

0.00120586 6.57531e-05
0.00120553 7.03125e-05

0.00120634 5.85937e-05
0.00120595 6.44531e-05

0.00120586 6.57558e-05
0.00120595 6.44531e-05

0.00120553 7.03125e-05
0.00120506 7.61719e-05

0.00120506 7.61719e-05
0.00120455 8.20312e-05

0.00120455 8.20312e-05
0.00120401 8.78906e-05

0.00120401 8.78906e-05
0.00120342 9.375e-05

0.00120342 9.375e-05
0.0012028 9.96094e-05

0.0012028 9.96094e-05
0.00120214 0.000105469

0.00120214 0.000105469
0.00120144 0.000111328

0.00120144 0.000111328
0.00120069 0.000117187

0.0012 0.000122346
0.00120069 0.000117187

