0.00391806 0
0.00391869 5.85937e-06

0.00391863 5.85938e-06
0.00391875 6.20887e-06

0.00391875 6.23804e-06
0.00392063 1.17187e-05

0.00392046 1.17187e-05
0.00392434 1.75781e-05

0.00392431 1.75781e-05
0.00392461 1.79234e-05

0.00392461 1.80295e-05
0.00393047 2.32797e-05

0.00393047 2.32713e-05
0.0039308 2.34375e-05

0.00393146 2.34375e-05
0.00393633 2.58523e-05

0.00393633 2.58099e-05
0.00394219 2.71148e-05

0.00395977 2.24448e-05
0.00395802 2.34375e-05

0.00396562 1.62694e-05
0.00396476 1.75781e-05

0.00395977 2.24513e-05
0.00396491 1.75781e-05

0.00394219 2.70944e-05
0.00394805 2.69989e-05

0.00394805 2.70397e-05
0.00395391 2.55032e-05

0.00395391 2.55557e-05
0.00395769 2.34375e-05

0.00397101 0
0.00397038 5.85937e-06

0.00397043 5.85938e-06
0.00396842 1.17187e-05

0.00396562 1.62938e-05
0.00396856 1.17187e-05

0.00445469 0
0.00445536 5.85937e-06

0.0044553 5.85938e-06
0.00445746 1.17187e-05

0.0044574 1.17187e-05
0.00445781 1.24027e-05

0.00445781 1.25106e-05
0.00446144 1.75781e-05

0.00446199 1.75781e-05
0.00446367 1.93249e-05

0.00446367 1.99739e-05
0.00446824 2.34375e-05

0.00446837 2.34375e-05
0.00446953 2.41598e-05

0.00446953 2.40551e-05
0.00447539 2.62186e-05

0.00447539 2.61525e-05
0.00448125 2.68164e-05

0.00449883 1.99043e-05
0.00449406 2.34375e-05

0.00450469 1.21252e-05
0.00450101 1.75781e-05

0.00449883 2.01094e-05
0.00450126 1.75781e-05

0.00448125 2.68181e-05
0.00448711 2.61112e-05

0.00448711 2.61798e-05
0.00449297 2.39613e-05

0.00449297 2.38826e-05
0.00449372 2.34375e-05

0.00450744 0
0.00450679 5.85937e-06

0.00450685 5.85938e-06
0.00450478 1.17187e-05

0.00450469 1.20584e-05
0.00450487 1.17187e-05

0.00460967 0
0.00461016 1.11052e-06

0.00461016 7.49064e-07
0.00461467 0

0.00462183 0
0.00462188 2.67216e-06

0.00462439 0
0.00462435 5.85937e-06

0.00462406 5.85938e-06
0.00462451 1.17187e-05

0.00462457 1.17187e-05
0.00462596 1.75781e-05

0.00462616 1.75781e-05
0.00462773 2.25469e-05

0.00462773 2.32928e-05
0.00462776 2.34375e-05

0.00463441 0
0.00463485 5.85937e-06

0.00463463 5.85938e-06
0.00463641 1.17187e-05

0.00463602 1.17187e-05
0.00463945 1.64393e-05

0.00463945 1.63487e-05
0.00464054 1.75781e-05

0.00464106 1.75781e-05
0.00464531 2.10473e-05

0.00462796 2.34375e-05
0.00463003 2.92969e-05

0.00463002 2.92969e-05
0.00463241 3.51562e-05

0.00463239 3.51562e-05
0.00463359 3.77029e-05

0.00463359 3.7719e-05
0.00463515 4.10156e-05

0.00463513 4.10156e-05
0.00463835 4.6875e-05

0.00464531 2.10313e-05
0.00464969 2.34375e-05

0.00464954 2.34375e-05
0.00465117 2.43162e-05

0.00465117 2.42698e-05
0.00465703 2.60601e-05

0.00465703 2.60428e-05
0.00466289 2.64397e-05

0.00466289 2.64486e-05
0.00466875 2.5469e-05

0.00463835 4.6875e-05
0.00463945 4.86393e-05

0.00463945 4.86326e-05
0.00464206 5.27344e-05

0.00464204 5.27344e-05
0.00464531 5.71768e-05

0.00464531 5.7214e-05
0.00464635 5.85937e-05

0.00464631 5.85937e-05
0.00465117 6.42378e-05

0.00465117 6.42595e-05
0.00465135 6.44531e-05

0.00465133 6.44531e-05
0.00465703 7.01044e-05

0.00465703 7.00986e-05
0.00465727 7.03125e-05

0.00465731 7.03125e-05
0.00466289 7.50342e-05

0.00466289 7.50527e-05
0.00466442 7.61719e-05

0.00466455 7.61719e-05
0.00466875 7.92155e-05

0.00467461 2.31678e-05
0.004674 2.34375e-05

0.00467461 2.3228e-05
0.00468047 1.83002e-05

0.00468633 8.00151e-06
0.00468499 1.17187e-05

0.00468771 0
0.00468704 5.85937e-06

0.00468633 8.02023e-06
0.00468711 5.85938e-06

0.0046852 1.17187e-05
0.00468109 1.75781e-05

0.00468047 1.82392e-05
0.00468107 1.75781e-05

0.00466875 2.55494e-05
0.00467351 2.34375e-05

0.00466875 7.92752e-05
0.00467327 8.20312e-05

0.00467334 8.20312e-05
0.00467461 8.27899e-05

0.00467461 8.27581e-05
0.00468047 8.57765e-05

0.00468047 8.58306e-05
0.00468525 8.78906e-05

0.0046853 8.78906e-05
0.00468633 8.83312e-05

0.00468633 8.82996e-05
0.00469219 9.03262e-05

0.00469219 9.03328e-05
0.00469805 9.195e-05

0.00469805 9.19506e-05
0.00470391 9.31442e-05

0.00470391 9.31519e-05
0.00470855 9.375e-05

0.0047332 9.29398e-05
0.00472741 9.375e-05

0.0047332 9.29532e-05
0.00473906 9.17318e-05

0.00473906 9.17404e-05
0.00474492 9.00732e-05

0.00474492 9.00716e-05
0.00475078 8.79444e-05

0.00475664 8.53476e-05
0.00475093 8.78906e-05

0.00475664 8.53619e-05
0.0047625 8.221e-05

0.00470857 9.375e-05
0.00470977 9.39045e-05

0.00470977 9.38845e-05
0.00471563 9.42276e-05

0.00471562 9.42335e-05
0.00472148 9.41963e-05

0.00472148 9.4198e-05
0.00472734 9.37653e-05

0.00472734 9.37534e-05
0.00472737 9.375e-05

0.00479993 0
0.00480026 5.85937e-06

0.00480038 5.85938e-06
0.0048011 1.17187e-05

0.00480128 1.17187e-05
0.0048018 1.75781e-05

0.00480182 1.75781e-05
0.00480176 2.34375e-05

0.00479766 4.25357e-05
0.00479589 4.6875e-05

0.00480172 2.34375e-05
0.0048011 2.92969e-05

0.00480111 2.92969e-05
0.00479997 3.51562e-05

0.00479999 3.51562e-05
0.00479827 4.10156e-05

0.00479766 4.25815e-05
0.00479829 4.10156e-05

0.00478008 6.87987e-05
0.00477849 7.03125e-05

0.00478594 6.23546e-05
0.00478419 6.44531e-05

0.00478008 6.87829e-05
0.00478417 6.44531e-05

0.00476836 7.84768e-05
0.00476281 8.20312e-05

0.00477422 7.41041e-05
0.0047715 7.61719e-05

0.00476836 7.84449e-05
0.00477142 7.61719e-05

0.0047625 8.2135e-05
0.00476267 8.20312e-05

0.00477422 7.40328e-05
0.00477844 7.03125e-05

0.0047918 5.42702e-05
0.00478893 5.85937e-05

0.00479591 4.6875e-05
0.0047928 5.27344e-05

0.0047918 5.43145e-05
0.0047928 5.27344e-05

0.00478594 6.23736e-05
0.00478893 5.85937e-05

0.00481731 0
0.00482109 5.20429e-06

0.00482109 4.84854e-06
0.00482695 8.46634e-07

0.00486308 0
0.00486311 5.85937e-06

0.00486229 5.85938e-06
0.00486404 1.17187e-05

0.00486397 1.17187e-05
0.00486797 1.65206e-05

0.00486797 1.59404e-05
0.00486984 1.75781e-05

0.00487005 1.75781e-05
0.00487383 2.04236e-05

0.00487383 2.02808e-05
0.00487873 2.34375e-05

0.00487866 2.34375e-05
0.00487969 2.40793e-05

0.00487969 2.40965e-05
0.00488555 2.74812e-05

0.00488555 2.74526e-05
0.00488917 2.92969e-05

0.00488917 2.92969e-05
0.00489141 3.0435e-05

0.00489141 3.04259e-05
0.00489727 3.30974e-05

0.00489727 3.30724e-05
0.00490229 3.51562e-05

0.00490229 3.51562e-05
0.00490312 3.55012e-05

0.00490312 3.55e-05
0.00490898 3.7742e-05

0.00490898 3.77376e-05
0.00491484 3.98049e-05

0.00491484 3.98009e-05
0.00491857 4.10156e-05

0.00491857 4.10156e-05
0.0049207 4.17104e-05

0.0049207 4.1709e-05
0.00492656 4.34717e-05

0.00492656 4.34713e-05
0.00493242 4.50909e-05

0.00493242 4.50917e-05
0.00493828 4.65674e-05

0.00493828 4.6567e-05
0.00493963 4.6875e-05

0.00493965 4.6875e-05
0.00494414 4.79006e-05

0.00494414 4.79016e-05
0.00495 4.91132e-05

0.00495 4.91124e-05
0.00495586 5.01988e-05

0.00495586 5.01976e-05
0.00496172 5.11631e-05

0.00496172 5.11616e-05
0.00496758 5.20118e-05

0.00496758 5.20144e-05
0.00497333 5.27344e-05

0.00497338 5.27344e-05
0.00497344 5.27414e-05

0.00497344 5.27395e-05
0.0049793 5.33658e-05

0.0049793 5.33677e-05
0.00498516 5.38989e-05

0.00498516 5.38977e-05
0.00499102 5.43322e-05

0.00499102 5.4331e-05
0.00499687 5.46735e-05

0.00499687 5.46724e-05
0.00500273 5.49275e-05

0.00500273 5.49263e-05
0.00500859 5.50985e-05

0.00500859 5.50972e-05
0.00501445 5.51916e-05

0.00501445 5.51902e-05
0.00502031 5.52123e-05

0.00502031 5.52109e-05
0.00502617 5.51663e-05

0.00502617 5.51649e-05
0.00503203 5.5059e-05

0.00503203 5.50576e-05
0.00503789 5.4896e-05

0.00503789 5.48945e-05
0.00504375 5.46828e-05

0.00504375 5.46813e-05
0.00504961 5.44252e-05

0.00504961 5.44237e-05
0.00505547 5.41291e-05

0.00505547 5.41276e-05
0.00506133 5.38005e-05

0.00506133 5.3799e-05
0.00506719 5.34455e-05

0.00506719 5.34442e-05
0.00507305 5.30699e-05

0.00507891 5.26774e-05
0.00507805 5.27344e-05

0.00507305 5.30684e-05
0.00507808 5.27344e-05

0.00507891 5.2675e-05
0.00508477 5.22825e-05

0.00508477 5.22835e-05
0.00509062 5.18934e-05

0.00509062 5.18918e-05
0.00509648 5.15054e-05

0.00509648 5.15039e-05
0.00510234 5.11272e-05

0.00510234 5.11259e-05
0.0051082 5.07644e-05

0.0051082 5.07632e-05
0.00511406 5.0422e-05

0.00511406 5.0421e-05
0.00511992 5.01046e-05

0.00511992 5.01037e-05
0.00512578 4.98158e-05

0.00512578 4.98152e-05
0.00513164 4.95589e-05

0.00513164 4.95583e-05
0.0051375 4.9336e-05

0.0051375 4.93356e-05
0.00514336 4.9149e-05

0.00514336 4.91487e-05
0.00514922 4.89992e-05

0.00514922 4.89991e-05
0.00515508 4.88872e-05

0.00515508 4.88873e-05
0.00516094 4.8813e-05

0.00516094 4.88132e-05
0.0051668 4.87761e-05

0.0051668 4.87764e-05
0.00517266 4.87752e-05

0.00517266 4.87756e-05
0.00517852 4.88088e-05

0.00517852 4.88093e-05
0.00518437 4.8875e-05

0.00518437 4.88756e-05
0.00519023 4.89716e-05

0.00519023 4.89723e-05
0.00519609 4.90961e-05

0.00519609 4.90968e-05
0.00520195 4.92458e-05

0.00520195 4.92465e-05
0.00520781 4.94177e-05

0.00520781 4.94185e-05
0.00521367 4.9609e-05

0.00521367 4.96096e-05
0.00521953 4.98165e-05

0.00521953 4.98173e-05
0.00522539 5.0038e-05

0.00522539 5.00389e-05
0.00523125 5.02699e-05

0.00523125 5.02707e-05
0.00523711 5.05087e-05

0.00523711 5.05095e-05
0.00524297 5.07514e-05

0.00524297 5.07521e-05
0.00524883 5.0995e-05

0.00524883 5.09957e-05
0.00525469 5.12368e-05

0.00525469 5.12374e-05
0.00526055 5.14739e-05

0.00526055 5.14745e-05
0.00526641 5.17038e-05

0.00526641 5.17044e-05
0.00527227 5.19243e-05

0.00527227 5.19248e-05
0.00527812 5.21329e-05

0.00527812 5.21332e-05
0.00528398 5.23279e-05

0.00528398 5.23279e-05
0.00528984 5.25087e-05

0.00528984 5.25103e-05
0.0052957 5.2674e-05

0.0052957 5.26755e-05
0.00529821 5.27344e-05

0.00529811 5.27344e-05
0.00530156 5.28153e-05

0.00530156 5.28127e-05
0.00530742 5.29219e-05

0.00530742 5.29213e-05
0.00531328 5.30067e-05

0.00531328 5.30066e-05
0.00531914 5.30696e-05

0.00531914 5.30695e-05
0.005325 5.31103e-05

0.005325 5.31101e-05
0.00533086 5.31296e-05

0.00533086 5.31292e-05
0.00533672 5.31283e-05

0.00533672 5.31279e-05
0.00534258 5.31081e-05

0.00534258 5.31077e-05
0.00534844 5.30707e-05

0.00534844 5.30702e-05
0.0053543 5.3018e-05

0.0053543 5.30175e-05
0.00536016 5.29522e-05

0.00536016 5.29519e-05
0.00536602 5.28751e-05

0.00536602 5.28757e-05
0.00537187 5.27871e-05

0.00537773 5.26839e-05
0.00537488 5.27344e-05

0.00537187 5.27888e-05
0.00537496 5.27344e-05

0.00537773 5.26799e-05
0.00538359 5.25687e-05

0.00538359 5.25681e-05
0.00538945 5.24599e-05

0.00538945 5.24593e-05
0.00539531 5.23565e-05

0.00539531 5.23556e-05
0.00540117 5.22613e-05

0.00540117 5.22603e-05
0.00540703 5.21784e-05

0.00540703 5.21773e-05
0.00541289 5.2112e-05

0.00541289 5.21109e-05
0.00541875 5.20664e-05

0.0054335 0
0.00543633 3.03437e-06

0.0054386 0
0.00544219 2.66451e-06

0.00544219 1.74647e-06
0.00544805 1.75181e-06

0.00544805 3.85427e-06
0.00545053 0

0.00546304 0
0.00546562 3.55558e-06

0.00541875 5.20654e-05
0.00542461 5.20459e-05

0.00542461 5.20448e-05
0.00543047 5.20546e-05

0.00543047 5.20535e-05
0.00543633 5.2097e-05

0.00543633 5.2096e-05
0.00544219 5.21773e-05

0.00544219 5.21762e-05
0.00544805 5.22992e-05

0.00544805 5.22981e-05
0.00545391 5.24673e-05

0.00545391 5.24683e-05
0.00545977 5.26843e-05

0.00545977 5.26851e-05
0.00546088 5.27344e-05

0.00546087 5.27344e-05
0.00546562 5.29441e-05

0.00546562 1.35379e-06
0.00547148 1.30277e-06

0.00547148 3.54274e-06
0.00547404 0

0.00548621 0
0.00548906 3.91028e-06

0.00548906 1.59332e-06
0.00549492 1.61249e-06

0.00549492 3.9155e-06
0.00549778 0

0.00546562 5.29422e-05
0.00547148 5.32448e-05

0.00547148 5.32446e-05
0.00547734 5.35952e-05

0.00547734 5.35956e-05
0.0054832 5.3994e-05

0.0054832 5.39949e-05
0.00548906 5.44384e-05

0.00548906 5.44395e-05
0.00549492 5.4924e-05

0.00549492 5.49254e-05
0.00550078 5.54457e-05

0.00550078 5.54473e-05
0.00550664 5.59974e-05

0.00550664 5.59991e-05
0.0055125 5.65722e-05

0.00554478 0
0.00554766 4.42691e-06

0.00554766 2.28582e-06
0.00555352 2.29038e-06

0.00555352 2.90324e-06
0.00555791 0

0.0055125 5.65741e-05
0.00551836 5.71629e-05

0.00551836 5.71645e-05
0.00552422 5.7762e-05

0.00552422 5.77654e-05
0.00553008 5.83613e-05

0.00553008 5.83709e-05
0.00553231 5.85937e-05

0.00553245 5.85937e-05
0.00553594 5.89422e-05

0.00553594 5.89481e-05
0.0055418 5.95184e-05

0.0055418 5.95206e-05
0.00554766 6.00708e-05

0.00554766 6.00723e-05
0.00555352 6.05949e-05

0.00555352 6.05965e-05
0.00555937 6.1085e-05

0.00555937 3.56138e-06
0.00556289 0

0.00555937 6.10864e-05
0.00556523 6.1535e-05

0.00556523 6.15364e-05
0.00557109 6.19396e-05

0.00557109 6.19409e-05
0.00557695 6.22937e-05

0.00557695 6.22948e-05
0.00558281 6.25925e-05

0.00558281 6.25935e-05
0.00558867 6.28317e-05

0.00558867 6.28327e-05
0.00559453 6.30074e-05

0.00559453 6.30083e-05
0.00560039 6.31159e-05

0.00560039 6.31166e-05
0.00560625 6.31539e-05

0.00560625 6.31546e-05
0.00561211 6.31188e-05

0.00561211 6.31193e-05
0.00561797 6.3008e-05

0.00561797 6.30084e-05
0.00562383 6.28195e-05

0.00562383 6.28199e-05
0.00562969 6.25518e-05

0.00562969 6.25521e-05
0.00563555 6.22033e-05

0.00563555 6.22036e-05
0.00564141 6.17728e-05

0.00564141 6.1773e-05
0.00564727 6.12592e-05

0.00564727 6.12594e-05
0.00565312 6.06618e-05

0.00565312 6.0662e-05
0.00565898 5.99794e-05

0.00565898 5.99794e-05
0.00566484 5.92113e-05

0.0056707 5.8345e-05
0.005669 5.85937e-05

0.0056707 5.83542e-05
0.00567656 5.74187e-05

0.00566484 5.92165e-05
0.00566911 5.85937e-05

0.00567656 5.74209e-05
0.00568242 5.64062e-05

0.00568242 5.64053e-05
0.00568828 5.5309e-05

0.00568828 5.53082e-05
0.00569414 5.41335e-05

0.00569414 5.41336e-05
0.0057 5.28817e-05

0.00452813 0.00214747
0.00452681 0.00215039

0.0045268 0.00215039
0.00452427 0.00215625

0.00455156 0.00210303
0.00455127 0.00210352

0.00455126 0.00210352
0.00454779 0.00210937

0.00456328 0.00208456
0.00456238 0.00208594

0.004575 0.00206764
0.00457449 0.00206836

0.00457447 0.00206836
0.00457032 0.00207422

0.00456914 0.00207593
0.00456629 0.00208008

0.00456328 0.00208456
0.00456628 0.00208008

0.00456914 0.00207594
0.00457031 0.00207422

0.00455742 0.00209358
0.00455485 0.00209766

0.00456236 0.00208594
0.00455854 0.0020918

0.00455742 0.00209357
0.00455854 0.0020918

0.00455156 0.00210302
0.00455484 0.00209766

0.00453984 0.00212366
0.00453809 0.00212695

0.00453808 0.00212695
0.00453508 0.00213281

0.0045457 0.00211303
0.00454444 0.00211523

0.00454443 0.00211523
0.0045412 0.00212109

0.0045457 0.00211302
0.00454779 0.00210937

0.00453984 0.00212365
0.0045412 0.00212109

0.00453398 0.00213506
0.00453221 0.00213867

0.0045322 0.00213867
0.00452944 0.00214453

0.00453398 0.00213505
0.00453509 0.00213281

0.00452812 0.00214746
0.00452944 0.00214453

0.00451641 0.00217663
0.00451533 0.00217969

0.00452227 0.00216115
0.00452187 0.00216211

0.00452186 0.00216211
0.00451956 0.00216797

0.00452227 0.00216113
0.00452427 0.00215625

0.00451956 0.00216797
0.00451738 0.00217383

0.00451641 0.00217662
0.00451739 0.00217383

0.00451532 0.00217969
0.00451336 0.00218555

0.00451336 0.00218555
0.00451152 0.00219141

0.00451055 0.00219476
0.00450981 0.00219727

0.0045098 0.00219727
0.00450818 0.00220312

0.00451055 0.00219476
0.00451153 0.00219141

0.00450469 0.00221759
0.00450401 0.0022207

0.004504 0.0022207
0.00450282 0.00222656

0.00450282 0.00222656
0.00450175 0.00223242

0.00450175 0.00223242
0.00450079 0.00223828

0.00450079 0.00223828
0.00449995 0.00224414

0.00449995 0.00224414
0.00449922 0.00225

0.00450818 0.00220312
0.00450667 0.00220898

0.00450667 0.00220898
0.00450528 0.00221484

0.00450469 0.00221759
0.00450529 0.00221484

0.00483867 0.00187451
0.00483731 0.001875

0.00483867 0.00187451
0.00484453 0.00187243

0.00484453 0.00187242
0.00485039 0.00187033

0.00485625 0.00186827
0.00485379 0.00186914

0.00485039 0.00187032
0.00485373 0.00186914

0.00485625 0.00186827
0.00486211 0.00186619

0.00486211 0.00186618
0.00486797 0.00186409

0.00487383 0.00186201
0.00487026 0.00186328

0.00487383 0.00186201
0.00487969 0.00185989

0.00486797 0.00186408
0.00487022 0.00186328

0.00490312 0.00185122
0.00490222 0.00185156

0.00487969 0.00185988
0.00488555 0.00185774

0.00489141 0.00185561
0.00488647 0.00185742

0.00488555 0.00185774
0.00488643 0.00185742

0.00489141 0.00185561
0.00489727 0.00185342

0.00489727 0.00185341
0.00490218 0.00185156

0.00490312 0.00185122
0.00490898 0.00184899

0.00490898 0.00184898
0.00491484 0.0018467

0.0049207 0.00184441
0.00491741 0.0018457

0.00491484 0.0018467
0.00491738 0.0018457

0.0049207 0.00184441
0.00492656 0.00184207

0.00493242 0.00183969
0.00493205 0.00183984

0.00493242 0.0018397
0.00493828 0.00183729

0.00492656 0.00184206
0.00493202 0.00183984

0.00493828 0.00183727
0.00494414 0.00183482

0.00495 0.00183235
0.00494614 0.00183398

0.00494414 0.00183482
0.0049461 0.00183398

0.00466875 0.00196455
0.00466386 0.00196875

0.00462188 0.00200995
0.00461675 0.00201563

0.00459844 0.0020371
0.00459686 0.00203906

0.00458086 0.00205962
0.00457874 0.0020625

0.00458672 0.00205189
0.00458309 0.00205664

0.00458086 0.00205964
0.00458308 0.00205664

0.00459258 0.0020444
0.00459216 0.00204492

0.00459214 0.00204492
0.00458756 0.00205078

0.00459258 0.00204437
0.00459683 0.00203906

0.00458672 0.00205189
0.00458756 0.00205078

0.00461016 0.00202314
0.00460656 0.00202734

0.0046043 0.00203
0.00460166 0.0020332

0.00459844 0.0020371
0.00460162 0.0020332

0.0046043 0.00203003
0.00460654 0.00202734

0.00461602 0.00201646
0.00461159 0.00202148

0.00461016 0.00202314
0.00461159 0.00202148

0.00461602 0.00201645
0.00461675 0.00201562

0.00463945 0.00199158
0.00463884 0.00199219

0.00464531 0.00198581
0.00464478 0.00198633

0.00463945 0.00199155
0.00464476 0.00198633

0.00462773 0.00200366
0.0046275 0.00200391

0.00463359 0.00199753
0.00463309 0.00199805

0.00462773 0.00200363
0.00463306 0.00199805

0.00462748 0.00200391
0.00462204 0.00200977

0.00462187 0.00200995
0.00462204 0.00200977

0.00463359 0.0019975
0.00463882 0.00199219

0.00465117 0.00198023
0.00465092 0.00198047

0.00465117 0.00198021
0.00465703 0.0019748

0.00464531 0.00198579
0.00465089 0.00198047

0.00466289 0.00196958
0.00465725 0.00197461

0.00465703 0.0019748
0.00465724 0.00197461

0.00466289 0.00196958
0.00466385 0.00196875

0.00468047 0.00195502
0.0046779 0.00195703

0.00467461 0.00195969
0.00467074 0.00196289

0.00466875 0.00196453
0.00467073 0.00196289

0.00467461 0.00195966
0.00467791 0.00195703

0.00468633 0.0019505
0.00468544 0.00195117

0.00468047 0.00195498
0.00468539 0.00195117

0.00468633 0.00195046
0.00469219 0.0019461

0.00469805 0.00194191
0.0046933 0.00194531

0.00470391 0.0019379
0.00470164 0.00193945

0.00469805 0.0019419
0.00470158 0.00193945

0.00471563 0.00193025
0.00471038 0.00193359

0.00470391 0.00193785
0.00470977 0.00193397

0.00470977 0.00193396
0.00471036 0.00193359

0.00469219 0.00194609
0.00469328 0.00194531

0.0047332 0.00191985
0.00472965 0.00192187

0.0047332 0.00191981
0.00473906 0.0019166

0.00474492 0.00191352
0.00474022 0.00191602

0.00473906 0.0019166
0.00474016 0.00191602

0.00474492 0.00191349
0.00475078 0.0019105

0.00475664 0.00190764
0.00475155 0.00191016

0.00475664 0.00190761
0.0047625 0.00190482

0.00475078 0.00191051
0.00475149 0.00191016

0.00472148 0.00192667
0.00471975 0.00192773

0.00471562 0.00193022
0.00471967 0.00192773

0.00472148 0.00192663
0.00472734 0.00192316

0.00472734 0.00192315
0.00472958 0.00192187

0.004575 0.00206762
0.00457872 0.0020625

0.00478008 0.00189699
0.00477674 0.00189844

0.00478008 0.00189698
0.00478594 0.00189451

0.00476836 0.00190215
0.0047637 0.0019043

0.0047625 0.00190482
0.00476364 0.0019043

0.00476836 0.00190213
0.00477422 0.0018995

0.00477422 0.0018995
0.00477667 0.00189844

0.0047918 0.00189213
0.00479069 0.00189258

0.00478594 0.00189449
0.0047906 0.00189258

0.0047918 0.00189212
0.00479766 0.00188977

0.00480937 0.00188524
0.0048055 0.00188672

0.00479766 0.00188975
0.00480352 0.00188745

0.00480352 0.00188745
0.00480544 0.00188672

0.00480937 0.00188524
0.00481523 0.00188303

0.00481523 0.00188301
0.00482104 0.00188086

0.00482695 0.00187873
0.0048211 0.00188086

0.00482695 0.00187872
0.00483281 0.0018766

0.00483281 0.00187658
0.00483724 0.001875

0.00449883 0.00225362
0.00449859 0.00225586

0.00449859 0.00225586
0.00449807 0.00226172

0.00449883 0.00225363
0.00449922 0.00225

0.00449807 0.00226172
0.00449767 0.00226758

0.00449767 0.00226758
0.00449738 0.00227344

0.00449737 0.00227344
0.0044972 0.0022793

0.0044972 0.0022793
0.00449714 0.00228516

0.00449714 0.00228516
0.0044972 0.00229102

0.0044972 0.00229102
0.00449738 0.00229687

0.00449737 0.00229687
0.00449768 0.00230273

0.00449767 0.00230273
0.0044981 0.00230859

0.0044981 0.00230859
0.00449865 0.00231445

0.00449865 0.00231445
0.00449883 0.002316

0.00449883 0.00231601
0.00449933 0.00232031

0.00449933 0.00232031
0.00450016 0.00232617

0.00450016 0.00232617
0.00450113 0.00233203

0.00450113 0.00233203
0.00450225 0.00233789

0.00450225 0.00233789
0.0045035 0.00234375

0.00450349 0.00234375
0.00450469 0.00234865

0.00450469 0.00234867
0.00450492 0.00234961

0.00450492 0.00234961
0.00450654 0.00235547

0.00450655 0.00235547
0.00450832 0.00236133

0.00450831 0.00236133
0.00451027 0.00236719

0.00451026 0.00236719
0.00451055 0.00236796

0.00451055 0.00236795
0.00451245 0.00237305

0.00451246 0.00237305
0.00451484 0.00237891

0.00451481 0.00237891
0.00451641 0.00238246

0.00451641 0.00238246
0.00451744 0.00238477

0.00451746 0.00238477
0.00452034 0.00239062

0.0045203 0.00239062
0.00452227 0.00239429

0.00452227 0.00239428
0.00452345 0.00239648

0.00452347 0.00239648
0.00452691 0.00240234

0.00452687 0.00240234
0.00452813 0.00240431

0.00452812 0.00240427
0.00453065 0.0024082

0.00453064 0.0024082
0.00453398 0.00241294

0.00453398 0.00241294
0.00453478 0.00241406

0.00453477 0.00241406
0.0045393 0.00241992

0.0045393 0.00241992
0.00453984 0.00242059

0.00453984 0.0024206
0.00454424 0.00242578

0.00454427 0.00242578
0.0045457 0.00242737

0.0045457 0.00242736
0.0045497 0.00243164

0.00454976 0.00243164
0.00455156 0.00243345

0.00455156 0.00243351
0.00455582 0.0024375

0.00455585 0.0024375
0.00455742 0.00243893

0.00455742 0.00243899
0.00456255 0.00244336

0.0045626 0.00244336
0.00456328 0.00244391

0.00456328 0.00244396
0.00456914 0.00244849

0.00456914 0.00244851
0.00457015 0.00244922

0.00457022 0.00244922
0.004575 0.00245259

0.004575 0.00245263
0.00457882 0.00245508

0.00457894 0.00245508
0.00458086 0.0024563

0.00458086 0.00245634
0.00458672 0.00245976

0.00458672 0.0024598
0.00458886 0.00246094

0.00458897 0.00246094
0.00459258 0.00246285

0.00459258 0.00246287
0.00459844 0.0024657

0.00459844 0.00246572
0.0046009 0.0024668

0.00460101 0.0024668
0.0046043 0.00246823

0.0046043 0.00246824
0.00461016 0.00247056

0.00461016 0.00247057
0.00461602 0.00247265

0.00461602 0.00247265
0.00461604 0.00247266

0.00461609 0.00247266
0.00462188 0.00247448

0.00462187 0.00247448
0.00462773 0.00247614

0.00462773 0.00247615
0.00463359 0.00247761

0.00463359 0.00247761
0.0046378 0.00247852

0.00463792 0.00247852
0.00463945 0.00247884

0.00463945 0.00247885
0.00464531 0.00247992

0.00464531 0.00247993
0.00465117 0.00248084

0.00465117 0.00248084
0.00465703 0.0024816

0.00465703 0.0024816
0.00466289 0.0024822

0.00466289 0.0024822
0.00466875 0.00248264

0.00466875 0.00248264
0.00467461 0.00248294

0.00467461 0.00248294
0.00468047 0.0024831

0.00468047 0.0024831
0.00468633 0.00248312

0.00468633 0.00248312
0.00469219 0.00248301

0.00469219 0.00248301
0.00469805 0.00248278

0.00469805 0.00248278
0.00470391 0.00248242

0.00470391 0.00248242
0.00470977 0.00248195

0.00470977 0.00248194
0.00471563 0.00248135

0.00471562 0.00248135
0.00472148 0.00248064

0.00472148 0.00248064
0.00472734 0.00247982

0.00472734 0.00247983
0.0047332 0.0024789

0.00473906 0.00247785
0.00473531 0.00247852

0.0047332 0.0024789
0.00473536 0.00247852

0.00473906 0.00247785
0.00474492 0.0024767

0.00474492 0.0024767
0.00475078 0.00247544

0.0047625 0.00247259
0.00476223 0.00247266

0.00475078 0.00247544
0.00475664 0.00247408

0.00475664 0.00247408
0.00476234 0.00247266

0.00485625 0.00243688
0.00485489 0.0024375

0.00485625 0.00243688
0.00486211 0.00243422

0.00486797 0.00243154
0.00486776 0.00243164

0.00486211 0.00243422
0.00486778 0.00243164

0.00486797 0.00243155
0.00487383 0.0024289

0.00487383 0.0024289
0.00487969 0.00242628

0.00488555 0.00242367
0.00488079 0.00242578

0.00488555 0.00242367
0.00489141 0.00242109

0.00487969 0.00242628
0.0048808 0.00242578

0.00489727 0.00241852
0.00489405 0.00241992

0.00489141 0.00242109
0.00489408 0.00241992

0.00489727 0.00241852
0.00490312 0.00241597

0.00490898 0.00241341
0.00490749 0.00241406

0.00490898 0.00241342
0.00491484 0.00241087

0.00491484 0.00241089
0.0049207 0.00240831

0.00492656 0.0024057
0.00492093 0.0024082

0.0049207 0.00240831
0.00492095 0.0024082

0.00490312 0.00241598
0.00490753 0.00241406

0.00493828 0.00240033
0.00493394 0.00240234

0.00492656 0.00240571
0.00493242 0.00240306

0.00493242 0.00240306
0.00493397 0.00240234

0.00493828 0.00240034
0.00494414 0.00239754

0.00495 0.00239463
0.00494625 0.00239648

0.00494414 0.00239755
0.00494629 0.00239648

0.0047625 0.00247261
0.00476836 0.00247103

0.00476836 0.00247103
0.00477422 0.00246936

0.00477422 0.00246936
0.00478008 0.00246758

0.00478594 0.0024657
0.00478252 0.0024668

0.00478008 0.00246759
0.00478256 0.0024668

0.00480352 0.00245947
0.00479957 0.00246094

0.00480352 0.00245947
0.00480937 0.00245722

0.00478594 0.0024657
0.0047918 0.00246372

0.0047918 0.00246372
0.00479766 0.00246165

0.00479766 0.00246166
0.00479959 0.00246094

0.00481523 0.00245486
0.0048147 0.00245508

0.00480937 0.00245722
0.00481474 0.00245508

0.00481523 0.00245487
0.00482109 0.00245246

0.00483281 0.00244743
0.00482868 0.00244922

0.00482109 0.00245246
0.00482695 0.00244997

0.00482695 0.00244998
0.0048287 0.00244922

0.00483281 0.00244742
0.00483867 0.00244484

0.00484453 0.0024422
0.00484195 0.00244336

0.00483867 0.00244484
0.00484197 0.00244336

0.00484453 0.0024422
0.00485039 0.00243955

0.00485039 0.00243955
0.00485491 0.0024375

0.00496172 0.00182726
0.00495974 0.00182812

0.00496172 0.00182726
0.00496758 0.00182466

0.00497344 0.00182203
0.00497292 0.00182227

0.00496758 0.00182465
0.00497289 0.00182227

0.00497344 0.00182204
0.0049793 0.00181937

0.0049793 0.00181935
0.00498516 0.00181666

0.00499102 0.00181396
0.00498574 0.00181641

0.00499102 0.00181394
0.00499687 0.00181118

0.00498516 0.00181666
0.0049857 0.00181641

0.00495 0.00183234
0.00495586 0.00182982

0.00495586 0.00182981
0.00495971 0.00182812

0.00501445 0.0018028
0.00501054 0.00180469

0.00501445 0.00180279
0.00502031 0.00179995

0.00500273 0.00180843
0.00499826 0.00181055

0.00499687 0.00181118
0.00499821 0.00181055

0.00500273 0.00180841
0.00500859 0.00180561

0.00500859 0.0018056
0.00501049 0.00180469

0.00502617 0.00179711
0.00502265 0.00179883

0.00502031 0.00179994
0.00502259 0.00179883

0.00502617 0.00179709
0.00503203 0.00179423

0.00503789 0.00179137
0.00503463 0.00179297

0.00503789 0.00179135
0.00504375 0.00178847

0.00503203 0.00179421
0.00503456 0.00179297

0.00506133 0.00177982
0.00505843 0.00178125

0.00506133 0.0017798
0.00506719 0.00177692

0.00507305 0.00177406
0.00507033 0.00177539

0.00506719 0.00177689
0.00507025 0.00177539

0.00507305 0.00177404
0.00507891 0.00177117

0.00508477 0.00176834
0.00508232 0.00176953

0.00508477 0.00176832
0.00509062 0.00176548

0.00507891 0.00177115
0.00508222 0.00176953

0.0051082 0.0017571
0.0051067 0.00175781

0.0051082 0.00175709
0.00511406 0.00175433

0.00509648 0.00176268
0.00509442 0.00176367

0.00509062 0.00176545
0.00509432 0.00176367

0.00509648 0.00176266
0.00510234 0.00175986

0.00510234 0.00175982
0.00510659 0.00175781

0.00511992 0.00175162
0.00511921 0.00175195

0.00511406 0.00175429
0.0051191 0.00175195

0.00511992 0.00175162
0.00512578 0.00174892

0.0051375 0.00174365
0.00513202 0.00174609

0.00512578 0.00174888
0.00513164 0.00174622

0.00513164 0.00174621
0.00513191 0.00174609

0.00504961 0.0017856
0.00504654 0.00178711

0.00504375 0.00178845
0.00504647 0.00178711

0.00504961 0.00178558
0.00505547 0.00178269

0.00505547 0.00178267
0.00505835 0.00178125

0.00516094 0.0017336
0.00515907 0.00173437

0.00516094 0.0017336
0.0051668 0.0017312

0.0051668 0.00173116
0.00517266 0.00172882

0.00517852 0.00172661
0.00517355 0.00172852

0.00517266 0.00172881
0.00517343 0.00172852

0.00517852 0.0017266
0.00518437 0.00172438

0.0051375 0.00174361
0.00514336 0.00174103

0.00514922 0.00173853
0.00514526 0.00174023

0.00514336 0.001741
0.00514514 0.00174023

0.00514922 0.00173851
0.00515508 0.00173602

0.00515508 0.00173598
0.00515894 0.00173437

0.00519023 0.00172227
0.00518918 0.00172266

0.00519023 0.00172225
0.00519609 0.0017202

0.00518437 0.00172434
0.005189 0.00172266

0.00519609 0.00172019
0.00520195 0.00171818

0.00520781 0.0017163
0.00520629 0.0017168

0.00520195 0.00171814
0.0052061 0.0017168

0.00523125 0.00170953
0.00522584 0.00171094

0.00520781 0.00171628
0.00521367 0.00171447

0.00521367 0.00171448
0.00521953 0.00171271

0.00521953 0.00171267
0.00522539 0.00171102

0.00522539 0.00171102
0.00522571 0.00171094

0.00523125 0.00170952
0.00523711 0.00170807

0.00523711 0.00170807
0.00524297 0.0017067

0.00524297 0.00170667
0.00524883 0.00170542

0.00525469 0.00170433
0.00525074 0.00170508

0.00524883 0.00170541
0.00525059 0.00170508

0.00525469 0.00170432
0.00526055 0.00170331

0.00526055 0.00170331
0.00526641 0.0017024

0.00526641 0.00170239
0.00527227 0.00170159

0.00527227 0.00170159
0.00527812 0.00170091

0.00527812 0.00170091
0.00528398 0.00170034

0.00528398 0.00170034
0.00528984 0.00169989

0.00528984 0.00169988
0.0052957 0.00169956

0.0052957 0.00169955
0.00530156 0.00169938

0.00530156 0.00169939
0.00530742 0.00169937

0.00530742 0.00169937
0.00531328 0.00169949

0.00531328 0.00169949
0.00531914 0.00169973

0.00531914 0.00169973
0.005325 0.0017001

0.005325 0.00170009
0.00533086 0.00170059

0.00533086 0.00170059
0.00533672 0.00170122

0.00533672 0.00170122
0.00534258 0.00170201

0.00534258 0.00170201
0.00534844 0.00170295

0.00534844 0.00170295
0.0053543 0.00170405

0.0053543 0.00170404
0.00535908 0.00170508

0.00535902 0.00170508
0.00536016 0.00170532

0.00536016 0.00170532
0.00536602 0.00170674

0.00536602 0.00170673
0.00537187 0.00170829

0.00537187 0.00170829
0.00537773 0.00171002

0.00537773 0.00171001
0.00538059 0.00171094

0.0053805 0.00171094
0.00538359 0.00171195

0.00538359 0.00171194
0.00538945 0.00171401

0.00538945 0.00171401
0.00539531 0.00171626

0.00539531 0.00171625
0.00539661 0.0017168

0.00539656 0.0017168
0.00540117 0.00171872

0.00540117 0.00171871
0.00540703 0.00172133

0.00540703 0.00172131
0.00540983 0.00172266

0.00540976 0.00172266
0.00541289 0.00172416

0.00541289 0.00172415
0.00541875 0.00172717

0.00541875 0.00172715
0.00542124 0.00172852

0.00542119 0.00172852
0.00542461 0.00173039

0.00542461 0.00173038
0.00543047 0.00173382

0.00543047 0.00173382
0.00543137 0.00173437

0.00543135 0.00173437
0.00543633 0.00173749

0.00543633 0.00173746
0.00544049 0.00174023

0.00544043 0.00174023
0.00544219 0.0017414

0.00544219 0.00174138
0.00544805 0.00174553

0.00544805 0.00174553
0.00544882 0.00174609

0.0054488 0.00174609
0.00545391 0.00174994

0.00545391 0.00174996
0.00545648 0.00175195

0.00545641 0.00175195
0.00545977 0.00175463

0.00545977 0.00175464
0.00546355 0.00175781

0.0054635 0.00175781
0.00546562 0.00175964

0.00546562 0.00175962
0.00547014 0.00176367

0.00547011 0.00176367
0.00547148 0.00176494

0.00547148 0.00176494
0.00547629 0.00176953

0.00547627 0.00176953
0.00547734 0.00177059

0.00547734 0.00177057
0.00548204 0.00177539

0.00548204 0.00177539
0.0054832 0.00177663

0.0054832 0.00177661
0.00548745 0.00178125

0.00548746 0.00178125
0.00548906 0.00178307

0.00548906 0.00178307
0.00549253 0.00178711

0.00549257 0.00178711
0.00549492 0.00179001

0.00549492 0.00178997
0.00549732 0.00179297

0.00549735 0.00179297
0.00550078 0.00179741

0.00550078 0.00179739
0.00550186 0.00179883

0.00550187 0.00179883
0.00550615 0.00180469

0.00550617 0.00180469
0.00550664 0.00180537

0.00550664 0.0018054
0.00551019 0.00181055

0.00551019 0.00181055
0.0055125 0.0018141

0.0055125 0.0018141
0.00551399 0.00181641

0.005514 0.00181641
0.0055176 0.00182227

0.00551761 0.00182227
0.00551836 0.00182355

0.00551836 0.00182357
0.00552101 0.00182812

0.00552101 0.00182812
0.00552422 0.00183396

0.00552422 0.00183396
0.00552423 0.00183398

0.00552423 0.00183398
0.00552728 0.00183984

0.00552727 0.00183984
0.00553008 0.00184556

0.00553008 0.00184556
0.00553015 0.0018457

0.00553014 0.0018457
0.00553285 0.00185156

0.00553285 0.00185156
0.00553541 0.00185742

0.00553541 0.00185742
0.00553594 0.00185871

0.00553594 0.00185873
0.0055378 0.00186328

0.0055378 0.00186328
0.00554006 0.00186914

0.00554006 0.00186914
0.0055418 0.00187396

0.0055418 0.00187396
0.00554217 0.001875

0.00544219 0.00224888
0.00544094 0.00225

0.00546562 0.00222542
0.00546459 0.00222656

0.00545391 0.00223772
0.00545334 0.00223828

0.00544805 0.00224344
0.0054473 0.00224414

0.00544219 0.00224891
0.00544734 0.00224414

0.00544805 0.00224347
0.00545339 0.00223828

0.00545977 0.00223172
0.0054591 0.00223242

0.00545391 0.00223777
0.00545914 0.00223242

0.00545977 0.00223176
0.00546463 0.00222656

0.00548906 0.00219672
0.00548867 0.00219727

0.0054887 0.00219727
0.00548428 0.00220312

0.0055125 0.00216055
0.00551162 0.00216211

0.00551165 0.00216211
0.00550821 0.00216797

0.00550664 0.0021705
0.00550461 0.00217383

0.00550463 0.00217383
0.00550089 0.00217969

0.00550664 0.00217053
0.0055082 0.00216797

0.00549492 0.00218851
0.00549291 0.00219141

0.00550078 0.00217984
0.00549698 0.00218555

0.00549492 0.00218854
0.00549699 0.00218555

0.00548906 0.00219677
0.00549293 0.00219141

0.00550078 0.00217984
0.00550088 0.00217969

0.00547734 0.0022118
0.00547488 0.00221484

0.00547148 0.00221879
0.00546984 0.0022207

0.00546562 0.00222546
0.00546987 0.0022207

0.00547148 0.00221884
0.00547487 0.00221484

0.0054832 0.00220449
0.00547967 0.00220898

0.00547734 0.00221188
0.00547966 0.00220898

0.0054832 0.00220452
0.00548428 0.00220312

0.00554217 0.001875
0.00554415 0.00188086

0.00554415 0.00188086
0.005546 0.00188672

0.005546 0.00188672
0.00554766 0.00189238

0.00554766 0.00189238
0.00554772 0.00189258

0.00554771 0.00189258
0.00554931 0.00189844

0.00554931 0.00189844
0.00555078 0.0019043

0.00555078 0.0019043
0.00555213 0.00191016

0.00555213 0.00191016
0.00555337 0.00191602

0.00555337 0.00191602
0.00555352 0.00191677

0.00555352 0.00191678
0.00555449 0.00192187

0.00555449 0.00192187
0.00555551 0.00192773

0.00555551 0.00192773
0.00555641 0.00193359

0.00555641 0.00193359
0.00555721 0.00193945

0.00555721 0.00193945
0.0055579 0.00194531

0.0055579 0.00194531
0.00555848 0.00195117

0.00555848 0.00195117
0.00555896 0.00195703

0.00555896 0.00195703
0.00555935 0.00196289

0.00555935 0.00196289
0.00555937 0.00196351

0.00555937 0.00196351
0.00555963 0.00196875

0.00555937 0.00200106
0.00555922 0.00200391

0.00555922 0.00200391
0.00555881 0.00200977

0.00555881 0.00200977
0.00555831 0.00201563

0.00555831 0.00201562
0.0055577 0.00202148

0.0055577 0.00202148
0.005557 0.00202734

0.005557 0.00202734
0.0055562 0.0020332

0.0055562 0.0020332
0.00555531 0.00203906

0.00555352 0.00204915
0.00555321 0.00205078

0.00555531 0.00203906
0.00555431 0.00204492

0.00555352 0.00204916
0.00555431 0.00204492

0.00555321 0.00205078
0.00555202 0.00205664

0.00555202 0.00205664
0.00555072 0.0020625

0.00555962 0.00196875
0.0055598 0.00197461

0.0055598 0.00197461
0.00555988 0.00198047

0.00555988 0.00198047
0.00555987 0.00198633

0.00555987 0.00198633
0.00555975 0.00199219

0.00555975 0.00199219
0.00555954 0.00199805

0.00555937 0.00200105
0.00555953 0.00199805

0.00554766 0.00207479
0.00554621 0.00208008

0.00554622 0.00208008
0.0055445 0.00208594

0.00555072 0.0020625
0.00554932 0.00206836

0.00554932 0.00206836
0.00554781 0.00207422

0.00554766 0.00207479
0.00554781 0.00207422

0.0055418 0.00209444
0.00554074 0.00209766

0.0055445 0.00208594
0.00554267 0.0020918

0.0055418 0.00209444
0.00554267 0.0020918

0.00554075 0.00209766
0.00553871 0.00210352

0.00553871 0.00210352
0.00553654 0.00210937

0.00553594 0.00211092
0.00553427 0.00211523

0.00553428 0.00211523
0.00553189 0.00212109

0.00553008 0.00212529
0.00552937 0.00212695

0.00552938 0.00212695
0.00552675 0.00213281

0.00553008 0.0021253
0.00553188 0.00212109

0.00552422 0.00213815
0.00552398 0.00213867

0.00552399 0.00213867
0.0055211 0.00214453

0.00551836 0.00214983
0.00551807 0.00215039

0.00551809 0.00215039
0.00551493 0.00215625

0.00551836 0.00214986
0.00552111 0.00214453

0.00552422 0.00213818
0.00552675 0.00213281

0.00553594 0.00211092
0.00553654 0.00210937

0.0055125 0.00216058
0.00551493 0.00215625

0.00502617 0.00234034
0.00502252 0.00234375

0.00503203 0.00233471
0.0050287 0.00233789

0.00502617 0.00234032
0.00502872 0.00233789

0.00503789 0.00232907
0.00503478 0.00233203

0.00504375 0.00232354
0.00504091 0.00232617

0.00503789 0.00232903
0.00504093 0.00232617

0.00503203 0.00233469
0.0050348 0.00233203

0.00496172 0.00238845
0.00495769 0.00239062

0.00496172 0.00238848
0.00496758 0.00238516

0.00497344 0.00238166
0.00496822 0.00238477

0.00496758 0.00238516
0.00496825 0.00238477

0.00499687 0.00236566
0.00499479 0.00236719

0.0049793 0.00237797
0.0049778 0.00237891

0.0049793 0.00237801
0.00498516 0.00237412

0.00497344 0.00238169
0.00497787 0.00237891

0.00499102 0.00237001
0.00498668 0.00237305

0.00498516 0.00237411
0.00498673 0.00237305

0.00499102 0.00237002
0.00499485 0.00236719

0.00495 0.00239465
0.00495586 0.00239162

0.00495586 0.00239163
0.00495773 0.00239062

0.00500273 0.00236106
0.00500239 0.00236133

0.00499687 0.00236568
0.00500244 0.00236133

0.00500273 0.00236109
0.00500859 0.00235624

0.00501445 0.00235116
0.00500948 0.00235547

0.00502031 0.00234585
0.00501614 0.00234961

0.00501445 0.00235115
0.00501618 0.00234961

0.00500859 0.00235624
0.0050095 0.00235547

0.00502031 0.00234583
0.00502255 0.00234375

0.00504961 0.00231831
0.0050473 0.00232031

0.00505547 0.00231351
0.00505426 0.00231445

0.00504961 0.00231822
0.00505422 0.00231445

0.00506719 0.00230561
0.00506233 0.00230859

0.00505547 0.00231341
0.00506133 0.0023092

0.00506133 0.00230917
0.00506227 0.00230859

0.00504375 0.00232348
0.00504732 0.00232031

0.00507305 0.00230272
0.00507302 0.00230273

0.00506719 0.00230557
0.00507284 0.00230273

0.00507305 0.00230266
0.00507891 0.00230041

0.00507891 0.00230042
0.00508477 0.00229878

0.00508477 0.00229879
0.00509062 0.00229772

0.00509062 0.00229773
0.00509648 0.0022972

0.00509648 0.00229722
0.00510234 0.00229715

0.00510234 0.00229717
0.0051082 0.00229749

0.0051082 0.0022975
0.00511406 0.00229813

0.00511406 0.00229814
0.00511992 0.00229902

0.00511992 0.00229903
0.00512578 0.0023001

0.00512578 0.00230011
0.00513164 0.00230133

0.00513164 0.00230134
0.0051375 0.00230268

0.0051375 0.00230268
0.00513774 0.00230273

0.00513768 0.00230273
0.00514336 0.00230411

0.00514336 0.00230412
0.00514922 0.00230558

0.00514922 0.00230558
0.00515508 0.00230706

0.00515508 0.00230706
0.00516094 0.00230853

0.00516094 0.00230853
0.00516118 0.00230859

0.00516115 0.00230859
0.0051668 0.00230999

0.0051668 0.00230999
0.00517266 0.0023114

0.00517266 0.0023114
0.00517852 0.00231275

0.00517852 0.00231276
0.00518437 0.00231405

0.00518437 0.00231405
0.0051863 0.00231445

0.0051863 0.00231445
0.00519023 0.00231527

0.00519023 0.00231527
0.00519609 0.00231641

0.00519609 0.00231641
0.00520195 0.00231745

0.00520195 0.00231745
0.00520781 0.00231841

0.00520781 0.00231841
0.00521367 0.00231927

0.00521367 0.00231927
0.00521953 0.00232003

0.00521953 0.00232003
0.00522206 0.00232031

0.00522208 0.00232031
0.00522539 0.00232068

0.00522539 0.00232068
0.00523125 0.00232123

0.00523125 0.00232123
0.00523711 0.00232166

0.00523711 0.00232166
0.00524297 0.00232199

0.00524297 0.00232199
0.00524883 0.0023222

0.00524883 0.0023222
0.00525469 0.00232229

0.00525469 0.00232229
0.00526055 0.00232227

0.00526055 0.00232227
0.00526641 0.00232212

0.00526641 0.00232212
0.00527227 0.00232185

0.00527227 0.00232185
0.00527812 0.00232146

0.00528984 0.00232029
0.00528965 0.00232031

0.00528984 0.00232029
0.0052957 0.00231952

0.0052957 0.00231952
0.00530156 0.00231861

0.00527812 0.00232146
0.00528398 0.00232094

0.00528398 0.00232094
0.00528968 0.00232031

0.00530156 0.00231861
0.00530742 0.00231756

0.00530742 0.00231756
0.00531328 0.00231638

0.00531328 0.00231638
0.00531914 0.00231506

0.005325 0.0023136
0.00532157 0.00231445

0.00531914 0.00231506
0.00532159 0.00231445

0.00537187 0.00229644
0.00537094 0.00229687

0.005325 0.0023136
0.00533086 0.002312

0.00533086 0.002312
0.00533672 0.00231024

0.00534258 0.00230833
0.00534176 0.00230859

0.00534258 0.00230834
0.00534844 0.00230628

0.00533672 0.00231024
0.00534179 0.00230859

0.00534844 0.00230628
0.0053543 0.00230407

0.00536016 0.00230169
0.00535758 0.00230273

0.0053543 0.00230408
0.00535761 0.00230273

0.00536016 0.0023017
0.00536602 0.00229916

0.00536602 0.00229916
0.00537097 0.00229687

0.00537187 0.00229646
0.00537773 0.00229358

0.00538359 0.00229051
0.00538262 0.00229102

0.00537773 0.00229358
0.00538266 0.00229102

0.00539531 0.00228385
0.00539308 0.00228516

0.00538359 0.00229052
0.00538945 0.00228729

0.00538945 0.00228729
0.00539311 0.00228516

0.00541289 0.00227239
0.00541135 0.00227344

0.00541289 0.0022724
0.00541875 0.00226816

0.00539531 0.00228386
0.00540117 0.00228024

0.00540703 0.00227642
0.00540262 0.0022793

0.00540117 0.00228024
0.00540265 0.0022793

0.00540703 0.00227643
0.00541139 0.00227344

0.00543047 0.00225901
0.00542708 0.00226172

0.00542461 0.0022637
0.00541952 0.00226758

0.00541875 0.00226816
0.00541953 0.00226758

0.00542461 0.00226368
0.00542713 0.00226172

0.00543633 0.00225407
0.00543421 0.00225586

0.00543047 0.002259
0.00543425 0.00225586

0.00543633 0.00225408
0.00544097 0.00225

0.0057293 4.56584e-05
0.00572472 4.6875e-05

0.0057293 4.56611e-05
0.00573516 4.40644e-05

0.00573516 4.40624e-05
0.00574102 4.24328e-05

0.00574687 4.07704e-05
0.00574601 4.10156e-05

0.00574102 4.24321e-05
0.00574603 4.10156e-05

0.00570586 5.15546e-05
0.00570063 5.27344e-05

0.0057 5.2892e-05
0.0057007 5.27344e-05

0.00570586 5.15573e-05
0.00571172 5.01739e-05

0.00571172 5.01729e-05
0.00571758 4.87275e-05

0.00571758 4.87272e-05
0.00572344 4.72226e-05

0.00572344 4.72344e-05
0.00572479 4.6875e-05

0.00574687 4.07675e-05
0.00575273 3.91049e-05

0.00575273 3.91014e-05
0.00575859 3.74549e-05

0.00577031 3.42726e-05
0.00576698 3.51562e-05

0.00575859 3.74491e-05
0.00576445 3.58376e-05

0.00576445 3.58394e-05
0.00576703 3.51562e-05

0.00577031 3.42672e-05
0.00577617 3.28046e-05

0.00577617 3.27954e-05
0.00578203 3.14645e-05

0.00578203 3.14585e-05
0.00578789 3.02898e-05

0.00578789 3.02851e-05
0.00579375 2.93001e-05

0.00579375 2.9275e-05
0.00579961 2.85328e-05

0.00579375 2.93075e-05
0.00579383 2.92969e-05

0.00579961 2.85108e-05
0.00580547 2.81057e-05

0.00580547 2.80863e-05
0.00581133 2.81012e-05

0.00581133 2.80766e-05
0.00581719 2.85993e-05

0.00581719 2.85612e-05
0.00582108 2.92969e-05

0.00582073 2.92969e-05
0.00582305 2.97348e-05

0.00582305 2.96981e-05
0.00582891 3.14085e-05

0.00582891 3.13909e-05
0.00583477 3.37289e-05

0.00583477 3.36455e-05
0.00583774 3.51562e-05

0.00583738 3.51562e-05
0.00584062 3.68046e-05

0.00584062 3.67219e-05
0.00584648 4.03044e-05

0.00584648 4.02851e-05
0.00584759 4.10156e-05

0.00584739 4.10156e-05
0.00585234 4.44405e-05

0.00585234 4.43949e-05
0.0058557 4.6875e-05

0.00585552 4.6875e-05
0.0058582 4.88499e-05

0.0058582 4.88048e-05
0.00586324 5.27344e-05

0.00586312 5.27344e-05
0.00586406 5.34735e-05

0.00586406 5.34234e-05
0.00586992 5.80837e-05

0.00586992 5.80768e-05
0.00587058 5.85937e-05

0.00587053 5.85937e-05
0.00587578 6.27486e-05

0.00587578 6.2756e-05
0.00587799 6.44531e-05

0.00587795 6.44531e-05
0.00588164 6.73146e-05

0.00588164 6.73244e-05
0.00588559 7.03125e-05

0.00588556 7.03125e-05
0.0058875 7.17423e-05

0.0058875 7.17652e-05
0.00589336 7.60421e-05

0.00589336 7.60428e-05
0.00589354 7.61719e-05

0.00589354 7.61719e-05
0.00589922 8.01504e-05

0.00589922 8.01628e-05
0.005902 8.20312e-05

0.00590203 8.20312e-05
0.00590508 8.40796e-05

0.00590508 8.40997e-05
0.00591094 8.78492e-05

0.00591094 8.78489e-05
0.00591101 8.78906e-05

0.00591103 8.78906e-05
0.0059168 9.14048e-05

0.0059168 9.1429e-05
0.0059208 9.375e-05

0.00592087 9.375e-05
0.00592266 9.47848e-05

0.00592266 9.48059e-05
0.00592852 9.80287e-05

0.00592852 9.80509e-05
0.00593151 9.96094e-05

0.00593157 9.96094e-05
0.00593437 0.000101069

0.00593437 0.000101081
0.00594023 0.000103969

0.00594023 0.000103989
0.00594341 0.000105469

0.00594349 0.000105469
0.00594609 0.00010668

0.00594609 0.000106691
0.00595195 0.00010927

0.00595195 0.000109289
0.00595688 0.000111328

0.00595701 0.000111328
0.00595781 0.000111662

0.00595781 0.000111693
0.00596367 0.000113972

0.00596367 0.000113977
0.00596953 0.000116129

0.00596953 0.000116147
0.00597256 0.000117187

0.00597266 0.000117187
0.00597539 0.000118126

0.00597539 0.000118138
0.00598125 0.00012002

0.00605845 0
0.00605895 5.85937e-06

0.00605892 5.85938e-06
0.00606046 1.17187e-05

0.0060604 1.17187e-05
0.00606313 1.75781e-05

0.00606314 1.75781e-05
0.00606328 1.78017e-05

0.00606328 1.79975e-05
0.00606732 2.34375e-05

0.00606746 2.34375e-05
0.00606914 2.51998e-05

0.00606914 2.5433e-05
0.0060739 2.92969e-05

0.00607445 2.92969e-05
0.006075 2.96588e-05

0.00598125 0.000120019
0.00598711 0.000121785

0.00598711 0.000121801
0.00599157 0.000123047

0.00599172 0.000123047
0.00599297 0.000123397

0.00599297 0.00012342
0.00599883 0.000124937

0.00599883 0.000124939
0.00600469 0.000126349

0.00600469 0.000126347
0.00601055 0.00012765

0.00601055 0.000127657
0.00601641 0.000128844

0.00601641 0.000128845
0.00601674 0.000128906

0.0060168 0.000128906
0.00602227 0.000129909

0.00602227 0.000129912
0.00602812 0.000130893

0.00602812 0.000130892
0.00603398 0.000131774

0.00603398 0.000131773
0.00603984 0.000132558

0.00603984 0.000132557
0.0060457 0.000133247

0.0060457 0.000133246
0.00605156 0.000133844

0.00605156 0.000133842
0.00605742 0.000134352

0.00605742 0.000134356
0.00606317 0.000134766

0.00606328 0.000134769
0.00606914 0.000135097

0.00606914 0.000135098
0.006075 0.000135345

0.006075 2.98645e-05
0.00608086 3.27908e-05

0.00608086 3.27586e-05
0.00608672 3.44343e-05

0.00608672 3.43976e-05
0.00609258 3.49605e-05

0.00609258 3.4955e-05
0.00609844 3.44893e-05

0.00612187 1.88125e-05
0.00611842 2.34375e-05

0.00609844 3.45125e-05
0.0061043 3.29829e-05

0.0061043 3.30593e-05
0.00611016 3.0267e-05

0.00611602 2.59102e-05
0.00611163 2.92969e-05

0.00611016 3.03063e-05
0.00611169 2.92969e-05

0.00611602 2.59523e-05
0.00611849 2.34375e-05

0.00612736 0
0.00612686 5.85937e-06

0.00612689 5.85938e-06
0.00612534 1.17187e-05

0.0061254 1.17187e-05
0.00612265 1.75781e-05

0.00612187 1.8908e-05
0.00612272 1.75781e-05

0.006075 0.000135344
0.00608086 0.000135509

0.00608086 0.000135508
0.00608672 0.000135594

0.00608672 0.000135593
0.00609258 0.000135601

0.00609258 0.000135601
0.00609844 0.000135532

0.00609844 0.000135532
0.0061043 0.00013539

0.0061043 0.000135389
0.00611016 0.000135174

0.00611016 0.000135174
0.00611602 0.000134889

0.00612187 0.000134531
0.00611798 0.000134766

0.00611602 0.000134896
0.00611818 0.000134766

0.00612187 0.000134534
0.00612773 0.000134117

0.00612773 0.000134117
0.00613359 0.000133635

0.00613359 0.000133635
0.00613945 0.000133089

0.00613945 0.000133089
0.00614531 0.00013248

0.00614531 0.00013248
0.00615117 0.00013181

0.00615117 0.00013181
0.00615703 0.000131081

0.00615703 0.000131081
0.00616289 0.000130293

0.00616289 0.000130292
0.00616875 0.000129446

0.00623982 0
0.00624033 5.85937e-06

0.0062403 5.85938e-06
0.00624188 1.17187e-05

0.00624182 1.17187e-05
0.00624462 1.75781e-05

0.00624464 1.75781e-05
0.00624492 1.80234e-05

0.00624492 1.82032e-05
0.00624891 2.34375e-05

0.00625985 0
0.0062625 4.61733e-06

0.00624909 2.34375e-05
0.00625078 2.51726e-05

0.00625078 2.54329e-05
0.00625565 2.92969e-05

0.00625629 2.92969e-05
0.00625664 2.95229e-05

0.00625664 2.97652e-05
0.0062625 3.26549e-05

0.00617461 0.000128535
0.0061722 0.000128906

0.00617461 0.000128542
0.00618047 0.000127586

0.00616875 0.000129453
0.0061723 0.000128906

0.00618047 0.000127587
0.00618633 0.000126578

0.00618633 0.000126578
0.00619219 0.000125516

0.00619219 0.000125516
0.00619805 0.000124403

0.00619805 0.000124404
0.00620391 0.000123238

0.00620977 0.00012202
0.00620481 0.000123047

0.00620391 0.000123242
0.00620485 0.000123047

0.00620977 0.000122022
0.00621562 0.000120764

0.0062332 0.000116701
0.00623116 0.000117187

0.0062332 0.000116709
0.00623906 0.000115271

0.00621562 0.000120764
0.00622148 0.000119459

0.00622148 0.000119458
0.00622734 0.000118107

0.00622734 0.000118113
0.00623123 0.000117187

0.00623906 0.000115273
0.00624492 0.000113796

0.00624492 0.000113795
0.00625078 0.000112278

0.00625664 0.000110717
0.00625434 0.000111328

0.00625078 0.000112284
0.00625438 0.000111328

0.00625664 0.000110722
0.0062625 0.000109135

0.0062625 4.55551e-06
0.00626409 5.85937e-06

0.00626836 5.78486e-06
0.00627083 5.85937e-06

0.00628008 5.84163e-06
0.00628003 5.85937e-06

0.00628594 5.61701e-07
0.00628153 5.85937e-06

0.0062625 3.26374e-05
0.00626836 3.43181e-05

0.00626836 3.42809e-05
0.00627422 3.4862e-05

0.00627422 3.48559e-05
0.00628008 3.44239e-05

0.00628008 3.4444e-05
0.00628594 3.29707e-05

0.00628594 7.56453e-07
0.00628619 0

0.00630924 0
0.00630874 5.85937e-06

0.00630876 5.85938e-06
0.00630721 1.17187e-05

0.00630352 1.90982e-05
0.00630025 2.34375e-05

0.00630728 1.17187e-05
0.00630451 1.75781e-05

0.00630352 1.92172e-05
0.00630458 1.75781e-05

0.00628594 3.3053e-05
0.0062918 3.03333e-05

0.00629766 2.60576e-05
0.00629337 2.92969e-05

0.0062918 3.03918e-05
0.00629348 2.92969e-05

0.00629766 2.61255e-05
0.00630033 2.34375e-05

0.00632109 9.20228e-05
0.00631534 9.375e-05

0.00632109 9.2023e-05
0.00632695 9.02692e-05

0.00632695 9.02683e-05
0.00633281 8.85217e-05

0.00633867 8.6785e-05
0.00633494 8.78906e-05

0.00633281 8.85211e-05
0.00633494 8.78906e-05

0.00633867 8.67844e-05
0.00634453 8.50704e-05

0.00635625 8.17202e-05
0.00635515 8.20312e-05

0.00634453 8.50695e-05
0.00635039 8.33798e-05

0.00635039 8.33777e-05
0.00635514 8.20312e-05

0.0062625 0.000109135
0.00626836 0.000107517

0.00626836 0.000107517
0.00627422 0.000105868

0.00628008 0.000104189
0.0062756 0.000105469

0.00628008 0.000104191
0.00628594 0.000102494

0.00627422 0.000105871
0.00627563 0.000105469

0.00628594 0.000102494
0.0062918 0.000100778

0.00629766 9.9039e-05
0.00629573 9.96094e-05

0.0062918 0.000100781
0.00629576 9.96094e-05

0.00629766 9.90425e-05
0.00630352 9.72974e-05

0.00630352 9.72972e-05
0.00630937 9.55452e-05

0.00630937 9.55455e-05
0.00631523 9.37863e-05

0.00631523 9.37863e-05
0.00631536 9.375e-05

0.00635625 8.17157e-05
0.00636211 8.00902e-05

0.00636211 8.0089e-05
0.00636797 7.85052e-05

0.00636797 7.85049e-05
0.00637383 7.69657e-05

0.00637969 7.54756e-05
0.00637695 7.61719e-05

0.00637383 7.69618e-05
0.00637693 7.61719e-05

0.00640312 7.00708e-05
0.00640201 7.03125e-05

0.00637969 7.54722e-05
0.00638555 7.40346e-05

0.00638555 7.4034e-05
0.00639141 7.26527e-05

0.00639141 7.2653e-05
0.00639727 7.13285e-05

0.00639727 7.13248e-05
0.00640195 7.03125e-05

0.00640312 7.00623e-05
0.00640898 6.88585e-05

0.00640898 6.88571e-05
0.00641484 6.77168e-05

0.00641484 6.77163e-05
0.0064207 6.66436e-05

0.0064207 6.66439e-05
0.00642656 6.56393e-05

0.00642656 6.56398e-05
0.00643242 6.47016e-05

0.00643828 6.38302e-05
0.00643409 6.44531e-05

0.00643242 6.47e-05
0.00643408 6.44531e-05

0.00643828 6.38295e-05
0.00644414 6.30302e-05

0.00644414 6.30306e-05
0.00645 6.23027e-05

0.00647851 0
0.0064793 2.14879e-06

0.0064793 1.52051e-06
0.00648516 4.17484e-06

0.00648516 4.7945e-06
0.00648811 0

0.00645 6.23031e-05
0.00645586 6.16453e-05

0.00645586 6.16455e-05
0.00646172 6.10565e-05

0.00646172 6.10578e-05
0.00646758 6.05346e-05

0.00646758 6.0535e-05
0.00647344 6.00745e-05

0.00647344 6.00749e-05
0.0064793 5.96751e-05

0.0064793 5.96758e-05
0.00648516 5.93344e-05

0.00648516 5.93353e-05
0.00649102 5.90495e-05

0.00649102 5.90504e-05
0.00649687 5.88168e-05

0.00650859 5.84838e-05
0.00650427 5.85937e-05

0.00649687 5.88188e-05
0.00650273 5.86315e-05

0.00650273 5.86351e-05
0.00650436 5.85937e-05

0.00650859 5.84828e-05
0.00651445 5.83719e-05

0.00651445 5.83727e-05
0.00652031 5.83014e-05

0.00652031 5.83022e-05
0.00652617 5.82673e-05

0.00652617 5.82681e-05
0.00653203 5.82667e-05

0.00653203 5.82674e-05
0.00653789 5.82968e-05

0.00653789 5.82974e-05
0.00654375 5.8355e-05

0.00654375 5.83557e-05
0.00654961 5.84388e-05

0.00654961 5.84396e-05
0.00655547 5.85452e-05

0.00655547 5.85463e-05
0.00655776 5.85937e-05

0.00655765 5.85937e-05
0.00656133 5.86699e-05

0.00656133 5.86677e-05
0.00656719 5.88022e-05

0.00656719 5.88022e-05
0.00657305 5.89526e-05

0.00657305 5.89531e-05
0.00657891 5.91182e-05

0.00657891 5.91186e-05
0.00658477 5.92967e-05

0.00658477 5.92971e-05
0.00659062 5.94867e-05

0.00659062 5.9487e-05
0.00659648 5.96868e-05

0.00659648 5.96871e-05
0.00660234 5.98957e-05

0.00660234 5.9896e-05
0.0066082 6.01122e-05

0.0066082 6.01125e-05
0.00661406 6.03352e-05

0.00661406 6.03355e-05
0.00661992 6.05637e-05

0.00661992 6.05639e-05
0.00662578 6.07965e-05

0.00662578 6.07967e-05
0.00663164 6.10328e-05

0.00663164 6.1033e-05
0.0066375 6.12715e-05

0.0066375 6.12716e-05
0.00664336 6.15118e-05

0.00664336 6.15119e-05
0.00664922 6.17536e-05

0.00664922 6.17536e-05
0.00665508 6.19966e-05

0.00665508 6.19973e-05
0.00666094 6.22405e-05

0.00666094 6.22407e-05
0.0066668 6.24824e-05

0.0066668 6.24824e-05
0.00667266 6.27219e-05

0.00667266 6.2722e-05
0.00667852 6.2959e-05

0.00667852 6.29591e-05
0.00668437 6.31932e-05

0.00668437 6.31933e-05
0.00669023 6.34242e-05

0.00669023 6.34243e-05
0.00669609 6.36516e-05

0.00669609 6.36516e-05
0.00670195 6.38752e-05

0.00670195 6.38753e-05
0.00670781 6.40946e-05

0.00670781 6.40952e-05
0.00671367 6.43091e-05

0.00671367 6.43111e-05
0.0067178 6.44531e-05

0.00671772 6.44531e-05
0.00671953 6.45156e-05

0.00671953 6.45132e-05
0.00672539 6.46975e-05

0.00672539 6.46952e-05
0.00673125 6.48673e-05

0.00673125 6.48668e-05
0.00673711 6.50323e-05

0.00673711 6.50324e-05
0.00674297 6.5192e-05

0.00674297 6.51922e-05
0.00674883 6.5345e-05

0.00674883 6.53452e-05
0.00675469 6.54905e-05

0.00675469 6.54906e-05
0.00676055 6.56278e-05

0.00676055 6.56278e-05
0.00676641 6.57566e-05

0.00676641 6.57566e-05
0.00677227 6.58768e-05

0.00677227 6.58768e-05
0.00677812 6.59887e-05

0.00677812 6.59887e-05
0.00678398 6.60922e-05

0.00678398 6.60922e-05
0.00678984 6.61876e-05

0.00678984 6.61876e-05
0.0067957 6.6275e-05

0.0067957 6.6275e-05
0.00680156 6.63543e-05

0.00680156 6.63543e-05
0.00680742 6.64255e-05

0.00680742 6.64256e-05
0.00681328 6.64884e-05

0.00681328 6.64885e-05
0.00681914 6.65426e-05

0.00681914 6.65427e-05
0.006825 6.65877e-05

0.006825 6.65878e-05
0.00683086 6.66232e-05

0.00683086 6.66233e-05
0.00683672 6.66489e-05

0.00683672 6.6649e-05
0.00684258 6.66642e-05

0.00684258 6.66643e-05
0.00684844 6.66688e-05

0.00684844 6.66689e-05
0.0068543 6.66623e-05

0.0068543 6.66624e-05
0.00686016 6.66445e-05

0.00686016 6.66445e-05
0.00686602 6.66151e-05

0.00686602 6.66151e-05
0.00687187 6.65742e-05

0.00687187 6.65741e-05
0.00687773 6.65217e-05

0.00687773 6.65217e-05
0.00688359 6.64581e-05

0.00688359 6.6458e-05
0.00688945 6.63836e-05

0.00688945 6.63834e-05
0.00689531 6.62986e-05

0.00689531 6.62985e-05
0.00690117 6.62038e-05

0.00690117 6.62036e-05
0.00690703 6.60998e-05

0.00690703 6.60997e-05
0.00691289 6.59873e-05

0.00691289 6.59872e-05
0.00691875 6.58669e-05

0.00691875 6.58668e-05
0.00692461 6.57393e-05

0.00692461 6.57393e-05
0.00693047 6.56046e-05

0.00693047 6.56048e-05
0.00693633 6.54628e-05

0.00693633 6.54632e-05
0.00694219 6.53127e-05

0.00694219 6.53134e-05
0.00694805 6.51522e-05

0.00694805 6.51534e-05
0.00695391 6.49777e-05

0.00695391 6.49793e-05
0.00695977 6.47835e-05

0.00695977 6.47856e-05
0.00696562 6.45624e-05

0.00697148 6.43052e-05
0.00696802 6.44531e-05

0.00696562 6.45663e-05
0.00696827 6.44531e-05

0.00697148 6.43042e-05
0.00697734 6.40421e-05

0.00697734 6.40431e-05
0.0069832 6.37785e-05

0.0069832 6.37793e-05
0.00698906 6.35089e-05

0.00698906 6.35092e-05
0.00699492 6.3231e-05

0.00699492 6.32309e-05
0.00700078 6.29445e-05

0.00700078 6.29443e-05
0.00700664 6.26501e-05

0.00700664 6.26499e-05
0.0070125 6.23488e-05

0.0070125 6.23484e-05
0.00701836 6.20417e-05

0.00701836 6.20411e-05
0.00702422 6.17307e-05

0.00702422 6.17301e-05
0.00703008 6.14185e-05

0.00703008 6.14184e-05
0.00703594 6.11069e-05

0.00703594 6.11075e-05
0.0070418 6.07949e-05

0.0070418 6.07947e-05
0.00704766 6.04801e-05

0.00704766 6.04802e-05
0.00705352 6.0164e-05

0.00705352 6.01645e-05
0.00705937 5.98453e-05

0.00705937 5.98463e-05
0.00706523 5.95214e-05

0.00706523 5.95226e-05
0.00707109 5.91879e-05

0.00708281 5.84675e-05
0.00708078 5.85937e-05

0.00707109 5.91889e-05
0.00707695 5.88399e-05

0.00707695 5.88432e-05
0.00708096 5.85937e-05

0.00708281 5.84663e-05
0.00708867 5.81033e-05

0.00708867 5.81051e-05
0.00709453 5.77573e-05

0.00709453 5.77583e-05
0.00710039 5.74205e-05

0.00710039 5.74204e-05
0.00710625 5.70908e-05

0.00710625 5.70905e-05
0.00711211 5.67696e-05

0.00711211 5.67692e-05
0.00711797 5.64581e-05

0.00711797 5.64579e-05
0.00712383 5.61578e-05

0.00712383 5.61572e-05
0.00712969 5.58698e-05

0.00712969 5.58689e-05
0.00713555 5.55971e-05

0.00713555 5.55959e-05
0.00714141 5.53441e-05

0.00714141 5.53449e-05
0.00714727 5.51141e-05

0.00714727 5.51135e-05
0.00715312 5.49033e-05

0.00715312 5.49027e-05
0.00715898 5.47151e-05

0.00715898 5.47146e-05
0.00716484 5.45519e-05

0.00716484 5.45514e-05
0.0071707 5.44157e-05

0.0071707 5.44152e-05
0.00717656 5.43087e-05

0.00717656 5.43082e-05
0.00718242 5.42331e-05

0.00718242 5.42326e-05
0.00718828 5.41912e-05

0.00718828 5.41906e-05
0.00719414 5.4185e-05

0.00719414 5.41845e-05
0.0072 5.42168e-05

0.00636211 0.00417823
0.00635843 0.00418359

0.00636797 0.00417484
0.00636267 0.00417773

0.00636211 0.00417818
0.00636267 0.00417773

0.00635821 0.00418359
0.00635904 0.00418945

0.00635926 0.00418945
0.00636211 0.00419301

0.00636211 0.00419274
0.00636613 0.00419531

0.00636797 0.0041746
0.00637383 0.00417644

0.00637383 0.00417657
0.00637524 0.00417773

0.00637503 0.00417773
0.00637927 0.00418359

0.00637383 0.00419439
0.00637099 0.00419531

0.00637918 0.00418359
0.00637846 0.00418945

0.00637383 0.00419471
0.00637854 0.00418945

0.00636642 0.00419531
0.00636797 0.00419599

0.00636797 0.00419634
0.00637203 0.00419531

0.0072 5.42163e-05
0.00720586 5.42887e-05

0.00720586 5.42882e-05
0.00721172 5.44025e-05

0.00721172 5.44021e-05
0.00721758 5.45603e-05

0.00721758 5.45599e-05
0.00722344 5.47638e-05

0.00722344 5.47634e-05
0.0072293 5.50145e-05

0.0072293 5.50142e-05
0.00723516 5.5314e-05

0.00723516 5.53138e-05
0.00724102 5.56632e-05

0.00724102 5.56625e-05
0.00724687 5.60633e-05

0.00724687 5.60627e-05
0.00725273 5.65174e-05

0.00725273 5.65174e-05
0.00725859 5.70274e-05

0.00725859 5.70279e-05
0.00726445 5.7592e-05

0.00726445 5.75947e-05
0.00727031 5.82066e-05

0.00727031 5.82041e-05
0.0072738 5.85937e-05

0.00727375 5.85937e-05
0.00727617 5.88647e-05

0.00727617 5.88613e-05
0.00728203 5.9557e-05

0.00728203 5.95566e-05
0.00728789 6.02935e-05

0.00728789 6.02945e-05
0.00729375 6.10712e-05

0.00729375 6.10722e-05
0.00729961 6.18847e-05

0.00729961 6.18839e-05
0.00730547 6.27318e-05

0.00730547 6.27354e-05
0.00731133 6.36131e-05

0.00731133 6.36146e-05
0.0073168 6.44531e-05

0.00731679 6.44531e-05
0.00731719 6.45135e-05

0.00731719 6.45097e-05
0.00732305 6.54272e-05

0.00732305 6.54266e-05
0.00732891 6.63701e-05

0.00732891 6.63702e-05
0.00733477 6.73404e-05

0.00733477 6.7339e-05
0.00734062 6.83385e-05

0.00734062 6.83402e-05
0.00734648 6.93686e-05

0.00734648 6.93694e-05
0.00735173 7.03125e-05

0.00735174 7.03125e-05
0.00735234 7.04207e-05

0.00735234 7.04168e-05
0.0073582 7.15023e-05

0.0073582 7.15001e-05
0.00736406 7.2633e-05

0.00736406 7.26295e-05
0.00736992 7.38214e-05

0.00736992 7.38225e-05
0.00737578 7.50782e-05

0.00737578 7.50777e-05
0.00738065 7.61719e-05

0.00738063 7.61719e-05
0.00738164 7.63989e-05

0.00738164 7.63925e-05
0.0073875 7.77753e-05

0.0073875 7.77711e-05
0.00739336 7.92335e-05

0.00739336 7.92366e-05
0.00739922 8.07808e-05

0.00739922 8.07834e-05
0.00740376 8.20312e-05

0.00740373 8.20312e-05
0.00740508 8.2402e-05

0.00740508 8.23962e-05
0.00741094 8.40665e-05

0.00741094 8.40662e-05
0.0074168 8.57966e-05

0.0074168 8.58091e-05
0.00742266 8.75752e-05

0.00742266 8.75783e-05
0.00742369 8.78906e-05

0.0074237 8.78906e-05
0.00742852 8.93511e-05

0.00742852 8.93501e-05
0.00743437 9.11366e-05

0.00745924 0
0.00746003 5.85937e-06

0.00745993 5.85938e-06
0.00746248 1.17187e-05

0.00746245 1.17187e-05
0.00746367 1.34688e-05

0.00746367 1.37096e-05
0.00746742 1.75781e-05

0.00746798 1.75781e-05
0.00746953 1.87187e-05

0.00746953 1.89373e-05
0.00747539 2.17877e-05

0.00747539 2.17339e-05
0.00748125 2.26541e-05

0.00743437 9.11522e-05
0.00744023 9.2921e-05

0.00744023 9.29334e-05
0.00744303 9.375e-05

0.00744308 9.375e-05
0.00744609 9.46291e-05

0.00744609 9.46335e-05
0.00745195 9.6287e-05

0.00745195 9.62917e-05
0.00745781 9.78843e-05

0.00745781 9.79055e-05
0.00746367 9.93854e-05

0.00746367 9.93897e-05
0.00746463 9.96094e-05

0.00746471 9.96094e-05
0.00746953 0.000100719

0.00746953 0.000100724
0.00747539 0.000101958

0.00747539 0.000101965
0.00748125 0.000103065

0.00748125 2.26204e-05
0.00748711 2.17854e-05

0.00748711 2.19641e-05
0.00749297 1.90839e-05

0.00750311 0
0.00750233 5.85937e-06

0.00750244 5.85938e-06
0.00749989 1.17187e-05

0.00749883 1.33906e-05
0.00749495 1.75781e-05

0.00749297 1.90834e-05
0.00749492 1.75781e-05

0.00749883 1.3548e-05
0.00750008 1.17187e-05

0.007575 9.17041e-05
0.0075708 9.375e-05

0.00748125 0.00010307
0.00748711 0.000104013

0.00748711 0.000104013
0.00749297 0.000104789

0.00749297 0.000104802
0.00749883 0.000105386

0.00749883 0.000105392
0.00750001 0.000105469

0.00750026 0.000105469
0.00750469 0.000105755

0.00750469 0.000105757
0.00751055 0.000105944

0.00751055 0.000105948
0.00751641 0.000105937

0.00752812 0.000105241
0.00752521 0.000105469

0.00751641 0.000105943
0.00752227 0.000105714

0.00752227 0.000105723
0.00752552 0.000105469

0.00752812 0.000105257
0.00753398 0.000104567

0.00753398 0.000104574
0.00753984 0.000103633

0.00753984 0.000103633
0.0075457 0.000102426

0.0075457 0.000102435
0.00755156 0.000100944

0.00755742 9.90904e-05
0.00755574 9.96094e-05

0.00755156 0.00010097
0.00755597 9.96094e-05

0.00755742 9.91287e-05
0.00756328 9.70199e-05

0.00756328 9.70608e-05
0.00756914 9.45979e-05

0.00756914 9.46174e-05
0.00757092 9.375e-05

0.00762187 4.45705e-05
0.00762074 4.6875e-05

0.007575 9.17595e-05
0.00758086 8.84802e-05

0.00758672 8.4702e-05
0.00758176 8.78906e-05

0.00758086 8.84825e-05
0.00758182 8.78906e-05

0.00759258 8.03828e-05
0.00759033 8.20312e-05

0.00759844 7.53917e-05
0.00759756 7.61719e-05

0.00759258 8.04729e-05
0.00759767 7.61719e-05

0.00758672 8.47556e-05
0.00759045 8.20312e-05

0.0076043 6.96973e-05
0.00760371 7.03125e-05

0.00761016 6.29575e-05
0.00760897 6.44531e-05

0.0076043 6.97398e-05
0.00760901 6.44531e-05

0.00761602 5.48192e-05
0.0076135 5.85937e-05

0.00762076 4.6875e-05
0.00761739 5.27344e-05

0.00761602 5.48416e-05
0.00761739 5.27344e-05

0.00761016 6.29521e-05
0.00761351 5.85937e-05

0.00759844 7.55079e-05
0.00760378 7.03125e-05

0.00763245 0
0.00763228 5.85937e-06

0.00763228 5.85938e-06
0.00763176 1.17187e-05

0.00763176 1.17187e-05
0.00763088 1.75781e-05

0.00763088 1.75781e-05
0.00762965 2.34375e-05

0.00762773 3.01858e-05
0.00762603 3.51562e-05

0.00762965 2.34375e-05
0.00762803 2.92969e-05

0.00762773 3.01868e-05
0.00762804 2.92969e-05

0.00762604 3.51562e-05
0.00762361 4.10156e-05

0.00762187 4.45731e-05
0.00762362 4.10156e-05

0.00792935 0
0.00792978 5.85937e-06

0.00792976 5.85938e-06
0.00793106 1.17187e-05

0.00793102 1.17187e-05
0.00793242 1.53207e-05

0.00793242 1.53215e-05
0.0079333 1.75781e-05

0.00793323 1.75781e-05
0.00793669 2.34375e-05

0.00793672 2.34375e-05
0.00793828 2.54816e-05

0.00793828 2.54962e-05
0.00794163 2.92969e-05

0.00794184 2.92969e-05
0.00794414 3.13812e-05

0.00794414 3.16159e-05
0.00794924 3.51562e-05

0.0079499 3.51562e-05
0.00795 3.52189e-05

0.00795 3.54338e-05
0.00795586 3.80799e-05

0.00795586 3.80966e-05
0.00796172 3.97203e-05

0.00796172 3.96976e-05
0.00796758 4.0311e-05

0.00796758 4.03013e-05
0.00797344 3.9969e-05

0.00797344 3.99754e-05
0.0079793 3.87041e-05

0.0079793 3.87718e-05
0.00798516 3.64132e-05

0.00799102 3.27549e-05
0.00798724 3.51562e-05

0.00799688 2.71712e-05
0.00799492 2.92969e-05

0.00799102 3.2799e-05
0.00799504 2.92969e-05

0.00798516 3.64625e-05
0.00798731 3.51562e-05

0.00800708 0
0.00800666 5.85937e-06

0.00800668 5.85938e-06
0.0080054 1.17187e-05

0.00800273 1.85067e-05
0.00799987 2.34375e-05

0.00800544 1.17187e-05
0.0080032 1.75781e-05

0.00800273 1.85319e-05
0.00800326 1.75781e-05

0.00799687 2.72525e-05
0.00799992 2.34375e-05

0.00809011 0
0.00809052 5.85937e-06

0.00809051 5.85938e-06
0.00809063 6.41029e-06

0.00809062 6.415e-06
0.00809175 1.17187e-05

0.00809172 1.17187e-05
0.00809389 1.75781e-05

0.00809383 1.75781e-05
0.00809648 2.23373e-05

0.00809648 2.23411e-05
0.0080971 2.34375e-05

0.00809699 2.34375e-05
0.00810169 2.92969e-05

0.00810181 2.92969e-05
0.00810234 2.9856e-05

0.00810234 3.00484e-05
0.00810819 3.51562e-05

0.0081082 3.50838e-05
0.00810832 3.51562e-05

0.00810864 3.51562e-05
0.00811406 3.85115e-05

0.00811406 3.85996e-05
0.00811967 4.10156e-05

0.00812006 4.10156e-05
0.00812578 4.25356e-05

0.00812578 4.25558e-05
0.00813164 4.33936e-05

0.00813164 4.33835e-05
0.0081375 4.34824e-05

0.0081375 4.34728e-05
0.00814336 4.28722e-05

0.00814336 4.29024e-05
0.00814922 4.15611e-05

0.00815508 3.94183e-05
0.00815067 4.10156e-05

0.00814922 4.15804e-05
0.00815078 4.10156e-05

0.00815508 3.95019e-05
0.00816094 3.64707e-05

0.00817852 1.69532e-05
0.00817789 1.75781e-05

0.00817852 1.80382e-05
0.00817399 2.34375e-05

0.00817852 1.72864e-05
0.00818437 1.37646e-05

0.00817852 1.80494e-05
0.00817916 1.75781e-05

0.0081668 3.22976e-05
0.00816288 3.51562e-05

0.00817266 2.61567e-05
0.00817003 2.92969e-05

0.0081668 3.23222e-05
0.00817003 2.92969e-05

0.00816094 3.6489e-05
0.00816293 3.51562e-05

0.00817266 2.62417e-05
0.00817477 2.34375e-05

0.00818437 1.45425e-05
0.00819023 1.40048e-05

0.00819023 1.44544e-05
0.00819609 1.44976e-05

0.00819609 1.46358e-05
0.00820195 1.40844e-05

0.00820195 1.41331e-05
0.00820781 1.26133e-05

0.00821367 1.01378e-05
0.00820939 1.17187e-05

0.00821367 1.0015e-05
0.00821953 8.07532e-06

0.00820781 1.25994e-05
0.0082102 1.17187e-05

0.00821953 8.0359e-06
0.00822539 6.84624e-06

0.00822539 6.91342e-06
0.00823125 6.4183e-06

0.00823125 6.48844e-06
0.00823711 6.4132e-06

0.00823711 6.44299e-06
0.00824297 6.58777e-06

0.00824297 6.59201e-06
0.00824883 6.88877e-06

0.00824883 6.88749e-06
0.00825469 7.33032e-06

0.00825469 7.3421e-06
0.00826055 7.91003e-06

0.00826055 7.94563e-06
0.00826641 8.54389e-06

0.00826641 8.59716e-06
0.00827227 9.04802e-06

0.00827227 9.0832e-06
0.00827812 9.20977e-06

0.00827812 9.19669e-06
0.00828398 8.95478e-06

0.00828398 8.90978e-06
0.00828984 8.41553e-06

0.00828984 8.20807e-06
0.0082957 7.9664e-06

0.0082957 6.61386e-06
0.00830156 9.74479e-06

0.00830156 9.00892e-06
0.00830391 1.17187e-05

0.00830201 1.17187e-05
0.00830649 1.75781e-05

0.00830621 1.75781e-05
0.00830742 1.90633e-05

0.00830742 1.91907e-05
0.00831152 2.34375e-05

0.00831182 2.34375e-05
0.00831328 2.46886e-05

0.00831328 2.49342e-05
0.00831914 2.8904e-05

0.00831914 2.89303e-05
0.00831999 2.92969e-05

0.00832041 2.92969e-05
0.008325 3.12806e-05

0.008325 3.12823e-05
0.00833086 3.26766e-05

0.00833086 3.26729e-05
0.00833672 3.30002e-05

0.00833672 3.29872e-05
0.00834258 3.2281e-05

0.00834258 3.23402e-05
0.00834844 3.05079e-05

0.00836016 2.22764e-05
0.00835902 2.34375e-05

0.00836924 0
0.00836869 5.85937e-06

0.00836871 5.85938e-06
0.00836699 1.17187e-05

0.00836602 1.37101e-05
0.00836397 1.75781e-05

0.00836016 2.23921e-05
0.00836407 1.75781e-05

0.00836602 1.3728e-05
0.00836706 1.17187e-05

0.0083543 2.73363e-05
0.00835071 2.92969e-05

0.00834844 3.06077e-05
0.00835088 2.92969e-05

0.0083543 2.75162e-05
0.00835918 2.34375e-05

0.00860495 0
0.00860554 5.85937e-06

0.00860552 5.85938e-06
0.00860625 8.22385e-06

0.00860625 8.22608e-06
0.00860733 1.17187e-05

0.00860728 1.17187e-05
0.00861047 1.75781e-05

0.00861052 1.75781e-05
0.00861211 1.97441e-05

0.00861211 1.97171e-05
0.00861522 2.34375e-05

0.0086155 2.34375e-05
0.00861797 2.57884e-05

0.00861797 2.59716e-05
0.00862221 2.92969e-05

0.0086224 2.92969e-05
0.00862383 3.02991e-05

0.00862383 3.04553e-05
0.00862969 3.3804e-05

0.00862969 3.39478e-05
0.00863311 3.51562e-05

0.00863365 3.51562e-05
0.00863555 3.58272e-05

0.00863555 3.59545e-05
0.00864141 3.65798e-05

0.00865312 3.21238e-05
0.00864864 3.51562e-05

0.00864141 3.67211e-05
0.00864727 3.56044e-05

0.00864727 3.56429e-05
0.00864818 3.51562e-05

0.008659 0
0.00865924 5.85937e-06

0.00865938 5.85938e-06
0.00865982 1.17187e-05

0.00865898 2.25181e-05
0.00865877 2.34375e-05

0.00866003 1.17187e-05
0.00865995 1.75781e-05

0.00865898 2.24487e-05
0.00866011 1.75781e-05

0.00865898 2.34411e-05
0.00865557 2.92969e-05

0.00865312 3.21622e-05
0.00865577 2.92969e-05

0.00888903 0
0.0088931 5.85937e-06

0.00889336 5.77848e-06
0.0088937 5.85937e-06

0.00889761 5.85938e-06
0.00889922 6.0485e-06

0.00890508 2.40337e-07
0.00890052 5.85937e-06

0.00889922 5.94487e-06
0.00889939 5.85938e-06

0.00892861 0
0.00892928 5.85937e-06

0.00892923 5.85938e-06
0.00893134 1.17187e-05

0.00893122 1.17187e-05
0.00893437 1.64434e-05

0.00893437 1.64348e-05
0.00893517 1.75781e-05

0.00893508 1.75781e-05
0.00894023 2.24171e-05

0.00894023 2.25321e-05
0.00894176 2.34375e-05

0.0089424 2.34375e-05
0.00894609 2.56042e-05

0.00894609 2.56001e-05
0.00895195 2.75686e-05

0.00895195 2.75469e-05
0.00895781 2.8331e-05

0.00898125 1.92978e-05
0.00897628 2.34375e-05

0.00895781 2.8313e-05
0.00896367 2.79921e-05

0.00896367 2.80095e-05
0.00896953 2.65847e-05

0.00896953 2.67003e-05
0.00897539 2.39056e-05

0.00897539 2.38678e-05
0.00897605 2.34375e-05

0.00898711 1.04977e-05
0.00898667 1.17187e-05

0.00898939 0
0.00898872 5.85937e-06

0.00898711 1.04877e-05
0.00898878 5.85938e-06

0.00898683 1.17187e-05
0.00898283 1.75781e-05

0.00898125 1.92994e-05
0.00898284 1.75781e-05

0.00929321 0
0.00929409 5.85937e-06

0.00929395 5.85938e-06
0.00929685 1.17187e-05

0.00929688 1.17187e-05
0.00929766 1.27552e-05

0.00929766 1.30894e-05
0.00930253 1.75781e-05

0.00930352 1.7829e-05
0.00930937 2.01074e-05

0.00930937 2.00886e-05
0.00931523 2.0444e-05

0.00931523 2.04805e-05
0.00932109 1.88772e-05

0.00933281 4.28052e-06
0.00933257 5.85937e-06

0.00933274 5.85938e-06
0.00932973 1.17187e-05

0.00932695 1.49829e-05
0.00932346 1.75781e-05

0.00932109 1.89261e-05
0.00932331 1.75781e-05

0.00932695 1.50538e-05
0.00932985 1.17187e-05

0.00933281 4.27048e-06
0.00933346 0

0.00938242 0
0.00938319 5.85937e-06

0.00938311 5.85938e-06
0.00938555 1.16803e-05

0.00938555 1.16791e-05
0.00938556 1.17187e-05

0.00938549 1.17187e-05
0.00938555 1.18106e-05

0.00938555 1.22513e-05
0.00939032 1.75781e-05

0.00939074 1.75781e-05
0.00939141 1.81111e-05

0.00939141 1.82633e-05
0.00939727 2.16977e-05

0.00939727 2.16182e-05
0.00940312 2.29979e-05

0.00940312 2.29426e-05
0.00940898 2.25374e-05

0.00940898 2.26169e-05
0.00941484 2.03783e-05

0.00942656 4.35421e-06
0.00942636 5.85937e-06

0.00942647 5.85938e-06
0.00942389 1.17187e-05

0.0094207 1.57833e-05
0.00941872 1.75781e-05

0.00941484 2.04915e-05
0.00941882 1.75781e-05

0.0094207 1.58959e-05
0.00942404 1.17187e-05

0.00942656 4.33839e-06
0.00942714 0

0.00994605 0
0.00994693 5.85937e-06

0.00994679 5.85938e-06
0.00994805 8.42871e-06

0.00994805 8.39469e-06
0.00994972 1.17187e-05

0.00994957 1.17187e-05
0.00995391 1.63128e-05

0.00995391 1.64767e-05
0.00995579 1.75781e-05

0.00995663 1.75781e-05
0.00995977 1.92854e-05

0.00995977 1.93044e-05
0.00996562 2.02924e-05

0.00996562 2.0287e-05
0.00997148 1.93811e-05

0.00997734 1.63755e-05
0.00997514 1.75781e-05

0.00997148 1.95494e-05
0.00997526 1.75781e-05

0.0099832 9.21156e-06
0.00998195 1.17187e-05

0.00998533 0
0.00998456 5.85937e-06

0.0099832 9.30264e-06
0.00998486 5.85938e-06

0.00997734 1.66067e-05
0.00998212 1.17187e-05

0.0099947 0
0.00999492 9.22504e-07

0.00999492 2.04612e-07
0.00999565 5.85937e-06

0.00999542 5.85938e-06
0.00999813 1.17187e-05

0.00999811 1.17187e-05
0.0100008 1.49621e-05

0.0100008 1.51484e-05
0.0100038 1.75781e-05

0.0100045 1.75781e-05
0.0100066 1.89327e-05

0.0100066 1.90658e-05
0.0100125 2.07056e-05

0.0100125 2.06442e-05
0.0100184 2.02928e-05

0.0100184 2.03893e-05
0.0100242 1.79766e-05

0.0100346 0
0.0100337 5.85937e-06

0.0100339 5.85938e-06
0.0100309 1.17187e-05

0.0100301 1.29618e-05
0.0100251 1.75781e-05

0.0100242 1.79729e-05
0.0100248 1.75781e-05

0.0100301 1.29856e-05
0.010031 1.17187e-05

