0.00242636 0
0.00242636 5.85937e-06

0.00242636 5.85938e-06
0.00242635 1.17187e-05

0.00242635 1.17187e-05
0.00242635 1.75781e-05

0.00242635 1.75781e-05
0.00242634 2.34375e-05

0.00242634 2.34375e-05
0.00242633 2.92969e-05

0.00242633 2.92969e-05
0.00242632 3.51562e-05

0.00242632 3.51562e-05
0.00242631 4.10156e-05

0.00242631 4.10156e-05
0.0024263 4.6875e-05

0.0024263 4.6875e-05
0.00242628 5.27344e-05

0.00242628 5.27344e-05
0.00242626 5.85937e-05

0.00242626 5.85937e-05
0.00242624 6.44531e-05

0.00242624 6.44531e-05
0.00242622 7.03125e-05

0.00242622 7.03125e-05
0.0024262 7.61719e-05

0.0024262 7.61719e-05
0.00242617 8.20312e-05

0.00242617 8.20312e-05
0.00242615 8.78906e-05

0.00242615 8.78906e-05
0.00242612 9.375e-05

0.00242612 9.375e-05
0.00242608 9.96094e-05

0.00242608 9.96094e-05
0.00242605 0.000105469

0.00242605 0.000105469
0.00242601 0.000111328

0.00242601 0.000111328
0.00242597 0.000117187

0.00242597 0.000117187
0.00242593 0.000123047

0.00242593 0.000123047
0.00242589 0.000128906

0.00242589 0.000128906
0.00242584 0.000134766

0.00242584 0.000134766
0.0024258 0.000140625

0.0024258 0.000140625
0.00242575 0.000146484

0.00242575 0.000146484
0.00242569 0.000152344

0.00242569 0.000152344
0.00242564 0.000158203

0.00242564 0.000158203
0.00242558 0.000164062

0.00242558 0.000164062
0.00242552 0.000169922

0.00242552 0.000169922
0.00242546 0.000175781

0.00242546 0.000175781
0.00242539 0.000181641

0.00242539 0.000181641
0.00242532 0.0001875

0.00242532 0.0001875
0.00242525 0.000193359

0.00242525 0.000193359
0.00242517 0.000199219

0.00242517 0.000199219
0.0024251 0.000205078

0.0024251 0.000205078
0.00242501 0.000210937

0.00242501 0.000210937
0.00242493 0.000216797

0.00242493 0.000216797
0.00242484 0.000222656

0.00242484 0.000222656
0.00242475 0.000228516

0.00242475 0.000228516
0.00242466 0.000234375

0.00242461 0.000237178
0.00242456 0.000240234

0.00242456 0.000240234
0.00242446 0.000246094

0.00242461 0.000237175
0.00242466 0.000234375

0.00242446 0.000246094
0.00242435 0.000251953

0.00242435 0.000251953
0.00242424 0.000257812

0.00242424 0.000257812
0.00242413 0.000263672

0.00242413 0.000263672
0.00242401 0.000269531

0.00242401 0.000269531
0.00242389 0.000275391

0.00242389 0.000275391
0.00242376 0.00028125

0.00242376 0.00028125
0.00242363 0.000287109

0.00242363 0.000287109
0.0024235 0.000292969

0.0024235 0.000292969
0.00242336 0.000298828

0.00242336 0.000298828
0.00242321 0.000304687

0.00242321 0.000304687
0.00242306 0.000310547

0.00242306 0.000310547
0.00242291 0.000316406

0.00242291 0.000316406
0.00242275 0.000322266

0.00242275 0.000322266
0.00242259 0.000328125

0.00242259 0.000328125
0.00242242 0.000333984

0.00242242 0.000333984
0.00242224 0.000339844

0.00242224 0.000339844
0.00242206 0.000345703

0.00242206 0.000345703
0.00242187 0.000351562

0.00242187 0.000351562
0.00242168 0.000357422

0.00242168 0.000357422
0.00242148 0.000363281

0.00242148 0.000363281
0.00242127 0.000369141

0.00242127 0.000369141
0.00242106 0.000375

0.00251909 0
0.00251909 5.85937e-06

0.00251909 5.85938e-06
0.00251908 1.17187e-05

0.00251908 1.17187e-05
0.00251908 1.75781e-05

0.00251908 1.75781e-05
0.00251907 2.34375e-05

0.00251907 2.34375e-05
0.00251906 2.92969e-05

0.00251906 2.92969e-05
0.00251904 3.51562e-05

0.00251904 3.51562e-05
0.00251903 4.10156e-05

0.00251903 4.10156e-05
0.00251901 4.6875e-05

0.00251901 4.6875e-05
0.00251899 5.27344e-05

0.00251899 5.27344e-05
0.00251896 5.85937e-05

0.00251896 5.85937e-05
0.00251893 6.44531e-05

0.00251893 6.44531e-05
0.00251891 7.03125e-05

0.00251891 7.03125e-05
0.00251887 7.61719e-05

0.00251887 7.61719e-05
0.00251884 8.20312e-05

0.00251884 8.20312e-05
0.0025188 8.78906e-05

0.0025188 8.78906e-05
0.00251876 9.375e-05

0.00251876 9.375e-05
0.00251872 9.96094e-05

0.00251872 9.96094e-05
0.00251868 0.000105469

0.00251868 0.000105469
0.00251863 0.000111328

0.00251863 0.000111328
0.00251858 0.000117187

0.00251858 0.000117187
0.00251853 0.000123047

0.00251853 0.000123047
0.00251847 0.000128906

0.00251836 0.000140243
0.00251836 0.000140625

0.00251847 0.000128906
0.00251842 0.000134766

0.00251836 0.000140239
0.00251842 0.000134766

0.00251836 0.000140625
0.00251829 0.000146484

0.00251829 0.000146484
0.00251823 0.000152344

0.00251823 0.000152344
0.00251816 0.000158203

0.00251816 0.000158203
0.00251809 0.000164062

0.00251809 0.000164062
0.00251802 0.000169922

0.00251802 0.000169922
0.00251794 0.000175781

0.00251794 0.000175781
0.00251787 0.000181641

0.00251787 0.000181641
0.00251779 0.0001875

0.00251779 0.0001875
0.0025177 0.000193359

0.0025177 0.000193359
0.00251762 0.000199219

0.00251762 0.000199219
0.00251753 0.000205078

0.00251753 0.000205078
0.00251744 0.000210937

0.00251744 0.000210937
0.00251735 0.000216797

0.00251735 0.000216797
0.00251726 0.000222656

0.00251726 0.000222656
0.00251716 0.000228516

0.00251716 0.000228516
0.00251706 0.000234375

0.00251706 0.000234375
0.00251696 0.000240234

0.00251696 0.000240234
0.00251685 0.000246094

0.00251685 0.000246094
0.00251675 0.000251953

0.00251675 0.000251953
0.00251664 0.000257812

0.00251664 0.000257812
0.00251653 0.000263672

0.00251653 0.000263672
0.00251641 0.000269531

0.00251641 0.000269531
0.0025163 0.000275391

0.0025163 0.000275391
0.00251618 0.00028125

0.00251618 0.00028125
0.00251606 0.000287109

0.00251606 0.000287109
0.00251594 0.000292969

0.00251594 0.000292969
0.00251581 0.000298828

0.00251581 0.000298828
0.00251569 0.000304687

0.00251569 0.000304687
0.00251556 0.000310547

0.00251556 0.000310547
0.00251543 0.000316406

0.00251543 0.000316406
0.0025153 0.000322266

0.0025153 0.000322266
0.00251516 0.000328125

0.00251516 0.000328125
0.00251502 0.000333984

0.00251502 0.000333984
0.00251489 0.000339844

0.00251489 0.000339844
0.00251475 0.000345703

0.00251475 0.000345703
0.0025146 0.000351562

0.0025146 0.000351562
0.00251446 0.000357422

0.00251446 0.000357422
0.00251431 0.000363281

0.00251431 0.000363281
0.00251417 0.000369141

0.00251417 0.000369141
0.00251402 0.000375

0.00241875 0.000429081
0.00241853 0.000433594

0.00241853 0.000433594
0.00241823 0.000439453

0.00241823 0.000439453
0.00241792 0.000445312

0.00241792 0.000445312
0.0024176 0.000451172

0.0024176 0.000451172
0.00241728 0.000457031

0.00241728 0.000457031
0.00241694 0.000462891

0.00241694 0.000462891
0.0024166 0.00046875

0.0024166 0.00046875
0.00241624 0.000474609

0.00241624 0.000474609
0.00241587 0.000480469

0.00241587 0.000480469
0.0024155 0.000486328

0.0024155 0.000486328
0.00241511 0.000492187

0.00241511 0.000492187
0.00241471 0.000498047

0.00241471 0.000498047
0.0024143 0.000503906

0.0024143 0.000503906
0.00241387 0.000509766

0.00241387 0.000509766
0.00241344 0.000515625

0.00241289 0.000522714
0.00241253 0.000527344

0.00241344 0.000515625
0.00241299 0.000521484

0.00241289 0.000522712
0.00241299 0.000521484

0.00241253 0.000527344
0.00241205 0.000533203

0.00241205 0.000533203
0.00241156 0.000539062

0.00241156 0.000539062
0.00241106 0.000544922

0.00241106 0.000544922
0.00241054 0.000550781

0.00241054 0.000550781
0.00241001 0.000556641

0.00241001 0.000556641
0.00240947 0.0005625

0.00242106 0.000375
0.00242084 0.000380859

0.00242084 0.000380859
0.00242061 0.000386719

0.00242061 0.000386719
0.00242038 0.000392578

0.00242038 0.000392578
0.00242014 0.000398437

0.00242014 0.000398437
0.00241989 0.000404297

0.00241989 0.000404297
0.00241963 0.000410156

0.00241963 0.000410156
0.00241937 0.000416016

0.00241937 0.000416016
0.0024191 0.000421875

0.0024191 0.000421875
0.00241882 0.000427734

0.00241875 0.000429079
0.00241882 0.000427734

0.0025125 0.000432186
0.00251246 0.000433594

0.00251246 0.000433594
0.0025123 0.000439453

0.0025123 0.000439453
0.00251214 0.000445312

0.00251214 0.000445312
0.00251198 0.000451172

0.00251198 0.000451172
0.00251182 0.000457031

0.00251182 0.000457031
0.00251165 0.000462891

0.00251165 0.000462891
0.00251149 0.00046875

0.00251149 0.00046875
0.00251133 0.000474609

0.00251133 0.000474609
0.00251117 0.000480469

0.00251117 0.000480469
0.00251101 0.000486328

0.00251101 0.000486328
0.00251085 0.000492187

0.00251085 0.000492187
0.00251069 0.000498047

0.00251069 0.000498047
0.00251053 0.000503906

0.00251053 0.000503906
0.00251037 0.000509766

0.00251037 0.000509766
0.00251021 0.000515625

0.00251021 0.000515625
0.00251006 0.000521484

0.00251006 0.000521484
0.0025099 0.000527344

0.0025099 0.000527344
0.00250975 0.000533203

0.00250975 0.000533203
0.0025096 0.000539062

0.0025096 0.000539062
0.00250945 0.000544922

0.00250945 0.000544922
0.00250931 0.000550781

0.00250931 0.000550781
0.00250916 0.000556641

0.00250916 0.000556641
0.00250902 0.0005625

0.00240947 0.0005625
0.00240891 0.000568359

0.00240891 0.000568359
0.00240833 0.000574219

0.00240833 0.000574219
0.00240774 0.000580078

0.00240774 0.000580078
0.00240713 0.000585937

0.00240703 0.000586844
0.0024065 0.000591797

0.0024065 0.000591797
0.00240586 0.000597656

0.00240586 0.000597656
0.0024052 0.000603516

0.0024052 0.000603516
0.00240452 0.000609375

0.00240703 0.000586843
0.00240713 0.000585937

0.00240452 0.000609375
0.00240382 0.000615234

0.00240382 0.000615234
0.00240311 0.000621094

0.00240311 0.000621094
0.00240238 0.000626953

0.00240238 0.000626953
0.00240162 0.000632812

0.00240117 0.000636244
0.00240085 0.000638672

0.00240085 0.000638672
0.00240006 0.000644531

0.00240117 0.000636242
0.00240162 0.000632812

0.00240006 0.000644531
0.00239924 0.000650391

0.00239924 0.000650391
0.00239841 0.00065625

0.00239531 0.000676783
0.00239486 0.000679687

0.00239485 0.000679687
0.00239391 0.000685547

0.00239391 0.000685547
0.00239294 0.000691406

0.00239294 0.000691406
0.00239195 0.000697266

0.00239195 0.000697266
0.00239093 0.000703125

0.00239841 0.00065625
0.00239755 0.000662109

0.00239755 0.000662109
0.00239668 0.000667969

0.00239668 0.000667969
0.00239578 0.000673828

0.00239531 0.000676781
0.00239578 0.000673828

0.00238945 0.000711392
0.00238882 0.000714844

0.00239093 0.000703125
0.00238989 0.000708984

0.00238945 0.00071139
0.00238989 0.000708984

0.00238882 0.000714844
0.00238773 0.000720703

0.00238773 0.000720703
0.00238662 0.000726562

0.00238359 0.000741762
0.00238311 0.000744141

0.00238311 0.000744141
0.00238188 0.00075

0.00238662 0.000726562
0.00238547 0.000732422

0.00238547 0.000732422
0.0023843 0.000738281

0.00238359 0.00074176
0.0023843 0.000738281

0.00250902 0.0005625
0.00250888 0.000568359

0.00250888 0.000568359
0.00250875 0.000574219

0.00250875 0.000574219
0.00250862 0.000580078

0.00250862 0.000580078
0.00250849 0.000585937

0.00250849 0.000585937
0.00250837 0.000591797

0.00250837 0.000591797
0.00250825 0.000597656

0.00250825 0.000597656
0.00250814 0.000603516

0.00250814 0.000603516
0.00250803 0.000609375

0.00250803 0.000609375
0.00250793 0.000615234

0.00250793 0.000615234
0.00250783 0.000621094

0.00250783 0.000621094
0.00250774 0.000626953

0.00250774 0.000626953
0.00250765 0.000632812

0.00250765 0.000632812
0.00250757 0.000638672

0.00250757 0.000638672
0.0025075 0.000644531

0.0025075 0.000644531
0.00250743 0.000650391

0.00250743 0.000650391
0.00250737 0.00065625

0.00250737 0.00065625
0.00250732 0.000662109

0.00250732 0.000662109
0.00250727 0.000667969

0.00250727 0.000667969
0.00250724 0.000673828

0.00250724 0.000673828
0.00250721 0.000679687

0.00250721 0.000679687
0.00250719 0.000685547

0.00250719 0.000685547
0.00250718 0.000691406

0.00250718 0.000691406
0.00250718 0.000697266

0.00250718 0.000697266
0.00250719 0.000703125

0.00250719 0.000703125
0.00250721 0.000708984

0.00250721 0.000708984
0.00250724 0.000714844

0.00250724 0.000714844
0.00250728 0.000720703

0.00250728 0.000720703
0.00250733 0.000726562

0.00250733 0.000726562
0.0025074 0.000732422

0.00250739 0.000732422
0.00250747 0.000738281

0.00250747 0.000738281
0.00250756 0.000744141

0.00250756 0.000744141
0.00250766 0.00075

0.00251402 0.000375
0.00251387 0.000380859

0.00251387 0.000380859
0.00251372 0.000386719

0.00251372 0.000386719
0.00251356 0.000392578

0.00251356 0.000392578
0.00251341 0.000398437

0.00251341 0.000398437
0.00251325 0.000404297

0.00251325 0.000404297
0.0025131 0.000410156

0.0025131 0.000410156
0.00251294 0.000416016

0.00251294 0.000416016
0.00251278 0.000421875

0.00251278 0.000421875
0.00251262 0.000427734

0.0025125 0.000432182
0.00251262 0.000427734

0.002325 0.000942469
0.00232466 0.000943359

0.00232466 0.000943359
0.00232239 0.000949219

0.00231914 0.000957454
0.00231775 0.000960937

0.00232239 0.000949219
0.00232009 0.000955078

0.00231914 0.000957452
0.00232009 0.000955078

0.00231328 0.000971953
0.00231299 0.000972656

0.00231299 0.000972656
0.00231057 0.000978516

0.00231057 0.000978516
0.00230811 0.000984375

0.00231775 0.000960937
0.00231539 0.000966797

0.00231328 0.000971951
0.00231539 0.000966797

0.00230156 0.000999646
0.00230056 0.00100195

0.00230056 0.00100195
0.00229798 0.00100781

0.00228984 0.0010259
0.00228739 0.00103125

0.0022957 0.00101294
0.00229538 0.00101367

0.00229538 0.00101367
0.00229274 0.00101953

0.0022957 0.00101294
0.00229798 0.00100781

0.00229274 0.00101953
0.00229008 0.00102539

0.00228984 0.0010259
0.00229008 0.00102539

0.00230742 0.000985997
0.00230562 0.000990234

0.00230562 0.000990234
0.0023031 0.000996094

0.00230742 0.000985996
0.00230811 0.000984375

0.00230156 0.000999643
0.00230311 0.000996094

0.00227812 0.00105096
0.00227634 0.00105469

0.00226641 0.00107503
0.00226487 0.00107812

0.00227227 0.00106311
0.00227066 0.00106641

0.00227634 0.00105469
0.00227351 0.00106055

0.00227227 0.00106311
0.00227351 0.00106055

0.00227066 0.00106641
0.00226778 0.00107227

0.00226641 0.00107503
0.00226778 0.00107227

0.00225469 0.00109828
0.002253 0.00110156

0.00224297 0.00112082
0.00224076 0.001125

0.00224883 0.00110963
0.00224693 0.00111328

0.002253 0.00110156
0.00224997 0.00110742

0.00224883 0.00110963
0.00224998 0.00110742

0.00224693 0.00111328
0.00224385 0.00111914

0.00224297 0.00112082
0.00224385 0.00111914

0.00226055 0.00108675
0.00225899 0.00108984

0.00226487 0.00107812
0.00226194 0.00108398

0.00226055 0.00108675
0.00226194 0.00108398

0.00225898 0.00108984
0.002256 0.0010957

0.00225469 0.00109827
0.002256 0.0010957

0.00228398 0.00103856
0.00228192 0.00104297

0.00228738 0.00103125
0.00228467 0.00103711

0.00228398 0.00103856
0.00228467 0.00103711

0.00228192 0.00104297
0.00227914 0.00104883

0.00227812 0.00105096
0.00227914 0.00104883

0.0021375 0.0013062
0.00213724 0.00130664

0.00213723 0.00130664
0.00213375 0.0013125

0.00203789 0.00147648
0.00203784 0.00147656

0.00204375 0.0014661
0.00204114 0.0014707

0.00203789 0.00147646
0.00204114 0.0014707

0.00203203 0.00148692
0.00203127 0.00148828

0.00202617 0.00149745
0.00202476 0.0015

0.00203126 0.00148828
0.002028 0.00149414

0.00202617 0.00149743
0.002028 0.00149414

0.00203783 0.00147656
0.00203454 0.00148242

0.00203203 0.0014869
0.00203454 0.00148242

0.00207891 0.00140518
0.00207828 0.00140625

0.00209062 0.00138524
0.0020886 0.00138867

0.00208859 0.00138867
0.00208515 0.00139453

0.00208477 0.00139518
0.00208171 0.00140039

0.00207891 0.00140517
0.00208171 0.00140039

0.00208477 0.00139518
0.00208515 0.00139453

0.00211406 0.00134565
0.00211287 0.00134766

0.0021082 0.00135552
0.00210592 0.00135937

0.00211286 0.00134766
0.00210939 0.00135352

0.0021082 0.00135551
0.00210939 0.00135352

0.00211992 0.00133579
0.00211984 0.00133594

0.00212578 0.00132592
0.00212331 0.00133008

0.00211992 0.00133578
0.00212331 0.00133008

0.00213164 0.00131606
0.00213028 0.00131836

0.00213027 0.00131836
0.00212679 0.00132422

0.00213164 0.00131606
0.00213375 0.0013125

0.00212578 0.00132592
0.00212679 0.00132422

0.00211983 0.00133594
0.00211635 0.0013418

0.00211406 0.00134564
0.00211635 0.0013418

0.00210234 0.0013654
0.00209897 0.00137109

0.00209648 0.00137531
0.00209551 0.00137695

0.00209551 0.00137695
0.00209205 0.00138281

0.00209648 0.0013753
0.00209897 0.00137109

0.00210591 0.00135937
0.00210244 0.00136523

0.00210234 0.0013654
0.00210244 0.00136523

0.00209062 0.00138523
0.00209205 0.00138281

0.00206719 0.00142528
0.00206463 0.00142969

0.00205547 0.00144558
0.0020545 0.00144727

0.00205449 0.00144727
0.00205113 0.00145312

0.00206133 0.0014354
0.00206125 0.00143555

0.00206124 0.00143555
0.00205786 0.00144141

0.00206133 0.00143539
0.00206462 0.00142969

0.00205547 0.00144556
0.00205786 0.00144141

0.00207305 0.00141521
0.00207144 0.00141797

0.00207827 0.00140625
0.00207485 0.00141211

0.00207305 0.0014152
0.00207485 0.00141211

0.00207143 0.00141797
0.00206802 0.00142383

0.00206719 0.00142527
0.00206802 0.00142383

0.00204961 0.00145581
0.0020478 0.00145898

0.00204779 0.00145898
0.00204445 0.00146484

0.00204961 0.0014558
0.00205113 0.00145312

0.00204375 0.00146609
0.00204446 0.00146484

0.00223125 0.00114278
0.00222819 0.00114844

0.00221953 0.00116424
0.00221855 0.00116602

0.00221855 0.00116602
0.0022153 0.00117187

0.00222539 0.00115357
0.00222499 0.0011543

0.00222499 0.0011543
0.00222178 0.00116016

0.00222539 0.00115356
0.00222818 0.00114844

0.00221953 0.00116423
0.00222178 0.00116016

0.00220781 0.00118528
0.00220546 0.00118945

0.00220546 0.00118945
0.00220215 0.00119531

0.00219609 0.00120598
0.00219549 0.00120703

0.00219023 0.00121621
0.00218878 0.00121875

0.00219549 0.00120703
0.00219214 0.00121289

0.00219023 0.0012162
0.00219214 0.00121289

0.00220195 0.00119566
0.00219883 0.00120117

0.00219609 0.00120597
0.00219883 0.00120117

0.00220195 0.00119566
0.00220215 0.00119531

0.00221367 0.00117481
0.00221204 0.00117773

0.00221204 0.00117773
0.00220876 0.00118359

0.00221367 0.0011748
0.0022153 0.00117187

0.00220781 0.00118528
0.00220876 0.00118359

0.00218437 0.00122638
0.00218201 0.00123047

0.00217852 0.00123649
0.0021752 0.00124219

0.00218201 0.00123047
0.00217861 0.00123633

0.00217852 0.00123649
0.00217861 0.00123633

0.00217266 0.00124656
0.00217179 0.00124805

0.00217178 0.00124805
0.00216836 0.00125391

0.0021668 0.00125658
0.00216493 0.00125977

0.00216492 0.00125977
0.00216148 0.00126562

0.0021668 0.00125657
0.00216836 0.00125391

0.00217266 0.00124655
0.0021752 0.00124219

0.00214922 0.00128642
0.00214766 0.00128906

0.00215508 0.0012765
0.00215458 0.00127734

0.00216094 0.00126655
0.00215803 0.00127148

0.00215508 0.00127649
0.00215803 0.00127148

0.00215458 0.00127734
0.00215112 0.0012832

0.00214922 0.00128641
0.00215112 0.0012832

0.00214336 0.00129631
0.00214071 0.00130078

0.00214765 0.00128906
0.00214418 0.00129492

0.00214336 0.00129631
0.00214418 0.00129492

0.0021375 0.00130619
0.00214071 0.00130078

0.00216094 0.00126655
0.00216148 0.00126563

0.00218877 0.00121875
0.0021854 0.00122461

0.00218437 0.00122638
0.0021854 0.00122461

0.00223711 0.00113187
0.00223451 0.00113672

0.00224076 0.001125
0.00223765 0.00113086

0.00223711 0.00113187
0.00223765 0.00113086

0.00223451 0.00113672
0.00223136 0.00114258

0.00223125 0.00114278
0.00223136 0.00114258

0.00237187 0.000793679
0.00237108 0.000796875

0.00237108 0.000796875
0.0023696 0.000802734

0.0023696 0.000802734
0.00236809 0.000808594

0.00236602 0.000816437
0.00236498 0.000820312

0.00236809 0.000808594
0.00236655 0.000814453

0.00236602 0.000816436
0.00236655 0.000814453

0.00236016 0.000837599
0.00236007 0.000837891

0.00236007 0.000837891
0.00235838 0.00084375

0.00236498 0.000820312
0.00236337 0.000826172

0.00236337 0.000826172
0.00236174 0.000832031

0.00236016 0.000837596
0.00236174 0.000832031

0.00238188 0.00075
0.00238063 0.000755859

0.00238063 0.000755859
0.00237935 0.000761719

0.00237773 0.000768957
0.00237671 0.000773437

0.00237935 0.000761719
0.00237805 0.000767578

0.00237773 0.000768956
0.00237805 0.000767578

0.00237671 0.000773437
0.00237535 0.000779297

0.00237535 0.000779297
0.00237396 0.000785156

0.00237396 0.000785156
0.00237253 0.000791016

0.00237187 0.000793678
0.00237253 0.000791016

0.00234844 0.000876094
0.00234753 0.000878906

0.00234753 0.000878906
0.00234561 0.000884766

0.00234561 0.000884766
0.00234366 0.000890625

0.00235838 0.00084375
0.00235665 0.000849609

0.00235665 0.000849609
0.00235489 0.000855469

0.0023543 0.000857403
0.0023531 0.000861328

0.0023531 0.000861328
0.00235127 0.000867187

0.0023543 0.000857402
0.00235489 0.000855469

0.00235127 0.000867187
0.00234942 0.000873047

0.00234844 0.000876092
0.00234942 0.000873047

0.00233672 0.000910729
0.00233554 0.000914062

0.00234258 0.000893826
0.00234168 0.000896484

0.00234168 0.000896484
0.00233966 0.000902344

0.00234258 0.000893824
0.00234366 0.000890625

0.00233966 0.000902344
0.00233761 0.000908203

0.00233672 0.000910728
0.00233761 0.000908203

0.00233554 0.000914062
0.00233342 0.000919922

0.00233342 0.000919922
0.00233128 0.000925781

0.00233086 0.000926916
0.00232911 0.000931641

0.0023291 0.000931641
0.0023269 0.0009375

0.00233086 0.000926915
0.00233128 0.000925781

0.00250766 0.00075
0.00250777 0.000755859

0.00250777 0.000755859
0.00250789 0.000761719

0.00250789 0.000761719
0.00250803 0.000767578

0.00250803 0.000767578
0.00250818 0.000773437

0.00250818 0.000773437
0.00250835 0.000779297

0.00250835 0.000779297
0.00250853 0.000785156

0.00250853 0.000785156
0.00250872 0.000791016

0.00250872 0.000791016
0.00250893 0.000796875

0.00250893 0.000796875
0.00250915 0.000802734

0.00250915 0.000802734
0.00250939 0.000808594

0.00250939 0.000808594
0.00250964 0.000814453

0.00250964 0.000814453
0.00250991 0.000820312

0.00250991 0.000820312
0.00251019 0.000826172

0.00251019 0.000826172
0.0025105 0.000832031

0.0025105 0.000832031
0.00251081 0.000837891

0.00251081 0.000837891
0.00251114 0.00084375

0.00251114 0.00084375
0.00251149 0.000849609

0.00251149 0.000849609
0.00251186 0.000855469

0.00251186 0.000855469
0.00251224 0.000861328

0.00251224 0.000861328
0.0025125 0.000865071

0.002325 0.000942466
0.0023269 0.0009375

0.0025125 0.00086507
0.00251264 0.000867187

0.00251264 0.000867187
0.00251306 0.000873047

0.00251306 0.000873047
0.0025135 0.000878906

0.0025135 0.000878906
0.00251395 0.000884766

0.00251395 0.000884766
0.00251442 0.000890625

0.00251442 0.000890625
0.00251491 0.000896484

0.00251491 0.000896484
0.00251541 0.000902344

0.00251541 0.000902344
0.00251593 0.000908203

0.00251593 0.000908203
0.00251648 0.000914062

0.00251648 0.000914062
0.00251703 0.000919922

0.00251703 0.000919922
0.00251761 0.000925781

0.00251761 0.000925781
0.00251821 0.000931641

0.00251821 0.000931641
0.00251836 0.000933081

0.00251836 0.000933079
0.00251882 0.0009375

0.00251882 0.0009375
0.00251945 0.000943359

0.00251945 0.000943359
0.0025201 0.000949219

0.0025201 0.000949219
0.00252077 0.000955078

0.00252077 0.000955078
0.00252145 0.000960937

0.00252145 0.000960937
0.00252216 0.000966797

0.00252216 0.000966797
0.00252288 0.000972656

0.00252288 0.000972656
0.00252362 0.000978516

0.00252362 0.000978516
0.00252422 0.000983127

0.00252422 0.000983127
0.00252438 0.000984375

0.00252438 0.000984375
0.00252516 0.000990234

0.00252516 0.000990234
0.00252595 0.000996094

0.00252595 0.000996094
0.00252676 0.00100195

0.00252676 0.00100195
0.00252759 0.00100781

0.00252759 0.00100781
0.00252843 0.00101367

0.00252843 0.00101367
0.0025293 0.00101953

0.0025293 0.00101953
0.00253008 0.00102471

0.00253008 0.00102471
0.00253018 0.00102539

0.00253018 0.00102539
0.00253108 0.00103125

0.00253108 0.00103125
0.00253199 0.00103711

0.00253199 0.00103711
0.00253292 0.00104297

0.00253292 0.00104297
0.00253387 0.00104883

0.00253387 0.00104883
0.00253483 0.00105469

0.00253483 0.00105469
0.00253582 0.00106055

0.00253582 0.00106055
0.00253594 0.00106125

0.00253594 0.00106125
0.00253682 0.00106641

0.00253681 0.00106641
0.00253782 0.00107227

0.00253782 0.00107227
0.00253885 0.00107812

0.00253885 0.00107812
0.00253989 0.00108398

0.00253989 0.00108398
0.00254095 0.00108984

0.00254095 0.00108984
0.0025418 0.00109444

0.0025418 0.00109444
0.00254203 0.0010957

0.00254203 0.0010957
0.00254311 0.00110156

0.00254311 0.00110156
0.00254421 0.00110742

0.00254421 0.00110742
0.00254532 0.00111328

0.00254532 0.00111328
0.00254645 0.00111914

0.00254645 0.00111914
0.0025476 0.001125

0.0025476 0.001125
0.00254766 0.00112529

0.00254766 0.00112528
0.00254876 0.00113086

0.00254875 0.00113086
0.00254992 0.00113672

0.00254992 0.00113672
0.00255109 0.00114258

0.00255109 0.00114258
0.00255228 0.00114844

0.00255228 0.00114844
0.00255349 0.0011543

0.00255349 0.0011543
0.00255352 0.00115441

0.00255352 0.0011544
0.00255471 0.00116016

0.00255471 0.00116016
0.00255592 0.00116602

0.00255592 0.00116602
0.00255715 0.00117187

0.00255715 0.00117187
0.0025584 0.00117773

0.0025584 0.00117773
0.00255938 0.00118226

0.00255937 0.00118226
0.00255966 0.00118359

0.00255966 0.00118359
0.00256092 0.00118945

0.00256092 0.00118945
0.00256218 0.00119531

0.00256218 0.00119531
0.00256345 0.00120117

0.00256345 0.00120117
0.00256474 0.00120703

0.00256475 0.00120703
0.00256523 0.00120921

0.00256523 0.00120921
0.00256605 0.00121289

0.00256604 0.00121289
0.00256734 0.00121875

0.00256733 0.00121875
0.00256863 0.00122461

0.00256863 0.00122461
0.00256994 0.00123047

0.00256995 0.00123047
0.00257109 0.00123555

0.00257109 0.00123555
0.00257127 0.00123633

0.00257127 0.00123633
0.00257258 0.00124219

0.00257258 0.00124219
0.00257389 0.00124805

0.00257389 0.00124805
0.00257521 0.00125391

0.00257521 0.00125391
0.00257655 0.00125977

0.00257656 0.00125977
0.00257695 0.00126151

0.00257695 0.00126151
0.00257789 0.00126562

0.00257788 0.00126563
0.0025792 0.00127148

0.0025792 0.00127148
0.00258053 0.00127734

0.00258052 0.00127734
0.00258186 0.0012832

0.00258187 0.0012832
0.00258281 0.00128734

0.00258281 0.00128734
0.00258321 0.00128906

0.0025832 0.00128906
0.00258452 0.00129492

0.00258452 0.00129492
0.00258584 0.00130078

0.00258583 0.00130078
0.00258715 0.00130664

0.00258716 0.00130664
0.00258849 0.0013125

0.00258849 0.0013125
0.00258867 0.00131331

0.00258867 0.0013133
0.00258981 0.00131836

0.0025898 0.00131836
0.0025911 0.00132422

0.0025911 0.00132422
0.00259239 0.00133008

0.00259239 0.00133008
0.00259369 0.00133594

0.00259371 0.00133594
0.00259453 0.00133967

0.00259453 0.00133967
0.002595 0.0013418

0.002595 0.0013418
0.00259627 0.00134766

0.00259627 0.00134766
0.00259753 0.00135352

0.00259752 0.00135352
0.00259878 0.00135937

0.00259878 0.00135937
0.00260004 0.00136523

0.00260005 0.00136523
0.00260039 0.00136683

0.00260039 0.00136683
0.00260129 0.00137109

0.00260129 0.00137109
0.0026025 0.00137695

0.0026025 0.00137695
0.00260371 0.00138281

0.0026037 0.00138281
0.0026049 0.00138867

0.00260491 0.00138867
0.0026061 0.00139453

0.0026061 0.00139453
0.00260625 0.00139528

0.00260625 0.00139527
0.00260727 0.00140039

0.00260727 0.00140039
0.00260841 0.00140625

0.00260841 0.00140625
0.00260953 0.00141211

0.00260953 0.00141211
0.00261064 0.00141797

0.00261064 0.00141797
0.00261174 0.00142383

0.00261175 0.00142383
0.00261211 0.00142579

0.00261211 0.00142578
0.00261283 0.00142969

0.00261282 0.00142969
0.00261387 0.00143555

0.00261387 0.00143555
0.00261489 0.00144141

0.00261489 0.00144141
0.00261589 0.00144727

0.00261589 0.00144727
0.00261687 0.00145312

0.00261688 0.00145312
0.00261784 0.00145898

0.00261784 0.00145898
0.00261797 0.00145977

0.00261797 0.00145976
0.00261878 0.00146484

0.00261878 0.00146484
0.00261967 0.0014707

0.00261967 0.0014707
0.00262055 0.00147656

0.00262055 0.00147656
0.00262139 0.00148242

0.00262139 0.00148242
0.00262221 0.00148828

0.00262221 0.00148828
0.002623 0.00149414

0.002623 0.00149414
0.00262376 0.0015

0.00195 0.00164492
0.00194926 0.00164648

0.00194925 0.00164648
0.00194649 0.00165234

0.00194414 0.0016574
0.00194376 0.0016582

0.00194376 0.0016582
0.00194104 0.00166406

0.00194414 0.00165737
0.00194649 0.00165234

0.00193828 0.0016701
0.00193569 0.00167578

0.00193242 0.00168305
0.00193043 0.0016875

0.00193567 0.00167578
0.00193303 0.00168164

0.00193242 0.00168304
0.00193305 0.00168164

0.00194103 0.00166406
0.00193835 0.00166992

0.00193828 0.0016701
0.00193836 0.00166992

0.00190312 0.00175249
0.00190104 0.00175781

0.00189727 0.00176761
0.00189654 0.00176953

0.00190101 0.00175781
0.00189874 0.00176367

0.00189727 0.00176758
0.00189875 0.00176367

0.00189654 0.00176953
0.00189432 0.00177539

0.00189429 0.00177539
0.00189212 0.00178125

0.00192656 0.00169627
0.00192527 0.00169922

0.0019207 0.00170979
0.00192021 0.00171094

0.00192526 0.00169922
0.00192271 0.00170508

0.0019207 0.00170976
0.00192271 0.00170508

0.00191484 0.00172363
0.00191281 0.00172852

0.00191279 0.00172852
0.00191037 0.00173437

0.00192021 0.00171094
0.00191771 0.0017168

0.00191769 0.0017168
0.00191523 0.00172266

0.00191484 0.00172362
0.00191525 0.00172266

0.00193041 0.0016875
0.00192782 0.00169336

0.00192656 0.00169625
0.00192783 0.00169336

0.00190898 0.00173785
0.00190802 0.00174023

0.00190801 0.00174023
0.00190565 0.00174609

0.00190898 0.00173782
0.00191038 0.00173437

0.00190563 0.00174609
0.00190331 0.00175195

0.00190312 0.00175247
0.00190333 0.00175195

0.00187969 0.00181691
0.00187794 0.00182227

0.00187792 0.00182227
0.00187601 0.00182812

0.00189141 0.00178331
0.00189003 0.00178711

0.00189001 0.00178711
0.00188789 0.00179297

0.00188555 0.00179968
0.00188382 0.00180469

0.00188788 0.00179297
0.00188581 0.00179883

0.00188555 0.00179967
0.00188584 0.00179883

0.00189141 0.00178329
0.00189215 0.00178125

0.0018838 0.00180469
0.00188178 0.00181055

0.00188177 0.00181055
0.00187982 0.00181641

0.00187969 0.00181689
0.00187985 0.00181641

0.00187383 0.00183521
0.00187242 0.00183984

0.001876 0.00182812
0.00187417 0.00183398

0.00187383 0.0018352
0.0018742 0.00183398

0.00187241 0.00183984
0.00187062 0.0018457

0.0018706 0.0018457
0.00186888 0.00185156

0.00186797 0.00185496
0.00186728 0.00185742

0.00186728 0.00185742
0.00186564 0.00186328

0.00186562 0.00186328
0.00186403 0.00186914

0.00186402 0.00186914
0.00186252 0.001875

0.00186797 0.00185493
0.00186891 0.00185156

0.00185625 0.00190202
0.00185578 0.0019043

0.00185577 0.0019043
0.00185457 0.00191016

0.00185456 0.00191016
0.00185341 0.00191602

0.00185341 0.00191602
0.00185234 0.00192187

0.00185234 0.00192187
0.00185137 0.00192773

0.00185138 0.00192773
0.00185048 0.00193359

0.00185039 0.00193423
0.00184963 0.00193945

0.00184962 0.00193945
0.00184882 0.00194531

0.00185039 0.00193424
0.00185049 0.00193359

0.00184882 0.00194531
0.00184811 0.00195117

0.00184811 0.00195117
0.00184749 0.00195703

0.00184749 0.00195703
0.00184695 0.00196289

0.00184695 0.00196289
0.00184649 0.00196875

0.00184649 0.00196875
0.00184611 0.00197461

0.00184611 0.00197461
0.00184582 0.00198047

0.00184582 0.00198047
0.00184562 0.00198633

0.00184562 0.00198633
0.00184552 0.00199219

0.00184552 0.00199219
0.00184551 0.00199805

0.00184551 0.00199805
0.0018456 0.00200391

0.0018456 0.00200391
0.0018458 0.00200977

0.0018458 0.00200977
0.0018461 0.00201563

0.0018461 0.00201562
0.00184652 0.00202148

0.00184652 0.00202148
0.00184706 0.00202734

0.00184706 0.00202734
0.00184771 0.0020332

0.00184771 0.0020332
0.00184848 0.00203906

0.00184848 0.00203906
0.00184937 0.00204492

0.00184936 0.00204492
0.00185039 0.00205073

0.00185039 0.00205075
0.0018504 0.00205078

0.0018504 0.00205078
0.00185162 0.00205664

0.00185165 0.00205664
0.001853 0.0020625

0.00186211 0.00187679
0.00186111 0.00188086

0.0018611 0.00188086
0.00185965 0.00188672

0.00186211 0.00187678
0.00186255 0.001875

0.00185964 0.00188672
0.00185825 0.00189258

0.00185824 0.00189258
0.00185696 0.00189844

0.00185625 0.00190201
0.00185699 0.00189844

0.00185298 0.0020625
0.00185444 0.00206836

0.00185442 0.00206836
0.00185608 0.00207422

0.00185609 0.00207422
0.00185625 0.00207474

0.00185625 0.00207471
0.00185796 0.00208008

0.00185797 0.00208008
0.00185997 0.00208594

0.00185993 0.00208594
0.00186211 0.00209171

0.00186211 0.00209172
0.00186214 0.0020918

0.00186218 0.0020918
0.0018646 0.00209766

0.00186457 0.00209766
0.0018672 0.00210352

0.00186719 0.00210352
0.00186797 0.0021051

0.00186797 0.00210507
0.00187008 0.00210937

0.00187007 0.00210937
0.00187318 0.00211523

0.00187317 0.00211523
0.00187383 0.00211639

0.00187383 0.00211634
0.00187656 0.00212109

0.00187653 0.00212109
0.00187969 0.00212615

0.00187969 0.00212613
0.0018802 0.00212695

0.00188022 0.00212695
0.00188418 0.00213281

0.00188416 0.00213281
0.00188555 0.00213479

0.00188555 0.00213472
0.00188842 0.00213867

0.00188841 0.00213867
0.00189141 0.00214248

0.00189141 0.00214245
0.00189306 0.00214453

0.00189305 0.00214453
0.00189727 0.00214944

0.00189727 0.00214944
0.0018981 0.00215039

0.00189808 0.00215039
0.00190312 0.00215584

0.00190312 0.00215584
0.00190352 0.00215625

0.0019035 0.00215625
0.00190898 0.00216172

0.00190898 0.00216173
0.00190938 0.00216211

0.0019094 0.00216211
0.00191484 0.00216712

0.00191484 0.00216712
0.00191582 0.00216797

0.00191587 0.00216797
0.0019207 0.00217208

0.0019207 0.00217211
0.00192287 0.00217383

0.00192292 0.00217383
0.00192656 0.0021767

0.00192656 0.00217675
0.00193056 0.00217969

0.0019306 0.00217969
0.00193242 0.00218098

0.00193242 0.00218103
0.00193828 0.00218503

0.00193828 0.00218505
0.00193907 0.00218555

0.00193909 0.00218555
0.00194414 0.00218878

0.00194414 0.00218879
0.00194852 0.00219141

0.00194859 0.00219141
0.00195 0.00219224

0.00199687 0.00155153
0.00199624 0.00155273

0.00199622 0.00155273
0.00199314 0.00155859

0.00199102 0.00156268
0.00199009 0.00156445

0.00199008 0.00156445
0.00198703 0.00157031

0.00199102 0.00156266
0.00199314 0.00155859

0.00198516 0.00157396
0.00198402 0.00157617

0.001984 0.00157617
0.00198099 0.00158203

0.0019793 0.00158539
0.00197802 0.00158789

0.001978 0.00158789
0.00197504 0.00159375

0.0019793 0.00158537
0.001981 0.00158203

0.00198516 0.00157394
0.00198703 0.00157031

0.00202031 0.00150806
0.0020183 0.00151172

0.00201445 0.00151876
0.00201191 0.00152344

0.00201829 0.00151172
0.00201509 0.00151758

0.00201445 0.00151875
0.00201509 0.00151758

0.00200859 0.00152956
0.00200558 0.00153516

0.00200273 0.00154049
0.00200245 0.00154102

0.00200244 0.00154102
0.00199933 0.00154687

0.00200273 0.00154047
0.00200558 0.00153516

0.0020119 0.00152344
0.00200873 0.0015293

0.00200859 0.00152956
0.00200874 0.0015293

0.00202474 0.0015
0.00202151 0.00150586

0.00202031 0.00150805
0.00202151 0.00150586

0.00199687 0.0015515
0.00199933 0.00154687

0.00197344 0.00159696
0.0019721 0.00159961

0.00197209 0.00159961
0.00196916 0.00160547

0.00196758 0.00160868
0.00196627 0.00161133

0.00196625 0.00161133
0.00196336 0.00161719

0.00196758 0.00160866
0.00196916 0.00160547

0.00196172 0.00162058
0.00196051 0.00162305

0.0019605 0.00162305
0.00195765 0.00162891

0.00195586 0.00163266
0.00195484 0.00163477

0.00195483 0.00163477
0.00195203 0.00164062

0.00195586 0.00163263
0.00195766 0.00162891

0.00196172 0.00162056
0.00196337 0.00161719

0.00197344 0.00159694
0.00197504 0.00159375

0.00195 0.0016449
0.00195203 0.00164062

0.00195 0.00219226
0.00195586 0.00219552

0.00195586 0.00219554
0.00195918 0.00219727

0.00195925 0.00219727
0.00196172 0.00219855

0.00196172 0.00219856
0.00196758 0.0022014

0.00196758 0.00220142
0.00197136 0.00220312

0.00197142 0.00220312
0.00197344 0.00220403

0.00197344 0.00220404
0.0019793 0.00220651

0.0019793 0.00220651
0.00198516 0.0022088

0.00198516 0.0022088
0.00198565 0.00220898

0.00198567 0.00220898
0.00199102 0.00221092

0.00199102 0.00221092
0.00199687 0.00221289

0.00199687 0.00221289
0.00200273 0.0022147

0.00200273 0.00221471
0.00200322 0.00221484

0.00200323 0.00221484
0.00200859 0.00221637

0.00200859 0.00221637
0.00201445 0.0022179

0.00201445 0.0022179
0.00202031 0.0022193

0.00202031 0.0022193
0.00202617 0.00222056

0.00202617 0.00222056
0.0020269 0.0022207

0.00202692 0.0022207
0.00203203 0.0022217

0.00203203 0.0022217
0.00203789 0.00222272

0.00203789 0.00222272
0.00204375 0.00222361

0.00204375 0.00222361
0.00204961 0.00222439

0.00204961 0.00222439
0.00205547 0.00222506

0.00205547 0.00222506
0.00206133 0.00222561

0.00206133 0.00222561
0.00206719 0.00222605

0.00206719 0.00222605
0.00207305 0.00222639

0.00207305 0.00222639
0.00207753 0.00222656

0.00207757 0.00222656
0.00207891 0.00222661

0.00207891 0.00222662
0.00208477 0.00222674

0.00208477 0.00222674
0.00209062 0.00222677

0.00210234 0.00222651
0.00210073 0.00222656

0.00210234 0.00222652
0.0021082 0.00222624

0.0021082 0.00222624
0.00211406 0.00222587

0.00209062 0.00222677
0.00209648 0.00222669

0.00209648 0.00222669
0.00210084 0.00222656

0.00211406 0.00222587
0.00211992 0.00222541

0.00211992 0.00222541
0.00212578 0.00222485

0.00212578 0.00222485
0.00213164 0.0022242

0.00213164 0.0022242
0.0021375 0.00222345

0.0021375 0.00222345
0.00214336 0.00222261

0.00214336 0.00222261
0.00214922 0.00222169

0.00215508 0.00222065
0.00215478 0.0022207

0.00214922 0.00222169
0.00215488 0.0022207

0.00215508 0.00222067
0.00216094 0.00221955

0.00216094 0.00221955
0.0021668 0.00221835

0.0021668 0.00221835
0.00217266 0.00221706

0.00218437 0.00221421
0.00218186 0.00221484

0.00217266 0.00221706
0.00217852 0.00221568

0.00217852 0.00221569
0.0021819 0.00221484

0.00222539 0.0022015
0.00222081 0.00220312

0.00222539 0.0022015
0.00223125 0.00219934

0.00218437 0.00221422
0.00219023 0.00221266

0.00219023 0.00221266
0.00219609 0.00221102

0.00219609 0.00221102
0.00220195 0.00220929

0.00220781 0.00220747
0.00220294 0.00220898

0.00220195 0.0022093
0.00220295 0.00220898

0.00220781 0.00220747
0.00221367 0.00220557

0.00221367 0.00220557
0.00221953 0.00220358

0.00221953 0.00220358
0.00222083 0.00220312

0.002325 0.00215294
0.00231956 0.00215625

0.00223711 0.00219708
0.00223661 0.00219727

0.00223125 0.00219934
0.00223666 0.00219727

0.00223711 0.00219709
0.00224297 0.00219475

0.00225469 0.00218982
0.00225099 0.00219141

0.00224297 0.00219475
0.00224883 0.00219233

0.00224883 0.00219234
0.00225101 0.00219141

0.00227812 0.00217892
0.00227655 0.00217969

0.00225469 0.00218982
0.00226055 0.00218723

0.00226641 0.00218454
0.00226421 0.00218555

0.00226055 0.00218724
0.00226424 0.00218555

0.00226641 0.00218455
0.00227227 0.00218178

0.00227227 0.00218179
0.00227658 0.00217969

0.00227812 0.00217893
0.00228398 0.00217599

0.00228984 0.00217295
0.00228815 0.00217383

0.00228398 0.002176
0.00228818 0.00217383

0.00230156 0.00216664
0.00229913 0.00216797

0.00228984 0.00217296
0.0022957 0.00216985

0.0022957 0.00216986
0.00229916 0.00216797

0.00230156 0.00216665
0.00230742 0.00216335

0.00231328 0.00215997
0.00230957 0.00216211

0.00230742 0.00216336
0.0023096 0.00216211

0.00231328 0.00215998
0.00231914 0.00215651

0.00231914 0.00215651
0.00231958 0.00215625

0.00262377 0.0015
0.00262383 0.00150049

0.00262383 0.00150049
0.0026245 0.00150586

0.00262449 0.00150586
0.00262518 0.00151172

0.00262518 0.00151172
0.00262584 0.00151758

0.00262584 0.00151758
0.00262647 0.00152344

0.00262647 0.00152344
0.00262706 0.0015293

0.00262706 0.0015293
0.00262761 0.00153516

0.00262761 0.00153516
0.00262813 0.00154102

0.00262813 0.00154102
0.00262861 0.00154687

0.00262861 0.00154687
0.00262906 0.00155273

0.00262906 0.00155273
0.00262946 0.00155859

0.00262946 0.00155859
0.00262969 0.0015622

0.00262969 0.0015622
0.00262983 0.00156445

0.00262983 0.00156445
0.00263015 0.00157031

0.00263015 0.00157031
0.00263044 0.00157617

0.00263044 0.00157617
0.00263068 0.00158203

0.00263068 0.00158203
0.00263088 0.00158789

0.00263088 0.00158789
0.00263104 0.00159375

0.00263104 0.00159375
0.00263115 0.00159961

0.00263115 0.00159961
0.00263123 0.00160547

0.00263123 0.00160547
0.00263125 0.00161133

0.00263125 0.00161133
0.00263123 0.00161719

0.00263123 0.00161719
0.00263117 0.00162305

0.00263117 0.00162305
0.00263105 0.00162891

0.00263105 0.00162891
0.00263089 0.00163477

0.00263089 0.00163477
0.00263068 0.00164062

0.00262969 0.00165927
0.00262936 0.00166406

0.00262936 0.00166406
0.0026289 0.00166992

0.0026289 0.00166992
0.00262839 0.00167578

0.00262839 0.00167578
0.00262782 0.00168164

0.00262782 0.00168164
0.00262721 0.0016875

0.00263068 0.00164062
0.00263042 0.00164648

0.00263042 0.00164648
0.00263012 0.00165234

0.00263012 0.00165234
0.00262976 0.0016582

0.00262969 0.00165927
0.00262976 0.0016582

0.00260625 0.00179263
0.00260615 0.00179297

0.00260616 0.00179297
0.0026044 0.00179883

0.00260441 0.00179883
0.00260257 0.00180469

0.00259453 0.00182803
0.0025945 0.00182812

0.00260039 0.0018113
0.00259867 0.00181641

0.00260257 0.00180469
0.00260065 0.00181055

0.00260039 0.0018113
0.00260064 0.00181055

0.00259868 0.00181641
0.00259664 0.00182227

0.00259453 0.00182807
0.00259663 0.00182227

0.00258281 0.00185745
0.00258026 0.00186328

0.00257695 0.00187058
0.00257491 0.001875

0.00258027 0.00186328
0.00257763 0.00186914

0.00257695 0.00187059
0.00257763 0.00186914

0.00259451 0.00182812
0.00259232 0.00183398

0.00259233 0.00183398
0.00259007 0.00183984

0.00258867 0.0018433
0.00258771 0.0018457

0.00258772 0.0018457
0.00258532 0.00185156

0.00258867 0.00184332
0.00259006 0.00183984

0.00258532 0.00185156
0.00258283 0.00185742

0.00258281 0.00185745
0.00258282 0.00185742

0.00262721 0.0016875
0.00262654 0.00169336

0.00262654 0.00169336
0.00262581 0.00169922

0.00262581 0.00169922
0.00262503 0.00170508

0.00262503 0.00170508
0.00262419 0.00171094

0.00262383 0.00171329
0.0026233 0.0017168

0.0026233 0.0017168
0.00262236 0.00172266

0.00262383 0.00171329
0.00262419 0.00171094

0.00262236 0.00172266
0.00262135 0.00172852

0.00262135 0.00172852
0.00262027 0.00173437

0.00261797 0.00174598
0.00261795 0.00174609

0.00261795 0.00174609
0.00261671 0.00175195

0.00261671 0.00175195
0.00261541 0.00175781

0.00262027 0.00173437
0.00261914 0.00174023

0.00261797 0.00174598
0.00261914 0.00174023

0.0026154 0.00175781
0.00261402 0.00176367

0.00261402 0.00176367
0.00261257 0.00176953

0.00261211 0.00177131
0.00261107 0.00177539

0.00261108 0.00177539
0.00260952 0.00178125

0.00261211 0.00177131
0.00261256 0.00176953

0.00260952 0.00178125
0.00260787 0.00178711

0.00260625 0.00179265
0.00260787 0.00178711

0.00244219 0.00206059
0.00244025 0.0020625

0.00246562 0.00203631
0.0024631 0.00203906

0.00245391 0.00204875
0.00245194 0.00205078

0.00244805 0.00205475
0.00244617 0.00205664

0.00244219 0.00206061
0.00244618 0.00205664

0.00244805 0.00205477
0.00245195 0.00205078

0.00245977 0.00204261
0.00245758 0.00204492

0.00245391 0.00204877
0.00245757 0.00204492

0.00245977 0.00204263
0.00246307 0.00203906

0.00248906 0.00200943
0.00248878 0.00200977

0.00248879 0.00200977
0.00248388 0.00201563

0.0025125 0.00197938
0.00251171 0.00198047

0.00250664 0.00198723
0.00250285 0.00199219

0.00251171 0.00198047
0.00250733 0.00198633

0.00250664 0.00198724
0.00250733 0.00198633

0.00249492 0.00200223
0.00249359 0.00200391

0.00250078 0.00199482
0.00249827 0.00199805

0.00249492 0.00200223
0.00249827 0.00199805

0.00248906 0.00200943
0.00249358 0.00200391

0.00250078 0.00199487
0.00250283 0.00199219

0.00247734 0.00202321
0.00247373 0.00202734

0.00247148 0.00202983
0.00246849 0.0020332

0.00246562 0.00203632
0.00246845 0.0020332

0.00247148 0.00202986
0.00247371 0.00202734

0.0024832 0.00201642
0.00247886 0.00202148

0.00247734 0.00202323
0.00247885 0.00202148

0.0024832 0.00201642
0.00248388 0.00201562

0.00233086 0.00214929
0.00232908 0.00215039

0.002325 0.00215296
0.00232912 0.00215039

0.00233086 0.0021493
0.00233672 0.00214556

0.00234258 0.00214172
0.00233828 0.00214453

0.00234844 0.00213778
0.00234709 0.00213867

0.00234258 0.00214173
0.00234715 0.00213867

0.00233672 0.00214556
0.00233831 0.00214453

0.00236016 0.00212964
0.00235565 0.00213281

0.00236602 0.00212542
0.00236386 0.00212695

0.00236016 0.00212966
0.00236391 0.00212695

0.00236602 0.00212544
0.00237187 0.00212112

0.00234844 0.0021378
0.0023543 0.00213377

0.0023543 0.00213376
0.00235569 0.00213281

0.00238945 0.00210752
0.00238707 0.00210937

0.00239531 0.00210275
0.00239437 0.00210352

0.00238945 0.00210753
0.00239442 0.00210352

0.00241875 0.00208269
0.00241505 0.00208594

0.00240703 0.00209296
0.0024015 0.00209766

0.00239531 0.00210279
0.00240117 0.00209793

0.00240117 0.00209793
0.0024015 0.00209766

0.00241289 0.00208788
0.00240837 0.0020918

0.00240703 0.00209296
0.00240839 0.0020918

0.00241289 0.00208788
0.00241511 0.00208594

0.00237773 0.00211668
0.00237189 0.00212109

0.00238359 0.00211215
0.0023796 0.00211523

0.00237773 0.00211668
0.00237964 0.00211523

0.00237187 0.00212111
0.0023719 0.00212109

0.00238359 0.00211216
0.00238714 0.00210937

0.00243047 0.00207189
0.00242797 0.00207422

0.00242461 0.00207735
0.00242159 0.00208008

0.00241875 0.00208268
0.00242165 0.00208008

0.00242461 0.00207735
0.00242802 0.00207422

0.00243633 0.00206631
0.00243418 0.00206836

0.00243047 0.0020719
0.00243423 0.00206836

0.00243633 0.00206632
0.00244028 0.0020625

0.00255938 0.00190569
0.00255694 0.00191016

0.00255352 0.00191626
0.00255029 0.00192187

0.00255694 0.00191016
0.00255366 0.00191602

0.00255352 0.00191626
0.00255366 0.00191602

0.00252422 0.00196294
0.00252017 0.00196875

0.00253008 0.00195427
0.00252824 0.00195703

0.00253594 0.00194533
0.00253214 0.00195117

0.00253008 0.00195428
0.00253215 0.00195117

0.00252825 0.00195703
0.00252426 0.00196289

0.00252422 0.00196295
0.00252426 0.00196289

0.00254766 0.00192633
0.00254683 0.00192773

0.00254684 0.00192773
0.0025433 0.00193359

0.0025418 0.00193601
0.00253967 0.00193945

0.00253967 0.00193945
0.00253595 0.00194531

0.0025418 0.00193602
0.0025433 0.00193359

0.00254766 0.00192635
0.00255029 0.00192187

0.00253594 0.00194534
0.00253595 0.00194531

0.00257109 0.00188293
0.00256924 0.00188672

0.00256523 0.00189461
0.00256325 0.00189844

0.00256925 0.00188672
0.00256629 0.00189258

0.00256523 0.00189462
0.00256629 0.00189258

0.00257491 0.001875
0.00257212 0.00188086

0.00257109 0.00188295
0.00257212 0.00188086

0.00256326 0.00189844
0.00256014 0.0019043

0.00255937 0.0019057
0.00256014 0.0019043

0.00251836 0.00197128
0.00251599 0.00197461

0.0025125 0.00197939
0.00251599 0.00197461

0.00251836 0.0019713
0.00252017 0.00196875

