0.000834321 0
0.000834323 5.85937e-06

0.000834323 5.85938e-06
0.000834328 1.17187e-05

0.000834328 1.17187e-05
0.000834336 1.75781e-05

0.000834336 1.75781e-05
0.000834348 2.34375e-05

0.000834348 2.34375e-05
0.000834364 2.92969e-05

0.000834364 2.92969e-05
0.000834382 3.51562e-05

0.000834382 3.51562e-05
0.000834404 4.10156e-05

0.000834404 4.10156e-05
0.000834428 4.6875e-05

0.000834428 4.6875e-05
0.000834456 5.27344e-05

0.000834456 5.27344e-05
0.000834486 5.85937e-05

0.000834486 5.85937e-05
0.00083452 6.44531e-05

0.00083452 6.44531e-05
0.000834556 7.03125e-05

0.000834556 7.03125e-05
0.000834596 7.61719e-05

0.000834596 7.61719e-05
0.000834639 8.20312e-05

0.000834639 8.20312e-05
0.000834684 8.78906e-05

0.000834684 8.78906e-05
0.000834732 9.375e-05

0.000834732 9.375e-05
0.000834783 9.96094e-05

0.000834783 9.96094e-05
0.000834837 0.000105469

0.000834837 0.000105469
0.000834894 0.000111328

0.000834894 0.000111328
0.000834953 0.000117187

0.000834953 0.000117187
0.000835015 0.000123047

0.000835015 0.000123047
0.000835079 0.000128906

0.000835079 0.000128906
0.000835146 0.000134766

0.000835146 0.000134766
0.000835216 0.000140625

0.000835216 0.000140625
0.000835288 0.000146484

0.000835288 0.000146484
0.000835362 0.000152344

0.000835362 0.000152344
0.000835439 0.000158203

0.000835439 0.000158203
0.000835517 0.000164062

0.000835517 0.000164062
0.000835598 0.000169922

0.000835598 0.000169922
0.000835681 0.000175781

0.000835681 0.000175781
0.000835766 0.000181641

0.000835766 0.000181641
0.000835853 0.0001875

0.000835853 0.0001875
0.000835942 0.000193359

0.000835942 0.000193359
0.000836032 0.000199219

0.000836032 0.000199219
0.000836124 0.000205078

0.000836124 0.000205078
0.000836218 0.000210937

0.000836218 0.000210937
0.000836313 0.000216797

0.000836313 0.000216797
0.000836409 0.000222656

0.000836409 0.000222656
0.000836506 0.000228516

0.000836506 0.000228516
0.000836604 0.000234375

0.000836604 0.000234375
0.000836703 0.000240234

0.000836703 0.000240234
0.000836719 0.000241139

0.000836719 0.000241139
0.000836803 0.000246094

0.000836803 0.000246094
0.000836904 0.000251953

0.000836904 0.000251953
0.000837005 0.000257812

0.000837005 0.000257812
0.000837106 0.000263672

0.000837107 0.000263672
0.000837208 0.000269531

0.000837208 0.000269531
0.00083731 0.000275391

0.00083731 0.000275391
0.000837412 0.00028125

0.000837412 0.00028125
0.000837514 0.000287109

0.000837514 0.000287109
0.000837616 0.000292969

0.000837616 0.000292969
0.000837717 0.000298828

0.000837717 0.000298828
0.000837818 0.000304687

0.000837818 0.000304687
0.000837918 0.000310547

0.000837918 0.000310547
0.000838017 0.000316406

0.000838017 0.000316406
0.000838115 0.000322266

0.000838115 0.000322266
0.000838211 0.000328125

0.000838211 0.000328125
0.000838307 0.000333984

0.000838307 0.000333984
0.000838401 0.000339844

0.000838401 0.000339844
0.000838493 0.000345703

0.000838493 0.000345703
0.000838583 0.000351562

0.000838583 0.000351562
0.000838671 0.000357422

0.000838671 0.000357422
0.000838757 0.000363281

0.000838757 0.000363281
0.000838841 0.000369141

0.000838841 0.000369141
0.000838922 0.000375

0.000838922 0.000375
0.000839 0.000380859

0.000839 0.000380859
0.000839075 0.000386719

0.000839075 0.000386719
0.000839148 0.000392578

0.000839148 0.000392578
0.000839217 0.000398437

0.000839217 0.000398437
0.000839282 0.000404297

0.000839282 0.000404297
0.000839344 0.000410156

0.000839344 0.000410156
0.000839402 0.000416016

0.000839402 0.000416016
0.000839455 0.000421875

0.000839455 0.000421875
0.000839505 0.000427734

0.000839505 0.000427734
0.00083955 0.000433594

0.00083955 0.000433594
0.00083959 0.000439453

0.00083959 0.000439453
0.000839626 0.000445312

0.000839626 0.000445312
0.000839656 0.000451172

0.000839656 0.000451172
0.000839682 0.000457031

0.000839682 0.000457031
0.000839702 0.000462891

0.000839702 0.000462891
0.000839716 0.00046875

0.000839716 0.00046875
0.000839724 0.000474609

0.000839724 0.000474609
0.000839726 0.000480469

0.000839727 0.000480469
0.000839723 0.000486328

0.000839723 0.000486328
0.000839713 0.000492187

0.000839713 0.000492187
0.000839696 0.000498047

0.000839696 0.000498047
0.000839672 0.000503906

0.000839673 0.000503906
0.000839642 0.000509766

0.000839642 0.000509766
0.000839605 0.000515625

0.000839605 0.000515625
0.00083956 0.000521484

0.00083956 0.000521484
0.000839508 0.000527344

0.000839508 0.000527344
0.000839448 0.000533203

0.000839448 0.000533203
0.00083938 0.000539062

0.00083938 0.000539062
0.000839304 0.000544922

0.000839305 0.000544922
0.000839221 0.000550781

0.000839221 0.000550781
0.000839128 0.000556641

0.000839129 0.000556641
0.000839028 0.0005625

0.000839028 0.0005625
0.000838918 0.000568359

0.000838918 0.000568359
0.0008388 0.000574219

0.0008388 0.000574219
0.000838673 0.000580078

0.000838673 0.000580078
0.000838537 0.000585937

0.000838537 0.000585937
0.000838391 0.000591797

0.000838391 0.000591797
0.000838236 0.000597656

0.000838236 0.000597656
0.000838071 0.000603516

0.000838071 0.000603516
0.000837897 0.000609375

0.000837897 0.000609375
0.000837713 0.000615234

0.000837713 0.000615234
0.000837519 0.000621094

0.000837519 0.000621094
0.000837315 0.000626953

0.000837315 0.000626953
0.000837101 0.000632812

0.000836719 0.000642611
0.000836642 0.000644531

0.000836642 0.000644531
0.000836396 0.000650391

0.000836396 0.000650391
0.00083614 0.00065625

0.000837101 0.000632812
0.000836877 0.000638672

0.000836719 0.000642611
0.000836877 0.000638672

0.00083614 0.00065625
0.000835873 0.000662109

0.000835873 0.000662109
0.000835595 0.000667969

0.000835595 0.000667969
0.000835307 0.000673828

0.000835307 0.000673828
0.000835008 0.000679687

0.000835008 0.000679687
0.000834697 0.000685547

0.000834697 0.000685547
0.000834376 0.000691406

0.000834376 0.000691406
0.000834044 0.000697266

0.000834044 0.000697266
0.0008337 0.000703125

0.0008337 0.000703125
0.000833346 0.000708984

0.000833346 0.000708984
0.00083298 0.000714844

0.00083298 0.000714844
0.000832603 0.000720703

0.000832603 0.000720703
0.000832215 0.000726562

0.000832215 0.000726562
0.000831815 0.000732422

0.000831815 0.000732422
0.000831405 0.000738281

0.000830859 0.000745822
0.00083055 0.00075

0.000831405 0.000738281
0.000830984 0.000744141

0.000830859 0.000745823
0.000830984 0.000744141

0.000825 0.000814983
0.000824485 0.000820312

0.000824485 0.000820312
0.000823908 0.000826172

0.000823908 0.000826172
0.000823321 0.000832031

0.000823321 0.000832031
0.000822723 0.000837891

0.000822723 0.000837891
0.000822116 0.00084375

0.000822116 0.00084375
0.000821498 0.000849609

0.000821498 0.000849609
0.00082087 0.000855469

0.00082087 0.000855469
0.000820233 0.000861328

0.000820232 0.000861328
0.000819586 0.000867187

0.000819141 0.00087117
0.00081893 0.000873047

0.00081893 0.000873047
0.000818261 0.000878906

0.000819141 0.00087117
0.000819587 0.000867187

0.000818261 0.000878906
0.000817582 0.000884766

0.000817582 0.000884766
0.000816895 0.000890625

0.000816895 0.000890625
0.000816198 0.000896484

0.000816198 0.000896484
0.000815493 0.000902344

0.000815493 0.000902344
0.000814779 0.000908203

0.000814779 0.000908203
0.000814058 0.000914062

0.000813281 0.000920299
0.000812588 0.000925781

0.000812587 0.000925781
0.000811836 0.000931641

0.000811836 0.000931641
0.000811077 0.0009375

0.000814059 0.000914062
0.000813329 0.000919922

0.000813281 0.000920299
0.000813329 0.000919922

0.000811078 0.0009375
0.000810311 0.000943359

0.000810311 0.000943359
0.000809538 0.000949219

0.000809537 0.000949219
0.000808757 0.000955078

0.000808756 0.000955078
0.00080797 0.000960937

0.000807422 0.000964994
0.000807177 0.000966797

0.000807176 0.000966797
0.00080637 0.000972656

0.000807422 0.000964994
0.000807972 0.000960937

0.00080637 0.000972656
0.000805556 0.000978516

0.000805556 0.000978516
0.000804736 0.000984375

0.000801563 0.0010067
0.000801402 0.00100781

0.000801402 0.00100781
0.000800549 0.00101367

0.000800548 0.00101367
0.000799687 0.00101953

0.000799687 0.00101953
0.000798821 0.00102539

0.000798821 0.00102539
0.000797951 0.00103125

0.000804736 0.000984375
0.00080391 0.000990234

0.00080391 0.000990234
0.000803078 0.000996094

0.000803078 0.000996094
0.000802243 0.00100195

0.000801562 0.0010067
0.000802245 0.00100195

0.000797951 0.00103125
0.000797077 0.00103711

0.000797077 0.00103711
0.000796201 0.00104297

0.000795703 0.00104629
0.000795321 0.00104883

0.000795319 0.00104883
0.000794426 0.00105469

0.000795703 0.00104629
0.000796204 0.00104297

0.000794425 0.00105469
0.000793525 0.00106055

0.000793525 0.00106055
0.000792623 0.00106641

0.000792622 0.00106641
0.000791717 0.00107227

0.000791716 0.00107227
0.000790811 0.00107812

0.000789844 0.00108438
0.000788987 0.00108984

0.000788985 0.00108984
0.000788059 0.0010957

0.000788059 0.0010957
0.00078713 0.00110156

0.000790813 0.00107812
0.000789904 0.00108398

0.000789844 0.00108438
0.000789906 0.00108398

0.00078713 0.00110156
0.0007862 0.00110742

0.000786199 0.00110742
0.000785269 0.00111328

0.000783984 0.00112139
0.000783408 0.001125

0.00078527 0.00111328
0.000784341 0.00111914

0.000783984 0.00112139
0.000784344 0.00111914

0.000778125 0.00115769
0.000777725 0.00116016

0.000777723 0.00116016
0.000776765 0.00116602

0.000776763 0.00116602
0.000775801 0.00117187

0.000775801 0.00117187
0.000774839 0.00117773

0.000774839 0.00117773
0.00077388 0.00118359

0.000772266 0.00119353
0.000771976 0.00119531

0.000773879 0.00118359
0.000772926 0.00118945

0.000772266 0.00119353
0.000772931 0.00118945

0.000771974 0.00119531
0.000771008 0.00120117

0.000771006 0.00120117
0.000770036 0.00120703

0.000770036 0.00120703
0.000769068 0.00121289

0.000769067 0.00121289
0.000768103 0.00121875

0.000783406 0.001125
0.00078246 0.00113086

0.000782459 0.00113086
0.000781511 0.00113672

0.00078151 0.00113672
0.000780562 0.00114258

0.000780561 0.00114258
0.000779614 0.00114844

0.000779613 0.00114844
0.000778669 0.0011543

0.000778125 0.00115769
0.000778674 0.0011543

0.000766406 0.00122918
0.000766195 0.00123047

0.000766194 0.00123047
0.000765228 0.00123633

0.000765225 0.00123633
0.000764255 0.00124219

0.000768102 0.00121875
0.000767146 0.00122461

0.000766406 0.00122917
0.000767151 0.00122461

0.000764254 0.00124219
0.000763287 0.00124805

0.000763286 0.00124805
0.000762324 0.00125391

0.000760547 0.00126488
0.000760425 0.00126562

0.000762322 0.00125391
0.00076137 0.00125977

0.000760547 0.00126487
0.000761376 0.00125977

0.000754688 0.0013009
0.000753761 0.00130664

0.000753757 0.00130664
0.000752806 0.0013125

0.000760425 0.00126563
0.000759465 0.00127148

0.000759462 0.00127148
0.000758498 0.00127734

0.000758497 0.00127734
0.000757536 0.0012832

0.000757536 0.0012832
0.000756582 0.00128906

0.00075658 0.00128906
0.000755637 0.00129492

0.000755642 0.00129492
0.000754704 0.00130078

0.000754687 0.0013009
0.000754707 0.00130078

0.00073125 0.00145604
0.000730856 0.00145898

0.000730852 0.00145898
0.000730066 0.00146484

0.000730064 0.00146484
0.000729287 0.0014707

0.000729287 0.0014707
0.000728526 0.00147656

0.000728526 0.00147656
0.00072778 0.00148242

0.00072778 0.00148242
0.00072705 0.00148828

0.000727049 0.00148828
0.000726337 0.00149414

0.000726338 0.00149414
0.000725644 0.0015

0.000752805 0.0013125
0.000751858 0.00131836

0.000751858 0.00131836
0.000750918 0.00132422

0.000750917 0.00132422
0.000749989 0.00133008

0.000749991 0.00133008
0.000749073 0.00133594

0.000748828 0.00133753
0.000748156 0.0013418

0.000748152 0.0013418
0.000747221 0.00134766

0.000748828 0.00133753
0.000749079 0.00133594

0.00074722 0.00134766
0.000746293 0.00135352

0.000746293 0.00135352
0.000745375 0.00135937

0.000742969 0.00137514
0.000742693 0.00137695

0.000742691 0.00137695
0.000741794 0.00138281

0.000745374 0.00135937
0.000744467 0.00136523

0.000744466 0.00136523
0.000743574 0.00137109

0.000742969 0.00137514
0.000743582 0.00137109

0.000741791 0.00138281
0.000740895 0.00138867

0.000740894 0.00138867
0.000740007 0.00139453

0.000740006 0.00139453
0.000739131 0.00140039

0.00073913 0.00140039
0.000738268 0.00140625

0.000737109 0.00141432
0.000736582 0.00141797

0.000738269 0.00140625
0.000737422 0.00141211

0.000737109 0.00141432
0.000737429 0.00141211

0.000736577 0.00141797
0.000735724 0.00142383

0.000735722 0.00142383
0.000734877 0.00142969

0.000734877 0.00142969
0.000734044 0.00143555

0.000734043 0.00143555
0.000733224 0.00144141

0.000733223 0.00144141
0.000732419 0.00144727

0.000732419 0.00144727
0.000731632 0.00145312

0.00073125 0.00145604
0.00073164 0.00145312

0.00083055 0.00075
0.000830105 0.000755859

0.000830105 0.000755859
0.000829649 0.000761719

0.000829649 0.000761719
0.000829182 0.000767578

0.000829182 0.000767578
0.000828704 0.000773437

0.000828704 0.000773437
0.000828214 0.000779297

0.000828214 0.000779297
0.000827714 0.000785156

0.000827714 0.000785156
0.000827203 0.000791016

0.000827203 0.000791016
0.000826681 0.000796875

0.000826681 0.000796875
0.000826148 0.000802734

0.000826147 0.000802734
0.000825604 0.000808594

0.000825605 0.000808594
0.000825051 0.000814453

0.000825 0.000814984
0.000825051 0.000814453

0.000725391 0.0015022
0.000724961 0.00150586

0.000724956 0.00150586
0.000724271 0.00151172

0.000725391 0.0015022
0.00072565 0.0015

0.00072427 0.00151172
0.000723601 0.00151758

0.000723601 0.00151758
0.000722952 0.00152344

0.000722952 0.00152344
0.000722322 0.0015293

0.000722322 0.0015293
0.000721709 0.00153516

0.000721709 0.00153516
0.000721116 0.00154102

0.000721116 0.00154102
0.000720543 0.00154687

0.000719531 0.00155789
0.000719467 0.00155859

0.000719465 0.00155859
0.000718946 0.00156445

0.000718944 0.00156445
0.000718444 0.00157031

0.000720542 0.00154687
0.000719994 0.00155273

0.000719531 0.00155789
0.000719998 0.00155273

0.000718444 0.00157031
0.00071797 0.00157617

0.00071797 0.00157617
0.00071752 0.00158203

0.00071752 0.00158203
0.000717096 0.00158789

0.000717096 0.00158789
0.000716697 0.00159375

0.000716696 0.00159375
0.000716323 0.00159961

0.000716323 0.00159961
0.000715977 0.00160547

0.000715977 0.00160547
0.000715659 0.00161133

0.000715659 0.00161133
0.00071537 0.00161719

0.00071537 0.00161719
0.000715111 0.00162305

0.000715111 0.00162305
0.000714884 0.00162891

0.000714883 0.00162891
0.000714688 0.00163477

0.000714688 0.00163477
0.000714527 0.00164062

0.000714526 0.00164062
0.000714399 0.00164648

0.000714399 0.00164648
0.000714308 0.00165234

0.000714308 0.00165234
0.000714255 0.0016582

0.000714254 0.0016582
0.00071424 0.00166406

0.00071424 0.00166406
0.000714266 0.00166992

0.000714265 0.00166992
0.000714334 0.00167578

0.000714334 0.00167578
0.000714446 0.00168164

0.000714446 0.00168164
0.000714604 0.0016875

0.000714604 0.0016875
0.00071481 0.00169336

0.00071481 0.00169336
0.000715066 0.00169922

0.000715065 0.00169922
0.000715373 0.00170508

0.000715373 0.00170508
0.000715735 0.00171094

0.000715734 0.00171094
0.000716153 0.0017168

0.000716153 0.0017168
0.000716633 0.00172266

0.000716634 0.00172266
0.000717174 0.00172852

0.000717176 0.00172852
0.000717771 0.00173437

0.00071777 0.00173437
0.000718417 0.00174023

0.00071841 0.00174023
0.000719122 0.00174609

0.000719108 0.00174609
0.000719531 0.0017491

0.000719531 0.00174913
0.000719927 0.00175195

0.000719951 0.00175195
0.000720874 0.00175781

0.000720878 0.00175781
0.00072185 0.00176367

0.000721849 0.00176367
0.000722864 0.00176953

0.000722849 0.00176953
0.00072394 0.00177539

0.000723923 0.00177539
0.000725153 0.00178125

0.000725165 0.00178125
0.000725391 0.00178221

0.000725391 0.00178219
0.000726542 0.00178711

0.00072657 0.00178711
0.000727986 0.00179297

0.000727949 0.00179297
0.000729425 0.00179883

0.000729403 0.00179883
0.000731056 0.00180469

0.000731076 0.00180469
0.00073125 0.00180526

0.00073125 0.00180518
0.000732887 0.00181055

0.000732874 0.00181055
0.000734729 0.00181641

0.000734697 0.00181641
0.000736707 0.00182227

0.000736716 0.00182227
0.000737109 0.00182333

0.000737109 0.00182326
0.000738908 0.00182812

0.000738891 0.00182812
0.000741177 0.00183398

0.000741152 0.00183398
0.000742969 0.00183828

0.000742969 0.00183827
0.000743635 0.00183984

0.000743679 0.00183984
0.0007463 0.0018457

0.000746233 0.0018457
0.000748828 0.00185113

0.000748828 0.00185113
0.000749035 0.00185156

0.000749093 0.00185156
0.000752092 0.00185742

0.00075203 0.00185742
0.000754688 0.00186229

0.000754687 0.00186227
0.00075524 0.00186328

0.000755279 0.00186328
0.000758708 0.00186914

0.000758652 0.00186914
0.000760547 0.00187219

0.000760547 0.00187213
0.000762329 0.001875

0.000762307 0.001875
0.000766232 0.00188086

0.000766237 0.00188086
0.000766406 0.0018811

0.000766406 0.00188108
0.000770433 0.00188672

0.000770413 0.00188672
0.000772266 0.00188922

0.000772266 0.00188914
0.000774882 0.00189258

0.000774863 0.00189258
0.000778125 0.00189659

0.000778125 0.00189657
0.000779667 0.00189844

0.000779648 0.00189844
0.000783984 0.00190336

0.000783984 0.00190336
0.00078483 0.0019043

0.00078482 0.0019043
0.000789844 0.0019096

0.000789844 0.0019096
0.000790387 0.00191016

0.000790383 0.00191016
0.000795703 0.00191539

0.000795703 0.0019154
0.000796349 0.00191602

0.00079636 0.00191602
0.000801563 0.00192081

0.000801562 0.00192082
0.000802759 0.00192187

0.000802802 0.00192187
0.000807422 0.00192584

0.000807422 0.00192588
0.000809733 0.00192773

0.000809783 0.00192773
0.000813281 0.00193051

0.000813281 0.00193057
0.000817333 0.00193359

0.000817363 0.00193359
0.000819141 0.00193487

0.000819141 0.00193491
0.000825 0.001939

0.000825 0.00193901
0.000825685 0.00193945

0.000825716 0.00193945
0.000830859 0.00194283

0.000830859 0.00194285
0.000834858 0.00194531

0.000834925 0.00194531
0.000836719 0.00194641

0.000836719 0.00194643
0.000842578 0.00194981

0.000842578 0.00194984
0.000845044 0.00195117

0.000845108 0.00195117
0.000848438 0.00195298

0.000848437 0.00195299
0.000854297 0.00195596

0.000854297 0.00195598
0.000856519 0.00195703

0.000856576 0.00195703
0.000860156 0.00195873

0.000860156 0.00195874
0.000866016 0.00196134

0.000866016 0.00196135
0.000869722 0.00196289

0.000869768 0.00196289
0.000871875 0.00196377

0.000871875 0.00196377
0.000877734 0.00196605

0.000877734 0.00196605
0.000883594 0.00196818

0.000883594 0.00196819
0.000885257 0.00196875

0.000885302 0.00196875
0.000889453 0.00197015

0.000889453 0.00197015
0.000895312 0.001972

0.000895312 0.001972
0.000901172 0.00197371

0.000901172 0.00197371
0.00090452 0.00197461

0.000904562 0.00197461
0.000907031 0.00197527

0.000907031 0.00197528
0.000912891 0.00197672

0.000912891 0.00197672
0.00091875 0.00197805

0.00091875 0.00197805
0.000924609 0.00197926

0.000924609 0.00197925
0.000930469 0.00198034

0.000930469 0.00198035
0.000931199 0.00198047

0.000931227 0.00198047
0.000936328 0.00198132

0.000936328 0.00198132
0.000942187 0.0019822

0.000942187 0.0019822
0.000948047 0.00198296

0.000948047 0.00198296
0.000953906 0.00198363

0.000953906 0.00198363
0.000959766 0.00198419

0.000959766 0.00198419
0.000965625 0.00198465

0.000965625 0.00198465
0.000971484 0.00198501

0.000971484 0.00198501
0.000977344 0.00198527

0.000977344 0.00198527
0.000983203 0.00198544

0.000983203 0.00198544
0.000989062 0.00198552

0.000989062 0.00198552
0.000994922 0.0019855

0.000994922 0.0019855
0.00100078 0.00198539

0.00100078 0.00198539
0.00100664 0.00198519

0.00100664 0.00198519
0.0010125 0.0019849

0.00110625 0.00196845
0.00110521 0.00196875

0.0010125 0.0019849
0.00101836 0.00198453

0.00101836 0.00198453
0.00102422 0.00198406

0.00102422 0.00198406
0.00103008 0.00198351

0.00103008 0.00198351
0.00103594 0.00198287

0.00103594 0.00198287
0.0010418 0.00198214

0.0010418 0.00198214
0.00104766 0.00198133

0.00105352 0.00198042
0.00105319 0.00198047

0.00105352 0.00198043
0.00105937 0.00197944

0.00104766 0.00198133
0.00105325 0.00198047

0.00105937 0.00197944
0.00106523 0.00197837

0.00106523 0.00197837
0.00107109 0.00197721

0.00107109 0.00197721
0.00107695 0.00197597

0.00107695 0.00197597
0.00108281 0.00197464

0.00108867 0.00197322
0.00108293 0.00197461

0.00108281 0.00197464
0.00108293 0.00197461

0.00108867 0.00197322
0.00109453 0.00197172

0.00109453 0.00197172
0.00110039 0.00197014

0.00110039 0.00197014
0.00110526 0.00196875

0.00110625 0.00196846
0.00111211 0.00196671

0.00111211 0.0019667
0.00111797 0.00196486

0.00111797 0.00196486
0.00112383 0.00196293

0.00112969 0.00196091
0.00112394 0.00196289

0.00112383 0.00196293
0.00112395 0.00196289

0.00114141 0.00195659
0.00114024 0.00195703

0.00112969 0.00196091
0.00113555 0.0019588

0.00113555 0.00195881
0.00114029 0.00195703

0.00114141 0.00195661
0.00114727 0.00195432

0.00114727 0.00195432
0.00115312 0.00195195

0.0011707 0.00194428
0.00116842 0.00194531

0.0011707 0.00194429
0.00117656 0.00194155

0.00115898 0.00194949
0.00115498 0.00195117

0.00115312 0.00195196
0.001155 0.00195117

0.00115898 0.00194949
0.00116484 0.00194693

0.00116484 0.00194694
0.00116846 0.00194531

0.00118242 0.00193871
0.00118088 0.00193945

0.00117656 0.00194156
0.00118093 0.00193945

0.00118242 0.00193872
0.00118828 0.00193579

0.00119414 0.00193276
0.00119252 0.00193359

0.00119414 0.00193277
0.0012 0.00192965

0.00118828 0.00193581
0.00119257 0.00193359

0.00124301 0
0.00124301 5.85937e-06

0.00124301 5.85938e-06
0.001243 1.17187e-05

0.001243 1.17187e-05
0.001243 1.75781e-05

0.001243 1.75781e-05
0.00124299 2.34375e-05

0.00124299 2.34375e-05
0.00124298 2.92969e-05

0.00124298 2.92969e-05
0.00124297 3.51562e-05

0.00124297 3.51562e-05
0.00124296 4.10156e-05

0.00124296 4.10156e-05
0.00124295 4.6875e-05

0.00124295 4.6875e-05
0.00124293 5.27344e-05

0.00124293 5.27344e-05
0.00124291 5.85937e-05

0.00124291 5.85937e-05
0.0012429 6.44531e-05

0.0012429 6.44531e-05
0.00124288 7.03125e-05

0.00124288 7.03125e-05
0.00124285 7.61719e-05

0.00124285 7.61719e-05
0.00124283 8.20312e-05

0.00124283 8.20312e-05
0.00124281 8.78906e-05

0.00124281 8.78906e-05
0.00124278 9.375e-05

0.00124278 9.375e-05
0.00124275 9.96094e-05

0.00124275 9.96094e-05
0.00124273 0.000105469

0.00124273 0.000105469
0.0012427 0.000111328

0.0012427 0.000111328
0.00124267 0.000117187

0.00124267 0.000117187
0.00124264 0.000123047

0.00124264 0.000123047
0.0012426 0.000128906

0.0012426 0.000128906
0.00124257 0.000134766

0.00124257 0.000134766
0.00124254 0.000140625

0.00124254 0.000140625
0.0012425 0.000146484

0.0012425 0.000146484
0.00124247 0.000152344

0.00124247 0.000152344
0.00124243 0.000158203

0.00124243 0.000158203
0.0012424 0.000164062

0.0012424 0.000164062
0.00124236 0.000169922

0.00124236 0.000169922
0.00124232 0.000175781

0.00124232 0.000175781
0.00124229 0.000181641

0.00124229 0.000181641
0.00124225 0.0001875

0.00124225 0.0001875
0.00124221 0.000193359

0.00124221 0.000193359
0.00124218 0.000199219

0.00124218 0.000199219
0.00124214 0.000205078

0.00124214 0.000205078
0.00124211 0.000210937

0.00124211 0.000210937
0.00124207 0.000216797

0.00124207 0.000216797
0.00124204 0.000222656

0.00124204 0.000222656
0.00124201 0.000228516

0.00124201 0.000228516
0.00124197 0.000234375

0.00124197 0.000234375
0.00124194 0.000240234

0.00124194 0.000240234
0.00124191 0.000246094

0.00124191 0.000246094
0.00124189 0.000251953

0.00124189 0.000251953
0.00124186 0.000257812

0.00124186 0.000257812
0.00124184 0.000263672

0.00124184 0.000263672
0.00124182 0.000269531

0.00124182 0.000269531
0.0012418 0.000275391

0.0012418 0.000275391
0.00124178 0.00028125

0.00124178 0.00028125
0.00124176 0.000287109

0.00124176 0.000287109
0.00124175 0.000292969

0.00124175 0.000292969
0.00124174 0.000298828

0.00124174 0.000298828
0.00124174 0.000304687

0.00124174 0.000304687
0.00124174 0.000310547

0.00124174 0.000310547
0.00124174 0.000316406

0.00124174 0.000316406
0.00124175 0.000322266

0.00124175 0.000322266
0.00124176 0.000328125

0.00124176 0.000328125
0.00124177 0.000333984

0.00124177 0.000333984
0.00124179 0.000339844

0.00124179 0.000339844
0.00124182 0.000345703

0.00124182 0.000345703
0.00124185 0.000351562

0.00124185 0.000351562
0.00124188 0.000357422

0.00124188 0.000357422
0.00124192 0.000363281

0.00124192 0.000363281
0.00124197 0.000369141

0.00124197 0.000369141
0.00124202 0.000375

0.00124202 0.000375
0.00124208 0.000380859

0.00124208 0.000380859
0.00124215 0.000386719

0.00124215 0.000386719
0.00124222 0.000392578

0.00124222 0.000392578
0.0012423 0.000398437

0.0012423 0.000398437
0.00124239 0.000404297

0.00124239 0.000404297
0.00124248 0.000410156

0.00124248 0.000410156
0.00124259 0.000416016

0.00124259 0.000416016
0.0012427 0.000421875

0.0012427 0.000421875
0.00124282 0.000427734

0.00124282 0.000427734
0.00124295 0.000433594

0.00124295 0.000433594
0.00124309 0.000439453

0.00124309 0.000439453
0.00124324 0.000445312

0.00124324 0.000445312
0.0012434 0.000451172

0.0012434 0.000451172
0.00124357 0.000457031

0.00124357 0.000457031
0.00124376 0.000462891

0.00124376 0.000462891
0.00124395 0.00046875

0.00124395 0.00046875
0.00124415 0.000474609

0.00124415 0.000474609
0.00124436 0.000480469

0.00124436 0.000480469
0.00124459 0.000486328

0.00124459 0.000486328
0.00124483 0.000492187

0.00124483 0.000492187
0.00124508 0.000498047

0.00124508 0.000498047
0.00124535 0.000503906

0.00124535 0.000503906
0.00124562 0.000509766

0.00124562 0.000509766
0.00124591 0.000515625

0.00124591 0.000515625
0.00124622 0.000521484

0.00124622 0.000521484
0.00124654 0.000527344

0.00124654 0.000527344
0.00124687 0.000533195

0.00124688 0.000533203
0.00124723 0.000539062

0.00124723 0.000539062
0.00124759 0.000544922

0.00124759 0.000544922
0.00124797 0.000550781

0.00124797 0.000550781
0.00124837 0.000556641

0.00124837 0.000556641
0.00124878 0.0005625

0.00124878 0.0005625
0.00124921 0.000568359

0.00124921 0.000568359
0.00124965 0.000574219

0.00124965 0.000574219
0.00125012 0.000580078

0.00125012 0.000580078
0.0012506 0.000585937

0.0012506 0.000585937
0.0012511 0.000591797

0.0012511 0.000591797
0.00125162 0.000597656

0.00125161 0.000597656
0.00125215 0.000603516

0.00125215 0.000603516
0.00125271 0.000609375

0.00125272 0.000609375
0.00125273 0.000609559

0.00125273 0.000609561
0.00125329 0.000615234

0.00125329 0.000615234
0.00125389 0.000621094

0.00125389 0.000621094
0.0012545 0.000626953

0.0012545 0.000626953
0.00125514 0.000632812

0.00125514 0.000632812
0.00125579 0.000638672

0.00125579 0.000638672
0.00125647 0.000644531

0.00125647 0.000644531
0.00125717 0.000650391

0.00125716 0.000650391
0.00125789 0.00065625

0.00125789 0.00065625
0.00125859 0.000661723

0.00125859 0.000661723
0.00125864 0.000662109

0.00125864 0.000662109
0.00125941 0.000667969

0.00125941 0.000667969
0.00126019 0.000673828

0.00126019 0.000673828
0.00126099 0.000679687

0.00126099 0.000679687
0.00126182 0.000685547

0.00126182 0.000685547
0.00126268 0.000691406

0.00126268 0.000691406
0.00126356 0.000697266

0.00126357 0.000697266
0.00126445 0.000702964

0.00126445 0.000702964
0.00126448 0.000703125

0.00126448 0.000703125
0.0012654 0.000708984

0.0012654 0.000708984
0.00126634 0.000714844

0.00126634 0.000714844
0.00126731 0.000720703

0.00126731 0.000720703
0.00126831 0.000726562

0.00126831 0.000726562
0.00126934 0.000732422

0.00126935 0.000732422
0.00127031 0.000737804

0.00127031 0.000737803
0.0012704 0.000738281

0.00127039 0.000738281
0.00127146 0.000744141

0.00127145 0.000744141
0.00127254 0.00075

0.00127254 0.00075
0.00127367 0.000755859

0.00127367 0.000755859
0.00127483 0.000761719

0.00127483 0.000761719
0.00127601 0.000767578

0.00127601 0.000767578
0.00127617 0.000768383

0.00127617 0.00076839
0.0012772 0.000773437

0.00127719 0.000773437
0.00127841 0.000779297

0.00127841 0.000779297
0.00127966 0.000785156

0.00127966 0.000785156
0.00128095 0.000791016

0.00128096 0.000791016
0.00128203 0.000795861

0.00128203 0.000795861
0.00128226 0.000796875

0.00128225 0.000796875
0.00128356 0.000802734

0.00128356 0.000802734
0.00128491 0.000808594

0.00128491 0.000808594
0.0012863 0.000814453

0.00128631 0.000814453
0.00128771 0.000820312

0.00128771 0.000820312
0.00128789 0.00082107

0.00128789 0.000821083
0.00128912 0.000826172

0.00128912 0.000826172
0.00129057 0.000832031

0.00129057 0.000832031
0.00129206 0.000837891

0.00129207 0.000837891
0.00129357 0.00084375

0.00129357 0.00084375
0.00129375 0.000844446

0.00129375 0.000844462
0.00129508 0.000849609

0.00129508 0.000849609
0.00129664 0.000855469

0.00129664 0.000855469
0.00129823 0.000861328

0.00129824 0.000861328
0.00129961 0.000866348

0.00129961 0.000866348
0.00129984 0.000867187

0.00129983 0.000867187
0.00130144 0.000873047

0.00130144 0.000873047
0.0013031 0.000878906

0.00130311 0.000878906
0.00130479 0.000884766

0.00130479 0.000884766
0.00130547 0.0008871

0.00130547 0.000887108
0.00130649 0.000890625

0.00130648 0.000890625
0.0013082 0.000896484

0.0013082 0.000896484
0.00130996 0.000902344

0.00130997 0.000902344
0.00131133 0.000906847

0.00131133 0.000906848
0.00131174 0.000908203

0.00131172 0.000908203
0.00131351 0.000914062

0.00131351 0.000914062
0.00131533 0.000919922

0.00131535 0.000919922
0.00131718 0.000925781

0.00131718 0.000925781
0.00131719 0.000925805

0.00131719 0.000925837
0.00131902 0.000931641

0.00131902 0.000931641
0.00132091 0.0009375

0.00132092 0.0009375
0.00132282 0.000943359

0.00132282 0.000943359
0.00132305 0.000944061

0.00132305 0.000944085
0.00132472 0.000949219

0.00132472 0.000949219
0.00132667 0.000955078

0.00132668 0.000955078
0.00132864 0.000960937

0.00132864 0.000960937
0.00132891 0.000961727

0.00132891 0.000961751
0.0013306 0.000966797

0.0013306 0.000966797
0.00133261 0.000972656

0.00133262 0.000972656
0.00133464 0.000978516

0.00133463 0.000978516
0.00133477 0.000978895

0.00133477 0.000978925
0.00133665 0.000984375

0.00133665 0.000984375
0.00133871 0.000990234

0.00133873 0.000990234
0.00134062 0.000995628

0.00134063 0.000995629
0.00134079 0.000996094

0.00134077 0.000996094
0.00134284 0.00100195

0.00134284 0.00100195
0.00134495 0.00100781

0.00134497 0.00100781
0.00134648 0.00101202

0.00134648 0.00101203
0.00134708 0.00101367

0.00134706 0.00101367
0.00134917 0.00101953

0.00134918 0.00101953
0.00135133 0.00102539

0.00135134 0.00102539
0.00135234 0.00102814

0.00135234 0.00102816
0.00135348 0.00103125

0.00135347 0.00103125
0.00135563 0.00103711

0.00135564 0.00103711
0.00135781 0.00104297

0.00135781 0.00104297
0.0013582 0.00104402

0.0013582 0.00104405
0.00135998 0.00104883

0.00135997 0.00104883
0.00136218 0.00105469

0.0013622 0.00105469
0.00136406 0.00105967

0.00136406 0.00105967
0.00136439 0.00106055

0.00136437 0.00106055
0.00136657 0.00106641

0.00136658 0.00106641
0.0013688 0.00107227

0.00136881 0.00107227
0.00136992 0.0010752

0.00136992 0.00107522
0.00137102 0.00107812

0.00137101 0.00107812
0.00137323 0.00108398

0.00137325 0.00108398
0.00137548 0.00108984

0.00137548 0.00108984
0.00137578 0.00109064

0.00137578 0.00109068
0.00137769 0.0010957

0.00137769 0.0010957
0.00137994 0.00110156

0.00137996 0.00110156
0.00138164 0.00110598

0.00138164 0.00110598
0.00138219 0.00110742

0.00138216 0.00110742
0.00138439 0.00111328

0.0013844 0.00111328
0.00138665 0.00111914

0.00138666 0.00111914
0.0013875 0.00112136

0.0013875 0.00112138
0.00138888 0.001125

0.00138887 0.001125
0.0013911 0.00113086

0.00139113 0.00113086
0.00139335 0.00113672

0.00139335 0.00113672
0.00139336 0.00113675

0.00139336 0.0011368
0.00139554 0.00114258

0.00139554 0.00114258
0.00139778 0.00114844

0.0013978 0.00114844
0.00139922 0.00115221

0.00139922 0.00115222
0.0014 0.0011543

0.00139998 0.0011543
0.00140217 0.00116016

0.00140219 0.00116016
0.00140439 0.00116602

0.00140439 0.00116602
0.00140508 0.00116786

0.00140508 0.00116789
0.00140656 0.00117187

0.00140655 0.00117187
0.00140873 0.00117773

0.00140876 0.00117773
0.00141091 0.00118359

0.00141091 0.00118359
0.00141094 0.00118367

0.00141094 0.00118373
0.00141302 0.00118945

0.00141302 0.00118945
0.00141517 0.00119531

0.0014152 0.00119531
0.0014168 0.00119973

0.0014168 0.00119974
0.00141731 0.00120117

0.00141728 0.00120117
0.00141936 0.00120703

0.00141937 0.00120703
0.00142147 0.00121289

0.00142149 0.00121289
0.00142266 0.0012162

0.00142266 0.00121621
0.00142355 0.00121875

0.00142352 0.00121875
0.00142555 0.00122461

0.00142556 0.00122461
0.0014276 0.00123047

0.00142761 0.00123047
0.00142852 0.00123313

0.00142852 0.00123315
0.0014296 0.00123633

0.00142958 0.00123633
0.00143154 0.00124219

0.00143155 0.00124219
0.00143351 0.00124805

0.00143353 0.00124805
0.00143437 0.00125064

0.00143438 0.00125066
0.00143543 0.00125391

0.00143541 0.00125391
0.0014373 0.00125977

0.0014373 0.00125977
0.00143919 0.00126562

0.00143921 0.00126563
0.00144023 0.00126891

0.00144023 0.00126891
0.00144104 0.00127148

0.00144101 0.00127148
0.00144279 0.00127734

0.00144279 0.00127734
0.00144458 0.0012832

0.00144462 0.0012832
0.00144609 0.00128817

0.00144609 0.00128817
0.00144636 0.00128906

0.00144632 0.00128906
0.00144799 0.00129492

0.00144799 0.00129492
0.00144966 0.00130078

0.00144968 0.00130078
0.00145133 0.00130664

0.00145134 0.00130664
0.00145195 0.00130892

0.00145195 0.00130892
0.00145291 0.0013125

0.00145289 0.0013125
0.0014544 0.00131836

0.0014544 0.00131836
0.00145592 0.00132422

0.00145594 0.00132422
0.00145743 0.00133008

0.00145744 0.00133008
0.00145781 0.00133165

0.00145781 0.00133164
0.00145884 0.00133594

0.00145882 0.00133594
0.00146016 0.0013418

0.00146016 0.0013418
0.00146148 0.00134766

0.00146148 0.00134766
0.00146279 0.00135352

0.00146282 0.00135352
0.00146367 0.00135754

0.00146367 0.00135753
0.00146406 0.00135937

0.00146404 0.00135937
0.0014652 0.00136523

0.0014652 0.00136523
0.00146631 0.00137109

0.00146631 0.00137109
0.00146738 0.00137695

0.00146738 0.00137695
0.00146841 0.00138281

0.00146842 0.00138281
0.0014694 0.00138867

0.00146941 0.00138867
0.00146953 0.00138948

0.00146953 0.00138946
0.00147032 0.00139453

0.00147031 0.00139453
0.00147116 0.00140039

0.00147116 0.00140039
0.00147195 0.00140625

0.00147195 0.00140625
0.00147268 0.00141211

0.00147268 0.00141211
0.00147336 0.00141797

0.00147336 0.00141797
0.00147398 0.00142383

0.00147398 0.00142383
0.00147454 0.00142969

0.00147454 0.00142969
0.00147503 0.00143555

0.00147504 0.00143555
0.00147539 0.00144035

0.00147539 0.00144034
0.00147547 0.00144141

0.00147547 0.00144141
0.00147584 0.00144727

0.00147584 0.00144727
0.00147614 0.00145312

0.00147614 0.00145312
0.00147637 0.00145898

0.00147637 0.00145898
0.00147655 0.00146484

0.00147655 0.00146484
0.00147665 0.0014707

0.00147665 0.0014707
0.00147669 0.00147656

0.00147669 0.00147656
0.00147666 0.00148242

0.00147666 0.00148242
0.00147657 0.00148828

0.00147657 0.00148828
0.0014764 0.00149414

0.0014764 0.00149414
0.00147616 0.0015

0.00128203 0.00187471
0.00128167 0.001875

0.00128203 0.00187476
0.00128789 0.00186991

0.00129375 0.00186493
0.0012888 0.00186914

0.00128789 0.00186992
0.00128882 0.00186914

0.00137578 0.00177641
0.00137217 0.00178125

0.00138164 0.0017683
0.00138078 0.00176953

0.0013875 0.00175988
0.00138491 0.00176367

0.00138164 0.00176831
0.00138491 0.00176367

0.00138078 0.00176953
0.00137654 0.00177539

0.00137578 0.00177642
0.00137653 0.00177539

0.00133477 0.00182561
0.0013324 0.00182812

0.00134062 0.00181926
0.0013379 0.00182227

0.00133477 0.00182563
0.00133788 0.00182227

0.00131133 0.00184908
0.00130865 0.00185156

0.00131719 0.00184347
0.00131487 0.0018457

0.00131133 0.0018491
0.00131492 0.0018457

0.00129961 0.00185982
0.00129562 0.00186328

0.00130547 0.00185453
0.00130224 0.00185742

0.00129961 0.00185981
0.0013023 0.00185742

0.00129375 0.00186494
0.00129567 0.00186328

0.00130547 0.00185454
0.00130872 0.00185156

0.00132305 0.0018377
0.00132089 0.00183984

0.00132891 0.00183175
0.00132673 0.00183398

0.00132305 0.00183773
0.00132675 0.00183398

0.00131719 0.0018435
0.00132093 0.00183984

0.00132891 0.00183178
0.00133239 0.00182812

0.00136406 0.0017917
0.00136307 0.00179297

0.0013582 0.00179897
0.00135343 0.00180469

0.00136307 0.00179297
0.00135832 0.00179883

0.0013582 0.00179897
0.00135832 0.00179883

0.00134648 0.0018127
0.00134324 0.00181641

0.00135234 0.00180595
0.0013484 0.00181055

0.00134648 0.00181273
0.00134839 0.00181055

0.00134063 0.00181929
0.00134321 0.00181641

0.00135234 0.00180597
0.00135343 0.00180469

0.00136992 0.00178417
0.00136769 0.00178711

0.00136406 0.00179171
0.00136769 0.00178711

0.00136992 0.00178421
0.00137216 0.00178125

0.00147616 0.0015
0.00147586 0.00150586

0.00147585 0.00150586
0.00147548 0.00151172

0.00147539 0.00151288
0.00147503 0.00151758

0.00147504 0.00151758
0.00147452 0.00152344

0.00147539 0.00151288
0.00147548 0.00151172

0.00147452 0.00152344
0.00147393 0.0015293

0.00147393 0.0015293
0.00147327 0.00153516

0.00147327 0.00153516
0.00147253 0.00154102

0.00147253 0.00154102
0.00147172 0.00154687

0.00146953 0.00156045
0.00146883 0.00156445

0.00146884 0.00156445
0.00146775 0.00157031

0.00147172 0.00154687
0.00147083 0.00155273

0.00147083 0.00155273
0.00146986 0.00155859

0.00146953 0.00156045
0.00146986 0.00155859

0.00146775 0.00157031
0.00146657 0.00157617

0.00146657 0.00157617
0.0014653 0.00158203

0.00146367 0.00158898
0.00146252 0.00159375

0.0014653 0.00158203
0.00146395 0.00158789

0.00146367 0.00158898
0.00146393 0.00158789

0.00143437 0.00167576
0.00143437 0.00167578

0.00143437 0.00167579
0.00143174 0.00168164

0.00143175 0.00168164
0.00142902 0.0016875

0.00145781 0.00161137
0.0014561 0.00161719

0.00145611 0.00161719
0.00145432 0.00162305

0.00145432 0.00162305
0.00145243 0.00162891

0.00145195 0.00163029
0.00145045 0.00163477

0.00145045 0.00163477
0.00144841 0.00164062

0.00145195 0.0016303
0.00145242 0.00162891

0.00146254 0.00159375
0.00146107 0.00159961

0.00146107 0.00159961
0.00145951 0.00160547

0.0014595 0.00160547
0.00145784 0.00161133

0.00145781 0.00161137
0.00145783 0.00161133

0.00144609 0.00164696
0.00144406 0.00165234

0.00144023 0.00166198
0.00143939 0.00166406

0.00144407 0.00165234
0.00144178 0.0016582

0.00144023 0.001662
0.00144178 0.0016582

0.00144842 0.00164062
0.00144629 0.00164648

0.00144609 0.00164697
0.00144628 0.00164648

0.00143939 0.00166406
0.00143693 0.00166992

0.00143693 0.00166992
0.00143438 0.00167578

0.00141094 0.00172228
0.00141073 0.00172266

0.00140508 0.00173235
0.00140387 0.00173437

0.00141074 0.00172266
0.00140736 0.00172852

0.00140508 0.00173236
0.00140736 0.00172852

0.00142266 0.00170046
0.00142029 0.00170508

0.0014203 0.00170508
0.00141721 0.00171094

0.00142852 0.00168854
0.0014262 0.00169336

0.0014262 0.00169336
0.0014233 0.00169922

0.00142852 0.00168854
0.00142902 0.0016875

0.00142266 0.00170047
0.0014233 0.00169922

0.0014168 0.00171169
0.00141402 0.0017168

0.00141094 0.00172231
0.00141402 0.0017168

0.0014168 0.00171169
0.00141721 0.00171094

0.00139922 0.00174195
0.00139661 0.00174609

0.00139336 0.0017511
0.00139282 0.00175195

0.00139282 0.00175195
0.00138892 0.00175781

0.00139336 0.00175112
0.00139661 0.00174609

0.00140388 0.00173437
0.0014003 0.00174023

0.00139922 0.00174196
0.0014003 0.00174023

0.0013875 0.0017599
0.00138892 0.00175781

0.00121758 0.0019197
0.00121385 0.00192187

0.00121758 0.00191971
0.00122344 0.00191619

0.00123516 0.00190881
0.00123304 0.00191016

0.0012293 0.00191255
0.0012237 0.00191602

0.00122344 0.00191619
0.00122372 0.00191602

0.0012293 0.00191257
0.00123309 0.00191016

0.00123516 0.00190883
0.00124102 0.00190498

0.00124687 0.00190102
0.00124202 0.0019043

0.00124102 0.00190498
0.00124206 0.0019043

0.00120586 0.00192643
0.00120348 0.00192773

0.0012 0.00192967
0.00120352 0.00192773

0.00120586 0.00192644
0.00121172 0.00192312

0.00121172 0.00192314
0.00121388 0.00192187

0.00125273 0.00189694
0.00125056 0.00189844

0.00125273 0.00189697
0.00125859 0.00189277

0.00127031 0.00188401
0.00126673 0.00188672

0.00126445 0.00188844
0.00125884 0.00189258

0.00125859 0.00189277
0.00125886 0.00189258

0.00126445 0.00188844
0.00126679 0.00188672

0.00124687 0.00190104
0.00125062 0.00189844

0.00127617 0.00187943
0.00127432 0.00188086

0.00127031 0.00188403
0.00127439 0.00188086

0.00127617 0.00187947
0.00128174 0.001875

