-0.000635314 0
-0.000635308 5.85937e-06

-0.000635308 5.85938e-06
-0.000635289 1.17187e-05

-0.000635289 1.17187e-05
-0.000635257 1.75781e-05

-0.000635258 1.75781e-05
-0.000635213 2.34375e-05

-0.000635213 2.34375e-05
-0.000635157 2.92969e-05

-0.000635157 2.92969e-05
-0.000635087 3.51562e-05

-0.000635087 3.51562e-05
-0.000635005 4.10156e-05

-0.000635005 4.10156e-05
-0.00063491 4.6875e-05

-0.00063491 4.6875e-05
-0.000634803 5.27344e-05

-0.000634803 5.27344e-05
-0.000634683 5.85937e-05

-0.000634683 5.85937e-05
-0.00063455 6.44531e-05

-0.00063455 6.44531e-05
-0.000634405 7.03125e-05

-0.000634405 7.03125e-05
-0.000634247 7.61719e-05

-0.000634247 7.61719e-05
-0.000634077 8.20312e-05

-0.000634077 8.20312e-05
-0.000633984 8.49873e-05

-0.000633984 8.49875e-05
-0.000633894 8.78906e-05

-0.000633894 8.78906e-05
-0.000633698 9.375e-05

-0.000633698 9.375e-05
-0.000633489 9.96094e-05

-0.000633489 9.96094e-05
-0.000633268 0.000105469

-0.000633268 0.000105469
-0.000633035 0.000111328

-0.000633035 0.000111328
-0.000632788 0.000117187

-0.000632788 0.000117187
-0.000632529 0.000123047

-0.000632529 0.000123047
-0.000632257 0.000128906

-0.000632257 0.000128906
-0.000631973 0.000134766

-0.000631973 0.000134766
-0.000631675 0.000140625

-0.000631675 0.000140625
-0.000631365 0.000146484

-0.000631365 0.000146484
-0.000631043 0.000152344

-0.000631043 0.000152344
-0.000630707 0.000158203

-0.000630707 0.000158203
-0.000630359 0.000164062

-0.000630359 0.000164062
-0.000629999 0.000169922

-0.000629999 0.000169922
-0.000629625 0.000175781

-0.000629625 0.000175781
-0.000629239 0.000181641

-0.000629239 0.000181641
-0.00062884 0.0001875

-0.00062884 0.0001875
-0.000628428 0.000193359

-0.000628428 0.000193359
-0.000628125 0.000197548

-0.000628125 0.000197549
-0.000628004 0.000199219

-0.000628004 0.000199219
-0.000627566 0.000205078

-0.000627566 0.000205078
-0.000627115 0.000210937

-0.000627115 0.000210937
-0.000626651 0.000216797

-0.000626652 0.000216797
-0.000626175 0.000222656

-0.000626175 0.000222656
-0.000625685 0.000228516

-0.000625685 0.000228516
-0.000625183 0.000234375

-0.000625183 0.000234375
-0.000624667 0.000240234

-0.000624667 0.000240234
-0.000624138 0.000246094

-0.000624138 0.000246094
-0.000623597 0.000251953

-0.000623597 0.000251953
-0.000623042 0.000257812

-0.000623042 0.000257812
-0.000622475 0.000263672

-0.000622476 0.000263672
-0.000622266 0.000265788

-0.000622266 0.000265792
-0.000621894 0.000269531

-0.000621893 0.000269531
-0.000621297 0.000275391

-0.000621297 0.000275391
-0.000620688 0.00028125

-0.000620688 0.00028125
-0.000620066 0.000287109

-0.000620066 0.000287109
-0.000619431 0.000292969

-0.000619431 0.000292969
-0.000618783 0.000298828

-0.000618783 0.000298828
-0.000618122 0.000304687

-0.000618122 0.000304687
-0.000617449 0.000310547

-0.000617449 0.000310547
-0.000616763 0.000316406

-0.000616764 0.000316406
-0.000616406 0.000319386

-0.000616406 0.00031939
-0.000616061 0.000322266

-0.000616059 0.000322266
-0.00061534 0.000328125

-0.00061534 0.000328125
-0.000614609 0.000333984

-0.000614609 0.000333984
-0.000613865 0.000339844

-0.000613865 0.000339844
-0.000613109 0.000345703

-0.000613109 0.000345703
-0.000612341 0.000351562

-0.000612341 0.000351562
-0.000611561 0.000357422

-0.000611562 0.000357422
-0.000610767 0.000363281

-0.000610768 0.000363281
-0.000610547 0.000364867

-0.000610547 0.000364874
-0.000609953 0.000369141

-0.000609949 0.000369141
-0.000609118 0.000375

-0.000609119 0.000375
-0.000608278 0.000380859

-0.000608278 0.000380859
-0.000607426 0.000386719

-0.000607427 0.000386719
-0.000606565 0.000392578

-0.000606566 0.000392578
-0.000605691 0.000398437

-0.000605693 0.000398437
-0.000604799 0.000404297

-0.000604797 0.000404297
-0.000604688 0.000404996

-0.000604688 0.000405005
-0.000603881 0.000410156

-0.000603876 0.000410156
-0.000602946 0.000416016

-0.000602947 0.000416016
-0.000602013 0.000421875

-0.000602013 0.000421875
-0.00060107 0.000427734

-0.000601071 0.000427734
-0.000600114 0.000433594

-0.000600116 0.000433594
-0.000599137 0.000439453

-0.000599136 0.000439453
-0.000598828 0.000441249

-0.000598828 0.000441256
-0.000598133 0.000445312

-0.000598125 0.000445312
-0.00059711 0.000451172

-0.000597112 0.000451172
-0.000596096 0.000457031

-0.000596098 0.000457031
-0.000595073 0.000462891

-0.000595075 0.000462891
-0.000594031 0.00046875

-0.000594033 0.00046875
-0.000592969 0.000474568

-0.000592969 0.000474572
-0.000592962 0.000474609

-0.000592955 0.000474609
-0.000591864 0.000480469

-0.00059186 0.000480469
-0.000590767 0.000486328

-0.000590772 0.000486328
-0.000589676 0.000492187

-0.00058968 0.000492187
-0.000588566 0.000498047

-0.000588568 0.000498047
-0.000587425 0.000503906

-0.000587422 0.000503906
-0.000587109 0.000505474

-0.000587109 0.000505475
-0.000586255 0.000509766

-0.000586247 0.000509766
-0.000585078 0.000515625

-0.000585085 0.000515625
-0.000583916 0.000521484

-0.00058392 0.000521484
-0.00058273 0.000527344

-0.000582731 0.000527344
-0.00058151 0.000533203

-0.000581505 0.000533203
-0.00058125 0.000534408

-0.00058125 0.000534403
-0.000580262 0.000539062

-0.000580256 0.000539062
-0.000579015 0.000544922

-0.000579025 0.000544922
-0.000577781 0.000550781

-0.000577784 0.000550781
-0.000576513 0.000556641

-0.000576513 0.000556641
-0.000575391 0.000561681

-0.000575391 0.000561684
-0.000575209 0.0005625

-0.000575197 0.0005625
-0.000573884 0.000568359

-0.000573889 0.000568359
-0.000572581 0.000574219

-0.000572588 0.000574219
-0.000571261 0.000580078

-0.000571262 0.000580078
-0.000569902 0.000585937

-0.000569897 0.000585937
-0.000569531 0.000587488

-0.000569531 0.00058748
-0.000568513 0.000591797

-0.000568508 0.000591797
-0.00056713 0.000597656

-0.000567142 0.000597656
-0.000565757 0.000603516

-0.000565758 0.000603516
-0.000564338 0.000609375

-0.000564333 0.000609375
-0.000563672 0.000612052

-0.000563672 0.000612047
-0.000562885 0.000615234

-0.000562875 0.000615234
-0.000561431 0.000621094

-0.000561445 0.000621094
-0.000559995 0.000626953

-0.000559996 0.000626953
-0.000558511 0.000632812

-0.000558507 0.000632812
-0.000557813 0.000635504

-0.000557813 0.000635498
-0.000556994 0.000638672

-0.000556985 0.000638672
-0.000555477 0.000644531

-0.000555493 0.000644531
-0.000553978 0.000650391

-0.000553978 0.000650391
-0.000552426 0.00065625

-0.00055242 0.00065625
-0.000551953 0.000657991

-0.000551953 0.000657979
-0.000550844 0.000662109

-0.000550841 0.000662109
-0.000549273 0.000667969

-0.000549286 0.000667969
-0.000547704 0.000673828

-0.000547703 0.000673828
-0.000546094 0.000679639

-0.000546094 0.000679641
-0.000546081 0.000679687

-0.000546065 0.000679687
-0.000544436 0.000685547

-0.000544446 0.000685547
-0.000542818 0.000691406

-0.000542823 0.000691406
-0.000541165 0.000697266

-0.000541161 0.000697266
-0.000540234 0.000700482

-0.000540234 0.000700475
-0.000539471 0.000703125

-0.00053946 0.000703125
-0.000537775 0.000708984

-0.000537793 0.000708984
-0.000536098 0.000714844

-0.000536097 0.000714844
-0.000534375 0.000720654

-0.000534375 0.000720656
-0.000534361 0.000720703

-0.000534344 0.000720703
-0.000532602 0.000726562

-0.000532616 0.000726562
-0.000530873 0.000732422

-0.000530876 0.000732422
-0.0005291 0.000738281

-0.000529094 0.000738281
-0.000528516 0.000740169

-0.000528516 0.000740152
-0.000527293 0.000744141

-0.000527292 0.000744141
-0.000525496 0.00075

-0.000525508 0.00075
-0.000523693 0.000755859

-0.000523689 0.000755859
-0.000522656 0.000759132

-0.000522656 0.000759122
-0.000521837 0.000761719

-0.000521826 0.000761719
-0.000519979 0.000767578

-0.000519997 0.000767578
-0.000518139 0.000773437

-0.000518136 0.000773437
-0.000516797 0.00077757

-0.000516797 0.000777564
-0.000516235 0.000779297

-0.000516219 0.000779297
-0.000514322 0.000785156

-0.000514344 0.000785156
-0.000512441 0.000791016

-0.000512438 0.000791016
-0.000510938 0.000795534

-0.000510937 0.00079553
-0.000510491 0.000796875

-0.000510472 0.000796875
-0.000508529 0.000802734

-0.000508551 0.000802734
-0.000506603 0.000808594

-0.0005066 0.000808594
-0.000505078 0.000813072

-0.000505078 0.000813068
-0.000504607 0.000814453

-0.000504589 0.000814453
-0.0005026 0.000820312

-0.000502624 0.000820312
-0.000500631 0.000826172

-0.000500627 0.000826172
-0.000499219 0.000830228

-0.000499219 0.00083022
-0.00049859 0.000832031

-0.000498574 0.000832031
-0.000496543 0.000837891

-0.000496565 0.000837891
-0.000494528 0.00084375

-0.000494524 0.00084375
-0.000493359 0.000847041

-0.000493359 0.000847027
-0.000492446 0.000849609

-0.000492436 0.000849609
-0.000490364 0.000855469

-0.000490382 0.000855469
-0.000488301 0.000861328

-0.000488297 0.000861328
-0.0004875 0.000863544

-0.0004875 0.00086352
-0.000486181 0.000867187

-0.000486182 0.000867187
-0.000484073 0.000873047

-0.000484083 0.000873047
-0.000481955 0.000878906

-0.000481949 0.000878906
-0.000481641 0.000879753

-0.000481641 0.000879722
-0.000479801 0.000884766

-0.000479815 0.000884766
-0.000477673 0.000890625

-0.000477676 0.000890625
-0.000475781 0.000895729

-0.000475781 0.000895728
-0.000475501 0.000896484

-0.000475479 0.000896484
-0.00047331 0.000902344

-0.000473335 0.000902344
-0.000471164 0.000908203

-0.000471158 0.000908203
-0.000469922 0.000911487

-0.000469922 0.00091147
-0.000468946 0.000914062

-0.000468938 0.000914062
-0.000466734 0.000919922

-0.000466751 0.000919922
-0.00046454 0.000925781

-0.000464537 0.000925781
-0.000464063 0.00092703

-0.000464062 0.000926997
-0.000462299 0.000931641

-0.000462311 0.000931641
-0.000460083 0.0009375

-0.000460087 0.0009375
-0.000458203 0.000942393

-0.000458203 0.000942391
-0.00045783 0.000943359

-0.000457809 0.000943359
-0.000455562 0.000949219

-0.000455588 0.000949219
-0.000453342 0.000955078

-0.000453337 0.000955078
-0.000452344 0.000957639

-0.000452344 0.000957612
-0.000451053 0.000960937

-0.000451053 0.000960937
-0.000448782 0.000966797

-0.000448795 0.000966797
-0.000446509 0.000972656

-0.000446505 0.000972656
-0.000446484 0.00097271

-0.000446484 0.000972662
-0.000444205 0.000978516

-0.000444228 0.000978516
-0.000441948 0.000984375

-0.000441943 0.000984375
-0.000440625 0.000987719

-0.000440625 0.000987701
-0.000439626 0.000990234

-0.000439619 0.000990234
-0.000437317 0.000996094

-0.000437335 0.000996094
-0.000435028 0.00100195

-0.000435024 0.00100195
-0.000434766 0.00100261

-0.000434766 0.00100257
-0.000432698 0.00100781

-0.000432717 0.00100781
-0.000430408 0.00101367

-0.000430406 0.00101367
-0.000428906 0.00101743

-0.000428906 0.00101742
-0.000428064 0.00101953

-0.000428052 0.00101953
-0.000425726 0.00102539

-0.000425747 0.00102539
-0.00042342 0.00103125

-0.000423417 0.00103125
-0.000423047 0.00103218

-0.000423047 0.00103213
-0.000421066 0.00103711

-0.000421084 0.00103711
-0.00041875 0.00104297

-0.000418749 0.00104297
-0.000417188 0.00104685

-0.000417187 0.00104683
-0.000416383 0.00104883

-0.00041637 0.00104883
-0.00041402 0.00105469

-0.000414043 0.00105469
-0.000411693 0.00106055

-0.000411689 0.00106055
-0.000411328 0.00106144

-0.000411328 0.0010614
-0.000409313 0.00106641

-0.000409333 0.00106641
-0.000406976 0.00107227

-0.000406975 0.00107227
-0.000405469 0.00107597

-0.000405469 0.00107595
-0.000404582 0.00107812

-0.000404572 0.00107812
-0.000402197 0.00108398

-0.000402219 0.00108398
-0.000399838 0.00108984

-0.000399833 0.00108984
-0.000399609 0.00109039

-0.000399609 0.00109034
-0.00039743 0.0010957

-0.000397456 0.0010957
-0.000395077 0.00110156

-0.000395076 0.00110156
-0.00039375 0.00110479

-0.00039375 0.00110476
-0.000392654 0.00110742

-0.000392652 0.00110742
-0.000390248 0.00111328

-0.000390269 0.00111328
-0.000387891 0.00111904

-0.000387891 0.00111904
-0.000387849 0.00111914

-0.000387816 0.00111914
-0.000385405 0.001125

-0.000385438 0.001125
-0.000383035 0.00113086

-0.000383036 0.00113086
-0.000382031 0.00113328

-0.000382031 0.00113322
-0.000380578 0.00113672

-0.000380586 0.00113672
-0.000378143 0.00114258

-0.000378155 0.00114258
-0.000376172 0.00114729

-0.000376172 0.00114727
-0.000375682 0.00114844

-0.000375657 0.00114844
-0.000373197 0.0011543

-0.000373232 0.0011543
-0.000370769 0.00116016

-0.000370767 0.00116016
-0.000370313 0.00116123

-0.000370312 0.00116116
-0.000368255 0.00116602

-0.00036828 0.00116602
-0.000365789 0.00117187

-0.000365795 0.00117187
-0.000364453 0.00117498

-0.000364453 0.00117494
-0.000363245 0.00117773

-0.000363245 0.00117773
-0.000360701 0.00118359

-0.00036072 0.00118359
-0.000358594 0.00118843

-0.000358594 0.00118842
-0.000358142 0.00118945

-0.000358114 0.00118945
-0.000355536 0.00119531

-0.000355576 0.00119531
-0.000352975 0.00120117

-0.000352971 0.00120117
-0.000352734 0.0012017

-0.000352734 0.00120162
-0.000350306 0.00120703

-0.000350346 0.00120703
-0.000347694 0.00121289

-0.000347697 0.00121289
-0.000346875 0.00121467

-0.000346875 0.0012146
-0.000344958 0.00121875

-0.000344979 0.00121875
-0.000342244 0.00122461

-0.000342255 0.00122461
-0.000341016 0.00122722

-0.000341016 0.00122717
-0.000339448 0.00123047

-0.000339457 0.00123047
-0.00033664 0.00123633

-0.000336658 0.00123633
-0.000335156 0.0012394

-0.000335156 0.00123936
-0.000333774 0.00124219

-0.000333777 0.00124219
-0.000330872 0.00124805

-0.000330895 0.00124805
-0.000329297 0.00125122

-0.000329297 0.00125117
-0.000327919 0.00125391

-0.000327923 0.00125391
-0.000324915 0.00125977

-0.000324941 0.00125977
-0.000323438 0.00126264

-0.000323437 0.00126258
-0.000321845 0.00126562

-0.000321858 0.00126563
-0.000318713 0.00127148

-0.000318733 0.00127148
-0.000317578 0.00127359

-0.000317578 0.00127352
-0.000315483 0.00127734

-0.000315512 0.00127734
-0.000312206 0.0012832

-0.000312205 0.0012832
-0.000311719 0.00128405

-0.000311719 0.00128399
-0.000308802 0.00128906

-0.000308851 0.00128906
-0.000305859 0.00129414

-0.000305859 0.00129412
-0.000305387 0.00129492

-0.000305369 0.00129492
-0.000301801 0.00130078

-0.000301851 0.00130078
-0.0003 0.00130374

-0.0003 0.00130365
-0.000298126 0.00130664

-0.000298153 0.00130664
-0.000294345 0.0013125

-0.00029434 0.0013125
-0.000294141 0.00131281

-0.000294141 0.00131278
-0.000290416 0.00131836

-0.000290481 0.00131836
-0.000288281 0.00132155

-0.000288281 0.00132144
-0.000286364 0.00132422

-0.000286398 0.00132422
-0.000282422 0.00132972

-0.000282422 0.00132972
-0.000282164 0.00133008

-0.000282157 0.00133008
-0.000277761 0.00133594

-0.00027777 0.00133594
-0.000276563 0.00133753

-0.000276562 0.00133748
-0.000273202 0.0013418

-0.000273205 0.0013418
-0.000270703 0.00134493

-0.000270703 0.00134485
-0.000268433 0.00134766

-0.000268442 0.00134766
-0.000264844 0.00135188

-0.000264844 0.00135185
-0.000263402 0.00135352

-0.000263418 0.00135352
-0.000258984 0.00135842

-0.000258984 0.00135842
-0.000258105 0.00135937

-0.000258114 0.00135937
-0.000253125 0.00136461

-0.000253125 0.00136461
-0.000252514 0.00136523

-0.000252519 0.00136523
-0.000247266 0.00137043

-0.000247266 0.00137044
-0.000246589 0.00137109

-0.000246579 0.00137109
-0.000241406 0.00137595

-0.000241406 0.00137597
-0.000240321 0.00137695

-0.000240284 0.00137695
-0.000235547 0.00138116

-0.000235547 0.00138121
-0.000233656 0.00138281

-0.000233591 0.00138281
-0.000229687 0.00138607

-0.000229687 0.00138615
-0.000226496 0.00138867

-0.000226449 0.00138867
-0.000223828 0.0013907

-0.000223828 0.00139076
-0.000218779 0.00139453

-0.000218784 0.00139453
-0.000217969 0.00139512

-0.000217969 0.00139513
-0.000212109 0.00139924

-0.000212109 0.00139929
-0.000210449 0.00140039

-0.000210318 0.00140039
-0.00020625 0.00140309

-0.00020625 0.00140314
-0.000201262 0.00140625

-0.000201265 0.00140625
-0.000200391 0.00140678

-0.000200391 0.00140677
-0.000194531 0.00141021

-0.000194531 0.00141023
-0.000191125 0.00141211

-0.000191063 0.00141211
-0.000188672 0.00141343

-0.000188672 0.00141343
-0.000182812 0.00141646

-0.000182813 0.00141648
-0.00017974 0.00141797

-0.000179682 0.00141797
-0.000176953 0.00141929

-0.000176953 0.00141929
-0.000171094 0.00142196

-0.000171094 0.00142198
-0.000166754 0.00142383

-0.000166742 0.00142383
-0.000165234 0.00142447

-0.000165234 0.00142446
-0.000159375 0.00142678

-0.000159375 0.0014268
-0.000153516 0.00142897

-0.000153516 0.00142897
-0.000151397 0.00142969

-0.000151351 0.00142969
-0.000147656 0.00143095

-0.000147656 0.00143094
-0.000141797 0.00143281

-0.000141797 0.00143282
-0.000135937 0.00143455

-0.000135938 0.00143455
-0.000132246 0.00143555

-0.00013224 0.00143555
-0.000130078 0.00143613

-0.000130078 0.00143613
-0.000124219 0.00143758

-0.000124219 0.00143758
-0.000118359 0.00143892

-0.000118359 0.00143892
-0.0001125 0.00144014

-0.0001125 0.00144014
-0.000106641 0.00144124

-0.000106641 0.00144123
-0.000105592 0.00144141

-0.000105568 0.00144141
-0.000100781 0.0014422

-0.000100781 0.0014422
-9.49219e-05 0.00144307

-9.49219e-05 0.00144307
-8.90625e-05 0.00144383

-8.90625e-05 0.00144383
-8.32031e-05 0.00144448

-8.32031e-05 0.00144448
-7.73438e-05 0.00144504

-7.73438e-05 0.00144504
-7.14844e-05 0.00144549

-7.14844e-05 0.00144549
-6.5625e-05 0.00144585

-6.5625e-05 0.00144585
-5.97656e-05 0.00144612

-5.97656e-05 0.00144612
-5.39063e-05 0.00144629

-5.39063e-05 0.00144629
-4.80469e-05 0.00144638

-4.80469e-05 0.00144638
-4.21875e-05 0.00144637

-4.21875e-05 0.00144637
-3.63281e-05 0.00144628

-3.63281e-05 0.00144628
-3.04688e-05 0.00144611

-3.04688e-05 0.0014461
-2.46094e-05 0.00144584

-2.46094e-05 0.00144584
-1.875e-05 0.0014455

-1.875e-05 0.0014455
-1.28906e-05 0.00144507

-1.28906e-05 0.00144507
-7.03125e-06 0.00144457

-7.03125e-06 0.00144457
-1.17187e-06 0.00144398

-1.17187e-06 0.00144398
4.6875e-06 0.00144332

4.6875e-06 0.00144332
1.05469e-05 0.00144258

1.05469e-05 0.00144258
1.64062e-05 0.00144176

2.22656e-05 0.00144087
1.87223e-05 0.00144141

2.22656e-05 0.00144087
2.8125e-05 0.00143989

1.64063e-05 0.00144176
1.87318e-05 0.00144141

2.8125e-05 0.00143989
3.39844e-05 0.00143885

3.39844e-05 0.00143885
3.98437e-05 0.00143773

3.98438e-05 0.00143773
4.57031e-05 0.00143654

5.15625e-05 0.00143527
5.02599e-05 0.00143555

4.57031e-05 0.00143654
5.02887e-05 0.00143555

7.5e-05 0.00142947
7.41976e-05 0.00142969

5.15625e-05 0.00143527
5.74219e-05 0.00143393

5.74219e-05 0.00143393
6.32812e-05 0.00143252

6.32813e-05 0.00143252
6.91406e-05 0.00143104

6.91406e-05 0.00143104
7.42296e-05 0.00142969

0.000145312 0.00140547
0.000143386 0.00140625

0.000145312 0.00140548
0.000151172 0.00140306

0.000151172 0.00140306
0.000157031 0.00140057

0.000162891 0.00139803
0.000157447 0.00140039

0.000157031 0.00140057
0.000157449 0.00140039

0.000162891 0.00139803
0.00016875 0.00139542

7.5e-05 0.00142948
8.08594e-05 0.00142786

8.08594e-05 0.00142786
8.67187e-05 0.00142616

8.67188e-05 0.00142616
9.25781e-05 0.0014244

9.84375e-05 0.00142256
9.43905e-05 0.00142383

9.25781e-05 0.0014244
9.44002e-05 0.00142383

9.84375e-05 0.00142256
0.000104297 0.00142066

0.000104297 0.00142066
0.000110156 0.00141869

0.000116016 0.00141665
0.00011222 0.00141797

0.000116016 0.00141665
0.000121875 0.00141454

0.000110156 0.00141869
0.000112231 0.00141797

0.000121875 0.00141454
0.000127734 0.00141237

0.000133594 0.00141014
0.00012843 0.00141211

0.000127734 0.00141238
0.000128433 0.00141211

0.000133594 0.00141014
0.000139453 0.00140784

0.000139453 0.00140784
0.000143406 0.00140625

0.000174609 0.00139276
0.000170712 0.00139453

0.000174609 0.00139276
0.000180469 0.00139004

0.00016875 0.00139543
0.00017072 0.00139453

0.000186328 0.00138727
0.000183358 0.00138867

0.000180469 0.00139005
0.00018337 0.00138867

0.000186328 0.00138727
0.000192187 0.00138444

0.000198047 0.00138155
0.000195482 0.00138281

0.000198047 0.00138155
0.000203906 0.00137862

0.000209766 0.00137562
0.000207158 0.00137695

0.000203906 0.00137862
0.00020717 0.00137695

0.000209766 0.00137563
0.000215625 0.00137258

0.000192187 0.00138444
0.000195495 0.00138281

0.000244922 0.00135664
0.000240044 0.00135937

0.000250781 0.00135331
0.000250411 0.00135352

0.000244922 0.00135664
0.000250428 0.00135352

0.0002625 0.00134653
0.000260565 0.00134766

0.000250781 0.00135332
0.000256641 0.00134995

0.000256641 0.00134995
0.000260576 0.00134766

0.000221484 0.00136949
0.000218445 0.00137109

0.000221484 0.00136949
0.000227344 0.00136635

0.000215625 0.00137259
0.000218455 0.00137109

0.000233203 0.00136316
0.000229393 0.00136523

0.000227344 0.00136635
0.0002294 0.00136523

0.000233203 0.00136316
0.000239062 0.00135992

0.000239062 0.00135993
0.000240048 0.00135937

0.000321094 0.00131056
0.000318034 0.0013125

0.000321094 0.00131056
0.000326953 0.00130682

0.000332812 0.00130306
0.000327229 0.00130664

0.000326953 0.00130681
0.000327232 0.00130664

0.00035625 0.00128787
0.000354408 0.00128906

0.000338672 0.00129928
0.00033634 0.00130078

0.000338672 0.00129928
0.000344531 0.00129549

0.000332812 0.00130305
0.000336339 0.00130078

0.000350391 0.00129168
0.000345405 0.00129492

0.000344531 0.00129548
0.000345416 0.00129492

0.000350391 0.00129168
0.000354409 0.00128906

0.000391406 0.00126482
0.00039016 0.00126562

0.000391406 0.00126481
0.000397266 0.00126096

0.000403125 0.0012571
0.000399075 0.00125977

0.000397266 0.00126095
0.00039908 0.00125977

0.00035625 0.00128787
0.000362109 0.00128404

0.000367969 0.00128021
0.000363389 0.0012832

0.000362109 0.00128403
0.0003634 0.0012832

0.000373828 0.00127637
0.000372325 0.00127734

0.000373828 0.00127636
0.000379687 0.00127252

0.000367969 0.0012802
0.000372328 0.00127734

0.000385547 0.00126866
0.000381257 0.00127148

0.000379687 0.00127251
0.000381266 0.00127148

0.000385547 0.00126866
0.000390164 0.00126563

0.000426562 0.00124172
0.000425822 0.00124219

0.000408984 0.00125326
0.000407974 0.00125391

0.000408984 0.00125325
0.000414844 0.0012494

0.000403125 0.0012571
0.000407979 0.00125391

0.000420703 0.00124555
0.000416898 0.00124805

0.000414844 0.00124939
0.000416901 0.00124805

0.000420703 0.00124555
0.000425825 0.00124219

0.000426562 0.00124171
0.000432422 0.00123787

0.000438281 0.00123403
0.000434774 0.00123633

0.000432422 0.00123787
0.000434775 0.00123633

0.000444141 0.00123022
0.000443743 0.00123047

0.000444141 0.00123021
0.00045 0.00122639

0.000438281 0.00123403
0.000443741 0.00123047

0.000285937 0.00133251
0.0002803 0.00133594

0.0002625 0.00134653
0.000268359 0.00134308

0.000274219 0.0013396
0.00027052 0.0013418

0.000268359 0.00134309
0.000270526 0.0013418

0.000274219 0.00133959
0.000280078 0.00133607

0.000280078 0.00133607
0.000280303 0.00133594

0.000291797 0.00132892
0.000289905 0.00133008

0.000285937 0.00133251
0.000289911 0.00133008

0.000291797 0.00132892
0.000297656 0.0013253

0.000303516 0.00132165
0.000299396 0.00132422

0.000309375 0.00131798
0.000308755 0.00131836

0.000303516 0.00132165
0.000308766 0.00131836

0.000297656 0.0013253
0.000299402 0.00132422

0.000309375 0.00131798
0.000315234 0.00131428

0.000315234 0.00131428
0.000318035 0.0013125

0.0010058 0
0.00100581 5.85937e-06

0.00100581 5.85938e-06
0.00100581 1.17187e-05

0.00100581 1.17187e-05
0.00100583 1.75781e-05

0.00100583 1.75781e-05
0.00100585 2.34375e-05

0.00100585 2.34375e-05
0.00100587 2.92969e-05

0.00100587 2.92969e-05
0.0010059 3.51562e-05

0.0010059 3.51562e-05
0.00100594 4.10156e-05

0.00100594 4.10156e-05
0.00100598 4.6875e-05

0.00100598 4.6875e-05
0.00100602 5.27344e-05

0.00100602 5.27344e-05
0.00100606 5.85937e-05

0.00100606 5.85937e-05
0.00100611 6.44531e-05

0.00100611 6.44531e-05
0.00100617 7.03125e-05

0.00100617 7.03125e-05
0.00100623 7.61719e-05

0.00100623 7.61719e-05
0.00100629 8.20312e-05

0.00100629 8.20312e-05
0.00100636 8.78906e-05

0.00100636 8.78906e-05
0.00100644 9.375e-05

0.00100644 9.375e-05
0.00100652 9.96094e-05

0.00100652 9.96094e-05
0.00100661 0.000105469

0.00100661 0.000105469
0.00100664 0.00010719

0.00100664 0.000107194
0.00100671 0.000111328

0.00100671 0.000111328
0.00100681 0.000117187

0.00100681 0.000117187
0.00100693 0.000123047

0.00100693 0.000123047
0.00100705 0.000128906

0.00100705 0.000128906
0.00100717 0.000134766

0.00100717 0.000134766
0.0010073 0.000140625

0.0010073 0.000140625
0.00100744 0.000146484

0.00100744 0.000146484
0.00100758 0.000152344

0.00100758 0.000152344
0.00100772 0.000158203

0.00100772 0.000158203
0.00100787 0.000164062

0.00100787 0.000164062
0.00100802 0.000169922

0.00100802 0.000169922
0.00100817 0.000175781

0.00100817 0.000175781
0.00100832 0.000181641

0.00100832 0.000181641
0.00100848 0.0001875

0.00100848 0.0001875
0.00100863 0.000193359

0.00100863 0.000193359
0.00100879 0.000199219

0.00100879 0.000199219
0.00100895 0.000205078

0.00100895 0.000205078
0.00100911 0.000210937

0.00100911 0.000210937
0.00100927 0.000216797

0.00100927 0.000216797
0.00100943 0.000222656

0.00100943 0.000222656
0.0010096 0.000228516

0.0010096 0.000228516
0.00100976 0.000234375

0.00100976 0.000234375
0.00100993 0.000240234

0.00100993 0.000240234
0.0010101 0.000246094

0.0010101 0.000246094
0.00101028 0.000251953

0.00101028 0.000251953
0.00101046 0.000257812

0.00101046 0.000257812
0.00101064 0.000263672

0.00101064 0.000263672
0.00101082 0.000269531

0.00101082 0.000269531
0.001011 0.000275391

0.001011 0.000275391
0.00101119 0.00028125

0.00101119 0.00028125
0.00101138 0.000287109

0.00101138 0.000287109
0.00101157 0.000292969

0.00101157 0.000292969
0.00101175 0.000298828

0.00101175 0.000298828
0.00101194 0.000304687

0.00101194 0.000304687
0.00101212 0.000310547

0.00101212 0.000310547
0.0010123 0.000316406

0.00101231 0.000316406
0.00101247 0.000322266

0.00101247 0.000322266
0.0010125 0.000323614

0.0010125 0.000323642
0.00101261 0.000328125

0.00101261 0.000328125
0.00101277 0.000333984

0.00101277 0.000333984
0.00101295 0.000339844

0.00101295 0.000339844
0.00101313 0.000345703

0.00101313 0.000345703
0.00101332 0.000351562

0.00101332 0.000351562
0.0010135 0.000357422

0.0010135 0.000357422
0.00101368 0.000363281

0.00101368 0.000363281
0.00101385 0.000369141

0.00101385 0.000369141
0.00101401 0.000375

0.0010125 0.000562785
0.00101209 0.000568359

0.00101211 0.000568359
0.00101168 0.000574219

0.00101168 0.000574219
0.00101122 0.000580078

0.00101122 0.000580078
0.00101071 0.000585937

0.00101071 0.000585937
0.00101016 0.000591797

0.00101016 0.000591797
0.00100957 0.000597656

0.00100957 0.000597656
0.00100893 0.000603516

0.00100894 0.000603516
0.00100825 0.000609375

0.00100825 0.000609375
0.0010075 0.000615234

0.0010075 0.000615234
0.00100669 0.000621094

0.00100664 0.000621287
0.00100584 0.000626953

0.00100586 0.000626953
0.00100502 0.000632812

0.00100664 0.000621467
0.00100669 0.000621094

0.00100502 0.000632812
0.00100411 0.000638672

0.00100411 0.000638672
0.00100314 0.000644531

0.00100314 0.000644531
0.00100209 0.000650391

0.00100209 0.000650391
0.00100097 0.00065625

0.00100078 0.00065704
0.000999778 0.000662109

0.000999804 0.000662109
0.000998619 0.000667969

0.000998627 0.000667969
0.000997359 0.000673828

0.000997354 0.000673828
0.000995994 0.000679687

0.00100078 0.000657198
0.00100097 0.00065625

0.000994922 0.000683983
0.000994538 0.000685547

0.000994535 0.000685547
0.000993066 0.000691406

0.000994922 0.000684074
0.000995998 0.000679687

0.000993097 0.000691406
0.000991576 0.000697266

0.000991573 0.000697266
0.000989947 0.000703125

0.000989062 0.000706043
0.000988207 0.000708984

0.000988224 0.000708984
0.000986476 0.000714844

0.000983203 0.000725056
0.000982705 0.000726562

0.0009865 0.000714844
0.000984676 0.000720703

0.000983203 0.000725164
0.000984678 0.000720703

0.000977344 0.000741779
0.000976467 0.000744141

0.00097649 0.000744141
0.00097425 0.00075

0.000982708 0.000726562
0.000980719 0.000732422

0.000980753 0.000732422
0.000978693 0.000738281

0.000977344 0.000741955
0.000978708 0.000738281

0.000989062 0.000706215
0.000989962 0.000703125

0.00101401 0.000375
0.00101417 0.000380859

0.00101417 0.000380859
0.00101432 0.000386719

0.00101432 0.000386719
0.00101448 0.000392578

0.00101448 0.000392578
0.00101462 0.000398437

0.00101462 0.000398437
0.00101477 0.000404297

0.00101477 0.000404297
0.0010149 0.000410156

0.0010149 0.000410156
0.00101502 0.000416016

0.00101502 0.000416016
0.00101513 0.000421875

0.00101513 0.000421875
0.00101523 0.000427734

0.00101523 0.000427734
0.0010153 0.000433594

0.0010153 0.000433594
0.00101537 0.000439453

0.00101537 0.000439453
0.00101541 0.000445312

0.00101541 0.000445312
0.00101544 0.000451172

0.00101544 0.000451172
0.00101546 0.000457031

0.00101546 0.000457031
0.00101546 0.000462891

0.00101546 0.000462891
0.00101545 0.00046875

0.00101545 0.00046875
0.00101541 0.000474609

0.00101541 0.000474609
0.00101537 0.000480469

0.00101537 0.000480469
0.00101531 0.000486328

0.00101531 0.000486328
0.00101523 0.000492187

0.00101523 0.000492187
0.00101513 0.000498047

0.00101513 0.000498047
0.00101502 0.000503906

0.00101502 0.000503906
0.00101489 0.000509766

0.00101489 0.000509766
0.00101475 0.000515625

0.00101475 0.000515625
0.00101458 0.000521484

0.00101458 0.000521484
0.00101439 0.000527344

0.00101439 0.000527344
0.00101417 0.000533203

0.00101417 0.000533203
0.00101393 0.000539062

0.00101393 0.000539062
0.00101365 0.000544922

0.00101365 0.000544922
0.00101332 0.000550781

0.00101333 0.000550781
0.00101296 0.000556641

0.00101296 0.000556641
0.00101254 0.0005625

0.0010125 0.000563001
0.00101254 0.0005625

0.000608203 0.00112467
0.000607677 0.001125

0.000608203 0.00112467
0.000614062 0.00112085

0.000625781 0.00111316
0.000625587 0.00111328

0.000619922 0.00111701
0.000616674 0.00111914

0.000614063 0.00112086
0.000616688 0.00111914

0.000619922 0.00111702
0.000625606 0.00111328

0.000625781 0.00111316
0.000631641 0.00110929

0.0006375 0.0011054
0.000634457 0.00110742

0.000631641 0.0011093
0.000634472 0.00110742

0.000678516 0.00107754
0.000677655 0.00107812

0.000678516 0.00107754
0.000684375 0.00107345

0.000643359 0.00110149
0.000643248 0.00110156

0.000643359 0.0011015
0.000649219 0.00109756

0.000660937 0.00108963
0.000660616 0.00108984

0.000655078 0.00109361
0.000651972 0.0010957

0.000649219 0.00109757
0.000651987 0.0010957

0.000655078 0.00109361
0.000660627 0.00108984

0.0006375 0.00110541
0.000643261 0.00110156

0.000660938 0.00108963
0.000666797 0.00108563

0.000672656 0.00108159
0.000669183 0.00108398

0.000666797 0.00108563
0.000669199 0.00108398

0.000672656 0.0010816
0.000677668 0.00107812

0.000696094 0.00106518
0.000694327 0.00106641

0.000690234 0.00106932
0.000686053 0.00107227

0.000684375 0.00107344
0.000686077 0.00107227

0.000690234 0.00106933
0.000694353 0.00106641

0.000696094 0.00106517
0.000701953 0.00106098

0.000707812 0.00105675
0.000702551 0.00106055

0.000701953 0.00106098
0.000702557 0.00106055

0.000713672 0.00105248
0.000710639 0.00105469

0.000719531 0.00104818
0.000718646 0.00104883

0.000713672 0.00105248
0.000718644 0.00104883

0.00073125 0.00103943
0.000726531 0.00104297

0.000719531 0.00104818
0.000725391 0.00104382

0.000725391 0.00104382
0.000726542 0.00104297

0.000707812 0.00105675
0.000710659 0.00105469

0.000742969 0.0010305
0.000741985 0.00103125

0.000742969 0.00103049
0.000748828 0.00102595

0.000754688 0.00102135
0.000749537 0.00102539

0.000748828 0.00102594
0.000749541 0.00102539

0.000772266 0.00100721
0.000771527 0.00100781

0.000772266 0.00100721
0.000778125 0.00100237

0.000760547 0.0010167
0.000756968 0.00101953

0.000766406 0.00101199
0.0007643 0.00101367

0.000760547 0.00101669
0.00076431 0.00101367

0.000754687 0.00102133
0.000756999 0.00101953

0.000766406 0.00101198
0.000771522 0.00100781

0.000801563 0.000982314
0.000799198 0.000984375

0.000825 0.000960905
0.000824966 0.000960937

0.000813281 0.000971787
0.000812325 0.000972656

0.000807422 0.000977093
0.000805825 0.000978516

0.000801562 0.000982299
0.000805844 0.000978516

0.000807422 0.000977097
0.000812337 0.000972656

0.000819141 0.000966391
0.000818703 0.000966797

0.000813281 0.000971799
0.000818713 0.000966797

0.000819141 0.000966404
0.000824969 0.000960937

0.000789844 0.000992488
0.000785591 0.000996094

0.000783984 0.000997461
0.00077862 0.00100195

0.000778125 0.00100237
0.000778622 0.00100195

0.000783984 0.000997456
0.000785606 0.000996094

0.000795703 0.000987457
0.000792437 0.000990234

0.000789844 0.00099247
0.000792476 0.000990234

0.000795703 0.000987411
0.000799235 0.000984375

0.000737109 0.00103499
0.000734294 0.00103711

0.00073125 0.00103942
0.000734321 0.00103711

0.000737109 0.00103498
0.000741979 0.00103125

0.000467578 0.00121497
0.00046175 0.00121875

0.000473437 0.00121118
0.000470793 0.00121289

0.000467578 0.00121497
0.000470796 0.00121289

0.000485156 0.00120362
0.00047986 0.00120703

0.000473438 0.00121118
0.000479297 0.0012074

0.000479297 0.00120739
0.000479868 0.00120703

0.000491016 0.00119984
0.000488948 0.00120117

0.000485156 0.00120362
0.000488957 0.00120117

0.000491016 0.00119985
0.000496875 0.00119608

0.000537891 0.00116983
0.000534682 0.00117187

0.000537891 0.00116983
0.00054375 0.00116609

0.000502734 0.00119232
0.000498065 0.00119531

0.000508594 0.00118856
0.000507186 0.00118945

0.000502734 0.00119232
0.000507206 0.00118945

0.000520312 0.00118106
0.000516348 0.00118359

0.000508594 0.00118856
0.000514453 0.00118481

0.000514453 0.00118481
0.000516356 0.00118359

0.000496875 0.00119607
0.000498075 0.00119531

0.000526172 0.00117731
0.000525494 0.00117773

0.000520313 0.00118106
0.000525518 0.00117773

0.000526172 0.00117731
0.000532031 0.00117357

0.000532031 0.00117357
0.000534693 0.00117187

0.000455859 0.00122258
0.000452734 0.00122461

0.00045 0.00122639
0.000452734 0.00122461

0.000455859 0.00122258
0.000461719 0.00121877

0.000461719 0.00121877
0.000461751 0.00121875

0.000555469 0.0011586
0.00055303 0.00116016

0.000549609 0.00116234
0.000543859 0.00116602

0.00054375 0.00116609
0.000543862 0.00116602

0.000549609 0.00116235
0.000553048 0.00116016

0.000555469 0.00115861
0.000561328 0.00115486

0.000567187 0.00115111
0.000562203 0.0011543

0.000561328 0.00115485
0.000562214 0.0011543

0.000573047 0.00114735
0.000571342 0.00114844

0.000573047 0.00114736
0.000578906 0.0011436

0.000590625 0.00113605
0.000589573 0.00113672

0.000584766 0.00113983
0.000580492 0.00114258

0.000578906 0.0011436
0.000580504 0.00114258

0.000584766 0.00113984
0.00058961 0.00113672

0.000567188 0.00115112
0.000571372 0.00114844

0.000590625 0.00113606
0.000596484 0.00113227

0.000602344 0.00112848
0.000598668 0.00113086

0.000596484 0.00113228
0.000598681 0.00113086

0.000602344 0.00112849
0.000607706 0.001125

0.000871875 0.000912655
0.000870626 0.000914062

0.000860156 0.00092554
0.000859931 0.000925781

0.000854297 0.000931762
0.000848765 0.0009375

0.000859944 0.000925781
0.000854413 0.000931641

0.000854297 0.000931764
0.000854415 0.000931641

0.000866016 0.000919173
0.000865334 0.000919922

0.000860156 0.000925553
0.000865361 0.000919922

0.000866016 0.000919202
0.000870662 0.000914062

0.000895312 0.000884886
0.000890689 0.000890625

0.00091875 0.000853298
0.000917264 0.000855469

0.000912891 0.000861703
0.000908895 0.000867187

0.000917331 0.000855469
0.000913167 0.000861328

0.000912891 0.000861738
0.000913182 0.000861328

0.000901172 0.000877328
0.000899972 0.000878906

0.000907031 0.000869612
0.000904466 0.000873047

0.000901172 0.000877429
0.000904536 0.000873047

0.00090002 0.000878906
0.000895411 0.000884766

0.000895312 0.000884897
0.000895417 0.000884766

0.000907031 0.000869817
0.000908961 0.000867187

0.000883594 0.000899098
0.000880889 0.000902344

0.000877734 0.000905965
0.000875805 0.000908203

0.000871875 0.000912708
0.000875843 0.000908203

0.000877734 0.00090607
0.000880909 0.000902344

0.000889453 0.000892102
0.000885838 0.000896484

0.000883594 0.000899238
0.000885879 0.000896484

0.000889453 0.000892206
0.000890737 0.000890625

0.000965625 0.000770566
0.000964342 0.000773437

0.000953906 0.000794984
0.000952938 0.000796875

0.000959766 0.000783228
0.000958842 0.000785156

0.00096438 0.000773437
0.000961676 0.000779297

0.000959766 0.000783378
0.00096172 0.000779297

0.000958866 0.000785156
0.000955964 0.000791016

0.000953906 0.000795131
0.000956013 0.000791016

0.000942187 0.000816411
0.000939925 0.000820312

0.000930469 0.00083568
0.000929068 0.000837891

0.000929138 0.000837891
0.000925302 0.00084375

0.000936328 0.000826372
0.000932845 0.000832031

0.000939976 0.000820312
0.000936467 0.000826172

0.000936328 0.000826414
0.000936472 0.000826172

0.000930469 0.00083589
0.000932915 0.000832031

0.000948047 0.000805986
0.000946623 0.000808594

0.000952966 0.000796875
0.000949863 0.000802734

0.000948047 0.000806183
0.000949929 0.000802734

0.000946671 0.000808594
0.000943363 0.000814453

0.000942187 0.000816627
0.000943448 0.000814453

0.000971484 0.00075686
0.000969473 0.000761719

0.000974283 0.00075
0.000971948 0.000755859

0.000971484 0.000757048
0.000971977 0.000755859

0.000969515 0.000761719
0.000967015 0.000767578

0.000965625 0.000770781
0.000967056 0.000767578

0.000924609 0.000844771
0.000921364 0.000849609

0.00091875 0.000853484
0.000921425 0.000849609

0.000924609 0.000844875
0.000925338 0.00084375

0.000825 0.00096091
0.000830859 0.00095531

0.000836719 0.000949602
0.000831098 0.000955078

0.000830859 0.000955311
0.000831101 0.000955078

0.000842578 0.000943781
0.000837105 0.000949219

0.000848438 0.000937832
0.000842997 0.000943359

0.000842578 0.000943785
0.000843002 0.000943359

0.000836719 0.000949604
0.00083711 0.000949219

0.000848437 0.000937841
0.00084877 0.0009375

