0.000290078 0
0.00029008 5.85937e-06

0.00029008 5.85938e-06
0.000290087 1.17187e-05

0.000290087 1.17187e-05
0.000290098 1.75781e-05

0.000290098 1.75781e-05
0.000290113 2.34375e-05

0.000290113 2.34375e-05
0.000290133 2.92969e-05

0.000290133 2.92969e-05
0.000290157 3.51562e-05

0.000290157 3.51562e-05
0.000290185 4.10156e-05

0.000290185 4.10156e-05
0.000290218 4.6875e-05

0.000290218 4.6875e-05
0.000290255 5.27344e-05

0.000290255 5.27344e-05
0.000290296 5.85937e-05

0.000290296 5.85937e-05
0.000290342 6.44531e-05

0.000290342 6.44531e-05
0.000290391 7.03125e-05

0.000290391 7.03125e-05
0.000290445 7.61719e-05

0.000290445 7.61719e-05
0.000290503 8.20312e-05

0.000290503 8.20312e-05
0.000290565 8.78906e-05

0.000290565 8.78906e-05
0.000290631 9.375e-05

0.000290631 9.375e-05
0.000290701 9.96094e-05

0.000290701 9.96094e-05
0.000290774 0.000105469

0.000290774 0.000105469
0.000290852 0.000111328

0.000290852 0.000111328
0.000290933 0.000117187

0.000290933 0.000117187
0.000291019 0.000123047

0.000291019 0.000123047
0.000291108 0.000128906

0.000291108 0.000128906
0.0002912 0.000134766

0.0002912 0.000134766
0.000291296 0.000140625

0.000291296 0.000140625
0.000291396 0.000146484

0.000291396 0.000146484
0.0002915 0.000152344

0.0002915 0.000152344
0.000291606 0.000158203

0.000291606 0.000158203
0.000291717 0.000164062

0.000291717 0.000164062
0.000291797 0.000168189

0.000291797 0.000168188
0.000291831 0.000169922

0.000291831 0.000169922
0.000291948 0.000175781

0.000291948 0.000175781
0.000292068 0.000181641

0.000292068 0.000181641
0.000292191 0.0001875

0.000292191 0.0001875
0.000292318 0.000193359

0.000292318 0.000193359
0.000292448 0.000199219

0.000292448 0.000199219
0.000292581 0.000205078

0.000292581 0.000205078
0.000292717 0.000210937

0.000292717 0.000210937
0.000292855 0.000216797

0.000292855 0.000216797
0.000292997 0.000222656

0.000292997 0.000222656
0.000293141 0.000228516

0.000293141 0.000228516
0.000293288 0.000234375

0.000293288 0.000234375
0.000293437 0.000240234

0.000293437 0.000240234
0.000293589 0.000246094

0.000293589 0.000246094
0.000293743 0.000251953

0.000293743 0.000251953
0.0002939 0.000257812

0.0002939 0.000257812
0.000294058 0.000263672

0.000294058 0.000263672
0.000294219 0.000269531

0.000294219 0.000269531
0.000294382 0.000275391

0.000294382 0.000275391
0.000294547 0.00028125

0.000294547 0.00028125
0.000294714 0.000287109

0.000294714 0.000287109
0.000294883 0.000292969

0.000294883 0.000292969
0.000295053 0.000298828

0.000295053 0.000298828
0.000295225 0.000304687

0.000295225 0.000304687
0.000295398 0.000310547

0.000295398 0.000310547
0.000295573 0.000316406

0.000295573 0.000316406
0.000295749 0.000322266

0.000295749 0.000322266
0.000295926 0.000328125

0.000295926 0.000328125
0.000296104 0.000333984

0.000296105 0.000333984
0.000296284 0.000339844

0.000296284 0.000339844
0.000296464 0.000345703

0.000296464 0.000345703
0.000296645 0.000351562

0.000296645 0.000351562
0.000296827 0.000357422

0.000296827 0.000357422
0.00029701 0.000363281

0.00029701 0.000363281
0.000297192 0.000369141

0.000297192 0.000369141
0.000297376 0.000375

0.000297376 0.000375
0.000297559 0.000380859

0.000297559 0.000380859
0.000297656 0.000383952

0.000297656 0.000383951
0.000297743 0.000386719

0.000297743 0.000386719
0.000297927 0.000392578

0.000297927 0.000392578
0.00029811 0.000398437

0.00029811 0.000398437
0.000298294 0.000404297

0.000298294 0.000404297
0.000298477 0.000410156

0.000298477 0.000410156
0.00029866 0.000416016

0.00029866 0.000416016
0.000298842 0.000421875

0.000298842 0.000421875
0.000299024 0.000427734

0.000299024 0.000427734
0.000299204 0.000433594

0.000299205 0.000433594
0.000299384 0.000439453

0.000299384 0.000439453
0.000299563 0.000445312

0.000299563 0.000445312
0.000299741 0.000451172

0.000299741 0.000451172
0.000299918 0.000457031

0.000299918 0.000457031
0.000300093 0.000462891

0.000300093 0.000462891
0.000300267 0.00046875

0.000300267 0.00046875
0.000300439 0.000474609

0.000300439 0.000474609
0.000300609 0.000480469

0.000300609 0.000480469
0.000300778 0.000486328

0.000300778 0.000486328
0.000300944 0.000492187

0.000300944 0.000492187
0.000301108 0.000498047

0.000301108 0.000498047
0.00030127 0.000503906

0.00030127 0.000503906
0.00030143 0.000509766

0.00030143 0.000509766
0.000301587 0.000515625

0.000301587 0.000515625
0.000301741 0.000521484

0.000301741 0.000521484
0.000301893 0.000527344

0.000301893 0.000527344
0.000302041 0.000533203

0.000302041 0.000533203
0.000302186 0.000539062

0.000302186 0.000539062
0.000302329 0.000544922

0.000302329 0.000544922
0.000302467 0.000550781

0.000302467 0.000550781
0.000302603 0.000556641

0.000302603 0.000556641
0.000302734 0.0005625

0.000302734 0.0005625
0.000302862 0.000568359

0.000302862 0.000568359
0.000302986 0.000574219

0.000302986 0.000574219
0.000303105 0.000580078

0.000303105 0.000580078
0.000303221 0.000585937

0.000303221 0.000585937
0.000303332 0.000591797

0.000303332 0.000591797
0.000303438 0.000597656

0.000303438 0.000597656
0.000303516 0.000602117

0.000303516 0.000602114
0.00030354 0.000603516

0.00030354 0.000603516
0.000303637 0.000609375

0.000303637 0.000609375
0.000303729 0.000615234

0.000303729 0.000615234
0.000303815 0.000621094

0.000303815 0.000621094
0.000303897 0.000626953

0.000303897 0.000626953
0.000303973 0.000632812

0.000303973 0.000632812
0.000304043 0.000638672

0.000304043 0.000638672
0.000304108 0.000644531

0.000304108 0.000644531
0.000304166 0.000650391

0.000304166 0.000650391
0.000304219 0.00065625

0.000304219 0.00065625
0.000304265 0.000662109

0.000304265 0.000662109
0.000304305 0.000667969

0.000304305 0.000667969
0.000304339 0.000673828

0.000304339 0.000673828
0.000304365 0.000679687

0.000304366 0.000679687
0.000304385 0.000685547

0.000304385 0.000685547
0.000304398 0.000691406

0.000304398 0.000691406
0.000304404 0.000697266

0.000304404 0.000697266
0.000304403 0.000703125

0.000304403 0.000703125
0.000304394 0.000708984

0.000304394 0.000708984
0.000304377 0.000714844

0.000304377 0.000714844
0.000304353 0.000720703

0.000304353 0.000720703
0.000304321 0.000726562

0.000304321 0.000726562
0.000304281 0.000732422

0.000304281 0.000732422
0.000304233 0.000738281

0.000304233 0.000738281
0.000304176 0.000744141

0.000304176 0.000744141
0.000304111 0.00075

0.000304111 0.00075
0.000304038 0.000755859

0.000304038 0.000755859
0.000303956 0.000761719

0.000303956 0.000761719
0.000303865 0.000767578

0.000303865 0.000767578
0.000303765 0.000773437

0.000303765 0.000773437
0.000303657 0.000779297

0.000303657 0.000779297
0.000303539 0.000785156

0.000303516 0.000786227
0.000303412 0.000791016

0.000303412 0.000791016
0.000303275 0.000796875

0.000303516 0.000786223
0.000303539 0.000785156

0.000303275 0.000796875
0.000303129 0.000802734

0.000303129 0.000802734
0.000302973 0.000808594

0.000302973 0.000808594
0.000302808 0.000814453

0.000302808 0.000814453
0.000302633 0.000820312

0.000302633 0.000820312
0.000302449 0.000826172

0.000302449 0.000826172
0.000302254 0.000832031

0.000302254 0.000832031
0.00030205 0.000837891

0.00030205 0.000837891
0.000301835 0.00084375

0.000301835 0.00084375
0.00030161 0.000849609

0.000301611 0.000849609
0.000301376 0.000855469

0.000301376 0.000855469
0.000301131 0.000861328

0.000301131 0.000861328
0.000300876 0.000867187

0.000300876 0.000867187
0.000300611 0.000873047

0.000300611 0.000873047
0.000300335 0.000878906

0.000300335 0.000878906
0.00030005 0.000884766

0.00030005 0.000884766
0.000299754 0.000890625

0.000299754 0.000890625
0.000299447 0.000896484

0.000299447 0.000896484
0.000299131 0.000902344

0.000299131 0.000902344
0.000298805 0.000908203

0.000298805 0.000908203
0.000298468 0.000914062

0.000297656 0.000927563
0.000297401 0.000931641

0.000297401 0.000931641
0.000297023 0.0009375

0.000298468 0.000914062
0.000298122 0.000919922

0.000298123 0.000919922
0.000297767 0.000925781

0.000297656 0.000927563
0.000297768 0.000925781

0.000297023 0.0009375
0.000296636 0.000943359

0.000296636 0.000943359
0.00029624 0.000949219

0.00029624 0.000949219
0.000295834 0.000955078

0.000295834 0.000955078
0.000295419 0.000960937

0.000295419 0.000960937
0.000294994 0.000966797

0.000294994 0.000966797
0.000294561 0.000972656

0.00029456 0.000972656
0.000294118 0.000978516

0.000294118 0.000978516
0.000293667 0.000984375

0.000293667 0.000984375
0.000293207 0.000990234

0.000293207 0.000990234
0.000292739 0.000996094

0.000291797 0.00100766
0.000291785 0.00100781

0.000292739 0.000996094
0.000292265 0.00100195

0.000291797 0.00100766
0.000292266 0.00100195

0.000291784 0.00100781
0.000291292 0.00101367

0.000291291 0.00101367
0.000290789 0.00101953

0.000290789 0.00101953
0.000290281 0.00102539

0.000290281 0.00102539
0.000289767 0.00103125

0.000285937 0.00107304
0.000285453 0.00107812

0.000289767 0.00103125
0.000289246 0.00103711

0.000289246 0.00103711
0.000288719 0.00104297

0.000288718 0.00104297
0.000288186 0.00104883

0.000288185 0.00104883
0.000287647 0.00105469

0.000287647 0.00105469
0.000287104 0.00106055

0.000287103 0.00106055
0.000286558 0.00106641

0.000286559 0.00106641
0.00028601 0.00107227

0.000285937 0.00107304
0.000286011 0.00107227

0.000285451 0.00107812
0.000284887 0.00108398

0.000284886 0.00108398
0.000284319 0.00108984

0.000284319 0.00108984
0.00028375 0.0010957

0.00028375 0.0010957
0.000283178 0.00110156

0.000283178 0.00110156
0.000282604 0.00110742

0.000282604 0.00110742
0.000282029 0.00111328

0.000282029 0.00111328
0.000281453 0.00111914

0.000281452 0.00111914
0.000280878 0.001125

0.000280078 0.00113321
0.000279734 0.00113672

0.000280878 0.001125
0.000280307 0.00113086

0.000280078 0.00113322
0.00028031 0.00113086

0.000279731 0.00113672
0.00027915 0.00114258

0.000279149 0.00114258
0.000278569 0.00114844

0.000278569 0.00114844
0.000277992 0.0011543

0.000277992 0.0011543
0.000277418 0.00116016

0.000277418 0.00116016
0.000276847 0.00116602

0.000276847 0.00116602
0.00027628 0.00117187

0.000274219 0.00119373
0.000274072 0.00119531

0.00027628 0.00117187
0.000275717 0.00117773

0.000275717 0.00117773
0.00027516 0.00118359

0.000275159 0.00118359
0.000274612 0.00118945

0.000274219 0.00119373
0.000274616 0.00118945

0.00027407 0.00119531
0.000273524 0.00120117

0.000273522 0.00120117
0.000272982 0.00120703

0.000272982 0.00120703
0.000272451 0.00121289

0.000272451 0.00121289
0.000271928 0.00121875

0.000271928 0.00121875
0.000271415 0.00122461

0.000271415 0.00122461
0.000270912 0.00123047

0.000270911 0.00123047
0.000270418 0.00123633

0.000270418 0.00123633
0.000269935 0.00124219

0.000269934 0.00124219
0.000269463 0.00124805

0.000269463 0.00124805
0.000269005 0.00125391

0.000268359 0.00126254
0.00026813 0.00126562

0.000269005 0.00125391
0.000268562 0.00125977

0.000268359 0.00126254
0.000268565 0.00125977

0.000268128 0.00126563
0.000267702 0.00127148

0.000267701 0.00127148
0.00026729 0.00127734

0.00026729 0.00127734
0.000266895 0.0012832

0.000266895 0.0012832
0.000266517 0.00128906

0.000266517 0.00128906
0.000266155 0.00129492

0.000266155 0.00129492
0.000265811 0.00130078

0.000265811 0.00130078
0.000265484 0.00130664

0.000265483 0.00130664
0.000265175 0.0013125

0.000265174 0.0013125
0.000264885 0.00131836

0.000264884 0.00131836
0.000264614 0.00132422

0.000264614 0.00132422
0.000264363 0.00133008

0.000264363 0.00133008
0.000264134 0.00133594

0.000264134 0.00133594
0.000263926 0.0013418

0.000263926 0.0013418
0.000263741 0.00134766

0.00026374 0.00134766
0.000263578 0.00135352

0.000263578 0.00135352
0.000263439 0.00135937

0.000263439 0.00135937
0.000263325 0.00136523

0.000263324 0.00136523
0.000263235 0.00137109

0.000263235 0.00137109
0.000263172 0.00137695

0.000263171 0.00137695
0.000263135 0.00138281

0.000263134 0.00138281
0.000263125 0.00138867

0.000263125 0.00138867
0.000263143 0.00139453

0.000263143 0.00139453
0.000263191 0.00140039

0.000263191 0.00140039
0.000263268 0.00140625

0.000263268 0.00140625
0.000263376 0.00141211

0.000263376 0.00141211
0.000263516 0.00141797

0.000263515 0.00141797
0.000263687 0.00142383

0.000263687 0.00142383
0.000263892 0.00142969

0.000263892 0.00142969
0.000264132 0.00143555

0.000264132 0.00143555
0.000264407 0.00144141

0.000264406 0.00144141
0.000264717 0.00144727

0.000264717 0.00144727
0.000265065 0.00145312

0.000265065 0.00145312
0.000265452 0.00145898

0.000265452 0.00145898
0.000265879 0.00146484

0.000265879 0.00146484
0.000266347 0.0014707

0.000266348 0.0014707
0.000266852 0.00147656

0.000266853 0.00147656
0.000267391 0.00148242

0.000267388 0.00148242
0.000267963 0.00148828

0.000267953 0.00148828
0.000268359 0.00149202

0.000268359 0.00149204
0.000268587 0.00149414

0.000268597 0.00149414
0.000269301 0.0015

0.00103639 0
0.00103639 5.85937e-06

0.00103639 5.85938e-06
0.00103639 1.17187e-05

0.00103639 1.17187e-05
0.00103639 1.75781e-05

0.00103639 1.75781e-05
0.00103638 2.34375e-05

0.00103638 2.34375e-05
0.00103637 2.92969e-05

0.00103637 2.92969e-05
0.00103636 3.51562e-05

0.00103636 3.51562e-05
0.00103635 4.10156e-05

0.00103635 4.10156e-05
0.00103634 4.6875e-05

0.00103634 4.6875e-05
0.00103632 5.27344e-05

0.00103632 5.27344e-05
0.0010363 5.85937e-05

0.0010363 5.85937e-05
0.00103628 6.44531e-05

0.00103628 6.44531e-05
0.00103626 7.03125e-05

0.00103626 7.03125e-05
0.00103624 7.61719e-05

0.00103624 7.61719e-05
0.00103621 8.20312e-05

0.00103621 8.20312e-05
0.00103619 8.78906e-05

0.00103619 8.78906e-05
0.00103615 9.375e-05

0.00103594 0.000126307
0.00103592 0.000128906

0.00103592 0.000128906
0.00103587 0.000134766

0.00103587 0.000134766
0.00103582 0.000140625

0.00103615 9.375e-05
0.00103612 9.96094e-05

0.00103612 9.96094e-05
0.00103609 0.000105469

0.00103609 0.000105469
0.00103605 0.000111328

0.00103605 0.000111328
0.00103601 0.000117187

0.00103601 0.000117187
0.00103596 0.000123047

0.00103594 0.000126305
0.00103596 0.000123047

0.00103582 0.000140625
0.00103576 0.000146484

0.00103576 0.000146484
0.0010357 0.000152344

0.0010357 0.000152344
0.00103564 0.000158203

0.00103564 0.000158203
0.00103558 0.000164062

0.00103558 0.000164062
0.00103551 0.000169922

0.00103551 0.000169922
0.00103544 0.000175781

0.00103544 0.000175781
0.00103536 0.000181641

0.00103536 0.000181641
0.00103528 0.0001875

0.00103528 0.0001875
0.0010352 0.000193359

0.0010352 0.000193359
0.00103512 0.000199219

0.00103512 0.000199219
0.00103503 0.000205078

0.00103503 0.000205078
0.00103494 0.000210937

0.00103494 0.000210937
0.00103485 0.000216797

0.00103485 0.000216797
0.00103475 0.000222656

0.00103475 0.000222656
0.00103464 0.000228516

0.00103464 0.000228516
0.00103454 0.000234375

0.00103454 0.000234375
0.00103443 0.000240234

0.00103443 0.000240234
0.00103432 0.000246094

0.00103432 0.000246094
0.0010342 0.000251953

0.0010342 0.000251953
0.00103408 0.000257812

0.00103408 0.000257812
0.00103395 0.000263672

0.00103395 0.000263672
0.00103382 0.000269531

0.00103382 0.000269531
0.00103369 0.000275391

0.00103369 0.000275391
0.00103356 0.00028125

0.00103356 0.00028125
0.00103341 0.000287109

0.00103341 0.000287109
0.00103327 0.000292969

0.00103327 0.000292969
0.00103312 0.000298828

0.00103312 0.000298828
0.00103297 0.000304687

0.00103297 0.000304687
0.00103281 0.000310547

0.00103281 0.000310547
0.00103265 0.000316406

0.00103265 0.000316406
0.00103248 0.000322266

0.00103248 0.000322266
0.00103231 0.000328125

0.00103231 0.000328125
0.00103214 0.000333984

0.00103214 0.000333984
0.00103196 0.000339844

0.00103196 0.000339844
0.00103178 0.000345703

0.00103178 0.000345703
0.00103159 0.000351562

0.00103159 0.000351562
0.0010314 0.000357422

0.0010314 0.000357422
0.00103121 0.000363281

0.00103121 0.000363281
0.00103101 0.000369141

0.00103101 0.000369141
0.00103081 0.000375

0.00103081 0.000375
0.0010306 0.000380859

0.0010306 0.000380859
0.00103038 0.000386719

0.00103008 0.000395034
0.00102995 0.000398437

0.00103038 0.000386719
0.00103017 0.000392578

0.00103008 0.00039503
0.00103017 0.000392578

0.00102995 0.000398437
0.00102974 0.000404297

0.00102973 0.000404297
0.00102951 0.000410156

0.00102951 0.000410156
0.00102928 0.000416016

0.00102928 0.000416016
0.00102904 0.000421875

0.00102904 0.000421875
0.0010288 0.000427734

0.0010288 0.000427734
0.00102856 0.000433594

0.00102856 0.000433594
0.00102832 0.000439453

0.00102832 0.000439453
0.00102807 0.000445312

0.00102807 0.000445312
0.00102782 0.000451172

0.00102782 0.000451172
0.00102757 0.000457031

0.00102757 0.000457031
0.00102731 0.000462891

0.00102731 0.000462891
0.00102706 0.00046875

0.00102706 0.00046875
0.00102679 0.000474609

0.00102679 0.000474609
0.00102653 0.000480469

0.00102653 0.000480469
0.00102627 0.000486328

0.00102627 0.000486328
0.001026 0.000492187

0.001026 0.000492187
0.00102573 0.000498047

0.00102573 0.000498047
0.00102546 0.000503906

0.00102546 0.000503906
0.00102519 0.000509766

0.00102519 0.000509766
0.00102492 0.000515625

0.00102422 0.000530568
0.0010241 0.000533203

0.0010241 0.000533203
0.00102384 0.000539062

0.00102492 0.000515625
0.00102464 0.000521484

0.00102464 0.000521484
0.00102437 0.000527344

0.00102422 0.000530551
0.00102436 0.000527344

0.00102384 0.000539062
0.00102358 0.000544922

0.00102358 0.000544922
0.00102331 0.000550781

0.00102331 0.000550781
0.00102304 0.000556641

0.00102304 0.000556641
0.00102277 0.0005625

0.00102277 0.0005625
0.0010225 0.000568359

0.0010225 0.000568359
0.00102223 0.000574219

0.00102223 0.000574219
0.00102197 0.000580078

0.00102197 0.000580078
0.00102171 0.000585937

0.00102171 0.000585937
0.00102146 0.000591797

0.00102146 0.000591797
0.0010212 0.000597656

0.0010212 0.000597656
0.00102096 0.000603516

0.00102096 0.000603516
0.00102071 0.000609375

0.00102071 0.000609375
0.00102047 0.000615234

0.00102047 0.000615234
0.00102023 0.000621094

0.00102023 0.000621094
0.00102 0.000626953

0.00102 0.000626953
0.00101978 0.000632812

0.00101978 0.000632812
0.00101956 0.000638672

0.00101956 0.000638672
0.00101935 0.000644531

0.00101935 0.000644531
0.00101914 0.000650391

0.00101914 0.000650391
0.00101894 0.00065625

0.00101894 0.00065625
0.00101875 0.000662109

0.00101875 0.000662109
0.00101857 0.000667969

0.00101836 0.000675298
0.00101824 0.000679687

0.00101857 0.000667969
0.0010184 0.000673828

0.00101836 0.000675305
0.0010184 0.000673828

0.00101824 0.000679687
0.00101808 0.000685547

0.00101808 0.000685547
0.00101793 0.000691406

0.00101793 0.000691406
0.00101779 0.000697266

0.00101779 0.000697266
0.00101767 0.000703125

0.00101767 0.000703125
0.00101755 0.000708984

0.00101755 0.000708984
0.00101745 0.000714844

0.00101745 0.000714844
0.00101736 0.000720703

0.00101736 0.000720703
0.00101729 0.000726562

0.00101729 0.000726562
0.00101723 0.000732422

0.00101723 0.000732422
0.00101718 0.000738281

0.00101718 0.000738281
0.00101714 0.000744141

0.00101714 0.000744141
0.00101713 0.00075

0.00101713 0.00075
0.00101712 0.000755859

0.00101712 0.000755859
0.00101713 0.000761719

0.00101713 0.000761719
0.00101716 0.000767578

0.00101716 0.000767578
0.00101721 0.000773437

0.00101721 0.000773437
0.00101727 0.000779297

0.00101727 0.000779297
0.00101735 0.000785156

0.00101735 0.000785156
0.00101745 0.000791016

0.00101745 0.000791016
0.00101756 0.000796875

0.00101756 0.000796875
0.00101769 0.000802734

0.00101769 0.000802734
0.00101785 0.000808594

0.00101785 0.000808594
0.00101802 0.000814453

0.00101802 0.000814453
0.00101821 0.000820312

0.00101821 0.000820312
0.00101836 0.00082433

0.00101836 0.000824343
0.00101843 0.000826172

0.00101843 0.000826172
0.00101866 0.000832031

0.00101866 0.000832031
0.00101892 0.000837891

0.00101892 0.000837891
0.0010192 0.00084375

0.0010192 0.00084375
0.0010195 0.000849609

0.0010195 0.000849609
0.00101982 0.000855469

0.00101982 0.000855469
0.00102016 0.000861328

0.00102016 0.000861328
0.00102053 0.000867187

0.00102053 0.000867187
0.00102092 0.000873047

0.00102092 0.000873047
0.00102132 0.000878906

0.00102132 0.000878906
0.00102175 0.000884766

0.00102175 0.000884766
0.00102221 0.000890625

0.00102221 0.000890625
0.00102269 0.000896484

0.00102269 0.000896484
0.0010232 0.000902344

0.0010232 0.000902344
0.00102375 0.000908203

0.00102376 0.000908203
0.00102422 0.000912983

0.00102422 0.00091298
0.00102432 0.000914062

0.00102432 0.000914062
0.00102488 0.000919922

0.00102488 0.000919922
0.00102547 0.000925781

0.00102547 0.000925781
0.00102608 0.000931641

0.00102608 0.000931641
0.00102672 0.0009375

0.00102672 0.0009375
0.00102739 0.000943359

0.00102739 0.000943359
0.00102809 0.000949219

0.00102809 0.000949219
0.00102882 0.000955078

0.00102882 0.000955078
0.00102958 0.000960937

0.00102959 0.000960937
0.00103008 0.000964708

0.00103008 0.000964706
0.00103035 0.000966797

0.00103034 0.000966797
0.0010311 0.000972656

0.0010311 0.000972656
0.00103189 0.000978516

0.00103189 0.000978516
0.00103271 0.000984375

0.00103271 0.000984375
0.00103357 0.000990234

0.00103357 0.000990234
0.00103445 0.000996094

0.00103445 0.000996094
0.00103536 0.00100195

0.00103537 0.00100195
0.00103594 0.00100569

0.00103594 0.00100569
0.00103626 0.00100781

0.00103625 0.00100781
0.00103715 0.00101367

0.00103715 0.00101367
0.00103808 0.00101953

0.00103808 0.00101953
0.00103904 0.00102539

0.00103904 0.00102539
0.00104004 0.00103125

0.00104004 0.00103125
0.00104105 0.00103711

0.00104107 0.00103711
0.0010418 0.00104139

0.0010418 0.0010414
0.00104206 0.00104297

0.00104205 0.00104297
0.00104304 0.00104883

0.00104304 0.00104883
0.00104407 0.00105469

0.00104407 0.00105469
0.00104512 0.00106055

0.00104513 0.00106055
0.00104621 0.00106641

0.00104622 0.00106641
0.00104729 0.00107227

0.00104729 0.00107227
0.00104766 0.0010743

0.00104766 0.00107431
0.00104834 0.00107812

0.00104833 0.00107812
0.00104939 0.00108398

0.00104939 0.00108398
0.00105047 0.00108984

0.00105047 0.00108984
0.00105159 0.0010957

0.00105159 0.0010957
0.00105271 0.00110156

0.00105273 0.00110156
0.00105352 0.00110584

0.00105352 0.00110584
0.00105381 0.00110742

0.00105379 0.00110742
0.00105485 0.00111328

0.00105484 0.00111328
0.00105592 0.00111914

0.00105592 0.00111914
0.00105702 0.001125

0.00105702 0.001125
0.00105814 0.00113086

0.00105816 0.00113086
0.00105924 0.00113672

0.00105924 0.00113672
0.00105937 0.0011375

0.00105937 0.00113752
0.00106027 0.00114258

0.00106027 0.00114258
0.0010613 0.00114844

0.0010613 0.00114844
0.00106233 0.0011543

0.00106233 0.0011543
0.00106338 0.00116016

0.00106338 0.00116016
0.00106444 0.00116602

0.00106446 0.00116602
0.00106523 0.00117054

0.00106523 0.00117053
0.00106547 0.00117187

0.00106545 0.00117187
0.0010664 0.00117773

0.0010664 0.00117773
0.00106734 0.00118359

0.00106734 0.00118359
0.00106827 0.00118945

0.00106827 0.00118945
0.00106918 0.00119531

0.00106918 0.00119531
0.00107008 0.00120117

0.00107009 0.00120117
0.00107097 0.00120703

0.00107097 0.00120703
0.00107109 0.00120792

0.00107109 0.00120791
0.00107179 0.00121289

0.00107178 0.00121289
0.00107256 0.00121875

0.00107256 0.00121875
0.0010733 0.00122461

0.0010733 0.00122461
0.00107402 0.00123047

0.00107402 0.00123047
0.0010747 0.00123633

0.0010747 0.00123633
0.00107534 0.00124219

0.00107534 0.00124219
0.00107594 0.00124805

0.00107594 0.00124805
0.00107649 0.00125391

0.0010765 0.00125391
0.00107695 0.00125908

0.00107695 0.00125908
0.00107701 0.00125977

0.00107701 0.00125977
0.00107747 0.00126562

0.00107747 0.00126563
0.00107788 0.00127148

0.00107788 0.00127148
0.00107823 0.00127734

0.00107824 0.00127734
0.00107854 0.0012832

0.00107854 0.0012832
0.0010788 0.00128906

0.0010788 0.00128906
0.001079 0.00129492

0.001079 0.00129492
0.00107914 0.00130078

0.00107914 0.00130078
0.00107923 0.00130664

0.00107923 0.00130664
0.00107926 0.0013125

0.00107926 0.0013125
0.00107922 0.00131836

0.00107922 0.00131836
0.00107913 0.00132422

0.00107913 0.00132422
0.00107897 0.00133008

0.00107897 0.00133008
0.00107874 0.00133594

0.00107874 0.00133594
0.00107845 0.0013418

0.00107845 0.0013418
0.00107809 0.00134766

0.00107809 0.00134766
0.00107766 0.00135352

0.00107766 0.00135352
0.00107716 0.00135937

0.00107695 0.00136154
0.0010766 0.00136523

0.00107661 0.00136523
0.00107599 0.00137109

0.00107695 0.00136154
0.00107716 0.00135937

0.00107599 0.00137109
0.00107528 0.00137695

0.00107528 0.00137695
0.0010745 0.00138281

0.00107109 0.00140355
0.0010706 0.00140625

0.0010745 0.00138281
0.00107365 0.00138867

0.00107365 0.00138867
0.00107271 0.00139453

0.00107271 0.00139453
0.00107169 0.00140039

0.00107109 0.00140356
0.00107168 0.00140039

0.00105937 0.00145248
0.00105919 0.00145312

0.00105919 0.00145312
0.00105739 0.00145898

0.0010574 0.00145898
0.00105553 0.00146484

0.00105352 0.00147082
0.00105151 0.00147656

0.00105553 0.00146484
0.00105357 0.0014707

0.00105352 0.00147082
0.00105355 0.0014707

0.00104766 0.00148698
0.00104716 0.00148828

0.00104717 0.00148828
0.00104487 0.00149414

0.00104487 0.00149414
0.00104248 0.0015

0.00105152 0.00147656
0.00104939 0.00148242

0.00104766 0.00148702
0.0010494 0.00148242

0.0010706 0.00140625
0.00106947 0.00141211

0.00106948 0.00141211
0.00106827 0.00141797

0.00106827 0.00141797
0.00106696 0.00142383

0.00106696 0.00142383
0.00106555 0.00142969

0.00106523 0.00143085
0.00106405 0.00143555

0.00106406 0.00143555
0.00106253 0.00144141

0.00106523 0.00143087
0.00106553 0.00142969

0.00106253 0.00144141
0.00106091 0.00144727

0.00105937 0.00145254
0.00106092 0.00144727

0.000269304 0.0015
0.000270055 0.00150586

0.000270058 0.00150586
0.000270845 0.00151172

0.000270846 0.00151172
0.00027166 0.00151758

0.000271655 0.00151758
0.000272503 0.00152344

0.000272493 0.00152344
0.000273404 0.0015293

0.000273392 0.0015293
0.000274219 0.00153404

0.000274219 0.00153405
0.000274411 0.00153516

0.000274446 0.00153516
0.000275538 0.00154102

0.00027554 0.00154102
0.000276636 0.00154687

0.000276624 0.00154687
0.000277746 0.00155273

0.000277729 0.00155273
0.000278937 0.00155859

0.000278929 0.00155859
0.000280078 0.00156361

0.000280078 0.00156362
0.000280269 0.00156445

0.000280318 0.00156445
0.000281713 0.00157031

0.000281691 0.00157031
0.000283086 0.00157617

0.000283065 0.00157617
0.000284547 0.00158203

0.000284539 0.00158203
0.000285937 0.00158706

0.000285937 0.00158707
0.000286166 0.00158789

0.000286224 0.00158789
0.000287902 0.00159375

0.000287858 0.00159375
0.000289563 0.00159961

0.000289549 0.00159961
0.000291397 0.00160547

0.000291414 0.00160547
0.000291797 0.00160662

0.000291797 0.00160655
0.000293385 0.00161133

0.000293366 0.00161133
0.000295366 0.00161719

0.00029534 0.00161719
0.000297475 0.00162305

0.000297489 0.00162305
0.000297656 0.00162349

0.000297656 0.0016234
0.000299755 0.00162891

0.000299714 0.00162891
0.000302029 0.00163477

0.000302021 0.00163477
0.000303516 0.0016383

0.000303516 0.00163827
0.000304513 0.00164062

0.000304538 0.00164062
0.000307117 0.00164648

0.000307069 0.00164648
0.000309375 0.00165147

0.000309375 0.00165147
0.000309781 0.00165234

0.000309828 0.00165234
0.000312667 0.0016582

0.000312605 0.0016582
0.000315234 0.00166335

0.000315234 0.00166334
0.000315602 0.00166406

0.000315653 0.00166406
0.00031881 0.00166992

0.000318758 0.00166992
0.000321094 0.00167406

0.000321094 0.00167403
0.000322081 0.00167578

0.000322092 0.00167578
0.000325588 0.00168164

0.000325546 0.00168164
0.000326953 0.00168389

0.000326953 0.00168382
0.000329257 0.0016875

0.000329226 0.0016875
0.000332812 0.00169291

0.000332812 0.0016929
0.000333114 0.00169336

0.000333133 0.00169336
0.000337231 0.00169922

0.000337206 0.00169922
0.000338672 0.00170128

0.000338672 0.00170119
0.000341537 0.00170508

0.000341515 0.00170508
0.000344531 0.00170895

0.000344531 0.00170891
0.00034611 0.00171094

0.000346086 0.00171094
0.000350391 0.00171612

0.000350391 0.00171612
0.000350965 0.0017168

0.000350957 0.0017168
0.000356139 0.00172266

0.000356134 0.00172266
0.00035625 0.00172278

0.00035625 0.00172277
0.000361631 0.00172852

0.000361632 0.00172852
0.000362109 0.00172901

0.000362109 0.00172901
0.000367431 0.00173437

0.000367436 0.00173437
0.000367969 0.0017349

0.000367969 0.00173491
0.000373616 0.00174023

0.000373617 0.00174023
0.000373828 0.00174043

0.000373828 0.00174043
0.000379687 0.00174559

0.000379687 0.00174559
0.000380281 0.00174609

0.000380314 0.00174609
0.000385547 0.00175042

0.000385547 0.00175046
0.000387469 0.00175195

0.000387532 0.00175195
0.000391406 0.00175497

0.000391406 0.00175501
0.000395222 0.00175781

0.000395265 0.00175781
0.000397266 0.00175924

0.000397266 0.00175928
0.000403125 0.00176331

0.000403125 0.00176333
0.000403662 0.00176367

0.000403695 0.00176367
0.000408984 0.00176711

0.000408984 0.00176714
0.000412882 0.00176953

0.000412943 0.00176953
0.000414844 0.0017707

0.000414844 0.00177071
0.000420703 0.00177411

0.000420703 0.00177413
0.000423008 0.00177539

0.000423075 0.00177539
0.000426562 0.0017773

0.000426562 0.00177732
0.000432422 0.00178034

0.000432422 0.00178036
0.000434252 0.00178125

0.000434312 0.00178125
0.000438281 0.00178318

0.000438281 0.00178319
0.000444141 0.00178587

0.000444141 0.00178588
0.000447004 0.00178711

0.000447057 0.00178711
0.00045 0.00178837

0.00045 0.00178837
0.000455859 0.00179073

0.000455859 0.00179074
0.000461719 0.00179296

0.000461719 0.00179296
0.000461751 0.00179297

0.000461776 0.00179297
0.000467578 0.00179501

0.000467578 0.00179501
0.000473437 0.00179695

0.000473438 0.00179696
0.000479297 0.00179877

0.000479297 0.00179877
0.000479512 0.00179883

0.000479535 0.00179883
0.000485156 0.00180044

0.000485156 0.00180044
0.000491016 0.00180201

0.000491016 0.00180201
0.000496875 0.00180346

0.000496875 0.00180346
0.000502252 0.00180469

0.000502256 0.00180469
0.000502734 0.0018048

0.000502734 0.0018048
0.000508594 0.00180602

0.000508594 0.00180602
0.000514453 0.00180714

0.000514453 0.00180714
0.000520312 0.00180816

0.000520313 0.00180816
0.000526172 0.00180908

0.000526172 0.00180908
0.000532031 0.00180989

0.000532031 0.00180988
0.000537474 0.00181055

0.000537477 0.00181055
0.000537891 0.0018106

0.000537891 0.0018106
0.00054375 0.00181122

0.00054375 0.00181122
0.000549609 0.00181175

0.000549609 0.00181175
0.000555469 0.00181219

0.000555469 0.00181219
0.000561328 0.00181254

0.000561328 0.00181254
0.000567187 0.00181281

0.000567188 0.00181281
0.000573047 0.00181299

0.000573047 0.00181299
0.000578906 0.00181309

0.000578906 0.00181309
0.000584766 0.0018131

0.000584766 0.0018131
0.000590625 0.00181303

0.000590625 0.00181303
0.000596484 0.00181287

0.000596484 0.00181287
0.000602344 0.00181264

0.000602344 0.00181264
0.000608203 0.00181232

0.000608203 0.00181232
0.000614062 0.00181193

0.000614063 0.00181193
0.000619922 0.00181146

0.000619922 0.00181146
0.000625781 0.00181092

0.000631641 0.00181029
0.000629242 0.00181055

0.000625781 0.00181092
0.000629261 0.00181055

0.000631641 0.00181029
0.0006375 0.00180959

0.0006375 0.00180959
0.000643359 0.00180881

0.000643359 0.00180881
0.000649219 0.00180796

0.000649219 0.00180796
0.000655078 0.00180703

0.000655078 0.00180703
0.000660937 0.00180602

0.000672656 0.00180378
0.00066807 0.00180469

0.000672656 0.00180378
0.000678516 0.00180254

0.000678516 0.00180254
0.000684375 0.00180123

0.000660938 0.00180602
0.000666797 0.00180494

0.000666797 0.00180494
0.000668079 0.00180469

0.000684375 0.00180123
0.000690234 0.00179985

0.000696094 0.00179838
0.000694299 0.00179883

0.000690234 0.00179985
0.000694337 0.00179883

0.000696094 0.00179839
0.000701953 0.00179685

0.000701953 0.00179685
0.000707812 0.00179523

0.000719531 0.00179177
0.000715559 0.00179297

0.000707812 0.00179523
0.000713672 0.00179354

0.000713672 0.00179354
0.000715578 0.00179297

0.000719531 0.00179177
0.000725391 0.00178992

0.000725391 0.00178992
0.00073125 0.001788

0.000754688 0.00177949
0.000750098 0.00178125

0.000754687 0.00177949
0.000760547 0.00177716

0.000766406 0.00177473
0.000764814 0.00177539

0.000760547 0.00177717
0.000764861 0.00177539

0.000766406 0.00177475
0.000772266 0.00177225

0.000772266 0.00177225
0.000778125 0.00176967

0.000783984 0.001767
0.000778423 0.00176953

0.000783984 0.001767
0.000789844 0.00176424

0.000778125 0.00176967
0.000778434 0.00176953

0.000795703 0.0017614
0.000791016 0.00176367

0.000789844 0.00176425
0.000791035 0.00176367

0.000795703 0.0017614
0.000801563 0.00175846

0.000807422 0.00175543
0.000802812 0.00175781

0.000807422 0.00175544
0.000813281 0.00175231

0.000825 0.00174575
0.000824387 0.00174609

0.000819141 0.00174909
0.000813924 0.00175195

0.000813281 0.00175231
0.000813942 0.00175195

0.000819141 0.0017491
0.000824451 0.00174609

0.000801562 0.00175847
0.000802833 0.00175781

0.000737109 0.00178599
0.00073383 0.00178711

0.00073125 0.001788
0.000733857 0.00178711

0.000737109 0.00178599
0.000742969 0.0017839

0.000742969 0.0017839
0.000748828 0.00178174

0.000748828 0.00178174
0.000750114 0.00178125

0.000907031 0.00168741
0.000906932 0.0016875

0.000907031 0.00168747
0.000912891 0.00168229

0.00091875 0.00167695
0.000913605 0.00168164

0.000912891 0.00168229
0.000913617 0.00168164

0.00100664 0.00156995
0.00100642 0.00157031

0.0010125 0.00156018
0.00100999 0.00156445

0.00100664 0.00156997
0.00100999 0.00156445

0.00100078 0.00157924
0.000998981 0.00158203

0.000994922 0.00158814
0.000991079 0.00159375

0.000998984 0.00158203
0.00099509 0.00158789

0.000994922 0.00158814
0.000995089 0.00158789

0.00100643 0.00157031
0.00100276 0.00157617

0.00100078 0.00157925
0.00100277 0.00157617

0.000965625 0.00162731
0.000964319 0.00162891

0.000959766 0.00163429
0.000959359 0.00163477

0.000959374 0.00163477
0.00095427 0.00164062

0.000959766 0.0016343
0.000964324 0.00162891

0.000936328 0.00165987
0.000932171 0.00166406

0.000942187 0.00165378
0.000937978 0.0016582

0.000936328 0.00165988
0.000937966 0.0016582

0.000924609 0.00167145
0.000919986 0.00167578

0.000930469 0.00166576
0.000926172 0.00166992

0.000924609 0.00167145
0.000926201 0.00166992

0.00091875 0.00167695
0.000920015 0.00167578

0.000930469 0.00166576
0.000932186 0.00166406

0.000948047 0.00164752
0.000943577 0.00165234

0.000953906 0.00164103
0.000949006 0.00164648

0.000948047 0.00164753
0.000949004 0.00164648

0.000942187 0.00165381
0.000943569 0.00165234

0.000953906 0.00164104
0.00095427 0.00164062

0.000977344 0.00161257
0.00097378 0.00161719

0.000983203 0.00160475
0.000982684 0.00160547

0.000989062 0.0015966
0.000986943 0.00159961

0.000983203 0.00160476
0.000986946 0.00159961

0.000982688 0.00160547
0.0009783 0.00161133

0.000977344 0.00161259
0.000978294 0.00161133

0.000971484 0.00162006
0.000969133 0.00162305

0.000965625 0.00162732
0.000969122 0.00162305

0.000971484 0.00162011
0.000973762 0.00161719

0.000989062 0.00159662
0.000991079 0.00159375

0.000848438 0.00173148
0.000843893 0.00173437

0.000854297 0.00172763
0.000852925 0.00172852

0.000848437 0.0017315
0.000852994 0.00172852

0.000854297 0.00172765
0.000860156 0.00172369

0.000866016 0.00171961
0.000861634 0.00172266

0.000871875 0.00171541
0.000869909 0.0017168

0.000866016 0.00171963
0.000869982 0.0017168

0.000860156 0.00172369
0.000861681 0.00172266

0.000825 0.00174577
0.000830859 0.00174236

0.000836719 0.00173883
0.000834377 0.00174023

0.000830859 0.00174237
0.000834423 0.00174023

0.000836719 0.00173884
0.000842578 0.00173522

0.000842578 0.00173522
0.000843927 0.00173437

0.000883594 0.00170665
0.000877954 0.00171094

0.000895312 0.00169733
0.000892954 0.00169922

0.000889453 0.00170206
0.000885599 0.00170508

0.000883594 0.00170665
0.000885649 0.00170508

0.000889453 0.00170207
0.000893029 0.00169922

0.000871875 0.00171544
0.000877734 0.00171111

0.000877734 0.00171111
0.000877969 0.00171094

0.000901172 0.00169244
0.000900073 0.00169336

0.000895312 0.00169736
0.000900137 0.00169336

0.000901172 0.00169249
0.000906998 0.0016875

0.00103594 0.00151498
0.00103476 0.00151758

0.00103476 0.00151758
0.00103201 0.00152344

0.00102422 0.00153898
0.00102316 0.00154102

0.00102317 0.00154102
0.00102003 0.00154687

0.00103008 0.00152739
0.00102915 0.0015293

0.00102916 0.0015293
0.00102621 0.00153516

0.00103008 0.00152741
0.00103201 0.00152344

0.00102422 0.001539
0.00102622 0.00153516

0.0010418 0.00150159
0.00103999 0.00150586

0.00104 0.00150586
0.00103743 0.00151172

0.0010418 0.00150161
0.00104248 0.0015

0.00103594 0.001515
0.00103743 0.00151172

0.00101836 0.00154988
0.00101678 0.00155273

0.00101678 0.00155273
0.00101344 0.00155859

0.00101836 0.00154989
0.00102003 0.00154687

0.0010125 0.00156019
0.00101344 0.00155859

