0.0012 0.00118204
0.00119963 0.00118359

0.00119963 0.00118359
0.0011982 0.00118945

0.0011982 0.00118945
0.00119676 0.00119531

0.00119414 0.00120599
0.00119388 0.00120703

0.00119676 0.00119531
0.00119532 0.00120117

0.00119414 0.00120599
0.00119533 0.00120117

0.00119389 0.00120703
0.00119243 0.00121289

0.00119242 0.00121289
0.00119095 0.00121875

0.00118828 0.00122938
0.00118801 0.00123047

0.00118801 0.00123047
0.00118652 0.00123633

0.00118652 0.00123633
0.00118501 0.00124219

0.00119095 0.00121875
0.00118947 0.00122461

0.00118828 0.00122938
0.00118948 0.00122461

0.00118242 0.00125232
0.00118202 0.00125391

0.00118501 0.00124219
0.00118351 0.00124805

0.00118242 0.00125231
0.00118351 0.00124805

0.00118202 0.00125391
0.0011805 0.00125977

0.0011805 0.00125977
0.00117897 0.00126562

0.00117656 0.0012749
0.00117593 0.00127734

0.00117593 0.00127734
0.00117439 0.0012832

0.00117438 0.0012832
0.00117283 0.00128906

0.0011707 0.0012972
0.00116976 0.00130078

0.00117283 0.00128906
0.00117129 0.00129492

0.0011707 0.0012972
0.0011713 0.00129492

0.00116976 0.00130078
0.0011682 0.00130664

0.0011682 0.00130664
0.00116664 0.0013125

0.00117896 0.00126563
0.00117744 0.00127148

0.00117656 0.00127489
0.00117745 0.00127148

0.00115312 0.00136323
0.00115259 0.00136523

0.00115259 0.00136523
0.00115103 0.00137109

0.00115102 0.00137109
0.00114945 0.00137695

0.00114944 0.00137695
0.00114788 0.00138281

0.00114727 0.00138519
0.00114635 0.00138867

0.00114634 0.00138867
0.00114478 0.00139453

0.00114727 0.00138518
0.00114789 0.00138281

0.00114477 0.00139453
0.0011432 0.00140039

0.0011432 0.00140039
0.00114165 0.00140625

0.00116484 0.00131931
0.00116354 0.00132422

0.00116354 0.00132422
0.00116197 0.00133008

0.00116196 0.00133008
0.00116039 0.00133594

0.00116663 0.0013125
0.00116509 0.00131836

0.00116484 0.00131931
0.0011651 0.00131836

0.00115898 0.00134129
0.00115885 0.0013418

0.00115885 0.0013418
0.00115729 0.00134766

0.00115898 0.00134127
0.0011604 0.00133594

0.00115729 0.00134766
0.00115571 0.00135352

0.0011557 0.00135352
0.00115413 0.00135937

0.00115312 0.00136322
0.00115414 0.00135937

0.00112969 0.00145195
0.00112939 0.00145312

0.00114141 0.00140724
0.00114013 0.00141211

0.00114012 0.00141211
0.00113856 0.00141797

0.00113555 0.00142946
0.00113549 0.00142969

0.00113855 0.00141797
0.001137 0.00142383

0.00113555 0.00142944
0.00113701 0.00142383

0.00114141 0.00140724
0.00114167 0.00140625

0.00113549 0.00142969
0.00113396 0.00143555

0.00113396 0.00143555
0.00113241 0.00144141

0.0011324 0.00144141
0.00113087 0.00144727

0.00112969 0.00145193
0.00113088 0.00144727

0.00112939 0.00145312
0.00112788 0.00145898

0.00112787 0.00145898
0.00112635 0.00146484

0.00112383 0.00147479
0.00112338 0.00147656

0.00112634 0.00146484
0.00112484 0.0014707

0.00112383 0.00147478
0.00112485 0.0014707

0.00111797 0.00149809
0.0011175 0.0015

0.00112339 0.00147656
0.0011219 0.00148242

0.00112189 0.00148242
0.0011204 0.00148828

0.00112039 0.00148828
0.00111892 0.00149414

0.00111797 0.00149808
0.00111894 0.00149414

0.00110625 0.00154666
0.0011062 0.00154687

0.00110621 0.00154687
0.00110486 0.00155273

0.00110485 0.00155273
0.00110349 0.00155859

0.00110348 0.00155859
0.00110213 0.00156445

0.00110212 0.00156445
0.00110082 0.00157031

0.00110039 0.00157238
0.00109956 0.00157617

0.00109956 0.00157617
0.00109825 0.00158203

0.00110039 0.00157237
0.00110084 0.00157031

0.00109825 0.00158203
0.00109695 0.00158789

0.00109694 0.00158789
0.00109568 0.00159375

0.00109453 0.00159938
0.00109448 0.00159961

0.00109449 0.00159961
0.00109327 0.00160547

0.00109327 0.00160547
0.00109204 0.00161133

0.00109203 0.00161133
0.00109082 0.00161719

0.00109453 0.00159936
0.00109569 0.00159375

0.00108867 0.00162829
0.00108855 0.00162891

0.00109082 0.00161719
0.00108966 0.00162305

0.00108867 0.00162827
0.00108967 0.00162305

0.00108856 0.00162891
0.00108743 0.00163477

0.00108742 0.00163477
0.00108629 0.00164062

0.00108281 0.00166
0.00108212 0.00166406

0.00108211 0.00166406
0.0010811 0.00166992

0.00108109 0.00166992
0.00108011 0.00167578

0.0010801 0.00167578
0.00107915 0.00168164

0.00107915 0.00168164
0.00107824 0.0016875

0.00108629 0.00164062
0.00108518 0.00164648

0.00108518 0.00164648
0.00108412 0.00165234

0.00108412 0.00165234
0.00108311 0.0016582

0.00108281 0.00166
0.00108312 0.0016582

0.0011175 0.0015
0.00111605 0.00150586

0.00111605 0.00150586
0.00111459 0.00151172

0.00111211 0.00152199
0.00111176 0.00152344

0.00111457 0.00151172
0.00111315 0.00151758

0.00111211 0.00152198
0.00111316 0.00151758

0.00111177 0.00152344
0.00111036 0.0015293

0.00111036 0.0015293
0.00110894 0.00153516

0.00110893 0.00153516
0.00110754 0.00154102

0.00110625 0.00154664
0.00110755 0.00154102

0.00107695 0.0016964
0.00107655 0.00169922

0.00107825 0.0016875
0.00107738 0.00169336

0.00107695 0.0016964
0.00107739 0.00169336

0.00107654 0.00169922
0.0010757 0.00170508

0.00107569 0.00170508
0.00107488 0.00171094

0.00107488 0.00171094
0.00107411 0.0017168

0.00107411 0.0017168
0.00107337 0.00172266

0.00107337 0.00172266
0.00107268 0.00172852

0.00107268 0.00172852
0.00107202 0.00173437

0.00107109 0.00174346
0.00107083 0.00174609

0.00107083 0.00174609
0.00107027 0.00175195

0.00107027 0.00175195
0.00106976 0.00175781

0.00107202 0.00173437
0.00107141 0.00174023

0.00107109 0.00174347
0.00107142 0.00174023

0.00106976 0.00175781
0.00106929 0.00176367

0.00106929 0.00176367
0.00106887 0.00176953

0.00106887 0.00176953
0.0010685 0.00177539

0.0010685 0.00177539
0.00106818 0.00178125

0.00106818 0.00178125
0.0010679 0.00178711

0.0010679 0.00178711
0.00106768 0.00179297

0.00106767 0.00179297
0.0010675 0.00179883

0.0010675 0.00179883
0.00106739 0.00180469

0.00106739 0.00180469
0.00106733 0.00181055

0.00106733 0.00181055
0.00106732 0.00181641

0.00106732 0.00181641
0.00106739 0.00182227

0.00106739 0.00182227
0.00106751 0.00182812

0.00106751 0.00182812
0.0010677 0.00183398

0.0010677 0.00183398
0.00106797 0.00183984

0.00106796 0.00183984
0.0010683 0.0018457

0.0010683 0.0018457
0.00106871 0.00185156

0.00106871 0.00185156
0.0010692 0.00185742

0.0010692 0.00185742
0.00106977 0.00186328

0.00106977 0.00186328
0.0010704 0.00186914

0.00107039 0.00186914
0.00107109 0.00187471

0.00107109 0.00187473
0.00107113 0.001875

0.00107113 0.001875
0.001072 0.00188086

0.00107201 0.00188086
0.00107298 0.00188672

0.00107298 0.00188672
0.00107402 0.00189258

0.00107401 0.00189258
0.00107512 0.00189844

0.0010751 0.00189844
0.00107635 0.0019043

0.00107635 0.0019043
0.00107695 0.00190678

0.00107695 0.00190678
0.00107778 0.00191016

0.00107783 0.00191016
0.00107936 0.00191602

0.00107932 0.00191602
0.00108092 0.00192187

0.0010809 0.00192187
0.0010827 0.00192773

0.00108271 0.00192773
0.00108281 0.00192803

0.00108281 0.00192795
0.0010847 0.00193359

0.00108468 0.00193359
0.00108676 0.00193945

0.00108673 0.00193945
0.00108867 0.00194445

0.00108867 0.00194445
0.00108901 0.00194531

0.00108906 0.00194531
0.00109151 0.00195117

0.00109145 0.00195117
0.00109407 0.00195703

0.00109408 0.00195703
0.00109453 0.00195796

0.00109453 0.00195789
0.00109696 0.00196289

0.00109692 0.00196289
0.00109999 0.00196875

0.00109998 0.00196875
0.00110039 0.00196948

0.00110039 0.00196942
0.00110331 0.00197461

0.00110326 0.00197461
0.00110625 0.00197954

0.00110625 0.00197953
0.00110682 0.00198047

0.00110684 0.00198047
0.00111067 0.00198633

0.00111062 0.00198633
0.00111211 0.0019885

0.00111211 0.00198841
0.00111474 0.00199219

0.00111471 0.00199219
0.00111797 0.00199651

0.00111797 0.00199649
0.00111915 0.00199805

0.00111913 0.00199805
0.00112383 0.00200379

0.00112383 0.00200379
0.00112392 0.00200391

0.00112393 0.00200391
0.00112909 0.00200977

0.00112908 0.00200977
0.00112969 0.00201043

0.00112969 0.00201042
0.0011346 0.00201563

0.00113461 0.00201562
0.00113555 0.00201658

0.00113555 0.0020166
0.00114059 0.00202148

0.00114061 0.00202148
0.00114141 0.00202222

0.00114141 0.00202225
0.00114712 0.00202734

0.00114712 0.00202734
0.00114727 0.00202747

0.00114727 0.00202746
0.00115312 0.00203229

0.00115312 0.0020323
0.00115429 0.0020332

0.00115433 0.0020332
0.00115898 0.00203679

0.00115898 0.00203683
0.00116208 0.00203906

0.00116216 0.00203906
0.00116484 0.00204098

0.00116484 0.00204102
0.00117066 0.00204492

0.00117066 0.00204492
0.0011707 0.00204495

0.0011707 0.00204494
0.00117656 0.00204861

0.00117656 0.00204863
0.00118024 0.00205078

0.00118032 0.00205078
0.00118242 0.00205201

0.00118242 0.00205203
0.00118828 0.00205522

0.00118828 0.00205524
0.00119103 0.00205664

0.00119109 0.00205664
0.00119414 0.0020582

0.00119414 0.00205821
0.0012 0.002061

0.0012624 0
0.0012624 5.85937e-06

0.0012624 5.85938e-06
0.00126241 1.17187e-05

0.00126241 1.17187e-05
0.00126242 1.75781e-05

0.00126242 1.75781e-05
0.00126244 2.34375e-05

0.00126244 2.34375e-05
0.00126246 2.92969e-05

0.00126246 2.92969e-05
0.00126249 3.51562e-05

0.00126249 3.51562e-05
0.00126252 4.10156e-05

0.00126252 4.10156e-05
0.00126256 4.6875e-05

0.00126256 4.6875e-05
0.0012626 5.27344e-05

0.0012626 5.27344e-05
0.00126265 5.85937e-05

0.00126265 5.85937e-05
0.0012627 6.44531e-05

0.0012627 6.44531e-05
0.00126275 7.03125e-05

0.00126275 7.03125e-05
0.00126281 7.61719e-05

0.00126281 7.61719e-05
0.00126288 8.20312e-05

0.00126288 8.20312e-05
0.00126295 8.78906e-05

0.00126295 8.78906e-05
0.00126302 9.375e-05

0.00126302 9.375e-05
0.0012631 9.96094e-05

0.0012631 9.96094e-05
0.00126318 0.000105469

0.00126318 0.000105469
0.00126327 0.000111328

0.00126327 0.000111328
0.00126336 0.000117187

0.00126336 0.000117187
0.00126345 0.000123047

0.00126345 0.000123047
0.00126355 0.000128906

0.00126355 0.000128906
0.00126365 0.000134766

0.00126365 0.000134766
0.00126376 0.000140625

0.00126376 0.000140625
0.00126387 0.000146484

0.00126387 0.000146484
0.00126399 0.000152344

0.00126399 0.000152344
0.00126411 0.000158203

0.00126411 0.000158203
0.00126423 0.000164062

0.00126423 0.000164062
0.00126435 0.000169922

0.00126435 0.000169922
0.00126445 0.000174394

0.00126445 0.000174394
0.00126448 0.000175781

0.00126448 0.000175781
0.00126462 0.000181641

0.00126462 0.000181641
0.00126475 0.0001875

0.00126475 0.0001875
0.00126489 0.000193359

0.00126489 0.000193359
0.00126503 0.000199219

0.00126503 0.000199219
0.00126518 0.000205078

0.00126518 0.000205078
0.00126532 0.000210937

0.00126532 0.000210937
0.00126547 0.000216797

0.00126547 0.000216797
0.00126563 0.000222656

0.00126563 0.000222656
0.00126578 0.000228516

0.00126578 0.000228516
0.00126594 0.000234375

0.00126594 0.000234375
0.0012661 0.000240234

0.0012661 0.000240234
0.00126626 0.000246094

0.00126626 0.000246094
0.00126642 0.000251953

0.00126642 0.000251953
0.00126659 0.000257812

0.00126659 0.000257812
0.00126676 0.000263672

0.00126676 0.000263672
0.00126693 0.000269531

0.00126693 0.000269531
0.00126709 0.000275391

0.00126709 0.000275391
0.00126727 0.00028125

0.00126727 0.00028125
0.00126744 0.000287109

0.00126744 0.000287109
0.00126761 0.000292969

0.00126761 0.000292969
0.00126778 0.000298828

0.00126778 0.000298828
0.00126796 0.000304687

0.00126796 0.000304687
0.00126813 0.000310547

0.00126813 0.000310547
0.00126831 0.000316406

0.00126831 0.000316406
0.00126848 0.000322266

0.00126848 0.000322266
0.00126865 0.000328125

0.00126865 0.000328125
0.00126883 0.000333984

0.00126883 0.000333984
0.001269 0.000339844

0.001269 0.000339844
0.00126918 0.000345703

0.00126918 0.000345703
0.00126935 0.000351562

0.00126935 0.000351562
0.00126952 0.000357422

0.00126952 0.000357422
0.00126969 0.000363281

0.00126969 0.000363281
0.00126986 0.000369141

0.00126986 0.000369141
0.00127002 0.000375

0.00150538 0
0.00150539 5.85937e-06

0.00150539 5.85938e-06
0.00150539 1.17187e-05

0.00150539 1.17187e-05
0.0015054 1.75781e-05

0.0015054 1.75781e-05
0.00150542 2.34375e-05

0.00150542 2.34375e-05
0.00150544 2.92969e-05

0.00150544 2.92969e-05
0.00150546 3.51562e-05

0.00150546 3.51562e-05
0.00150549 4.10156e-05

0.00150549 4.10156e-05
0.00150552 4.6875e-05

0.00150552 4.6875e-05
0.00150555 5.27344e-05

0.00150555 5.27344e-05
0.0015056 5.85937e-05

0.0015056 5.85937e-05
0.00150564 6.44531e-05

0.00150564 6.44531e-05
0.00150569 7.03125e-05

0.00150569 7.03125e-05
0.00150575 7.61719e-05

0.00150575 7.61719e-05
0.0015058 8.20312e-05

0.0015058 8.20312e-05
0.00150587 8.78906e-05

0.00150587 8.78906e-05
0.00150594 9.375e-05

0.00150594 9.375e-05
0.00150601 9.96094e-05

0.00150601 9.96094e-05
0.00150609 0.000105469

0.00150609 0.000105469
0.00150617 0.000111328

0.00150617 0.000111328
0.00150626 0.000117187

0.00150626 0.000117187
0.00150635 0.000123047

0.00150635 0.000123047
0.00150645 0.000128906

0.00150645 0.000128906
0.00150655 0.000134766

0.00150655 0.000134766
0.00150666 0.000140625

0.00150666 0.000140625
0.00150677 0.000146484

0.00150677 0.000146484
0.00150689 0.000152344

0.00150689 0.000152344
0.00150702 0.000158203

0.00150702 0.000158203
0.00150715 0.000164062

0.00150715 0.000164062
0.00150728 0.000169922

0.00150728 0.000169922
0.00150742 0.000175781

0.00150742 0.000175781
0.00150757 0.000181641

0.00150757 0.000181641
0.00150772 0.0001875

0.00150772 0.0001875
0.00150788 0.000193359

0.00150788 0.000193359
0.00150805 0.000199219

0.00150805 0.000199219
0.00150822 0.000205078

0.00150822 0.000205078
0.0015084 0.000210937

0.0015084 0.000210937
0.00150858 0.000216797

0.00150858 0.000216797
0.00150877 0.000222656

0.00150877 0.000222656
0.00150897 0.000228516

0.00150897 0.000228516
0.00150918 0.000234375

0.00150918 0.000234375
0.00150939 0.000240234

0.00150939 0.000240234
0.00150961 0.000246094

0.00150961 0.000246094
0.00150984 0.000251953

0.00150984 0.000251953
0.00151007 0.000257812

0.00151007 0.000257812
0.00151031 0.000263672

0.00151031 0.000263672
0.00151055 0.000269124

0.00151055 0.000269126
0.00151056 0.000269531

0.00151056 0.000269531
0.00151082 0.000275391

0.00151082 0.000275391
0.00151109 0.00028125

0.00151109 0.00028125
0.00151136 0.000287109

0.00151136 0.000287109
0.00151165 0.000292969

0.00151165 0.000292969
0.00151194 0.000298828

0.00151194 0.000298828
0.00151224 0.000304687

0.00151224 0.000304687
0.00151255 0.000310547

0.00151255 0.000310547
0.00151287 0.000316406

0.00151287 0.000316406
0.0015132 0.000322266

0.0015132 0.000322266
0.00151354 0.000328125

0.00151354 0.000328125
0.00151389 0.000333984

0.00151389 0.000333984
0.00151424 0.000339844

0.00151424 0.000339844
0.00151461 0.000345703

0.00151461 0.000345703
0.00151499 0.000351562

0.00151499 0.000351562
0.00151538 0.000357422

0.00151538 0.000357422
0.00151578 0.000363281

0.00151578 0.000363281
0.00151619 0.000369141

0.00151619 0.000369141
0.00151641 0.000372127

0.00151641 0.00037213
0.00151661 0.000375

0.00127002 0.000375
0.00127019 0.000380859

0.00127019 0.000380859
0.00127031 0.000385423

0.00127031 0.000385423
0.00127035 0.000386719

0.00127035 0.000386719
0.00127051 0.000392578

0.00127051 0.000392578
0.00127067 0.000398437

0.00127067 0.000398437
0.00127082 0.000404297

0.00127082 0.000404297
0.00127097 0.000410156

0.00127097 0.000410156
0.00127112 0.000416016

0.00127112 0.000416016
0.00127127 0.000421875

0.00127127 0.000421875
0.00127141 0.000427734

0.00127141 0.000427734
0.00127155 0.000433594

0.00127155 0.000433594
0.00127168 0.000439453

0.00127168 0.000439453
0.00127181 0.000445312

0.00127181 0.000445312
0.00127194 0.000451172

0.00127194 0.000451172
0.00127206 0.000457031

0.00127206 0.000457031
0.00127218 0.000462891

0.00127218 0.000462891
0.00127229 0.00046875

0.00127229 0.00046875
0.0012724 0.000474609

0.0012724 0.000474609
0.0012725 0.000480469

0.0012725 0.000480469
0.0012726 0.000486328

0.0012726 0.000486328
0.00127268 0.000492187

0.00127268 0.000492187
0.00127277 0.000498047

0.00127277 0.000498047
0.00127285 0.000503906

0.00127285 0.000503906
0.00127292 0.000509766

0.00127292 0.000509766
0.00127298 0.000515625

0.00127298 0.000515625
0.00127304 0.000521484

0.00127304 0.000521484
0.00127309 0.000527344

0.00127309 0.000527344
0.00127313 0.000533203

0.00127313 0.000533203
0.00127317 0.000539062

0.00127317 0.000539062
0.00127319 0.000544922

0.00127319 0.000544922
0.00127321 0.000550781

0.00127321 0.000550781
0.00127322 0.000556641

0.00127322 0.000556641
0.00127323 0.0005625

0.00127323 0.0005625
0.00127322 0.000568359

0.00127322 0.000568359
0.00127321 0.000574219

0.00127321 0.000574219
0.00127318 0.000580078

0.00127318 0.000580078
0.00127315 0.000585937

0.00127315 0.000585937
0.00127311 0.000591797

0.00127311 0.000591797
0.00127305 0.000597656

0.00127305 0.000597656
0.00127299 0.000603516

0.00127299 0.000603516
0.00127292 0.000609375

0.00127292 0.000609375
0.00127284 0.000615234

0.00127284 0.000615234
0.00127274 0.000621094

0.00127274 0.000621094
0.00127264 0.000626953

0.00127264 0.000626953
0.00127252 0.000632812

0.00127253 0.000632812
0.0012724 0.000638672

0.0012724 0.000638672
0.00127226 0.000644531

0.00127226 0.000644531
0.00127212 0.000650391

0.00127212 0.000650391
0.00127196 0.00065625

0.00127031 0.000701624
0.00127025 0.000703125

0.00127196 0.00065625
0.00127178 0.000662109

0.00127178 0.000662109
0.0012716 0.000667969

0.0012716 0.000667969
0.00127141 0.000673828

0.00127141 0.000673828
0.0012712 0.000679687

0.0012712 0.000679687
0.00127098 0.000685547

0.00127098 0.000685547
0.00127075 0.000691406

0.00127075 0.000691406
0.0012705 0.000697266

0.00127031 0.000701624
0.0012705 0.000697266

0.00127025 0.000703125
0.00126998 0.000708984

0.00126998 0.000708984
0.00126969 0.000714844

0.00126969 0.000714844
0.0012694 0.000720703

0.0012694 0.000720703
0.00126909 0.000726562

0.00126909 0.000726562
0.00126876 0.000732422

0.00126876 0.000732422
0.00126843 0.000738281

0.00126843 0.000738281
0.00126807 0.000744141

0.00126807 0.000744141
0.00126771 0.00075

0.00151661 0.000375
0.00151705 0.000380859

0.00151705 0.000380859
0.00151749 0.000386719

0.00151749 0.000386719
0.00151795 0.000392578

0.00151795 0.000392578
0.00151841 0.000398437

0.00151841 0.000398437
0.00151889 0.000404297

0.00151889 0.000404297
0.00151939 0.000410156

0.00151939 0.000410156
0.00151989 0.000416016

0.00151989 0.000416016
0.00152041 0.000421875

0.00152041 0.000421875
0.00152094 0.000427734

0.00152094 0.000427734
0.00152149 0.000433594

0.00152148 0.000433594
0.00152204 0.000439453

0.00152204 0.000439453
0.00152227 0.000441715

0.00152227 0.000441718
0.00152262 0.000445312

0.00152262 0.000445312
0.0015232 0.000451172

0.0015232 0.000451172
0.0015238 0.000457031

0.0015238 0.000457031
0.00152441 0.000462891

0.00152441 0.000462891
0.00152504 0.00046875

0.00152504 0.00046875
0.00152568 0.000474609

0.00152568 0.000474609
0.00152634 0.000480469

0.00152634 0.000480469
0.00152701 0.000486328

0.00152701 0.000486328
0.0015277 0.000492187

0.0015277 0.000492187
0.00152812 0.000495742

0.00152812 0.000495744
0.0015284 0.000498047

0.0015284 0.000498047
0.00152912 0.000503906

0.00152912 0.000503906
0.00152985 0.000509766

0.00152985 0.000509766
0.0015306 0.000515625

0.0015306 0.000515625
0.00153137 0.000521484

0.00153137 0.000521484
0.00153215 0.000527344

0.00153215 0.000527344
0.00153295 0.000533203

0.00153295 0.000533203
0.00153377 0.000539062

0.00153377 0.000539062
0.00153398 0.000540574

0.00153398 0.000540576
0.0015346 0.000544922

0.0015346 0.000544922
0.00153545 0.000550781

0.00153545 0.000550781
0.00153632 0.000556641

0.00153632 0.000556641
0.0015372 0.0005625

0.0015372 0.0005625
0.0015381 0.000568359

0.0015381 0.000568359
0.00153902 0.000574219

0.00153903 0.000574219
0.00153984 0.0005793

0.00153984 0.000579301
0.00153997 0.000580078

0.00153997 0.000580078
0.00154092 0.000585937

0.00154092 0.000585937
0.0015419 0.000591797

0.0015419 0.000591797
0.00154289 0.000597656

0.00154289 0.000597656
0.0015439 0.000603516

0.0015439 0.000603516
0.00154493 0.000609375

0.00154493 0.000609375
0.0015457 0.000613653

0.0015457 0.000613653
0.00154599 0.000615234

0.00154599 0.000615234
0.00154705 0.000621094

0.00154705 0.000621094
0.00154813 0.000626953

0.00154813 0.000626953
0.00154924 0.000632812

0.00154924 0.000632812
0.00155037 0.000638672

0.00155037 0.000638672
0.00155152 0.000644531

0.00155152 0.000644531
0.00155156 0.000644746

0.00155156 0.000644746
0.00155268 0.000650391

0.00155268 0.000650391
0.00155386 0.00065625

0.00155386 0.00065625
0.00155506 0.000662109

0.00155506 0.000662109
0.00155629 0.000667969

0.00155629 0.000667969
0.00155742 0.000673262

0.00155742 0.000673262
0.00155754 0.000673828

0.00155754 0.000673828
0.0015588 0.000679687

0.0015588 0.000679687
0.00156008 0.000685547

0.00156007 0.000685547
0.00156138 0.000691406

0.00156138 0.000691406
0.00156271 0.000697266

0.00156272 0.000697266
0.00156328 0.000699725

0.00156328 0.000699724
0.00156406 0.000703125

0.00156406 0.000703125
0.00156541 0.000708984

0.00156541 0.000708984
0.00156679 0.000714844

0.00156679 0.000714844
0.00156821 0.000720703

0.00156821 0.000720703
0.00156914 0.000724511

0.00156914 0.00072451
0.00156964 0.000726562

0.00156963 0.000726562
0.00157107 0.000732422

0.00157107 0.000732422
0.00157253 0.000738281

0.00157253 0.000738281
0.00157403 0.000744141

0.00157404 0.000744141
0.001575 0.000747893

0.001575 0.000747893
0.00157554 0.00075

0.00126771 0.00075
0.00126733 0.000755859

0.00126733 0.000755859
0.00126694 0.000761719

0.00126694 0.000761719
0.00126653 0.000767578

0.00126653 0.000767578
0.00126611 0.000773437

0.00126611 0.000773437
0.00126567 0.000779297

0.00126567 0.000779297
0.00126522 0.000785156

0.00126445 0.000794773
0.00126428 0.000796875

0.00126522 0.000785156
0.00126476 0.000791016

0.00126445 0.000794773
0.00126476 0.000791016

0.00126428 0.000796875
0.00126379 0.000802734

0.00126379 0.000802734
0.00126328 0.000808594

0.00126328 0.000808594
0.00126275 0.000814453

0.00126275 0.000814453
0.00126221 0.000820312

0.00126221 0.000820312
0.00126166 0.000826172

0.00126166 0.000826172
0.00126109 0.000832031

0.00126109 0.000832031
0.00126051 0.000837891

0.00126051 0.000837891
0.00125991 0.00084375

0.00125859 0.000856098
0.00125802 0.000861328

0.00125802 0.000861328
0.00125736 0.000867187

0.00125991 0.00084375
0.00125929 0.000849609

0.00125929 0.000849609
0.00125866 0.000855469

0.00125859 0.000856098
0.00125866 0.000855469

0.00125736 0.000867187
0.00125668 0.000873047

0.00125668 0.000873047
0.00125599 0.000878906

0.00125599 0.000878906
0.00125528 0.000884766

0.00125528 0.000884766
0.00125455 0.000890625

0.00125455 0.000890625
0.00125382 0.000896484

0.00125382 0.000896484
0.00125306 0.000902344

0.00125273 0.000904855
0.00125229 0.000908203

0.00125229 0.000908203
0.00125151 0.000914062

0.00125273 0.000904855
0.00125306 0.000902344

0.00125151 0.000914062
0.00125071 0.000919922

0.00125071 0.000919922
0.00124989 0.000925781

0.00124989 0.000925781
0.00124906 0.000931641

0.00124906 0.000931641
0.00124821 0.0009375

0.00124687 0.000946519
0.00124647 0.000949219

0.00124647 0.000949219
0.00124557 0.000955078

0.00124557 0.000955078
0.00124466 0.000960937

0.00124466 0.000960937
0.00124374 0.000966797

0.00124374 0.000966797
0.0012428 0.000972656

0.00124102 0.000983531
0.00124088 0.000984375

0.0012428 0.000972656
0.00124184 0.000978516

0.00124102 0.00098353
0.00124184 0.000978516

0.00124088 0.000984375
0.00123989 0.000990234

0.00123989 0.000990234
0.00123889 0.000996094

0.00123889 0.000996094
0.00123787 0.00100195

0.00123787 0.00100195
0.00123684 0.00100781

0.00123516 0.00101722
0.00123474 0.00101953

0.00123474 0.00101953
0.00123366 0.00102539

0.00123366 0.00102539
0.00123257 0.00103125

0.00123684 0.00100781
0.00123579 0.00101367

0.00123516 0.00101721
0.0012358 0.00101367

0.00124821 0.0009375
0.00124735 0.000943359

0.00124687 0.000946518
0.00124735 0.000943359

0.00122344 0.0010777
0.00122335 0.00107812

0.00123257 0.00103125
0.00123146 0.00103711

0.00123146 0.00103711
0.00123035 0.00104297

0.0012293 0.00104843
0.00122922 0.00104883

0.00122922 0.00104883
0.00122807 0.00105469

0.0012293 0.00104843
0.00123035 0.00104297

0.00122807 0.00105469
0.00122691 0.00106055

0.00122691 0.00106055
0.00122573 0.00106641

0.00122573 0.00106641
0.00122455 0.00107227

0.00122344 0.0010777
0.00122455 0.00107227

0.00122335 0.00107812
0.00122214 0.00108398

0.00122213 0.00108398
0.0012209 0.00108984

0.0012209 0.00108984
0.00121966 0.0010957

0.00121966 0.0010957
0.00121841 0.00110156

0.00121758 0.00110544
0.00121715 0.00110742

0.00121715 0.00110742
0.00121587 0.00111328

0.00121758 0.00110544
0.00121841 0.00110156

0.00121587 0.00111328
0.00121457 0.00111914

0.00121457 0.00111914
0.00121327 0.001125

0.00121172 0.00113193
0.00121064 0.00113672

0.00121063 0.00113672
0.00120929 0.00114258

0.00120929 0.00114258
0.00120794 0.00114844

0.00121327 0.001125
0.00121196 0.00113086

0.00121172 0.00113193
0.00121196 0.00113086

0.00120586 0.0011574
0.00120522 0.00116016

0.00120793 0.00114844
0.00120658 0.0011543

0.00120586 0.0011574
0.00120658 0.0011543

0.00120521 0.00116016
0.00120383 0.00116602

0.00120383 0.00116602
0.00120243 0.00117187

0.00120243 0.00117187
0.00120103 0.00117773

0.0012 0.00118204
0.00120103 0.00117773

0.00157553 0.00075
0.00157705 0.000755859

0.00157705 0.000755859
0.0015786 0.000761719

0.0015786 0.000761719
0.00158018 0.000767578

0.00158018 0.000767578
0.00158086 0.000770089

0.00158086 0.000770089
0.00158176 0.000773437

0.00158176 0.000773437
0.00158336 0.000779297

0.00158336 0.000779297
0.00158499 0.000785156

0.001585 0.000785156
0.00158665 0.000791016

0.00158665 0.000791016
0.00158672 0.000791274

0.00158672 0.000791281
0.0015883 0.000796875

0.0015883 0.000796875
0.00158998 0.000802734

0.00158999 0.000802734
0.0015917 0.000808594

0.00159171 0.000808594
0.00159258 0.000811553

0.00159258 0.000811554
0.00159343 0.000814453

0.00159342 0.000814453
0.00159516 0.000820312

0.00159516 0.000820312
0.00159693 0.000826172

0.00159694 0.000826172
0.00159844 0.000831081

0.00159844 0.000831081
0.00159873 0.000832031

0.00159872 0.000832031
0.00160051 0.000837891

0.00160051 0.000837891
0.00160234 0.00084375

0.00160235 0.00084375
0.00160419 0.000849609

0.00160419 0.000849609
0.0016043 0.000849954

0.0016043 0.000849964
0.00160604 0.000855469

0.00160603 0.000855469
0.00160791 0.000861328

0.00160792 0.000861328
0.00160982 0.000867187

0.00160982 0.000867187
0.00161016 0.00086822

0.00161016 0.000868229
0.00161173 0.000873047

0.00161172 0.000873047
0.00161365 0.000878906

0.00161366 0.000878906
0.00161561 0.000884766

0.00161561 0.000884766
0.00161602 0.000885969

0.00161602 0.000885978
0.00161757 0.000890625

0.00161756 0.000890625
0.00161955 0.000896484

0.00161956 0.000896484
0.00162156 0.000902344

0.00162156 0.000902344
0.00162187 0.000903261

0.00162187 0.000903271
0.00162357 0.000908203

0.00162356 0.000908203
0.0016256 0.000914062

0.00162561 0.000914062
0.00162766 0.000919922

0.00162766 0.000919922
0.00162773 0.000920145

0.00162773 0.000920161
0.00162971 0.000925781

0.0016297 0.000925781
0.00163179 0.000931641

0.0016318 0.000931641
0.00163359 0.000936652

0.00163359 0.000936652
0.0016339 0.0009375

0.00163388 0.0009375
0.00163599 0.000943359

0.00163599 0.000943359
0.00163812 0.000949219

0.00163813 0.000949219
0.00163945 0.000952849

0.00163945 0.000952852
0.00164026 0.000955078

0.00164025 0.000955078
0.0016424 0.000960937

0.0016424 0.000960937
0.00164457 0.000966797

0.00164458 0.000966797
0.00164531 0.000968774

0.00164531 0.000968784
0.00164675 0.000972656

0.00164674 0.000972656
0.00164893 0.000978516

0.00164894 0.000978516
0.00165115 0.000984375

0.00165115 0.000984375
0.00165117 0.000984442

0.00165117 0.000984465
0.00165335 0.000990234

0.00165334 0.000990234
0.00165558 0.000996094

0.00165559 0.000996094
0.00165703 0.000999868

0.00165703 0.00099987
0.00165783 0.00100195

0.00165781 0.00100195
0.00166005 0.00100781

0.00166006 0.00100781
0.00166233 0.00101367

0.00166233 0.00101367
0.00166289 0.00101513

0.00166289 0.00101514
0.00166459 0.00101953

0.00166458 0.00101953
0.00166686 0.00102539

0.00166688 0.00102539
0.00166875 0.00103019

0.00166875 0.00103019
0.00166916 0.00103125

0.00166914 0.00103125
0.00167143 0.00103711

0.00167144 0.00103711
0.00167375 0.00104297

0.00167376 0.00104297
0.00167461 0.00104514

0.00167461 0.00104515
0.00167606 0.00104883

0.00167605 0.00104883
0.00167836 0.00105469

0.00167838 0.00105469
0.00168047 0.00105995

0.00168047 0.00105995
0.00168071 0.00106055

0.00168069 0.00106055
0.00168301 0.00106641

0.00168302 0.00106641
0.00168536 0.00107227

0.00168537 0.00107227
0.00168633 0.00107468

0.00168633 0.00107469
0.0016877 0.00107812

0.00168768 0.00107812
0.00169003 0.00108398

0.00169005 0.00108398
0.00169219 0.00108932

0.00169219 0.00108932
0.0016924 0.00108984

0.00169238 0.00108984
0.00169472 0.0010957

0.00169473 0.0010957
0.00169709 0.00110156

0.0016971 0.00110156
0.00169805 0.00110393

0.00169805 0.00110394
0.00169944 0.00110742

0.00169943 0.00110742
0.00170179 0.00111328

0.00170181 0.00111328
0.00170391 0.0011185

0.00170391 0.0011185
0.00170417 0.00111914

0.00170415 0.00111914
0.0017065 0.001125

0.0017065 0.001125
0.00170887 0.00113086

0.00170888 0.00113086
0.00170977 0.00113307

0.00170977 0.00113309
0.00171122 0.00113672

0.00171121 0.00113672
0.00171356 0.00114258

0.00171359 0.00114258
0.00171562 0.00114766

0.00171562 0.00114766
0.00171594 0.00114844

0.00171591 0.00114844
0.00171825 0.0011543

0.00171826 0.0011543
0.00172061 0.00116016

0.00172062 0.00116016
0.00172148 0.00116232

0.00172148 0.00116234
0.00172295 0.00116602

0.00172293 0.00116602
0.00172527 0.00117187

0.0017253 0.00117187
0.00172734 0.00117704

0.00172734 0.00117704
0.00172762 0.00117773

0.0017276 0.00117773
0.00172991 0.00118359

0.00172992 0.00118359
0.00173224 0.00118945

0.00173225 0.00118945
0.0017332 0.00119188

0.0017332 0.0011919
0.00173454 0.00119531

0.00173452 0.00119531
0.00173682 0.00120117

0.00173684 0.00120117
0.00173906 0.00120687

0.00173906 0.00120687
0.00173913 0.00120703

0.00173911 0.00120703
0.00174137 0.00121289

0.00174137 0.00121289
0.00174364 0.00121875

0.00174366 0.00121875
0.00174492 0.00122204

0.00174492 0.00122205
0.0017459 0.00122461

0.00174588 0.00122461
0.0017481 0.00123047

0.00174812 0.00123047
0.00175035 0.00123633

0.00175035 0.00123633
0.00175078 0.00123747

0.00175078 0.0012375
0.00175254 0.00124219

0.00175252 0.00124219
0.00175472 0.00124805

0.00175475 0.00124805
0.00175664 0.00125316

0.00175664 0.00125316
0.00175692 0.00125391

0.00175689 0.00125391
0.00175903 0.00125977

0.00175903 0.00125977
0.00176118 0.00126562

0.00176121 0.00126563
0.0017625 0.00126922

0.0017625 0.00126922
0.00176331 0.00127148

0.00176329 0.00127148
0.00176536 0.00127734

0.00176537 0.00127734
0.00176746 0.0012832

0.00176748 0.0012832
0.00176836 0.00128573

0.00176836 0.00128574
0.00176952 0.00128906

0.00176949 0.00128906
0.00177151 0.00129492

0.00177152 0.00129492
0.00177353 0.00130078

0.00177355 0.00130078
0.00177422 0.00130278

0.00177422 0.0013028
0.00177551 0.00130664

0.00177549 0.00130664
0.00177742 0.0013125

0.00177744 0.0013125
0.00177937 0.00131836

0.00177939 0.00131836
0.00178008 0.00132051

0.00178008 0.00132051
0.00178127 0.00132422

0.00178124 0.00132422
0.00178309 0.00133008

0.00178309 0.00133008
0.00178495 0.00133594

0.00178498 0.00133594
0.00178594 0.00133907

0.00178594 0.00133907
0.00178677 0.0013418

0.00178674 0.0013418
0.00178848 0.00134766

0.00178848 0.00134766
0.00179023 0.00135352

0.00179026 0.00135352
0.0017918 0.00135876

0.0017918 0.00135876
0.00179198 0.00135937

0.00179196 0.00135937
0.00179359 0.00136523

0.00179358 0.00136523
0.0017952 0.00137109

0.0017952 0.00137109
0.00179682 0.00137695

0.00179685 0.00137695
0.00179766 0.00138001

0.00179766 0.00138
0.0017984 0.00138281

0.00179838 0.00138281
0.00179986 0.00138867

0.00179985 0.00138867
0.00180132 0.00139453

0.00180132 0.00139453
0.00180278 0.00140039

0.0018028 0.00140039
0.00180352 0.00140341

0.00180352 0.0014034
0.00180419 0.00140625

0.00180418 0.00140625
0.00180549 0.00141211

0.00180549 0.00141211
0.00180677 0.00141797

0.00180677 0.00141797
0.00180803 0.00142383

0.00180804 0.00142383
0.00180927 0.00142969

0.00180927 0.00142969
0.00180937 0.00143023

0.00180937 0.00143022
0.00181043 0.00143555

0.00181042 0.00143555
0.00181151 0.00144141

0.00181151 0.00144141
0.00181256 0.00144727

0.00181256 0.00144727
0.00181357 0.00145312

0.00181357 0.00145312
0.00181454 0.00145898

0.00181455 0.00145898
0.00181523 0.00146339

0.00181523 0.00146339
0.00181546 0.00146484

0.00181546 0.00146484
0.00181631 0.0014707

0.0018163 0.0014707
0.0018171 0.00147656

0.0018171 0.00147656
0.00181783 0.00148242

0.00181784 0.00148242
0.00181852 0.00148828

0.00181852 0.00148828
0.00181915 0.00149414

0.00181915 0.00149414
0.00181973 0.0015

0.0012 0.00206102
0.00120334 0.0020625

0.0012034 0.0020625
0.00120586 0.00206359

0.00120586 0.0020636
0.00121172 0.00206603

0.00121172 0.00206603
0.00121758 0.00206829

0.00121758 0.00206829
0.00121777 0.00206836

0.00121779 0.00206836
0.00122344 0.00207038

0.00122344 0.00207038
0.0012293 0.00207232

0.0012293 0.00207232
0.00123516 0.00207411

0.00123516 0.00207412
0.00123552 0.00207422

0.00123554 0.00207422
0.00124102 0.00207576

0.00124102 0.00207576
0.00124687 0.00207728

0.00124687 0.00207728
0.00125273 0.00207866

0.00125273 0.00207865
0.00125859 0.00207991

0.00125859 0.00207991
0.00125947 0.00208008

0.0012595 0.00208008
0.00126445 0.00208103

0.00126445 0.00208103
0.00127031 0.00208204

0.00127031 0.00208204
0.00127617 0.00208294

0.00127617 0.00208294
0.00128203 0.00208371

0.00128203 0.00208371
0.00128789 0.00208438

0.00128789 0.00208438
0.00129375 0.00208493

0.00129375 0.00208493
0.00129961 0.00208538

0.00129961 0.00208538
0.00130547 0.00208572

0.00130547 0.00208572
0.00131075 0.00208594

0.00131077 0.00208594
0.00131133 0.00208596

0.00131133 0.00208596
0.00131719 0.0020861

0.00133477 0.00208591
0.00133383 0.00208594

0.00133477 0.00208591
0.00134062 0.00208566

0.00131719 0.0020861
0.00132305 0.00208613

0.00132305 0.00208613
0.00132891 0.00208607

0.00132891 0.00208607
0.00133389 0.00208594

0.00134063 0.00208566
0.00134648 0.00208531

0.00134648 0.00208531
0.00135234 0.00208486

0.00135234 0.00208486
0.0013582 0.00208432

0.0013582 0.00208432
0.00136406 0.00208369

0.00136406 0.00208369
0.00136992 0.00208296

0.00136992 0.00208296
0.00137578 0.00208215

0.00137578 0.00208215
0.00138164 0.00208124

0.00138164 0.00208125
0.0013875 0.00208025

0.00145781 0.00206131
0.00145445 0.0020625

0.00145781 0.00206131
0.00146367 0.00205916

0.00146367 0.00205916
0.00146953 0.00205692

0.00147539 0.00205458
0.00147022 0.00205664

0.00146953 0.00205692
0.00147023 0.00205664

0.00147539 0.00205458
0.00148125 0.00205216

0.00148711 0.00204964
0.00148444 0.00205078

0.00148711 0.00204964
0.00149297 0.00204704

0.00148125 0.00205216
0.00148447 0.00205078

0.00149883 0.00204433
0.00149754 0.00204492

0.00149297 0.00204705
0.00149758 0.00204492

0.00149883 0.00204434
0.00150469 0.00204155

0.00151055 0.00203866
0.00150973 0.00203906

0.00151055 0.00203868
0.00151641 0.0020357

0.00152227 0.00203263
0.00152116 0.0020332

0.00151641 0.00203571
0.00152121 0.0020332

0.00152227 0.00203264
0.00152812 0.00202948

0.00150469 0.00204156
0.00150978 0.00203906

0.00155742 0.00201225
0.001552 0.00201563

0.00156328 0.0020085
0.0015613 0.00200977

0.00155742 0.00201227
0.00156134 0.00200977

0.001575 0.00200071
0.00157026 0.00200391

0.00156328 0.00200852
0.00156914 0.00200467

0.00156914 0.00200467
0.0015703 0.00200391

0.00153398 0.00202622
0.00153197 0.00202734

0.00153398 0.00202623
0.00153984 0.00202289

0.00152812 0.0020295
0.00153201 0.00202734

0.0015457 0.00201944
0.00154222 0.00202148

0.00153984 0.0020229
0.00154225 0.00202148

0.0015457 0.00201945
0.00155156 0.0020159

0.00155156 0.0020159
0.00155202 0.00201562

0.00139336 0.00207916
0.00138842 0.00208008

0.0013875 0.00208025
0.00138843 0.00208008

0.00139336 0.00207916
0.00139922 0.00207798

0.00139922 0.00207798
0.00140508 0.00207671

0.00140508 0.00207671
0.00141094 0.00207536

0.0014168 0.00207391
0.00141553 0.00207422

0.0014168 0.00207392
0.00142266 0.00207238

0.00141094 0.00207536
0.00141558 0.00207422

0.00142266 0.00207238
0.00142852 0.00207076

0.00142852 0.00207076
0.00143437 0.00206905

0.00144023 0.00206725
0.00143661 0.00206836

0.00143438 0.00206905
0.00143664 0.00206836

0.00144023 0.00206725
0.00144609 0.00206536

0.00144609 0.00206536
0.00145195 0.00206338

0.00145195 0.00206339
0.00145447 0.0020625

0.00170977 0.00187297
0.00170823 0.001875

0.00171562 0.00186522
0.0017127 0.00186914

0.00170977 0.00187299
0.0017127 0.00186914

0.0017625 0.00179086
0.00176139 0.00179297

0.00175664 0.00180169
0.00175498 0.00180469

0.0017614 0.00179297
0.00175824 0.00179883

0.00175664 0.00180171
0.00175824 0.00179883

0.00175078 0.00181199
0.00174819 0.00181641

0.00174492 0.0018218
0.00174465 0.00182227

0.00174465 0.00182227
0.00174102 0.00182812

0.00174492 0.00182182
0.00174819 0.00181641

0.00175498 0.00180469
0.00175163 0.00181055

0.00175078 0.001812
0.00175163 0.00181055

0.00172734 0.00184885
0.00172547 0.00185156

0.00173906 0.00183119
0.00173728 0.00183398

0.00173729 0.00183398
0.00173345 0.00183984

0.0017332 0.00184022
0.00172952 0.0018457

0.00172734 0.00184886
0.00172952 0.0018457

0.0017332 0.00184022
0.00173345 0.00183984

0.00172148 0.0018572
0.00172133 0.00185742

0.00172133 0.00185742
0.00171707 0.00186328

0.00172148 0.0018572
0.00172548 0.00185156

0.00171562 0.00186525
0.00171706 0.00186328

0.00173906 0.0018312
0.00174102 0.00182812

0.00181973 0.0015
0.00182024 0.00150586

0.00182024 0.00150586
0.0018207 0.00151172

0.0018207 0.00151172
0.00182109 0.00151752

0.00182109 0.00151751
0.0018211 0.00151758

0.0018211 0.00151758
0.00182144 0.00152344

0.00182144 0.00152344
0.00182171 0.0015293

0.00182171 0.0015293
0.00182192 0.00153516

0.00182192 0.00153516
0.00182207 0.00154102

0.00182207 0.00154102
0.00182216 0.00154687

0.00182216 0.00154687
0.00182219 0.00155273

0.00182219 0.00155273
0.00182215 0.00155859

0.00182215 0.00155859
0.00182204 0.00156445

0.00182204 0.00156445
0.00182187 0.00157031

0.00182109 0.00158578
0.00182096 0.00158789

0.00182096 0.00158789
0.00182053 0.00159375

0.00182187 0.00157031
0.00182164 0.00157617

0.00182164 0.00157617
0.00182133 0.00158203

0.00182109 0.00158578
0.00182133 0.00158203

0.00180937 0.00166565
0.00180838 0.00166992

0.00180839 0.00166992
0.00180697 0.00167578

0.00180697 0.00167578
0.00180544 0.00168164

0.00180544 0.00168164
0.00180382 0.0016875

0.00182053 0.00159375
0.00182002 0.00159961

0.00182002 0.00159961
0.00181944 0.00160547

0.00181944 0.00160547
0.0018188 0.00161133

0.0018188 0.00161133
0.00181808 0.00161719

0.00181808 0.00161719
0.00181729 0.00162305

0.00181729 0.00162305
0.00181643 0.00162891

0.00181523 0.00163629
0.0018145 0.00164062

0.00181643 0.00162891
0.0018155 0.00163477

0.00181523 0.00163629
0.00181549 0.00163477

0.00181451 0.00164062
0.00181345 0.00164648

0.00181344 0.00164648
0.0018123 0.00165234

0.0018123 0.00165234
0.00181106 0.0016582

0.00181106 0.0016582
0.00180975 0.00166406

0.00180937 0.00166566
0.00180975 0.00166406

0.00179766 0.00170787
0.00179665 0.00171094

0.00180352 0.00168854
0.00180214 0.00169336

0.00180215 0.00169336
0.00180042 0.00169922

0.00180352 0.00168854
0.00180381 0.0016875

0.00180042 0.00169922
0.00179859 0.00170508

0.00179766 0.00170789
0.00179857 0.00170508

0.00179666 0.00171094
0.00179469 0.0017168

0.00179469 0.0017168
0.00179263 0.00172266

0.0017918 0.00172488
0.00179046 0.00172852

0.00179047 0.00172852
0.00178825 0.00173437

0.0017918 0.00172489
0.00179262 0.00172266

0.00178594 0.00174021
0.00178593 0.00174023

0.00178594 0.00174023
0.00178355 0.00174609

0.00178008 0.00175424
0.00177852 0.00175781

0.00178356 0.00174609
0.00178109 0.00175195

0.00178008 0.00175426
0.00178108 0.00175195

0.00177422 0.00176725
0.00177316 0.00176953

0.00176836 0.00177941
0.00176745 0.00178125

0.00177316 0.00176953
0.00177035 0.00177539

0.00176836 0.00177943
0.00177036 0.00177539

0.00177853 0.00175781
0.00177589 0.00176367

0.00177422 0.00176727
0.00177589 0.00176367

0.00178825 0.00173437
0.00178594 0.00174023

0.00176746 0.00178125
0.00176447 0.00178711

0.0017625 0.00179088
0.00176448 0.00178711

0.00162187 0.00196504
0.00161742 0.00196875

0.00166875 0.00192088
0.0016678 0.00192187

0.00164531 0.00194414
0.00164406 0.00194531

0.00163359 0.00195487
0.00163113 0.00195703

0.00162773 0.00196004
0.00162436 0.00196289

0.00162187 0.00196504
0.00162443 0.00196289

0.00162773 0.00196002
0.0016312 0.00195703

0.00163945 0.00194957
0.00163769 0.00195117

0.00163359 0.00195488
0.00163776 0.00195117

0.00163945 0.0019496
0.00164411 0.00194531

0.00165703 0.00193283
0.00165626 0.00193359

0.00165117 0.00193856
0.00165025 0.00193945

0.00164531 0.00194417
0.00165029 0.00193945

0.00165117 0.00193859
0.0016563 0.00193359

0.00166289 0.00192694
0.00166211 0.00192773

0.00165703 0.00193286
0.00166213 0.00192773

0.00166289 0.00192697
0.00166781 0.00192187

0.00159258 0.00198821
0.00158713 0.00199219

0.00159844 0.00198381
0.00159508 0.00198633

0.00159258 0.00198821
0.00159513 0.00198633

0.00158086 0.00199665
0.00157882 0.00199805

0.001575 0.00200073
0.00157888 0.00199805

0.00158086 0.00199667
0.00158672 0.0019925

0.00158672 0.0019925
0.00158715 0.00199219

0.0016043 0.00197929
0.00160275 0.00198047

0.0016043 0.00197932
0.00161016 0.00197469

0.00159844 0.00198383
0.00160281 0.00198047

0.00161602 0.00196992
0.00161025 0.00197461

0.00161016 0.00197469
0.00161026 0.00197461

0.00161602 0.00196993
0.00161745 0.00196875

0.00169219 0.00189476
0.00168909 0.00189844

0.00168047 0.00190822
0.00167873 0.00191016

0.00167461 0.00191464
0.00167333 0.00191602

0.00166875 0.0019209
0.00167334 0.00191602

0.00167461 0.00191466
0.00167872 0.00191016

0.00168633 0.00190159
0.00168398 0.0019043

0.00168047 0.00190824
0.00168395 0.0019043

0.00168633 0.00190162
0.00168905 0.00189844

0.00170391 0.00188049
0.00170362 0.00188086

0.00170362 0.00188086
0.0016989 0.00188672

0.00169805 0.00188775
0.00169405 0.00189258

0.00169219 0.0018948
0.00169404 0.00189258

0.00169805 0.00188776
0.0016989 0.00188672

0.00170391 0.0018805
0.00170822 0.001875

