0.000118692 0
0.000118696 5.85937e-06

0.000118696 5.85938e-06
0.000118707 1.17187e-05

0.000118707 1.17187e-05
0.000118725 1.75781e-05

0.000118725 1.75781e-05
0.00011875 2.34375e-05

0.00011875 2.34375e-05
0.000118782 2.92969e-05

0.000118782 2.92969e-05
0.000118822 3.51562e-05

0.000118822 3.51562e-05
0.000118869 4.10156e-05

0.000118869 4.10156e-05
0.000118922 4.6875e-05

0.000118922 4.6875e-05
0.000118983 5.27344e-05

0.000118983 5.27344e-05
0.000119051 5.85937e-05

0.000119051 5.85937e-05
0.000119127 6.44531e-05

0.000119127 6.44531e-05
0.000119209 7.03125e-05

0.000119209 7.03125e-05
0.000119298 7.61719e-05

0.000119298 7.61719e-05
0.000119394 8.20312e-05

0.000119394 8.20312e-05
0.000119496 8.78906e-05

0.000119496 8.78906e-05
0.000119606 9.375e-05

0.000119606 9.375e-05
0.000119722 9.96094e-05

0.000119722 9.96094e-05
0.000119845 0.000105469

0.000119845 0.000105469
0.000119975 0.000111328

0.000119975 0.000111328
0.000120111 0.000117187

0.000120111 0.000117187
0.000120254 0.000123047

0.000120254 0.000123047
0.000120403 0.000128906

0.000120403 0.000128906
0.000120558 0.000134766

0.000120558 0.000134766
0.00012072 0.000140625

0.00012072 0.000140625
0.000120888 0.000146484

0.000120888 0.000146484
0.000121061 0.000152344

0.000121061 0.000152344
0.000121241 0.000158203

0.000121241 0.000158203
0.000121427 0.000164062

0.000121427 0.000164062
0.000121619 0.000169922

0.000121619 0.000169922
0.000121817 0.000175781

0.000121817 0.000175781
0.000121875 0.000177464

0.000121875 0.000177463
0.00012202 0.000181641

0.00012202 0.000181641
0.000122228 0.0001875

0.000122228 0.0001875
0.000122443 0.000193359

0.000122443 0.000193359
0.000122662 0.000199219

0.000122662 0.000199219
0.000122887 0.000205078

0.000122887 0.000205078
0.000123117 0.000210937

0.000123117 0.000210937
0.000123352 0.000216797

0.000123352 0.000216797
0.000123592 0.000222656

0.000123592 0.000222656
0.000123837 0.000228516

0.000123837 0.000228516
0.000124087 0.000234375

0.000124087 0.000234375
0.000124341 0.000240234

0.000124341 0.000240234
0.0001246 0.000246094

0.0001246 0.000246094
0.000124863 0.000251953

0.000124863 0.000251953
0.000125131 0.000257812

0.000125131 0.000257812
0.000125402 0.000263672

0.000125402 0.000263672
0.000125678 0.000269531

0.000125678 0.000269531
0.000125958 0.000275391

0.000125958 0.000275391
0.000126241 0.00028125

0.000126241 0.00028125
0.000126529 0.000287109

0.000126529 0.000287109
0.00012682 0.000292969

0.00012682 0.000292969
0.000127114 0.000298828

0.000127114 0.000298828
0.000127411 0.000304687

0.000127411 0.000304687
0.000127712 0.000310547

0.000127712 0.000310547
0.000127734 0.000310978

0.000127734 0.000310978
0.000128016 0.000316406

0.000128016 0.000316406
0.000128322 0.000322266

0.000128322 0.000322266
0.000128631 0.000328125

0.000128632 0.000328125
0.000128943 0.000333984

0.000128943 0.000333984
0.000129258 0.000339844

0.000129258 0.000339844
0.000129574 0.000345703

0.000129574 0.000345703
0.000129893 0.000351562

0.000129893 0.000351562
0.000130214 0.000357422

0.000130214 0.000357422
0.000130537 0.000363281

0.000130537 0.000363281
0.000130861 0.000369141

0.000130861 0.000369141
0.000131188 0.000375

0.000131188 0.000375
0.000131515 0.000380859

0.000131515 0.000380859
0.000131844 0.000386719

0.000131844 0.000386719
0.000132174 0.000392578

0.000132174 0.000392578
0.000132505 0.000398437

0.000132505 0.000398437
0.000132837 0.000404297

0.000132837 0.000404297
0.00013317 0.000410156

0.00013317 0.000410156
0.000133503 0.000416016

0.000133503 0.000416016
0.000133594 0.000417606

0.000133594 0.000417606
0.000133837 0.000421875

0.000133837 0.000421875
0.000134171 0.000427734

0.000134171 0.000427734
0.000134505 0.000433594

0.000134505 0.000433594
0.000134839 0.000439453

0.000134839 0.000439453
0.000135172 0.000445312

0.000135173 0.000445312
0.000135506 0.000451172

0.000135506 0.000451172
0.000135839 0.000457031

0.000135839 0.000457031
0.000136171 0.000462891

0.000136171 0.000462891
0.000136503 0.00046875

0.000136503 0.00046875
0.000136833 0.000474609

0.000136833 0.000474609
0.000137163 0.000480469

0.000137163 0.000480469
0.000137491 0.000486328

0.000137491 0.000486328
0.000137818 0.000492187

0.000137818 0.000492187
0.000138144 0.000498047

0.000138144 0.000498047
0.000138468 0.000503906

0.000138468 0.000503906
0.00013879 0.000509766

0.00013879 0.000509766
0.00013911 0.000515625

0.00013911 0.000515625
0.000139428 0.000521484

0.000139428 0.000521484
0.000139453 0.000521957

0.000139453 0.000521957
0.000139743 0.000527344

0.000139744 0.000527344
0.000140057 0.000533203

0.000140057 0.000533203
0.000140368 0.000539062

0.000140368 0.000539062
0.000140676 0.000544922

0.000140676 0.000544922
0.000140981 0.000550781

0.000140981 0.000550781
0.000141284 0.000556641

0.000141284 0.000556641
0.000141583 0.0005625

0.000141583 0.0005625
0.000141879 0.000568359

0.000141879 0.000568359
0.000142172 0.000574219

0.000142172 0.000574219
0.000142461 0.000580078

0.000142461 0.000580078
0.000142746 0.000585937

0.000142746 0.000585937
0.000143028 0.000591797

0.000143028 0.000591797
0.000143306 0.000597656

0.000143306 0.000597656
0.000143579 0.000603516

0.000143579 0.000603516
0.000143849 0.000609375

0.000143849 0.000609375
0.000144114 0.000615234

0.000144114 0.000615234
0.000144375 0.000621094

0.000144375 0.000621094
0.000144631 0.000626953

0.000144631 0.000626953
0.000144883 0.000632812

0.000144883 0.000632812
0.000145129 0.000638672

0.000145129 0.000638672
0.000145312 0.000643111

0.000145312 0.00064311
0.000145371 0.000644531

0.000145371 0.000644531
0.000145608 0.000650391

0.000145608 0.000650391
0.00014584 0.00065625

0.00014584 0.00065625
0.000146066 0.000662109

0.000146066 0.000662109
0.000146287 0.000667969

0.000146287 0.000667969
0.000146502 0.000673828

0.000146502 0.000673828
0.000146712 0.000679687

0.000146712 0.000679687
0.000146915 0.000685547

0.000146915 0.000685547
0.000147113 0.000691406

0.000147113 0.000691406
0.000147305 0.000697266

0.000147305 0.000697266
0.000147491 0.000703125

0.000147491 0.000703125
0.000147671 0.000708984

0.000147671 0.000708984
0.000147844 0.000714844

0.000147844 0.000714844
0.000148011 0.000720703

0.000148011 0.000720703
0.000148171 0.000726562

0.000148171 0.000726562
0.000148325 0.000732422

0.000148325 0.000732422
0.000148472 0.000738281

0.000148472 0.000738281
0.000148612 0.000744141

0.000148612 0.000744141
0.000148745 0.00075

0.000148745 0.00075
0.000148871 0.000755859

0.000148871 0.000755859
0.00014899 0.000761719

0.00014899 0.000761719
0.000149101 0.000767578

0.000149101 0.000767578
0.000149205 0.000773437

0.000149205 0.000773437
0.000149302 0.000779297

0.000149302 0.000779297
0.000149391 0.000785156

0.000149391 0.000785156
0.000149472 0.000791016

0.000149472 0.000791016
0.000149546 0.000796875

0.000149546 0.000796875
0.000149612 0.000802734

0.000149612 0.000802734
0.00014967 0.000808594

0.00014967 0.000808594
0.000149719 0.000814453

0.000149719 0.000814453
0.000149761 0.000820312

0.000149761 0.000820312
0.000149795 0.000826172

0.000149795 0.000826172
0.00014982 0.000832031

0.00014982 0.000832031
0.000149837 0.000837891

0.000149837 0.000837891
0.000149846 0.00084375

0.000149846 0.00084375
0.000149846 0.000849609

0.000149846 0.000849609
0.000149838 0.000855469

0.000149838 0.000855469
0.000149822 0.000861328

0.000149822 0.000861328
0.000149796 0.000867187

0.000149796 0.000867187
0.000149762 0.000873047

0.000149762 0.000873047
0.00014972 0.000878906

0.00014972 0.000878906
0.000149668 0.000884766

0.000149668 0.000884766
0.000149608 0.000890625

0.000149608 0.000890625
0.000149539 0.000896484

0.000149539 0.000896484
0.000149461 0.000902344

0.000149461 0.000902344
0.000149375 0.000908203

0.000149375 0.000908203
0.000149279 0.000914062

0.000149279 0.000914062
0.000149175 0.000919922

0.000149175 0.000919922
0.000149062 0.000925781

0.000149062 0.000925781
0.00014894 0.000931641

0.00014894 0.000931641
0.00014881 0.0009375

0.00014881 0.0009375
0.00014867 0.000943359

0.00014867 0.000943359
0.000148522 0.000949219

0.000148522 0.000949219
0.000148365 0.000955078

0.000148365 0.000955078
0.000148199 0.000960937

0.000148199 0.000960937
0.000148025 0.000966797

0.000148025 0.000966797
0.000147842 0.000972656

0.000147842 0.000972656
0.000147651 0.000978516

0.000147651 0.000978516
0.000147452 0.000984375

0.000147452 0.000984375
0.000147244 0.000990234

0.000147244 0.000990234
0.000147028 0.000996094

0.000147028 0.000996094
0.000146804 0.00100195

0.000146804 0.00100195
0.000146572 0.00100781

0.000146572 0.00100781
0.000146332 0.00101367

0.000146332 0.00101367
0.000146085 0.00101953

0.000146085 0.00101953
0.00014583 0.00102539

0.00014583 0.00102539
0.000145569 0.00103125

0.000145312 0.00103687
0.000145302 0.00103711

0.000145301 0.00103711
0.000145025 0.00104297

0.000145025 0.00104297
0.000144741 0.00104883

0.000144741 0.00104883
0.000144451 0.00105469

0.000144451 0.00105469
0.000144156 0.00106055

0.000144156 0.00106055
0.000143854 0.00106641

0.000143854 0.00106641
0.000143547 0.00107227

0.000143547 0.00107227
0.000143235 0.00107812

0.000145312 0.00103687
0.00014557 0.00103125

0.000143235 0.00107812
0.000142917 0.00108398

0.000142917 0.00108398
0.000142595 0.00108984

0.000142595 0.00108984
0.000142268 0.0010957

0.000142268 0.0010957
0.000141938 0.00110156

0.000141937 0.00110156
0.000141603 0.00110742

0.000141603 0.00110742
0.000141265 0.00111328

0.000141265 0.00111328
0.000140925 0.00111914

0.000140925 0.00111914
0.000140582 0.001125

0.000140582 0.001125
0.000140237 0.00113086

0.000140237 0.00113086
0.000139892 0.00113672

0.000139453 0.00114418
0.0001392 0.00114844

0.000139893 0.00113672
0.000139548 0.00114258

0.000139453 0.00114419
0.000139549 0.00114258

0.000139199 0.00114844
0.000138848 0.0011543

0.000138848 0.0011543
0.000138498 0.00116016

0.000138498 0.00116016
0.00013815 0.00116602

0.00013815 0.00116602
0.000137804 0.00117187

0.000137804 0.00117187
0.00013746 0.00117773

0.00013746 0.00117773
0.000137119 0.00118359

0.000137118 0.00118359
0.000136781 0.00118945

0.000136781 0.00118945
0.000136447 0.00119531

0.000136447 0.00119531
0.000136118 0.00120117

0.000136118 0.00120117
0.000135794 0.00120703

0.000135794 0.00120703
0.000135476 0.00121289

0.000135476 0.00121289
0.000135165 0.00121875

0.000135165 0.00121875
0.000134862 0.00122461

0.000134862 0.00122461
0.000134567 0.00123047

0.000134566 0.00123047
0.000134281 0.00123633

0.00013428 0.00123633
0.000134005 0.00124219

0.000133594 0.00125148
0.000133489 0.00125391

0.000133488 0.00125391
0.000133243 0.00125977

0.000133243 0.00125977
0.000133012 0.00126562

0.000134005 0.00124219
0.000133742 0.00124805

0.000133594 0.00125149
0.000133743 0.00124805

0.000133012 0.00126563
0.000132796 0.00127148

0.000132796 0.00127148
0.000132595 0.00127734

0.000132595 0.00127734
0.000132411 0.0012832

0.000132411 0.0012832
0.000132243 0.00128906

0.000132243 0.00128906
0.000132093 0.00129492

0.000132093 0.00129492
0.000131962 0.00130078

0.000131962 0.00130078
0.000131851 0.00130664

0.000131851 0.00130664
0.00013176 0.0013125

0.00013176 0.0013125
0.000131692 0.00131836

0.000131692 0.00131836
0.000131646 0.00132422

0.000131646 0.00132422
0.000131625 0.00133008

0.000131624 0.00133008
0.000131628 0.00133594

0.000131628 0.00133594
0.000131658 0.0013418

0.000131658 0.0013418
0.000131716 0.00134766

0.000131715 0.00134766
0.000131802 0.00135352

0.000131802 0.00135352
0.000131919 0.00135937

0.000131919 0.00135937
0.000132067 0.00136523

0.000132067 0.00136523
0.000132247 0.00137109

0.000132247 0.00137109
0.000132461 0.00137695

0.000132461 0.00137695
0.00013271 0.00138281

0.00013271 0.00138281
0.000132994 0.00138867

0.000132994 0.00138867
0.000133312 0.00139453

0.000133309 0.00139453
0.000133594 0.00139917

0.000133594 0.00139918
0.000133668 0.00140039

0.000133669 0.00140039
0.000134075 0.00140625

0.000134076 0.00140625
0.000134526 0.00141211

0.000134524 0.00141211
0.00013502 0.00141797

0.000135019 0.00141797
0.000135566 0.00142383

0.000135568 0.00142383
0.000136163 0.00142969

0.000136166 0.00142969
0.000136801 0.00143555

0.000136802 0.00143555
0.00013747 0.00144141

0.000137465 0.00144141
0.000138173 0.00144727

0.000138163 0.00144727
0.000138941 0.00145312

0.000138932 0.00145312
0.000139453 0.00145656

0.000139453 0.00145658
0.000139818 0.00145898

0.000139852 0.00145898
0.000140811 0.00146484

0.000140808 0.00146484
0.000141776 0.0014707

0.000141768 0.0014707
0.000142765 0.00147656

0.00014275 0.00147656
0.000143823 0.00148242

0.000143814 0.00148242
0.000145011 0.00148828

0.000145025 0.00148828
0.000145312 0.00148958

0.000145312 0.00148954
0.000146333 0.00149414

0.000146354 0.00149414
0.000147667 0.0015

0.000997097 0
0.000997097 5.85937e-06

0.000997097 5.85938e-06
0.000997099 1.17187e-05

0.000997099 1.17187e-05
0.000997101 1.75781e-05

0.000997101 1.75781e-05
0.000997104 2.34375e-05

0.000997104 2.34375e-05
0.000997108 2.92969e-05

0.000997108 2.92969e-05
0.000997113 3.51562e-05

0.000997113 3.51562e-05
0.000997118 4.10156e-05

0.000997118 4.10156e-05
0.000997125 4.6875e-05

0.000997125 4.6875e-05
0.000997132 5.27344e-05

0.000997132 5.27344e-05
0.000997141 5.85937e-05

0.000997141 5.85937e-05
0.00099715 6.44531e-05

0.00099715 6.44531e-05
0.000997159 7.03125e-05

0.000997159 7.03125e-05
0.000997169 7.61719e-05

0.000997169 7.61719e-05
0.00099718 8.20312e-05

0.00099718 8.20312e-05
0.000997192 8.78906e-05

0.000997192 8.78906e-05
0.000997204 9.375e-05

0.000997204 9.375e-05
0.000997216 9.96094e-05

0.000997216 9.96094e-05
0.000997229 0.000105469

0.000997229 0.000105469
0.000997242 0.000111328

0.000997242 0.000111328
0.000997256 0.000117187

0.000997256 0.000117187
0.000997269 0.000123047

0.000997269 0.000123047
0.000997283 0.000128906

0.000997283 0.000128906
0.000997296 0.000134766

0.000997296 0.000134766
0.00099731 0.000140625

0.00099731 0.000140625
0.000997323 0.000146484

0.000997323 0.000146484
0.000997336 0.000152344

0.000997336 0.000152344
0.000997349 0.000158203

0.000997349 0.000158203
0.000997361 0.000164062

0.000997361 0.000164062
0.000997372 0.000169922

0.000997372 0.000169922
0.000997383 0.000175781

0.000997383 0.000175781
0.000997394 0.000181641

0.000997394 0.000181641
0.000997403 0.0001875

0.000997403 0.0001875
0.000997411 0.000193359

0.000997411 0.000193359
0.000997418 0.000199219

0.000997418 0.000199219
0.000997424 0.000205078

0.000997424 0.000205078
0.000997428 0.000210937

0.000997428 0.000210937
0.000997431 0.000216797

0.000997431 0.000216797
0.000997433 0.000222656

0.000997433 0.000222656
0.000997432 0.000228516

0.000997432 0.000228516
0.00099743 0.000234375

0.00099743 0.000234375
0.000997426 0.000240234

0.000997426 0.000240234
0.000997419 0.000246094

0.000997419 0.000246094
0.000997411 0.000251953

0.000997411 0.000251953
0.000997399 0.000257812

0.000997399 0.000257812
0.000997386 0.000263672

0.000997386 0.000263672
0.000997369 0.000269531

0.000997369 0.000269531
0.000997349 0.000275391

0.00099735 0.000275391
0.000997327 0.00028125

0.000997327 0.00028125
0.000997301 0.000287109

0.000997301 0.000287109
0.000997272 0.000292969

0.000997272 0.000292969
0.000997239 0.000298828

0.00099724 0.000298828
0.000997203 0.000304687

0.000997203 0.000304687
0.000997163 0.000310547

0.000997163 0.000310547
0.000997119 0.000316406

0.000997119 0.000316406
0.00099707 0.000322266

0.00099707 0.000322266
0.000997017 0.000328125

0.000997017 0.000328125
0.00099696 0.000333984

0.00099696 0.000333984
0.000996898 0.000339844

0.000996898 0.000339844
0.000996831 0.000345703

0.000996831 0.000345703
0.000996759 0.000351562

0.000996759 0.000351562
0.000996682 0.000357422

0.000996682 0.000357422
0.0009966 0.000363281

0.0009966 0.000363281
0.000996512 0.000369141

0.000996512 0.000369141
0.000996418 0.000375

0.000996418 0.000375
0.000996319 0.000380859

0.000996319 0.000380859
0.000996213 0.000386719

0.000996213 0.000386719
0.000996102 0.000392578

0.000996102 0.000392578
0.000995984 0.000398437

0.000995984 0.000398437
0.000995859 0.000404297

0.000995859 0.000404297
0.000995728 0.000410156

0.000995728 0.000410156
0.00099559 0.000416016

0.00099559 0.000416016
0.000995444 0.000421875

0.000995444 0.000421875
0.00099529 0.000427734

0.000995289 0.000427734
0.000995127 0.000433594

0.000994922 0.000440772
0.000994793 0.000445312

0.000995125 0.000433594
0.000994959 0.000439453

0.000994922 0.000440761
0.000994959 0.000439453

0.000994795 0.000445312
0.000994621 0.000451172

0.000994621 0.000451172
0.000994435 0.000457031

0.000994435 0.000457031
0.000994239 0.000462891

0.000994239 0.000462891
0.000994036 0.00046875

0.000994036 0.00046875
0.000993825 0.000474609

0.000993825 0.000474609
0.000993607 0.000480469

0.000993607 0.000480469
0.000993381 0.000486328

0.000993381 0.000486328
0.000993147 0.000492187

0.000993147 0.000492187
0.000992905 0.000498047

0.000992905 0.000498047
0.000992656 0.000503906

0.000992656 0.000503906
0.000992399 0.000509766

0.000992399 0.000509766
0.000992133 0.000515625

0.000992133 0.000515625
0.00099186 0.000521484

0.00099186 0.000521484
0.000991579 0.000527344

0.000991579 0.000527344
0.00099129 0.000533203

0.00099129 0.000533203
0.000990993 0.000539062

0.000990993 0.000539062
0.000990688 0.000544922

0.000990688 0.000544922
0.000990375 0.000550781

0.000990375 0.000550781
0.000990054 0.000556641

0.000990054 0.000556641
0.000989723 0.0005625

0.000989062 0.000573648
0.000989028 0.000574219

0.000989025 0.000574219
0.000988669 0.000580078

0.000988672 0.000580078
0.000988318 0.000585937

0.000988318 0.000585937
0.00098796 0.000591797

0.00098796 0.000591797
0.000987597 0.000597656

0.000987597 0.000597656
0.000987228 0.000603516

0.000987229 0.000603516
0.000986854 0.000609375

0.000989723 0.0005625
0.000989382 0.000568359

0.000989062 0.000573671
0.000989382 0.000568359

0.000986854 0.000609375
0.000986473 0.000615234

0.000986473 0.000615234
0.000986086 0.000621094

0.000986086 0.000621094
0.000985691 0.000626953

0.000985691 0.000626953
0.00098529 0.000632812

0.000985289 0.000632812
0.00098488 0.000638672

0.000984881 0.000638672
0.000984464 0.000644531

0.000984464 0.000644531
0.000984039 0.000650391

0.000984039 0.000650391
0.000983606 0.00065625

0.000983203 0.000661577
0.000983163 0.000662109

0.00098316 0.000662109
0.000982717 0.000667969

0.000983203 0.000661616
0.000983608 0.00065625

0.00098272 0.000667969
0.000982282 0.000673828

0.000982282 0.000673828
0.000981842 0.000679687

0.000981842 0.000679687
0.000981402 0.000685547

0.000981402 0.000685547
0.00098096 0.000691406

0.00098096 0.000691406
0.000980519 0.000697266

0.000980519 0.000697266
0.000980076 0.000703125

0.000980076 0.000703125
0.000979634 0.000708984

0.000979634 0.000708984
0.000979191 0.000714844

0.000979191 0.000714844
0.000978748 0.000720703

0.000978748 0.000720703
0.000978304 0.000726562

0.000977344 0.000739085
0.00097696 0.000744141

0.000976965 0.000744141
0.000976532 0.00075

0.000978304 0.000726562
0.00097786 0.000732422

0.000977862 0.000732422
0.000977413 0.000738281

0.000977344 0.00073912
0.000977407 0.000738281

0.000976532 0.00075
0.000976105 0.000755859

0.000976105 0.000755859
0.000975683 0.000761719

0.000975682 0.000761719
0.000975266 0.000767578

0.000975266 0.000767578
0.000974855 0.000773437

0.000974855 0.000773437
0.000974451 0.000779297

0.000974451 0.000779297
0.000974053 0.000785156

0.000974053 0.000785156
0.000973662 0.000791016

0.000973662 0.000791016
0.000973278 0.000796875

0.000973278 0.000796875
0.000972902 0.000802734

0.000972902 0.000802734
0.000972533 0.000808594

0.000972533 0.000808594
0.000972171 0.000814453

0.000972172 0.000814453
0.000971815 0.000820312

0.000971484 0.000825759
0.00097146 0.000826172

0.000971457 0.000826172
0.000971128 0.000832031

0.000971484 0.000825791
0.000971812 0.000820312

0.000971131 0.000832031
0.000970824 0.000837891

0.000970824 0.000837891
0.000970531 0.00084375

0.000970531 0.00084375
0.00097025 0.000849609

0.00097025 0.000849609
0.000969982 0.000855469

0.000969982 0.000855469
0.000969728 0.000861328

0.000969728 0.000861328
0.000969487 0.000867187

0.000969487 0.000867187
0.000969261 0.000873047

0.00096926 0.000873047
0.000969048 0.000878906

0.000969048 0.000878906
0.000968851 0.000884766

0.000968851 0.000884766
0.000968669 0.000890625

0.000968669 0.000890625
0.000968503 0.000896484

0.000968503 0.000896484
0.000968353 0.000902344

0.000968353 0.000902344
0.00096822 0.000908203

0.00096822 0.000908203
0.000968104 0.000914062

0.000968104 0.000914062
0.000968005 0.000919922

0.000968005 0.000919922
0.000967924 0.000925781

0.000967924 0.000925781
0.000967861 0.000931641

0.000967861 0.000931641
0.000967817 0.0009375

0.000967817 0.0009375
0.000967794 0.000943359

0.000967794 0.000943359
0.000967792 0.000949219

0.000967793 0.000949219
0.000967812 0.000955078

0.000967813 0.000955078
0.000967853 0.000960937

0.000967854 0.000960937
0.000967912 0.000966797

0.000967913 0.000966797
0.000967988 0.000972656

0.000967988 0.000972656
0.000968078 0.000978516

0.000968078 0.000978516
0.000968183 0.000984375

0.000968183 0.000984375
0.000968303 0.000990234

0.000968303 0.000990234
0.000968438 0.000996094

0.000968438 0.000996094
0.000968588 0.00100195

0.000968588 0.00100195
0.000968753 0.00100781

0.000968753 0.00100781
0.000968933 0.00101367

0.000968933 0.00101367
0.000969126 0.00101953

0.000969126 0.00101953
0.000969334 0.00102539

0.000969334 0.00102539
0.000969554 0.00103125

0.000969554 0.00103125
0.000969787 0.00103711

0.000969787 0.00103711
0.000970031 0.00104297

0.000970031 0.00104297
0.000970285 0.00104883

0.000970285 0.00104883
0.000970549 0.00105469

0.000970549 0.00105469
0.000970821 0.00106055

0.00097082 0.00106055
0.0009711 0.00106641

0.000971099 0.00106641
0.00097139 0.00107227

0.000971395 0.00107227
0.000971484 0.00107406

0.000971484 0.00107407
0.000971687 0.00107812

0.000971686 0.00107812
0.000971976 0.00108398

0.000971976 0.00108398
0.000972265 0.00108984

0.000972265 0.00108984
0.000972552 0.0010957

0.000972553 0.0010957
0.000972839 0.00110156

0.000972839 0.00110156
0.000973122 0.00110742

0.000973123 0.00110742
0.000973401 0.00111328

0.000973401 0.00111328
0.000973673 0.00111914

0.000973673 0.00111914
0.000973938 0.001125

0.000973938 0.001125
0.000974193 0.00113086

0.000974194 0.00113086
0.000974438 0.00113672

0.000974439 0.00113672
0.00097467 0.00114258

0.000974671 0.00114258
0.000974888 0.00114844

0.000974888 0.00114844
0.000975089 0.0011543

0.00097509 0.0011543
0.000975272 0.00116016

0.000975272 0.00116016
0.000975434 0.00116602

0.000975434 0.00116602
0.000975573 0.00117187

0.000975574 0.00117187
0.000975688 0.00117773

0.000975689 0.00117773
0.000975776 0.00118359

0.000975776 0.00118359
0.000975835 0.00118945

0.000975835 0.00118945
0.000975863 0.00119531

0.000975864 0.00119531
0.000975859 0.00120117

0.000975859 0.00120117
0.00097582 0.00120703

0.00097582 0.00120703
0.000975745 0.00121289

0.000975745 0.00121289
0.000975632 0.00121875

0.000975632 0.00121875
0.000975479 0.00122461

0.00097548 0.00122461
0.000975285 0.00123047

0.000975286 0.00123047
0.000975048 0.00123633

0.000975049 0.00123633
0.000974766 0.00124219

0.000974767 0.00124219
0.000974437 0.00124805

0.000974438 0.00124805
0.00097406 0.00125391

0.00097406 0.00125391
0.000973631 0.00125977

0.000973632 0.00125977
0.000973149 0.00126562

0.00097315 0.00126563
0.00097261 0.00127148

0.00097261 0.00127148
0.000972013 0.00127734

0.000971484 0.0012821
0.000971364 0.0012832

0.000971369 0.0012832
0.000970688 0.00128906

0.000971484 0.0012821
0.000972005 0.00127734

0.000970695 0.00128906
0.000969951 0.00129492

0.000969949 0.00129492
0.000969131 0.00130078

0.000969131 0.00130078
0.000968245 0.00130664

0.000968246 0.00130664
0.000967291 0.0013125

0.00091875 0.00146192
0.000917282 0.00146484

0.000912891 0.00147324
0.000911116 0.00147656

0.000917288 0.00146484
0.000914251 0.0014707

0.000912891 0.00147326
0.000914255 0.0014707

0.000907031 0.00148394
0.000904569 0.00148828

0.000901172 0.00149408
0.000901137 0.00149414

0.000901148 0.00149414
0.000897624 0.0015

0.000901172 0.0014941
0.000904572 0.00148828

0.000911121 0.00147656
0.000907894 0.00148242

0.000907031 0.00148395
0.000907896 0.00148242

0.000965625 0.00132168
0.000965155 0.00132422

0.000965161 0.00132422
0.000964045 0.00133008

0.000964055 0.00133008
0.000962879 0.00133594

0.000962882 0.00133594
0.000961619 0.0013418

0.000961624 0.0013418
0.00096026 0.00134766

0.000959766 0.00134958
0.000958803 0.00135352

0.000958812 0.00135352
0.000957334 0.00135937

0.000959766 0.00134961
0.000960244 0.00134766

0.000953906 0.00137193
0.000952442 0.00137695

0.000952454 0.00137695
0.000950687 0.00138281

0.000957339 0.00135937
0.000955795 0.00136523

0.000955802 0.00136523
0.000954167 0.00137109

0.000953906 0.00137194
0.000954154 0.00137109

0.000948047 0.00139099
0.000946875 0.00139453

0.000950692 0.00138281
0.000948831 0.00138867

0.000948047 0.00139102
0.000948824 0.00138867

0.000946883 0.00139453
0.000944878 0.00140039

0.000944886 0.00140039
0.000942793 0.00140625

0.000967294 0.0013125
0.000966259 0.00131836

0.000965625 0.0013217
0.000966245 0.00131836

0.000942187 0.00140785
0.000940606 0.00141211

0.000940615 0.00141211
0.000938371 0.00141797

0.000936328 0.00142306
0.000936021 0.00142383

0.00093603 0.00142383
0.000933612 0.00142969

0.000936328 0.00142311
0.000938376 0.00141797

0.000930469 0.00143699
0.000928518 0.00144141

0.000924609 0.00144988
0.00092308 0.00145312

0.000928526 0.00144141
0.000925852 0.00144727

0.000924609 0.0014499
0.000925854 0.00144727

0.000933621 0.00142969
0.000931118 0.00143555

0.000930469 0.00143701
0.000931114 0.00143555

0.000942187 0.00140786
0.000942786 0.00140625

0.000923086 0.00145312
0.000920232 0.00145898

0.00091875 0.00146194
0.000920237 0.00145898

0.000147633 0.0015
0.000148983 0.00150586

0.000148969 0.00150586
0.000150451 0.00151172

0.000150462 0.00151172
0.000151172 0.0015143

0.000151172 0.00151426
0.000152084 0.00151758

0.000152112 0.00151758
0.000153756 0.00152344

0.00015371 0.00152344
0.000155414 0.0015293

0.000155404 0.0015293
0.000157031 0.00153437

0.000157031 0.00153437
0.000157283 0.00153516

0.000157345 0.00153516
0.000159294 0.00154102

0.000159238 0.00154102
0.000161245 0.00154687

0.000161238 0.00154687
0.000162891 0.00155129

0.000162891 0.00155128
0.000163436 0.00155273

0.000163485 0.00155273
0.000165763 0.00155859

0.000165706 0.00155859
0.000168078 0.00156445

0.000168077 0.00156445
0.00016875 0.00156601

0.00016875 0.00156593
0.00017064 0.00157031

0.000170618 0.00157031
0.000173273 0.00157617

0.000173263 0.00157617
0.000174609 0.00157898

0.000174609 0.00157894
0.00017609 0.00158203

0.000176088 0.00158203
0.000179031 0.00158789

0.000179008 0.00158789
0.000180469 0.00159066

0.000180469 0.00159062
0.00018212 0.00159375

0.000182106 0.00159375
0.000185368 0.00159961

0.000185346 0.00159961
0.000186328 0.00160129

0.000186328 0.00160122
0.000188813 0.00160547

0.000188781 0.00160547
0.000192187 0.00161097

0.000192187 0.00161096
0.000192408 0.00161133

0.000192436 0.00161133
0.00019625 0.00161719

0.000196196 0.00161719
0.000198047 0.00161991

0.000198047 0.00161982
0.000200246 0.00162305

0.000200218 0.00162305
0.000203906 0.00162814

0.000203906 0.00162813
0.000204466 0.00162891

0.000204469 0.00162891
0.000208948 0.00163477

0.000208939 0.00163477
0.000209766 0.00163582

0.000209766 0.00163578
0.000213656 0.00164062

0.000213657 0.00164062
0.000215625 0.00164301

0.000215625 0.00164295
0.000218596 0.00164648

0.000218623 0.00164648
0.000221484 0.00164975

0.000221484 0.00164973
0.000223844 0.00165234

0.000223877 0.00165234
0.000227344 0.00165604

0.000227344 0.00165604
0.000229441 0.0016582

0.000229459 0.0016582
0.000233203 0.00166193

0.000233203 0.00166194
0.000235409 0.00166406

0.000235404 0.00166406
0.000239062 0.00166747

0.000239062 0.0016675
0.000241746 0.00166992

0.000241736 0.00166992
0.000244922 0.00167272

0.000244922 0.00167278
0.000248463 0.00167578

0.000248473 0.00167578
0.000250781 0.0016777

0.000250781 0.00167775
0.000255589 0.00168164

0.000255602 0.00168164
0.000256641 0.00168246

0.000256641 0.00168248
0.0002625 0.00168697

0.0002625 0.00168698
0.000263208 0.0016875

0.00026324 0.0016875
0.000268359 0.00169123

0.000268359 0.00169127
0.000271382 0.00169336

0.000271483 0.00169336
0.000274219 0.00169524

0.000274219 0.00169528
0.000280078 0.00169911

0.000280078 0.00169912
0.000280239 0.00169922

0.000280267 0.00169922
0.000285937 0.00170274

0.000285937 0.00170276
0.00028988 0.00170508

0.00028993 0.00170508
0.000291797 0.00170618

0.000291797 0.00170619
0.000297656 0.00170946

0.000297656 0.00170947
0.00030041 0.00171094

0.000300467 0.00171094
0.000303516 0.00171256

0.000303516 0.00171257
0.000309375 0.00171552

0.000309375 0.00171554
0.000312007 0.0017168

0.000312055 0.0017168
0.000315234 0.00171832

0.000315234 0.00171832
0.000321094 0.00172099

0.000321094 0.001721
0.000324924 0.00172266

0.000324951 0.00172266
0.000326953 0.00172352

0.000326953 0.00172352
0.000332812 0.00172592

0.000332812 0.00172593
0.000338672 0.0017282

0.000338672 0.0017282
0.000339532 0.00172852

0.000339568 0.00172852
0.000344531 0.00173033

0.000344531 0.00173033
0.000350391 0.00173235

0.000350391 0.00173235
0.00035625 0.00173426

0.00035625 0.00173426
0.000356634 0.00173437

0.00035666 0.00173437
0.000362109 0.00173603

0.000362109 0.00173603
0.000367969 0.00173771

0.000367969 0.00173771
0.000373828 0.00173928

0.000373828 0.00173928
0.000377638 0.00174023

0.000377653 0.00174023
0.000379687 0.00174074

0.000379687 0.00174074
0.000385547 0.00174211

0.000385547 0.00174211
0.000391406 0.00174338

0.000391406 0.00174338
0.000397266 0.00174455

0.000397266 0.00174455
0.000403125 0.00174562

0.000403125 0.00174562
0.000405976 0.00174609

0.000405999 0.00174609
0.000408984 0.00174659

0.000408984 0.00174659
0.000414844 0.00174748

0.000414844 0.00174748
0.000420703 0.00174827

0.000420703 0.00174827
0.000426562 0.00174897

0.000426562 0.00174897
0.000432422 0.00174958

0.000432422 0.00174958
0.000438281 0.00175011

0.000438281 0.00175011
0.000444141 0.00175055

0.000444141 0.00175055
0.00045 0.0017509

0.00045 0.0017509
0.000455859 0.00175117

0.000455859 0.00175117
0.000461719 0.00175136

0.000461719 0.00175136
0.000467578 0.00175146

0.000467578 0.00175146
0.000473437 0.00175149

0.000473438 0.00175149
0.000479297 0.00175143

0.000479297 0.00175143
0.000485156 0.00175129

0.000485156 0.00175129
0.000491016 0.00175107

0.000491016 0.00175107
0.000496875 0.00175076

0.000496875 0.00175076
0.000502734 0.00175038

0.000502734 0.00175038
0.000508594 0.00174992

0.000508594 0.00174992
0.000514453 0.00174938

0.000514453 0.00174938
0.000520312 0.00174876

0.000520313 0.00174876
0.000526172 0.00174807

0.000526172 0.00174807
0.000532031 0.00174729

0.00054375 0.0017455
0.00054003 0.00174609

0.000532031 0.00174729
0.000537891 0.00174644

0.000537891 0.00174644
0.000540042 0.00174609

0.00054375 0.0017455
0.000549609 0.00174449

0.000549609 0.00174449
0.000555469 0.00174339

0.000555469 0.00174339
0.000561328 0.00174222

0.000561328 0.00174222
0.000567187 0.00174097

0.000573047 0.00173963
0.000570397 0.00174023

0.000567188 0.00174097
0.000570423 0.00174023

0.000573047 0.00173963
0.000578906 0.00173822

0.000578906 0.00173822
0.000584766 0.00173673

0.000584766 0.00173673
0.000590625 0.00173515

0.000596484 0.0017335
0.000593375 0.00173437

0.000596484 0.0017335
0.000602344 0.00173176

0.000602344 0.00173176
0.000608203 0.00172994

0.000614062 0.00172803
0.000612564 0.00172852

0.000608203 0.00172995
0.000612608 0.00172852

0.000614063 0.00172804
0.000619922 0.00172605

0.000619922 0.00172605
0.000625781 0.00172398

0.000631641 0.00172182
0.000629366 0.00172266

0.000631641 0.00172183
0.0006375 0.00171959

0.000625781 0.00172399
0.000629403 0.00172266

0.000590625 0.00173516
0.0005934 0.00173437

0.000707812 0.00168571
0.000704669 0.0016875

0.000707812 0.00168572
0.000713672 0.00168228

0.000719531 0.00167873
0.000714714 0.00168164

0.000713672 0.00168228
0.000714737 0.00168164

0.000725391 0.00167506
0.000724229 0.00167578

0.000725391 0.00167508
0.00073125 0.00167132

0.000719531 0.00167874
0.000724286 0.00167578

0.000778125 0.0016371
0.000773747 0.00164062

0.000742969 0.00166346
0.000742072 0.00166406

0.000742969 0.00166349
0.000748828 0.00165939

0.000754688 0.00165518
0.000750482 0.0016582

0.000748828 0.00165939
0.000750529 0.0016582

0.000737109 0.00166746
0.000733372 0.00166992

0.00073125 0.00167133
0.000733406 0.00166992

0.000737109 0.00166748
0.000742142 0.00166406

0.000760547 0.00165085
0.000758493 0.00165234

0.000766406 0.00164636
0.000766245 0.00164648

0.000760547 0.00165087
0.000766315 0.00164648

0.000754687 0.0016552
0.000758559 0.00165234

0.000766406 0.00164641
0.000772266 0.00164182

0.000772266 0.00164182
0.000773778 0.00164062

0.000801563 0.00161678
0.000801114 0.00161719

0.000789844 0.00162723
0.000787881 0.00162891

0.000783984 0.00163226
0.000780913 0.00163477

0.000778125 0.00163709
0.000780996 0.00163477

0.000783984 0.00163225
0.000787945 0.00162891

0.000795703 0.00162208
0.000794608 0.00162305

0.000789844 0.00162727
0.000794659 0.00162305

0.000795703 0.00162212
0.000801162 0.00161719

0.000801562 0.00161682
0.000807422 0.00161136

0.000813281 0.00160574
0.000807461 0.00161133

0.000807422 0.00161137
0.000807461 0.00161133

0.000819141 0.00159995
0.000813558 0.00160547

0.000825 0.00159397
0.000819475 0.00159961

0.000819141 0.00159995
0.000819475 0.00159961

0.000813281 0.00160574
0.000813561 0.00160547

0.000660937 0.00170975
0.000658248 0.00171094

0.0006375 0.00171959
0.000643359 0.00171726

0.000649219 0.00171485
0.000644483 0.0017168

0.000643359 0.00171727
0.000644497 0.0017168

0.000649219 0.00171485
0.000655078 0.00171234

0.000655078 0.00171235
0.000658282 0.00171094

0.000660938 0.00170976
0.000666797 0.00170708

0.000672656 0.00170429
0.000670994 0.00170508

0.000666797 0.00170708
0.00067104 0.00170508

0.000684375 0.00169847
0.000682898 0.00169922

0.000672656 0.00170431
0.000678516 0.00170144

0.000678516 0.00170145
0.000682946 0.00169922

0.000684375 0.00169849
0.000690234 0.00169544

0.000696094 0.00169228
0.00069409 0.00169336

0.000690234 0.00169545
0.000694132 0.00169336

0.000696094 0.0016923
0.000701953 0.00168905

0.000701953 0.00168907
0.000704701 0.0016875

0.000866016 0.0015462
0.000865506 0.00154687

0.000871875 0.00153836
0.000869936 0.00154102

0.000866016 0.00154621
0.000869933 0.00154102

0.000848438 0.00156804
0.000846522 0.00157031

0.000836719 0.00158141
0.000836161 0.00158203

0.000830859 0.00158778
0.000830753 0.00158789

0.000830777 0.00158789
0.00082521 0.00159375

0.000830859 0.0015878
0.00083618 0.00158203

0.000842578 0.00157484
0.000841414 0.00157617

0.000836719 0.00158143
0.000841427 0.00157617

0.000842578 0.00157485
0.000846518 0.00157031

0.000860156 0.00155375
0.000856285 0.00155859

0.000854297 0.001561
0.000851481 0.00156445

0.000848437 0.00156807
0.000851453 0.00156445

0.000854297 0.00156104
0.000856269 0.00155859

0.000865511 0.00154687
0.000860963 0.00155273

0.000860156 0.00155376
0.000860959 0.00155273

0.000883594 0.00152176
0.000882476 0.00152344

0.000895312 0.00150373
0.000893994 0.00150586

0.000893999 0.00150586
0.000890266 0.00151172

0.000889453 0.00151296
0.000886426 0.00151758

0.000883594 0.00152178
0.000886429 0.00151758

0.000889453 0.00151298
0.00089026 0.00151172

0.000877734 0.00153025
0.000874232 0.00153516

0.000882475 0.00152344
0.000878411 0.0015293

0.000877734 0.00153026
0.000878405 0.0015293

0.000871875 0.00153838
0.000874231 0.00153516

0.000895312 0.00150374
0.000897629 0.0015

0.000825 0.00159397
0.000825211 0.00159375

