0.000932655 0
0.000932657 5.85937e-06

0.000932657 5.85938e-06
0.000932663 1.17187e-05

0.000932663 1.17187e-05
0.000932673 1.75781e-05

0.000932673 1.75781e-05
0.000932687 2.34375e-05

0.000932687 2.34375e-05
0.000932705 2.92969e-05

0.000932705 2.92969e-05
0.000932727 3.51562e-05

0.000932727 3.51562e-05
0.000932753 4.10156e-05

0.000932753 4.10156e-05
0.000932783 4.6875e-05

0.000932783 4.6875e-05
0.000932816 5.27344e-05

0.000932816 5.27344e-05
0.000932853 5.85937e-05

0.000932853 5.85937e-05
0.000932894 6.44531e-05

0.000932894 6.44531e-05
0.000932939 7.03125e-05

0.000932939 7.03125e-05
0.000932987 7.61719e-05

0.000932987 7.61719e-05
0.000933039 8.20312e-05

0.000933039 8.20312e-05
0.000933094 8.78906e-05

0.000933094 8.78906e-05
0.000933152 9.375e-05

0.000933152 9.375e-05
0.000933214 9.96094e-05

0.000933214 9.96094e-05
0.00093328 0.000105469

0.00093328 0.000105469
0.000933349 0.000111328

0.000933349 0.000111328
0.000933421 0.000117187

0.000933421 0.000117187
0.000933496 0.000123047

0.000933496 0.000123047
0.000933574 0.000128906

0.000933574 0.000128906
0.000933655 0.000134766

0.000933655 0.000134766
0.00093374 0.000140625

0.00093374 0.000140625
0.000933827 0.000146484

0.000933827 0.000146484
0.000933917 0.000152344

0.000933917 0.000152344
0.000934009 0.000158203

0.000934009 0.000158203
0.000934104 0.000164062

0.000934105 0.000164062
0.000934202 0.000169922

0.000934202 0.000169922
0.000934302 0.000175781

0.000934302 0.000175781
0.000934405 0.000181641

0.000934405 0.000181641
0.00093451 0.0001875

0.00093451 0.0001875
0.000934616 0.000193359

0.000934616 0.000193359
0.000934725 0.000199219

0.000934725 0.000199219
0.000934836 0.000205078

0.000934836 0.000205078
0.000934948 0.000210937

0.000934948 0.000210937
0.000935062 0.000216797

0.000935062 0.000216797
0.000935178 0.000222656

0.000935178 0.000222656
0.000935294 0.000228516

0.000935294 0.000228516
0.000935412 0.000234375

0.000935412 0.000234375
0.000935531 0.000240234

0.000935531 0.000240234
0.000935651 0.000246094

0.000935652 0.000246094
0.000935772 0.000251953

0.000935772 0.000251953
0.000935894 0.000257812

0.000935894 0.000257812
0.000936016 0.000263672

0.000936016 0.000263672
0.000936138 0.000269531

0.000936138 0.000269531
0.000936261 0.000275391

0.000936261 0.000275391
0.000936328 0.000278609

0.000936328 0.000278609
0.000936383 0.00028125

0.000936383 0.00028125
0.000936506 0.000287109

0.000936506 0.000287109
0.000936628 0.000292969

0.000936628 0.000292969
0.00093675 0.000298828

0.00093675 0.000298828
0.000936871 0.000304687

0.000936871 0.000304687
0.000936991 0.000310547

0.000936991 0.000310547
0.000937111 0.000316406

0.000937111 0.000316406
0.000937229 0.000322266

0.000937229 0.000322266
0.000937346 0.000328125

0.000937346 0.000328125
0.000937462 0.000333984

0.000937462 0.000333984
0.000937576 0.000339844

0.000937576 0.000339844
0.000937688 0.000345703

0.000937689 0.000345703
0.000937799 0.000351562

0.000937799 0.000351562
0.000937907 0.000357422

0.000937907 0.000357422
0.000938013 0.000363281

0.000938013 0.000363281
0.000938116 0.000369141

0.000938116 0.000369141
0.000938217 0.000375

0.000938217 0.000375
0.000938315 0.000380859

0.000938315 0.000380859
0.000938409 0.000386719

0.000938409 0.000386719
0.000938501 0.000392578

0.000938501 0.000392578
0.000938589 0.000398437

0.000938589 0.000398437
0.000938673 0.000404297

0.000938673 0.000404297
0.000938754 0.000410156

0.000938754 0.000410156
0.00093883 0.000416016

0.00093883 0.000416016
0.000938902 0.000421875

0.000938902 0.000421875
0.00093897 0.000427734

0.00093897 0.000427734
0.000939033 0.000433594

0.000939033 0.000433594
0.000939091 0.000439453

0.000939091 0.000439453
0.000939145 0.000445312

0.000939145 0.000445312
0.000939193 0.000451172

0.000939193 0.000451172
0.000939235 0.000457031

0.000939235 0.000457031
0.000939272 0.000462891

0.000939272 0.000462891
0.000939303 0.00046875

0.000939303 0.00046875
0.000939328 0.000474609

0.000939328 0.000474609
0.000939347 0.000480469

0.000939347 0.000480469
0.000939359 0.000486328

0.00093936 0.000486328
0.000939365 0.000492187

0.000939365 0.000492187
0.000939364 0.000498047

0.000939364 0.000498047
0.000939356 0.000503906

0.000939356 0.000503906
0.000939341 0.000509766

0.000939341 0.000509766
0.000939319 0.000515625

0.000939319 0.000515625
0.000939289 0.000521484

0.000939289 0.000521484
0.000939251 0.000527344

0.000939251 0.000527344
0.000939206 0.000533203

0.000939206 0.000533203
0.000939152 0.000539062

0.000939152 0.000539062
0.00093909 0.000544922

0.00093909 0.000544922
0.00093902 0.000550781

0.00093902 0.000550781
0.000938941 0.000556641

0.000938941 0.000556641
0.000938853 0.0005625

0.000938853 0.0005625
0.000938757 0.000568359

0.000938757 0.000568359
0.000938651 0.000574219

0.000938651 0.000574219
0.000938536 0.000580078

0.000938536 0.000580078
0.000938412 0.000585937

0.000938412 0.000585937
0.000938278 0.000591797

0.000938278 0.000591797
0.000938135 0.000597656

0.000938135 0.000597656
0.000937982 0.000603516

0.000937982 0.000603516
0.000937819 0.000609375

0.000937819 0.000609375
0.000937646 0.000615234

0.000937646 0.000615234
0.000937462 0.000621094

0.000937462 0.000621094
0.000937269 0.000626953

0.000937269 0.000626953
0.000937065 0.000632812

0.000937065 0.000632812
0.00093685 0.000638672

0.00093685 0.000638672
0.000936625 0.000644531

0.000936328 0.000651858
0.000936143 0.00065625

0.000936625 0.000644531
0.00093639 0.000650391

0.000936328 0.000651858
0.00093639 0.000650391

0.000936143 0.00065625
0.000935885 0.000662109

0.000935885 0.000662109
0.000935617 0.000667969

0.000935617 0.000667969
0.000935337 0.000673828

0.000935337 0.000673828
0.000935047 0.000679687

0.000935047 0.000679687
0.000934745 0.000685547

0.000934745 0.000685547
0.000934432 0.000691406

0.000934432 0.000691406
0.000934107 0.000697266

0.000934107 0.000697266
0.000933772 0.000703125

0.000933772 0.000703125
0.000933424 0.000708984

0.000933424 0.000708984
0.000933066 0.000714844

0.000933066 0.000714844
0.000932696 0.000720703

0.000932696 0.000720703
0.000932315 0.000726562

0.000932315 0.000726562
0.000931922 0.000732422

0.000931922 0.000732422
0.000931518 0.000738281

0.000931517 0.000738281
0.000931102 0.000744141

0.000931102 0.000744141
0.000930675 0.00075

0.000825 0.00144151
0.000824032 0.00144727

0.000824026 0.00144727
0.000823036 0.00145312

0.000823034 0.00145312
0.000822053 0.00145898

0.000822051 0.00145898
0.000821087 0.00146484

0.000821085 0.00146484
0.000820144 0.0014707

0.00082015 0.0014707
0.000819227 0.00147656

0.000819141 0.00147714
0.000818304 0.00148242

0.000818298 0.00148242
0.000817367 0.00148828

0.000819141 0.00147714
0.000819232 0.00147656

0.000817364 0.00148828
0.000816445 0.00149414

0.000816444 0.00149414
0.000815543 0.0015

0.00091875 0.000875937
0.000918409 0.000878906

0.000918409 0.000878906
0.000917725 0.000884766

0.000917724 0.000884766
0.00091703 0.000890625

0.00091703 0.000890625
0.000916326 0.000896484

0.000916326 0.000896484
0.000915612 0.000902344

0.000915612 0.000902344
0.000914888 0.000908203

0.000914888 0.000908203
0.000914155 0.000914062

0.000912891 0.000924008
0.000912663 0.000925781

0.000914155 0.000914062
0.000913414 0.000919922

0.000912891 0.000924008
0.000913415 0.000919922

0.000912662 0.000925781
0.000911898 0.000931641

0.000911898 0.000931641
0.000911124 0.0009375

0.000930469 0.000752759
0.000930237 0.000755859

0.000930236 0.000755859
0.000929785 0.000761719

0.000929785 0.000761719
0.000929323 0.000767578

0.000929323 0.000767578
0.000928849 0.000773437

0.000930469 0.000752759
0.000930675 0.00075

0.000928849 0.000773437
0.000928364 0.000779297

0.000928364 0.000779297
0.000927867 0.000785156

0.000927867 0.000785156
0.00092736 0.000791016

0.000927359 0.000791016
0.00092684 0.000796875

0.00092684 0.000796875
0.00092631 0.000802734

0.00092631 0.000802734
0.000925768 0.000808594

0.000925768 0.000808594
0.000925216 0.000814453

0.000925216 0.000814453
0.000924653 0.000820312

0.000924609 0.000820755
0.000924077 0.000826172

0.000924077 0.000826172
0.000923489 0.000832031

0.000924609 0.000820755
0.000924653 0.000820312

0.000923489 0.000832031
0.000922891 0.000837891

0.000922891 0.000837891
0.000922283 0.00084375

0.000922283 0.00084375
0.000921663 0.000849609

0.000921663 0.000849609
0.000921033 0.000855469

0.000921033 0.000855469
0.000920392 0.000861328

0.000920392 0.000861328
0.000919741 0.000867187

0.000919741 0.000867187
0.000919081 0.000873047

0.00091875 0.000875937
0.000919082 0.000873047

0.000911124 0.0009375
0.000910341 0.000943359

0.000910341 0.000943359
0.00090955 0.000949219

0.000909549 0.000949219
0.00090875 0.000955078

0.000908749 0.000955078
0.000907942 0.000960937

0.000907031 0.000967482
0.000906301 0.000972656

0.0009063 0.000972656
0.000905462 0.000978516

0.000905462 0.000978516
0.000904616 0.000984375

0.000907943 0.000960937
0.000907127 0.000966797

0.000907031 0.000967483
0.000907128 0.000966797

0.000904616 0.000984375
0.000903763 0.000990234

0.000903763 0.000990234
0.000902902 0.000996094

0.000901172 0.00100776
0.000901164 0.00100781

0.000902902 0.000996094
0.000902036 0.00100195

0.000901172 0.00100776
0.000902037 0.00100195

0.000901164 0.00100781
0.000900278 0.00101367

0.000900277 0.00101367
0.000899381 0.00101953

0.000899381 0.00101953
0.000898479 0.00102539

0.000898479 0.00102539
0.00089757 0.00103125

0.000895312 0.00104568
0.000894813 0.00104883

0.000894812 0.00104883
0.000893873 0.00105469

0.000893872 0.00105469
0.000892926 0.00106055

0.000892925 0.00106055
0.000891974 0.00106641

0.000891974 0.00106641
0.000891018 0.00107227

0.000891018 0.00107227
0.00089006 0.00107812

0.00089757 0.00103125
0.000896656 0.00103711

0.000896657 0.00103711
0.000895738 0.00104297

0.000895312 0.00104568
0.000895741 0.00104297

0.000889453 0.00108183
0.000889097 0.00108398

0.000889096 0.00108398
0.000888118 0.00108984

0.000889453 0.00108182
0.000890063 0.00107812

0.000888117 0.00108984
0.000887131 0.0010957

0.000887131 0.0010957
0.000886142 0.00110156

0.000883594 0.0011166
0.000883161 0.00111914

0.000883159 0.00111914
0.000882147 0.001125

0.000886141 0.00110156
0.00088515 0.00110742

0.000885149 0.00110742
0.000884157 0.00111328

0.000883594 0.0011166
0.000884161 0.00111328

0.000871875 0.00118326
0.000871815 0.00118359

0.000871815 0.00118359
0.000870759 0.00118945

0.000870756 0.00118945
0.000869691 0.00119531

0.00086969 0.00119531
0.000868623 0.00120117

0.000868622 0.00120117
0.000867558 0.00120703

0.000866016 0.00121558
0.000865438 0.00121875

0.000867557 0.00120703
0.000866498 0.00121289

0.000866016 0.00121558
0.000866504 0.00121289

0.000882146 0.001125
0.000881127 0.00113086

0.000881127 0.00113086
0.000880106 0.00113672

0.000880105 0.00113672
0.000879084 0.00114258

0.000879085 0.00114258
0.000878064 0.00114844

0.000877734 0.00115033
0.000877038 0.0011543

0.000877035 0.0011543
0.000875994 0.00116016

0.000877734 0.00115033
0.000878068 0.00114844

0.000875993 0.00116016
0.000874947 0.00116602

0.000874946 0.00116602
0.000873899 0.00117187

0.000873898 0.00117187
0.000872855 0.00117773

0.000871875 0.00118325
0.000872859 0.00117773

0.000865436 0.00121875
0.000864357 0.00122461

0.000864355 0.00122461
0.000863272 0.00123047

0.000863271 0.00123047
0.000862191 0.00123633

0.000862189 0.00123633
0.000861116 0.00124219

0.000860156 0.00124747
0.00086005 0.00124805

0.000860051 0.00124805
0.000858968 0.00125391

0.000858965 0.00125391
0.000857873 0.00125977

0.000857871 0.00125977
0.00085678 0.00126562

0.000860156 0.00124747
0.000861121 0.00124219

0.000848438 0.00131076
0.000848119 0.0013125

0.000856778 0.00126563
0.000855695 0.00127148

0.000855696 0.00127148
0.000854621 0.00127734

0.000854297 0.00127914
0.000853547 0.0012832

0.000853543 0.0012832
0.00085245 0.00128906

0.000854297 0.00127914
0.000854628 0.00127734

0.000852447 0.00128906
0.000851352 0.00129492

0.00085135 0.00129492
0.000850262 0.00130078

0.00085026 0.00130078
0.000849184 0.00130664

0.000848437 0.00131076
0.000849192 0.00130664

0.000848118 0.0013125
0.000847031 0.00131836

0.000847028 0.00131836
0.000845935 0.00132422

0.000845933 0.00132422
0.000844846 0.00133008

0.000844843 0.00133008
0.000843769 0.00133594

0.000842578 0.00134255
0.000841644 0.00134766

0.000843773 0.00133594
0.00084271 0.0013418

0.000842578 0.00134255
0.000842715 0.0013418

0.00084164 0.00134766
0.000840558 0.00135352

0.000840555 0.00135352
0.000839476 0.00135937

0.000836719 0.00137471
0.000836317 0.00137695

0.000836315 0.00137695
0.000835255 0.00138281

0.000839474 0.00135937
0.000838405 0.00136523

0.000838404 0.00136523
0.000837354 0.00137109

0.000836719 0.0013747
0.000837364 0.00137109

0.000835252 0.00138281
0.000834189 0.00138867

0.000834187 0.00138867
0.000833134 0.00139453

0.000833131 0.00139453
0.000832096 0.00140039

0.000832099 0.00140039
0.00083108 0.00140625

0.000830859 0.00140756
0.000830065 0.00141211

0.00083006 0.00141211
0.000829027 0.00141797

0.000830859 0.00140756
0.000831088 0.00140625

0.000829024 0.00141797
0.000827995 0.00142383

0.000827993 0.00142383
0.000826979 0.00142969

0.000826976 0.00142969
0.000825984 0.00143555

0.00082599 0.00143555
0.000825013 0.00144141

0.000825 0.00144151
0.000825017 0.00144141

0.000813281 0.00151544
0.000812974 0.00151758

0.00081297 0.00151758
0.000812121 0.00152344

0.000815542 0.0015
0.000814663 0.00150586

0.000814662 0.00150586
0.000813809 0.00151172

0.000813281 0.00151544
0.000813819 0.00151172

0.000812117 0.00152344
0.000811278 0.0015293

0.000811277 0.0015293
0.000810458 0.00153516

0.000810458 0.00153516
0.000809661 0.00154102

0.00080966 0.00154102
0.000808885 0.00154687

0.000807422 0.00155849
0.000807409 0.00155859

0.000808883 0.00154687
0.000808134 0.00155273

0.000807422 0.00155849
0.00080814 0.00155273

0.000807409 0.00155859
0.000806681 0.00156445

0.000806677 0.00156445
0.000805961 0.00157031

0.00080596 0.00157031
0.000805267 0.00157617

0.000805267 0.00157617
0.0008046 0.00158203

0.0008046 0.00158203
0.000803956 0.00158789

0.000803956 0.00158789
0.000803335 0.00159375

0.000801563 0.00161212
0.000801108 0.00161719

0.000801104 0.00161719
0.000800601 0.00162305

0.000800601 0.00162305
0.000800128 0.00162891

0.000800128 0.00162891
0.000799686 0.00163477

0.000799686 0.00163477
0.000799275 0.00164062

0.000803335 0.00159375
0.00080274 0.00159961

0.000802738 0.00159961
0.000802172 0.00160547

0.000802175 0.00160547
0.000801633 0.00161133

0.000801562 0.00161213
0.000801634 0.00161133

0.000799275 0.00164062
0.000798895 0.00164648

0.000798894 0.00164648
0.000798546 0.00165234

0.000798546 0.00165234
0.000798231 0.0016582

0.00079823 0.0016582
0.000797949 0.00166406

0.000797949 0.00166406
0.000797703 0.00166992

0.000797703 0.00166992
0.000797493 0.00167578

0.000797493 0.00167578
0.000797321 0.00168164

0.000797321 0.00168164
0.000797189 0.0016875

0.000797188 0.0016875
0.000797097 0.00169336

0.000797096 0.00169336
0.000797047 0.00169922

0.000797046 0.00169922
0.00079704 0.00170508

0.00079704 0.00170508
0.000797079 0.00171094

0.000797079 0.00171094
0.000797166 0.0017168

0.000797165 0.0017168
0.000797301 0.00172266

0.000797301 0.00172266
0.000797489 0.00172852

0.000797488 0.00172852
0.000797729 0.00173437

0.000797729 0.00173437
0.000798026 0.00174023

0.000798025 0.00174023
0.00079838 0.00174609

0.00079838 0.00174609
0.000798797 0.00175195

0.000798798 0.00175195
0.000799279 0.00175781

0.00079928 0.00175781
0.000799821 0.00176367

0.000799822 0.00176367
0.00080042 0.00176953

0.000800416 0.00176953
0.000801077 0.00177539

0.000801062 0.00177539
0.000801563 0.00177924

0.000801562 0.00177926
0.000801821 0.00178125

0.000801836 0.00178125
0.000802706 0.00178711

0.000802714 0.00178711
0.000803651 0.00179297

0.000803653 0.00179297
0.000804639 0.00179883

0.000804629 0.00179883
0.00080568 0.00180469

0.000805662 0.00180469
0.000806833 0.00181055

0.000806829 0.00181055
0.000807422 0.00181315

0.000807422 0.00181315
0.000808163 0.00181641

0.000808214 0.00181641
0.000809622 0.00182227

0.000809588 0.00182227
0.000811035 0.00182812

0.000811013 0.00182812
0.000812614 0.00183398

0.00081262 0.00183398
0.000813281 0.00183617

0.000813281 0.00183613
0.000814406 0.00183984

0.000814436 0.00183984
0.000816293 0.0018457

0.000816243 0.0018457
0.000818213 0.00185156

0.00081821 0.00185156
0.000819141 0.00185408

0.000819141 0.00185403
0.000820396 0.00185742

0.000820417 0.00185742
0.000822712 0.00186328

0.000822661 0.00186328
0.000825 0.00186884

0.000825 0.00186885
0.000825122 0.00186914

0.000825177 0.00186914
0.000827807 0.001875

0.000827747 0.001875
0.000830559 0.00188086

0.000830567 0.00188086
0.000830859 0.00188143

0.000830859 0.00188134
0.000833629 0.00188672

0.000833575 0.00188672
0.000836719 0.00189242

0.000836719 0.00189242
0.000836806 0.00189258

0.000836852 0.00189258
0.000840308 0.00189844

0.000840252 0.00189844
0.000842578 0.00190214

0.000842578 0.00190209
0.000843963 0.0019043

0.000843954 0.0019043
0.000847929 0.00191016

0.000847928 0.00191016
0.000848438 0.00191089

0.000848437 0.00191085
0.000852176 0.00191602

0.000852163 0.00191602
0.000854297 0.00191884

0.000854297 0.00191876
0.000856697 0.00192187

0.000856679 0.00192187
0.000860156 0.00192607

0.000860156 0.00192606
0.000861572 0.00192773

0.000861557 0.00192773
0.000866016 0.00193271

0.000866016 0.0019327
0.000866838 0.00193359

0.000866834 0.00193359
0.000871875 0.00193883

0.000871875 0.00193882
0.000872503 0.00193945

0.000872501 0.00193945
0.000877734 0.00194451

0.000877734 0.00194452
0.00087859 0.00194531

0.000878612 0.00194531
0.000883594 0.0019498

0.000883594 0.00194983
0.000885169 0.00195117

0.000885217 0.00195117
0.000889453 0.00195472

0.000889453 0.00195478
0.000892342 0.00195703

0.000892391 0.00195703
0.000895312 0.00195928

0.000895312 0.00195933
0.000900191 0.00196289

0.000900196 0.00196289
0.000901172 0.00196358

0.000901172 0.00196359
0.000907031 0.00196758

0.000907031 0.0019676
0.00090882 0.00196875

0.00090888 0.00196875
0.000912891 0.00197132

0.000912891 0.00197134
0.000918327 0.00197461

0.000918332 0.00197461
0.00091875 0.00197485

0.00091875 0.00197485
0.000924609 0.00197815

0.000924609 0.00197816
0.000928987 0.00198047

0.000929037 0.00198047
0.000930469 0.00198122

0.000930469 0.00198123
0.000936328 0.00198411

0.000936328 0.00198412
0.000941117 0.00198633

0.000941146 0.00198633
0.000942187 0.00198681

0.000942187 0.00198681
0.000948047 0.00198933

0.000948047 0.00198933
0.000953906 0.00199169

0.000953906 0.0019917
0.000955211 0.00199219

0.000955252 0.00199219
0.000959766 0.00199388

0.000959766 0.00199388
0.000965625 0.00199593

0.000965625 0.00199593
0.000971484 0.00199783

0.000971484 0.00199784
0.000972183 0.00199805

0.000972211 0.00199805
0.000977344 0.00199959

0.000977344 0.00199959
0.000983203 0.00200121

0.000983203 0.00200121
0.000989062 0.00200271

0.000989062 0.0020027
0.000994222 0.00200391

0.000994235 0.00200391
0.000994922 0.00200407

0.000994922 0.00200407
0.00100078 0.00200531

0.00100078 0.00200531
0.00100664 0.00200645

0.00100664 0.00200645
0.0010125 0.00200746

0.0010125 0.00200746
0.00101836 0.00200836

0.00101836 0.00200836
0.00102422 0.00200915

0.00102422 0.00200915
0.00102952 0.00200977

0.00102953 0.00200977
0.00103008 0.00200983

0.00103008 0.00200983
0.00103594 0.00201041

0.00103594 0.00201041
0.0010418 0.00201089

0.0010418 0.00201089
0.00104766 0.00201126

0.00104766 0.00201126
0.00105352 0.00201154

0.00105352 0.00201154
0.00105937 0.00201172

0.00105937 0.00201172
0.00106523 0.0020118

0.00106523 0.0020118
0.00107109 0.00201179

0.00107109 0.00201179
0.00107695 0.00201169

0.00107695 0.00201169
0.00108281 0.00201149

0.00108281 0.00201149
0.00108867 0.0020112

0.00108867 0.0020112
0.00109453 0.00201082

0.00109453 0.00201082
0.00110039 0.00201035

0.00110039 0.00201036
0.00110625 0.0020098

0.00111211 0.00200915
0.00110654 0.00200977

0.00110625 0.0020098
0.00110655 0.00200977

0.00111211 0.00200915
0.00111797 0.00200841

0.00111797 0.00200841
0.00112383 0.00200759

0.00112383 0.00200759
0.00112969 0.00200668

0.00112969 0.00200668
0.00113555 0.00200568

0.00113555 0.00200568
0.00114141 0.0020046

0.00114727 0.00200342
0.00114484 0.00200391

0.00114727 0.00200343
0.00115312 0.00200217

0.00114141 0.0020046
0.00114488 0.00200391

0.00115312 0.00200217
0.00115898 0.00200082

0.00115898 0.00200082
0.00116484 0.00199939

0.0011707 0.00199786
0.00116999 0.00199805

0.00116484 0.00199939
0.00117005 0.00199805

0.0011707 0.00199787
0.00117656 0.00199627

0.00119414 0.00199093
0.00119019 0.00199219

0.00119414 0.00199093
0.0012 0.00198898

0.00117656 0.00199627
0.00118242 0.00199458

0.00118242 0.00199458
0.00118828 0.0019928

0.00118828 0.0019928
0.00119021 0.00199219

0.00129486 0
0.00129486 5.85937e-06

0.00129486 5.85938e-06
0.00129486 1.17187e-05

0.00129486 1.17187e-05
0.00129486 1.75781e-05

0.00129486 1.75781e-05
0.00129486 2.34375e-05

0.00129486 2.34375e-05
0.00129485 2.92969e-05

0.00129485 2.92969e-05
0.00129485 3.51562e-05

0.00129485 3.51562e-05
0.00129485 4.10156e-05

0.00129485 4.10156e-05
0.00129485 4.6875e-05

0.00129485 4.6875e-05
0.00129485 5.27344e-05

0.00129485 5.27344e-05
0.00129484 5.85937e-05

0.00129484 5.85937e-05
0.00129484 6.44531e-05

0.00129484 6.44531e-05
0.00129484 7.03125e-05

0.00129484 7.03125e-05
0.00129483 7.61719e-05

0.00129483 7.61719e-05
0.00129483 8.20312e-05

0.00129483 8.20312e-05
0.00129483 8.78906e-05

0.00129483 8.78906e-05
0.00129483 9.375e-05

0.00129483 9.375e-05
0.00129482 9.96094e-05

0.00129482 9.96094e-05
0.00129482 0.000105469

0.00129482 0.000105469
0.00129482 0.000111328

0.00129482 0.000111328
0.00129482 0.000117187

0.00129482 0.000117187
0.00129482 0.000123047

0.00129482 0.000123047
0.00129482 0.000128906

0.00129482 0.000128906
0.00129482 0.000134766

0.00129482 0.000134766
0.00129482 0.000140625

0.00129482 0.000140625
0.00129483 0.000146484

0.00129483 0.000146484
0.00129483 0.000152344

0.00129483 0.000152344
0.00129483 0.000158203

0.00129483 0.000158203
0.00129484 0.000164062

0.00129484 0.000164062
0.00129485 0.000169922

0.00129485 0.000169922
0.00129486 0.000175781

0.00129486 0.000175781
0.00129487 0.000181641

0.00129487 0.000181641
0.00129488 0.0001875

0.00129488 0.0001875
0.00129489 0.000193359

0.00129489 0.000193359
0.00129491 0.000199219

0.00129491 0.000199219
0.00129493 0.000205078

0.00129493 0.000205078
0.00129495 0.000210937

0.00129495 0.000210937
0.00129497 0.000216797

0.00129497 0.000216797
0.001295 0.000222656

0.001295 0.000222656
0.00129503 0.000228516

0.00129503 0.000228516
0.00129506 0.000234375

0.00129506 0.000234375
0.00129509 0.000240234

0.00129509 0.000240234
0.00129513 0.000246094

0.00129513 0.000246094
0.00129517 0.000251953

0.00129517 0.000251953
0.00129522 0.000257812

0.00129522 0.000257812
0.00129527 0.000263672

0.00129527 0.000263672
0.00129532 0.000269531

0.00129532 0.000269531
0.00129537 0.000275391

0.00129537 0.000275391
0.00129543 0.00028125

0.00129543 0.00028125
0.0012955 0.000287109

0.0012955 0.000287109
0.00129557 0.000292969

0.00129557 0.000292969
0.00129564 0.000298828

0.00129564 0.000298828
0.00129572 0.000304687

0.00129572 0.000304687
0.00129581 0.000310547

0.00129581 0.000310547
0.0012959 0.000316406

0.0012959 0.000316406
0.00129599 0.000322266

0.00129599 0.000322266
0.00129609 0.000328125

0.00129609 0.000328125
0.0012962 0.000333984

0.0012962 0.000333984
0.00129632 0.000339844

0.00129632 0.000339844
0.00129644 0.000345703

0.00129644 0.000345703
0.00129657 0.000351562

0.00129657 0.000351562
0.0012967 0.000357422

0.0012967 0.000357422
0.00129684 0.000363281

0.00129684 0.000363281
0.00129699 0.000369141

0.00129699 0.000369141
0.00129715 0.000375

0.00129715 0.000375
0.00129731 0.000380859

0.00129731 0.000380859
0.00129749 0.000386719

0.00129749 0.000386719
0.00129767 0.000392578

0.00129767 0.000392578
0.00129786 0.000398437

0.00129786 0.000398437
0.00129806 0.000404297

0.00129806 0.000404297
0.00129827 0.000410156

0.00129827 0.000410156
0.00129849 0.000416016

0.00129849 0.000416016
0.00129872 0.000421875

0.00129872 0.000421875
0.00129896 0.000427734

0.00129896 0.000427734
0.00129921 0.000433594

0.00129921 0.000433594
0.00129947 0.000439453

0.00129947 0.000439453
0.00129961 0.000442369

0.00129961 0.000442374
0.00129975 0.000445312

0.00129975 0.000445312
0.00130003 0.000451172

0.00130003 0.000451172
0.00130033 0.000457031

0.00130033 0.000457031
0.00130063 0.000462891

0.00130063 0.000462891
0.00130095 0.00046875

0.00130095 0.00046875
0.00130129 0.000474609

0.00130129 0.000474609
0.00130163 0.000480469

0.00130163 0.000480469
0.00130199 0.000486328

0.00130199 0.000486328
0.00130236 0.000492187

0.00130236 0.000492187
0.00130275 0.000498047

0.00130275 0.000498047
0.00130315 0.000503906

0.00130315 0.000503906
0.00130357 0.000509766

0.00130357 0.000509766
0.001304 0.000515625

0.001304 0.000515625
0.00130444 0.000521484

0.00130444 0.000521484
0.0013049 0.000527344

0.0013049 0.000527344
0.00130538 0.000533203

0.00130538 0.000533203
0.00130547 0.000534221

0.00130547 0.000534226
0.00130588 0.000539062

0.00130588 0.000539062
0.00130638 0.000544922

0.00130638 0.000544922
0.00130691 0.000550781

0.00130691 0.000550781
0.00130745 0.000556641

0.00130745 0.000556641
0.00130801 0.0005625

0.00130801 0.0005625
0.00130859 0.000568359

0.00130859 0.000568359
0.00130918 0.000574219

0.00130918 0.000574219
0.0013098 0.000580078

0.0013098 0.000580078
0.00131043 0.000585937

0.00131043 0.000585937
0.00131108 0.000591797

0.00131109 0.000591797
0.00131133 0.000593895

0.00131133 0.000593898
0.00131176 0.000597656

0.00131176 0.000597656
0.00131245 0.000603516

0.00131245 0.000603516
0.00131315 0.000609375

0.00131315 0.000609375
0.00131388 0.000615234

0.00131388 0.000615234
0.00131463 0.000621094

0.00131463 0.000621094
0.0013154 0.000626953

0.0013154 0.000626953
0.00131619 0.000632812

0.00131619 0.000632812
0.00131701 0.000638672

0.00131701 0.000638672
0.00131719 0.000639899

0.00131719 0.000639899
0.00131785 0.000644531

0.00131784 0.000644531
0.00131869 0.000650391

0.00131869 0.000650391
0.00131957 0.00065625

0.00131956 0.00065625
0.00132046 0.000662109

0.00132046 0.000662109
0.00132138 0.000667969

0.00132138 0.000667969
0.00132233 0.000673828

0.00132234 0.000673828
0.00132305 0.000678106

0.00132305 0.000678106
0.00132331 0.000679687

0.00132331 0.000679687
0.00132429 0.000685547

0.00132429 0.000685547
0.00132529 0.000691406

0.00132529 0.000691406
0.00132632 0.000697266

0.00132632 0.000697266
0.00132739 0.000703125

0.00132739 0.000703125
0.00132848 0.000708984

0.00132848 0.000708984
0.00132891 0.000711243

0.00132891 0.000711243
0.00132958 0.000714844

0.00132958 0.000714844
0.0013307 0.000720703

0.0013307 0.000720703
0.00133184 0.000726562

0.00133184 0.000726562
0.00133303 0.000732422

0.00133303 0.000732422
0.00133424 0.000738281

0.00133424 0.000738281
0.00133477 0.000740798

0.00133477 0.000740799
0.00133546 0.000744141

0.00133545 0.000744141
0.00133669 0.00075

0.00133669 0.00075
0.00133796 0.000755859

0.00133797 0.000755859
0.00133927 0.000761719

0.00133928 0.000761719
0.0013406 0.000767578

0.0013406 0.000767578
0.00134062 0.000767686

0.00134063 0.000767698
0.00134193 0.000773437

0.00134193 0.000773437
0.0013433 0.000779297

0.0013433 0.000779297
0.0013447 0.000785156

0.00134471 0.000785156
0.00134613 0.000791016

0.00134613 0.000791016
0.00134648 0.000792465

0.00134648 0.000792472
0.00134756 0.000796875

0.00134756 0.000796875
0.00134902 0.000802734

0.00134902 0.000802734
0.00135052 0.000808594

0.00135053 0.000808594
0.00135205 0.000814453

0.00135205 0.000814453
0.00135234 0.000815595

0.00135234 0.000815604
0.00135357 0.000820312

0.00135357 0.000820312
0.00135513 0.000826172

0.00135513 0.000826172
0.00135673 0.000832031

0.00135674 0.000832031
0.0013582 0.000837357

0.0013582 0.000837357
0.00135835 0.000837891

0.00135834 0.000837891
0.00135996 0.00084375

0.00135996 0.00084375
0.00136163 0.000849609

0.00136163 0.000849609
0.00136332 0.000855469

0.00136332 0.000855469
0.00136406 0.000858021

0.00136406 0.000858026
0.00136502 0.000861328

0.00136501 0.000861328
0.00136673 0.000867187

0.00136674 0.000867187
0.0013685 0.000873047

0.00136851 0.000873047
0.00136992 0.000877726

0.00136992 0.000877727
0.00137028 0.000878906

0.00137027 0.000878906
0.00137205 0.000884766

0.00137205 0.000884766
0.00137388 0.000890625

0.00137389 0.000890625
0.00137573 0.000896484

0.00137572 0.000896484
0.00137578 0.000896665

0.00137578 0.000896689
0.00137757 0.000902344

0.00137757 0.000902344
0.00137945 0.000908203

0.00137946 0.000908203
0.00138137 0.000914062

0.00138136 0.000914062
0.00138164 0.000914907

0.00138164 0.000914925
0.00138327 0.000919922

0.00138327 0.000919922
0.00138522 0.000925781

0.00138523 0.000925781
0.00138719 0.000931641

0.00138719 0.000931641
0.0013875 0.000932563

0.0013875 0.000932582
0.00138916 0.0009375

0.00138915 0.0009375
0.00139116 0.000943359

0.00139117 0.000943359
0.00139319 0.000949219

0.00139319 0.000949219
0.00139336 0.000949717

0.00139336 0.000949741
0.00139521 0.000955078

0.00139521 0.000955078
0.00139727 0.000960937

0.00139728 0.000960937
0.00139922 0.000966426

0.00139922 0.000966426
0.00139935 0.000966797

0.00139933 0.000966797
0.00140141 0.000972656

0.00140141 0.000972656
0.00140353 0.000978516

0.00140354 0.000978516
0.00140508 0.000982773

0.00140508 0.000982776
0.00140566 0.000984375

0.00140564 0.000984375
0.00140776 0.000990234

0.00140777 0.000990234
0.00140992 0.000996094

0.00140993 0.000996094
0.00141094 0.000998821

0.00141094 0.000998833
0.00141209 0.00100195

0.00141208 0.00100195
0.00141425 0.00100781

0.00141426 0.00100781
0.00141645 0.00101367

0.00141645 0.00101367
0.0014168 0.0010146

0.0014168 0.00101463
0.00141863 0.00101953

0.00141863 0.00101953
0.00142085 0.00102539

0.00142087 0.00102539
0.00142266 0.00103012

0.00142266 0.00103012
0.00142308 0.00103125

0.00142306 0.00103125
0.00142528 0.00103711

0.00142529 0.00103711
0.00142754 0.00104297

0.00142755 0.00104297
0.00142852 0.00104549

0.00142852 0.00104551
0.00142979 0.00104883

0.00142978 0.00104883
0.00143204 0.00105469

0.00143205 0.00105469
0.00143431 0.00106055

0.00143431 0.00106055
0.00143437 0.0010607

0.00143438 0.00106074
0.00143656 0.00106641

0.00143656 0.00106641
0.00143885 0.00107227

0.00143887 0.00107227
0.00144023 0.00107579

0.00144023 0.0010758
0.00144114 0.00107812

0.00144112 0.00107812
0.0014434 0.00108398

0.00144342 0.00108398
0.00144571 0.00108984

0.00144571 0.00108984
0.00144609 0.00109083

0.00144609 0.00109086
0.00144798 0.0010957

0.00144798 0.0010957
0.00145028 0.00110156

0.0014503 0.00110156
0.00145195 0.00110578

0.00145195 0.00110579
0.00145259 0.00110742

0.00145257 0.00110742
0.00145486 0.00111328

0.00145487 0.00111328
0.00145717 0.00111914

0.00145718 0.00111914
0.00145781 0.00112077

0.00145781 0.0011208
0.00145945 0.001125

0.00145945 0.001125
0.00146174 0.00113086

0.00146177 0.00113086
0.00146367 0.00113574

0.00146367 0.00113575
0.00146405 0.00113672

0.00146403 0.00113672
0.0014663 0.00114258

0.00146631 0.00114258
0.0014686 0.00114844

0.00146861 0.00114844
0.00146953 0.00115082

0.00146953 0.00115084
0.00147087 0.0011543

0.00147085 0.0011543
0.00147312 0.00116016

0.00147315 0.00116016
0.00147539 0.00116599

0.00147539 0.00116599
0.0014754 0.00116602

0.00147539 0.00116604
0.00147762 0.00117187

0.00147762 0.00117187
0.00147988 0.00117773

0.0014799 0.00117773
0.00148125 0.0011813

0.00148125 0.00118131
0.00148212 0.00118359

0.00148209 0.00118359
0.0014843 0.00118945

0.00148432 0.00118945
0.00148653 0.00119531

0.00148653 0.00119531
0.00148711 0.00119686

0.00148711 0.00119689
0.0014887 0.00120117

0.00148869 0.00120117
0.00149088 0.00120703

0.00149091 0.00120703
0.00149297 0.00121264

0.00149297 0.00121264
0.00149306 0.00121289

0.00149304 0.00121289
0.00149516 0.00121875

0.00149516 0.00121875
0.00149731 0.00122461

0.00149733 0.00122461
0.00149883 0.00122878

0.00149883 0.00122878
0.00149943 0.00123047

0.0014994 0.00123047
0.00150147 0.00123633

0.00150148 0.00123633
0.00150356 0.00124219

0.00150358 0.00124219
0.00150469 0.00124538

0.00150469 0.00124539
0.00150561 0.00124805

0.00150558 0.00124805
0.00150759 0.00125391

0.0015076 0.00125391
0.00150961 0.00125977

0.00150963 0.00125977
0.00151055 0.00126252

0.00151055 0.00126253
0.00151158 0.00126562

0.00151156 0.00126563
0.00151348 0.00127148

0.00151349 0.00127148
0.00151542 0.00127734

0.00151544 0.00127734
0.00151641 0.00128036

0.00151641 0.00128037
0.00151731 0.0012832

0.00151729 0.0012832
0.00151912 0.00128906

0.00151912 0.00128906
0.00152096 0.00129492

0.001521 0.00129492
0.00152227 0.00129909

0.00152227 0.00129909
0.00152278 0.00130078

0.00152275 0.00130078
0.00152447 0.00130664

0.00152446 0.00130664
0.0015262 0.0013125

0.00152623 0.0013125
0.00152792 0.00131836

0.00152791 0.00131836
0.00152812 0.00131913

0.00152812 0.00131914
0.00152952 0.00132422

0.00152951 0.00132422
0.0015311 0.00133008

0.00153109 0.00133008
0.00153269 0.00133594

0.00153272 0.00133594
0.00153398 0.00134076

0.00153398 0.00134075
0.00153426 0.0013418

0.00153423 0.0013418
0.00153568 0.00134766

0.00153567 0.00134766
0.00153709 0.00135352

0.00153708 0.00135352
0.0015385 0.00135937

0.00153853 0.00135937
0.00153984 0.00136503

0.00153984 0.00136502
0.00153989 0.00136523

0.00153988 0.00136523
0.00154116 0.00137109

0.00154116 0.00137109
0.00154238 0.00137695

0.00154238 0.00137695
0.00154357 0.00138281

0.00154357 0.00138281
0.00154474 0.00138867

0.00154476 0.00138867
0.0015457 0.00139366

0.0015457 0.00139366
0.00154587 0.00139453

0.00154586 0.00139453
0.0015469 0.00140039

0.00154689 0.00140039
0.00154787 0.00140625

0.00154787 0.00140625
0.0015488 0.00141211

0.0015488 0.00141211
0.00154968 0.00141797

0.00154968 0.00141797
0.0015505 0.00142383

0.0015505 0.00142383
0.00155128 0.00142969

0.00155128 0.00142969
0.00155156 0.00143198

0.00155156 0.00143198
0.001552 0.00143555

0.00155199 0.00143555
0.00155263 0.00144141

0.00155263 0.00144141
0.00155321 0.00144727

0.00155321 0.00144727
0.00155374 0.00145312

0.00155374 0.00145312
0.0015542 0.00145898

0.0015542 0.00145898
0.00155461 0.00146484

0.00155461 0.00146484
0.00155495 0.0014707

0.00155495 0.0014707
0.00155522 0.00147656

0.00155522 0.00147656
0.00155543 0.00148242

0.00155543 0.00148242
0.00155558 0.00148828

0.00155558 0.00148828
0.00155566 0.00149414

0.00155566 0.00149414
0.00155567 0.0015

0.0013875 0.0018745
0.00138697 0.001875

0.00155567 0.0015
0.00155561 0.00150586

0.00155561 0.00150586
0.00155549 0.00151172

0.00155549 0.00151172
0.0015553 0.00151758

0.0015553 0.00151758
0.00155504 0.00152344

0.00155504 0.00152344
0.0015547 0.0015293

0.0015547 0.0015293
0.0015543 0.00153516

0.0015543 0.00153516
0.00155383 0.00154102

0.00155383 0.00154102
0.00155329 0.00154687

0.00155156 0.00156175
0.00155121 0.00156445

0.00155122 0.00156445
0.0015504 0.00157031

0.0015504 0.00157031
0.00154949 0.00157617

0.00154949 0.00157617
0.00154851 0.00158203

0.00154851 0.00158203
0.00154744 0.00158789

0.00154744 0.00158789
0.0015463 0.00159375

0.00155329 0.00154687
0.00155267 0.00155273

0.00155267 0.00155273
0.00155197 0.00155859

0.00155156 0.00156176
0.00155197 0.00155859

0.00152812 0.00166003
0.0015267 0.00166406

0.00152671 0.00166406
0.00152456 0.00166992

0.00152456 0.00166992
0.00152233 0.00167578

0.00152227 0.00167591
0.00152 0.00168164

0.00152001 0.00168164
0.00151761 0.0016875

0.00152227 0.00167591
0.00152232 0.00167578

0.0015457 0.0015966
0.00154509 0.00159961

0.0015451 0.00159961
0.00154383 0.00160547

0.0015457 0.00159661
0.00154629 0.00159375

0.00154384 0.00160547
0.00154248 0.00161133

0.00154248 0.00161133
0.00154103 0.00161719

0.00153984 0.00162169
0.00153949 0.00162305

0.00153949 0.00162305
0.00153791 0.00162891

0.00153792 0.00162891
0.00153627 0.00163477

0.00153627 0.00163477
0.00153451 0.00164062

0.00153984 0.00162171
0.00154102 0.00161719

0.00153398 0.00164225
0.00153266 0.00164648

0.00153267 0.00164648
0.00153077 0.00165234

0.00153398 0.00164226
0.0015345 0.00164062

0.00153078 0.00165234
0.00152879 0.0016582

0.00152812 0.00166005
0.00152878 0.0016582

0.00146953 0.00177731
0.0014669 0.00178125

0.00147539 0.00176828
0.00147461 0.00176953

0.00148125 0.00175886
0.0014783 0.00176367

0.00147539 0.0017683
0.00147831 0.00176367

0.00147461 0.00176953
0.00147081 0.00177539

0.00146953 0.00177733
0.00147081 0.00177539

0.00143437 0.0018246
0.00143146 0.00182812

0.00141094 0.00185111
0.00141051 0.00185156

0.00139922 0.00186316
0.0013991 0.00186328

0.00139336 0.00186891
0.00139313 0.00186914

0.0013875 0.00187455
0.00139316 0.00186914

0.00139336 0.00186895
0.00139913 0.00186328

0.00140508 0.00185723
0.00140489 0.00185742

0.00139922 0.00186319
0.00140492 0.00185742

0.00140508 0.00185725
0.00141053 0.00185156

0.00142266 0.00183829
0.00142128 0.00183984

0.0014168 0.0018448
0.00141597 0.0018457

0.00141094 0.00185113
0.00141599 0.0018457

0.0014168 0.00184482
0.00142129 0.00183984

0.00142852 0.00183156
0.00142645 0.00183398

0.00142266 0.00183831
0.00142644 0.00183398

0.00142852 0.0018316
0.00143143 0.00182812

0.00145195 0.00180226
0.00145017 0.00180469

0.00145781 0.00179428
0.00145452 0.00179883

0.00145195 0.00180228
0.00145452 0.00179883

0.00144609 0.00180999
0.00144567 0.00181055

0.00144568 0.00181055
0.00144107 0.00181641

0.00144023 0.00181743
0.00143633 0.00182227

0.00143438 0.00182464
0.00143631 0.00182227

0.00144023 0.00181745
0.00144106 0.00181641

0.00144609 0.00181
0.00145016 0.00180469

0.00146367 0.00178595
0.00146289 0.00178711

0.00146289 0.00178711
0.00145876 0.00179297

0.00146367 0.00178597
0.00146691 0.00178125

0.00145781 0.0017943
0.00145875 0.00179297

0.00150469 0.001716
0.0015043 0.0017168

0.00150431 0.0017168
0.00150139 0.00172266

0.00149883 0.00172762
0.00149837 0.00172852

0.00149838 0.00172852
0.00149527 0.00173437

0.00149883 0.00172765
0.0015014 0.00172266

0.00151641 0.00169031
0.00151511 0.00169336

0.00151512 0.00169336
0.00151255 0.00169922

0.00151055 0.00170362
0.00150988 0.00170508

0.00150989 0.00170508
0.00150715 0.00171094

0.00151055 0.00170364
0.00151255 0.00169922

0.00151641 0.00169033
0.00151761 0.0016875

0.00150469 0.00171603
0.00150715 0.00171094

0.00149297 0.00173858
0.00149206 0.00174023

0.00149207 0.00174023
0.00148878 0.00174609

0.00148711 0.00174897
0.00148538 0.00175195

0.00148539 0.00175195
0.0014819 0.00175781

0.00148711 0.00174898
0.00148878 0.00174609

0.00149297 0.0017386
0.00149528 0.00173437

0.00148125 0.00175887
0.00148189 0.00175781

0.00125273 0.00196738
0.00124982 0.00196875

0.00125273 0.00196738
0.00125859 0.00196452

0.00126445 0.00196157
0.00126182 0.00196289

0.00125859 0.00196454
0.00126186 0.00196289

0.00126445 0.00196157
0.00127031 0.00195853

0.00127617 0.00195538
0.00127309 0.00195703

0.00127617 0.00195539
0.00128203 0.00195214

0.00127031 0.00195854
0.00127312 0.00195703

0.00128789 0.0019488
0.00128373 0.00195117

0.00128203 0.00195215
0.00128375 0.00195117

0.00128789 0.00194881
0.00129375 0.00194537

0.0012 0.00198898
0.00120586 0.00198694

0.00121172 0.00198481
0.00120753 0.00198633

0.00120586 0.00198694
0.00120755 0.00198633

0.00122344 0.00198026
0.00122291 0.00198047

0.00121172 0.0019848
0.00121758 0.00198259

0.00121758 0.00198259
0.00122297 0.00198047

0.00122344 0.00198028
0.0012293 0.00197788

0.0012293 0.00197788
0.00123516 0.0019754

0.00124102 0.00197281
0.00123694 0.00197461

0.00123516 0.0019754
0.00123696 0.00197461

0.00124102 0.00197281
0.00124687 0.00197014

0.00124687 0.00197015
0.00124985 0.00196875

0.00133477 0.00191827
0.00132974 0.00192187

0.00134062 0.00191394
0.00133779 0.00191602

0.00133477 0.00191828
0.00133785 0.00191602

0.00129961 0.00194181
0.00129382 0.00194531

0.00130547 0.00193815
0.00130338 0.00193945

0.00129961 0.00194183
0.00130343 0.00193945

0.00131719 0.00193054
0.00131256 0.00193359

0.00130547 0.00193817
0.00131133 0.00193441

0.00131133 0.00193441
0.0013126 0.00193359

0.00129375 0.00194537
0.00129384 0.00194531

0.00132305 0.00192656
0.00132129 0.00192773

0.00131719 0.00193056
0.00132136 0.00192773

0.00132305 0.00192658
0.00132891 0.00192248

0.00132891 0.00192248
0.00132978 0.00192187

0.00136406 0.00189536
0.00136032 0.00189844

0.00134648 0.00190946
0.00134556 0.00191016

0.00134648 0.0019095
0.00135234 0.00190492

0.00134063 0.00191396
0.00134563 0.00191016

0.0013582 0.0019002
0.00135311 0.0019043

0.00135234 0.00190492
0.00135313 0.0019043

0.0013582 0.0019002
0.00136038 0.00189844

0.00137578 0.00188522
0.00137407 0.00188672

0.00136992 0.00189036
0.0013673 0.00189258

0.00136406 0.00189535
0.00136739 0.00189258

0.00136992 0.00189038
0.00137414 0.00188672

0.00138164 0.00187994
0.00138062 0.00188086

0.00137578 0.00188526
0.00138068 0.00188086

0.00138164 0.00187998
0.00138702 0.001875

