0.00423057 0
0.00423122 5.85937e-06

0.00423115 5.85938e-06
0.00423323 1.17187e-05

0.00423314 1.17187e-05
0.00423516 1.48506e-05

0.00423516 1.48484e-05
0.00423701 1.75781e-05

0.0042371 1.75781e-05
0.00424102 2.13802e-05

0.00424102 2.16918e-05
0.00424376 2.34375e-05

0.00424455 2.34375e-05
0.00424687 2.48275e-05

0.00427031 2.33163e-05
0.00427004 2.34375e-05

0.00424687 2.49416e-05
0.00425273 2.67753e-05

0.00425273 2.67646e-05
0.00425859 2.71776e-05

0.00425859 2.71602e-05
0.00426445 2.62086e-05

0.00426445 2.63638e-05
0.00427031 2.37775e-05

0.00428203 9.1153e-06
0.00428113 1.17187e-05

0.00427617 1.90393e-05
0.004271 2.34375e-05

0.0042813 1.17187e-05
0.00427744 1.75781e-05

0.00427617 1.91487e-05
0.00427757 1.75781e-05

0.00428375 0
0.00428311 5.85937e-06

0.00428203 9.11806e-06
0.00428316 5.85938e-06

0.00427031 2.37804e-05
0.00427085 2.34375e-05

0.00445228 0
0.00445226 5.85937e-06

0.00445218 5.85938e-06
0.00445229 1.17187e-05

0.00445215 1.17187e-05
0.00445279 1.75781e-05

0.00445299 1.75781e-05
0.00445405 2.34375e-05

0.00445395 2.34375e-05
0.00445523 2.92969e-05

0.00445521 2.92969e-05
0.00445692 3.51562e-05

0.00445692 3.51562e-05
0.00445781 3.75481e-05

0.00446366 5.85938e-06
0.00446367 6.04128e-06

0.00446694 0
0.00446439 5.85937e-06

0.00446628 5.85938e-06
0.00446519 1.17187e-05

0.00446352 1.17187e-05
0.00446367 1.22083e-05

0.00446367 1.21311e-05
0.00446942 1.75781e-05

0.00446669 1.75781e-05
0.00446953 1.85718e-05

0.00446953 8.0917e-07
0.00447058 5.85937e-06

0.00447062 5.85938e-06
0.0044726 1.17187e-05

0.00447494 1.17187e-05
0.00447066 1.75781e-05

0.00446953 1.80623e-05
0.00447081 1.75781e-05

0.00445781 3.75856e-05
0.00445909 4.10156e-05

0.0044591 4.10156e-05
0.00446174 4.6875e-05

0.00446174 4.6875e-05
0.00446367 5.04989e-05

0.00446367 5.06234e-05
0.0044648 5.27344e-05

0.00446481 5.27344e-05
0.00446852 5.85937e-05

0.00446858 5.85937e-05
0.00446953 5.99418e-05

0.00446953 5.99633e-05
0.00447289 6.44531e-05

0.00447298 6.44531e-05
0.00447539 6.73518e-05

0.00447539 6.7407e-05
0.00447793 7.03125e-05

0.00447806 7.03125e-05
0.00448125 7.36078e-05

0.00448125 7.37845e-05
0.00448376 7.61719e-05

0.00448399 7.61719e-05
0.00448711 7.89378e-05

0.00448711 7.9186e-05
0.00449066 8.20312e-05

0.00449095 8.20312e-05
0.00449297 8.35657e-05

0.00449297 8.37975e-05
0.00449883 8.77705e-05

0.0044992 8.78906e-05
0.00450469 9.10663e-05

0.00450469 9.11568e-05
0.00451007 9.375e-05

0.00456328 9.26218e-05
0.0045609 9.375e-05

0.00456328 9.28111e-05
0.00456914 8.92509e-05

0.004575 8.47566e-05
0.0045708 8.78906e-05

0.00456914 8.94453e-05
0.00457137 8.78906e-05

0.0045103 9.375e-05
0.00451055 9.38671e-05

0.00451055 9.39158e-05
0.00451641 9.61365e-05

0.00451641 9.615e-05
0.00452227 9.78558e-05

0.00452227 9.78558e-05
0.00452813 9.90199e-05

0.00452812 9.9041e-05
0.00453386 9.96094e-05

0.00453984 9.95774e-05
0.00453527 9.96094e-05

0.00453398 9.96218e-05
0.0045358 9.96094e-05

0.00453984 9.95815e-05
0.0045457 9.89134e-05

0.00453984 9.96792e-05
0.00454046 9.96094e-05

0.0045457 9.89279e-05
0.00455156 9.75972e-05

0.00455156 9.76097e-05
0.00455742 9.55698e-05

0.00455742 9.5668e-05
0.00456147 9.375e-05

0.00462188 1.50741e-05
0.00462149 1.75781e-05

0.00462149 1.75781e-05
0.0046202 2.34375e-05

0.00462022 2.34375e-05
0.0046185 2.92969e-05

0.00461852 2.92969e-05
0.0046163 3.51562e-05

0.00461602 3.57785e-05
0.00461355 4.10156e-05

0.00461357 4.10156e-05
0.00461022 4.6875e-05

0.00461602 3.57248e-05
0.00461628 3.51562e-05

0.00459258 6.83054e-05
0.0045906 7.03125e-05

0.00459844 6.21134e-05
0.00459631 6.44531e-05

0.00459258 6.83061e-05
0.00459623 6.44531e-05

0.00458086 7.95483e-05
0.00457802 8.20312e-05

0.00458672 7.4093e-05
0.00458453 7.61719e-05

0.00458086 7.9738e-05
0.00458471 7.61719e-05

0.004575 8.49478e-05
0.00457848 8.20312e-05

0.00458672 7.41693e-05
0.00459061 7.03125e-05

0.0046043 5.51879e-05
0.00460159 5.85937e-05

0.00461016 4.69697e-05
0.00460622 5.27344e-05

0.0046043 5.5179e-05
0.00460615 5.27344e-05

0.00459844 6.2102e-05
0.00460148 5.85937e-05

0.00462309 0
0.00462291 5.85937e-06

0.00462292 5.85938e-06
0.00462239 1.17187e-05

0.00462187 1.50602e-05
0.00462239 1.17187e-05

0.00504069 0
0.0050409 5.85937e-06

0.0050409 5.85938e-06
0.00504153 1.17187e-05

0.00504153 1.17187e-05
0.00504259 1.75781e-05

0.00504259 1.75781e-05
0.00504375 2.20972e-05

0.00504375 2.21012e-05
0.00504409 2.34375e-05

0.00504408 2.34375e-05
0.00504605 2.92969e-05

0.00504605 2.92969e-05
0.00504853 3.51562e-05

0.00504852 3.51562e-05
0.00504961 3.72572e-05

0.00504961 3.72843e-05
0.00505154 4.10156e-05

0.00505152 4.10156e-05
0.00505517 4.6875e-05

0.00505523 4.6875e-05
0.00505547 4.72181e-05

0.00505547 4.73306e-05
0.0050595 5.27344e-05

0.00505959 5.27344e-05
0.00506133 5.47969e-05

0.00506133 5.48618e-05
0.00506465 5.85937e-05

0.00506482 5.85937e-05
0.00506719 6.09522e-05

0.00506719 6.11316e-05
0.00507093 6.44531e-05

0.00507112 6.44531e-05
0.00507305 6.60604e-05

0.00507305 6.62606e-05
0.00507855 7.03125e-05

0.00507879 7.03125e-05
0.00507891 7.03901e-05

0.00507891 7.04612e-05
0.00508477 7.41133e-05

0.00508477 7.42249e-05
0.00508843 7.61719e-05

0.00508879 7.61719e-05
0.00509062 7.71455e-05

0.00509062 7.72077e-05
0.00509648 7.98179e-05

0.00509648 7.98649e-05
0.00510234 8.20064e-05

0.00510234 8.20067e-05
0.00510243 8.20312e-05

0.00510261 8.20312e-05
0.0051082 8.36332e-05

0.0051082 8.36349e-05
0.00511406 8.49473e-05

0.00511406 8.49466e-05
0.00511992 8.58948e-05

0.00511992 8.58941e-05
0.00512578 8.64806e-05

0.00512578 8.64772e-05
0.00513164 8.67101e-05

0.00513164 8.67069e-05
0.0051375 8.65993e-05

0.0051375 8.65974e-05
0.00514336 8.61597e-05

0.00514336 8.61613e-05
0.00514922 8.53937e-05

0.00514922 8.5397e-05
0.00515508 8.42897e-05

0.00515508 8.4285e-05
0.00516094 8.2841e-05

0.0051668 8.10348e-05
0.00516351 8.20312e-05

0.0051668 8.10646e-05
0.00517266 7.89595e-05

0.00516094 8.28817e-05
0.00516374 8.20312e-05

0.00517266 7.89861e-05
0.00517852 7.65042e-05

0.00518437 7.36266e-05
0.0051791 7.61719e-05

0.00517852 7.65195e-05
0.00517924 7.61719e-05

0.00522539 4.39411e-05
0.00522195 4.6875e-05

0.00523125 3.88543e-05
0.00522867 4.10156e-05

0.00522539 4.3922e-05
0.00522884 4.10156e-05

0.00519023 7.03034e-05
0.00519022 7.03125e-05

0.00519609 6.6855e-05
0.00519044 7.03125e-05

0.00520781 5.8513e-05
0.00520771 5.85937e-05

0.00520195 6.28986e-05
0.00519963 6.44531e-05

0.00519609 6.69286e-05
0.0051998 6.44531e-05

0.00520195 6.2974e-05
0.00520781 5.86623e-05

0.00518437 7.36881e-05
0.00519023 7.04879e-05

0.00519023 7.04885e-05
0.00519054 7.03125e-05

0.00521367 5.39775e-05
0.00520786 5.85937e-05

0.00521953 4.90484e-05
0.00521513 5.27344e-05

0.00521367 5.39926e-05
0.00521521 5.27344e-05

0.00520781 5.86633e-05
0.0052079 5.85937e-05

0.00521953 4.90529e-05
0.00522208 4.6875e-05

0.00523711 3.40554e-05
0.00523564 3.51562e-05

0.00523711 3.41117e-05
0.00524297 3.02473e-05

0.00523125 3.88532e-05
0.00523595 3.51562e-05

0.00524883 2.74059e-05
0.00524473 2.92969e-05

0.00524297 3.01584e-05
0.00524484 2.92969e-05

0.00524883 2.74336e-05
0.00525469 2.6114e-05

0.00525469 2.61683e-05
0.00526055 2.60989e-05

0.00526055 2.61709e-05
0.00526641 2.70994e-05

0.00526641 2.71739e-05
0.00527227 2.8807e-05

0.00527227 2.88632e-05
0.0052735 2.92969e-05

0.00527348 2.92969e-05
0.00527812 3.09353e-05

0.00527812 3.09784e-05
0.00528398 3.32616e-05

0.00528398 3.3295e-05
0.00528862 3.51562e-05

0.00528866 3.51562e-05
0.00528984 3.56306e-05

0.00528984 3.56638e-05
0.0052957 3.79863e-05

0.0052957 3.7996e-05
0.00530156 4.02296e-05

0.00530156 4.02571e-05
0.00530368 4.10156e-05

0.00530374 4.10156e-05
0.00530742 4.23331e-05

0.00530742 4.23464e-05
0.00531328 4.42678e-05

0.00531328 4.42735e-05
0.00531914 4.59967e-05

0.00531914 4.60656e-05
0.00532233 4.6875e-05

0.00532286 4.6875e-05
0.005325 4.74175e-05

0.005325 4.74958e-05
0.00533086 4.87184e-05

0.00533086 4.87274e-05
0.00533672 4.96702e-05

0.00533672 4.96756e-05
0.00534258 5.03099e-05

0.00534258 5.03157e-05
0.00534844 5.06194e-05

0.00534844 5.06237e-05
0.0053543 5.05768e-05

0.0053543 5.058e-05
0.00536016 5.01675e-05

0.00536016 5.01711e-05
0.00536602 4.93795e-05

0.00536602 4.93811e-05
0.00537187 4.82e-05

0.00537773 4.66632e-05
0.00537695 4.6875e-05

0.00537773 4.66258e-05
0.00538359 4.46646e-05

0.00538359 4.46651e-05
0.00538945 4.23161e-05

0.00539531 3.95924e-05
0.00539225 4.10156e-05

0.00538945 4.23013e-05
0.00539222 4.10156e-05

0.00540703 3.32152e-05
0.00540359 3.51562e-05

0.00539531 3.95762e-05
0.00540117 3.6529e-05

0.00540117 3.6483e-05
0.00540352 3.51562e-05

0.00540703 3.31672e-05
0.00541289 2.97105e-05

0.00541875 2.62248e-05
0.0054135 2.92969e-05

0.00541289 2.96454e-05
0.00541349 2.92969e-05

0.00537187 4.8193e-05
0.00537679 4.6875e-05

0.00542461 2.30115e-05
0.00542382 2.34375e-05

0.00542461 2.29034e-05
0.00543047 2.02702e-05

0.00543047 2.01726e-05
0.00543633 1.84468e-05

0.00543633 1.82964e-05
0.00544219 1.79742e-05

0.00541875 2.61608e-05
0.00542377 2.34375e-05

0.00544219 1.77992e-05
0.00544805 1.95313e-05

0.00544805 1.92718e-05
0.00545341 2.34375e-05

0.00545391 2.31119e-05
0.00545421 2.34375e-05

0.00545301 2.34375e-05
0.00545391 2.43441e-05

0.00545391 2.45489e-05
0.00545767 2.92969e-05

0.00545732 2.92969e-05
0.00545977 3.31363e-05

0.00545977 3.28391e-05
0.00546123 3.51562e-05

0.00546106 3.51562e-05
0.00546461 4.10156e-05

0.00546454 4.10156e-05
0.00546562 4.27966e-05

0.00547674 0
0.00547734 1.7451e-06

0.00547734 1.65248e-06
0.00548277 5.85937e-06

0.00548318 5.85938e-06
0.0054832 5.86431e-06

0.0054832 4.3063e-06
0.00548906 1.46125e-06

0.0054832 5.88233e-06
0.00548334 5.85938e-06

0.00546562 4.27491e-05
0.00546815 4.6875e-05

0.00548906 3.34134e-06
0.00549492 6.97442e-07

0.00549492 4.66611e-06
0.00549894 0

0.00546809 4.6875e-05
0.00547148 5.20797e-05

0.00547148 5.2025e-05
0.00547194 5.27344e-05

0.00547188 5.27344e-05
0.00547612 5.85937e-05

0.00547612 5.85937e-05
0.00547734 6.01683e-05

0.00547734 6.01451e-05
0.00548086 6.44531e-05

0.0054809 6.44531e-05
0.0054832 6.70307e-05

0.0054832 6.70452e-05
0.00548632 7.03125e-05

0.00548635 7.03125e-05
0.00548906 7.29167e-05

0.00548906 7.29739e-05
0.00549278 7.61719e-05

0.00549278 7.61719e-05
0.00549492 7.79224e-05

0.00549492 7.80081e-05
0.00550044 8.20312e-05

0.00550051 8.20312e-05
0.00550078 8.2216e-05

0.00550078 8.22014e-05
0.00550664 8.58479e-05

0.00550664 8.59106e-05
0.00551038 8.78906e-05

0.00551053 8.78906e-05
0.0055125 8.89357e-05

0.0055446 0
0.00554766 4.51333e-06

0.00554766 2.28325e-06
0.00555352 2.2786e-06

0.00555352 3.21397e-06
0.0055578 0

0.0055125 8.89429e-05
0.00551836 9.15113e-05

0.00551836 9.15342e-05
0.00552422 9.36087e-05

0.00552422 9.35698e-05
0.00552487 9.375e-05

0.00555937 3.53504e-06
0.00556235 0

0.00558281 9.1785e-05
0.00557707 9.375e-05

0.00558281 9.18115e-05
0.00558867 8.93387e-05

0.00559453 8.63437e-05
0.00559151 8.78906e-05

0.00558867 8.93399e-05
0.0055915 8.78906e-05

0.00560625 7.86191e-05
0.00560148 8.20312e-05

0.00559453 8.63575e-05
0.00560039 8.27921e-05

0.00560039 8.27589e-05
0.00560148 8.20312e-05

0.00552487 9.375e-05
0.00553008 9.51808e-05

0.00553008 9.51833e-05
0.00553594 9.63952e-05

0.00553594 9.6393e-05
0.0055418 9.72067e-05

0.0055418 9.72078e-05
0.00554766 9.76255e-05

0.00554766 9.76229e-05
0.00555352 9.76474e-05

0.00555352 9.76472e-05
0.00555937 9.72844e-05

0.00555937 9.72866e-05
0.00556523 9.65326e-05

0.00556523 9.65384e-05
0.00557109 9.53768e-05

0.00557109 9.53789e-05
0.00557695 9.37938e-05

0.00564425 0
0.00564408 5.85937e-06

0.00564408 5.85938e-06
0.00564357 1.17187e-05

0.00564358 1.17187e-05
0.00564272 1.75781e-05

0.00564272 1.75781e-05
0.00564151 2.34375e-05

0.00564141 2.3813e-05
0.00563993 2.92969e-05

0.00563993 2.92969e-05
0.00563797 3.51562e-05

0.00563555 4.1112e-05
0.00563275 4.6875e-05

0.00563798 3.51562e-05
0.00563559 4.10156e-05

0.00563555 4.11255e-05
0.0056356 4.10156e-05

0.00564141 2.38216e-05
0.00564151 2.34375e-05

0.00561797 6.78617e-05
0.00561565 7.03125e-05

0.00562969 5.22854e-05
0.00562943 5.27344e-05

0.00562945 5.27344e-05
0.00562553 5.85937e-05

0.00562383 6.08237e-05
0.005621 6.44531e-05

0.00561797 6.78552e-05
0.00562095 6.44531e-05

0.00562383 6.0864e-05
0.0056255 5.85937e-05

0.00561211 7.37424e-05
0.00560925 7.61719e-05

0.00560625 7.85581e-05
0.00560923 7.61719e-05

0.00561211 7.36767e-05
0.00561563 7.03125e-05

0.00562969 5.22869e-05
0.00563277 4.6875e-05

0.00509062 0.00215619
0.00509059 0.00215625

0.00512578 0.00210413
0.00512187 0.00210937

0.00513164 0.00209647
0.00513073 0.00209766

0.0051375 0.00208897
0.0051353 0.0020918

0.00513164 0.00209645
0.00513527 0.0020918

0.00513071 0.00209766
0.00512624 0.00210352

0.00512578 0.00210413
0.00512624 0.00210352

0.00511406 0.0021202
0.00511344 0.00212109

0.0051082 0.00212864
0.00510538 0.00213281

0.00511342 0.00212109
0.00510935 0.00212695

0.0051082 0.00212865
0.00510934 0.00212695

0.00510234 0.00213741
0.00510153 0.00213867

0.00510152 0.00213867
0.00509776 0.00214453

0.00509648 0.00214659
0.00509412 0.00215039

0.00509062 0.00215617
0.00509411 0.00215039

0.00509648 0.00214658
0.00509776 0.00214453

0.00510234 0.00213742
0.00510538 0.00213281

0.00511992 0.00211204
0.0051176 0.00211523

0.00511406 0.00212018
0.00511759 0.00211523

0.00511992 0.00211204
0.00512186 0.00210937

0.00506719 0.00220113
0.00506629 0.00220312

0.00507891 0.00217708
0.00507753 0.00217969

0.00508477 0.00216632
0.00508383 0.00216797

0.00509057 0.00215625
0.00508715 0.00216211

0.00508477 0.00216631
0.00508714 0.00216211

0.00508383 0.00216797
0.00508062 0.00217383

0.00507891 0.00217707
0.00508062 0.00217383

0.00507305 0.00218861
0.00507168 0.00219141

0.00507752 0.00217969
0.00507454 0.00218555

0.00507305 0.0021886
0.00507454 0.00218555

0.00507167 0.00219141
0.00506892 0.00219727

0.00506719 0.00220112
0.00506892 0.00219727

0.00506628 0.00220312
0.00506376 0.00220898

0.00506376 0.00220898
0.00506135 0.00221484

0.00506133 0.0022149
0.00505905 0.0022207

0.00505905 0.0022207
0.00505687 0.00222656

0.00506133 0.0022149
0.00506135 0.00221484

0.00505547 0.00223058
0.00505482 0.00223242

0.00505481 0.00223242
0.00505286 0.00223828

0.00504961 0.00224906
0.00504933 0.00225

0.00505286 0.00223828
0.00505103 0.00224414

0.00504961 0.00224905
0.00505104 0.00224414

0.00505547 0.00223056
0.00505688 0.00222656

0.00516094 0.0020608
0.00515947 0.0020625

0.00518437 0.00203461
0.00518031 0.00203906

0.00517266 0.00204748
0.00516974 0.00205078

0.0051668 0.00205408
0.00516457 0.00205664

0.00516094 0.00206079
0.00516453 0.00205664

0.0051668 0.0020541
0.00516969 0.00205078

0.00517852 0.00204099
0.00517499 0.00204492

0.00517266 0.0020475
0.00517495 0.00204492

0.00517852 0.00204101
0.00518029 0.00203906

0.00520781 0.00200993
0.0052023 0.00201563

0.00522539 0.00199215
0.00522535 0.00199219

0.00522539 0.00199214
0.00523125 0.00198633

0.00521953 0.00199802
0.0052195 0.00199805

0.00521949 0.00199805
0.0052137 0.00200391

0.00521367 0.00200394
0.00520797 0.00200977

0.00520781 0.00200993
0.00520797 0.00200977

0.00521367 0.00200393
0.0052137 0.00200391

0.00521953 0.00199801
0.00522534 0.00199219

0.00519609 0.00202212
0.00519116 0.00202734

0.00519023 0.00202833
0.0051857 0.0020332

0.00518437 0.00203462
0.00518569 0.0020332

0.00519023 0.00202833
0.00519116 0.00202734

0.00520195 0.00201599
0.0051967 0.00202148

0.00519609 0.00202212
0.0051967 0.00202148

0.00520195 0.00201599
0.0052023 0.00201562

0.00525469 0.00196354
0.00524926 0.00196875

0.00527812 0.00194139
0.0052739 0.00194531

0.00526641 0.00195239
0.0052615 0.00195703

0.00526055 0.00195795
0.00525536 0.00196289

0.00525469 0.00196354
0.00525536 0.00196289

0.00526055 0.00195794
0.00526151 0.00195703

0.00527227 0.00194688
0.00526768 0.00195117

0.00526641 0.00195239
0.00526769 0.00195117

0.00527227 0.00194686
0.00527392 0.00194531

0.00530156 0.00191969
0.00529917 0.00192187

0.00531328 0.00190901
0.00531202 0.00191016

0.00530742 0.00191434
0.00530558 0.00191602

0.00530156 0.00191967
0.00530561 0.00191602

0.00530742 0.00191433
0.00531203 0.00191016

0.00531914 0.00190371
0.00531849 0.0019043

0.00531328 0.00190901
0.00531849 0.0019043

0.00531914 0.00190371
0.00532499 0.00189844

0.00528984 0.00193049
0.00528646 0.00193359

0.00528398 0.00193593
0.00528016 0.00193945

0.00527812 0.00194137
0.00528019 0.00193945

0.00528398 0.00193591
0.00528649 0.00193359

0.0052957 0.00192508
0.0052928 0.00192773

0.00528984 0.00193047
0.00529283 0.00192773

0.0052957 0.00192506
0.0052992 0.00192187

0.00524297 0.00197484
0.0052372 0.00198047

0.00523125 0.00198632
0.00523711 0.00198056

0.00523711 0.00198055
0.0052372 0.00198047

0.00524883 0.00196917
0.00524321 0.00197461

0.00524297 0.00197484
0.00524321 0.00197461

0.00524883 0.00196917
0.00524926 0.00196875

0.00514336 0.00208171
0.00513993 0.00208594

0.00514922 0.00207458
0.00514468 0.00208008

0.00514336 0.00208171
0.00514468 0.00208008

0.00515508 0.00206763
0.00515446 0.00206836

0.00515444 0.00206836
0.00514952 0.00207422

0.00515508 0.00206761
0.00515945 0.0020625

0.00514922 0.00207458
0.00514952 0.00207422

0.0051375 0.002089
0.00513991 0.00208594

0.0053543 0.00187248
0.00535138 0.001875

0.00536016 0.00186738
0.00535811 0.00186914

0.0053543 0.00187245
0.00535813 0.00186914

0.00536602 0.00186232
0.0053649 0.00186328

0.00537187 0.0018573
0.00537173 0.00185742

0.00536602 0.0018623
0.00537171 0.00185742

0.00536016 0.00186736
0.00536489 0.00186328

0.00541289 0.00182361
0.00540716 0.00182812

0.00541875 0.00181907
0.00541463 0.00182227

0.00541289 0.00182359
0.00541461 0.00182227

0.00538359 0.00184739
0.00537862 0.00185156

0.00539531 0.00183772
0.00539268 0.00183984

0.00538945 0.00184252
0.00538561 0.0018457

0.00538359 0.00184737
0.00538561 0.0018457

0.00538945 0.00184248
0.0053927 0.00183984

0.00537187 0.00185728
0.00537773 0.00185231

0.00537773 0.0018523
0.00537862 0.00185156

0.00540117 0.00183296
0.00539989 0.00183398

0.00539531 0.00183768
0.00539986 0.00183398

0.00540117 0.00183292
0.00540703 0.00182823

0.00540703 0.00182822
0.00540715 0.00182812

0.00547734 0.00177887
0.00547339 0.00178125

0.00547734 0.0017788
0.0054832 0.00177543

0.00548906 0.00177224
0.00548338 0.00177539

0.0054832 0.00177543
0.00548327 0.00177539

0.00549492 0.00176913
0.00549417 0.00176953

0.00549492 0.00176913
0.00550078 0.00176615

0.00548906 0.00177217
0.00549404 0.00176953

0.00550664 0.00176333
0.00550592 0.00176367

0.00550078 0.00176608
0.00550579 0.00176367

0.00550664 0.00176333
0.0055125 0.00176065

0.00544219 0.00180173
0.00543806 0.00180469

0.00542461 0.00181463
0.00542224 0.00181641

0.00543047 0.00181023
0.00543004 0.00181055

0.00542461 0.00181457
0.00542998 0.00181055

0.00541875 0.00181904
0.00542221 0.00181641

0.00543047 0.00181019
0.00543633 0.00180591

0.00543633 0.00180588
0.00543802 0.00180469

0.00544805 0.00179767
0.00544636 0.00179883

0.00544219 0.00180169
0.00544628 0.00179883

0.00544805 0.0017976
0.00545391 0.00179361

0.00545977 0.00178977
0.00545492 0.00179297

0.00546562 0.00178605
0.00546397 0.00178711

0.00545977 0.00178973
0.00546384 0.00178711

0.00545391 0.00179359
0.00545487 0.00179297

0.00546562 0.00178598
0.00547148 0.00178235

0.00547148 0.00178232
0.00547326 0.00178125

0.00552422 0.00175573
0.00551903 0.00175781

0.00552422 0.00175572
0.00553008 0.00175348

0.00553594 0.00175144
0.00553448 0.00175195

0.00553008 0.00175343
0.00553427 0.00175195

0.0055125 0.00176059
0.00551836 0.00175804

0.00551836 0.00175803
0.0055189 0.00175781

0.00553594 0.00175142
0.0055418 0.00174953

0.0055418 0.00174953
0.00554766 0.00174774

0.00555937 0.00174475
0.00555376 0.00174609

0.00554766 0.0017477
0.00555352 0.00174611

0.00555352 0.00174611
0.00555359 0.00174609

0.00555937 0.00174474
0.00556523 0.00174347

0.00556523 0.00174346
0.00557109 0.00174234

0.00557109 0.00174234
0.00557695 0.00174137

0.00557695 0.00174136
0.00558281 0.00174056

0.00558867 0.00173995
0.00558602 0.00174023

0.00558281 0.00174054
0.00558565 0.00174023

0.00558867 0.00173993
0.00559453 0.00173945

0.00559453 0.00173945
0.00560039 0.00173912

0.00560039 0.00173912
0.00560625 0.00173893

0.00560625 0.00173893
0.00561211 0.0017389

0.00561211 0.0017389
0.00561797 0.00173903

0.00561797 0.00173903
0.00562383 0.0017393

0.00562383 0.0017393
0.00562969 0.00173974

0.00562969 0.00173973
0.00563469 0.00174023

0.00563456 0.00174023
0.00563555 0.00174033

0.00563555 0.00174033
0.00564141 0.00174107

0.00564141 0.00174106
0.00564727 0.00174193

0.00564727 0.00174193
0.00565312 0.00174296

0.00565312 0.00174296
0.00565898 0.00174415

0.00565898 0.00174415
0.00566484 0.00174548

0.00566484 0.00174547
0.00566728 0.00174609

0.00566721 0.00174609
0.0056707 0.00174698

0.0056707 0.00174698
0.00567656 0.00174861

0.00567656 0.00174861
0.00568242 0.0017504

0.00568242 0.00175039
0.00568713 0.00175195

0.00568706 0.00175195
0.00568828 0.00175236

0.00568828 0.00175235
0.00569414 0.00175445

0.00569414 0.00175445
0.0057 0.0017567

0.005325 0.00189843
0.00533086 0.00189318

0.00533672 0.00188795
0.00533153 0.00189258

0.00533086 0.00189317
0.00533153 0.00189258

0.00534258 0.00188277
0.0053381 0.00188672

0.00534844 0.00187762
0.00534471 0.00188086

0.00534258 0.00188275
0.00534473 0.00188086

0.00533672 0.00188795
0.00533811 0.00188672

0.00534844 0.00187758
0.00535141 0.001875

0.00504375 0.00227305
0.00504367 0.00227344

0.00504367 0.00227344
0.00504255 0.0022793

0.00504254 0.0022793
0.00504154 0.00228516

0.00504154 0.00228516
0.00504066 0.00229102

0.00504066 0.00229102
0.00503991 0.00229687

0.00503991 0.00229687
0.00503928 0.00230273

0.00503928 0.00230273
0.00503877 0.00230859

0.00503877 0.00230859
0.00503838 0.00231445

0.00503838 0.00231445
0.00503812 0.00232031

0.00503812 0.00232031
0.00503798 0.00232617

0.00503798 0.00232617
0.00503797 0.00233203

0.00503797 0.00233203
0.00503809 0.00233789

0.00503809 0.00233789
0.00503834 0.00234375

0.00503834 0.00234375
0.00503873 0.00234961

0.00503873 0.00234961
0.00503926 0.00235547

0.00503926 0.00235547
0.00503993 0.00236133

0.00503992 0.00236133
0.00504074 0.00236719

0.00504074 0.00236719
0.00504169 0.00237305

0.00504169 0.00237305
0.0050428 0.00237891

0.00504279 0.00237891
0.00504375 0.0023833

0.00504933 0.00225
0.00504773 0.00225586

0.00504773 0.00225586
0.00504625 0.00226172

0.00504625 0.00226172
0.0050449 0.00226758

0.00504375 0.00227305
0.0050449 0.00226758

0.00504375 0.00238331
0.00504407 0.00238477

0.00504407 0.00238477
0.00504552 0.00239062

0.00504553 0.00239062
0.00504715 0.00239648

0.00504714 0.00239648
0.00504893 0.00240234

0.00504892 0.00240234
0.00504961 0.00240436

0.00504961 0.00240435
0.00505093 0.0024082

0.00505095 0.0024082
0.00505316 0.00241406

0.00505313 0.00241406
0.00505547 0.0024197

0.00505547 0.0024197
0.00505556 0.00241992

0.00505557 0.00241992
0.00505825 0.00242578

0.00505823 0.00242578
0.00506116 0.00243164

0.00506116 0.00243164
0.00506133 0.00243196

0.00506133 0.00243194
0.00506437 0.0024375

0.00506435 0.0024375
0.00506719 0.00244222

0.00506719 0.00244222
0.00506787 0.00244336

0.00506788 0.00244336
0.00507172 0.00244922

0.00507171 0.00244922
0.00507305 0.00245114

0.00507305 0.0024511
0.0050759 0.00245508

0.0050759 0.00245508
0.00507891 0.00245892

0.00507891 0.0024589
0.00508052 0.00246094

0.00508051 0.00246094
0.00508477 0.00246587

0.00508477 0.00246588
0.00508558 0.0024668

0.00508556 0.0024668
0.00509062 0.00247215

0.00509062 0.00247216
0.00509112 0.00247266

0.00509112 0.00247266
0.00509648 0.00247783

0.00509648 0.00247784
0.00509722 0.00247852

0.00509727 0.00247852
0.00510234 0.002483

0.00510234 0.00248301
0.005104 0.00248437

0.00510407 0.00248437
0.0051082 0.00248772

0.0051082 0.00248777
0.00511149 0.00249023

0.00511158 0.00249023
0.00511406 0.00249206

0.00511406 0.00249214
0.00511979 0.00249609

0.00511982 0.00249609
0.00511992 0.00249616

0.00511992 0.00249615
0.00512578 0.00249991

0.00512578 0.00249995
0.0051291 0.00250195

0.00512922 0.00250195
0.00513164 0.00250341

0.00513164 0.00250345
0.0051375 0.00250674

0.0051375 0.00250676
0.00513948 0.00250781

0.00513958 0.00250781
0.00514336 0.00250981

0.00514336 0.00250983
0.00514922 0.00251275

0.00514922 0.00251277
0.00515114 0.00251367

0.00515122 0.00251367
0.00515508 0.00251548

0.00515508 0.00251549
0.00516094 0.0025181

0.00516094 0.00251812
0.00516431 0.00251953

0.00516438 0.00251953
0.0051668 0.00252055

0.0051668 0.00252055
0.00517266 0.00252288

0.00517266 0.00252289
0.00517852 0.00252508

0.00517852 0.00252509
0.00517938 0.00252539

0.00517942 0.00252539
0.00518437 0.00252712

0.00518437 0.00252712
0.00519023 0.00252904

0.00519023 0.00252905
0.00519609 0.00253082

0.00519609 0.00253083
0.00519761 0.00253125

0.00519766 0.00253125
0.00520195 0.00253243

0.00520195 0.00253243
0.00520781 0.00253389

0.00520781 0.00253389
0.00521367 0.00253518

0.00521367 0.00253519
0.00521953 0.0025363

0.00521953 0.0025363
0.00522479 0.00253711

0.00522486 0.00253711
0.00522539 0.00253719

0.00522539 0.00253719
0.00523125 0.00253788

0.0052957 0.00252907
0.00528993 0.00253125

0.0052957 0.00252907
0.00530156 0.00252657

0.00530742 0.00252378
0.00530403 0.00252539

0.00530156 0.00252658
0.00530406 0.00252539

0.00530742 0.00252376
0.00531328 0.00252071

0.00531914 0.00251744
0.00531539 0.00251953

0.00531914 0.00251741
0.005325 0.00251399

0.00531328 0.00252072
0.0053154 0.00251953

0.00523125 0.00253788
0.00523711 0.00253836

0.00523711 0.00253836
0.00524297 0.00253861

0.00524297 0.00253862
0.00524883 0.00253863

0.00524883 0.00253863
0.00525469 0.0025384

0.00525469 0.0025384
0.00526055 0.00253792

0.00526055 0.00253793
0.00526641 0.00253717

0.00527227 0.00253611
0.00526666 0.00253711

0.00526641 0.00253717
0.00526672 0.00253711

0.00527227 0.00253612
0.00527812 0.00253479

0.00527812 0.00253479
0.00528398 0.00253318

0.00528398 0.0025332
0.00528984 0.00253129

0.00528984 0.00253129
0.00528994 0.00253125

0.00533672 0.0025071
0.00533548 0.00250781

0.00533672 0.00250704
0.00534258 0.00250388

0.00534844 0.00250109
0.00534662 0.00250195

0.00534258 0.00250381
0.00534653 0.00250195

0.00533086 0.0025105
0.00532551 0.00251367

0.005325 0.00251398
0.00532553 0.00251367

0.00533086 0.00251045
0.00533541 0.00250781

0.00534844 0.00250105
0.0053543 0.00249883

0.0053543 0.0024988
0.00536016 0.00249722

0.00536016 0.0024972
0.00536602 0.00249633

0.00536602 0.00249632
0.00537187 0.00249622

0.00537187 0.00249624
0.00537773 0.00249689

0.00537773 0.00249693
0.00538359 0.00249819

0.00538359 0.00249821
0.00538945 0.00249994

0.00538945 0.00249993
0.0053949 0.00250195

0.00539485 0.00250195
0.00539531 0.00250212

0.00539531 0.00250216
0.00540117 0.00250468

0.00540117 0.00250468
0.00540703 0.00250744

0.00540703 0.00250742
0.00540781 0.00250781

0.00540769 0.00250781
0.00541289 0.00251042

0.00541289 0.00251042
0.00541875 0.00251345

0.00541875 0.00251345
0.00541918 0.00251367

0.00541912 0.00251367
0.00542461 0.00251655

0.00542461 0.00251654
0.00543033 0.00251953

0.00543032 0.00251953
0.00543047 0.00251961

0.00543047 0.00251962
0.00543633 0.00252265

0.00543633 0.00252264
0.00544178 0.00252539

0.00544178 0.00252539
0.00544219 0.0025256

0.00544219 0.00252561
0.00544805 0.00252847

0.00544805 0.00252847
0.00545391 0.00253121

0.00545391 0.00253121
0.005454 0.00253125

0.00545398 0.00253125
0.00545977 0.00253383

0.00545977 0.00253383
0.00546562 0.00253631

0.00546562 0.00253632
0.0054676 0.00253711

0.00546762 0.00253711
0.00547148 0.00253865

0.00547148 0.00253865
0.00547734 0.00254084

0.00547734 0.00254084
0.0054832 0.00254288

0.0054832 0.00254289
0.00548346 0.00254297

0.00548347 0.00254297
0.00548906 0.00254476

0.00548906 0.00254476
0.00549492 0.00254649

0.00549492 0.00254649
0.00550078 0.00254807

0.00550078 0.00254807
0.00550391 0.00254883

0.00550394 0.00254883
0.00550664 0.00254948

0.00550664 0.00254948
0.0055125 0.00255074

0.0055125 0.00255074
0.00551836 0.00255184

0.00551836 0.00255184
0.00552422 0.00255278

0.00552422 0.00255278
0.00553008 0.00255356

0.00553008 0.00255356
0.00553594 0.00255419

0.00553594 0.00255418
0.0055418 0.00255465

0.0055418 0.00255465
0.00554243 0.00255469

0.00554249 0.00255469
0.00554766 0.00255496

0.00554766 0.00255496
0.00555352 0.00255511

0.00555352 0.00255511
0.00555937 0.00255511

0.00557109 0.00255464
0.00557019 0.00255469

0.00557109 0.00255464
0.00557695 0.00255418

0.00557695 0.00255418
0.00558281 0.00255356

0.00555937 0.00255511
0.00556523 0.00255495

0.00556523 0.00255495
0.00557023 0.00255469

0.00558281 0.00255356
0.00558867 0.00255279

0.00558867 0.00255279
0.00559453 0.00255186

0.00559453 0.00255186
0.00560039 0.00255079

0.00560039 0.00255079
0.00560625 0.00254956

0.00566484 0.00252877
0.00565962 0.00253125

0.00566484 0.00252877
0.0056707 0.00252583

0.00567656 0.00252271
0.00567151 0.00252539

0.0056707 0.00252583
0.00567152 0.00252539

0.00568242 0.00251942
0.00568222 0.00251953

0.00568242 0.00251944
0.00568828 0.002516

0.00567656 0.00252272
0.00568227 0.00251953

0.00569414 0.00251239
0.00569205 0.00251367

0.00568828 0.00251601
0.00569208 0.00251367

0.00569414 0.0025124
0.0057 0.00250862

0.00561211 0.00254817
0.00560932 0.00254883

0.00560625 0.00254956
0.00560934 0.00254883

0.00561211 0.00254818
0.00561797 0.00254664

0.00561797 0.00254664
0.00562383 0.00254496

0.00562383 0.00254495
0.00562969 0.00254311

0.00563555 0.00254111
0.00563009 0.00254297

0.00563555 0.00254111
0.00564141 0.00253896

0.00562969 0.00254311
0.00563009 0.00254297

0.00564727 0.00253664
0.00564607 0.00253711

0.00564141 0.00253896
0.0056461 0.00253711

0.00564727 0.00253665
0.00565312 0.00253418

0.00565312 0.00253419
0.00565898 0.00253156

0.00565898 0.00253156
0.00565963 0.00253125

0.0058211 0
0.00582305 3.91543e-06

0.00582305 2.87488e-06
0.00582891 2.41926e-06

0.00582891 3.52905e-06
0.00583051 0

0.00586908 0
0.00586992 1.89396e-06

0.00586992 1.4924e-06
0.00587578 1.35332e-07

0.0063112 0
0.0063113 5.85937e-06

0.0063113 5.85938e-06
0.00631161 1.17187e-05

0.00631161 1.17187e-05
0.00631214 1.75781e-05

0.00631214 1.75781e-05
0.00631287 2.34375e-05

0.00631287 2.34375e-05
0.00631383 2.92969e-05

0.00631382 2.92969e-05
0.006315 3.51562e-05

0.00631499 3.51562e-05
0.00631523 3.61638e-05

0.00631523 3.61632e-05
0.00631639 4.10156e-05

0.00631639 4.10156e-05
0.00631801 4.6875e-05

0.00631801 4.6875e-05
0.00631987 5.27344e-05

0.00631986 5.27344e-05
0.00632109 5.6163e-05

0.00632109 5.61632e-05
0.00632197 5.85937e-05

0.00632196 5.85937e-05
0.00632431 6.44531e-05

0.00632431 6.44531e-05
0.00632693 7.03125e-05

0.00632693 7.03125e-05
0.00632695 7.03695e-05

0.00632695 7.03724e-05
0.00632981 7.61719e-05

0.00632981 7.61719e-05
0.00633281 8.17034e-05

0.00633281 8.17033e-05
0.00633299 8.20312e-05

0.00633299 8.20312e-05
0.00633648 8.78906e-05

0.00633647 8.78906e-05
0.00633867 9.12661e-05

0.00633867 9.12689e-05
0.00634029 9.375e-05

0.00634028 9.375e-05
0.00634446 9.96094e-05

0.0063445 9.96094e-05
0.00634453 9.96483e-05

0.00634453 9.97093e-05
0.00634902 0.000105469

0.00634907 0.000105469
0.00635039 0.000107068

0.00635039 0.000107097
0.006354 0.000111328

0.00635407 0.000111328
0.00635625 0.000113731

0.00643801 0
0.00643828 3.26685e-06

0.00643828 3.26698e-06
0.0064385 5.85937e-06

0.00643847 5.85938e-06
0.00643998 1.17187e-05

0.00643992 1.17187e-05
0.0064426 1.75781e-05

0.00644257 1.75781e-05
0.00644414 1.99168e-05

0.00644414 1.99226e-05
0.00644669 2.34375e-05

0.00644681 2.34375e-05
0.00645 2.66645e-05

0.00635625 0.000113765
0.00635948 0.000117187

0.00635954 0.000117187
0.00636211 0.000119756

0.00636211 0.000119814
0.00636553 0.000123047

0.00636557 0.000123047
0.00636797 0.000125221

0.00636797 0.000125297
0.00637219 0.000128906

0.00637227 0.000128906
0.00637383 0.000130197

0.00637383 0.000130293
0.00637956 0.000134766

0.00637968 0.000134766
0.00637969 0.000134774

0.00637969 0.000134828
0.00638555 0.000139009

0.00638555 0.000139059
0.00638792 0.000140625

0.00638806 0.000140625
0.00639141 0.000142834

0.00639141 0.000142902
0.00639727 0.000146417

0.00639727 0.000146419
0.00639739 0.000146484

0.0063975 0.000146484
0.00640312 0.000149579

0.00640312 0.000149639
0.00640851 0.000152344

0.0064087 0.000152344
0.00640898 0.000152486

0.00640898 0.000152521
0.00641484 0.000155183

0.00641484 0.000155214
0.0064207 0.000157639

0.0064207 0.000157667
0.00642216 0.000158203

0.00642232 0.000158203
0.00642656 0.000159764

0.00642656 0.000159768
0.00643242 0.000161697

0.00643242 0.000161707
0.00643828 0.000163412

0.00643828 0.00016344
0.00644077 0.000164062

0.00644099 0.000164062
0.00644414 0.000164852

0.00644414 0.000164867
0.00645 0.00016612

0.00645 2.69183e-05
0.00645321 2.92969e-05

0.00645365 2.92969e-05
0.00645586 3.07851e-05

0.00645586 3.09066e-05
0.00646172 3.35474e-05

0.00646172 3.35037e-05
0.00646758 3.49087e-05

0.00646758 3.48888e-05
0.0064728 3.51562e-05

0.0064793 3.4416e-05
0.0064737 3.51562e-05

0.0064793 3.44352e-05
0.00648516 3.25396e-05

0.00647344 3.5231e-05
0.006474 3.51562e-05

0.00649102 2.90033e-05
0.00649051 2.92969e-05

0.00648516 3.26948e-05
0.00649102 2.93606e-05

0.00649687 2.41283e-05
0.00649126 2.92969e-05

0.00649102 2.93671e-05
0.00649111 2.92969e-05

0.00650591 0
0.00650543 5.85937e-06

0.00650545 5.85938e-06
0.00650399 1.17187e-05

0.00650273 1.47017e-05
0.00650145 1.75781e-05

0.00650157 1.75781e-05
0.00649741 2.34375e-05

0.00650273 1.46726e-05
0.00650405 1.17187e-05

0.00649687 2.41668e-05
0.00649752 2.34375e-05

0.00653819 0
0.00653864 5.85937e-06

0.0065386 5.85938e-06
0.00654002 1.17187e-05

0.00653997 1.17187e-05
0.00654254 1.75781e-05

0.00654253 1.75781e-05
0.00654375 1.94821e-05

0.00645 0.000166122
0.00645586 0.000167173

0.00645586 0.000167173
0.00646172 0.000168019

0.00646172 0.000168019
0.00646758 0.000168659

0.00646758 0.000168658
0.00647344 0.000169093

0.00647344 0.000169092
0.0064793 0.000169323

0.0064793 0.000169322
0.00648516 0.000169353

0.00648516 0.000169352
0.00649102 0.000169183

0.00649102 0.000169183
0.00649687 0.000168814

0.00649687 0.000168814
0.00650273 0.000168245

0.00650273 0.000168245
0.00650859 0.000167477

0.00650859 0.000167478
0.00651445 0.000166508

0.00651445 0.000166506
0.00652031 0.000165337

0.00652617 0.000163943
0.00652566 0.000164062

0.00652617 0.000163965
0.00653203 0.000162395

0.00653203 0.0001624
0.00653789 0.00016063

0.00653789 0.000160633
0.00654375 0.000158647

0.00652031 0.000165342
0.00652578 0.000164062

0.00654375 1.95411e-05
0.00654645 2.34375e-05

0.00656153 0
0.00656603 5.85937e-06

0.00654655 2.34375e-05
0.00654961 2.66728e-05

0.00654961 2.69261e-05
0.00655266 2.92969e-05

0.00655302 2.92969e-05
0.00655547 3.10091e-05

0.00655547 3.11056e-05
0.00656133 3.38723e-05

0.00656133 3.38612e-05
0.00656663 3.51562e-05

0.00656719 4.72809e-06
0.00656991 5.85937e-06

0.00657305 5.79394e-06
0.00657738 5.85937e-06

0.00658477 4.67047e-06
0.00658304 5.85937e-06

0.00658477 5.73456e-06
0.00658842 0

0.00656719 3.51016e-05
0.00656834 3.51562e-05

0.00657891 3.46234e-05
0.00657504 3.51562e-05

0.00656719 3.52163e-05
0.00657305 3.54949e-05

0.00657305 3.56431e-05
0.00657658 3.51562e-05

0.00657891 3.47355e-05
0.00658477 3.27374e-05

0.00659062 2.90528e-05
0.00659024 2.92969e-05

0.00658477 3.28933e-05
0.00659062 2.93849e-05

0.00660234 1.37097e-05
0.00660067 1.75781e-05

0.00660076 1.75781e-05
0.00659676 2.34375e-05

0.00660497 0
0.00660451 5.85937e-06

0.00660452 5.85938e-06
0.00660312 1.17187e-05

0.00660234 1.36627e-05
0.00660318 1.17187e-05

0.00659648 2.39082e-05
0.00659088 2.92969e-05

0.00659062 2.94115e-05
0.00659077 2.92969e-05

0.00659648 2.39178e-05
0.00659689 2.34375e-05

0.00658477 0.000138855
0.00658174 0.000140625

0.00658477 0.000138875
0.00659062 0.000135277

0.00654961 0.000156442
0.00654491 0.000158203

0.00654375 0.00015865
0.00654494 0.000158203

0.00654961 0.00015645
0.00655547 0.000154045

0.00656133 0.0001514
0.00655922 0.000152344

0.00656133 0.000151419
0.00656719 0.000148586

0.00655547 0.000154057
0.0065593 0.000152344

0.00657305 0.000145518
0.00657118 0.000146484

0.00656719 0.000148599
0.00657126 0.000146484

0.00657305 0.000145543
0.00657891 0.000142301

0.00657891 0.000142312
0.00658179 0.000140625

0.00660234 0.000127633
0.0066004 0.000128906

0.00659648 0.000131513
0.0065914 0.000134766

0.00659062 0.000135267
0.00659143 0.000134766

0.00659648 0.000131526
0.00660047 0.000128906

0.00660234 0.000127654
0.0066082 0.00012372

0.00661406 0.000119732
0.00660916 0.000123047

0.0066082 0.000123708
0.00660921 0.000123047

0.00661992 0.000115774
0.0066178 0.000117187

0.00661992 0.00011579
0.00662578 0.000111919

0.0066375 0.000104514
0.00663594 0.000105469

0.00663164 0.000108135
0.00662667 0.000111328

0.00662578 0.000111906
0.0066267 0.000111328

0.00663164 0.000108147
0.00663597 0.000105469

0.00661406 0.00011974
0.00661787 0.000117187

0.00666094 9.12201e-05
0.00665632 9.375e-05

0.00666094 9.1236e-05
0.0066668 8.80363e-05

0.00667266 8.48011e-05
0.00666708 8.78906e-05

0.0066668 8.80405e-05
0.00666707 8.78906e-05

0.00667852 8.1485e-05
0.00667756 8.20312e-05

0.00667852 8.14834e-05
0.00668437 7.79889e-05

0.00667266 8.481e-05
0.00667752 8.20312e-05

0.00672539 4.55196e-05
0.00672399 4.6875e-05

0.00673125 3.97368e-05
0.00672994 4.10156e-05

0.00672539 4.56882e-05
0.00673022 4.10156e-05

0.00670195 6.61059e-05
0.00669617 7.03125e-05

0.00670781 6.15147e-05
0.00670406 6.44531e-05

0.00670195 6.60993e-05
0.00670413 6.44531e-05

0.00669023 7.4304e-05
0.00668728 7.61719e-05

0.00668437 7.80003e-05
0.00668727 7.61719e-05

0.00669023 7.43165e-05
0.00669609 7.03581e-05

0.00669609 7.03614e-05
0.00669616 7.03125e-05

0.00671367 5.65341e-05
0.00671125 5.85937e-05

0.00671953 5.11738e-05
0.00671783 5.27344e-05

0.00671367 5.6581e-05
0.006718 5.27344e-05

0.00670781 6.15212e-05
0.00671136 5.85937e-05

0.00671953 5.12736e-05
0.00672422 4.6875e-05

0.0066375 0.000104522
0.00664336 0.000101032

0.00664922 9.76725e-05
0.00664584 9.96094e-05

0.00664336 0.000101033
0.00664584 9.96094e-05

0.00664922 9.76889e-05
0.00665508 9.44244e-05

0.00665508 9.44241e-05
0.00665631 9.375e-05

0.00675469 2.08328e-05
0.00675037 2.34375e-05

0.00673711 3.41176e-05
0.00673599 3.51562e-05

0.00674297 2.89731e-05
0.00674258 2.92969e-05

0.00673711 3.42333e-05
0.00674272 2.92969e-05

0.00673125 3.99035e-05
0.00673625 3.51562e-05

0.00674297 2.90076e-05
0.00674883 2.45337e-05

0.00674883 2.46946e-05
0.00675091 2.34375e-05

0.00675469 2.0984e-05
0.00676055 1.84072e-05

0.00676641 1.6626e-05
0.00676328 1.75781e-05

0.00676055 1.84726e-05
0.00676349 1.75781e-05

0.00676641 1.66793e-05
0.00677227 1.55782e-05

0.00677227 1.56381e-05
0.00677812 1.50542e-05

0.00677812 1.50857e-05
0.00678398 1.48359e-05

0.00678398 1.48597e-05
0.00678984 1.48333e-05

0.00678984 1.4849e-05
0.0067957 1.49672e-05

0.0067957 1.4977e-05
0.00680156 1.51888e-05

0.00680156 1.51954e-05
0.00680742 1.54683e-05

0.00680742 1.54726e-05
0.00681328 1.57851e-05

0.00681328 1.57878e-05
0.00681914 1.61256e-05

0.00681914 1.61278e-05
0.006825 1.64811e-05

0.006825 1.64822e-05
0.00683086 1.68446e-05

0.00683086 1.68422e-05
0.00683672 1.72162e-05

0.00683672 1.72239e-05
0.00684233 1.75781e-05

0.00684184 1.75781e-05
0.00684258 1.76245e-05

0.00684258 1.76061e-05
0.00684844 1.79317e-05

0.00684844 1.79195e-05
0.0068543 1.82059e-05

0.0068543 1.82022e-05
0.00686016 1.84809e-05

0.00686016 1.84804e-05
0.00686602 1.87595e-05

0.00686602 1.87599e-05
0.00687187 1.90397e-05

0.00687187 1.90401e-05
0.00687773 1.93194e-05

0.00687773 1.93196e-05
0.00688359 1.95975e-05

0.00688359 1.95975e-05
0.00688945 1.98738e-05

0.00688945 1.98739e-05
0.00689531 2.01481e-05

0.00689531 2.01481e-05
0.00690117 2.04199e-05

0.00690117 2.04197e-05
0.00690703 2.06894e-05

0.00690703 2.06887e-05
0.00691289 2.0958e-05

0.00691289 2.09586e-05
0.00691875 2.1228e-05

0.00691875 2.12284e-05
0.00692461 2.1496e-05

0.00692461 2.14962e-05
0.00693047 2.17608e-05

0.00693047 2.17609e-05
0.00693633 2.20216e-05

0.00693633 2.20216e-05
0.00694219 2.22782e-05

0.00694219 2.22779e-05
0.00694805 2.25307e-05

0.00694805 2.25308e-05
0.00695391 2.27799e-05

0.00695391 2.27804e-05
0.00695977 2.30248e-05

0.00695977 2.30214e-05
0.00696562 2.32669e-05

0.00696562 2.32657e-05
0.0069697 2.34375e-05

0.00696937 2.34375e-05
0.00697148 2.35265e-05

0.00697148 2.35223e-05
0.00697734 2.37539e-05

0.00697734 2.3752e-05
0.0069832 2.39617e-05

0.0069832 2.39606e-05
0.00698906 2.41544e-05

0.00698906 2.41529e-05
0.00699492 2.43363e-05

0.00699492 2.43348e-05
0.00700078 2.45136e-05

0.00700078 2.45125e-05
0.00700664 2.46921e-05

0.00700664 2.46916e-05
0.0070125 2.48754e-05

0.0070125 2.48753e-05
0.00701836 2.50646e-05

0.00701836 2.50648e-05
0.00702422 2.52596e-05

0.00702422 2.52599e-05
0.00703008 2.54592e-05

0.00703008 2.54594e-05
0.00703594 2.56624e-05

0.00703594 2.56625e-05
0.0070418 2.58686e-05

0.0070418 2.58686e-05
0.00704766 2.60779e-05

0.00704766 2.60778e-05
0.00705352 2.62903e-05

0.00705352 2.62901e-05
0.00705937 2.65065e-05

0.00705937 2.65057e-05
0.00706523 2.67281e-05

0.00706523 2.67281e-05
0.00707109 2.69581e-05

0.00707109 2.69581e-05
0.00707695 2.71955e-05

0.00707695 2.71956e-05
0.00708281 2.74404e-05

0.00708281 2.74404e-05
0.00708867 2.76924e-05

0.00708867 2.76925e-05
0.00709453 2.79512e-05

0.00709453 2.79512e-05
0.00710039 2.82165e-05

0.00710039 2.82164e-05
0.00710625 2.84884e-05

0.00710625 2.84889e-05
0.00711211 2.87667e-05

0.00711211 2.87658e-05
0.00711797 2.90503e-05

0.00711797 2.90469e-05
0.00712292 2.92969e-05

0.00712268 2.92969e-05
0.00712383 2.93547e-05

0.00712383 2.93494e-05
0.00712969 2.96489e-05

0.00712969 2.96473e-05
0.00713555 2.99442e-05

0.00713555 2.99442e-05
0.00714141 3.02415e-05

0.00714141 3.02416e-05
0.00714727 3.0539e-05

0.00714727 3.05388e-05
0.00715312 3.08365e-05

0.00715312 3.08363e-05
0.00715898 3.11351e-05

0.00715898 3.11347e-05
0.00716484 3.14357e-05

0.00716484 3.14353e-05
0.0071707 3.174e-05

0.0071707 3.17397e-05
0.00717656 3.20493e-05

0.00717656 3.20491e-05
0.00718242 3.23647e-05

0.00718242 3.23641e-05
0.00718828 3.26874e-05

0.00718828 3.26873e-05
0.00719414 3.30195e-05

0.00719414 3.30196e-05
0.0072 3.33604e-05

0.0057 0.00175668
0.00570274 0.00175781

0.00570269 0.00175781
0.00570586 0.00175912

0.00570586 0.00175911
0.00571172 0.00176168

0.00571172 0.00176167
0.00571601 0.00176367

0.00571595 0.00176367
0.00571758 0.00176443

0.00571758 0.00176442
0.00572344 0.00176732

0.00572344 0.0017673
0.00572769 0.00176953

0.00572764 0.00176953
0.0057293 0.0017704

0.0057293 0.00177039
0.00573516 0.00177363

0.00573516 0.00177361
0.00573821 0.00177539

0.00573817 0.00177539
0.00574102 0.00177705

0.00574102 0.00177704
0.00574687 0.00178064

0.00574687 0.00178064
0.00574784 0.00178125

0.00574782 0.00178125
0.00575273 0.00178443

0.00575273 0.00178441
0.0057567 0.00178711

0.00575666 0.00178711
0.00575859 0.00178842

0.00575859 0.0017884
0.00576445 0.00179258

0.00576445 0.00179258
0.00576498 0.00179297

0.00576497 0.00179297
0.00577031 0.00179697

0.00577031 0.00179699
0.00577272 0.00179883

0.00577267 0.00179883
0.00577617 0.00180158

0.00577617 0.00180158
0.00577998 0.00180469

0.00577993 0.00180469
0.00578203 0.00180642

0.00578203 0.00180639
0.00578685 0.00181055

0.00578682 0.00181055
0.00578789 0.00181149

0.00578789 0.00181146
0.00579335 0.00181641

0.00579333 0.00181641
0.00579375 0.00181679

0.00579375 0.00181677
0.00579952 0.00182227

0.00579952 0.00182227
0.00579961 0.00182236

0.00579961 0.00182235
0.0058054 0.00182812

0.00580539 0.00182812
0.00580547 0.00182821

0.00580547 0.0018282
0.00581099 0.00183398

0.00581098 0.00183398
0.00581133 0.00183436

0.00581133 0.00183436
0.00581633 0.00183984

0.00581632 0.00183984
0.00581719 0.00184082

0.00581719 0.00184084
0.00582142 0.0018457

0.00582143 0.0018457
0.00582305 0.00184764

0.00582305 0.00184765
0.00582628 0.00185156

0.00582631 0.00185156
0.00582891 0.00185484

0.00582891 0.0018548
0.00583094 0.00185742

0.00583097 0.00185742
0.00583477 0.00186239

0.00583477 0.00186238
0.00583543 0.00186328

0.00583544 0.00186328
0.00583973 0.00186914

0.00583975 0.00186914
0.00584062 0.0018704

0.00584062 0.00187042
0.00584384 0.001875

0.00584384 0.001875
0.00584648 0.00187892

0.00584648 0.00187892
0.00584778 0.00188086

0.00584778 0.00188086
0.00585157 0.00188672

0.00585158 0.00188672
0.00585234 0.00188796

0.00585234 0.00188797
0.0058552 0.00189258

0.0058552 0.00189258
0.0058582 0.00189763

0.0058582 0.00189763
0.00585868 0.00189844

0.00585868 0.00189844
0.00586202 0.0019043

0.00586203 0.0019043
0.00586406 0.00190802

0.00586406 0.00190803
0.00586523 0.00191016

0.00586522 0.00191016
0.0058683 0.00191602

0.0058683 0.00191602
0.00586992 0.00191924

0.00586992 0.00191925
0.00587124 0.00192187

0.00587124 0.00192187
0.00587406 0.00192773

0.00587407 0.00192773
0.00587578 0.00193145

0.00587578 0.00193146
0.00587677 0.00193359

0.00587676 0.00193359
0.00587935 0.00193945

0.00587935 0.00193945
0.00588164 0.00194487

0.00588164 0.00194487
0.00588183 0.00194531

0.00588182 0.00194531
0.00588418 0.00195117

0.00588418 0.00195117
0.00588644 0.00195703

0.00588644 0.00195703
0.0058875 0.00195991

0.0058875 0.00195991
0.00588859 0.00196289

0.00588859 0.00196289
0.00589064 0.00196875

0.00589064 0.00196875
0.00589259 0.00197461

0.00589259 0.00197461
0.00589336 0.00197703

0.00589336 0.00197703
0.00589445 0.00198047

0.00589445 0.00198047
0.0058962 0.00198633

0.0058962 0.00198633
0.00589787 0.00199219

0.00589787 0.00199219
0.00589922 0.00199717

0.00589922 0.00199717
0.00589945 0.00199805

0.00589945 0.00199805
0.00590094 0.00200391

0.00590094 0.00200391
0.00590235 0.00200977

0.00590235 0.00200977
0.00590367 0.00201563

0.00590367 0.00201562
0.00590491 0.00202148

0.00590491 0.00202148
0.00590508 0.00202233

0.00590508 0.00202233
0.00590607 0.00202734

0.00590607 0.00202734
0.00590715 0.0020332

0.00590715 0.0020332
0.00590815 0.00203906

0.00590815 0.00203906
0.00590907 0.00204492

0.00590907 0.00204492
0.00590992 0.00205078

0.00590992 0.00205078
0.00591069 0.00205664

0.00591069 0.00205664
0.00591094 0.00205872

0.00591094 0.00205872
0.00591139 0.0020625

0.00591139 0.0020625
0.00591201 0.00206836

0.00591201 0.00206836
0.00591256 0.00207422

0.00591256 0.00207422
0.00591304 0.00208008

0.00591304 0.00208008
0.00591344 0.00208594

0.00591344 0.00208594
0.00591378 0.0020918

0.00591378 0.0020918
0.00591404 0.00209766

0.00591404 0.00209766
0.00591423 0.00210352

0.00591423 0.00210352
0.00591434 0.00210937

0.00591434 0.00210937
0.00591438 0.00211523

0.00591438 0.00211523
0.00591435 0.00212109

0.00591435 0.00212109
0.00591424 0.00212695

0.00591425 0.00212695
0.00591406 0.00213281

0.00591406 0.00213281
0.00591381 0.00213867

0.00591381 0.00213867
0.00591347 0.00214453

0.00591347 0.00214453
0.00591306 0.00215039

0.00591306 0.00215039
0.00591257 0.00215625

0.00591094 0.00217132
0.00591062 0.00217383

0.00591062 0.00217383
0.00590981 0.00217969

0.00590981 0.00217969
0.00590891 0.00218555

0.00590891 0.00218555
0.00590793 0.00219141

0.00590793 0.00219141
0.00590686 0.00219727

0.00590686 0.00219727
0.00590571 0.00220312

0.00591257 0.00215625
0.00591201 0.00216211

0.00591201 0.00216211
0.00591136 0.00216797

0.00591094 0.00217133
0.00591136 0.00216797

0.00590508 0.00220608
0.00590446 0.00220898

0.00590446 0.00220898
0.00590312 0.00221484

0.00590508 0.00220608
0.00590571 0.00220312

0.00590312 0.00221484
0.0059017 0.0022207

0.0059017 0.0022207
0.00590019 0.00222656

0.00589922 0.0022301
0.00589858 0.00223242

0.00589858 0.00223242
0.00589687 0.00223828

0.00589336 0.00224952
0.0058932 0.00225

0.00589687 0.00223828
0.00589509 0.00224414

0.00589336 0.00224952
0.00589509 0.00224414

0.00589922 0.0022301
0.00590019 0.00222656

0.00578203 0.00243676
0.00578137 0.0024375

0.00579375 0.00242329
0.00579167 0.00242578

0.00578789 0.00243014
0.00578659 0.00243164

0.00578203 0.00243677
0.00578659 0.00243164

0.00578789 0.00243015
0.00579165 0.00242578

0.0058875 0.00226617
0.00588698 0.00226758

0.00588698 0.00226758
0.00588471 0.00227344

0.00587578 0.00229449
0.0058747 0.00229687

0.00588164 0.002281
0.0058799 0.00228516

0.00588471 0.00227344
0.00588235 0.0022793

0.00588164 0.00228101
0.00588236 0.0022793

0.00587989 0.00228516
0.00587734 0.00229102

0.00587578 0.00229448
0.00587735 0.00229102

0.00586406 0.00231857
0.00586316 0.00232031

0.00585234 0.0023399
0.0058501 0.00234375

0.0058582 0.00232952
0.00585682 0.00233203

0.00586316 0.00232031
0.00586003 0.00232617

0.0058582 0.00232951
0.00586004 0.00232617

0.00585682 0.00233203
0.0058535 0.00233789

0.00585234 0.0023399
0.00585351 0.00233789

0.00586992 0.00230694
0.00586912 0.00230859

0.00587469 0.00229687
0.00587195 0.00230273

0.00586992 0.00230694
0.00587196 0.00230273

0.00586912 0.00230859
0.00586618 0.00231445

0.00586406 0.00231857
0.00586619 0.00231445

0.00584062 0.00235924
0.00583931 0.00236133

0.0058393 0.00236133
0.00583551 0.00236719

0.00582891 0.00237702
0.00582763 0.00237891

0.00582305 0.00238543
0.00581932 0.00239062

0.00582762 0.00237891
0.00582352 0.00238477

0.00582305 0.00238544
0.00582352 0.00238477

0.00583477 0.00236831
0.00583162 0.00237305

0.00582891 0.00237702
0.00583162 0.00237305

0.00583477 0.00236832
0.0058355 0.00236719

0.00580547 0.00240892
0.00580138 0.00241406

0.00581133 0.00240136
0.00581059 0.00240234

0.00581719 0.00239352
0.00581501 0.00239648

0.00581133 0.00240135
0.00581501 0.00239648

0.00581058 0.00240234
0.00580604 0.0024082

0.00580547 0.00240893
0.00580604 0.0024082

0.00579961 0.00241622
0.00579659 0.00241992

0.00579375 0.00242332
0.00579656 0.00241992

0.00579961 0.00241624
0.00580136 0.00241406

0.00581719 0.00239353
0.00581931 0.00239062

0.00584648 0.0023498
0.005843 0.00235547

0.0058501 0.00234375
0.0058466 0.00234961

0.00584648 0.0023498
0.0058466 0.00234961

0.00584062 0.00235923
0.005843 0.00235547

0.00573516 0.00248232
0.00573264 0.00248437

0.00574687 0.00247208
0.00574624 0.00247266

0.00574102 0.00247729
0.00573959 0.00247852

0.00573516 0.00248232
0.00573962 0.00247852

0.00574102 0.00247731
0.00574626 0.00247266

0.00570586 0.00250467
0.0057012 0.00250781

0.00571172 0.00250056
0.00570971 0.00250195

0.00570586 0.00250469
0.00570975 0.00250195

0.00572344 0.0024918
0.00571781 0.00249609

0.00571172 0.00250056
0.00571758 0.00249627

0.00571758 0.00249627
0.00571781 0.00249609

0.0057 0.00250862
0.00570123 0.00250781

0.0057293 0.00248715
0.00572541 0.00249023

0.00572344 0.00249179
0.00572544 0.00249023

0.0057293 0.00248714
0.0057327 0.00248437

0.00576445 0.00245535
0.00575879 0.00246094

0.00577031 0.00244937
0.00576472 0.00245508

0.00576445 0.00245535
0.00576472 0.00245508

0.00575273 0.00246669
0.00575262 0.0024668

0.00574687 0.00247211
0.00575265 0.0024668

0.00575273 0.00246672
0.00575859 0.00246113

0.00575859 0.00246113
0.0057588 0.00246094

0.00577617 0.00244316
0.00577599 0.00244336

0.005776 0.00244336
0.00577045 0.00244922

0.00577617 0.00244317
0.00578138 0.0024375

0.00577031 0.00244937
0.00577046 0.00244922

0.0058932 0.00225
0.00589122 0.00225586

0.00589121 0.00225586
0.00588914 0.00226172

0.0058875 0.00226618
0.00588915 0.00226172

0.0072 3.33606e-05
0.00720586 3.37096e-05

0.00720586 3.37097e-05
0.00721172 3.40665e-05

0.00721172 3.40669e-05
0.00721758 3.44303e-05

0.00721758 3.44306e-05
0.00722344 3.47992e-05

0.00724181 0
0.00724687 4.94748e-06

0.00722344 3.47952e-05
0.00722901 3.51562e-05

0.00722884 3.51562e-05
0.0072293 3.51862e-05

0.0072293 3.51807e-05
0.00723516 3.55686e-05

0.00723516 3.55666e-05
0.00724102 3.5957e-05

0.00724102 3.59572e-05
0.00724687 3.63534e-05

0.00724687 4.97656e-06
0.00725174 0

0.00724687 3.63561e-05
0.00725273 3.67523e-05

0.00725273 3.67545e-05
0.00725859 3.71407e-05

0.00725859 3.71419e-05
0.00726445 3.75114e-05

0.00726445 3.75119e-05
0.00727031 3.78613e-05

0.00727031 3.78613e-05
0.00727617 3.81897e-05

0.00727617 3.81893e-05
0.00728203 3.84973e-05

0.00728203 3.8497e-05
0.00728789 3.87858e-05

0.00728789 3.87855e-05
0.00729375 3.90562e-05

0.00729375 3.90558e-05
0.00729961 3.93101e-05

0.00729961 3.93096e-05
0.00730547 3.95494e-05

0.00730547 3.95489e-05
0.00731133 3.97763e-05

0.00731133 3.97758e-05
0.00731719 3.99928e-05

0.00731719 3.99924e-05
0.00732305 4.0201e-05

0.00732305 4.02005e-05
0.00732891 4.04028e-05

0.00732891 4.04025e-05
0.00733477 4.06001e-05

0.00733477 4.06001e-05
0.00734062 4.0794e-05

0.00734062 4.07919e-05
0.00734648 4.09865e-05

0.00734648 4.09863e-05
0.00734736 4.10156e-05

0.00734729 4.10156e-05
0.00735234 4.11844e-05

0.00735234 4.11836e-05
0.0073582 4.13777e-05

0.0073582 4.13774e-05
0.00736406 4.15714e-05

0.00736406 4.15714e-05
0.00736992 4.17657e-05

0.00736992 4.17658e-05
0.00737578 4.196e-05

0.00737578 4.19601e-05
0.00738164 4.2154e-05

0.00738164 4.21542e-05
0.0073875 4.23472e-05

0.0073875 4.23473e-05
0.00739336 4.25389e-05

0.00739336 4.2539e-05
0.00739922 4.27285e-05

0.00739922 4.27286e-05
0.00740508 4.29154e-05

0.00740508 4.29155e-05
0.00741094 4.30992e-05

0.00741094 4.30992e-05
0.0074168 4.32794e-05

0.0074168 4.32794e-05
0.00742266 4.34558e-05

0.00742266 4.34558e-05
0.00742852 4.36285e-05

0.00742852 4.36285e-05
0.00743437 4.37974e-05

0.00743437 4.37973e-05
0.00744023 4.39627e-05

0.00744023 4.39625e-05
0.00744609 4.41246e-05

0.00744609 4.41244e-05
0.00745195 4.42843e-05

0.00745195 4.42842e-05
0.00745781 4.44424e-05

0.00745781 4.44423e-05
0.00746367 4.45993e-05

0.00746367 4.45992e-05
0.00746953 4.47554e-05

0.00746953 4.47553e-05
0.00747539 4.49111e-05

0.00747539 4.49111e-05
0.00748125 4.50669e-05

0.00748125 4.50669e-05
0.00748711 4.52229e-05

0.00748711 4.52229e-05
0.00749297 4.53793e-05

0.00749297 4.53793e-05
0.00749883 4.5536e-05

0.00749883 4.5536e-05
0.00750469 4.56931e-05

0.00750469 4.56932e-05
0.00751055 4.58504e-05

0.00751055 4.58505e-05
0.00751641 4.60076e-05

0.00751641 4.60077e-05
0.00752227 4.61644e-05

0.00752227 4.61645e-05
0.00752812 4.63206e-05

0.00752812 4.63208e-05
0.00753398 4.64758e-05

0.00753398 4.64762e-05
0.00753984 4.66292e-05

0.00753984 4.6628e-05
0.0075457 4.67806e-05

0.0075457 4.678e-05
0.00754934 4.6875e-05

0.0075492 4.6875e-05
0.00755156 4.69367e-05

0.00755156 4.69361e-05
0.00755742 4.7085e-05

0.00755742 4.70848e-05
0.00756328 4.72268e-05

0.00756328 4.7227e-05
0.00756914 4.73624e-05

0.00756914 4.73625e-05
0.007575 4.74907e-05

0.007575 4.74907e-05
0.00758086 4.76115e-05

0.00758086 4.76115e-05
0.00758672 4.77247e-05

0.00758672 4.77247e-05
0.00759258 4.78307e-05

0.00759258 4.78306e-05
0.00759844 4.79299e-05

0.00759844 4.79297e-05
0.0076043 4.80228e-05

0.0076043 4.80226e-05
0.00761016 4.81101e-05

0.00761016 4.81099e-05
0.00761602 4.81928e-05

0.00761602 4.81926e-05
0.00762187 4.82717e-05

0.00762187 4.82714e-05
0.00762773 4.83476e-05

0.00762773 4.83474e-05
0.00763359 4.84214e-05

0.00763359 4.84212e-05
0.00763945 4.8494e-05

0.00763945 4.84938e-05
0.00764531 4.85659e-05

0.00764531 4.85658e-05
0.00765117 4.86379e-05

0.00765117 4.86378e-05
0.00765703 4.87102e-05

0.00765703 4.87102e-05
0.00766289 4.87832e-05

0.00766289 4.87832e-05
0.00766875 4.88571e-05

0.00766875 4.88571e-05
0.00767461 4.89317e-05

0.00767461 4.89317e-05
0.00768047 4.9007e-05

0.00768047 4.9007e-05
0.00768633 4.90826e-05

0.00768633 4.90827e-05
0.00769219 4.91583e-05

0.00769219 4.91584e-05
0.00769805 4.92336e-05

0.00769805 4.92338e-05
0.00770391 4.93081e-05

0.00770391 4.93082e-05
0.00770977 4.93813e-05

0.00770977 4.93814e-05
0.00771562 4.94526e-05

0.00771562 4.94528e-05
0.00772148 4.95217e-05

0.00772148 4.95218e-05
0.00772734 4.95879e-05

0.00772734 4.9588e-05
0.0077332 4.96509e-05

0.0077332 4.9651e-05
0.00773906 4.97103e-05

0.00773906 4.97104e-05
0.00774492 4.97657e-05

0.00774492 4.97657e-05
0.00775078 4.98169e-05

0.00775078 4.98168e-05
0.00775664 4.98639e-05

0.00775664 4.9864e-05
0.0077625 4.99069e-05

0.0077625 4.99071e-05
0.00776836 4.99453e-05

0.00776836 4.99454e-05
0.00777422 4.99784e-05

0.00777422 4.99784e-05
0.00778008 5.00061e-05

0.00778008 5.0006e-05
0.00778594 5.00284e-05

0.00778594 5.00283e-05
0.0077918 5.00455e-05

0.0077918 5.00454e-05
0.00779766 5.00577e-05

0.00779766 5.00576e-05
0.00780352 5.00653e-05

0.00780352 5.00652e-05
0.00780937 5.00688e-05

0.00780937 5.00687e-05
0.00781523 5.00684e-05

0.00781523 5.00683e-05
0.00782109 5.00645e-05

0.00782109 5.00644e-05
0.00782695 5.00574e-05

0.00782695 5.00574e-05
0.00783281 5.00476e-05

0.00783281 5.00475e-05
0.00783867 5.00352e-05

0.00783867 5.00351e-05
0.00784453 5.00204e-05

0.00784453 5.00204e-05
0.00785039 5.00035e-05

0.00785039 5.00035e-05
0.00785625 4.99847e-05

0.00785625 4.99846e-05
0.00786211 4.99639e-05

0.00786211 4.99639e-05
0.00786797 4.99412e-05

0.00786797 4.99412e-05
0.00787383 4.99166e-05

0.00787383 4.99166e-05
0.00787969 4.98899e-05

0.00787969 4.98899e-05
0.00788555 4.98611e-05

0.00788555 4.98612e-05
0.00789141 4.98301e-05

0.00789141 4.983e-05
0.00789727 4.97968e-05

0.00789727 4.97967e-05
0.00790313 4.97615e-05

0.00790313 4.97619e-05
0.00790898 4.97244e-05

0.00790898 4.97246e-05
0.00791484 4.96839e-05

0.00791484 4.9684e-05
0.0079207 4.96397e-05

0.0079207 4.96398e-05
0.00792656 4.95914e-05

0.00792656 4.95915e-05
0.00793242 4.95385e-05

0.00793242 4.95386e-05
0.00793828 4.94808e-05

0.00793828 4.94809e-05
0.00794414 4.94179e-05

0.00794414 4.94179e-05
0.00795 4.93494e-05

0.00795 4.93495e-05
0.00795586 4.92752e-05

0.00795586 4.92752e-05
0.00796172 4.91948e-05

0.00796172 4.91949e-05
0.00796758 4.91082e-05

0.00796758 4.91083e-05
0.00797344 4.90151e-05

0.00797344 4.90151e-05
0.0079793 4.89153e-05

0.0079793 4.89154e-05
0.00798516 4.88087e-05

0.00798516 4.88087e-05
0.00799102 4.86952e-05

0.00799102 4.86952e-05
0.00799688 4.85746e-05

0.00799687 4.85747e-05
0.00800273 4.8447e-05

0.00800273 4.8447e-05
0.00800859 4.83122e-05

0.00800859 4.83122e-05
0.00801445 4.81702e-05

0.00801445 4.81702e-05
0.00802031 4.80208e-05

0.00802031 4.80209e-05
0.00802617 4.7864e-05

0.00802617 4.7864e-05
0.00803203 4.76995e-05

0.00803203 4.76996e-05
0.00803789 4.7527e-05

0.00803789 4.75271e-05
0.00804375 4.73462e-05

0.00806133 4.67448e-05
0.00805767 4.6875e-05

0.00806133 4.67473e-05
0.00806719 4.65342e-05

0.00806719 4.65355e-05
0.00807305 4.6314e-05

0.00807305 4.63141e-05
0.00807891 4.60815e-05

0.00807891 4.60815e-05
0.00808477 4.58379e-05

0.00808477 4.5838e-05
0.00809063 4.55833e-05

0.00804375 4.73461e-05
0.00804961 4.71566e-05

0.00804961 4.71577e-05
0.00805547 4.69576e-05

0.00805547 4.69586e-05
0.00805782 4.6875e-05

0.00809062 4.55834e-05
0.00809648 4.53172e-05

0.00809648 4.53172e-05
0.00810234 4.50392e-05

0.00810234 4.50392e-05
0.0081082 4.4749e-05

0.0081082 4.4749e-05
0.00811406 4.44465e-05

0.00811406 4.44465e-05
0.00811992 4.41317e-05

0.00811992 4.41315e-05
0.00812578 4.3805e-05

0.00812578 4.3805e-05
0.00813164 4.3467e-05

0.00813164 4.34669e-05
0.0081375 4.31175e-05

0.0081375 4.31173e-05
0.00814336 4.27574e-05

0.00814336 4.27571e-05
0.00814922 4.23878e-05

0.00814922 4.23876e-05
0.00815508 4.20097e-05

0.00815508 4.2009e-05
0.00816094 4.16244e-05

0.00816094 4.16257e-05
0.0081668 4.12331e-05

0.00817266 4.08281e-05
0.00816989 4.10156e-05

0.0081668 4.12345e-05
0.00817002 4.10156e-05

0.00817266 4.08313e-05
0.00817852 4.04359e-05

0.00817852 4.04382e-05
0.00818437 4.00435e-05

0.00818437 4.00435e-05
0.00819023 3.96449e-05

0.00819023 3.96447e-05
0.00819609 3.92426e-05

0.00819609 3.92426e-05
0.00820195 3.88378e-05

0.00820195 3.88378e-05
0.00820781 3.84303e-05

0.00820781 3.84301e-05
0.00821367 3.80202e-05

0.00821367 3.80203e-05
0.00821953 3.76082e-05

0.00821953 3.76085e-05
0.00822539 3.71938e-05

0.00822539 3.71935e-05
0.00823125 3.6776e-05

0.00823125 3.67758e-05
0.00823711 3.63564e-05

0.00823711 3.63558e-05
0.00824297 3.59362e-05

0.00825469 3.50934e-05
0.00825381 3.51562e-05

0.00824297 3.59357e-05
0.00824883 3.55178e-05

0.00824883 3.55202e-05
0.00825393 3.51562e-05

0.00825469 3.5094e-05
0.00826055 3.46892e-05

0.00826055 3.46924e-05
0.00826641 3.43085e-05

0.00826641 3.43091e-05
0.00827227 3.39384e-05

0.00827227 3.39378e-05
0.00827812 3.35802e-05

0.00827812 3.35796e-05
0.00828398 3.32377e-05

0.00828398 3.32371e-05
0.00828984 3.29132e-05

0.00828984 3.29125e-05
0.0082957 3.26089e-05

0.0082957 3.26082e-05
0.00830156 3.23277e-05

0.00830156 3.23266e-05
0.00830742 3.20729e-05

0.00830742 3.20737e-05
0.00831328 3.18476e-05

0.00831328 3.18474e-05
0.00831914 3.16479e-05

0.00831914 3.16474e-05
0.008325 3.14757e-05

0.008325 3.14751e-05
0.00833086 3.13332e-05

0.00833086 3.13327e-05
0.00833672 3.12229e-05

0.00833672 3.12225e-05
0.00834258 3.11465e-05

0.00834258 3.11464e-05
0.00834844 3.11055e-05

0.00834844 3.11059e-05
0.0083543 3.10998e-05

0.0083543 3.1101e-05
0.00836016 3.11269e-05

0.00836016 3.11292e-05
0.00836602 3.11798e-05

0.00836602 3.11836e-05
0.00837187 3.12465e-05

0.00837187 3.12515e-05
0.00837773 3.1309e-05

0.00837773 3.13144e-05
0.00838359 3.13459e-05

0.00838359 3.13497e-05
0.00838945 3.13368e-05

0.00838945 3.13366e-05
0.00839531 3.12722e-05

0.00839531 3.12642e-05
0.00840117 3.11648e-05

0.00840117 3.11439e-05
0.00840703 3.10672e-05

0.00840703 3.10287e-05
0.00841289 3.10934e-05

0.00841289 3.10348e-05
0.00841875 3.1435e-05

0.00841875 3.13595e-05
0.00842461 3.23636e-05

0.00842461 3.22341e-05
0.00843047 3.42519e-05

0.00843047 3.41805e-05
0.00843236 3.51562e-05

0.00843181 3.51562e-05
0.00843633 3.74873e-05

0.00843633 3.75308e-05
0.00844213 4.10156e-05

0.00844197 4.10156e-05
0.00844219 4.11406e-05

0.00844219 4.1212e-05
0.00844805 4.46487e-05

0.00844805 4.4757e-05
0.00845236 4.6875e-05

0.00845263 4.6875e-05
0.00845391 4.75041e-05

0.00845391 4.75757e-05
0.00845977 4.97996e-05

0.00845977 4.98276e-05
0.00846562 5.13973e-05

0.00850078 4.55372e-05
0.00849813 4.6875e-05

0.00850078 4.57233e-05
0.00850664 4.16243e-05

0.0085125 3.60975e-05
0.00850737 4.10156e-05

0.00850664 4.16295e-05
0.00850738 4.10156e-05

0.00846562 5.1399e-05
0.00847148 5.22554e-05

0.00847148 5.22507e-05
0.00847734 5.23997e-05

0.00847734 5.24026e-05
0.0084832 5.18481e-05

0.0084832 5.18523e-05
0.00848906 5.05803e-05

0.00848906 5.06111e-05
0.00849492 4.85518e-05

0.00849492 4.86371e-05
0.00849842 4.6875e-05

0.00852422 1.50398e-05
0.00852349 1.75781e-05

0.00852352 1.75781e-05
0.00852107 2.34375e-05

0.00852646 0
0.00852613 5.85937e-06

0.00852614 5.85938e-06
0.00852516 1.17187e-05

0.00852422 1.50416e-05
0.00852517 1.17187e-05

0.00851836 2.82363e-05
0.00851775 2.92969e-05

0.00851784 2.92969e-05
0.00851333 3.51562e-05

0.00851836 2.824e-05
0.00852111 2.34375e-05

0.0085125 3.6108e-05
0.00851336 3.51562e-05

0.00867549 0
0.00867561 5.85937e-06

0.00867561 5.85938e-06
0.00867597 1.17187e-05

0.00867597 1.17187e-05
0.00867656 1.73884e-05

0.00867656 1.73882e-05
0.00867658 1.75781e-05

0.00867658 1.75781e-05
0.00867744 2.34375e-05

0.00867744 2.34375e-05
0.00867855 2.92969e-05

0.00867855 2.92969e-05
0.00867991 3.51562e-05

0.00867991 3.51562e-05
0.00868154 4.10156e-05

0.00868153 4.10156e-05
0.00868242 4.37579e-05

0.00868242 4.37582e-05
0.00868343 4.6875e-05

0.00868343 4.6875e-05
0.00868561 5.27344e-05

0.0086856 5.27344e-05
0.00868807 5.85937e-05

0.00868807 5.85937e-05
0.00868828 5.90379e-05

0.00868828 5.90396e-05
0.00869085 6.44531e-05

0.00869084 6.44531e-05
0.00869394 7.03125e-05

0.00869394 7.03125e-05
0.00869414 7.06549e-05

0.00869414 7.06573e-05
0.00869739 7.61719e-05

0.00869738 7.61719e-05
0.0087 8.01808e-05

0.0087 8.01824e-05
0.00870121 8.20312e-05

0.0087012 8.20312e-05
0.00870545 8.78906e-05

0.00870549 8.78906e-05
0.00870586 8.83754e-05

0.00870586 8.84273e-05
0.00871016 9.375e-05

0.00877304 0
0.00877384 5.85937e-06

0.00877374 5.85938e-06
0.00877617 1.13077e-05

0.00877617 1.13091e-05
0.00877635 1.17187e-05

0.00877617 1.19955e-05
0.00878141 1.75781e-05

0.00878203 1.77681e-05
0.00878789 2.10819e-05

0.00878789 2.10301e-05
0.00879375 2.23904e-05

0.00871021 9.375e-05
0.00871172 9.54945e-05

0.00871172 9.55191e-05
0.00871541 9.96094e-05

0.00871548 9.96094e-05
0.00871758 0.000101757

0.00871758 0.000101827
0.00872139 0.000105469

0.00872144 0.000105469
0.00872344 0.00010728

0.00872344 0.000107367
0.00872819 0.000111328

0.0087283 0.000111328
0.0087293 0.000112119

0.0087293 0.000112219
0.00873516 0.000116487

0.00873516 0.000116505
0.00873623 0.000117187

0.00873633 0.000117187
0.00874102 0.000120183

0.00874102 0.000120245
0.00874611 0.000123047

0.0087464 0.000123047
0.00874687 0.000123307

0.00874687 0.000123386
0.00875273 0.000126151

0.00875273 0.000126203
0.00875859 0.000128537

0.00875859 0.000128547
0.00875972 0.000128906

0.0087599 0.000128906
0.00876445 0.00013036

0.00876445 0.00013037
0.00877031 0.000131856

0.00877031 0.000131858
0.00877617 0.000132954

0.00877617 0.000132951
0.00878203 0.000133659

0.00878203 0.000133656
0.00878789 0.000133988

0.00878789 0.000133987
0.00879375 0.00013395

0.00879375 2.2331e-05
0.00879961 2.19605e-05

0.00879961 2.20598e-05
0.00880547 1.98787e-05

0.00881719 1.86501e-06
0.00881664 5.85937e-06

0.00881675 5.85938e-06
0.00881411 1.17187e-05

0.00881133 1.52814e-05
0.00880874 1.75781e-05

0.00880547 2.00104e-05
0.0088089 1.75781e-05

0.00881133 1.54649e-05
0.00881429 1.17187e-05

0.00881719 1.86578e-06
0.00881744 0

0.0088875 6.71349e-05
0.00888593 7.03125e-05

0.00887578 8.68159e-05
0.00887503 8.78906e-05

0.00887505 8.78906e-05
0.00887049 9.375e-05

0.00888164 7.79036e-05
0.00887909 8.20312e-05

0.00888594 7.03125e-05
0.0088827 7.61719e-05

0.00888164 7.7913e-05
0.00888271 7.61719e-05

0.00887578 8.68156e-05
0.0088791 8.20312e-05

0.00879375 0.00013395
0.00879961 0.000133546

0.00879961 0.000133548
0.00880547 0.000132774

0.00880547 0.000132771
0.00881133 0.00013163

0.00881133 0.000131641
0.00881719 0.000130115

0.00882305 0.000128118
0.00882067 0.000128906

0.00882305 0.00012816
0.00882891 0.000125824

0.00881719 0.000130158
0.00882096 0.000128906

0.00883477 0.000122928
0.00883452 0.000123047

0.00882891 0.000125879
0.00883477 0.00012308

0.00883477 0.000123039
0.00884062 0.000119749

0.00883477 0.000123067
0.0088348 0.000123047

0.00884648 0.000115936
0.00884454 0.000117187

0.00884648 0.000116028
0.00885234 0.000111664

0.00886406 0.000100968
0.00885947 0.000105469

0.0088582 0.000106667
0.00885274 0.000111328

0.00885234 0.000111657
0.00885275 0.000111328

0.0088582 0.000106668
0.0088595 0.000105469

0.00884062 0.000119817
0.00884471 0.000117187

0.00886992 9.4422e-05
0.00886535 9.96094e-05

0.00886406 0.000100972
0.00886536 9.96094e-05

0.00886992 9.44411e-05
0.0088705 9.375e-05

0.0089028 0
0.00890269 5.85937e-06

0.00890269 5.85938e-06
0.00890236 1.17187e-05

0.00890236 1.17187e-05
0.00890182 1.75781e-05

0.00890182 1.75781e-05
0.00890105 2.34375e-05

0.00889922 3.32781e-05
0.00889882 3.51562e-05

0.00889883 3.51562e-05
0.00889735 4.10156e-05

0.00889736 4.10156e-05
0.00889563 4.6875e-05

0.00890105 2.34375e-05
0.00890005 2.92969e-05

0.00889922 3.32785e-05
0.00890006 2.92969e-05

0.00889336 5.34803e-05
0.00889138 5.85937e-05

0.00889563 4.6875e-05
0.00889364 5.27344e-05

0.00889336 5.34807e-05
0.00889365 5.27344e-05

0.00889138 5.85937e-05
0.00888882 6.44531e-05

0.0088875 6.7136e-05
0.00888882 6.44531e-05

0.0098437 0
0.00984395 5.85937e-06

0.00984395 5.85938e-06
0.00984468 1.17187e-05

0.00984468 1.17187e-05
0.00984592 1.75781e-05

0.00984591 1.75781e-05
0.00984766 2.34375e-05

0.00984765 2.34375e-05
0.00984844 2.54359e-05

0.00984844 2.54408e-05
0.00984997 2.92969e-05

0.00984994 2.92969e-05
0.00985292 3.51562e-05

0.00985289 3.51562e-05
0.0098543 3.73873e-05

0.0098543 3.73756e-05
0.00985664 4.10156e-05

0.00985661 4.10156e-05
0.00986016 4.54291e-05

0.00986016 4.54445e-05
0.00986139 4.6875e-05

0.00986134 4.6875e-05
0.00986602 5.14603e-05

0.00986602 5.15199e-05
0.00986749 5.27344e-05

0.00986768 5.27344e-05
0.00987187 5.59861e-05

0.00987187 5.61182e-05
0.00987607 5.85937e-05

0.00987651 5.85937e-05
0.00987773 5.92988e-05

0.00987773 5.94189e-05
0.00988359 6.1902e-05

0.00988359 6.19171e-05
0.00988945 6.35769e-05

0.00988945 6.35812e-05
0.00989531 6.4379e-05

0.00989531 6.43935e-05
0.00990117 6.42913e-05

0.00990117 6.43172e-05
0.00990703 6.32341e-05

0.00991875 5.73444e-05
0.0099168 5.85937e-05

0.00990703 6.32959e-05
0.00991289 6.10566e-05

0.00991289 6.11872e-05
0.00991701 5.85937e-05

0.00993047 1.1628e-05
0.00993039 1.17187e-05

0.00991875 1.67539e-05
0.00992461 1.44491e-05

0.00991875 1.84541e-05
0.00992461 2.17521e-05

0.00992461 1.57825e-05
0.00992919 1.75781e-05

0.00992461 2.04668e-05
0.0099285 1.75781e-05

0.00993555 0
0.00993508 5.85937e-06

0.00993457 5.85938e-06
0.00993417 1.17187e-05

0.00993507 1.17187e-05
0.00993537 1.75781e-05

0.0099357 1.75781e-05
0.00993505 2.34375e-05

0.00993047 4.14548e-05
0.00992775 4.6875e-05

0.00993417 2.34375e-05
0.00993325 2.92969e-05

0.00993365 2.92969e-05
0.00993261 3.51562e-05

0.0099326 3.51562e-05
0.00993065 4.10156e-05

0.00993047 4.14869e-05
0.0099307 4.10156e-05

0.00992461 5.13624e-05
0.00992355 5.27344e-05

0.00991875 5.75319e-05
0.00992379 5.27344e-05

0.00992461 5.14099e-05
0.00992786 4.6875e-05

0.0079793 0.00509728
0.00798479 0.0050918

0.00797895 0.00509766
0.00797898 0.00510352

0.0079793 0.00510375
0.00798478 0.00510937

0.00798516 0.00509154
0.00799102 0.00509142

0.00798516 0.0050918
0.00798526 0.0050918

0.00799102 0.00509153
0.00799153 0.0050918

0.00799167 0.0050918
0.00799688 0.00509707

0.00799688 0.00510446
0.00799218 0.00510937

0.00798497 0.00510937
0.00798516 0.00510948

0.00798516 0.00510982
0.00799102 0.0051102

0.00799102 0.00511013
0.00799239 0.00510937

0.00799687 0.00509707
0.00799718 0.00509766

0.00799696 0.00509766
0.00799716 0.00510352

0.00799687 0.00510457
0.00799741 0.00510352

0.0102026 0
0.0102032 5.85937e-06

0.0102031 5.85938e-06
0.0102047 1.17187e-05

0.0102047 1.17187e-05
0.0102059 1.41053e-05

0.0102059 1.41008e-05
0.0102076 1.75781e-05

0.0102074 1.75781e-05
0.0102117 2.29757e-05

0.0102117 2.29779e-05
0.0102121 2.34375e-05

0.0102121 2.34375e-05
0.0102176 2.81123e-05

0.0102176 2.82301e-05
0.0102195 2.92969e-05

0.0102202 2.92969e-05
0.0102234 3.10742e-05

0.0102234 3.10986e-05
0.0102293 3.29171e-05

0.0102293 3.29106e-05
0.0102352 3.35895e-05

0.0102352 3.35732e-05
0.010241 3.31581e-05

0.010241 3.31814e-05
0.0102469 3.16582e-05

0.010269 0
0.0102684 5.85937e-06

0.0102685 5.85938e-06
0.0102668 1.17187e-05

0.0102645 1.66521e-05
0.010264 1.75781e-05

0.0102642 1.75781e-05
0.0102595 2.34375e-05

0.0102645 1.66501e-05
0.0102669 1.17187e-05

0.0102527 2.8679e-05
0.0102515 2.92969e-05

0.0102469 3.17969e-05
0.010252 2.92969e-05

0.0102527 2.90433e-05
0.0102586 2.43155e-05

0.0102586 2.43282e-05
0.0102595 2.34375e-05

0.0103377 0
0.0103383 5.85937e-06

0.0103383 5.85938e-06
0.0103402 1.17187e-05

0.0103401 1.17187e-05
0.0103406 1.26858e-05

0.0103406 1.26946e-05
0.0103435 1.75781e-05

0.0103435 1.75781e-05
0.0103465 2.09343e-05

0.0103465 2.11564e-05
0.0103493 2.34375e-05

0.0103498 2.34375e-05
0.0103523 2.52286e-05

0.0103523 2.535e-05
0.0103582 2.79908e-05

0.0103582 2.79506e-05
0.0103641 2.9165e-05

0.0103875 2.02716e-05
0.0103839 2.34375e-05

0.0103641 2.91353e-05
0.0103699 2.9063e-05

0.0103699 2.90685e-05
0.0103758 2.77578e-05

0.0103758 2.78835e-05
0.0103816 2.50721e-05

0.0103816 2.51094e-05
0.010384 2.34375e-05

0.0103934 1.08688e-05
0.0103931 1.17187e-05

0.0103952 0
0.0103947 5.85937e-06

0.0103934 1.0883e-05
0.0103949 5.85938e-06

0.0103932 1.17187e-05
0.0103898 1.75781e-05

0.0103875 2.03468e-05
0.0103898 1.75781e-05

0.0104047 0
0.0104051 2.1843e-06

0.0104051 9.78381e-07
0.0104055 5.85937e-06

0.0104053 5.85938e-06
0.010407 1.17187e-05

0.010407 1.17187e-05
0.0104102 1.75781e-05

0.0104103 1.75781e-05
0.0104109 1.85249e-05

0.0104109 1.8639e-05
0.0104148 2.34375e-05

0.0104151 2.34375e-05
0.0104168 2.51576e-05

0.0104168 2.53734e-05
0.0104215 2.92969e-05

0.0104218 2.92969e-05
0.0104227 2.99479e-05

0.0104227 3.01803e-05
0.0104285 3.36981e-05

0.0104285 3.38811e-05
0.0104324 3.51562e-05

0.0104327 3.51562e-05
0.0104344 3.57135e-05

0.0104402 1.75135e-05
0.0104402 1.75781e-05

0.0104402 1.56953e-05
0.0104461 1.5635e-05

0.0104402 1.7659e-05
0.0104461 1.76626e-05

0.0104461 1.71325e-05
0.0104461 1.75781e-05

0.010452 2.33507e-05
0.0104519 2.34375e-05

0.0104578 2.27796e-05
0.0104572 2.34375e-05

0.0104461 3.41135e-05
0.010443 3.51562e-05

0.0104344 3.57645e-05
0.0104402 3.58976e-05

0.0104402 3.60539e-05
0.0104429 3.51562e-05

0.010452 2.92271e-05
0.0104519 2.92969e-05

0.0104461 3.41603e-05
0.010452 2.96681e-05

0.010452 2.91562e-05
0.0104574 2.34375e-05

0.010452 2.95855e-05
0.0104522 2.92969e-05

0.0104694 0
0.0104687 5.85937e-06

0.0104687 5.85938e-06
0.0104664 1.17187e-05

0.0104637 1.63482e-05
0.0104629 1.75781e-05

0.0104578 2.29652e-05
0.0104624 1.75781e-05

0.0104637 1.5761e-05
0.0104663 1.17187e-05

