0.00412476 0
0.00412541 5.85937e-06

0.00412535 5.85938e-06
0.00412742 1.17187e-05

0.00412733 1.17187e-05
0.00412969 1.53824e-05

0.00412969 1.53678e-05
0.00413118 1.75781e-05

0.0041311 1.75781e-05
0.00413555 2.18685e-05

0.00413555 2.18294e-05
0.0041382 2.34375e-05

0.00413817 2.34375e-05
0.00414141 2.53266e-05

0.00414141 2.51795e-05
0.00414727 2.68961e-05

0.00414727 2.68799e-05
0.00415312 2.71791e-05

0.00417656 7.8036e-06
0.00417521 1.17187e-05

0.0041707 1.86788e-05
0.00416524 2.34375e-05

0.00417538 1.17187e-05
0.00417154 1.75781e-05

0.0041707 1.85198e-05
0.00417152 1.75781e-05

0.00415312 2.72059e-05
0.00415898 2.60665e-05

0.00415898 2.61045e-05
0.00416475 2.34375e-05

0.00417782 0
0.00417718 5.85937e-06

0.00417656 7.81429e-06
0.00417724 5.85938e-06

0.0045537 0
0.00455438 5.85937e-06

0.00455431 5.85938e-06
0.00455646 1.17187e-05

0.00455637 1.17187e-05
0.00455742 1.34279e-05

0.00455742 1.33525e-05
0.00456041 1.75781e-05

0.0045604 1.75781e-05
0.00456328 2.04321e-05

0.00456328 2.04773e-05
0.00456764 2.34375e-05

0.00456775 2.34375e-05
0.00456914 2.4255e-05

0.00456914 2.41711e-05
0.004575 2.61524e-05

0.00459844 1.9574e-05
0.00459334 2.34375e-05

0.004575 2.61147e-05
0.00458086 2.66781e-05

0.00458086 2.66961e-05
0.00458672 2.58806e-05

0.00458672 2.58988e-05
0.00459258 2.36323e-05

0.0046043 1.13246e-05
0.00460415 1.17187e-05

0.00460689 0
0.00460622 5.85937e-06

0.0046043 1.13279e-05
0.00460628 5.85938e-06

0.0046043 1.18027e-05
0.00460027 1.75781e-05

0.00459844 1.94833e-05
0.00460026 1.75781e-05

0.00472949 0
0.0047332 9.2545e-07

0.0047332 1.17091e-06
0.00473373 0

0.00474949 0
0.0047497 5.85937e-06

0.0047497 5.85938e-06
0.00475035 1.17187e-05

0.00475035 1.17187e-05
0.00475078 1.40431e-05

0.00475078 1.40454e-05
0.00475144 1.75781e-05

0.00475144 1.75781e-05
0.00475301 2.34375e-05

0.004753 2.34375e-05
0.00475506 2.92969e-05

0.00475505 2.92969e-05
0.00475664 3.28777e-05

0.00475664 3.2892e-05
0.00475764 3.51562e-05

0.00475763 3.51562e-05
0.00476082 4.10156e-05

0.00476081 4.10156e-05
0.0047625 4.3601e-05

0.00477697 0
0.00477762 5.85937e-06

0.00477757 5.85938e-06
0.00477963 1.17187e-05

0.0047795 1.17187e-05
0.00478008 1.27366e-05

0.00478008 1.26623e-05
0.00478339 1.75781e-05

0.00478326 1.75781e-05
0.00478594 2.03566e-05

0.0047625 4.3603e-05
0.00476466 4.6875e-05

0.00478594 2.02655e-05
0.00479031 2.34375e-05

0.00479026 2.34375e-05
0.0047918 2.43684e-05

0.0047918 2.42815e-05
0.00479766 2.63858e-05

0.00479766 2.63039e-05
0.00480352 2.68669e-05

0.00480352 2.68866e-05
0.00480937 2.60327e-05

0.00476464 4.6875e-05
0.00476836 5.15803e-05

0.00476836 5.16056e-05
0.0047693 5.27344e-05

0.00476926 5.27344e-05
0.00477422 5.79752e-05

0.00477422 5.79182e-05
0.00477492 5.85937e-05

0.00477488 5.85937e-05
0.00478008 6.31996e-05

0.00478008 6.31348e-05
0.00478182 6.44531e-05

0.00478181 6.44531e-05
0.00478594 6.75153e-05

0.00478594 6.75161e-05
0.00479044 7.03125e-05

0.00479047 7.03125e-05
0.0047918 7.1116e-05

0.0047918 7.10914e-05
0.00479766 7.41456e-05

0.00479766 7.4179e-05
0.00480228 7.61719e-05

0.00480233 7.61719e-05
0.00480352 7.66841e-05

0.00480352 7.66554e-05
0.00480937 7.86927e-05

0.00482109 1.94402e-05
0.00481612 2.34375e-05

0.00482695 1.01004e-05
0.00482639 1.17187e-05

0.00482903 0
0.00482838 5.85937e-06

0.00482695 1.0076e-05
0.00482842 5.85938e-06

0.00482659 1.17187e-05
0.00482268 1.75781e-05

0.00482109 1.91561e-05
0.00482253 1.75781e-05

0.00480937 2.6057e-05
0.00481523 2.3698e-05

0.00481523 2.3474e-05
0.00481529 2.34375e-05

0.00480937 7.8696e-05
0.00481523 8.03298e-05

0.00481523 8.03313e-05
0.00482109 8.15521e-05

0.00482109 8.15482e-05
0.00482459 8.20312e-05

0.00482456 8.20312e-05
0.00482695 8.23614e-05

0.00482695 8.23397e-05
0.00483281 8.2782e-05

0.00483281 8.27853e-05
0.00483867 8.28928e-05

0.00483867 8.28913e-05
0.00484453 8.26603e-05

0.00485625 8.1234e-05
0.00485083 8.20312e-05

0.00484453 8.26551e-05
0.00485039 8.20993e-05

0.00485039 8.2079e-05
0.00485071 8.20312e-05

0.00485625 8.1239e-05
0.00486211 8.00655e-05

0.00486211 8.00664e-05
0.00486797 7.85681e-05

0.00486797 7.85607e-05
0.00487383 7.67503e-05

0.00487969 7.4657e-05
0.00487547 7.61719e-05

0.00487383 7.67117e-05
0.00487533 7.61719e-05

0.00489141 6.95863e-05
0.0048898 7.03125e-05

0.00489141 6.9577e-05
0.00489727 6.66891e-05

0.00490312 6.35772e-05
0.00490146 6.44531e-05

0.00489727 6.66913e-05
0.00490151 6.44531e-05

0.00487969 7.4638e-05
0.00488555 7.22475e-05

0.00488555 7.22434e-05
0.00488981 7.03125e-05

0.00493828 4.48381e-05
0.00493362 4.6875e-05

0.00493828 4.48792e-05
0.00494414 4.28397e-05

0.00494414 4.28354e-05
0.00495 4.13169e-05

0.00491484 5.69678e-05
0.00491197 5.85937e-05

0.00490312 6.35753e-05
0.00490898 6.03317e-05

0.00490898 6.03354e-05
0.00491207 5.85937e-05

0.00491484 5.6986e-05
0.0049207 5.3673e-05

0.00492656 5.04068e-05
0.00492226 5.27344e-05

0.0049207 5.36963e-05
0.00492248 5.27344e-05

0.00492656 5.04503e-05
0.00493242 4.75147e-05

0.00493242 4.75543e-05
0.00493398 4.6875e-05

0.00495586 4.03273e-05
0.00495156 4.10156e-05

0.00495 4.13488e-05
0.00495208 4.10156e-05

0.00495586 4.0374e-05
0.00496172 4.00216e-05

0.00496172 4.0042e-05
0.00496758 4.01935e-05

0.00496758 4.02183e-05
0.00497344 4.07834e-05

0.00497344 4.08121e-05
0.00497483 4.10156e-05

0.00497477 4.10156e-05
0.0049793 4.16786e-05

0.0049793 4.16957e-05
0.00498516 4.27366e-05

0.00498516 4.27498e-05
0.00499102 4.39092e-05

0.00499102 4.39228e-05
0.00499687 4.51472e-05

0.00499687 4.51589e-05
0.00500273 4.63978e-05

0.00500273 4.64009e-05
0.00500505 4.6875e-05

0.00500495 4.6875e-05
0.00500859 4.762e-05

0.00500859 4.76163e-05
0.00501445 4.87374e-05

0.00501445 4.87394e-05
0.00502031 4.97704e-05

0.00502031 4.97731e-05
0.00502617 5.07043e-05

0.00502617 5.07049e-05
0.00503203 5.15296e-05

0.00503203 5.15291e-05
0.00503789 5.2247e-05

0.00503789 5.22469e-05
0.00504258 5.27344e-05

0.00504251 5.27344e-05
0.00504375 5.2863e-05

0.00504375 5.2855e-05
0.00504961 5.33579e-05

0.00504961 5.33539e-05
0.00505547 5.37638e-05

0.00505547 5.37606e-05
0.00506133 5.4092e-05

0.00506133 5.40886e-05
0.00506719 5.43548e-05

0.00506719 5.43514e-05
0.00507305 5.45661e-05

0.00507305 5.45628e-05
0.00507891 5.47397e-05

0.00507891 5.47366e-05
0.00508477 5.48884e-05

0.00508477 5.48857e-05
0.00509062 5.50242e-05

0.00509062 5.50219e-05
0.00509648 5.51572e-05

0.00509648 5.51554e-05
0.00510234 5.52954e-05

0.00510234 5.52943e-05
0.0051082 5.54447e-05

0.0051082 5.54438e-05
0.00511406 5.56084e-05

0.00511406 5.56079e-05
0.00511992 5.57896e-05

0.00511992 5.57898e-05
0.00512578 5.59894e-05

0.00512578 5.59898e-05
0.00513164 5.62058e-05

0.00513164 5.62065e-05
0.0051375 5.64366e-05

0.0051375 5.64374e-05
0.00514336 5.66788e-05

0.00514336 5.66796e-05
0.00514922 5.69294e-05

0.00514922 5.69301e-05
0.00515508 5.71854e-05

0.00515508 5.7186e-05
0.00516094 5.74445e-05

0.00516094 5.74449e-05
0.0051668 5.77045e-05

0.0051668 5.77046e-05
0.00517266 5.79644e-05

0.00517266 5.79645e-05
0.00517852 5.82241e-05

0.00517852 5.82254e-05
0.00518437 5.8482e-05

0.00518437 5.84829e-05
0.00518704 5.85937e-05

0.00518692 5.85937e-05
0.00519023 5.87318e-05

0.00519023 5.87278e-05
0.00519609 5.89564e-05

0.00519609 5.89555e-05
0.00520195 5.91742e-05

0.00520195 5.91738e-05
0.00520781 5.93852e-05

0.00520781 5.93849e-05
0.00521367 5.95904e-05

0.00521367 5.95901e-05
0.00521953 5.97908e-05

0.00521953 5.97905e-05
0.00522539 5.99874e-05

0.00522539 5.99872e-05
0.00523125 6.01813e-05

0.00523125 6.01811e-05
0.00523711 6.0373e-05

0.00523711 6.03729e-05
0.00524297 6.0563e-05

0.00524297 6.0563e-05
0.00524883 6.07517e-05

0.00524883 6.07517e-05
0.00525469 6.0939e-05

0.00525469 6.0939e-05
0.00526055 6.11249e-05

0.00526055 6.11249e-05
0.00526641 6.13092e-05

0.00526641 6.1309e-05
0.00527227 6.1492e-05

0.00527227 6.14923e-05
0.00527812 6.16739e-05

0.00527812 6.16741e-05
0.00528398 6.18535e-05

0.00528398 6.18536e-05
0.00528984 6.20301e-05

0.00528984 6.20302e-05
0.0052957 6.22036e-05

0.0052957 6.22036e-05
0.00530156 6.2374e-05

0.00530156 6.2374e-05
0.00530742 6.25412e-05

0.00530742 6.25411e-05
0.00531328 6.27053e-05

0.00531328 6.27053e-05
0.00531914 6.28666e-05

0.00531914 6.28665e-05
0.005325 6.3025e-05

0.005325 6.3025e-05
0.00533086 6.31808e-05

0.00533086 6.31808e-05
0.00533672 6.33342e-05

0.00533672 6.33341e-05
0.00534258 6.34852e-05

0.00534258 6.34851e-05
0.00534844 6.36341e-05

0.00534844 6.36341e-05
0.0053543 6.37813e-05

0.0053543 6.37811e-05
0.00536016 6.39269e-05

0.00536016 6.39268e-05
0.00536602 6.40717e-05

0.00536602 6.40717e-05
0.00537187 6.4216e-05

0.00537187 6.42164e-05
0.00537773 6.43595e-05

0.00537773 6.43601e-05
0.0053817 6.44531e-05

0.00538155 6.44531e-05
0.00538359 6.45011e-05

0.00538359 6.44972e-05
0.00538945 6.46291e-05

0.00538945 6.46283e-05
0.00539531 6.47595e-05

0.00539531 6.47597e-05
0.00540117 6.48913e-05

0.00540117 6.48915e-05
0.00540703 6.50228e-05

0.00540703 6.50229e-05
0.00541289 6.51536e-05

0.00541289 6.51536e-05
0.00541875 6.52836e-05

0.00543334 0
0.00543633 3.04733e-06

0.00543853 0
0.00544219 2.56268e-06

0.00544219 1.73675e-06
0.00544805 1.7362e-06

0.00544805 3.8265e-06
0.0054505 0

0.00546302 0
0.00546562 3.55274e-06

0.00541875 6.52836e-05
0.00542461 6.54129e-05

0.00542461 6.54128e-05
0.00543047 6.55413e-05

0.00543047 6.55413e-05
0.00543633 6.56691e-05

0.00543633 6.56691e-05
0.00544219 6.57961e-05

0.00544219 6.57961e-05
0.00544805 6.59226e-05

0.00544805 6.59226e-05
0.00545391 6.60486e-05

0.00545391 6.60486e-05
0.00545977 6.61743e-05

0.00545977 6.61743e-05
0.00546562 6.62997e-05

0.00546562 1.34098e-06
0.00547148 1.29599e-06

0.00547148 3.5416e-06
0.00547406 0

0.00548623 0
0.00548906 3.90183e-06

0.00548906 1.56255e-06
0.00549492 1.64289e-06

0.00549492 3.92372e-06
0.00549781 0

0.00546562 6.62996e-05
0.00547148 6.6425e-05

0.00547148 6.6425e-05
0.00547734 6.65506e-05

0.00547734 6.65505e-05
0.0054832 6.66764e-05

0.0054832 6.66763e-05
0.00548906 6.68026e-05

0.00548906 6.68026e-05
0.00549492 6.69294e-05

0.00549492 6.69294e-05
0.00550078 6.70569e-05

0.00550078 6.70569e-05
0.00550664 6.71851e-05

0.00550664 6.71851e-05
0.0055125 6.73141e-05

0.00554482 0
0.00554766 4.39927e-06

0.00554766 2.28315e-06
0.00555352 2.28367e-06

0.00555352 2.79892e-06
0.00555797 0

0.0055125 6.7314e-05
0.00551836 6.74441e-05

0.00551836 6.74439e-05
0.00552422 6.75758e-05

0.00552422 6.75755e-05
0.00553008 6.771e-05

0.00553008 6.77095e-05
0.00553594 6.7848e-05

0.00553594 6.78473e-05
0.0055418 6.79922e-05

0.0055418 6.79913e-05
0.00554766 6.81455e-05

0.00554766 6.81444e-05
0.00555352 6.83115e-05

0.00555352 6.83104e-05
0.00555937 6.84947e-05

0.00555937 3.56201e-06
0.00556307 0

0.00555937 6.84936e-05
0.00556523 6.86995e-05

0.00556523 6.86985e-05
0.00557109 6.89305e-05

0.00557109 6.89296e-05
0.00557695 6.91913e-05

0.00557695 6.91908e-05
0.00558281 6.94847e-05

0.00558281 6.94847e-05
0.00558867 6.9812e-05

0.00558867 6.98117e-05
0.00559453 7.01729e-05

0.00559453 7.01751e-05
0.00559661 7.03125e-05

0.00559656 7.03125e-05
0.00560039 7.05655e-05

0.00560039 7.05661e-05
0.00560625 7.09668e-05

0.00560625 7.09685e-05
0.00561211 7.13758e-05

0.00561211 7.13781e-05
0.00561797 7.1784e-05

0.00561797 7.17871e-05
0.00562383 7.21811e-05

0.00562383 7.21849e-05
0.00562969 7.25533e-05

0.00562969 7.25575e-05
0.00563555 7.28846e-05

0.00563555 7.28888e-05
0.00564141 7.31577e-05

0.00564141 7.31619e-05
0.00564727 7.33557e-05

0.00564727 7.33586e-05
0.00565312 7.34631e-05

0.00565312 7.34661e-05
0.00565898 7.34696e-05

0.00565898 7.34721e-05
0.00566484 7.33638e-05

0.00566484 7.33657e-05
0.0056707 7.31369e-05

0.0056707 7.3137e-05
0.00567656 7.27834e-05

0.0057 7.00865e-05
0.00569847 7.03125e-05

0.00567656 7.27841e-05
0.00568242 7.23039e-05

0.00568242 7.23044e-05
0.00568828 7.16954e-05

0.00568828 7.16952e-05
0.00569414 7.09567e-05

0.00569414 7.09577e-05
0.0056985 7.03125e-05

0.00451055 0.00187353
0.00450803 0.001875

0.00451055 0.0018735
0.00451641 0.00187012

0.00452227 0.00186679
0.00451816 0.00186914

0.00451641 0.00187012
0.00451812 0.00186914

0.00452227 0.00186677
0.00452813 0.00186345

0.00455156 0.00185058
0.00454974 0.00185156

0.00453398 0.00186019
0.00452847 0.00186328

0.00453984 0.00185696
0.004539 0.00185742

0.00453398 0.00186017
0.00453894 0.00185742

0.00452812 0.00186346
0.00452844 0.00186328

0.00453984 0.00185694
0.0045457 0.00185373

0.0045457 0.00185371
0.00454968 0.00185156

0.00455156 0.00185056
0.00455742 0.00184744

0.00456328 0.00184438
0.00456076 0.0018457

0.00455742 0.00184742
0.0045607 0.0018457

0.004575 0.0018384
0.00457214 0.00183984

0.00456328 0.00184436
0.00456914 0.00184134

0.00456914 0.00184133
0.00457207 0.00183984

0.00438164 0.00196433
0.0043768 0.00196875

0.0043875 0.00195911
0.00438323 0.00196289

0.00438164 0.00196432
0.00438323 0.00196289

0.00433477 0.00201205
0.00433172 0.00201563

0.00434062 0.00200543
0.00433678 0.00200977

0.00433477 0.00201207
0.00433676 0.00200977

0.00431719 0.00203339
0.00431282 0.00203906

0.00430547 0.00204903
0.00430424 0.00205078

0.00429961 0.00205736
0.00429612 0.0020625

0.00430421 0.00205078
0.0043001 0.00205664

0.00429961 0.00205736
0.00430009 0.00205664

0.00431133 0.00204107
0.00430845 0.00204492

0.00430547 0.00204904
0.00430845 0.00204492

0.00431133 0.00204108
0.00431281 0.00203906

0.00432305 0.00202604
0.004322 0.00202734

0.00432891 0.00201892
0.00432679 0.00202148

0.00432305 0.00202602
0.00432675 0.00202148

0.00432197 0.00202734
0.00431733 0.0020332

0.00431719 0.00203339
0.00431733 0.0020332

0.00432891 0.00201894
0.00433167 0.00201562

0.0043582 0.00198676
0.00435292 0.00199219

0.00436406 0.00198091
0.00435863 0.00198633

0.0043582 0.00198676
0.00435863 0.00198633

0.00434648 0.00199901
0.004342 0.00200391

0.00435234 0.00199279
0.00434738 0.00199805

0.00434648 0.00199901
0.00434738 0.00199805

0.00434062 0.00200543
0.004342 0.00200391

0.00435234 0.00199279
0.00435292 0.00199219

0.00436992 0.00197522
0.00436451 0.00198047

0.00437578 0.00196969
0.00437056 0.00197461

0.00436992 0.00197522
0.00437056 0.00197461

0.00436406 0.0019809
0.00436451 0.00198047

0.00437578 0.00196969
0.0043768 0.00196875

0.00427031 0.00210602
0.00426857 0.00210937

0.00428203 0.0020849
0.00428142 0.00208594

0.00429375 0.0020661
0.00429226 0.00206836

0.00429225 0.00206836
0.00428852 0.00207422

0.00428789 0.00207524
0.0042849 0.00208008

0.00428203 0.00208488
0.0042849 0.00208008

0.00428789 0.00207524
0.00428851 0.00207422

0.00427617 0.00209513
0.00427477 0.00209766

0.0042814 0.00208594
0.00427802 0.0020918

0.00427617 0.00209512
0.00427802 0.0020918

0.00427476 0.00209766
0.0042716 0.00210352

0.00427031 0.00210601
0.00427161 0.00210352

0.00425859 0.00213042
0.00425753 0.00213281

0.00426445 0.00211772
0.00426283 0.00212109

0.00426856 0.00210937
0.00426564 0.00211523

0.00426445 0.00211771
0.00426564 0.00211523

0.00426282 0.00212109
0.00426012 0.00212695

0.00425859 0.0021304
0.00426012 0.00212695

0.00425273 0.00214437
0.00425267 0.00214453

0.00425752 0.00213281
0.00425503 0.00213867

0.00425273 0.00214435
0.00425504 0.00213867

0.00425267 0.00214453
0.00425039 0.00215039

0.00425038 0.00215039
0.00424822 0.00215625

0.00424687 0.00216016
0.00424619 0.00216211

0.00424619 0.00216211
0.00424424 0.00216797

0.00424102 0.00217863
0.00424071 0.00217969

0.00424423 0.00216797
0.0042424 0.00217383

0.00424102 0.00217861
0.00424241 0.00217383

0.00423516 0.00220218
0.00423495 0.00220312

0.0042407 0.00217969
0.00423909 0.00218555

0.00423908 0.00218555
0.00423758 0.00219141

0.00423758 0.00219141
0.0042362 0.00219727

0.00423516 0.00220218
0.00423621 0.00219727

0.00423495 0.00220312
0.00423379 0.00220898

0.00423379 0.00220898
0.00423275 0.00221484

0.00423275 0.00221484
0.00423184 0.0022207

0.00423184 0.0022207
0.00423105 0.00222656

0.00423105 0.00222656
0.00423038 0.00223242

0.00423038 0.00223242
0.00422983 0.00223828

0.0042293 0.00224643
0.00422912 0.00225

0.00422983 0.00223828
0.00422941 0.00224414

0.0042293 0.00224645
0.00422941 0.00224414

0.00424687 0.00216015
0.00424824 0.00215625

0.00429375 0.00206609
0.00429611 0.0020625

0.00440508 0.00194427
0.00440379 0.00194531

0.00440508 0.00194424
0.00441094 0.00193955

0.00439336 0.00195405
0.00438985 0.00195703

0.00439922 0.00194909
0.00439671 0.00195117

0.00439336 0.00195399
0.00439673 0.00195117

0.0043875 0.00195908
0.00438987 0.00195703

0.00439922 0.00194906
0.00440377 0.00194531

0.00442266 0.00193053
0.00441863 0.00193359

0.0044168 0.00193498
0.00441107 0.00193945

0.00441094 0.00193955
0.00441106 0.00193945

0.0044168 0.00193497
0.00441862 0.00193359

0.00442852 0.00192621
0.00442641 0.00192773

0.00442266 0.00193052
0.0044264 0.00192773

0.00442852 0.00192617
0.00443437 0.00192192

0.00444023 0.00191778
0.00443445 0.00192187

0.00444609 0.00191374
0.00444281 0.00191602

0.00444023 0.00191777
0.00444277 0.00191602

0.00445195 0.00190978
0.00445139 0.00191016

0.00445195 0.00190975
0.00445781 0.00190587

0.00444609 0.00191372
0.00445134 0.00191016

0.00446953 0.00189833
0.00446935 0.00189844

0.00446953 0.0018983
0.00447539 0.00189462

0.00448125 0.001891
0.00447871 0.00189258

0.00447539 0.00189461
0.00447866 0.00189258

0.00446367 0.00190206
0.00446024 0.0019043

0.00445781 0.00190586
0.0044602 0.0019043

0.00446367 0.00190204
0.0044693 0.00189844

0.00443437 0.00192192
0.00443443 0.00192187

0.00449297 0.00188388
0.00448826 0.00188672

0.00448125 0.00189097
0.00448711 0.00188739

0.00448711 0.00188739
0.00448823 0.00188672

0.00449883 0.0018804
0.00449806 0.00188086

0.00449297 0.00188386
0.004498 0.00188086

0.00449883 0.00188038
0.00450469 0.00187693

0.00450469 0.00187692
0.00450797 0.001875

0.00459844 0.00182722
0.00459645 0.00182812

0.00459844 0.00182721
0.0046043 0.00182459

0.00461016 0.00182208
0.00460973 0.00182227

0.0046043 0.00182456
0.00460963 0.00182227

0.00461016 0.00182208
0.00461602 0.00181963

0.00461602 0.0018196
0.00462188 0.00181724

0.004575 0.00183837
0.00458086 0.00183547

0.00458672 0.00183266
0.00458398 0.00183398

0.00458086 0.00183546
0.00458391 0.00183398

0.00458672 0.00183265
0.00459258 0.00182988

0.00459258 0.00182986
0.00459637 0.00182812

0.00462773 0.001815
0.00462409 0.00181641

0.00462773 0.001815
0.00463359 0.0018128

0.00462187 0.00181723
0.00462402 0.00181641

0.00463359 0.00181277
0.00463945 0.00181067

0.00464531 0.0018087
0.00463991 0.00181055

0.00463945 0.00181068
0.00463985 0.00181055

0.00466289 0.00180316
0.00465777 0.00180469

0.00466289 0.00180316
0.00466875 0.00180146

0.00464531 0.0018087
0.00465117 0.00180676

0.00465117 0.00180673
0.00465703 0.00180488

0.00465703 0.00180489
0.00465772 0.00180469

0.0047625 0.0017804
0.0047585 0.00178125

0.00466875 0.00180144
0.00467461 0.00179981

0.00468047 0.0017983
0.00467844 0.00179883

0.00467461 0.00179981
0.00467834 0.00179883

0.00468047 0.00179829
0.00468633 0.00179682

0.00468633 0.00179682
0.00469219 0.00179538

0.00470391 0.00179268
0.00470261 0.00179297

0.00469219 0.00179537
0.00469805 0.00179398

0.00469805 0.00179397
0.00470251 0.00179297

0.00470391 0.00179267
0.00470977 0.0017914

0.00470977 0.0017914
0.00471563 0.00179014

0.00471562 0.00179014
0.00472148 0.00178889

0.00472148 0.00178888
0.00472734 0.00178766

0.0047332 0.00178649
0.00473016 0.00178711

0.00472734 0.00178766
0.00473009 0.00178711

0.0047332 0.00178649
0.00473906 0.00178531

0.00473906 0.00178531
0.00474492 0.00178411

0.00474492 0.00178411
0.00475078 0.00178288

0.00475078 0.00178287
0.00475664 0.00178163

0.00475664 0.00178163
0.00475845 0.00178125

0.0047625 0.0017804
0.00476836 0.00177912

0.00476836 0.00177913
0.00477422 0.0017778

0.00477422 0.00177779
0.00478008 0.00177641

0.00478594 0.00177499
0.00478429 0.00177539

0.00478008 0.0017764
0.00478425 0.00177539

0.00478594 0.00177499
0.0047918 0.00177352

0.0047918 0.00177352
0.00479766 0.00177197

0.00480937 0.00176869
0.00480642 0.00176953

0.00479766 0.00177197
0.00480352 0.00177036

0.00480352 0.00177035
0.0048064 0.00176953

0.00480937 0.00176869
0.00481523 0.00176695

0.00481523 0.00176695
0.00482109 0.00176513

0.00482695 0.00176323
0.0048256 0.00176367

0.00482109 0.00176512
0.00482559 0.00176367

0.00482695 0.00176324
0.00483281 0.00176128

0.00484453 0.00175715
0.00484268 0.00175781

0.00484453 0.00175716
0.00485039 0.001755

0.00485039 0.00175499
0.00485625 0.00175276

0.00483281 0.00176128
0.00483867 0.00175925

0.00483867 0.00175924
0.00484267 0.00175781

0.00490312 0.00173339
0.00490084 0.00173437

0.00486211 0.00175049
0.00485835 0.00175195

0.00485625 0.00175276
0.00485833 0.00175195

0.00486211 0.00175049
0.00486797 0.00174816

0.00487383 0.00174578
0.00487305 0.00174609

0.00487383 0.00174579
0.00487969 0.00174337

0.00486797 0.00174815
0.00487303 0.00174609

0.00487969 0.00174335
0.00488555 0.00174089

0.00489141 0.00173843
0.00488714 0.00174023

0.00488555 0.00174089
0.00488709 0.00174023

0.00489141 0.00173842
0.00489727 0.00173591

0.00489727 0.00173589
0.00490079 0.00173437

0.00490312 0.00173339
0.00490898 0.00173085

0.00491484 0.00172831
0.00491436 0.00172852

0.00490898 0.00173082
0.0049143 0.00172852

0.00491484 0.00172831
0.0049207 0.00172576

0.0049207 0.00172574
0.00492656 0.00172319

0.00493242 0.00172069
0.00492786 0.00172266

0.00493242 0.00172068
0.00493828 0.00171816

0.00492656 0.00172318
0.00492779 0.00172266

0.00494414 0.00171569
0.00494152 0.0017168

0.00493828 0.00171813
0.00494143 0.0017168

0.00494414 0.00171568
0.00495 0.00171321

0.00488555 0.0022465
0.00488106 0.00225

0.00489141 0.00224173
0.00488841 0.00224414

0.00488555 0.00224647
0.00488848 0.00224414

0.00489727 0.00223674
0.00489545 0.00223828

0.00490312 0.00223161
0.0049022 0.00223242

0.00489727 0.00223674
0.0049022 0.00223242

0.00489141 0.00224171
0.00489547 0.00223828

0.00493828 0.00220184
0.00493647 0.00220312

0.00493828 0.00220175
0.00494414 0.00219792

0.00495 0.0021946
0.00494532 0.00219727

0.00494414 0.0021979
0.00494525 0.00219727

0.00490898 0.00222638
0.00490878 0.00222656

0.00490898 0.00222634
0.00491484 0.00222109

0.00492656 0.00221085
0.00492188 0.00221484

0.0049207 0.00221588
0.00491524 0.0022207

0.00491484 0.00222108
0.00491526 0.0022207

0.0049207 0.00221586
0.00492188 0.00221484

0.00490312 0.00223159
0.00490876 0.00222656

0.00493242 0.00220614
0.00492885 0.00220898

0.00492656 0.00221081
0.00492883 0.00220898

0.00493242 0.00220607
0.00493641 0.00220312

0.00422912 0.00225
0.00422895 0.00225586

0.00422895 0.00225586
0.00422892 0.00226172

0.00422892 0.00226172
0.00422902 0.00226758

0.00422902 0.00226758
0.00422926 0.00227344

0.00422926 0.00227344
0.0042293 0.00227395

0.0042293 0.00227396
0.00422964 0.0022793

0.00422964 0.0022793
0.00423017 0.00228516

0.00423017 0.00228516
0.00423085 0.00229102

0.00423085 0.00229102
0.00423169 0.00229687

0.00423169 0.00229687
0.00423267 0.00230273

0.00423267 0.00230273
0.00423381 0.00230859

0.00423381 0.00230859
0.00423512 0.00231445

0.00423512 0.00231445
0.00423516 0.00231459

0.00423516 0.0023146
0.00423663 0.00232031

0.00423665 0.00232031
0.00423834 0.00232617

0.00423833 0.00232617
0.00424019 0.00233203

0.00424018 0.00233203
0.00424102 0.00233436

0.00424102 0.00233436
0.00424228 0.00233789

0.00424231 0.00233789
0.00424462 0.00234375

0.00424458 0.00234375
0.00424687 0.00234904

0.00424687 0.00234904
0.00424712 0.00234961

0.00424715 0.00234961
0.00424994 0.00235547

0.00424991 0.00235547
0.00425273 0.00236088

0.00425273 0.00236088
0.00425297 0.00236133

0.00425299 0.00236133
0.00425633 0.00236719

0.00425629 0.00236719
0.00425859 0.00237088

0.00425859 0.00237086
0.00425996 0.00237305

0.00425997 0.00237305
0.00426397 0.00237891

0.00426396 0.00237891
0.00426445 0.0023796

0.00426445 0.00237959
0.00426829 0.00238477

0.00426832 0.00238477
0.00427031 0.00238731

0.00427031 0.00238725
0.00427305 0.00239062

0.0042731 0.00239062
0.00427617 0.00239417

0.00427617 0.00239415
0.00427829 0.00239648

0.00427832 0.00239648
0.00428203 0.00240035

0.00428203 0.00240037
0.00428403 0.00240234

0.00428404 0.00240234
0.00428789 0.00240596

0.00428789 0.002406
0.00429038 0.0024082

0.00429039 0.0024082
0.00429375 0.00241105

0.00429375 0.00241114
0.0042974 0.00241406

0.00429746 0.00241406
0.00429961 0.00241572

0.00429961 0.00241581
0.00430523 0.00241992

0.00430526 0.00241992
0.00430547 0.00242007

0.00430547 0.00242007
0.00431133 0.00242399

0.00431133 0.00242403
0.00431417 0.00242578

0.00431428 0.00242578
0.00431719 0.00242758

0.00431719 0.00242762
0.00432305 0.00243093

0.00432305 0.00243095
0.00432438 0.00243164

0.00432448 0.00243164
0.00432891 0.00243393

0.00432891 0.00243395
0.00433477 0.00243673

0.00433477 0.00243675
0.0043365 0.0024375

0.00433659 0.0024375
0.00434062 0.00243924

0.00434062 0.00243925
0.00434648 0.00244156

0.00434648 0.00244158
0.00435146 0.00244336

0.00435155 0.00244336
0.00435234 0.00244364

0.00435234 0.00244364
0.0043582 0.00244552

0.0043582 0.00244552
0.00436406 0.00244723

0.00436406 0.00244723
0.00436992 0.00244874

0.00436992 0.00244875
0.00437202 0.00244922

0.00437214 0.00244922
0.00437578 0.00245004

0.00437578 0.00245004
0.00438164 0.00245119

0.00438164 0.00245119
0.0043875 0.00245219

0.00453398 0.00243586
0.00452894 0.0024375

0.00453398 0.00243586
0.00453984 0.00243387

0.00453984 0.00243387
0.0045457 0.0024318

0.00455156 0.00242963
0.00454612 0.00243164

0.0045457 0.0024318
0.00454614 0.00243164

0.00456328 0.00242507
0.00456149 0.00242578

0.00455156 0.00242963
0.00455742 0.0024274

0.00455742 0.00242741
0.00456153 0.00242578

0.00456328 0.00242508
0.00456914 0.00242268

0.00456914 0.00242269
0.004575 0.00242022

0.0043875 0.00245219
0.00439336 0.00245303

0.00439336 0.00245303
0.00439922 0.00245372

0.00439922 0.00245372
0.00440508 0.00245426

0.00440508 0.00245426
0.00441094 0.00245466

0.00441094 0.00245466
0.0044168 0.00245492

0.0044168 0.00245491
0.00442266 0.00245504

0.00442266 0.00245504
0.00442852 0.00245504

0.00442852 0.00245504
0.00443437 0.00245491

0.00443437 0.00245491
0.00444023 0.00245465

0.00444023 0.00245465
0.00444609 0.00245428

0.00444609 0.00245428
0.00445195 0.00245379

0.00445195 0.00245379
0.00445781 0.00245319

0.00445781 0.00245318
0.00446367 0.00245247

0.00446367 0.00245247
0.00446953 0.00245164

0.00446953 0.00245164
0.00447539 0.00245071

0.00447539 0.00245071
0.00448125 0.00244967

0.00448711 0.00244852
0.00448354 0.00244922

0.00448711 0.00244852
0.00449297 0.00244728

0.00448125 0.00244968
0.0044836 0.00244922

0.00449297 0.00244727
0.00449883 0.00244593

0.00449883 0.00244593
0.00450469 0.00244449

0.00451055 0.00244293
0.00450893 0.00244336

0.00450469 0.00244449
0.004509 0.00244336

0.00451055 0.00244294
0.00451641 0.00244131

0.00451641 0.00244131
0.00452227 0.00243958

0.00452227 0.00243959
0.00452813 0.00243777

0.00452812 0.00243777
0.00452897 0.0024375

0.00459258 0.00241238
0.00458889 0.00241406

0.00459258 0.00241238
0.00459844 0.00240963

0.00458086 0.00241767
0.00457567 0.00241992

0.004575 0.00242022
0.00457569 0.00241992

0.00458086 0.00241767
0.00458672 0.00241506

0.00458672 0.00241507
0.00458891 0.00241406

0.0046043 0.00240682
0.00460141 0.0024082

0.00459844 0.00240964
0.00460144 0.0024082

0.0046043 0.00240683
0.00461016 0.00240396

0.00461602 0.00240103
0.00461339 0.00240234

0.00461602 0.00240104
0.00462188 0.00239806

0.00461016 0.00240397
0.00461341 0.00240234

0.00463945 0.00238884
0.0046361 0.00239062

0.00463945 0.00238885
0.00464531 0.00238569

0.00465117 0.00238248
0.00464699 0.00238477

0.00464531 0.00238569
0.00464701 0.00238477

0.00465117 0.00238249
0.00465703 0.00237925

0.00466289 0.00237596
0.00465763 0.00237891

0.00466875 0.00237264
0.00466803 0.00237305

0.00466289 0.00237597
0.00466806 0.00237305

0.00465703 0.00237925
0.00465764 0.00237891

0.00462773 0.00239503
0.00462492 0.00239648

0.00462187 0.00239807
0.00462494 0.00239648

0.00462773 0.00239504
0.00463359 0.00239196

0.00463359 0.00239197
0.00463612 0.00239062

0.00472148 0.00234145
0.00471768 0.00234375

0.00472148 0.00234144
0.00472734 0.0023379

0.00473906 0.00233084
0.00473708 0.00233203

0.0047332 0.00233436
0.00472735 0.00233789

0.0047332 0.00233435
0.00473708 0.00233203

0.0047625 0.00231719
0.00475701 0.00232031

0.00473906 0.00233084
0.00474492 0.00232735

0.00475078 0.00232391
0.00474693 0.00232617

0.00474492 0.00232735
0.00474693 0.00232617

0.00475078 0.00232391
0.00475664 0.00232052

0.00475664 0.00232052
0.00475701 0.00232031

0.00468047 0.00236591
0.00467826 0.00236719

0.00468047 0.00236592
0.00468633 0.0023625

0.00469219 0.00235905
0.00468831 0.00236133

0.00468633 0.0023625
0.00468832 0.00236133

0.00466875 0.00237265
0.00467461 0.0023693

0.00467461 0.00236931
0.00467828 0.00236719

0.00470391 0.00235206
0.00469821 0.00235547

0.00469219 0.00235905
0.00469805 0.00235557

0.00469805 0.00235557
0.00469822 0.00235547

0.00470977 0.00234854
0.00470798 0.00234961

0.00470391 0.00235207
0.00470799 0.00234961

0.00470977 0.00234854
0.00471563 0.002345

0.00471562 0.002345
0.00471768 0.00234375

0.00480352 0.00229563
0.00480103 0.00229687

0.00480352 0.00229564
0.00480937 0.0022927

0.00476836 0.00231393
0.00476742 0.00231445

0.0047625 0.00231719
0.00476742 0.00231445

0.00476836 0.00231393
0.00477422 0.00231074

0.00478008 0.00230761
0.00477823 0.00230859

0.00478008 0.00230761
0.00478594 0.00230455

0.00477422 0.00231074
0.00477823 0.00230859

0.0047918 0.00230153
0.00478946 0.00230273

0.00478594 0.00230455
0.00478947 0.00230273

0.0047918 0.00230154
0.00479766 0.00229857

0.00479766 0.00229858
0.00480104 0.00229687

0.00481523 0.00228976
0.00481274 0.00229102

0.00480937 0.00229271
0.00481276 0.00229102

0.00481523 0.00228977
0.00482109 0.0022868

0.00482695 0.00228379
0.00482429 0.00228516

0.00482695 0.0022838
0.00483281 0.00228071

0.00482109 0.00228682
0.00482432 0.00228516

0.00485039 0.00227082
0.00484591 0.00227344

0.00485625 0.00226722
0.00485566 0.00226758

0.00485039 0.00227083
0.00485572 0.00226758

0.00483867 0.00227753
0.00483541 0.0022793

0.00483281 0.00228072
0.00483544 0.0022793

0.00483867 0.00227754
0.00484453 0.00227425

0.00484453 0.00227425
0.00484593 0.00227344

0.00486797 0.00225956
0.00486475 0.00226172

0.00485625 0.00226725
0.00486211 0.00226349

0.00486211 0.00226351
0.00486478 0.00226172

0.00487383 0.00225539
0.00487317 0.00225586

0.00486797 0.00225957
0.00487321 0.00225586

0.00487383 0.00225542
0.00487969 0.00225107

0.00487969 0.00225106
0.00488108 0.00225

0.00502031 0.00168709
0.00501902 0.0016875

0.00502031 0.00168708
0.00502617 0.00168531

0.00502617 0.00168531
0.00503203 0.00168357

0.00503203 0.00168353
0.00503789 0.00168188

0.00504375 0.00168038
0.00503895 0.00168164

0.00503789 0.00168188
0.00503882 0.00168164

0.00504375 0.00168038
0.00504961 0.0016789

0.00504961 0.0016789
0.00505547 0.00167746

0.00506719 0.00167491
0.00506299 0.00167578

0.00505547 0.00167743
0.00506133 0.0016761

0.00506133 0.0016761
0.00506285 0.00167578

0.00506719 0.00167491
0.00507305 0.00167377

0.00507305 0.00167376
0.00507891 0.0016727

0.00507891 0.0016727
0.00508477 0.00167171

0.00508477 0.0016717
0.00509062 0.00167079

0.00509062 0.00167077
0.00509648 0.00166997

0.00510234 0.00166932
0.00509711 0.00166992

0.00509648 0.00166998
0.00509702 0.00166992

0.00510234 0.00166931
0.0051082 0.00166872

0.0051082 0.00166872
0.00511406 0.00166822

0.00511406 0.00166822
0.00511992 0.00166781

0.00511992 0.00166781
0.00512578 0.00166751

0.00512578 0.00166751
0.00513164 0.00166732

0.00513164 0.00166732
0.0051375 0.00166723

0.00495586 0.00171079
0.0049555 0.00171094

0.00495586 0.00171078
0.00496172 0.00170838

0.00496172 0.00170836
0.00496758 0.00170598

0.00497344 0.0017037
0.00496993 0.00170508

0.00496758 0.00170596
0.00496982 0.00170508

0.00495 0.00171317
0.00495539 0.00171094

0.00498516 0.00169921
0.00498512 0.00169922

0.00497344 0.0017037
0.0049793 0.00170141

0.0049793 0.00170137
0.00498498 0.00169922

0.00498516 0.00169919
0.00499102 0.00169704

0.00499102 0.00169703
0.00499687 0.00169489

0.00500273 0.00169287
0.00500133 0.00169336

0.00499687 0.00169486
0.00500117 0.00169336

0.00500273 0.00169286
0.00500859 0.00169088

0.00500859 0.00169087
0.00501445 0.00168892

0.00501445 0.00168889
0.00501884 0.0016875

0.0051375 0.00166723
0.00514336 0.00166724

0.00514336 0.00166724
0.00514922 0.00166736

0.00514922 0.00166736
0.00515508 0.00166759

0.00515508 0.00166759
0.00516094 0.00166794

0.00516094 0.00166794
0.0051668 0.00166842

0.0051668 0.00166842
0.00517266 0.00166905

0.00517266 0.00166905
0.00517852 0.00166983

0.00517852 0.00166982
0.00517916 0.00166992

0.00517902 0.00166992
0.00518437 0.00167074

0.00518437 0.00167073
0.00519023 0.00167172

0.00519023 0.00167171
0.00519609 0.00167283

0.00519609 0.00167283
0.00520195 0.00167412

0.00520195 0.00167412
0.00520781 0.00167558

0.00520781 0.00167558
0.00520856 0.00167578

0.00520847 0.00167578
0.00521367 0.00167721

0.00521367 0.00167719
0.00521953 0.00167893

0.00521953 0.00167893
0.00522539 0.00168086

0.00522539 0.00168084
0.0052276 0.00168164

0.0052275 0.00168164
0.00523125 0.00168299

0.00523125 0.00168298
0.00523711 0.00168525

0.00523711 0.00168523
0.00524247 0.0016875

0.00524243 0.0016875
0.00524297 0.00168773

0.00524297 0.00168773
0.00524883 0.00169041

0.00524883 0.00169038
0.00525469 0.00169326

0.00525469 0.00169326
0.00525488 0.00169336

0.00525485 0.00169336
0.00526055 0.00169636

0.00526055 0.00169633
0.00526565 0.00169922

0.00526559 0.00169922
0.00526641 0.00169968

0.00526641 0.00169967
0.00527227 0.00170323

0.00527227 0.0017032
0.00527517 0.00170508

0.00527511 0.00170508
0.00527812 0.00170703

0.00527812 0.001707
0.00528379 0.00171094

0.00528377 0.00171094
0.00528398 0.00171109

0.00528398 0.00171108
0.00528984 0.00171545

0.00528984 0.00171545
0.00529159 0.0017168

0.00529155 0.0017168
0.0052957 0.00172011

0.0052957 0.00172012
0.00529877 0.00172266

0.00529869 0.00172266
0.00530156 0.0017251

0.00530156 0.0017251
0.00530539 0.00172852

0.00530533 0.00172852
0.00530742 0.00173046

0.00530742 0.00173044
0.0053115 0.00173437

0.00531148 0.00173437
0.00531328 0.00173618

0.00531328 0.00173616
0.00531718 0.00174023

0.00531719 0.00174023
0.00531914 0.00174235

0.00531914 0.00174232
0.00532249 0.00174609

0.00532253 0.00174609
0.005325 0.00174901

0.00496172 0.00218947
0.00495679 0.00219141

0.00495 0.00219458
0.00495586 0.00219175

0.00495586 0.00219175
0.00495674 0.00219141

0.00496172 0.00218948
0.00496758 0.00218765

0.00496758 0.00218766
0.00497344 0.00218626

0.0049793 0.0021853
0.0049778 0.00218555

0.00497344 0.00218627
0.00497777 0.00218555

0.0049793 0.00218531
0.00498516 0.0021847

0.00498516 0.00218471
0.00499102 0.0021844

0.00499102 0.00218441
0.00499687 0.00218436

0.00499687 0.00218437
0.00500273 0.00218452

0.00500273 0.00218453
0.00500859 0.00218487

0.00500859 0.00218488
0.00501445 0.00218536

0.00501445 0.00218536
0.00501631 0.00218555

0.00501628 0.00218555
0.00502031 0.00218595

0.00502031 0.00218596
0.00502617 0.00218663

0.00502617 0.00218663
0.00503203 0.00218736

0.00503203 0.00218736
0.00503789 0.00218811

0.00503789 0.00218812
0.00504375 0.00218888

0.00504375 0.00218888
0.00504961 0.00218964

0.00504961 0.00218964
0.00505547 0.00219037

0.00505547 0.00219038
0.00506133 0.00219107

0.00506133 0.00219108
0.0050643 0.00219141

0.00506431 0.00219141
0.00506719 0.00219173

0.00506719 0.00219173
0.00507305 0.00219233

0.00507305 0.00219233
0.00507891 0.00219287

0.00507891 0.00219287
0.00508477 0.00219333

0.00508477 0.00219333
0.00509062 0.00219372

0.00509062 0.00219372
0.00509648 0.00219402

0.00509648 0.00219402
0.00510234 0.00219423

0.00510234 0.00219423
0.0051082 0.00219435

0.0051082 0.00219435
0.00511406 0.00219438

0.00511406 0.00219438
0.00511992 0.0021943

0.00511992 0.0021943
0.00512578 0.00219411

0.00512578 0.00219412
0.00513164 0.00219382

0.00513164 0.00219382
0.0051375 0.00219342

0.0051375 0.00219342
0.00514336 0.00219291

0.00514336 0.00219291
0.00514922 0.00219228

0.00516094 0.00219065
0.00515586 0.00219141

0.00514922 0.00219228
0.00515508 0.00219152

0.00515508 0.00219152
0.00515587 0.00219141

0.00516094 0.00219065
0.0051668 0.00218964

0.0051668 0.00218964
0.00517266 0.00218851

0.00517266 0.00218851
0.00517852 0.00218724

0.00517852 0.00218724
0.00518437 0.00218583

0.00520781 0.00217872
0.005205 0.00217969

0.00519023 0.00218428
0.00518545 0.00218555

0.00518437 0.00218583
0.00518545 0.00218555

0.00519023 0.00218428
0.00519609 0.00218259

0.00519609 0.00218259
0.00520195 0.00218074

0.00520195 0.00218074
0.00520501 0.00217969

0.00520781 0.00217873
0.00521367 0.00217656

0.00521367 0.00217657
0.00521953 0.00217423

0.00522539 0.00217171
0.00522045 0.00217383

0.00521953 0.00217423
0.00522046 0.00217383

0.00522539 0.00217172
0.00523125 0.00216902

0.00525469 0.00215624
0.00525467 0.00215625

0.00526055 0.00215253
0.00525472 0.00215625

0.00526641 0.00214855
0.0052637 0.00215039

0.00526055 0.00215255
0.00526373 0.00215039

0.00527227 0.00214431
0.00527196 0.00214453

0.00527227 0.00214435
0.00527812 0.00213985

0.00526641 0.00214857
0.00527201 0.00214453

0.00531328 0.00210616
0.00531049 0.00210937

0.005325 0.00209173
0.00532495 0.0020918

0.00532498 0.0020918
0.00532042 0.00209766

0.00531914 0.00209921
0.00531559 0.00210352

0.00531328 0.00210622
0.00531558 0.00210352

0.00531914 0.00209924
0.00532041 0.00209766

0.00528984 0.00213001
0.00528659 0.00213281

0.00530156 0.00211883
0.0052993 0.00212109

0.0052957 0.00212459
0.00529316 0.00212695

0.00528984 0.00212999
0.00529322 0.00212695

0.0052957 0.00212461
0.00529934 0.00212109

0.00528398 0.00213508
0.00527958 0.00213867

0.00527812 0.00213985
0.00527961 0.00213867

0.00528398 0.00213507
0.00528665 0.00213281

0.00530742 0.00211271
0.00530506 0.00211523

0.00530156 0.00211887
0.00530508 0.00211523

0.00530742 0.00211275
0.00531048 0.00210937

0.00523711 0.00216613
0.00523337 0.00216797

0.00523711 0.00216614
0.00524297 0.00216306

0.00523125 0.00216902
0.00523339 0.00216797

0.00524883 0.00215976
0.00524465 0.00216211

0.00524297 0.00216306
0.00524467 0.00216211

0.00524883 0.00215978
0.00525469 0.00215627

0.00525469 0.00215627
0.00525472 0.00215625

0.005325 0.00174897
0.00532746 0.00175195

0.0053275 0.00175195
0.00533086 0.00175617

0.00533086 0.00175615
0.00533215 0.00175781

0.00533216 0.00175781
0.00533654 0.00176367

0.00533655 0.00176367
0.00533672 0.00176391

0.00533672 0.00176393
0.00534065 0.00176953

0.00534065 0.00176953
0.00534258 0.00177247

0.00534258 0.00177248
0.00534449 0.00177539

0.00534449 0.00177539
0.00534812 0.00178125

0.00534813 0.00178125
0.00534844 0.00178178

0.00534844 0.0017818
0.00535152 0.00178711

0.00535152 0.00178711
0.0053543 0.00179221

0.0053543 0.00179221
0.00535471 0.00179297

0.00535471 0.00179297
0.00535771 0.00179883

0.0053577 0.00179883
0.00536016 0.00180395

0.00536016 0.00180395
0.00536051 0.00180469

0.00536051 0.00180469
0.00536313 0.00181055

0.00536313 0.00181055
0.00536558 0.00181641

0.00536559 0.00181641
0.00536602 0.00181751

0.00536602 0.00181753
0.00536786 0.00182227

0.00536786 0.00182227
0.00536998 0.00182812

0.00536998 0.00182812
0.00537187 0.00183379

0.00537187 0.00183379
0.00537194 0.00183398

0.00537194 0.00183398
0.00537374 0.00183984

0.00537374 0.00183984
0.0053754 0.0018457

0.0053754 0.0018457
0.00537691 0.00185156

0.00537691 0.00185156
0.00537773 0.00185509

0.00537773 0.00185509
0.00537828 0.00185742

0.00537828 0.00185742
0.00537951 0.00186328

0.0053795 0.00186328
0.00538059 0.00186914

0.00538059 0.00186914
0.00538155 0.001875

0.00538155 0.001875
0.00538237 0.00188086

0.00538237 0.00188086
0.00538305 0.00188672

0.00538305 0.00188672
0.00538359 0.00189244

0.00538359 0.00189243
0.00538361 0.00189258

0.00538361 0.00189258
0.00538403 0.00189844

0.00538403 0.00189844
0.00538433 0.0019043

0.00538433 0.0019043
0.0053845 0.00191016

0.0053845 0.00191016
0.00538455 0.00191602

0.00538455 0.00191602
0.00538447 0.00192187

0.00538359 0.0019381
0.00538349 0.00193945

0.00538349 0.00193945
0.00538292 0.00194531

0.00538447 0.00192187
0.00538427 0.00192773

0.00538426 0.00192773
0.00538394 0.00193359

0.00538359 0.00193811
0.00538394 0.00193359

0.00538292 0.00194531
0.00538223 0.00195117

0.00538223 0.00195117
0.00538141 0.00195703

0.00538141 0.00195703
0.00538048 0.00196289

0.00538048 0.00196289
0.00537942 0.00196875

0.00537187 0.00199927
0.00537044 0.00200391

0.00537044 0.00200391
0.00536849 0.00200977

0.00536849 0.00200977
0.00536641 0.00201563

0.00534844 0.00205534
0.00534774 0.00205664

0.00534775 0.00205664
0.00534444 0.0020625

0.00536016 0.00203125
0.00535932 0.0020332

0.00535932 0.0020332
0.00535667 0.00203906

0.00536602 0.00201667
0.00536419 0.00202148

0.00536419 0.00202148
0.00536183 0.00202734

0.00536602 0.00201667
0.00536641 0.00201562

0.00536016 0.00203126
0.00536183 0.00202734

0.0053543 0.00204399
0.00535385 0.00204492

0.00535386 0.00204492
0.00535088 0.00205078

0.0053543 0.00204401
0.00535667 0.00203906

0.00534844 0.00205536
0.00535089 0.00205078

0.00537773 0.00197685
0.00537693 0.00198047

0.00537942 0.00196875
0.00537823 0.00197461

0.00537773 0.00197685
0.00537823 0.00197461

0.00537693 0.00198047
0.0053755 0.00198633

0.0053755 0.00198633
0.00537394 0.00199219

0.00537394 0.00199219
0.00537225 0.00199805

0.00537187 0.00199927
0.00537225 0.00199805

0.00533086 0.00208368
0.00532929 0.00208594

0.00533672 0.00207505
0.00533339 0.00208008

0.00533086 0.0020837
0.00533339 0.00208008

0.00534258 0.00206562
0.00534094 0.00206836

0.00534095 0.00206836
0.00533727 0.00207422

0.00534258 0.00206563
0.00534444 0.0020625

0.00533672 0.00207507
0.00533726 0.00207422

0.005325 0.00209177
0.0053293 0.00208594

0.0057 7.00769e-05
0.00570586 6.91039e-05

0.00570586 6.90941e-05
0.00571172 6.806e-05

0.00571172 6.80467e-05
0.00571758 6.69979e-05

0.00571758 6.69801e-05
0.00572344 6.59789e-05

0.00572344 6.59594e-05
0.0057293 6.50802e-05

0.00573516 6.43829e-05
0.00573454 6.44531e-05

0.0057293 6.50561e-05
0.00573458 6.44531e-05

0.00573516 6.43483e-05
0.00574102 6.4015e-05

0.00574102 6.39662e-05
0.00574687 6.41429e-05

0.00574687 6.41225e-05
0.00574921 6.44531e-05

0.00574924 6.44531e-05
0.00575273 6.49482e-05

0.00575273 6.49309e-05
0.00575859 6.6495e-05

0.00575859 6.64693e-05
0.00576445 6.88568e-05

0.00576445 6.87131e-05
0.00576736 7.03125e-05

0.00576683 7.03125e-05
0.00577031 7.22342e-05

0.00577031 7.20661e-05
0.00577617 7.61707e-05

0.0057759 7.61719e-05
0.00577617 7.63688e-05

0.00577617 7.63335e-05
0.00578203 8.10607e-05

0.00578203 8.10031e-05
0.00578326 8.20312e-05

0.00578312 8.20312e-05
0.00578789 8.60956e-05

0.00578789 8.60514e-05
0.00579001 8.78906e-05

0.00578985 8.78906e-05
0.00579375 9.12697e-05

0.00579375 9.12478e-05
0.00579665 9.375e-05

0.00579651 9.375e-05
0.00579961 9.63919e-05

0.00579961 9.63815e-05
0.00580346 9.96094e-05

0.00580337 9.96094e-05
0.00580547 0.000101342

0.00580547 0.000101335
0.00581061 0.000105469

0.00581058 0.000105469
0.00581133 0.000106053

0.00581133 0.000106048
0.00581719 0.000110515

0.00581719 0.000110522
0.00581831 0.000111328

0.00581832 0.000111328
0.00582305 0.00011474

0.00582305 0.000114764
0.0058266 0.000117187

0.00582666 0.000117187
0.00582891 0.000118707

0.00582891 0.000118742
0.00583477 0.000122487

0.00583477 0.0001225
0.00583568 0.000123047

0.00583572 0.000123047
0.00584062 0.000125982

0.00584062 0.000126007
0.00584586 0.000128906

0.005846 0.000128906
0.00584648 0.000129173

0.00584648 0.000129223
0.00585234 0.000132226

0.00585234 0.000132259
0.00585768 0.000134766

0.00585788 0.000134766
0.0058582 0.000134918

0.0058582 0.00013498
0.00586406 0.000137476

0.00586406 0.000137488
0.00586992 0.000139753

0.00586992 0.00013978
0.00587238 0.000140625

0.00587252 0.000140625
0.00587578 0.000141743

0.00587578 0.000141758
0.00588164 0.00014353

0.00588164 0.000143528
0.0058875 0.000145077

0.00592266 6.81559e-06
0.00591871 1.17187e-05

0.00591935 1.17187e-05
0.00591853 1.75781e-05

0.00591881 1.75781e-05
0.00592095 2.34375e-05

0.00592852 5.02965e-06
0.00592647 5.85937e-06

0.00592266 7.69986e-06
0.00592592 5.85938e-06

0.00593437 5.22037e-06
0.00592903 5.85937e-06

0.00592852 6.02503e-06
0.00593055 5.85938e-06

0.00592106 2.34375e-05
0.00592266 2.57812e-05

0.00592266 2.57356e-05
0.00592562 2.92969e-05

0.00592557 2.92969e-05
0.00592852 3.18162e-05

0.00592852 3.17005e-05
0.00593437 3.51372e-05

0.00593417 3.51562e-05
0.00593437 3.52596e-05

0.00593437 5.42667e-06
0.00594023 5.11326e-06

0.00593437 5.8671e-06
0.00593465 5.85938e-06

0.00594023 5.31415e-06
0.00594609 5.22351e-06

0.00594023 5.86401e-06
0.00594083 5.85938e-06

0.00594609 5.26641e-06
0.00595195 5.09218e-06

0.00594609 5.86602e-06
0.00594654 5.85938e-06

0.00595195 4.99105e-06
0.00595781 5.19838e-06

0.00593437 3.50556e-05
0.00593472 3.51562e-05

0.00593478 3.51562e-05
0.00594023 3.67676e-05

0.00594023 3.66473e-05
0.00594609 3.71196e-05

0.00595781 3.48328e-05
0.00595675 3.51562e-05

0.00594609 3.71246e-05
0.00595195 3.65711e-05

0.00595195 3.66756e-05
0.00595696 3.51562e-05

0.00595781 4.989e-06
0.00596367 5.7825e-06

0.00596313 5.85938e-06
0.00596367 5.90261e-06

0.00596367 5.14882e-06
0.00596557 5.85937e-06

0.00596676 5.85938e-06
0.00596953 7.07311e-06

0.00596953 6.07708e-06
0.00597454 1.17187e-05

0.00597391 1.17187e-05
0.00597446 1.75781e-05

0.00597406 1.75781e-05
0.00597146 2.34375e-05

0.00595781 3.49877e-05
0.00596367 3.16028e-05

0.00596953 2.57768e-05
0.00596642 2.92969e-05

0.00596367 3.18091e-05
0.00596667 2.92969e-05

0.00596953 2.59286e-05
0.00597133 2.34375e-05

0.0058875 0.000145091
0.00589336 0.000146393

0.00589336 0.00014639
0.00589388 0.000146484

0.00589397 0.000146484
0.00589922 0.000147434

0.00589922 0.000147438
0.00590508 0.000148286

0.00590508 0.000148285
0.00591094 0.00014892

0.00591094 0.000148918
0.0059168 0.000149346

0.0059168 0.000149344
0.00592266 0.000149574

0.00592266 0.000149571
0.00592852 0.000149612

0.00592852 0.000149609
0.00593437 0.000149472

0.00593437 0.000149469
0.00594023 0.000149164

0.00594023 0.000149162
0.00594609 0.000148696

0.00594609 0.000148694
0.00595195 0.000148075

0.00595195 0.000148072
0.00595781 0.000147308

0.00596367 0.000146396
0.0059631 0.000146484

0.00595781 0.000147309
0.00596316 0.000146484

0.00596367 0.0001464
0.00596953 0.00014537

0.00596953 0.000145369
0.00597539 0.000144223

0.00597539 0.00014422
0.00598125 0.000142966

0.00606378 0
0.00606432 5.85937e-06

0.0060643 5.85938e-06
0.00606596 1.17187e-05

0.00606589 1.17187e-05
0.00606884 1.75781e-05

0.00606887 1.75781e-05
0.00606914 1.7986e-05

0.00606914 1.81948e-05
0.00607339 2.34375e-05

0.00607358 2.34375e-05
0.006075 2.4829e-05

0.00599297 0.000140148
0.00599103 0.000140625

0.00599297 0.000140159
0.00599883 0.000138638

0.00599883 0.000138642
0.00600469 0.000137056

0.00600469 0.000137054
0.00601055 0.000135397

0.00601641 0.000133667
0.00601265 0.000134766

0.00601055 0.000135409
0.00601274 0.000134766

0.00601641 0.000133675
0.00602227 0.000131912

0.00602227 0.000131913
0.00602812 0.000130103

0.00598125 0.000142963
0.00598711 0.000141612

0.00598711 0.000141622
0.00599116 0.000140625

0.00603398 0.000128224
0.00603183 0.000128906

0.00603398 0.000128236
0.00603984 0.000126349

0.00602812 0.000130115
0.00603194 0.000128906

0.00603984 0.000126352
0.0060457 0.000124446

0.00605156 0.000122493
0.00604988 0.000123047

0.0060457 0.000124455
0.00604997 0.000123047

0.00606914 0.000116694
0.00606764 0.000117187

0.00606914 0.000116699
0.006075 0.000114786

0.00605156 0.000122504
0.00605742 0.000120566

0.00605742 0.00012057
0.00606328 0.00011864

0.00606328 0.000118646
0.00606771 0.000117187

0.00608338 0
0.00608672 5.70658e-06

0.00608672 3.6721e-06
0.00609005 5.85937e-06

0.00609258 5.18857e-06
0.00609844 5.7537e-06

0.006075 2.5021e-05
0.00608058 2.92969e-05

0.00608093 2.92969e-05
0.00608672 3.20859e-05

0.00608672 3.20649e-05
0.00609258 3.37358e-05

0.00609258 3.37e-05
0.00609844 3.43351e-05

0.0061043 5.46022e-06
0.00610257 5.85937e-06

0.00609844 5.92434e-06
0.006099 5.85938e-06

0.00611016 9.54327e-07
0.00610598 5.85937e-06

0.00611016 1.36197e-06
0.00611064 0

0.00609844 3.43251e-05
0.0061043 3.4016e-05

0.0061043 3.40329e-05
0.00611016 3.2766e-05

0.00611016 3.28208e-05
0.00611602 3.04526e-05

0.00612187 2.67462e-05
0.00611793 2.92969e-05

0.00611602 3.05591e-05
0.00611811 2.92969e-05

0.00613359 9.68462e-06
0.00613302 1.17187e-05

0.00612773 2.07776e-05
0.00612554 2.34375e-05

0.00613311 1.17187e-05
0.00613016 1.75781e-05

0.00612773 2.09495e-05
0.00613022 1.75781e-05

0.00613518 0
0.00613465 5.85937e-06

0.00613359 9.70181e-06
0.00613467 5.85938e-06

0.00612187 2.68805e-05
0.0061257 2.34375e-05

0.00616777 0
0.00616875 2.57296e-06

0.006075 0.000114789
0.00608086 0.000112911

0.00608672 0.000111051
0.00608584 0.000111328

0.00608086 0.000112913
0.00608588 0.000111328

0.00608672 0.000111051
0.00609258 0.000109255

0.00609258 0.000109256
0.00609844 0.000107535

0.00611016 0.000104334
0.00610584 0.000105469

0.00609844 0.000107533
0.0061043 0.000105888

0.0061043 0.000105882
0.00610587 0.000105469

0.00611016 0.000104335
0.00611602 0.00010293

0.00611602 0.000102932
0.00612187 0.000101663

0.00612187 0.000101666
0.00612773 0.000100522

0.00613359 9.95017e-05
0.00613298 9.96094e-05

0.00612773 0.000100524
0.00613295 9.96094e-05

0.00613359 9.94926e-05
0.00613945 9.85827e-05

0.00613945 9.8587e-05
0.00614531 9.77952e-05

0.00614531 9.77978e-05
0.00615117 9.71103e-05

0.00615117 9.71108e-05
0.00615703 9.65215e-05

0.00615703 9.65203e-05
0.00616289 9.60309e-05

0.00616289 9.6031e-05
0.00616875 9.56436e-05

0.00616875 2.08384e-06
0.00617461 3.9372e-06

0.00617461 4.56189e-06
0.00617712 0

0.00616875 9.5643e-05
0.00617461 9.53583e-05

0.00617461 9.53586e-05
0.00618047 9.51773e-05

0.00618047 9.51784e-05
0.00618633 9.50977e-05

0.00618633 9.50995e-05
0.00619219 9.51132e-05

0.00619219 9.51157e-05
0.00619805 9.52153e-05

0.00619805 9.52181e-05
0.00620391 9.53931e-05

0.00620391 9.5396e-05
0.00620977 9.56352e-05

0.00620977 9.56381e-05
0.00621562 9.59296e-05

0.00621562 9.59325e-05
0.00622148 9.6265e-05

0.00622148 9.62676e-05
0.00622734 9.66304e-05

0.00622734 9.66326e-05
0.0062332 9.70161e-05

0.0062332 9.70182e-05
0.00623906 9.74138e-05

0.00623906 9.7416e-05
0.00624492 9.78153e-05

0.00624492 9.78168e-05
0.00625078 9.82121e-05

0.00625078 9.82136e-05
0.00625664 9.85987e-05

0.00625664 9.86002e-05
0.0062625 9.89692e-05

0.0062625 9.89705e-05
0.00626836 9.93176e-05

0.00626836 9.93192e-05
0.0062737 9.96094e-05

0.0062736 9.96094e-05
0.00627422 9.96431e-05

0.00627422 9.96389e-05
0.00628008 9.99218e-05

0.00628008 9.99205e-05
0.00628594 0.000100169

0.00628594 0.000100169
0.0062918 0.000100384

0.0062918 0.000100384
0.00629766 0.000100563

0.00629766 0.000100564
0.00630352 0.000100705

0.00630352 0.000100705
0.00630937 0.000100806

0.00630937 0.000100807
0.00631523 0.000100866

0.00631523 0.000100867
0.00632109 0.000100882

0.00632109 0.000100883
0.00632695 0.000100854

0.00632695 0.000100854
0.00633281 0.00010078

0.00633281 0.00010078
0.00633867 0.000100662

0.00633867 0.000100662
0.00634453 0.000100501

0.00634453 0.000100501
0.00635039 0.0001003

0.00635039 0.0001003
0.00635625 0.000100057

0.00643242 9.29993e-05
0.00642662 9.375e-05

0.00643242 9.29971e-05
0.00643828 9.22325e-05

0.00643828 9.22324e-05
0.00644414 9.14661e-05

0.00644414 9.14663e-05
0.00645 9.06978e-05

0.00635625 0.000100059
0.00636211 9.977e-05

0.00636797 9.94235e-05
0.00636484 9.96094e-05

0.00636211 9.97795e-05
0.00636497 9.96094e-05

0.00636797 9.94213e-05
0.00637383 9.90155e-05

0.00637383 9.90144e-05
0.00637969 9.85651e-05

0.00637969 9.85638e-05
0.00638555 9.80759e-05

0.00638555 9.80749e-05
0.00639141 9.75529e-05

0.00639141 9.75521e-05
0.00639727 9.69997e-05

0.00639727 9.69995e-05
0.00640312 9.64187e-05

0.00640312 9.64186e-05
0.00640898 9.58098e-05

0.00640898 9.58124e-05
0.00641484 9.51706e-05

0.00641484 9.51707e-05
0.0064207 9.44905e-05

0.0064207 9.4494e-05
0.00642656 9.37679e-05

0.00642656 9.37668e-05
0.00642669 9.375e-05

0.00645 9.0698e-05
0.00645586 8.99267e-05

0.00645586 8.99293e-05
0.00646172 8.91497e-05

0.00646172 8.91496e-05
0.00646758 8.83566e-05

0.00647344 8.75448e-05
0.00647092 8.78906e-05

0.00646758 8.83602e-05
0.006471 8.78906e-05

0.00647344 8.7543e-05
0.0064793 8.67481e-05

0.0064793 8.6748e-05
0.00648516 8.59791e-05

0.00648516 8.59782e-05
0.00649102 8.52373e-05

0.00649102 8.5235e-05
0.00649687 8.45285e-05

0.00649687 8.45296e-05
0.00650273 8.38599e-05

0.00650273 8.38594e-05
0.00650859 8.32254e-05

0.00650859 8.32246e-05
0.00651445 8.26286e-05

0.00651445 8.26317e-05
0.00652031 8.2069e-05

0.00652617 8.15394e-05
0.00652066 8.20312e-05

0.00652617 8.15372e-05
0.00653203 8.10733e-05

0.00652031 8.20701e-05
0.00652075 8.20312e-05

0.00653203 8.10723e-05
0.00653789 8.06744e-05

0.00653789 8.06734e-05
0.00654375 8.03454e-05

0.00654375 8.03444e-05
0.00654961 8.00902e-05

0.00654961 8.00892e-05
0.00655547 7.99128e-05

0.00655547 7.99119e-05
0.00656133 7.98171e-05

0.00656133 7.98163e-05
0.00656719 7.98065e-05

0.00656719 7.98059e-05
0.00657305 7.9884e-05

0.00657305 7.98835e-05
0.00657891 8.00518e-05

0.00657891 8.00514e-05
0.00658477 8.03117e-05

0.00658477 8.03116e-05
0.00659062 8.06649e-05

0.00659062 8.06656e-05
0.00659648 8.11107e-05

0.00659648 8.11108e-05
0.00660234 8.16459e-05

0.00660234 8.16434e-05
0.00660601 8.20312e-05

0.00660588 8.20312e-05
0.0066082 8.22766e-05

0.0066082 8.22717e-05
0.00661406 8.2963e-05

0.00661406 8.29621e-05
0.00661992 8.372e-05

0.00661992 8.37209e-05
0.00662578 8.45454e-05

0.00662578 8.45467e-05
0.00663164 8.54339e-05

0.00663164 8.54364e-05
0.0066375 8.63786e-05

0.0066375 8.63811e-05
0.00664336 8.73683e-05

0.00664336 8.73671e-05
0.00664636 8.78906e-05

0.00664631 8.78906e-05
0.00664922 8.83969e-05

0.00664922 8.83961e-05
0.00665508 8.9437e-05

0.00665508 8.94384e-05
0.00666094 9.04893e-05

0.00666094 9.04918e-05
0.0066668 9.15446e-05

0.0066668 9.15482e-05
0.00667266 9.2591e-05

0.00667266 9.25951e-05
0.00667852 9.36127e-05

0.00667852 9.36137e-05
0.00667933 9.375e-05

0.0066845 0
0.00668531 5.85937e-06

0.00668521 5.85938e-06
0.00668785 1.17187e-05

0.00668776 1.17187e-05
0.00669023 1.48684e-05

0.00669023 1.50509e-05
0.00669305 1.75781e-05

0.00669363 1.75781e-05
0.00669609 1.9319e-05

0.00669609 1.9477e-05
0.00670195 2.18782e-05

0.00670195 2.18266e-05
0.00670781 2.24493e-05

0.00670781 2.24407e-05
0.00671367 2.14052e-05

0.00671367 2.16031e-05
0.00671953 1.85312e-05

0.00672916 0
0.00672837 5.85937e-06

0.00672848 5.85938e-06
0.00672588 1.17187e-05

0.00672539 1.27021e-05
0.00672084 1.75781e-05

0.00671953 1.84987e-05
0.00672072 1.75781e-05

0.00672539 1.27733e-05
0.0067261 1.17187e-05

0.00667933 9.375e-05
0.00668437 9.45957e-05

0.00668437 9.45978e-05
0.00669023 9.55366e-05

0.00669023 9.55392e-05
0.00669609 9.64255e-05

0.00669609 9.64282e-05
0.00670195 9.72512e-05

0.00670195 9.72527e-05
0.00670781 9.80039e-05

0.00670781 9.80055e-05
0.00671367 9.86787e-05

0.00671367 9.86844e-05
0.00671953 9.92651e-05

0.00671953 9.9272e-05
0.00672372 9.96094e-05

0.00672392 9.96094e-05
0.00672539 9.97279e-05

0.00672539 9.9738e-05
0.00673125 0.000100097

0.00682442 0
0.006825 1.65789e-06

0.00680156 9.26321e-05
0.00679757 9.375e-05

0.00680156 9.26386e-05
0.00680742 9.07987e-05

0.00680742 9.08135e-05
0.00681328 8.87467e-05

0.00681914 8.64192e-05
0.0068154 8.78906e-05

0.00681328 8.87603e-05
0.00681549 8.78906e-05

0.00681914 8.64387e-05
0.006825 8.39016e-05

0.00673125 0.000100101
0.00673711 0.000100344

0.00673711 0.000100346
0.00674297 0.000100461

0.00674297 0.000100463
0.00674883 0.000100439

0.00674883 0.000100441
0.00675469 0.00010027

0.00675469 0.000100272
0.00676055 9.99464e-05

0.00676641 9.94316e-05
0.00676431 9.96094e-05

0.00676055 9.99633e-05
0.00676471 9.96094e-05

0.00676641 9.9448e-05
0.00677227 9.8779e-05

0.00677227 9.87853e-05
0.00677812 9.79458e-05

0.00677812 9.79483e-05
0.00678398 9.69207e-05

0.00678398 9.69193e-05
0.00678984 9.57013e-05

0.00678984 9.57111e-05
0.0067957 9.42859e-05

0.0067957 9.42958e-05
0.00679765 9.375e-05

0.006825 2.11848e-06
0.00683086 5.24834e-06

0.00683086 5.58572e-06
0.00683445 0

0.00683086 8.10719e-05
0.00682885 8.20312e-05

0.00683086 8.1113e-05
0.00683672 7.80388e-05

0.006825 8.39295e-05
0.00682898 8.20312e-05

0.00684258 7.46491e-05
0.00683993 7.61719e-05

0.00683672 7.80697e-05
0.00684002 7.61719e-05

0.00684258 7.46972e-05
0.00684844 7.09919e-05

0.0068543 6.69088e-05
0.00684941 7.03125e-05

0.00686016 6.24102e-05
0.00685748 6.44531e-05

0.0068543 6.69329e-05
0.00685758 6.44531e-05

0.00686602 5.73729e-05
0.00686463 5.85937e-05

0.00687187 5.1819e-05
0.00687096 5.27344e-05

0.00686602 5.74594e-05
0.00687103 5.27344e-05

0.00686016 6.2458e-05
0.00686472 5.85937e-05

0.00684844 7.09863e-05
0.00684945 7.03125e-05

0.00689531 2.24724e-05
0.00689459 2.34375e-05

0.00687773 4.55769e-05
0.00687658 4.6875e-05

0.00688359 3.85144e-05
0.00688163 4.10156e-05

0.00687773 4.55937e-05
0.00688166 4.10156e-05

0.00688945 3.07594e-05
0.0068862 3.51562e-05

0.00689474 2.34375e-05
0.00689046 2.92969e-05

0.00688945 3.07873e-05
0.00689052 2.92969e-05

0.00688359 3.85548e-05
0.00688623 3.51562e-05

0.00690117 1.54572e-05
0.00689906 1.75781e-05

0.00689531 2.24224e-05
0.00689935 1.75781e-05

0.00690117 1.51328e-05
0.00690656 1.17187e-05

0.00691289 1.10421e-05
0.00690803 1.17187e-05

0.00691289 1.11178e-05
0.00691705 1.17187e-05

0.00690703 1.17219e-05
0.00690705 1.17187e-05

0.00691526 1.17187e-05
0.00691875 1.22231e-05

0.00687187 5.18805e-05
0.00687662 4.6875e-05

0.00691875 1.22545e-05
0.00692461 1.4009e-05

0.00692461 1.4074e-05
0.00693047 1.62553e-05

0.00693047 1.62893e-05
0.0069337 1.75781e-05

0.0069335 1.75781e-05
0.00693633 1.8705e-05

0.00693633 1.87193e-05
0.00694219 2.0954e-05

0.00694219 2.09746e-05
0.00694805 2.29529e-05

0.00694805 2.29641e-05
0.00694971 2.34375e-05

0.00694974 2.34375e-05
0.00695391 2.46259e-05

0.00695391 2.46357e-05
0.00695977 2.59754e-05

0.00695977 2.59761e-05
0.00696562 2.69685e-05

0.00696562 2.69666e-05
0.00697148 2.7614e-05

0.00697148 2.76125e-05
0.00697734 2.79217e-05

0.00697734 2.79178e-05
0.0069832 2.78999e-05

0.0069832 2.7893e-05
0.00698906 2.75694e-05

0.00698906 2.75594e-05
0.00699492 2.6964e-05

0.00699492 2.69511e-05
0.00700078 2.61296e-05

0.00700078 2.61108e-05
0.00700664 2.51265e-05

0.00700664 2.51049e-05
0.0070125 2.40387e-05

0.00701836 2.29502e-05
0.00701567 2.34375e-05

0.00701836 2.29349e-05
0.00702422 2.19691e-05

0.00702422 2.19551e-05
0.00703008 2.11541e-05

0.00703008 2.11432e-05
0.00703594 2.0557e-05

0.0070125 2.40214e-05
0.00701573 2.34375e-05

0.00703594 2.05544e-05
0.0070418 2.02097e-05

0.0070418 2.02183e-05
0.00704766 2.01033e-05

0.00704766 2.01155e-05
0.00705352 2.01886e-05

0.00705352 2.02007e-05
0.00705937 2.04129e-05

0.00705937 2.04239e-05
0.00706523 2.07292e-05

0.00706523 2.07365e-05
0.00707109 2.10982e-05

0.00707109 2.11078e-05
0.00707695 2.14921e-05

0.00707695 2.14994e-05
0.00708281 2.18725e-05

0.00708281 2.18772e-05
0.00708867 2.22148e-05

0.00708867 2.22177e-05
0.00709453 2.25047e-05

0.00709453 2.2506e-05
0.00710039 2.27341e-05

0.00710039 2.27343e-05
0.00710625 2.29005e-05

0.00710625 2.28997e-05
0.00711211 2.30053e-05

0.00711211 2.30038e-05
0.00711797 2.30533e-05

0.00711797 2.30513e-05
0.00712383 2.30518e-05

0.00712383 2.30495e-05
0.00712969 2.30097e-05

0.00712969 2.30073e-05
0.00713555 2.29368e-05

0.00713555 2.29344e-05
0.00714141 2.2843e-05

0.00714141 2.28408e-05
0.00714727 2.27376e-05

0.00714727 2.27358e-05
0.00715312 2.26285e-05

0.00715312 2.26273e-05
0.00715898 2.25221e-05

0.00715898 2.25215e-05
0.00716484 2.24219e-05

0.00716484 2.2422e-05
0.0071707 2.23292e-05

0.0071707 2.23298e-05
0.00717656 2.22424e-05

0.00717656 2.22433e-05
0.00718242 2.21583e-05

0.00718242 2.21593e-05
0.00718828 2.20729e-05

0.00718828 2.20738e-05
0.00719414 2.1982e-05

0.00719414 2.19826e-05
0.0072 2.18823e-05

0.00601641 0.00333757
0.00601124 0.00333984

0.00601055 0.00334006
0.00600584 0.0033457

0.00600593 0.0033457
0.00600533 0.00335156

0.00601055 0.00334009
0.00601102 0.00333984

0.00601641 0.00333738
0.00602227 0.00333918

0.00602227 0.0033393
0.006023 0.00333984

0.0060229 0.00333984
0.00602805 0.0033457

0.00602798 0.0033457
0.00602812 0.00334684

0.00600504 0.00335156
0.00600916 0.00335742

0.0060091 0.00335742
0.00601055 0.00335863

0.00601055 0.00335853
0.00601641 0.0033611

0.00601641 0.00336108
0.00602227 0.0033595

0.00602812 0.00335296
0.00602487 0.00335742

0.00602227 0.00335948
0.00602497 0.00335742

0.00602812 0.00334722
0.00602867 0.00335156

0.00602812 0.00335284
0.00602873 0.00335156

0.0072 2.18827e-05
0.00720586 2.17719e-05

0.00720586 2.1772e-05
0.00721172 2.16497e-05

0.00721172 2.16496e-05
0.00721758 2.15158e-05

0.00721758 2.15155e-05
0.00722344 2.13709e-05

0.00722344 2.13705e-05
0.0072293 2.12162e-05

0.0072293 2.12158e-05
0.00723516 2.10534e-05

0.00723516 2.1053e-05
0.00724102 2.08844e-05

0.00724102 2.0884e-05
0.00724687 2.07109e-05

0.00724687 2.07104e-05
0.00725273 2.05348e-05

0.00725273 2.05345e-05
0.00725859 2.03581e-05

0.00725859 2.03586e-05
0.00726445 2.01813e-05

0.00726445 2.01811e-05
0.00727031 2.00024e-05

0.00727031 2.00021e-05
0.00727617 1.98228e-05

0.00727617 1.98226e-05
0.00728203 1.96436e-05

0.00728203 1.96435e-05
0.00728789 1.94654e-05

0.00728789 1.94652e-05
0.00729375 1.92889e-05

0.00729375 1.92887e-05
0.00729961 1.91148e-05

0.00729961 1.91145e-05
0.00730547 1.89441e-05

0.00730547 1.89437e-05
0.00731133 1.8778e-05

0.00731133 1.87777e-05
0.00731719 1.86181e-05

0.00731719 1.86178e-05
0.00732305 1.84658e-05

0.00732305 1.84656e-05
0.00732891 1.83221e-05

0.00732891 1.83222e-05
0.00733477 1.81875e-05

0.00733477 1.8188e-05
0.00734062 1.8061e-05

0.00734062 1.8062e-05
0.00734648 1.794e-05

0.00734648 1.79408e-05
0.00735234 1.78202e-05

0.00735234 1.78216e-05
0.0073582 1.76977e-05

0.00736406 1.75571e-05
0.00736316 1.75781e-05

0.0073582 1.77019e-05
0.00736353 1.75781e-05

0.00736406 1.75575e-05
0.00736992 1.74169e-05

0.00736992 1.74174e-05
0.00737578 1.72857e-05

0.00737578 1.72864e-05
0.00738164 1.71613e-05

0.00738164 1.71616e-05
0.0073875 1.7041e-05

0.0073875 1.70411e-05
0.00739336 1.69241e-05

0.00739336 1.69241e-05
0.00739922 1.68104e-05

0.00739922 1.68105e-05
0.00740508 1.66998e-05

0.00740508 1.66999e-05
0.00741094 1.65919e-05

0.00741094 1.6592e-05
0.0074168 1.64865e-05

0.0074168 1.64866e-05
0.00742266 1.63832e-05

0.00742266 1.63833e-05
0.00742852 1.62816e-05

0.00742852 1.62817e-05
0.00743437 1.61816e-05

0.00743437 1.61817e-05
0.00744023 1.60827e-05

0.00744023 1.60828e-05
0.00744609 1.59847e-05

0.00744609 1.59848e-05
0.00745195 1.58871e-05

0.00745195 1.58872e-05
0.00745781 1.57898e-05

0.00745781 1.57899e-05
0.00746367 1.56922e-05

0.00746367 1.56923e-05
0.00746953 1.55941e-05

0.00746953 1.55942e-05
0.00747539 1.54951e-05

0.00747539 1.54952e-05
0.00748125 1.53948e-05

0.00748125 1.53949e-05
0.00748711 1.5293e-05

0.00748711 1.52931e-05
0.00749297 1.51892e-05

0.00749297 1.51895e-05
0.00749883 1.50828e-05

0.00749883 1.5083e-05
0.00750469 1.49726e-05

0.00750469 1.49726e-05
0.00751055 1.4858e-05

0.00751055 1.48573e-05
0.00751641 1.47397e-05

0.00751641 1.47375e-05
0.00752227 1.46226e-05

0.00752227 1.46218e-05
0.00752812 1.45155e-05

0.00752812 1.45168e-05
0.00753398 1.44178e-05

0.00753398 1.44173e-05
0.00753984 1.43241e-05

0.00753984 1.43236e-05
0.0075457 1.42383e-05

0.0075457 1.42376e-05
0.00755156 1.41624e-05

0.00755156 1.41616e-05
0.00755742 1.40993e-05

0.00755742 1.40985e-05
0.00756328 1.40521e-05

0.00756328 1.40512e-05
0.00756914 1.40243e-05

0.00756914 1.40233e-05
0.007575 1.40196e-05

0.007575 1.40185e-05
0.00758086 1.40423e-05

0.00758086 1.40411e-05
0.00758672 1.40971e-05

0.00758672 1.40958e-05
0.00759258 1.41891e-05

0.00759258 1.41875e-05
0.00759844 1.43238e-05

0.00759844 1.43221e-05
0.0076043 1.45078e-05

0.0076043 1.4506e-05
0.00761016 1.4748e-05

0.00761016 1.4746e-05
0.00761602 1.5052e-05

0.00761602 1.50534e-05
0.00762187 1.54248e-05

0.00762187 1.54278e-05
0.00762773 1.58557e-05

0.00762773 1.58617e-05
0.00763359 1.6328e-05

0.00763359 1.63373e-05
0.00763945 1.68115e-05

0.00763945 1.68215e-05
0.00764531 1.72651e-05

0.00764531 1.72839e-05
0.00765004 1.75781e-05

0.00765052 1.75781e-05
0.00765117 1.76184e-05

0.00765117 1.7636e-05
0.00765703 1.79078e-05

0.00765703 1.79173e-05
0.00766289 1.80928e-05

0.00766289 1.80997e-05
0.00766875 1.81462e-05

0.00766875 1.81503e-05
0.00767461 1.80459e-05

0.00767461 1.80484e-05
0.00768047 1.77798e-05

0.00768633 1.73321e-05
0.00768323 1.75781e-05

0.00768047 1.77892e-05
0.00768313 1.75781e-05

0.00768633 1.73285e-05
0.00769219 1.66393e-05

0.00769219 1.66225e-05
0.00769805 1.57426e-05

0.00769805 1.57239e-05
0.00770391 1.4724e-05

0.00770391 1.47033e-05
0.00770977 1.36624e-05

0.00770977 1.36452e-05
0.00771562 1.26392e-05

0.00772148 1.17142e-05
0.00772734 1.09365e-05

0.00771562 1.26249e-05
0.00772147 1.17187e-05

0.00772734 1.09237e-05
0.0077332 1.03068e-05

0.0077332 1.03072e-05
0.00773906 9.87582e-06

0.00773906 9.8801e-06
0.00774492 9.62474e-06

0.00774492 9.62846e-06
0.00775078 9.53316e-06

0.00775078 9.53623e-06
0.00775664 9.58739e-06

0.00775664 9.59334e-06
0.0077625 9.77294e-06

0.0077625 9.78614e-06
0.00776836 1.00559e-05

0.00776836 1.0077e-05
0.00777422 1.03682e-05

0.00777422 1.03922e-05
0.00778008 1.06149e-05

0.00778008 1.06345e-05
0.00778594 1.07013e-05

0.00778594 1.0711e-05
0.0077918 1.05633e-05

0.0077918 1.05592e-05
0.00779766 1.01859e-05

0.00779766 1.01662e-05
0.00780352 9.61476e-06

0.00780352 9.58399e-06
0.00780937 8.95521e-06

0.00780937 8.92716e-06
0.00781523 8.33866e-06

0.00781523 8.32865e-06
0.00782109 7.85655e-06

0.00782109 7.86017e-06
0.00782695 7.51722e-06

0.00782695 7.5248e-06
0.00783281 7.28861e-06

0.00783281 7.29335e-06
0.00783867 7.13927e-06

0.00783867 7.13912e-06
0.00784453 7.058e-06

0.00784453 7.05507e-06
0.00785039 7.05308e-06

0.00785039 7.05153e-06
0.00785625 7.13761e-06

0.00785625 7.14097e-06
0.00786211 7.31151e-06

0.00786211 7.32047e-06
0.00786797 7.55083e-06

0.00786797 7.56261e-06
0.00787383 7.81128e-06

0.00787383 7.82128e-06
0.00787969 8.04472e-06

0.00787969 8.04927e-06
0.00788555 8.2184e-06

0.00788555 8.21642e-06
0.00789141 8.32611e-06

0.00789141 8.31913e-06
0.00789727 8.38731e-06

0.00789727 8.37778e-06
0.00790313 8.43746e-06

0.00790313 8.4267e-06
0.00790898 8.51847e-06

0.00790898 8.50402e-06
0.00791484 8.67828e-06

0.00791484 8.66248e-06
0.0079207 8.97975e-06

0.0079207 8.9573e-06
0.00792656 9.49409e-06

0.00792656 9.47607e-06
0.00793242 1.03133e-05

0.00793242 1.03e-05
0.00793828 1.15005e-05

0.00793828 1.15122e-05
0.00793912 1.17187e-05

0.00793883 1.17187e-05
0.00794414 1.30256e-05

0.00794414 1.30444e-05
0.00795 1.45282e-05

0.00795 1.45629e-05
0.00795586 1.59641e-05

0.00795586 1.60423e-05
0.00796172 1.7135e-05

0.00796172 1.72037e-05
0.00796593 1.75781e-05

0.00796674 1.75781e-05
0.00796758 1.76524e-05

0.00797344 1.75286e-05
0.00797187 1.75781e-05

0.00796758 1.77259e-05
0.00797224 1.75781e-05

0.00797344 1.75601e-05
0.0079793 1.65956e-05

0.0079793 1.65797e-05
0.00798516 1.48228e-05

0.00799688 9.10134e-06
0.00799167 1.17187e-05

0.00798516 1.48379e-05
0.00799102 1.22904e-05

0.00799102 1.2263e-05
0.0079921 1.17187e-05

0.00799687 8.85689e-06
0.00800273 6.48946e-06

0.00800859 5.29782e-06
0.00800683 5.85937e-06

0.00800273 6.37634e-06
0.00800492 5.85938e-06

0.00801445 3.84388e-06
0.0080089 5.85937e-06

0.00801445 5.30581e-06
0.00802031 2.09031e-06

0.00802031 4.92595e-06
0.00802565 0

0.00802617 4.65511e-07
0.00803203 1.33895e-06

0.00803203 9.60085e-07
0.00803789 4.18427e-06

0.00803789 5.11196e-06
0.00804354 0

0.0080478 0
0.00804961 1.53914e-06

0.00804961 1.48874e-06
0.00805298 5.85937e-06

0.00805706 5.85938e-06
0.00806133 1.03946e-05

0.00806133 9.94629e-06
0.0080623 1.17187e-05

0.00805998 1.17187e-05
0.00806133 1.39768e-05

0.00806133 1.41518e-05
0.0080642 1.75781e-05

0.00806484 1.75781e-05
0.00806719 1.93125e-05

0.00806719 1.94806e-05
0.00807305 2.17933e-05

0.00807305 2.18748e-05
0.00807891 2.15483e-05

0.00808831 0
0.00808811 5.85937e-06

0.00808815 5.85938e-06
0.00808749 1.17187e-05

0.00807891 2.1948e-05
0.00808477 1.80197e-05

0.00808851 1.17187e-05
0.00808527 1.75781e-05

0.00808477 1.79663e-05
0.00808513 1.75781e-05

0.00823419 0
0.00823494 5.85937e-06

0.00823484 5.85938e-06
0.00823711 1.12505e-05

0.00823711 1.12562e-05
0.0082373 1.17187e-05

0.00823711 1.21114e-05
0.00824224 1.75781e-05

0.00824285 1.75781e-05
0.00824297 1.76654e-05

0.00824297 1.78857e-05
0.00824883 2.07919e-05

0.00824883 2.07461e-05
0.00825469 2.12523e-05

0.00825469 2.13006e-05
0.00826055 1.94017e-05

0.00826641 1.46953e-05
0.00826321 1.75781e-05

0.00826055 1.93921e-05
0.0082632 1.75781e-05

0.00827177 0
0.008271 5.85937e-06

0.00827113 5.85938e-06
0.00826855 1.17187e-05

0.00826641 1.4793e-05
0.00826874 1.17187e-05

0.0083854 0
0.00838614 5.85937e-06

0.00838606 5.85938e-06
0.00838845 1.17187e-05

0.00838831 1.17187e-05
0.00838945 1.34161e-05

0.00838945 1.35684e-05
0.00839317 1.75781e-05

0.00839372 1.75781e-05
0.00839531 1.87812e-05

0.00839531 1.89754e-05
0.00840117 2.19433e-05

0.00840117 2.18786e-05
0.00840703 2.29317e-05

0.00840703 2.28966e-05
0.00841289 2.22344e-05

0.00841289 2.23397e-05
0.00841875 1.98216e-05

0.00843038 0
0.00842958 5.85937e-06

0.00842969 5.85938e-06
0.00842705 1.17187e-05

0.00842461 1.49221e-05
0.00842182 1.75781e-05

0.00841875 1.98234e-05
0.00842179 1.75781e-05

0.00842461 1.50116e-05
0.00842715 1.17187e-05

0.0089114 0
0.00891245 5.85937e-06

0.00891196 5.85938e-06
0.00891611 1.17187e-05

0.00891643 1.17187e-05
0.0089168 1.20617e-05

0.0089168 1.21688e-05
0.00892266 1.60948e-05

0.00892266 1.5953e-05
0.00892852 1.70205e-05

0.00892852 1.70298e-05
0.00893437 1.55039e-05

0.00894023 1.09647e-05
0.00893957 1.17187e-05

0.00894459 0
0.00894347 5.85937e-06

0.00894023 1.11404e-05
0.00894379 5.85938e-06

0.00893437 1.56541e-05
0.00893961 1.17187e-05

0.0089755 0
0.00897669 5.85937e-06

0.00897617 5.85938e-06
0.0089808 1.17187e-05

0.00898125 1.18628e-05
0.00898711 1.5069e-05

0.00898711 1.49769e-05
0.00899297 1.51013e-05

0.00900469 2.26861e-06
0.00900391 5.85937e-06

0.0090044 5.85938e-06
0.00899961 1.17187e-05

0.00899297 1.52127e-05
0.00899883 1.22169e-05

0.00899883 1.20492e-05
0.00899924 1.17187e-05

0.00900469 2.267e-06
0.00900518 0

0.00923355 0
0.0092344 5.85937e-06

0.00923428 5.85938e-06
0.00923709 1.17187e-05

0.00923704 1.17187e-05
0.00923906 1.4274e-05

0.00923906 1.44505e-05
0.00924271 1.75781e-05

0.00924337 1.75781e-05
0.00924492 1.858e-05

0.00924492 1.87845e-05
0.00925078 2.06712e-05

0.00925078 2.06022e-05
0.00925664 2.04185e-05

0.00925664 2.04541e-05
0.0092625 1.82671e-05

0.00927368 0
0.00927277 5.85937e-06

0.00927294 5.85938e-06
0.00926989 1.17187e-05

0.00926836 1.36747e-05
0.00926387 1.75781e-05

0.0092625 1.82144e-05
0.00926351 1.75781e-05

0.00926836 1.36872e-05
0.00926996 1.17187e-05

