-4.40394e-05 0
-4.40353e-05 5.85937e-06

-4.40353e-05 5.85938e-06
-4.40228e-05 1.17187e-05

-4.40228e-05 1.17187e-05
-4.40021e-05 1.75781e-05

-4.40021e-05 1.75781e-05
-4.39731e-05 2.34375e-05

-4.3973e-05 2.34375e-05
-4.39357e-05 2.92969e-05

-4.39357e-05 2.92969e-05
-4.389e-05 3.51562e-05

-4.389e-05 3.51562e-05
-4.3836e-05 4.10156e-05

-4.3836e-05 4.10156e-05
-4.37738e-05 4.6875e-05

-4.37738e-05 4.6875e-05
-4.37033e-05 5.27344e-05

-4.37033e-05 5.27344e-05
-4.36245e-05 5.85937e-05

-4.36245e-05 5.85937e-05
-4.35376e-05 6.44531e-05

-4.35376e-05 6.44531e-05
-4.34424e-05 7.03125e-05

-4.34424e-05 7.03125e-05
-4.3339e-05 7.61719e-05

-4.3339e-05 7.61719e-05
-4.32275e-05 8.20312e-05

-4.32275e-05 8.20312e-05
-4.31078e-05 8.78906e-05

-4.31078e-05 8.78906e-05
-4.29801e-05 9.375e-05

-4.298e-05 9.375e-05
-4.28442e-05 9.96094e-05

-4.28442e-05 9.96094e-05
-4.27004e-05 0.000105469

-4.27003e-05 0.000105469
-4.25485e-05 0.000111328

-4.25485e-05 0.000111328
-4.23886e-05 0.000117187

-4.23886e-05 0.000117187
-4.22209e-05 0.000123047

-4.22209e-05 0.000123047
-4.21875e-05 0.000124161

-4.21875e-05 0.000124161
-4.20453e-05 0.000128906

-4.20453e-05 0.000128906
-4.18619e-05 0.000134766

-4.18619e-05 0.000134766
-4.16706e-05 0.000140625

-4.16706e-05 0.000140625
-4.14715e-05 0.000146484

-4.14715e-05 0.000146484
-4.12647e-05 0.000152344

-4.12647e-05 0.000152344
-4.10503e-05 0.000158203

-4.10502e-05 0.000158203
-4.08282e-05 0.000164062

-4.08282e-05 0.000164062
-4.05985e-05 0.000169922

-4.05985e-05 0.000169922
-4.03613e-05 0.000175781

-4.03613e-05 0.000175781
-4.01167e-05 0.000181641

-4.01167e-05 0.000181641
-3.98647e-05 0.0001875

-3.98647e-05 0.0001875
-3.96054e-05 0.000193359

-3.96054e-05 0.000193359
-3.93388e-05 0.000199219

-3.93388e-05 0.000199219
-3.9065e-05 0.000205078

-3.9065e-05 0.000205078
-3.87841e-05 0.000210937

-3.87841e-05 0.000210937
-3.84962e-05 0.000216797

-3.84962e-05 0.000216797
-3.82014e-05 0.000222656

-3.82014e-05 0.000222656
-3.78996e-05 0.000228516

-3.78996e-05 0.000228516
-3.75911e-05 0.000234375

-3.75911e-05 0.000234375
-3.72758e-05 0.000240234

-3.72758e-05 0.000240234
-3.69539e-05 0.000246094

-3.69539e-05 0.000246094
-3.66255e-05 0.000251953

-3.66255e-05 0.000251953
-3.63281e-05 0.000257159

-3.63281e-05 0.000257159
-3.62908e-05 0.000257812

-3.62909e-05 0.000257812
-3.59498e-05 0.000263672

-3.59496e-05 0.000263672
-3.56023e-05 0.000269531

-3.56023e-05 0.000269531
-3.52488e-05 0.000275391

-3.52488e-05 0.000275391
-3.48893e-05 0.00028125

-3.48892e-05 0.00028125
-3.45238e-05 0.000287109

-3.45238e-05 0.000287109
-3.41524e-05 0.000292969

-3.41524e-05 0.000292969
-3.37753e-05 0.000298828

-3.37753e-05 0.000298828
-3.33925e-05 0.000304687

-3.33925e-05 0.000304687
-3.30042e-05 0.000310547

-3.30041e-05 0.000310547
-3.26104e-05 0.000316406

-3.26104e-05 0.000316406
-3.22113e-05 0.000322266

-3.22113e-05 0.000322266
-3.1807e-05 0.000328125

-3.1807e-05 0.000328125
-3.13977e-05 0.000333984

-3.13976e-05 0.000333984
-3.09834e-05 0.000339844

-3.09833e-05 0.000339844
-3.05644e-05 0.000345703

-3.05644e-05 0.000345703
-3.04688e-05 0.000347026

-3.04688e-05 0.000347027
-3.01407e-05 0.000351562

-3.01404e-05 0.000351562
-2.9712e-05 0.000357422

-2.9712e-05 0.000357422
-2.92793e-05 0.000363281

-2.92792e-05 0.000363281
-2.88423e-05 0.000369141

-2.88423e-05 0.000369141
-2.84012e-05 0.000375

-2.84012e-05 0.000375
-2.79561e-05 0.000380859

-2.7956e-05 0.000380859
-2.7507e-05 0.000386719

-2.7507e-05 0.000386719
-2.70542e-05 0.000392578

-2.70542e-05 0.000392578
-2.65979e-05 0.000398437

-2.65979e-05 0.000398437
-2.61381e-05 0.000404297

-2.61381e-05 0.000404297
-2.56751e-05 0.000410156

-2.5675e-05 0.000410156
-2.5209e-05 0.000416016

-2.52089e-05 0.000416016
-2.474e-05 0.000421875

-2.47401e-05 0.000421875
-2.46094e-05 0.000423498

-2.46094e-05 0.0004235
-2.42682e-05 0.000427734

-2.42678e-05 0.000427734
-2.37928e-05 0.000433594

-2.37928e-05 0.000433594
-2.33157e-05 0.000439453

-2.33157e-05 0.000439453
-2.28364e-05 0.000445312

-2.28363e-05 0.000445312
-2.23548e-05 0.000451172

-2.23548e-05 0.000451172
-2.18712e-05 0.000457031

-2.18712e-05 0.000457031
-2.13857e-05 0.000462891

-2.13856e-05 0.000462891
-2.08985e-05 0.00046875

-2.08985e-05 0.00046875
-2.04099e-05 0.000474609

-2.04098e-05 0.000474609
-1.99199e-05 0.000480469

-1.99198e-05 0.000480469
-1.94287e-05 0.000486328

-1.94287e-05 0.000486328
-1.89367e-05 0.000492187

-1.89369e-05 0.000492187
-1.875e-05 0.000494408

-1.875e-05 0.000494409
-1.84437e-05 0.000498047

-1.84432e-05 0.000498047
-1.79489e-05 0.000503906

-1.79489e-05 0.000503906
-1.74545e-05 0.000509766

-1.74545e-05 0.000509766
-1.69599e-05 0.000515625

-1.69598e-05 0.000515625
-1.64651e-05 0.000521484

-1.6465e-05 0.000521484
-1.59702e-05 0.000527344

-1.59701e-05 0.000527344
-1.54755e-05 0.000533203

-1.54754e-05 0.000533203
-1.49811e-05 0.000539062

-1.4981e-05 0.000539062
-1.44872e-05 0.000544922

-1.44872e-05 0.000544922
-1.39941e-05 0.000550781

-1.3994e-05 0.000550781
-1.35019e-05 0.000556641

-1.35019e-05 0.000556641
-1.30109e-05 0.0005625

-1.30111e-05 0.0005625
-1.28906e-05 0.00056394

-1.28906e-05 0.000563941
-1.25207e-05 0.000568359

-1.25201e-05 0.000568359
-1.20306e-05 0.000574219

-1.20307e-05 0.000574219
-1.15432e-05 0.000580078

-1.15432e-05 0.000580078
-1.10576e-05 0.000585937

-1.10576e-05 0.000585937
-1.05739e-05 0.000591797

-1.05739e-05 0.000591797
-1.00922e-05 0.000597656

-1.00921e-05 0.000597656
-9.61252e-06 0.000603516

-9.61247e-06 0.000603516
-9.13525e-06 0.000609375

-9.13522e-06 0.000609375
-8.66054e-06 0.000615234

-8.66048e-06 0.000615234
-8.18852e-06 0.000621094

-8.18846e-06 0.000621094
-7.71944e-06 0.000626953

-7.71938e-06 0.000626953
-7.25354e-06 0.000632812

-7.25389e-06 0.000632812
-7.03125e-06 0.000635628

-7.03125e-06 0.000635629
-6.79062e-06 0.000638672

-6.79005e-06 0.000638672
-6.32947e-06 0.000644531

-6.32944e-06 0.000644531
-5.87276e-06 0.000650391

-5.8728e-06 0.000650391
-5.41999e-06 0.00065625

-5.41998e-06 0.00065625
-4.97101e-06 0.000662109

-4.97098e-06 0.000662109
-4.5259e-06 0.000667969

-4.52587e-06 0.000667969
-4.08477e-06 0.000673828

-4.08472e-06 0.000673828
-3.64779e-06 0.000679687

-3.64776e-06 0.000679687
-3.21516e-06 0.000685547

-3.21513e-06 0.000685547
-2.78699e-06 0.000691406

-2.78694e-06 0.000691406
-2.36342e-06 0.000697266

-2.36337e-06 0.000697266
-1.94468e-06 0.000703125

-1.94461e-06 0.000703125
-1.53099e-06 0.000708984

-1.53121e-06 0.000708984
-1.17187e-06 0.000714134

-1.17187e-06 0.000714134
-1.12238e-06 0.000714844

-1.12238e-06 0.000714844
-7.17848e-07 0.000720703

-7.17378e-07 0.000720703
-3.1805e-07 0.000726562

-3.18207e-07 0.000726562
7.52917e-08 0.000732422

7.53014e-08 0.000732422
4.63267e-07 0.000738281

4.63282e-07 0.000738281
8.45665e-07 0.000744141

8.45685e-07 0.000744141
1.22242e-06 0.00075

1.22243e-06 0.00075
1.59344e-06 0.000755859

1.59347e-06 0.000755859
1.95865e-06 0.000761719

1.95868e-06 0.000761719
2.31791e-06 0.000767578

2.31793e-06 0.000767578
2.67111e-06 0.000773437

2.67113e-06 0.000773437
3.01817e-06 0.000779297

3.0182e-06 0.000779297
3.35903e-06 0.000785156

3.35906e-06 0.000785156
3.69355e-06 0.000791016

3.69359e-06 0.000791016
4.02161e-06 0.000796875

4.02166e-06 0.000796875
4.34303e-06 0.000802734

4.34295e-06 0.000802734
4.65772e-06 0.000808594

4.65748e-06 0.000808594
4.6875e-06 0.000809163

4.6875e-06 0.000809163
4.96629e-06 0.000814453

4.96679e-06 0.000814453
5.26917e-06 0.000820312

5.26905e-06 0.000820312
5.56424e-06 0.000826172

5.56423e-06 0.000826172
5.85248e-06 0.000832031

5.85248e-06 0.000832031
6.13381e-06 0.000837891

6.13381e-06 0.000837891
6.40823e-06 0.00084375

6.40825e-06 0.00084375
6.6757e-06 0.000849609

6.67571e-06 0.000849609
6.93612e-06 0.000855469

6.93613e-06 0.000855469
7.18949e-06 0.000861328

7.18949e-06 0.000861328
7.43578e-06 0.000867187

7.43579e-06 0.000867187
7.67498e-06 0.000873047

7.675e-06 0.000873047
7.90703e-06 0.000878906

7.90704e-06 0.000878906
8.13186e-06 0.000884766

8.13186e-06 0.000884766
8.34946e-06 0.000890625

8.34947e-06 0.000890625
8.55986e-06 0.000896484

8.55986e-06 0.000896484
8.76301e-06 0.000902344

8.76301e-06 0.000902344
8.9589e-06 0.000908203

8.9589e-06 0.000908203
9.14753e-06 0.000914062

9.14753e-06 0.000914062
9.32889e-06 0.000919922

9.32889e-06 0.000919922
9.50299e-06 0.000925781

9.50299e-06 0.000925781
9.66983e-06 0.000931641

9.66982e-06 0.000931641
9.82941e-06 0.0009375

9.82941e-06 0.0009375
9.98175e-06 0.000943359

9.98175e-06 0.000943359
1.01269e-05 0.000949219

1.01269e-05 0.000949219
1.02648e-05 0.000955078

1.02648e-05 0.000955078
1.03955e-05 0.000960937

1.03954e-05 0.000960937
1.0519e-05 0.000966797

1.05189e-05 0.000966797
1.05469e-05 0.000968204

1.05469e-05 0.0009682
1.06356e-05 0.000972656

1.06356e-05 0.000972656
1.07453e-05 0.000978516

1.07454e-05 0.000978516
1.08481e-05 0.000984375

1.08481e-05 0.000984375
1.09438e-05 0.000990234

1.09438e-05 0.000990234
1.10327e-05 0.000996094

1.10327e-05 0.000996094
1.11149e-05 0.00100195

1.11149e-05 0.00100195
1.11905e-05 0.00100781

1.11905e-05 0.00100781
1.12595e-05 0.00101367

1.12595e-05 0.00101367
1.1322e-05 0.00101953

1.1322e-05 0.00101953
1.13782e-05 0.00102539

1.13782e-05 0.00102539
1.14282e-05 0.00103125

1.14282e-05 0.00103125
1.14721e-05 0.00103711

1.14721e-05 0.00103711
1.15101e-05 0.00104297

1.15101e-05 0.00104297
1.15423e-05 0.00104883

1.15423e-05 0.00104883
1.15689e-05 0.00105469

1.15688e-05 0.00105469
1.159e-05 0.00106055

1.15899e-05 0.00106055
1.16058e-05 0.00106641

1.16058e-05 0.00106641
1.16167e-05 0.00107227

1.16166e-05 0.00107227
1.16227e-05 0.00107812

1.16226e-05 0.00107812
1.16241e-05 0.00108398

1.1624e-05 0.00108398
1.16212e-05 0.00108984

1.16211e-05 0.00108984
1.16142e-05 0.0010957

1.16141e-05 0.0010957
1.16034e-05 0.00110156

1.16034e-05 0.00110156
1.15892e-05 0.00110742

1.15891e-05 0.00110742
1.15718e-05 0.00111328

1.15718e-05 0.00111328
1.15517e-05 0.00111914

1.15516e-05 0.00111914
1.1529e-05 0.001125

1.15289e-05 0.001125
1.15042e-05 0.00113086

1.15041e-05 0.00113086
1.14778e-05 0.00113672

1.14777e-05 0.00113672
1.145e-05 0.00114258

1.14499e-05 0.00114258
1.14214e-05 0.00114844

1.14213e-05 0.00114844
1.13923e-05 0.0011543

1.13922e-05 0.0011543
1.13633e-05 0.00116016

1.13631e-05 0.00116016
1.13347e-05 0.00116602

1.13346e-05 0.00116602
1.13071e-05 0.00117187

1.1307e-05 0.00117187
1.12811e-05 0.00117773

1.1281e-05 0.00117773
1.12572e-05 0.00118359

1.1257e-05 0.00118359
1.12359e-05 0.00118945

1.12358e-05 0.00118945
1.1218e-05 0.00119531

1.12178e-05 0.00119531
1.12039e-05 0.00120117

1.12038e-05 0.00120117
1.11945e-05 0.00120703

1.11943e-05 0.00120703
1.11902e-05 0.00121289

1.119e-05 0.00121289
1.11919e-05 0.00121875

1.11917e-05 0.00121875
1.12004e-05 0.00122461

1.12002e-05 0.00122461
1.12163e-05 0.00123047

1.12161e-05 0.00123047
1.12405e-05 0.00123633

1.12403e-05 0.00123633
1.12738e-05 0.00124219

1.12736e-05 0.00124219
1.1317e-05 0.00124805

1.13168e-05 0.00124805
1.13711e-05 0.00125391

1.13709e-05 0.00125391
1.1437e-05 0.00125977

1.14367e-05 0.00125977
1.15156e-05 0.00126562

1.15153e-05 0.00126563
1.16081e-05 0.00127148

1.16078e-05 0.00127148
1.17155e-05 0.00127734

1.17152e-05 0.00127734
1.18388e-05 0.0012832

1.18385e-05 0.0012832
1.19793e-05 0.00128906

1.19789e-05 0.00128906
1.21382e-05 0.00129492

1.21378e-05 0.00129492
1.2317e-05 0.00130078

1.23166e-05 0.00130078
1.25173e-05 0.00130664

1.25171e-05 0.00130664
1.27405e-05 0.0013125

1.27403e-05 0.0013125
1.29875e-05 0.00131836

1.29872e-05 0.00131836
1.32593e-05 0.00132422

1.32587e-05 0.00132422
1.35578e-05 0.00133008

1.35571e-05 0.00133008
1.38858e-05 0.00133594

1.38854e-05 0.00133594
1.42462e-05 0.0013418

1.42466e-05 0.0013418
1.46397e-05 0.00134766

1.46409e-05 0.00134766
1.50628e-05 0.00135352

1.50637e-05 0.00135352
1.55101e-05 0.00135937

1.55081e-05 0.00135937
1.59813e-05 0.00136523

1.59707e-05 0.00136523
1.64062e-05 0.00137009

1.64063e-05 0.00137011
1.64948e-05 0.00137109

1.64989e-05 0.00137109
1.70932e-05 0.00137695

1.70991e-05 0.00137695
1.77448e-05 0.00138281

1.77471e-05 0.00138281
1.8428e-05 0.00138867

1.84301e-05 0.00138867
1.91375e-05 0.00139453

1.91358e-05 0.00139453
1.98689e-05 0.00140039

1.98614e-05 0.00140039
2.06387e-05 0.00140625

2.06278e-05 0.00140625
2.1486e-05 0.00141211

2.14771e-05 0.00141211
2.22656e-05 0.00141683

2.22656e-05 0.00141684
2.2454e-05 0.00141797

2.24955e-05 0.00141797
2.35359e-05 0.00142383

2.35289e-05 0.00142383
2.45654e-05 0.00142969

2.45503e-05 0.00142969
2.56274e-05 0.00143555

2.56115e-05 0.00143555
2.6791e-05 0.00144141

2.67861e-05 0.00144141
2.81097e-05 0.00144727

2.81203e-05 0.00144727
2.8125e-05 0.00144729

2.81555e-05 0.00144727
2.95415e-05 0.00145312

2.95212e-05 0.00145312
3.09185e-05 0.00145898

3.08941e-05 0.00145898
3.23919e-05 0.00146484

3.23839e-05 0.00146484
3.39844e-05 0.00147048

3.39844e-05 0.00147049
3.40447e-05 0.0014707

3.41053e-05 0.0014707
3.58348e-05 0.00147656

3.57856e-05 0.00147656
3.75635e-05 0.00148242

3.75501e-05 0.00148242
3.95017e-05 0.00148828

3.95185e-05 0.00148828
3.98437e-05 0.00148921

3.98438e-05 0.00148911
4.16133e-05 0.00149414

4.15765e-05 0.00149414
4.372e-05 0.0015

0.000974253 0
0.000974254 5.85937e-06

0.000974254 5.85938e-06
0.000974257 1.17187e-05

0.000974257 1.17187e-05
0.000974262 1.75781e-05

0.000974262 1.75781e-05
0.00097427 2.34375e-05

0.00097427 2.34375e-05
0.00097428 2.92969e-05

0.00097428 2.92969e-05
0.000974293 3.51562e-05

0.000974293 3.51562e-05
0.000974308 4.10156e-05

0.000974308 4.10156e-05
0.000974327 4.6875e-05

0.000974327 4.6875e-05
0.000974348 5.27344e-05

0.000974348 5.27344e-05
0.000974372 5.85937e-05

0.000974372 5.85937e-05
0.000974398 6.44531e-05

0.000974398 6.44531e-05
0.000974428 7.03125e-05

0.000974428 7.03125e-05
0.00097446 7.61719e-05

0.00097446 7.61719e-05
0.000974494 8.20312e-05

0.000974494 8.20312e-05
0.00097453 8.78906e-05

0.00097453 8.78906e-05
0.000974569 9.375e-05

0.000974569 9.375e-05
0.000974609 9.96094e-05

0.000974609 9.96094e-05
0.000974652 0.000105469

0.000974652 0.000105469
0.000974696 0.000111328

0.000974696 0.000111328
0.000974742 0.000117187

0.000974742 0.000117187
0.00097479 0.000123047

0.00097479 0.000123047
0.00097484 0.000128906

0.00097484 0.000128906
0.000974891 0.000134766

0.000974891 0.000134766
0.000974945 0.000140625

0.000974945 0.000140625
0.000974999 0.000146484

0.000975 0.000146484
0.000975056 0.000152344

0.000975056 0.000152344
0.000975114 0.000158203

0.000975114 0.000158203
0.000975174 0.000164062

0.000975174 0.000164062
0.000975235 0.000169922

0.000975235 0.000169922
0.000975298 0.000175781

0.000975298 0.000175781
0.000975362 0.000181641

0.000975362 0.000181641
0.000975428 0.0001875

0.000975428 0.0001875
0.000975494 0.000193359

0.000975494 0.000193359
0.000975562 0.000199219

0.000975562 0.000199219
0.00097563 0.000205078

0.00097563 0.000205078
0.000975699 0.000210937

0.000975699 0.000210937
0.000975769 0.000216797

0.000975769 0.000216797
0.00097584 0.000222656

0.00097584 0.000222656
0.000975911 0.000228516

0.000975911 0.000228516
0.000975982 0.000234375

0.000975982 0.000234375
0.000976053 0.000240234

0.000976053 0.000240234
0.000976125 0.000246094

0.000976125 0.000246094
0.000976196 0.000251953

0.000976196 0.000251953
0.000976266 0.000257812

0.000976266 0.000257812
0.000976337 0.000263672

0.000976337 0.000263672
0.000976406 0.000269531

0.000976406 0.000269531
0.000976474 0.000275391

0.000976474 0.000275391
0.000976542 0.00028125

0.000976542 0.00028125
0.000976608 0.000287109

0.000976608 0.000287109
0.000976672 0.000292969

0.000976672 0.000292969
0.000976734 0.000298828

0.000976734 0.000298828
0.000976795 0.000304687

0.000976795 0.000304687
0.000976853 0.000310547

0.000976853 0.000310547
0.000976909 0.000316406

0.000976909 0.000316406
0.000976962 0.000322266

0.000976962 0.000322266
0.000977012 0.000328125

0.000977012 0.000328125
0.000977059 0.000333984

0.000977059 0.000333984
0.000977103 0.000339844

0.000977103 0.000339844
0.000977142 0.000345703

0.000977142 0.000345703
0.000977178 0.000351562

0.000977178 0.000351562
0.00097721 0.000357422

0.00097721 0.000357422
0.000977237 0.000363281

0.000977237 0.000363281
0.000977259 0.000369141

0.000977259 0.000369141
0.000977276 0.000375

0.000977276 0.000375
0.000977288 0.000380859

0.000977288 0.000380859
0.000977295 0.000386719

0.000977295 0.000386719
0.000977295 0.000392578

0.000977295 0.000392578
0.000977289 0.000398437

0.000977289 0.000398437
0.000977277 0.000404297

0.000977277 0.000404297
0.000977258 0.000410156

0.000977258 0.000410156
0.000977232 0.000416016

0.000977232 0.000416016
0.000977199 0.000421875

0.000977199 0.000421875
0.000977158 0.000427734

0.000977158 0.000427734
0.000977109 0.000433594

0.000977109 0.000433594
0.000977052 0.000439453

0.000977052 0.000439453
0.000976986 0.000445312

0.000976986 0.000445312
0.000976912 0.000451172

0.000976912 0.000451172
0.000976829 0.000457031

0.000976829 0.000457031
0.000976736 0.000462891

0.000976737 0.000462891
0.000976634 0.00046875

0.000976635 0.00046875
0.000976523 0.000474609

0.000976523 0.000474609
0.000976401 0.000480469

0.000976401 0.000480469
0.000976268 0.000486328

0.000976268 0.000486328
0.000976125 0.000492187

0.000976125 0.000492187
0.000975971 0.000498047

0.000975971 0.000498047
0.000975805 0.000503906

0.000975805 0.000503906
0.000975628 0.000509766

0.000975628 0.000509766
0.000975439 0.000515625

0.000975439 0.000515625
0.000975238 0.000521484

0.000975238 0.000521484
0.000975024 0.000527344

0.000975024 0.000527344
0.000974797 0.000533203

0.000974797 0.000533203
0.000974557 0.000539062

0.000974557 0.000539062
0.000974302 0.000544922

0.000974302 0.000544922
0.000974034 0.000550781

0.000974034 0.000550781
0.000973751 0.000556641

0.000973751 0.000556641
0.000973454 0.0005625

0.000973454 0.0005625
0.000973141 0.000568359

0.000973141 0.000568359
0.000972811 0.000574219

0.000972811 0.000574219
0.000972464 0.000580078

0.000972464 0.000580078
0.0009721 0.000585937

0.000971484 0.000595098
0.000971309 0.000597656

0.000972101 0.000585937
0.000971717 0.000591797

0.000971484 0.000595222
0.000971719 0.000591797

0.000971311 0.000597656
0.000970899 0.000603516

0.000970902 0.000603516
0.000970477 0.000609375

0.000970477 0.000609375
0.000970035 0.000615234

0.000970035 0.000615234
0.000969576 0.000621094

0.000969576 0.000621094
0.000969101 0.000626953

0.000969101 0.000626953
0.000968608 0.000632812

0.000968608 0.000632812
0.000968098 0.000638672

0.000968098 0.000638672
0.000967569 0.000644531

0.000967569 0.000644531
0.000967019 0.000650391

0.000967019 0.000650391
0.000966449 0.00065625

0.000965625 0.000664277
0.000965242 0.000667969

0.000965247 0.000667969
0.00096463 0.000673828

0.000964632 0.000673828
0.000964 0.000679687

0.000963999 0.000679687
0.000963347 0.000685547

0.000963347 0.000685547
0.000962677 0.000691406

0.000962677 0.000691406
0.000961988 0.000697266

0.000961988 0.000697266
0.000961279 0.000703125

0.000961279 0.000703125
0.00096055 0.000708984

0.000960551 0.000708984
0.000959798 0.000714844

0.000959766 0.000715009
0.00095903 0.000720703

0.00095904 0.000720703
0.00095828 0.000726562

0.000959766 0.000715103
0.000959799 0.000714844

0.000958279 0.000726562
0.000957497 0.000732422

0.000957496 0.000732422
0.000956696 0.000738281

0.000956696 0.000738281
0.000955878 0.000744141

0.000955878 0.000744141
0.000955042 0.00075

0.00096645 0.00065625
0.000965858 0.000662109

0.000965625 0.000664399
0.000965862 0.000662109

0.000825 0.00137563
0.000824345 0.00137695

0.000824353 0.00137695
0.000821379 0.00138281

0.000813281 0.00139807
0.000812016 0.00140039

0.000812021 0.00140039
0.00080875 0.00140625

0.000819141 0.00138711
0.000818326 0.00138867

0.000818334 0.00138867
0.000815214 0.00139453

0.000819141 0.00138713
0.000821387 0.00138281

0.000813281 0.00139809
0.000815221 0.00139453

0.000754688 0.00148718
0.000753829 0.00148828

0.000748828 0.00149454
0.000744353 0.0015

0.000753832 0.00148828
0.000749152 0.00149414

0.000748828 0.00149454
0.000749151 0.00149414

0.000766406 0.00147177
0.000762849 0.00147656

0.000772266 0.00146366
0.000771439 0.00146484

0.000778125 0.00145529
0.000775576 0.00145898

0.000772266 0.00146367
0.000775578 0.00145898

0.000771437 0.00146484
0.000767195 0.0014707

0.000766406 0.00147178
0.000767189 0.0014707

0.000760547 0.00147958
0.000758402 0.00148242

0.000754687 0.00148718
0.000758397 0.00148242

0.000760547 0.00147961
0.000762842 0.00147656

0.000795703 0.00142832
0.000794864 0.00142969

0.000801563 0.00141865
0.000798462 0.00142383

0.000795703 0.00142833
0.000798467 0.00142383

0.000789844 0.00143764
0.000787424 0.00144141

0.000783984 0.00144662
0.000783568 0.00144727

0.000783569 0.00144727
0.00077962 0.00145312

0.000783984 0.00144664
0.000787426 0.00144141

0.00079487 0.00142969
0.00079119 0.00143555

0.000789844 0.00143765
0.000791192 0.00143555

0.000807422 0.00140857
0.000805399 0.00141211

0.000805403 0.00141211
0.000801973 0.00141797

0.000807422 0.00140858
0.000808754 0.00140625

0.000801562 0.00141866
0.000801971 0.00141797

0.000778125 0.00145531
0.000779616 0.00145312

0.000953906 0.000757718
0.000953318 0.000761719

0.000953324 0.000761719
0.00095246 0.000767578

0.000952463 0.000767578
0.000951589 0.000773437

0.000955043 0.00075
0.000954189 0.000755859

0.000953906 0.000757813
0.000954194 0.000755859

0.000951588 0.000773437
0.0009507 0.000779297

0.000950701 0.000779297
0.000949798 0.000785156

0.000948047 0.000796141
0.00094793 0.000796875

0.000949798 0.000785156
0.00094888 0.000791016

0.000948047 0.000796257
0.000948884 0.000791016

0.000942187 0.000832553
0.000941313 0.000837891

0.000941325 0.000837891
0.000940376 0.00084375

0.000947933 0.000796875
0.000947002 0.000802734

0.000947012 0.000802734
0.000946089 0.000808594

0.000946088 0.000808594
0.000945153 0.000814453

0.000945154 0.000814453
0.00094421 0.000820312

0.000944211 0.000820312
0.000943255 0.000826172

0.000943256 0.000826172
0.000942287 0.000832031

0.000942187 0.000832653
0.000942289 0.000832031

0.000940375 0.00084375
0.000939419 0.000849609

0.000939419 0.000849609
0.000938458 0.000855469

0.000938459 0.000855469
0.00093749 0.000861328

0.00093749 0.000861328
0.000936513 0.000867187

0.000936328 0.000868228
0.000935535 0.000873047

0.000935547 0.000873047
0.0009346 0.000878906

0.000936328 0.000868342
0.000936518 0.000867187

0.0009346 0.000878906
0.000933652 0.000884766

0.000933652 0.000884766
0.000932703 0.000890625

0.000930469 0.000904309
0.000929843 0.000908203

0.000929851 0.000908203
0.000928928 0.000914062

0.000932703 0.000890625
0.000931751 0.000896484

0.00093175 0.000896484
0.000930796 0.000902344

0.000930469 0.000904416
0.000930802 0.000902344

0.000928931 0.000914062
0.000928014 0.000919922

0.000928014 0.000919922
0.000927099 0.000925781

0.000927099 0.000925781
0.000926188 0.000931641

0.000926187 0.000931641
0.000925283 0.0009375

0.00091875 0.000981885
0.000918394 0.000984375

0.000918398 0.000984375
0.000917578 0.000990234

0.000917584 0.000990234
0.00091678 0.000996094

0.000916779 0.000996094
0.000915981 0.00100195

0.000915981 0.00100195
0.000915188 0.00100781

0.000915189 0.00100781
0.000914397 0.00101367

0.000914396 0.00101367
0.000913604 0.00101953

0.000912891 0.00102471
0.000912797 0.00102539

0.000912797 0.00102539
0.000912008 0.00103125

0.000912891 0.00102481
0.00091361 0.00101953

0.000912017 0.00103125
0.000911247 0.00103711

0.000911248 0.00103711
0.00091048 0.00104297

0.00091048 0.00104297
0.000909712 0.00104883

0.000909713 0.00104883
0.00090894 0.00105469

0.000907031 0.00106874
0.000906547 0.00107227

0.000906555 0.00107227
0.000905765 0.00107812

0.000908941 0.00105469
0.000908161 0.00106055

0.000908167 0.00106055
0.000907368 0.00106641

0.000907031 0.0010688
0.00090736 0.00106641

0.000905768 0.00107812
0.000904978 0.00108398

0.000904979 0.00108398
0.000904181 0.00108984

0.000904182 0.00108984
0.000903372 0.0010957

0.000903373 0.0010957
0.000902546 0.00110156

0.000901172 0.00111083
0.000900806 0.00111328

0.00090255 0.00110156
0.000901694 0.00110742

0.000901172 0.00111089
0.00090169 0.00110742

0.000900809 0.00111328
0.000899939 0.00111914

0.000899946 0.00111914
0.000899073 0.001125

0.000924609 0.000941811
0.000924371 0.000943359

0.000924375 0.000943359
0.00092349 0.000949219

0.000924609 0.00094193
0.000925291 0.0009375

0.000923497 0.000949219
0.000922634 0.000955078

0.000922634 0.000955078
0.000921778 0.000960937

0.000921778 0.000960937
0.000920929 0.000966797

0.000920931 0.000966797
0.000920085 0.000972656

0.000920085 0.000972656
0.000919241 0.000978516

0.00091875 0.00098198
0.000919245 0.000978516

0.00089531 0.00114844
0.0008943 0.0011543

0.000894311 0.0011543
0.000893299 0.00116016

0.000893301 0.00116016
0.00089226 0.00116602

0.000892262 0.00116602
0.000891184 0.00117187

0.000899074 0.001125
0.000898182 0.00113086

0.000898184 0.00113086
0.000897266 0.00113672

0.000897266 0.00113672
0.000896317 0.00114258

0.000896322 0.00114258
0.000895329 0.00114844

0.000889453 0.0011807
0.000888877 0.00118359

0.000891189 0.00117187
0.000890061 0.00117773

0.000889453 0.00118076
0.000890055 0.00117773

0.000888883 0.00118359
0.000887703 0.00118945

0.000887709 0.00118945
0.000886503 0.00119531

0.000883594 0.00120849
0.000882581 0.00121289

0.000882594 0.00121289
0.000881229 0.00121875

0.000886504 0.00119531
0.000885255 0.00120117

0.000885263 0.00120117
0.000883952 0.00120703

0.000883594 0.00120853
0.000883938 0.00120703

0.000871875 0.00125441
0.000870316 0.00125977

0.000870332 0.00125977
0.000868595 0.00126562

0.000866016 0.00127387
0.000864913 0.00127734

0.000868599 0.00126563
0.000866791 0.00127148

0.000866016 0.00127391
0.000866786 0.00127148

0.000864924 0.00127734
0.000863023 0.0012832

0.00086303 0.0012832
0.000861063 0.00128906

0.000860156 0.00129164
0.000859022 0.00129492

0.000859032 0.00129492
0.000856963 0.00130078

0.000854297 0.00130802
0.000852618 0.0013125

0.000856972 0.00130078
0.000854832 0.00130664

0.000854297 0.00130805
0.000854824 0.00130664

0.000860156 0.00129168
0.00086106 0.00128906

0.000881233 0.00121875
0.000879824 0.00122461

0.000879829 0.00122461
0.000878357 0.00123047

0.000877734 0.0012328
0.000876819 0.00123633

0.000876828 0.00123633
0.000875283 0.00124219

0.000877734 0.00123284
0.000878349 0.00123047

0.000875288 0.00124219
0.000873697 0.00124805

0.000873705 0.00124805
0.000872043 0.00125391

0.000871875 0.00125443
0.000872029 0.00125391

0.000848438 0.00132324
0.00084805 0.00132422

0.00084806 0.00132422
0.000845684 0.00133008

0.000845695 0.00133008
0.000843257 0.00133594

0.000836719 0.0013509
0.000835545 0.00135352

0.000835552 0.00135352
0.000832855 0.00135937

0.000842578 0.0013375
0.000840741 0.0013418

0.000840751 0.0013418
0.000838188 0.00134766

0.000842578 0.00133752
0.000843252 0.00133594

0.000836719 0.00135093
0.000838192 0.00134766

0.000852629 0.0013125
0.000850383 0.00131836

0.000848437 0.0013233
0.00085039 0.00131836

0.000830859 0.00136359
0.000830081 0.00136523

0.000830089 0.00136523
0.000827256 0.00137109

0.000830859 0.00136362
0.000832863 0.00135937

0.000825 0.00137566
0.000827264 0.00137109

4.36987e-05 0.0015
4.57031e-05 0.00150504

4.57031e-05 0.00150503
4.60329e-05 0.00150586

4.60893e-05 0.00150586
4.85321e-05 0.00151172

4.84676e-05 0.00151172
5.10332e-05 0.00151758

5.10326e-05 0.00151758
5.15625e-05 0.00151871

5.15625e-05 0.00151861
5.38223e-05 0.00152344

5.37822e-05 0.00152344
5.66942e-05 0.0015293

5.66898e-05 0.0015293
5.74219e-05 0.00153068

5.74219e-05 0.00153061
5.98207e-05 0.00153516

5.97786e-05 0.00153516
6.30627e-05 0.00154102

6.30698e-05 0.00154102
6.32812e-05 0.00154138

6.32813e-05 0.00154132
6.65709e-05 0.00154687

6.65179e-05 0.00154687
6.91406e-05 0.00155106

6.91406e-05 0.00155102
7.02128e-05 0.00155273

7.02087e-05 0.00155273
7.41346e-05 0.00155859

7.41285e-05 0.00155859
7.5e-05 0.00155987

7.5e-05 0.00155981
7.8296e-05 0.00156445

7.82688e-05 0.00156445
8.08594e-05 0.00156791

8.08594e-05 0.00156783
8.2709e-05 0.00157031

8.26835e-05 0.00157031
8.67187e-05 0.00157532

8.67188e-05 0.00157532
8.7416e-05 0.00157617

8.74062e-05 0.00157617
9.24544e-05 0.00158203

9.24492e-05 0.00158203
9.25781e-05 0.00158218

9.25781e-05 0.00158216
9.78251e-05 0.00158789

9.78247e-05 0.00158789
9.84375e-05 0.00158854

9.84375e-05 0.00158853
0.000103507 0.00159375

0.00010351 0.00159375
0.000104297 0.00159453

0.000104297 0.00159455
0.000109563 0.00159961

0.000109575 0.00159961
0.000110156 0.00160015

0.000110156 0.00160017
0.000116016 0.00160543

0.000116016 0.00160543
0.000116058 0.00160547

0.000116084 0.00160547
0.000121875 0.00161034

0.000121875 0.00161035
0.000123099 0.00161133

0.000123151 0.00161133
0.000127734 0.00161496

0.000127734 0.00161501
0.000130649 0.00161719

0.000130734 0.00161719
0.000133594 0.0016193

0.000133594 0.00161935
0.000138841 0.00162305

0.000138833 0.00162305
0.000139453 0.00162347

0.000139453 0.00162347
0.000145312 0.00162737

0.000145312 0.00162741
0.000147681 0.00162891

0.000147775 0.00162891
0.000151172 0.00163106

0.000151172 0.00163109
0.000157031 0.00163461

0.000157031 0.00163461
0.0001573 0.00163477

0.00015734 0.00163477
0.000162891 0.00163794

0.000162891 0.00163796
0.000167806 0.00164062

0.000167827 0.00164062
0.00016875 0.00164113

0.00016875 0.00164112
0.000174609 0.00164414

0.000174609 0.00164416
0.000179359 0.00164648

0.000179379 0.00164648
0.000180469 0.00164702

0.000180469 0.00164701
0.000186328 0.00164974

0.000186328 0.00164975
0.000192187 0.00165234

0.00019222 0.00165234
0.000198047 0.00165478

0.000198047 0.00165479
0.000203906 0.00165712

0.000203906 0.00165713
0.000206757 0.0016582

0.000206792 0.0016582
0.000209766 0.00165933

0.000209766 0.00165933
0.000215625 0.00166143

0.000215625 0.00166144
0.000221484 0.00166344

0.000221484 0.00166344
0.00022339 0.00166406

0.000223423 0.00166406
0.000227344 0.00166533

0.000227344 0.00166533
0.000233203 0.00166714

0.000233203 0.00166714
0.000239062 0.00166885

0.000239062 0.00166885
0.000242933 0.00166992

0.000242949 0.00166992
0.000244922 0.00167047

0.000244922 0.00167047
0.000250781 0.00167199

0.000250781 0.00167199
0.000256641 0.00167343

0.000256641 0.00167343
0.0002625 0.00167479

0.0002625 0.00167479
0.000267093 0.00167578

0.000267101 0.00167578
0.000268359 0.00167605

0.000268359 0.00167606
0.000274219 0.00167725

0.000274219 0.00167725
0.000280078 0.00167836

0.000280078 0.00167836
0.000285937 0.0016794

0.000285937 0.0016794
0.000291797 0.00168035

0.000291797 0.00168035
0.000297656 0.00168124

0.000297656 0.00168123
0.000300588 0.00168164

0.000300606 0.00168164
0.000303516 0.00168204

0.000303516 0.00168205
0.000309375 0.00168279

0.000309375 0.00168279
0.000315234 0.00168346

0.000315234 0.00168346
0.000321094 0.00168405

0.000321094 0.00168405
0.000326953 0.00168457

0.000326953 0.00168457
0.000332812 0.00168503

0.000332812 0.00168503
0.000338672 0.00168541

0.000338672 0.00168541
0.000344531 0.00168572

0.000344531 0.00168572
0.000350391 0.00168595

0.000350391 0.00168595
0.00035625 0.00168612

0.00035625 0.00168612
0.000362109 0.00168622

0.000362109 0.00168622
0.000367969 0.00168625

0.000367969 0.00168625
0.000373828 0.0016862

0.000373828 0.0016862
0.000379687 0.00168609

0.000379687 0.00168609
0.000385547 0.0016859

0.000385547 0.0016859
0.000391406 0.00168564

0.000391406 0.00168564
0.000397266 0.00168531

0.000397266 0.00168531
0.000403125 0.0016849

0.000403125 0.0016849
0.000408984 0.00168442

0.000408984 0.00168442
0.000414844 0.00168387

0.000414844 0.00168387
0.000420703 0.00168324

0.000420703 0.00168324
0.000426562 0.00168253

0.000426562 0.00168253
0.000432422 0.00168175

0.000438281 0.0016809
0.000433203 0.00168164

0.000432422 0.00168176
0.000433205 0.00168164

0.000438281 0.0016809
0.000444141 0.00167996

0.000444141 0.00167996
0.00045 0.00167895

0.00045 0.00167895
0.000455859 0.00167786

0.000455859 0.00167786
0.000461719 0.00167669

0.000467578 0.00167543
0.000465945 0.00167578

0.000467578 0.00167544
0.000473437 0.0016741

0.000461719 0.00167669
0.000465981 0.00167578

0.000473438 0.0016741
0.000479297 0.00167269

0.000479297 0.00167269
0.000485156 0.00167119

0.000491016 0.0016696
0.000489821 0.00166992

0.000485156 0.00167119
0.000489864 0.00166992

0.000491016 0.00166961
0.000496875 0.00166794

0.000514453 0.00166242
0.000509463 0.00166406

0.000514453 0.00166242
0.000520312 0.00166041

0.000496875 0.00166794
0.000502734 0.00166619

0.000502734 0.00166619
0.000508594 0.00166435

0.000508594 0.00166435
0.000509473 0.00166406

0.000520313 0.00166041
0.000526172 0.0016583

0.000532031 0.0016561
0.000526432 0.0016582

0.000526172 0.0016583
0.000526438 0.0016582

0.00054375 0.00165143
0.000541498 0.00165234

0.000532031 0.0016561
0.000537891 0.00165382

0.000537891 0.00165382
0.000541534 0.00165234

0.000573047 0.00163809
0.000567868 0.00164062

0.000573047 0.0016381
0.000578906 0.00163513

0.000590625 0.00162886
0.000590546 0.00162891

0.000584766 0.00163206
0.000579597 0.00163477

0.000578906 0.00163513
0.000579609 0.00163477

0.000584766 0.00163207
0.000590602 0.00162891

0.00054375 0.00165144
0.000549609 0.00164896

0.000555469 0.00164637
0.000555208 0.00164648

0.000549609 0.00164897
0.000555264 0.00164648

0.000555469 0.00164639
0.000561328 0.00164372

0.000561328 0.00164373
0.000567187 0.00164096

0.000567188 0.00164096
0.000567878 0.00164062

0.000614062 0.00161513
0.000610713 0.00161719

0.000590625 0.00162889
0.000596484 0.00162561

0.000602344 0.00162221
0.000600902 0.00162305

0.000596484 0.00162562
0.000600944 0.00162305

0.000602344 0.00162223
0.000608203 0.00161874

0.000608203 0.00161875
0.000610739 0.00161719

0.000614063 0.00161514
0.000619922 0.00161142

0.000625781 0.00160758
0.000620051 0.00161133

0.000619922 0.00161142
0.00062006 0.00161133

0.000631641 0.00160363
0.000628903 0.00160547

0.0006375 0.00159953
0.000637383 0.00159961

0.000631641 0.00160364
0.000637442 0.00159961

0.000625781 0.00160759
0.000628936 0.00160547

0.000649219 0.00159104
0.000645545 0.00159375

0.000660937 0.00158198
0.000660876 0.00158203

0.000655078 0.00158659
0.000653344 0.00158789

0.000649219 0.00159106
0.000653395 0.00158789

0.000655078 0.00158661
0.000660932 0.00158203

0.000678516 0.00156746
0.000675126 0.00157031

0.000684375 0.00156229
0.000681907 0.00156445

0.000678516 0.00156743
0.000681975 0.00156445

0.000660938 0.00158202
0.000666797 0.0015773

0.000672656 0.00157244
0.000668159 0.00157617

0.000666797 0.0015773
0.000668183 0.00157617

0.000672656 0.00157244
0.000675193 0.00157031

0.000701953 0.00154591
0.000700959 0.00154687

0.000707812 0.00154013
0.00070693 0.00154102

0.000701953 0.00154594
0.000706969 0.00154102

0.000725391 0.00152175
0.000723851 0.00152344

0.00073125 0.00151525
0.000729188 0.00151758

0.000725391 0.00152178
0.000729172 0.00151758

0.000713672 0.00153419
0.000712732 0.00153516

0.000719531 0.00152806
0.000718369 0.0015293

0.000713672 0.00153422
0.000718377 0.0015293

0.000707812 0.00154017
0.000712747 0.00153516

0.000719531 0.00152809
0.000723851 0.00152344

0.000690234 0.00155698
0.000688461 0.00155859

0.000696094 0.00155153
0.000694806 0.00155273

0.000690234 0.001557
0.000694854 0.00155273

0.000684375 0.00156229
0.000688519 0.00155859

0.000696094 0.00155155
0.000701002 0.00154687

0.0006375 0.00159956
0.000643359 0.00159536

0.000643359 0.00159536
0.000645592 0.00159375

0.000737109 0.00150853
0.000734391 0.00151172

0.000742969 0.00150165
0.000739431 0.00150586

0.000737109 0.00150857
0.000739411 0.00150586

0.00073125 0.00151529
0.00073435 0.00151172

0.000742969 0.00150166
0.000744347 0.0015

