0.00264916 0
0.00264916 5.85937e-06

0.00264916 5.85938e-06
0.00264916 1.17187e-05

0.00264916 1.17187e-05
0.00264915 1.75781e-05

0.00264915 1.75781e-05
0.00264913 2.34375e-05

0.00264913 2.34375e-05
0.00264912 2.92969e-05

0.00264912 2.92969e-05
0.0026491 3.51562e-05

0.0026491 3.51562e-05
0.00264907 4.10156e-05

0.00264907 4.10156e-05
0.00264904 4.6875e-05

0.00264904 4.6875e-05
0.00264901 5.27344e-05

0.00264901 5.27344e-05
0.00264898 5.85937e-05

0.00264898 5.85937e-05
0.00264894 6.44531e-05

0.00264894 6.44531e-05
0.00264889 7.03125e-05

0.00264889 7.03125e-05
0.00264885 7.61719e-05

0.00264885 7.61719e-05
0.0026488 8.20312e-05

0.0026488 8.20312e-05
0.00264874 8.78906e-05

0.00264874 8.78906e-05
0.00264868 9.375e-05

0.00264868 9.375e-05
0.00264862 9.96094e-05

0.00264862 9.96094e-05
0.00264855 0.000105469

0.00264855 0.000105469
0.00264848 0.000111328

0.00264848 0.000111328
0.00264841 0.000117187

0.00264841 0.000117187
0.00264833 0.000123047

0.00264833 0.000123047
0.00264825 0.000128906

0.00264825 0.000128906
0.00264816 0.000134766

0.00264816 0.000134766
0.00264807 0.000140625

0.00264807 0.000140625
0.00264797 0.000146484

0.00264797 0.000146484
0.00264787 0.000152344

0.00264787 0.000152344
0.00264777 0.000158203

0.00264777 0.000158203
0.00264766 0.000164062

0.00264766 0.000164062
0.00264755 0.000169922

0.00264755 0.000169922
0.00264743 0.000175781

0.00264727 0.00018356
0.00264718 0.0001875

0.00264743 0.000175781
0.00264731 0.000181641

0.00264727 0.000183558
0.00264731 0.000181641

0.00264718 0.0001875
0.00264705 0.000193359

0.00264705 0.000193359
0.00264691 0.000199219

0.00264691 0.000199219
0.00264677 0.000205078

0.00264677 0.000205078
0.00264663 0.000210937

0.00264663 0.000210937
0.00264648 0.000216797

0.00264648 0.000216797
0.00264632 0.000222656

0.00264632 0.000222656
0.00264616 0.000228516

0.00264616 0.000228516
0.002646 0.000234375

0.002646 0.000234375
0.00264583 0.000240234

0.00264583 0.000240234
0.00264565 0.000246094

0.00264565 0.000246094
0.00264547 0.000251953

0.00264547 0.000251953
0.00264528 0.000257812

0.00264528 0.000257812
0.00264509 0.000263672

0.00264509 0.000263672
0.00264489 0.000269531

0.00264489 0.000269531
0.00264469 0.000275391

0.00264469 0.000275391
0.00264448 0.00028125

0.00264448 0.00028125
0.00264427 0.000287109

0.00264427 0.000287109
0.00264405 0.000292969

0.00264405 0.000292969
0.00264382 0.000298828

0.00264382 0.000298828
0.00264359 0.000304687

0.00264359 0.000304687
0.00264335 0.000310547

0.00264335 0.000310547
0.0026431 0.000316406

0.0026431 0.000316406
0.00264285 0.000322266

0.00264285 0.000322266
0.00264259 0.000328125

0.00264259 0.000328125
0.00264232 0.000333984

0.00264232 0.000333984
0.00264205 0.000339844

0.00264205 0.000339844
0.00264177 0.000345703

0.00264177 0.000345703
0.00264149 0.000351562

0.00264141 0.000353165
0.00264119 0.000357422

0.00264119 0.000357422
0.00264089 0.000363281

0.00264089 0.000363281
0.00264058 0.000369141

0.00264058 0.000369141
0.00264027 0.000375

0.00264141 0.000353163
0.00264149 0.000351562

0.00264027 0.000375
0.00263994 0.000380859

0.00263994 0.000380859
0.00263961 0.000386719

0.00263961 0.000386719
0.00263927 0.000392578

0.00263927 0.000392578
0.00263892 0.000398437

0.00263892 0.000398437
0.00263856 0.000404297

0.00263856 0.000404297
0.0026382 0.000410156

0.0026382 0.000410156
0.00263782 0.000416016

0.00263782 0.000416016
0.00263744 0.000421875

0.00263744 0.000421875
0.00263705 0.000427734

0.00263705 0.000427734
0.00263664 0.000433594

0.00263664 0.000433594
0.00263623 0.000439453

0.00263623 0.000439453
0.00263581 0.000445312

0.00263555 0.000448916
0.00263538 0.000451172

0.00263538 0.000451172
0.00263494 0.000457031

0.00263555 0.000448914
0.00263581 0.000445312

0.00263494 0.000457031
0.00263449 0.000462891

0.00263449 0.000462891
0.00263402 0.00046875

0.00263402 0.00046875
0.00263355 0.000474609

0.00263355 0.000474609
0.00263307 0.000480469

0.00263307 0.000480469
0.00263257 0.000486328

0.00263257 0.000486328
0.00263206 0.000492187

0.00263206 0.000492187
0.00263154 0.000498047

0.00263154 0.000498047
0.00263101 0.000503906

0.00263101 0.000503906
0.00263047 0.000509766

0.00263047 0.000509766
0.00262991 0.000515625

0.00262969 0.000517947
0.00262934 0.000521484

0.00262934 0.000521484
0.00262876 0.000527344

0.00262876 0.000527344
0.00262816 0.000533203

0.00262816 0.000533203
0.00262755 0.000539062

0.00262755 0.000539062
0.00262693 0.000544922

0.00262693 0.000544922
0.00262629 0.000550781

0.00262629 0.000550781
0.00262564 0.000556641

0.00262564 0.000556641
0.00262497 0.0005625

0.00262969 0.000517946
0.00262991 0.000515625

0.00260625 0.000688066
0.00260562 0.000691406

0.00260562 0.000691406
0.00260449 0.000697266

0.00260449 0.000697266
0.00260333 0.000703125

0.00260333 0.000703125
0.00260215 0.000708984

0.00260215 0.000708984
0.00260094 0.000714844

0.00260039 0.000717447
0.0025997 0.000720703

0.0025997 0.000720703
0.00259844 0.000726562

0.00260039 0.000717445
0.00260094 0.000714844

0.00259453 0.000743901
0.00259448 0.000744141

0.00259448 0.000744141
0.0025931 0.00075

0.00259844 0.000726562
0.00259715 0.000732422

0.00259715 0.000732422
0.00259582 0.000738281

0.00259453 0.000743898
0.00259583 0.000738281

0.00262383 0.000572192
0.00262359 0.000574219

0.00262497 0.0005625
0.00262429 0.000568359

0.00262383 0.000572191
0.00262429 0.000568359

0.00262359 0.000574219
0.00262287 0.000580078

0.00262287 0.000580078
0.00262214 0.000585937

0.00262214 0.000585937
0.00262139 0.000591797

0.00262139 0.000591797
0.00262062 0.000597656

0.00262062 0.000597656
0.00261983 0.000603516

0.00261983 0.000603516
0.00261903 0.000609375

0.00261797 0.000616902
0.00261737 0.000621094

0.00261737 0.000621094
0.00261651 0.000626953

0.00261651 0.000626953
0.00261562 0.000632812

0.00261903 0.000609375
0.00261821 0.000615234

0.00261797 0.000616901
0.00261821 0.000615234

0.00261562 0.000632812
0.00261472 0.000638672

0.00261472 0.000638672
0.0026138 0.000644531

0.00261211 0.000654944
0.00261189 0.00065625

0.0026138 0.000644531
0.00261286 0.000650391

0.00261211 0.000654942
0.00261286 0.000650391

0.00261189 0.00065625
0.00261091 0.000662109

0.00261091 0.000662109
0.0026099 0.000667969

0.0026099 0.000667969
0.00260886 0.000673828

0.00260886 0.000673828
0.00260781 0.000679687

0.00260781 0.000679687
0.00260673 0.000685547

0.00260625 0.000688065
0.00260673 0.000685547

0.0027 0.000697519
0.00269969 0.000703125

0.00269969 0.000703125
0.00269938 0.000708984

0.00269938 0.000708984
0.00269908 0.000714844

0.00269908 0.000714844
0.00269878 0.000720703

0.00269878 0.000720703
0.00269849 0.000726562

0.00269849 0.000726562
0.00269821 0.000732422

0.00269821 0.000732422
0.00269794 0.000738281

0.00269794 0.000738281
0.00269768 0.000744141

0.00269768 0.000744141
0.00269743 0.00075

0.002325 0.00128774
0.00232412 0.00128906

0.00231328 0.00130484
0.00231207 0.00130664

0.00231205 0.00130664
0.00230803 0.0013125

0.00231914 0.0012963
0.00231607 0.00130078

0.0023241 0.00128906
0.00232009 0.00129492

0.00231914 0.00129632
0.00232008 0.00129492

0.00231328 0.00130485
0.00231607 0.00130078

0.00218437 0.00149798
0.0021831 0.0015

0.00223125 0.0014256
0.00222854 0.00142969

0.00221367 0.00145229
0.00221314 0.00145312

0.00221953 0.00144334
0.00221696 0.00144727

0.00221367 0.00145228
0.00221695 0.00144727

0.00222539 0.00143444
0.00222468 0.00143555

0.00222466 0.00143555
0.0022208 0.00144141

0.00222539 0.00143444
0.00222853 0.00142969

0.00221953 0.00144334
0.00222079 0.00144141

0.00220781 0.0014613
0.00220552 0.00146484

0.00220195 0.00147038
0.00220175 0.0014707

0.00220173 0.0014707
0.00219797 0.00147656

0.00220195 0.00147035
0.00220551 0.00146484

0.00219609 0.0014795
0.00219423 0.00148242

0.00219422 0.00148242
0.00219049 0.00148828

0.00219023 0.00148869
0.00218679 0.00149414

0.00218437 0.00149797
0.00218678 0.00149414

0.00219023 0.00148869
0.00219049 0.00148828

0.00219609 0.00147949
0.00219797 0.00147656

0.00221312 0.00145312
0.00220931 0.00145898

0.00220781 0.00146129
0.00220931 0.00145898

0.00227812 0.00135614
0.00227592 0.00135937

0.00225469 0.00139062
0.00225205 0.00139453

0.00224883 0.00139931
0.00224812 0.00140039

0.0022481 0.00140039
0.00224416 0.00140625

0.00224883 0.0013993
0.00225204 0.00139453

0.00226055 0.00138197
0.00225999 0.00138281

0.00226641 0.00137334
0.00226395 0.00137695

0.00226055 0.00138196
0.00226394 0.00137695

0.00227227 0.00136474
0.00227194 0.00136523

0.00227192 0.00136523
0.00226793 0.00137109

0.00227227 0.00136472
0.00227591 0.00135937

0.00226641 0.00137334
0.00226792 0.00137109

0.00225997 0.00138281
0.002256 0.00138867

0.00225469 0.00139062
0.002256 0.00138867

0.00230156 0.00132193
0.0023 0.00132422

0.0022957 0.00133046
0.00229195 0.00133594

0.00229999 0.00132422
0.00229597 0.00133008

0.0022957 0.00133047
0.00229597 0.00133008

0.00228398 0.00134759
0.00228394 0.00134766

0.00228984 0.00133902
0.00228794 0.0013418

0.00228398 0.00134757
0.00228794 0.0013418

0.00228392 0.00134766
0.00227992 0.00135352

0.00227812 0.00135614
0.00227991 0.00135352

0.00228984 0.00133901
0.00229195 0.00133594

0.00230742 0.00131339
0.00230401 0.00131836

0.00230156 0.00132192
0.00230401 0.00131836

0.00230742 0.0013134
0.00230802 0.0013125

0.00223711 0.00141679
0.00223634 0.00141797

0.00224297 0.00140803
0.00224024 0.00141211

0.00223711 0.00141679
0.00224023 0.00141211

0.00223632 0.00141797
0.00223242 0.00142383

0.00223125 0.0014256
0.00223241 0.00142383

0.00224297 0.00140804
0.00224415 0.00140625

0.0025125 0.00097827
0.00251238 0.000978516

0.00251238 0.000978516
0.00250957 0.000984375

0.00248906 0.00102508
0.0024889 0.00102539

0.0024889 0.00102539
0.0024858 0.00103125

0.00250078 0.00100224
0.00249797 0.00100781

0.00250664 0.000990411
0.00250385 0.000996094

0.00250957 0.000984375
0.00250673 0.000990234

0.00250664 0.000990411
0.00250673 0.000990234

0.00250385 0.000996094
0.00250093 0.00100195

0.00250078 0.00100224
0.00250093 0.00100195

0.00249492 0.00101379
0.00249196 0.00101953

0.00249797 0.00100781
0.00249498 0.00101367

0.00249492 0.00101379
0.00249498 0.00101367

0.00248906 0.00102508
0.00249196 0.00101953

0.00246562 0.00106802
0.00246322 0.00107227

0.00246322 0.00107227
0.00245987 0.00107812

0.00244219 0.0011082
0.00243913 0.00111328

0.00243633 0.0011179
0.00243558 0.00111914

0.00243558 0.00111914
0.002432 0.001125

0.00243633 0.0011179
0.00243913 0.00111328

0.00245391 0.00108841
0.00245307 0.00108984

0.00244805 0.00109837
0.00244616 0.00110156

0.00245307 0.00108984
0.00244963 0.0010957

0.00244805 0.00109837
0.00244963 0.0010957

0.00245977 0.0010783
0.00245648 0.00108398

0.00245391 0.00108841
0.00245648 0.00108398

0.00245977 0.0010783
0.00245986 0.00107812

0.00244615 0.00110156
0.00244266 0.00110742

0.00244219 0.0011082
0.00244265 0.00110742

0.00247734 0.00104695
0.00247632 0.00104883

0.00247632 0.00104883
0.00247309 0.00105469

0.0024832 0.00103613
0.00248268 0.00103711

0.00248268 0.00103711
0.00247952 0.00104297

0.0024832 0.00103612
0.0024858 0.00103125

0.00247734 0.00104695
0.00247952 0.00104297

0.00247148 0.00105758
0.00246983 0.00106055

0.00246983 0.00106055
0.00246654 0.00106641

0.00247148 0.00105758
0.00247309 0.00105469

0.00246562 0.00106802
0.00246654 0.00106641

0.00258281 0.000790129
0.00258257 0.000791016

0.00258257 0.000791016
0.00258094 0.000796875

0.00259309 0.00075
0.00259168 0.000755859

0.00259168 0.000755859
0.00259024 0.000761719

0.00258867 0.000767977
0.00258727 0.000773437

0.00259025 0.000761719
0.00258877 0.000767578

0.00258867 0.000767976
0.00258877 0.000767578

0.00258727 0.000773437
0.00258574 0.000779297

0.00258574 0.000779297
0.00258417 0.000785156

0.00258281 0.000790126
0.00258417 0.000785156

0.00258094 0.000796875
0.00257927 0.000802734

0.00257927 0.000802734
0.00257757 0.000808594

0.00257695 0.000810678
0.00257584 0.000814453

0.00257583 0.000814453
0.00257407 0.000820312

0.00257695 0.000810677
0.00257757 0.000808594

0.00257109 0.000829893
0.00257042 0.000832031

0.00257042 0.000832031
0.00256855 0.000837891

0.00256855 0.000837891
0.00256663 0.00084375

0.00257407 0.000820312
0.00257226 0.000826172

0.00257109 0.000829891
0.00257226 0.000826172

0.00255938 0.000865056
0.00255863 0.000867187

0.00255863 0.000867187
0.00255653 0.000873047

0.00255653 0.000873047
0.0025544 0.000878906

0.00255352 0.000881295
0.00255223 0.000884766

0.00255223 0.000884766
0.00255002 0.000890625

0.00255352 0.000881294
0.0025544 0.000878906

0.00253594 0.000925902
0.00253352 0.000931641

0.00253352 0.000931641
0.00253101 0.0009375

0.00254766 0.0008968
0.0025455 0.000902344

0.0025418 0.000911632
0.00254082 0.000914062

0.0025455 0.000902344
0.00254318 0.000908203

0.0025418 0.000911631
0.00254318 0.000908203

0.00255002 0.000890625
0.00254778 0.000896484

0.00254766 0.000896799
0.00254778 0.000896484

0.00254082 0.000914062
0.00253842 0.000919922

0.00253842 0.000919922
0.00253599 0.000925781

0.00253594 0.000925901
0.00253599 0.000925781

0.00256523 0.000847967
0.00256469 0.000849609

0.00256469 0.000849609
0.0025627 0.000855469

0.00256523 0.000847965
0.00256664 0.00084375

0.0025627 0.000855469
0.00256068 0.000861328

0.00255937 0.000865054
0.00256068 0.000861328

0.00269743 0.00075
0.00269719 0.000755859

0.00269719 0.000755859
0.00269696 0.000761719

0.00269696 0.000761719
0.00269673 0.000767578

0.00269673 0.000767578
0.00269653 0.000773437

0.00269653 0.000773437
0.00269633 0.000779297

0.00269633 0.000779297
0.00269614 0.000785156

0.00269614 0.000785156
0.00269597 0.000791016

0.00269597 0.000791016
0.00269581 0.000796875

0.00269581 0.000796875
0.00269566 0.000802734

0.00269566 0.000802734
0.00269552 0.000808594

0.00269552 0.000808594
0.0026954 0.000814453

0.0026954 0.000814453
0.00269529 0.000820312

0.00269529 0.000820312
0.0026952 0.000826172

0.0026952 0.000826172
0.00269512 0.000832031

0.00269512 0.000832031
0.00269505 0.000837891

0.00269505 0.000837891
0.002695 0.00084375

0.002695 0.00084375
0.00269497 0.000849609

0.00269497 0.000849609
0.00269495 0.000855469

0.00269495 0.000855469
0.00269494 0.000861328

0.00269494 0.000861328
0.00269495 0.000867187

0.00269495 0.000867187
0.00269498 0.000873047

0.00269498 0.000873047
0.00269502 0.000878906

0.00269502 0.000878906
0.00269508 0.000884766

0.00269508 0.000884766
0.00269516 0.000890625

0.00269516 0.000890625
0.00269525 0.000896484

0.00269525 0.000896484
0.00269536 0.000902344

0.00269536 0.000902344
0.00269549 0.000908203

0.00269549 0.000908203
0.00269563 0.000914062

0.00269563 0.000914062
0.0026958 0.000919922

0.0026958 0.000919922
0.00269597 0.000925781

0.00269597 0.000925781
0.00269617 0.000931641

0.00269617 0.000931641
0.00269638 0.0009375

0.00252422 0.000952915
0.00252325 0.000955078

0.00252325 0.000955078
0.00252059 0.000960937

0.00253008 0.000939635
0.00252846 0.000943359

0.00252846 0.000943359
0.00252587 0.000949219

0.00253008 0.000939634
0.00253101 0.0009375

0.00252422 0.000952914
0.00252587 0.000949219

0.00251836 0.000965781
0.00251789 0.000966797

0.00251789 0.000966797
0.00251516 0.000972656

0.00251836 0.000965779
0.00252059 0.000960937

0.0025125 0.000978268
0.00251516 0.000972656

0.00269638 0.0009375
0.00269662 0.000943359

0.00269662 0.000943359
0.00269687 0.000949219

0.00269687 0.000949219
0.00269713 0.000955078

0.00269713 0.000955078
0.00269742 0.000960937

0.00269742 0.000960937
0.00269772 0.000966797

0.00269772 0.000966797
0.00269804 0.000972656

0.00269804 0.000972656
0.00269838 0.000978516

0.00269838 0.000978516
0.00269873 0.000984375

0.00269873 0.000984375
0.0026991 0.000990234

0.0026991 0.000990234
0.0026995 0.000996094

0.0026995 0.000996094
0.0026999 0.00100195

0.0026999 0.00100195
0.0027 0.00100327

0.00237187 0.00121857
0.00237176 0.00121875

0.00241875 0.00114634
0.00241743 0.00114844

0.00240703 0.00116482
0.00240628 0.00116602

0.00240627 0.00116602
0.0024025 0.00117187

0.00241289 0.00115562
0.00241001 0.00116016

0.00241743 0.00114844
0.00241373 0.0011543

0.00241289 0.00115563
0.00241373 0.0011543

0.00240703 0.00116482
0.00241001 0.00116016

0.00239531 0.00118299
0.00239493 0.00118359

0.00238945 0.00119196
0.00238726 0.00119531

0.00239492 0.00118359
0.0023911 0.00118945

0.00238945 0.00119196
0.00239109 0.00118945

0.00238359 0.00120089
0.00238341 0.00120117

0.0023834 0.00120117
0.00237953 0.00120703

0.00237773 0.00120974
0.00237565 0.00121289

0.00237187 0.00121855
0.00237564 0.00121289

0.00237773 0.00120974
0.00237953 0.00120703

0.00238359 0.00120088
0.00238726 0.00119531

0.00240117 0.00117394
0.00239872 0.00117773

0.00239531 0.00118298
0.00239872 0.00117773

0.00240117 0.00117394
0.0024025 0.00117187

0.00234844 0.00125339
0.00234809 0.00125391

0.00234258 0.001262
0.00234011 0.00126562

0.00234808 0.00125391
0.0023441 0.00125977

0.00234258 0.00126201
0.00234409 0.00125977

0.00236016 0.00123605
0.00235997 0.00123633

0.00235996 0.00123633
0.00235601 0.00124219

0.00236602 0.00122732
0.0023639 0.00123047

0.00237174 0.00121875
0.00236783 0.00122461

0.00236602 0.00122731
0.00236783 0.00122461

0.00236016 0.00123604
0.0023639 0.00123047

0.0023543 0.00124472
0.00235205 0.00124805

0.00234844 0.00125337
0.00235205 0.00124805

0.0023543 0.00124472
0.00235601 0.00124219

0.00233672 0.00127061
0.00233613 0.00127148

0.00233612 0.00127148
0.00233212 0.00127734

0.00233086 0.00127919
0.00232811 0.0012832

0.002325 0.00128775
0.00232811 0.0012832

0.00233086 0.00127919
0.00233211 0.00127734

0.00233672 0.0012706
0.00234011 0.00126563

0.00243047 0.00112749
0.00242839 0.00113086

0.00242839 0.00113086
0.00242476 0.00113672

0.00242461 0.00113696
0.00242111 0.00114258

0.00241875 0.00114634
0.00242111 0.00114258

0.00242461 0.00113697
0.00242476 0.00113672

0.00243047 0.00112748
0.002432 0.001125

0.0021375 0.0015754
0.00213705 0.00157617

0.00213704 0.00157617
0.00213365 0.00158203

0.00213164 0.00158556
0.0021303 0.00158789

0.00213029 0.00158789
0.00212695 0.00159375

0.00213164 0.00158554
0.00213365 0.00158203

0.00209062 0.00166064
0.00208885 0.00166406

0.00207891 0.00168365
0.00207698 0.0016875

0.00208477 0.00167204
0.00208286 0.00167578

0.00208883 0.00166406
0.00208582 0.00166992

0.00208477 0.00167202
0.00208583 0.00166992

0.00208284 0.00167578
0.00207989 0.00168164

0.00207891 0.00168363
0.0020799 0.00168164

0.00211406 0.00161681
0.00211386 0.00161719

0.00210234 0.00163839
0.00210115 0.00164062

0.0021082 0.00162752
0.00210745 0.00162891

0.00211384 0.00161719
0.00211063 0.00162305

0.0021082 0.0016275
0.00211063 0.00162305

0.00210743 0.00162891
0.00210427 0.00163477

0.00210234 0.00163837
0.00210427 0.00163477

0.00212578 0.00159583
0.00212365 0.00159961

0.00212363 0.00159961
0.00212034 0.00160547

0.00211992 0.00160624
0.00211709 0.00161133

0.00211406 0.00161679
0.00211708 0.00161133

0.00211992 0.00160624
0.00212035 0.00160547

0.00212578 0.00159582
0.00212695 0.00159375

0.00209648 0.00164942
0.00209495 0.00165234

0.00210113 0.00164062
0.00209802 0.00164648

0.00209648 0.0016494
0.00209802 0.00164648

0.00209493 0.00165234
0.00209187 0.0016582

0.00209062 0.00166062
0.00209188 0.0016582

0.00204375 0.00175867
0.00204158 0.00176367

0.00204155 0.00176367
0.00203905 0.00176953

0.00203789 0.00177233
0.0020366 0.00177539

0.00203659 0.00177539
0.00203414 0.00178125

0.00203789 0.00177231
0.00203906 0.00176953

0.00202031 0.00181627
0.00202026 0.00181641

0.00202027 0.00181641
0.00201808 0.00182227

0.00201806 0.00182227
0.00201591 0.00182812

0.00203203 0.00178642
0.00203175 0.00178711

0.00203175 0.00178711
0.00202938 0.00179297

0.00202617 0.00180106
0.00202475 0.00180469

0.00202935 0.00179297
0.00202701 0.00179883

0.00202617 0.00180104
0.00202704 0.00179883

0.00203203 0.00178639
0.00203413 0.00178125

0.00202474 0.00180469
0.00202247 0.00181055

0.00202031 0.00181623
0.00202246 0.00181055

0.00200859 0.00184918
0.0020078 0.00185156

0.00201445 0.00183227
0.00201384 0.00183398

0.00201385 0.00183398
0.00201177 0.00183984

0.00201445 0.00183224
0.00201592 0.00182812

0.00201174 0.00183984
0.00200972 0.0018457

0.00200859 0.00184915
0.00200974 0.0018457

0.0020078 0.00185156
0.00200586 0.00185742

0.00200583 0.00185742
0.00200394 0.00186328

0.00200273 0.00186729
0.00200216 0.00186914

0.00200217 0.00186914
0.00200037 0.001875

0.00200273 0.00186726
0.00200396 0.00186328

0.00206719 0.00170755
0.00206556 0.00171094

0.00205547 0.00173248
0.0020546 0.00173437

0.00206133 0.00171987
0.00206002 0.00172266

0.00206554 0.00171094
0.00206275 0.0017168

0.00206133 0.00171985
0.00206276 0.0017168

0.00206 0.00172266
0.00205727 0.00172852

0.00205547 0.00173245
0.00205728 0.00172852

0.00207305 0.00169548
0.00207121 0.00169922

0.00207696 0.0016875
0.00207406 0.00169336

0.00207305 0.00169546
0.00207408 0.00169336

0.00207119 0.00169922
0.00206835 0.00170508

0.00206719 0.00170753
0.00206836 0.00170508

0.00204961 0.00174539
0.0020493 0.00174609

0.00205459 0.00173437
0.00205192 0.00174023

0.00204961 0.00174536
0.00205191 0.00174023

0.00204929 0.00174609
0.00204669 0.00175195

0.00204667 0.00175195
0.0020441 0.00175781

0.00204375 0.00175866
0.00204412 0.00175781

0.00215508 0.00154562
0.00215433 0.00154687

0.00216094 0.00153589
0.00215784 0.00154102

0.00215508 0.0015456
0.00215784 0.00154102

0.00217266 0.00151677
0.00217216 0.00151758

0.00217214 0.00151758
0.00216854 0.00152344

0.00217852 0.00150732
0.00217578 0.00151172

0.00218309 0.0015
0.00217942 0.00150586

0.00217852 0.00150732
0.00217942 0.00150586

0.00217266 0.00151675
0.00217577 0.00151172

0.0021668 0.00152629
0.00216496 0.0015293

0.00216495 0.0015293
0.00216138 0.00153516

0.0021668 0.00152628
0.00216854 0.00152344

0.00216094 0.0015359
0.00216138 0.00153516

0.00214922 0.00155544
0.00214734 0.00155859

0.00214336 0.00156535
0.00214045 0.00157031

0.00214733 0.00155859
0.00214388 0.00156445

0.00214336 0.00156534
0.00214388 0.00156445

0.00215431 0.00154687
0.00215081 0.00155273

0.00214922 0.00155542
0.00215081 0.00155273

0.0021375 0.00157537
0.00214045 0.00157031

0.00199687 0.00188706
0.00199535 0.00189258

0.00199534 0.00189258
0.00199374 0.00189844

0.00199102 0.00190931
0.00199081 0.00191016

0.00199371 0.00189844
0.0019922 0.0019043

0.00199102 0.00190928
0.00199222 0.0019043

0.00199082 0.00191016
0.00198942 0.00191602

0.0019894 0.00191602
0.00198804 0.00192187

0.00198516 0.00193599
0.0019845 0.00193945

0.00198448 0.00193945
0.0019834 0.00194531

0.00198803 0.00192187
0.00198676 0.00192773

0.00198676 0.00192773
0.00198559 0.00193359

0.00198516 0.00193599
0.00198561 0.00193359

0.00198339 0.00194531
0.00198238 0.00195117

0.00198238 0.00195117
0.00198147 0.00195703

0.00198147 0.00195703
0.00198064 0.00196289

0.00198064 0.00196289
0.0019799 0.00196875

0.00200034 0.001875
0.00199859 0.00188086

0.0019986 0.00188086
0.00199694 0.00188672

0.00199687 0.00188707
0.00199697 0.00188672

0.0019793 0.00197406
0.00197923 0.00197461

0.00197923 0.00197461
0.00197863 0.00198047

0.0019793 0.00197407
0.00197991 0.00196875

0.00197863 0.00198047
0.00197811 0.00198633

0.00197812 0.00198633
0.0019777 0.00199219

0.0019777 0.00199219
0.00197737 0.00199805

0.00197737 0.00199805
0.00197715 0.00200391

0.00197714 0.00200391
0.00197701 0.00200977

0.00197701 0.00200977
0.00197698 0.00201563

0.00197698 0.00201562
0.00197706 0.00202148

0.00197706 0.00202148
0.00197724 0.00202734

0.00197724 0.00202734
0.00197753 0.0020332

0.00197753 0.0020332
0.00197794 0.00203906

0.00197794 0.00203906
0.00197846 0.00204492

0.00197846 0.00204492
0.0019791 0.00205078

0.00197909 0.00205078
0.0019793 0.00205229

0.0019793 0.00205232
0.00197988 0.00205664

0.00197989 0.00205664
0.00198083 0.0020625

0.00198083 0.0020625
0.0019819 0.00206836

0.0019819 0.00206836
0.00198308 0.00207422

0.00198307 0.00207422
0.0019844 0.00208008

0.00198438 0.00208008
0.00198516 0.002083

0.00198516 0.00208301
0.00198593 0.00208594

0.00198597 0.00208594
0.00198768 0.0020918

0.00198765 0.0020918
0.00198948 0.00209766

0.00198946 0.00209766
0.00199102 0.00210206

0.00199102 0.00210207
0.00199153 0.00210352

0.00199157 0.00210352
0.00199383 0.00210937

0.00199379 0.00210937
0.00199623 0.00211523

0.00199623 0.00211523
0.00199687 0.00211663

0.00199687 0.00211659
0.00199894 0.00212109

0.00199894 0.00212109
0.00200186 0.00212695

0.00200184 0.00212695
0.00200273 0.00212862

0.00200273 0.00212858
0.00200502 0.00213281

0.002005 0.00213281
0.00200845 0.00213867

0.00200846 0.00213867
0.00200859 0.0021389

0.00200859 0.00213887
0.00201219 0.00214453

0.00201214 0.00214453
0.00201445 0.0021479

0.00201445 0.00214786
0.00201619 0.00215039

0.00201618 0.00215039
0.00202031 0.00215591

0.00202031 0.00215591
0.00202057 0.00215625

0.00202057 0.00215625
0.00202529 0.00216211

0.00202528 0.00216211
0.00202617 0.00216317

0.00202617 0.00216315
0.00203036 0.00216797

0.00203038 0.00216797
0.00203203 0.00216977

0.00203203 0.00216975
0.0020359 0.00217383

0.00203594 0.00217383
0.00203789 0.00217578

0.00203789 0.00217581
0.00204197 0.00217969

0.00204198 0.00217969
0.00204375 0.00218132

0.00204375 0.00218137
0.00204851 0.00218555

0.00204853 0.00218555
0.00204961 0.00218646

0.00204961 0.0021865
0.00205547 0.00219127

0.00205547 0.00219127
0.00205565 0.00219141

0.00205567 0.00219141
0.00206133 0.00219568

0.00206133 0.0021957
0.00206355 0.00219727

0.00206361 0.00219727
0.00206719 0.00219979

0.00206719 0.00219982
0.00207222 0.00220312

0.00207226 0.00220312
0.00207305 0.00220362

0.00207305 0.00220364
0.00207891 0.00220722

0.00207891 0.00220724
0.00208195 0.00220898

0.00208202 0.00220898
0.00208477 0.00221056

0.00208477 0.00221057
0.00209062 0.0022137

0.00209062 0.00221372
0.00209289 0.00221484

0.00209294 0.00221484
0.00209648 0.00221661

0.00209648 0.00221661
0.00210234 0.00221934

0.00210234 0.00221935
0.00210547 0.0022207

0.00210553 0.0022207
0.0021082 0.00222186

0.0021082 0.00222187
0.00211406 0.00222423

0.00211406 0.00222423
0.00211992 0.00222642

0.00211992 0.00222643
0.00212032 0.00222656

0.00212033 0.00222656
0.00212578 0.00222845

0.00212578 0.00222845
0.00213164 0.00223033

0.00213164 0.00223033
0.0021375 0.00223206

0.0021375 0.00223206
0.00213882 0.00223242

0.00213885 0.00223242
0.00214336 0.00223365

0.00214336 0.00223365
0.00214922 0.00223511

0.00214922 0.00223511
0.00215508 0.00223643

0.00215508 0.00223643
0.00216094 0.00223762

0.00216094 0.00223763
0.00216452 0.00223828

0.00216459 0.00223828
0.0021668 0.00223868

0.0021668 0.00223869
0.00217266 0.00223964

0.00217266 0.00223964
0.00217852 0.00224048

0.00217852 0.00224048
0.00218437 0.0022412

0.00218437 0.0022412
0.00219023 0.00224181

0.00219023 0.00224181
0.00219609 0.0022423

0.00219609 0.0022423
0.00220195 0.00224269

0.00220195 0.00224269
0.00220781 0.00224298

0.00220781 0.00224297
0.00221367 0.00224315

0.00221367 0.00224315
0.00221953 0.00224323

0.00221953 0.00224323
0.00222539 0.00224321

0.00222539 0.00224321
0.00223125 0.00224309

0.00223125 0.00224309
0.00223711 0.00224287

0.00223711 0.00224287
0.00224297 0.00224255

0.00224297 0.00224255
0.00224883 0.00224214

0.00224883 0.00224214
0.00225469 0.00224163

0.00225469 0.00224163
0.00226055 0.00224103

0.00226055 0.00224103
0.00226641 0.00224034

0.00226641 0.00224034
0.00227227 0.00223955

0.00227227 0.00223955
0.00227812 0.00223868

0.00228398 0.00223771
0.00228052 0.00223828

0.00228398 0.00223771
0.00228984 0.00223665

0.00227812 0.00223868
0.00228056 0.00223828

0.00228984 0.00223665
0.0022957 0.0022355

0.0022957 0.0022355
0.00230156 0.00223427

0.00230156 0.00223427
0.00230742 0.00223295

0.00231328 0.00223153
0.00230959 0.00223242

0.00230742 0.00223295
0.00230963 0.00223242

0.00231328 0.00223153
0.00231914 0.00223003

0.00231914 0.00223003
0.002325 0.00222845

0.00233672 0.00222501
0.00233156 0.00222656

0.00233672 0.00222501
0.00234258 0.00222316

0.00234258 0.00222316
0.00234844 0.00222123

0.002325 0.00222845
0.00233086 0.00222677

0.00233086 0.00222678
0.00233157 0.00222656

0.0023543 0.00221921
0.00234997 0.0022207

0.00234844 0.00222124
0.00234999 0.0022207

0.0023543 0.00221921
0.00236016 0.00221711

0.00237187 0.00221264
0.0023662 0.00221484

0.00236016 0.00221711
0.00236602 0.00221492

0.00236602 0.00221492
0.00236621 0.00221484

0.00239531 0.00220267
0.0023943 0.00220312

0.00239531 0.00220268
0.00240117 0.00219998

0.00240703 0.00219718
0.00240685 0.00219727

0.00240117 0.00219999
0.00240689 0.00219727

0.00241875 0.00219134
0.00241863 0.00219141

0.00240703 0.00219719
0.00241289 0.00219431

0.00241289 0.00219432
0.00241866 0.00219141

0.00237187 0.00221264
0.00237773 0.00221028

0.00238359 0.00220783
0.00238083 0.00220898

0.00237773 0.00221029
0.00238086 0.00220898

0.00238359 0.00220783
0.00238945 0.0022053

0.00238945 0.00220531
0.00239434 0.00220312

0.0024832 0.00215297
0.00247833 0.00215625

0.00248906 0.00214893
0.00248692 0.00215039

0.0024832 0.00215298
0.00248696 0.00215039

0.0025125 0.00213177
0.00251111 0.00213281

0.00250078 0.00214056
0.00249529 0.00214453

0.00248906 0.00214894
0.00249492 0.0021448

0.00249492 0.0021448
0.0024953 0.00214453

0.00250664 0.00213622
0.00250332 0.00213867

0.00250078 0.00214055
0.00250336 0.00213867

0.00250664 0.00213623
0.00251116 0.00213281

0.00244219 0.00217864
0.00244033 0.00217969

0.00241875 0.00219135
0.00242461 0.00218831

0.00243047 0.00218516
0.00242975 0.00218555

0.00242461 0.00218832
0.00242979 0.00218555

0.00243047 0.00218517
0.00243633 0.00218195

0.00243633 0.00218197
0.00244036 0.00217969

0.00244219 0.00217865
0.00244805 0.00217525

0.00245391 0.00217176
0.00245043 0.00217383

0.00244805 0.00217526
0.00245046 0.00217383

0.00246562 0.00216452
0.00246012 0.00216797

0.00245391 0.00217177
0.00245977 0.0021682

0.00245977 0.00216819
0.00246014 0.00216797

0.00247148 0.00216076
0.00246937 0.00216211

0.00246562 0.00216453
0.00246941 0.00216211

0.00247148 0.00216077
0.00247734 0.00215692

0.00247734 0.00215691
0.00247836 0.00215625

0.00259453 0.00205762
0.0025899 0.0020625

0.00260625 0.00204489
0.00260622 0.00204492

0.00260623 0.00204492
0.00260091 0.00205078

0.00260039 0.00205134
0.00259547 0.00205664

0.00259453 0.00205763
0.00259546 0.00205664

0.00260039 0.00205134
0.00260091 0.00205078

0.0027 0.00191116
0.00269741 0.00191602

0.00269742 0.00191602
0.00269421 0.00192187

0.00267656 0.00195177
0.00267323 0.00195703

0.0026707 0.00196093
0.00266943 0.00196289

0.00266944 0.00196289
0.00266555 0.00196875

0.0026707 0.00196094
0.00267324 0.00195703

0.00268828 0.00193231
0.00268754 0.00193359

0.00268242 0.00194223
0.00268056 0.00194531

0.00268755 0.00193359
0.0026841 0.00193945

0.00268242 0.00194224
0.0026841 0.00193945

0.00269414 0.00192199
0.00269092 0.00192773

0.00268828 0.00193233
0.00269092 0.00192773

0.00269414 0.001922
0.00269421 0.00192187

0.00268056 0.00194531
0.00267694 0.00195117

0.00267656 0.00195178
0.00267694 0.00195117

0.00265312 0.00198664
0.0026491 0.00199219

0.00264141 0.00200245
0.00264031 0.00200391

0.00263555 0.00201002
0.0026311 0.00201563

0.0026403 0.00200391
0.00263575 0.00200977

0.00263555 0.00201003
0.00263575 0.00200977

0.00264727 0.00199465
0.00264475 0.00199805

0.00264141 0.00200245
0.00264475 0.00199805

0.00264727 0.00199468
0.00264909 0.00199219

0.00261211 0.00203827
0.00261142 0.00203906

0.00261797 0.00203149
0.00261651 0.0020332

0.00261211 0.00203828
0.00261651 0.0020332

0.00262383 0.0020245
0.0026215 0.00202734

0.00262969 0.00201736
0.00262634 0.00202148

0.00262383 0.00202455
0.00262632 0.00202148

0.00261797 0.00203149
0.00262147 0.00202734

0.00260625 0.00204489
0.00261143 0.00203906

0.00262969 0.00201738
0.00263109 0.00201562

0.00265898 0.00197833
0.00265752 0.00198047

0.00266484 0.0019698
0.00266158 0.00197461

0.00265898 0.00197835
0.00266158 0.00197461

0.00265751 0.00198047
0.00265335 0.00198633

0.00265312 0.00198665
0.00265335 0.00198633

0.00266484 0.00196982
0.00266555 0.00196875

0.0025418 0.00210798
0.00254015 0.00210937

0.00254766 0.00210288
0.00254693 0.00210352

0.0025418 0.00210801
0.00254697 0.00210352

0.00255938 0.00209237
0.00255357 0.00209766

0.00254766 0.00210292
0.00255352 0.0020977

0.00255352 0.0020977
0.00255357 0.00209766

0.0025125 0.00213179
0.00251836 0.00212725

0.00252422 0.00212259
0.00251873 0.00212695

0.00251836 0.00212725
0.00251874 0.00212695

0.00253008 0.00211784
0.00252607 0.00212109

0.00253594 0.00211298
0.00253319 0.00211523

0.00253008 0.00211783
0.00253326 0.00211523

0.00252422 0.00212259
0.0025261 0.00212109

0.00253594 0.00211298
0.00254021 0.00210937

0.00257109 0.00208134
0.00256625 0.00208594

0.00258281 0.00206976
0.00257836 0.00207422

0.00257695 0.00207562
0.00257237 0.00208008

0.00257109 0.00208133
0.00257239 0.00208008

0.00257695 0.00207562
0.00257837 0.00207422

0.00256523 0.00208691
0.00255999 0.0020918

0.00255937 0.00209237
0.00256 0.0020918

0.00256523 0.00208692
0.00256627 0.00208594

0.00258867 0.00206375
0.00258421 0.00206836

0.00258281 0.00206976
0.0025842 0.00206836

0.00258867 0.00206377
0.00258989 0.0020625

0.00272956 0
0.00272956 5.85937e-06

0.00272956 5.85938e-06
0.00272955 1.17187e-05

0.00272955 1.17187e-05
0.00272954 1.75781e-05

0.00272954 1.75781e-05
0.00272953 2.34375e-05

0.00272953 2.34375e-05
0.00272951 2.92969e-05

0.00272951 2.92969e-05
0.00272948 3.51562e-05

0.00272948 3.51562e-05
0.00272945 4.10156e-05

0.00272945 4.10156e-05
0.00272941 4.6875e-05

0.00272941 4.6875e-05
0.00272937 5.27344e-05

0.00272937 5.27344e-05
0.00272933 5.85937e-05

0.0027293 6.21509e-05
0.00272928 6.44531e-05

0.00272928 6.44531e-05
0.00272922 7.03125e-05

0.0027293 6.21488e-05
0.00272933 5.85937e-05

0.00272922 7.03125e-05
0.00272916 7.61719e-05

0.00272916 7.61719e-05
0.0027291 8.20312e-05

0.0027291 8.20312e-05
0.00272903 8.78906e-05

0.00272903 8.78906e-05
0.00272896 9.375e-05

0.00272896 9.375e-05
0.00272888 9.96094e-05

0.00272888 9.96094e-05
0.00272879 0.000105469

0.00272879 0.000105469
0.00272871 0.000111328

0.00272871 0.000111328
0.00272861 0.000117187

0.00272861 0.000117187
0.00272852 0.000123047

0.00272852 0.000123047
0.00272841 0.000128906

0.00272841 0.000128906
0.00272831 0.000134766

0.00272831 0.000134766
0.0027282 0.000140625

0.0027282 0.000140625
0.00272808 0.000146484

0.00272808 0.000146484
0.00272796 0.000152344

0.00272796 0.000152344
0.00272783 0.000158203

0.00272783 0.000158203
0.0027277 0.000164062

0.0027277 0.000164062
0.00272756 0.000169922

0.00272756 0.000169922
0.00272742 0.000175781

0.00272742 0.000175781
0.00272728 0.000181641

0.00272728 0.000181641
0.00272713 0.0001875

0.00272713 0.0001875
0.00272697 0.000193359

0.00272697 0.000193359
0.00272681 0.000199219

0.00272681 0.000199219
0.00272665 0.000205078

0.00272665 0.000205078
0.00272648 0.000210937

0.00272648 0.000210937
0.00272631 0.000216797

0.00272631 0.000216797
0.00272613 0.000222656

0.00272613 0.000222656
0.00272594 0.000228516

0.00272594 0.000228516
0.00272575 0.000234375

0.00272575 0.000234375
0.00272556 0.000240234

0.00272556 0.000240234
0.00272536 0.000246094

0.00272536 0.000246094
0.00272516 0.000251953

0.00272516 0.000251953
0.00272495 0.000257812

0.00272495 0.000257812
0.00272474 0.000263672

0.00272474 0.000263672
0.00272453 0.000269531

0.00272453 0.000269531
0.0027243 0.000275391

0.0027243 0.000275391
0.00272408 0.00028125

0.00272344 0.000297231
0.00272337 0.000298828

0.00272337 0.000298828
0.00272313 0.000304687

0.00272313 0.000304687
0.00272288 0.000310547

0.00272288 0.000310547
0.00272262 0.000316406

0.00272262 0.000316406
0.00272237 0.000322266

0.00272237 0.000322266
0.0027221 0.000328125

0.00272408 0.00028125
0.00272385 0.000287109

0.00272385 0.000287109
0.00272361 0.000292969

0.00272344 0.00029723
0.00272361 0.000292969

0.0027221 0.000328125
0.00272184 0.000333984

0.00272184 0.000333984
0.00272156 0.000339844

0.00272156 0.000339844
0.00272129 0.000345703

0.00272129 0.000345703
0.00272101 0.000351562

0.00272101 0.000351562
0.00272072 0.000357422

0.00272072 0.000357422
0.00272043 0.000363281

0.00272043 0.000363281
0.00272014 0.000369141

0.00272014 0.000369141
0.00271984 0.000375

0.00271984 0.000375
0.00271954 0.000380859

0.00271954 0.000380859
0.00271923 0.000386719

0.00271923 0.000386719
0.00271892 0.000392578

0.00271892 0.000392578
0.00271861 0.000398437

0.00271861 0.000398437
0.00271829 0.000404297

0.00271829 0.000404297
0.00271797 0.000410156

0.00271758 0.00041715
0.00271731 0.000421875

0.00271797 0.000410156
0.00271764 0.000416016

0.00271758 0.000417149
0.00271764 0.000416016

0.00271731 0.000421875
0.00271698 0.000427734

0.00271698 0.000427734
0.00271664 0.000433594

0.00271664 0.000433594
0.0027163 0.000439453

0.0027163 0.000439453
0.00271595 0.000445312

0.00271595 0.000445312
0.00271561 0.000451172

0.00271561 0.000451172
0.00271526 0.000457031

0.00271526 0.000457031
0.0027149 0.000462891

0.0027149 0.000462891
0.00271454 0.00046875

0.00271454 0.00046875
0.00271418 0.000474609

0.00271418 0.000474609
0.00271382 0.000480469

0.00271382 0.000480469
0.00271345 0.000486328

0.00271345 0.000486328
0.00271308 0.000492187

0.00271172 0.000513538
0.00271158 0.000515625

0.00271308 0.000492187
0.00271271 0.000498047

0.00271271 0.000498047
0.00271234 0.000503906

0.00271234 0.000503906
0.00271196 0.000509766

0.00271172 0.000513537
0.00271196 0.000509766

0.00271158 0.000515625
0.0027112 0.000521484

0.0027112 0.000521484
0.00271082 0.000527344

0.00271082 0.000527344
0.00271044 0.000533203

0.00271044 0.000533203
0.00271005 0.000539062

0.00271005 0.000539062
0.00270967 0.000544922

0.00270967 0.000544922
0.00270928 0.000550781

0.00270928 0.000550781
0.00270889 0.000556641

0.00270889 0.000556641
0.0027085 0.0005625

0.0027085 0.0005625
0.00270812 0.000568359

0.00270812 0.000568359
0.00270773 0.000574219

0.00270773 0.000574219
0.00270734 0.000580078

0.00270734 0.000580078
0.00270695 0.000585937

0.00270695 0.000585937
0.00270656 0.000591797

0.00270656 0.000591797
0.00270618 0.000597656

0.00270586 0.000602456
0.00270579 0.000603516

0.00270579 0.000603516
0.00270541 0.000609375

0.00270586 0.000602455
0.00270618 0.000597656

0.00270541 0.000609375
0.00270502 0.000615234

0.00270502 0.000615234
0.00270464 0.000621094

0.00270464 0.000621094
0.00270426 0.000626953

0.00270426 0.000626953
0.00270389 0.000632812

0.00270389 0.000632812
0.00270351 0.000638672

0.00270351 0.000638672
0.00270314 0.000644531

0.00270314 0.000644531
0.00270278 0.000650391

0.00270278 0.000650391
0.00270241 0.00065625

0.00270241 0.00065625
0.00270206 0.000662109

0.00270206 0.000662109
0.0027017 0.000667969

0.0027017 0.000667969
0.00270135 0.000673828

0.00270135 0.000673828
0.00270101 0.000679687

0.00270101 0.000679687
0.00270067 0.000685547

0.00270067 0.000685547
0.00270034 0.000691406

0.00270034 0.000691406
0.00270001 0.000697266

0.0027 0.000697517
0.00270001 0.000697266

0.0027 0.00100327
0.00270033 0.00100781

0.00270033 0.00100781
0.00270077 0.00101367

0.00270077 0.00101367
0.00270123 0.00101953

0.00270123 0.00101953
0.00270171 0.00102539

0.00270171 0.00102539
0.00270221 0.00103125

0.00270221 0.00103125
0.00270272 0.00103711

0.00270272 0.00103711
0.00270325 0.00104297

0.00270325 0.00104297
0.0027038 0.00104883

0.0027038 0.00104883
0.00270436 0.00105469

0.00270436 0.00105469
0.00270494 0.00106055

0.00270494 0.00106055
0.00270554 0.00106641

0.00270554 0.00106641
0.00270586 0.00106949

0.00270586 0.00106949
0.00270615 0.00107227

0.00270615 0.00107227
0.00270678 0.00107812

0.00270678 0.00107812
0.00270742 0.00108398

0.00270742 0.00108398
0.00270808 0.00108984

0.00270808 0.00108984
0.00270876 0.0010957

0.00270876 0.0010957
0.00270945 0.00110156

0.00270945 0.00110156
0.00271015 0.00110742

0.00271015 0.00110742
0.00271087 0.00111328

0.00271087 0.00111328
0.00271161 0.00111914

0.00271161 0.00111914
0.00271172 0.00111997

0.00271172 0.00111997
0.00271236 0.001125

0.00271236 0.001125
0.00271313 0.00113086

0.00271313 0.00113086
0.0027139 0.00113672

0.0027139 0.00113672
0.00271469 0.00114258

0.00271469 0.00114258
0.00271549 0.00114844

0.00271549 0.00114844
0.00271631 0.0011543

0.00271631 0.0011543
0.00271714 0.00116016

0.00271714 0.00116016
0.00271758 0.0011632

0.00271758 0.0011632
0.00271798 0.00116602

0.00271798 0.00116602
0.00271883 0.00117187

0.00271883 0.00117187
0.00271969 0.00117773

0.00271969 0.00117773
0.00272057 0.00118359

0.00272057 0.00118359
0.00272145 0.00118945

0.00272145 0.00118945
0.00272234 0.00119531

0.00272234 0.00119531
0.00272325 0.00120117

0.00272325 0.00120117
0.00272344 0.00120234

0.00272344 0.00120234
0.00272417 0.00120703

0.00272417 0.00120703
0.00272509 0.00121289

0.00272509 0.00121289
0.00272602 0.00121875

0.00272602 0.00121875
0.00272695 0.00122461

0.00272695 0.00122461
0.0027279 0.00123047

0.0027279 0.00123047
0.00272885 0.00123633

0.00272886 0.00123633
0.0027293 0.00123901

0.0027293 0.00123901
0.00272982 0.00124219

0.00272982 0.00124219
0.00273078 0.00124805

0.00273078 0.00124805
0.00273175 0.00125391

0.00273175 0.00125391
0.00273272 0.00125977

0.00273272 0.00125977
0.0027337 0.00126562

0.00273369 0.00126563
0.00273468 0.00127148

0.00273469 0.00127148
0.00273516 0.00127427

0.00273516 0.00127427
0.00273568 0.00127734

0.00273567 0.00127734
0.00273666 0.0012832

0.00273666 0.0012832
0.00273764 0.00128906

0.00273764 0.00128906
0.00273863 0.00129492

0.00273863 0.00129492
0.00273962 0.00130078

0.00273962 0.00130078
0.00274062 0.00130664

0.00274062 0.00130664
0.00274102 0.00130896

0.00274102 0.00130896
0.00274162 0.0013125

0.00274161 0.0013125
0.0027426 0.00131836

0.0027426 0.00131836
0.00274358 0.00132422

0.00274358 0.00132422
0.00274456 0.00133008

0.00274456 0.00133008
0.00274554 0.00133594

0.00274554 0.00133594
0.00274652 0.0013418

0.00274653 0.0013418
0.00274687 0.00134389

0.00274687 0.00134389
0.0027475 0.00134766

0.0027475 0.00134766
0.00274846 0.00135352

0.00274846 0.00135352
0.00274942 0.00135937

0.00274941 0.00135937
0.00275036 0.00136523

0.00275036 0.00136523
0.00275131 0.00137109

0.0027513 0.00137109
0.00275224 0.00137695

0.00275225 0.00137695
0.00275273 0.00138001

0.00275273 0.00138001
0.00275318 0.00138281

0.00275318 0.00138281
0.00275409 0.00138867

0.00275409 0.00138867
0.00275499 0.00139453

0.00275499 0.00139453
0.00275588 0.00140039

0.00275588 0.00140039
0.00275675 0.00140625

0.00275675 0.00140625
0.00275762 0.00141211

0.00275762 0.00141211
0.00275848 0.00141797

0.00275848 0.00141797
0.00275859 0.00141878

0.00275859 0.00141877
0.00275932 0.00142383

0.00275931 0.00142383
0.00276013 0.00142969

0.00276013 0.00142969
0.00276093 0.00143555

0.00276093 0.00143555
0.00276171 0.00144141

0.00276171 0.00144141
0.00276248 0.00144727

0.00276248 0.00144727
0.00276322 0.00145312

0.00276322 0.00145312
0.00276395 0.00145898

0.00276395 0.00145898
0.00276445 0.00146314

0.00276445 0.00146314
0.00276466 0.00146484

0.00276466 0.00146484
0.00276534 0.0014707

0.00276534 0.0014707
0.002766 0.00147656

0.002766 0.00147656
0.00276663 0.00148242

0.00276663 0.00148242
0.00276724 0.00148828

0.00276724 0.00148828
0.00276783 0.00149414

0.00276783 0.00149414
0.00276839 0.0015

0.00276839 0.0015
0.00276892 0.00150586

0.00276892 0.00150586
0.00276943 0.00151172

0.00276943 0.00151172
0.00276991 0.00151758

0.00276991 0.00151758
0.00277031 0.00152287

0.00277031 0.00152287
0.00277036 0.00152344

0.00277036 0.00152344
0.00277078 0.0015293

0.00277078 0.0015293
0.00277116 0.00153516

0.00277116 0.00153516
0.00277152 0.00154102

0.00277152 0.00154102
0.00277184 0.00154687

0.00277184 0.00154687
0.00277214 0.00155273

0.00277214 0.00155273
0.00277239 0.00155859

0.00277239 0.00155859
0.00277262 0.00156445

0.00277262 0.00156445
0.00277281 0.00157031

0.00277281 0.00157031
0.00277296 0.00157617

0.00277296 0.00157617
0.00277308 0.00158203

0.00277308 0.00158203
0.00277316 0.00158789

0.00277317 0.00158789
0.00277321 0.00159375

0.00277321 0.00159375
0.00277321 0.00159961

0.00277321 0.00159961
0.00277318 0.00160547

0.00277318 0.00160547
0.00277311 0.00161133

0.00277311 0.00161133
0.00277299 0.00161719

0.00277299 0.00161719
0.00277284 0.00162305

0.00277284 0.00162305
0.00277264 0.00162891

0.00277264 0.00162891
0.00277241 0.00163477

0.00277241 0.00163477
0.00277213 0.00164062

0.00277031 0.00166689
0.00277005 0.00166992

0.00277005 0.00166992
0.0027695 0.00167578

0.0027695 0.00167578
0.0027689 0.00168164

0.0027689 0.00168164
0.00276826 0.0016875

0.00277213 0.00164062
0.0027718 0.00164648

0.0027718 0.00164648
0.00277143 0.00165234

0.00277143 0.00165234
0.00277102 0.0016582

0.00277102 0.0016582
0.00277056 0.00166406

0.00277031 0.00166689
0.00277056 0.00166406

0.00276826 0.0016875
0.00276756 0.00169336

0.00276756 0.00169336
0.00276681 0.00169922

0.00276681 0.00169922
0.00276601 0.00170508

0.00276601 0.00170508
0.00276516 0.00171094

0.00276445 0.00171556
0.00276426 0.0017168

0.00276427 0.0017168
0.00276333 0.00172266

0.00276445 0.00171557
0.00276516 0.00171094

0.00276333 0.00172266
0.00276232 0.00172852

0.00276232 0.00172852
0.00276126 0.00173437

0.00275859 0.00174789
0.00275775 0.00175195

0.00275776 0.00175195
0.00275649 0.00175781

0.00276126 0.00173437
0.00276014 0.00174023

0.00276014 0.00174023
0.00275897 0.00174609

0.00275859 0.00174789
0.00275897 0.00174609

0.00275649 0.00175781
0.00275514 0.00176367

0.00275514 0.00176367
0.00275373 0.00176953

0.00275273 0.00177352
0.00275227 0.00177539

0.00275228 0.00177539
0.00275077 0.00178125

0.00275273 0.00177353
0.00275373 0.00176953

0.00274687 0.00179524
0.00274583 0.00179883

0.00274585 0.00179883
0.00274409 0.00180469

0.00274102 0.00181433
0.00274034 0.00181641

0.00274409 0.00180469
0.00274225 0.00181055

0.00274102 0.00181434
0.00274224 0.00181055

0.00274035 0.00181641
0.0027384 0.00182227

0.00273841 0.00182227
0.00273637 0.00182812

0.00272344 0.00186164
0.00272275 0.00186328

0.00272276 0.00186328
0.00272025 0.00186914

0.00272025 0.00186914
0.00271766 0.001875

0.00273516 0.00183149
0.00273426 0.00183398

0.00273427 0.00183398
0.00273212 0.00183984

0.0027293 0.00184717
0.00272757 0.00185156

0.00273212 0.00183984
0.00272988 0.0018457

0.0027293 0.00184718
0.00272988 0.0018457

0.00273516 0.0018315
0.00273636 0.00182812

0.00272758 0.00185156
0.00272521 0.00185742

0.00272344 0.00186167
0.00272521 0.00185742

0.00275078 0.00178125
0.0027492 0.00178711

0.00274919 0.00178711
0.00274754 0.00179297

0.00274687 0.00179525
0.00274754 0.00179297

0.00271172 0.00188783
0.00270944 0.00189258

0.00270945 0.00189258
0.00270656 0.00189844

0.00271758 0.00187517
0.00271499 0.00188086

0.002715 0.00188086
0.00271226 0.00188672

0.00271758 0.00187517
0.00271766 0.001875

0.00271172 0.00188784
0.00271226 0.00188672

0.00270586 0.0018998
0.00270358 0.0019043

0.00270359 0.0019043
0.00270054 0.00191016

0.00270586 0.00189981
0.00270655 0.00189844

0.0027 0.00191117
0.00270054 0.00191016

