-0.000344175 0
-0.000344171 5.85937e-06

-0.000344171 5.85938e-06
-0.000344159 1.17187e-05

-0.000344159 1.17187e-05
-0.000344138 1.75781e-05

-0.000344138 1.75781e-05
-0.000344109 2.34375e-05

-0.000344109 2.34375e-05
-0.000344073 2.92969e-05

-0.000344073 2.92969e-05
-0.000344027 3.51562e-05

-0.000344028 3.51562e-05
-0.000343974 4.10156e-05

-0.000343974 4.10156e-05
-0.000343913 4.6875e-05

-0.000343913 4.6875e-05
-0.000343843 5.27344e-05

-0.000343843 5.27344e-05
-0.000343765 5.85937e-05

-0.000343765 5.85937e-05
-0.000343679 6.44531e-05

-0.000343679 6.44531e-05
-0.000343585 7.03125e-05

-0.000343585 7.03125e-05
-0.000343483 7.61719e-05

-0.000343483 7.61719e-05
-0.000343372 8.20312e-05

-0.000343372 8.20312e-05
-0.000343253 8.78906e-05

-0.000343253 8.78906e-05
-0.000343125 9.375e-05

-0.000343125 9.375e-05
-0.00034299 9.96094e-05

-0.00034299 9.96094e-05
-0.000342845 0.000105469

-0.000342846 0.000105469
-0.000342693 0.000111328

-0.000342693 0.000111328
-0.000342532 0.000117187

-0.000342532 0.000117187
-0.000342363 0.000123047

-0.000342363 0.000123047
-0.000342185 0.000128906

-0.000342185 0.000128906
-0.000341999 0.000134766

-0.000341999 0.000134766
-0.000341805 0.000140625

-0.000341805 0.000140625
-0.000341601 0.000146484

-0.000341601 0.000146484
-0.00034139 0.000152344

-0.00034139 0.000152344
-0.00034117 0.000158203

-0.00034117 0.000158203
-0.000341016 0.000162145

-0.000341016 0.000162146
-0.000340941 0.000164062

-0.000340941 0.000164062
-0.000340703 0.000169922

-0.000340703 0.000169922
-0.000340457 0.000175781

-0.000340457 0.000175781
-0.000340202 0.000181641

-0.000340202 0.000181641
-0.000339939 0.0001875

-0.000339939 0.0001875
-0.000339666 0.000193359

-0.000339666 0.000193359
-0.000339385 0.000199219

-0.000339385 0.000199219
-0.000339095 0.000205078

-0.000339095 0.000205078
-0.000338796 0.000210937

-0.000338796 0.000210937
-0.000338488 0.000216797

-0.000338488 0.000216797
-0.000338171 0.000222656

-0.000338171 0.000222656
-0.000337845 0.000228516

-0.000337845 0.000228516
-0.00033751 0.000234375

-0.00033751 0.000234375
-0.000337165 0.000240234

-0.000337165 0.000240234
-0.000336812 0.000246094

-0.000336812 0.000246094
-0.000336449 0.000251953

-0.000336449 0.000251953
-0.000336077 0.000257812

-0.000336077 0.000257812
-0.000335695 0.000263672

-0.000335695 0.000263672
-0.000335305 0.000269531

-0.000335305 0.000269531
-0.000335156 0.000271706

-0.000335156 0.000271708
-0.000334905 0.000275391

-0.000334904 0.000275391
-0.000334494 0.00028125

-0.000334494 0.00028125
-0.000334075 0.000287109

-0.000334075 0.000287109
-0.000333646 0.000292969

-0.000333646 0.000292969
-0.000333208 0.000298828

-0.000333208 0.000298828
-0.00033276 0.000304687

-0.00033276 0.000304687
-0.000332303 0.000310547

-0.000332303 0.000310547
-0.000331836 0.000316406

-0.000331836 0.000316406
-0.000331359 0.000322266

-0.000331359 0.000322266
-0.000330872 0.000328125

-0.000330872 0.000328125
-0.000330376 0.000333984

-0.000330376 0.000333984
-0.000329871 0.000339844

-0.000329871 0.000339844
-0.000329355 0.000345703

-0.000329356 0.000345703
-0.000329297 0.000346357

-0.000329297 0.00034636
-0.00032883 0.000351562

-0.000328829 0.000351562
-0.000328293 0.000357422

-0.000328293 0.000357422
-0.000327748 0.000363281

-0.000327748 0.000363281
-0.000327193 0.000369141

-0.000327193 0.000369141
-0.000326628 0.000375

-0.000326628 0.000375
-0.000326054 0.000380859

-0.000326054 0.000380859
-0.00032547 0.000386719

-0.00032547 0.000386719
-0.000324876 0.000392578

-0.000324876 0.000392578
-0.000324273 0.000398437

-0.000324273 0.000398437
-0.00032366 0.000404297

-0.000323661 0.000404297
-0.000323438 0.000406392

-0.000323437 0.000406395
-0.000323037 0.000410156

-0.000323036 0.000410156
-0.000322401 0.000416016

-0.000322401 0.000416016
-0.000321757 0.000421875

-0.000321757 0.000421875
-0.000321104 0.000427734

-0.000321104 0.000427734
-0.000320442 0.000433594

-0.000320442 0.000433594
-0.00031977 0.000439453

-0.00031977 0.000439453
-0.000319089 0.000445312

-0.000319089 0.000445312
-0.000318399 0.000451172

-0.0003184 0.000451172
-0.0003177 0.000457031

-0.0003177 0.000457031
-0.000317578 0.000458035

-0.000317578 0.00045804
-0.000316989 0.000462891

-0.000316987 0.000462891
-0.000316264 0.00046875

-0.000316265 0.00046875
-0.000315535 0.000474609

-0.000315535 0.000474609
-0.000314796 0.000480469

-0.000314796 0.000480469
-0.000314049 0.000486328

-0.000314048 0.000486328
-0.000313293 0.000492187

-0.000313293 0.000492187
-0.000312529 0.000498047

-0.00031253 0.000498047
-0.000311755 0.000503906

-0.000311755 0.000503906
-0.000311719 0.000504172

-0.000311719 0.000504178
-0.000310968 0.000509766

-0.000310966 0.000509766
-0.000310169 0.000515625

-0.00031017 0.000515625
-0.000309367 0.000521484

-0.000309367 0.000521484
-0.000308557 0.000527344

-0.000308557 0.000527344
-0.000307739 0.000533203

-0.000307739 0.000533203
-0.000306915 0.000539062

-0.000306915 0.000539062
-0.000306081 0.000544922

-0.000306081 0.000544922
-0.000305859 0.000546453

-0.000305859 0.000546459
-0.000305234 0.000550781

-0.00030523 0.000550781
-0.000304373 0.000556641

-0.000304374 0.000556641
-0.000303512 0.0005625

-0.000303512 0.0005625
-0.000302644 0.000568359

-0.000302644 0.000568359
-0.000301771 0.000574219

-0.000301771 0.000574219
-0.000300891 0.000580078

-0.000300892 0.000580078
-0.0003 0.000585937

-0.000299999 0.000585937
-0.000299094 0.000591797

-0.000299092 0.000591797
-0.000298181 0.000597656

-0.000298182 0.000597656
-0.000297269 0.000603516

-0.000297269 0.000603516
-0.000296352 0.000609375

-0.000296352 0.000609375
-0.00029543 0.000615234

-0.000295432 0.000615234
-0.0002945 0.000621094

-0.000294501 0.000621094
-0.000294141 0.000623325

-0.000294141 0.000623331
-0.000293556 0.000626953

-0.000293551 0.000626953
-0.000292598 0.000632812

-0.000292599 0.000632812
-0.000291646 0.000638672

-0.000291646 0.000638672
-0.000290692 0.000644531

-0.000290693 0.000644531
-0.000289735 0.000650391

-0.000289737 0.000650391
-0.000288771 0.00065625

-0.000288772 0.00065625
-0.000288281 0.000659182

-0.000288281 0.000659188
-0.000287792 0.000662109

-0.000287786 0.000662109
-0.000286799 0.000667969

-0.0002868 0.000667969
-0.000285816 0.000673828

-0.000285816 0.000673828
-0.000284833 0.000679687

-0.000284834 0.000679687
-0.000283848 0.000685547

-0.00028385 0.000685547
-0.000282855 0.000691406

-0.000282855 0.000691406
-0.000282422 0.000693924

-0.000282422 0.000693931
-0.000281848 0.000697266

-0.000281841 0.000697266
-0.000280828 0.000703125

-0.000280829 0.000703125
-0.000279822 0.000708984

-0.000279823 0.000708984
-0.000278817 0.000714844

-0.000278819 0.000714844
-0.000277811 0.000720703

-0.000277813 0.000720703
-0.000276795 0.000726562

-0.000276794 0.000726562
-0.000276563 0.000727877

-0.000276562 0.000727883
-0.000275764 0.000732422

-0.000275758 0.000732422
-0.000274728 0.000738281

-0.00027473 0.000738281
-0.000273709 0.000744141

-0.00027371 0.000744141
-0.000272692 0.00075

-0.000272694 0.00075
-0.000271672 0.000755859

-0.000271674 0.000755859
-0.000270703 0.00076136

-0.000270703 0.000761363
-0.00027064 0.000761719

-0.000270635 0.000761719
-0.000269593 0.000767578

-0.00026959 0.000767578
-0.000268555 0.000773437

-0.000268557 0.000773437
-0.000267531 0.000779297

-0.000267532 0.000779297
-0.000266509 0.000785156

-0.000266511 0.000785156
-0.000265482 0.000791016

-0.000265483 0.000791016
-0.000264844 0.000794613

-0.000264844 0.000794618
-0.000264442 0.000796875

-0.000264434 0.000796875
-0.000263391 0.000802734

-0.000263392 0.000802734
-0.000262361 0.000808594

-0.000262362 0.000808594
-0.00026134 0.000814453

-0.000261342 0.000814453
-0.000260321 0.000820312

-0.000260324 0.000820312
-0.000259296 0.000826172

-0.000259295 0.000826172
-0.000258984 0.000827921

-0.000258984 0.000827927
-0.000258257 0.000832031

-0.000258248 0.000832031
-0.000257214 0.000837891

-0.000257217 0.000837891
-0.000256198 0.00084375

-0.0002562 0.00084375
-0.000255188 0.000849609

-0.000255191 0.000849609
-0.00025418 0.000855469

-0.000254183 0.000855469
-0.000253164 0.000861328

-0.00025316 0.000861328
-0.000253125 0.000861526

-0.000253125 0.000861526
-0.000252133 0.000867187

-0.000252129 0.000867187
-0.000251113 0.000873047

-0.000251116 0.000873047
-0.000250116 0.000878906

-0.000250118 0.000878906
-0.000249127 0.000884766

-0.00024913 0.000884766
-0.000248139 0.000890625

-0.000248143 0.000890625
-0.000247266 0.000895761

-0.000247266 0.000895765
-0.000247143 0.000896484

-0.000247135 0.000896484
-0.000246132 0.000902344

-0.00024613 0.000902344
-0.000245141 0.000908203

-0.000245143 0.000908203
-0.000244169 0.000914062

-0.000244171 0.000914062
-0.000243208 0.000919922

-0.00024321 0.000919922
-0.000242248 0.000925781

-0.000242252 0.000925781
-0.000241406 0.000930879

-0.000241406 0.000930883
-0.000241281 0.000931641

-0.000241273 0.000931641
-0.000240298 0.0009375

-0.000240296 0.0009375
-0.000239336 0.000943359

-0.000239338 0.000943359
-0.000238394 0.000949219

-0.000238396 0.000949219
-0.000237464 0.000955078

-0.000237466 0.000955078
-0.000236538 0.000960937

-0.000236542 0.000960937
-0.000235606 0.000966797

-0.000235602 0.000966797
-0.000235547 0.000967139

-0.000235547 0.000967142
-0.000234659 0.000972656

-0.000234653 0.000972656
-0.000233721 0.000978516

-0.000233723 0.000978516
-0.000232809 0.000984375

-0.00023281 0.000984375
-0.000231908 0.000990234

-0.000231909 0.000990234
-0.000231015 0.000996094

-0.000231019 0.000996094
-0.000230122 0.00100195

-0.000230124 0.00100195
-0.000229687 0.00100476

-0.000229687 0.00100477
-0.000229215 0.00100781

-0.000229204 0.00100781
-0.000228296 0.00101367

-0.000228299 0.00101367
-0.00022741 0.00101953

-0.00022741 0.00101953
-0.000226534 0.00102539

-0.000226535 0.00102539
-0.000225671 0.00103125

-0.000225673 0.00103125
-0.000224814 0.00103711

-0.000224818 0.00103711
-0.000223949 0.00104297

-0.000223946 0.00104297
-0.000223828 0.00104375

-0.000223828 0.00104376
-0.000223064 0.00104883

-0.000223056 0.00104883
-0.00022218 0.00105469

-0.000222183 0.00105469
-0.000221327 0.00106055

-0.000221327 0.00106055
-0.000220482 0.00106641

-0.000220483 0.00106641
-0.000219648 0.00107227

-0.000219652 0.00107227
-0.000218819 0.00107812

-0.000218824 0.00107812
-0.000217976 0.00108398

-0.000217969 0.00108399
-0.000217106 0.00108984

-0.0002171 0.00108984
-0.000216246 0.0010957

-0.000216248 0.0010957
-0.000215412 0.00110156

-0.000215412 0.00110156
-0.000214588 0.00110742

-0.000214589 0.00110742
-0.000213774 0.00111328

-0.000213778 0.00111328
-0.00021296 0.00111914

-0.000212966 0.00111914
-0.000212124 0.001125

-0.000212117 0.001125
-0.000212109 0.00112505

-0.000212109 0.00112505
-0.000211253 0.00113086

-0.000211246 0.00113086
-0.000210391 0.00113672

-0.000210394 0.00113672
-0.000209558 0.00114258

-0.000209559 0.00114258
-0.000208734 0.00114844

-0.000208737 0.00114844
-0.000207914 0.0011543

-0.00020792 0.0011543
-0.000207084 0.00116016

-0.000207091 0.00116016
-0.00020625 0.0011658

-0.00020625 0.00116581
-0.00020622 0.00116602

-0.000206205 0.00116602
-0.00020531 0.00117187

-0.000205304 0.00117187
-0.000204425 0.00117773

-0.000204429 0.00117773
-0.000203573 0.00118359

-0.000203577 0.00118359
-0.000202727 0.00118945

-0.000202732 0.00118945
-0.000201871 0.00119531

-0.000201877 0.00119531
-0.000200981 0.00120117

-0.000200983 0.00120117
-0.000200391 0.00120484

-0.000200391 0.00120485
-0.000200039 0.00120703

-0.000200012 0.00120703
-0.000199065 0.00121289

-0.000199074 0.00121289
-0.00019816 0.00121875

-0.000198166 0.00121875
-0.000197259 0.00122461

-0.000197266 0.00122461
-0.000196339 0.00123047

-0.000196345 0.00123047
-0.000195375 0.00123633

-0.000195377 0.00123633
-0.000194531 0.00124113

-0.000194531 0.00124114
-0.000194346 0.00124219

-0.000194314 0.00124219
-0.000193279 0.00124805

-0.000193291 0.00124805
-0.000192291 0.00125391

-0.0001923 0.00125391
-0.000191293 0.00125977

-0.000191302 0.00125977
-0.000190251 0.00126562

-0.000190254 0.00126563
-0.000189136 0.00127148

-0.000189128 0.00127148
-0.000188672 0.00127378

-0.000188672 0.00127374
-0.000187956 0.00127734

-0.000187936 0.00127734
-0.000186792 0.0012832

-0.000186818 0.0012832
-0.000185689 0.00128906

-0.000185701 0.00128906
-0.000184512 0.00129492

-0.000184511 0.00129492
-0.000183239 0.00130078

-0.00018323 0.00130078
-0.000182812 0.00130264

-0.000182813 0.00130259
-0.000181904 0.00130664

-0.000181897 0.00130664
-0.0001806 0.0013125

-0.000180629 0.0013125
-0.000179315 0.00131836

-0.000179322 0.00131836
-0.000177919 0.00132422

-0.000177914 0.00132422
-0.000176953 0.00132799

-0.000176953 0.00132796
-0.000176413 0.00133008

-0.00017638 0.00133008
-0.000174889 0.00133594

-0.000174933 0.00133594
-0.000173431 0.0013418

-0.000173438 0.0013418
-0.000171822 0.00134766

-0.000171811 0.00134766
-0.000171094 0.00135013

-0.000171094 0.00135006
-0.000170092 0.00135352

-0.000170089 0.00135352
-0.000168375 0.00135937

-0.00016841 0.00135937
-0.000166632 0.00136523

-0.000166632 0.00136523
-0.000165234 0.00136953

-0.000165234 0.00136951
-0.000164719 0.00137109

-0.000164684 0.00137109
-0.000162741 0.00137695

-0.000162791 0.00137695
-0.00016079 0.00138281

-0.000160789 0.00138281
-0.000159375 0.00138667

-0.000159375 0.00138663
-0.000158626 0.00138867

-0.000158605 0.00138867
-0.000156392 0.00139453

-0.000156439 0.00139453
-0.00015413 0.00140039

-0.000154131 0.00140039
-0.000153516 0.00140187

-0.000153516 0.00140177
-0.000151655 0.00140625

-0.000151687 0.00140625
-0.00014915 0.00141211

-0.000149166 0.00141211
-0.000147656 0.00141539

-0.000147656 0.00141534
-0.000146445 0.00141797

-0.000146443 0.00141797
-0.000143611 0.00142383

-0.000143641 0.00142383
-0.000141797 0.00142746

-0.000141797 0.00142741
-0.000140642 0.00142969

-0.000140637 0.00142969
-0.000137505 0.00143555

-0.000137545 0.00143555
-0.000135937 0.00143841

-0.000135938 0.00143834
-0.000134213 0.00144141

-0.000134233 0.00144141
-0.000130728 0.00144727

-0.000130738 0.00144727
-0.000130078 0.00144834

-0.000130078 0.00144827
-0.000127019 0.00145312

-0.000127065 0.00145312
-0.000124219 0.0014574

-0.000124219 0.00145733
-0.000123127 0.00145898

-0.000123144 0.00145898
-0.000118975 0.00146484

-0.000118978 0.00146484
-0.000118359 0.00146569

-0.000118359 0.00146565
-0.000114553 0.0014707

-0.000114564 0.0014707
-0.0001125 0.00147336

-0.0001125 0.00147326
-0.000109863 0.00147656

-0.000109863 0.00147656
-0.000106641 0.00148036

-0.000106641 0.00148033
-0.000104812 0.00148242

-0.0001048 0.00148242
-0.000100781 0.00148681

-0.000100781 0.0014868
-9.93713e-05 0.00148828

-9.93576e-05 0.00148828
-9.49219e-05 0.00149275

-9.49219e-05 0.00149276
-9.35004e-05 0.00149414

-9.35002e-05 0.00149414
-8.90625e-05 0.00149827

-8.90625e-05 0.00149831
-8.71731e-05 0.0015

0.000373828 0.00149889
0.000371451 0.0015

0.000373828 0.00149889
0.000379687 0.00149608

0.000385547 0.00149319
0.000383617 0.00149414

0.000379687 0.00149609
0.000383643 0.00149414

0.000385547 0.0014932
0.000391406 0.00149025

0.000397266 0.00148722
0.000395207 0.00148828

0.000397266 0.00148723
0.000403125 0.00148413

0.000391406 0.00149025
0.00039523 0.00148828

0.000420703 0.00147441
0.000416904 0.00147656

0.000420703 0.00147442
0.000426562 0.00147103

0.000408984 0.00148096
0.000406284 0.00148242

0.000403125 0.00148414
0.000406303 0.00148242

0.000408984 0.00148097
0.000414844 0.00147773

0.000414844 0.00147773
0.000416916 0.00147656

0.000438281 0.00146401
0.000436903 0.00146484

0.000432422 0.00146756
0.000427112 0.0014707

0.000426562 0.00147103
0.000427119 0.0014707

0.000432422 0.00146757
0.000436927 0.00146484

0.000438281 0.00146402
0.000444141 0.0014604

0.00045 0.00145669
0.000446376 0.00145898

0.000444141 0.0014604
0.000446388 0.00145898

0.000969896 0
0.0009699 5.85937e-06

0.0009699 5.85938e-06
0.000969912 1.17187e-05

0.000969912 1.17187e-05
0.000969931 1.75781e-05

0.000969931 1.75781e-05
0.000969958 2.34375e-05

0.000969958 2.34375e-05
0.000969992 2.92969e-05

0.000969992 2.92969e-05
0.000970033 3.51562e-05

0.000970033 3.51562e-05
0.000970081 4.10156e-05

0.000970082 4.10156e-05
0.000970136 4.6875e-05

0.000970136 4.6875e-05
0.000970197 5.27344e-05

0.000970197 5.27344e-05
0.000970264 5.85937e-05

0.000970264 5.85937e-05
0.000970336 6.44531e-05

0.000970337 6.44531e-05
0.000970414 7.03125e-05

0.000970414 7.03125e-05
0.000970497 7.61719e-05

0.000970497 7.61719e-05
0.000970584 8.20312e-05

0.000970584 8.20312e-05
0.000970676 8.78906e-05

0.000970676 8.78906e-05
0.000970772 9.375e-05

0.000970772 9.375e-05
0.000970873 9.96094e-05

0.000970873 9.96094e-05
0.000970977 0.000105469

0.000970977 0.000105469
0.000971086 0.000111328

0.000971086 0.000111328
0.000971199 0.000117187

0.000971199 0.000117187
0.000971317 0.000123047

0.000971318 0.000123047
0.000971439 0.000128906

0.00097144 0.000128906
0.000971484 0.000131081

0.000971484 0.00013111
0.00097156 0.000134766

0.000971559 0.000134766
0.000971682 0.000140625

0.000971681 0.000140625
0.000971811 0.000146484

0.000971811 0.000146484
0.000971947 0.000152344

0.000971947 0.000152344
0.00097209 0.000158203

0.00097209 0.000158203
0.000972239 0.000164062

0.000972239 0.000164062
0.000972394 0.000169922

0.000972394 0.000169922
0.000972553 0.000175781

0.000972553 0.000175781
0.000972716 0.000181641

0.000972716 0.000181641
0.000972883 0.0001875

0.000972884 0.0001875
0.000973054 0.000193359

0.000973054 0.000193359
0.000973227 0.000199219

0.000973228 0.000199219
0.000973404 0.000205078

0.000973404 0.000205078
0.000973583 0.000210937

0.000973583 0.000210937
0.000973764 0.000216797

0.000973764 0.000216797
0.000973948 0.000222656

0.000973948 0.000222656
0.000974133 0.000228516

0.000974133 0.000228516
0.00097432 0.000234375

0.000974321 0.000234375
0.000974509 0.000240234

0.000974509 0.000240234
0.000974698 0.000246094

0.000974698 0.000246094
0.000974888 0.000251953

0.000974888 0.000251953
0.000975079 0.000257812

0.000975079 0.000257812
0.00097527 0.000263672

0.00097527 0.000263672
0.000975461 0.000269531

0.000975461 0.000269531
0.000975652 0.000275391

0.000975652 0.000275391
0.000975843 0.00028125

0.000975843 0.00028125
0.000976034 0.000287109

0.000976034 0.000287109
0.000976224 0.000292969

0.000976224 0.000292969
0.000976415 0.000298828

0.000976414 0.000298828
0.000976605 0.000304687

0.000976605 0.000304687
0.000976797 0.000310547

0.000976797 0.000310547
0.00097699 0.000316406

0.000976989 0.000316406
0.000977184 0.000322266

0.00097719 0.000322266
0.000977344 0.000327078

0.000977344 0.000327252
0.000977372 0.000328125

0.000977372 0.000328125
0.000977548 0.000333984

0.000977547 0.000333984
0.000977722 0.000339844

0.000977722 0.000339844
0.000977897 0.000345703

0.000977898 0.000345703
0.000978073 0.000351562

0.000978073 0.000351562
0.000978247 0.000357422

0.000978248 0.000357422
0.000978419 0.000363281

0.000978419 0.000363281
0.000978587 0.000369141

0.000978587 0.000369141
0.00097875 0.000375

0.00097875 0.000375
0.000978907 0.000380859

0.000978908 0.000380859
0.000979058 0.000386719

0.000979058 0.000386719
0.000979202 0.000392578

0.000979202 0.000392578
0.000979338 0.000398437

0.000979338 0.000398437
0.000979466 0.000404297

0.000979467 0.000404297
0.000979586 0.000410156

0.000979586 0.000410156
0.000979697 0.000416016

0.000979697 0.000416016
0.000979799 0.000421875

0.000979799 0.000421875
0.000979891 0.000427734

0.000979891 0.000427734
0.000979973 0.000433594

0.000979973 0.000433594
0.000980044 0.000439453

0.000980044 0.000439453
0.000980105 0.000445312

0.000980105 0.000445312
0.000980155 0.000451172

0.000980155 0.000451172
0.000980194 0.000457031

0.000980194 0.000457031
0.000980221 0.000462891

0.000980221 0.000462891
0.000980237 0.00046875

0.000980237 0.00046875
0.000980241 0.000474609

0.000980241 0.000474609
0.000980232 0.000480469

0.000980232 0.000480469
0.00098021 0.000486328

0.00098021 0.000486328
0.000980175 0.000492187

0.000980176 0.000492187
0.000980127 0.000498047

0.000980127 0.000498047
0.000980065 0.000503906

0.000980065 0.000503906
0.000979987 0.000509766

0.000979987 0.000509766
0.000979894 0.000515625

0.000979894 0.000515625
0.000979784 0.000521484

0.000979785 0.000521484
0.000979657 0.000527344

0.000979657 0.000527344
0.000979511 0.000533203

0.000979511 0.000533203
0.000979344 0.000539062

0.000979344 0.000539062
0.000979155 0.000544922

0.000979155 0.000544922
0.000978942 0.000550781

0.000978942 0.000550781
0.000978702 0.000556641

0.000978703 0.000556641
0.000978434 0.0005625

0.000977344 0.00058122
0.000977035 0.000585937

0.000978435 0.0005625
0.000978134 0.000568359

0.000978135 0.000568359
0.000977801 0.000574219

0.000977802 0.000574219
0.000977433 0.000580078

0.000977344 0.000581383
0.000977429 0.000580078

0.000977045 0.000585937
0.000976653 0.000591797

0.000976656 0.000591797
0.000976232 0.000597656

0.00097623 0.000597656
0.000975772 0.000603516

0.000975772 0.000603516
0.000975281 0.000609375

0.000975282 0.000609375
0.000974758 0.000615234

0.000974758 0.000615234
0.0009742 0.000621094

0.000974201 0.000621094
0.000973606 0.000626953

0.000973607 0.000626953
0.000972973 0.000632812

0.000972972 0.000632812
0.000972295 0.000638672

0.000972298 0.000638672
0.000971574 0.000644531

0.000971484 0.000645089
0.000970816 0.000650391

0.000970832 0.000650391
0.000970082 0.00065625

0.000971484 0.000645251
0.000971575 0.000644531

0.000965625 0.000685494
0.000965616 0.000685547

0.000965595 0.000685547
0.000964581 0.000691406

0.000964604 0.000691406
0.000963573 0.000697266

0.000963573 0.000697266
0.000962478 0.000703125

0.000962478 0.000703125
0.00096132 0.000708984

0.000961322 0.000708984
0.0009601 0.000714844

0.000959766 0.000716288
0.000958819 0.000720703

0.000958837 0.000720703
0.000957562 0.000726562

0.000959766 0.000716431
0.000960106 0.000714844

0.000953906 0.000741897
0.000953345 0.000744141

0.000953351 0.000744141
0.000951861 0.00075

0.000957573 0.000726562
0.000956241 0.000732422

0.000956238 0.000732422
0.000954833 0.000738281

0.000953906 0.000742025
0.000954842 0.000738281

0.000970085 0.00065625
0.00096929 0.000662109

0.00096929 0.000662109
0.000968448 0.000667969

0.000968449 0.000667969
0.000967557 0.000673828

0.000967557 0.000673828
0.000966613 0.000679687

0.000965625 0.000685493
0.000966615 0.000679687

0.000825 0.00102253
0.000823203 0.00102539

0.00082323 0.00102539
0.000819522 0.00103125

0.000778125 0.00109459
0.000777401 0.0010957

0.000777416 0.0010957
0.000773483 0.00110156

0.000766406 0.00111201
0.000765568 0.00111328

0.000760547 0.00112068
0.000757601 0.001125

0.000765573 0.00111328
0.000761595 0.00111914

0.000760547 0.0011207
0.000761589 0.00111914

0.000772266 0.00110337
0.000769536 0.00110742

0.000766406 0.00111206
0.000769542 0.00110742

0.000772266 0.00110339
0.000773483 0.00110156

0.000789844 0.00107696
0.000789091 0.00107812

0.000801563 0.00105909
0.000800629 0.00106055

0.000800665 0.00106055
0.000796832 0.00106641

0.000795703 0.00106812
0.000792983 0.00107227

0.000789844 0.00107704
0.000792997 0.00107227

0.000795703 0.00106815
0.00079684 0.00106641

0.000813281 0.00104097
0.000812006 0.00104297

0.000807422 0.00105014
0.000804479 0.00105469

0.000812044 0.00104297
0.000808268 0.00104883

0.000807422 0.00105017
0.000808277 0.00104883

0.000819141 0.00103185
0.000815796 0.00103711

0.000813281 0.00104108
0.000815827 0.00103711

0.000819141 0.00103187
0.000819526 0.00103125

0.000801562 0.0010592
0.0008045 0.00105469

0.000783984 0.00108586
0.000781331 0.00108984

0.000789116 0.00107812
0.000785232 0.00108398

0.000783984 0.00108588
0.000785237 0.00108398

0.000778125 0.00109465
0.00078134 0.00108984

0.0006375 0.00128706
0.000635842 0.00128906

0.000619922 0.00130765
0.000615653 0.0013125

0.000625781 0.0013009
0.000620807 0.00130664

0.000619922 0.00130765
0.000620806 0.00130664

0.000631641 0.00129403
0.000630888 0.00129492

0.0006309 0.00129492
0.000625888 0.00130078

0.000631641 0.00129405
0.000635845 0.00128906

0.000625781 0.00130091
0.000625888 0.00130078

0.000520312 0.00140537
0.000519241 0.00140625

0.000520313 0.00140539
0.000526172 0.0014005

0.000532031 0.0013955
0.000526296 0.00140039

0.000526172 0.0014005
0.000526298 0.00140039

0.000537891 0.0013904
0.000533146 0.00139453

0.00054375 0.00138522
0.000539824 0.00138867

0.000537891 0.0013904
0.00053986 0.00138867

0.000532031 0.0013955
0.000533157 0.00139453

0.000455859 0.0014529
0.000455501 0.00145312

0.000455859 0.00145291
0.000461719 0.00144904

0.000473437 0.00144103
0.000472888 0.00144141

0.000467578 0.00144508
0.000464344 0.00144727

0.000461719 0.00144904
0.00046436 0.00144727

0.000467578 0.00144509
0.000472917 0.00144141

0.000491016 0.00142838
0.000489208 0.00142969

0.000491016 0.00142838
0.000496875 0.00142397

0.000473438 0.00144104
0.000479297 0.00143691

0.000485156 0.00143269
0.000481188 0.00143555

0.000479297 0.0014369
0.00048122 0.00143555

0.000485156 0.00143269
0.000489243 0.00142969

0.00045 0.0014567
0.000455531 0.00145312

0.000508594 0.00141487
0.000504643 0.00141797

0.000502734 0.00141947
0.000497062 0.00142383

0.000496875 0.00142397
0.000497066 0.00142383

0.000502734 0.00141946
0.000504672 0.00141797

0.000514453 0.00141018
0.000512019 0.00141211

0.000508594 0.00141486
0.000512063 0.00141211

0.000514453 0.00141018
0.000519265 0.00140625

0.000573047 0.00135759
0.000571232 0.00135937

0.000578906 0.00135174
0.000577136 0.00135352

0.000573047 0.0013576
0.000577155 0.00135352

0.000584766 0.00134577
0.00058293 0.00134766

0.000590625 0.0013397
0.00058862 0.0013418

0.000584766 0.0013458
0.000588622 0.0013418

0.000578906 0.00135176
0.000582941 0.00134766

0.000549609 0.0013799
0.000546377 0.00138281

0.000555469 0.00137448
0.000552792 0.00137695

0.000549609 0.00137989
0.000552828 0.00137695

0.000561328 0.00136896
0.000559067 0.00137109

0.000567187 0.00136333
0.000565211 0.00136523

0.000561328 0.00136896
0.000565242 0.00136523

0.000555469 0.00137448
0.000559101 0.00137109

0.00054375 0.00138519
0.000546414 0.00138281

0.000567188 0.00136333
0.000571258 0.00135937

0.000596484 0.00133351
0.00059421 0.00133594

0.000602344 0.00132721
0.000599707 0.00133008

0.000596484 0.00133354
0.000599695 0.00133008

0.000608203 0.00132079
0.000605118 0.00132422

0.000614062 0.00131427
0.000610433 0.00131836

0.000608203 0.00132082
0.000610411 0.00131836

0.000602344 0.00132724
0.000605096 0.00132422

0.000590625 0.00133973
0.000594205 0.00133594

0.000614063 0.00131429
0.000615648 0.0013125

0.000725391 0.00117135
0.000725028 0.00117187

0.00073125 0.00116305
0.00072917 0.00116602

0.000725391 0.00117137
0.000729172 0.00116602

0.000696094 0.00121197
0.000695425 0.00121289

0.000695428 0.00121289
0.000691089 0.00121875

0.000701953 0.00120399
0.000699738 0.00120703

0.000707812 0.00119594
0.000704018 0.00120117

0.000701953 0.00120401
0.000704013 0.00120117

0.000696094 0.00121199
0.000699737 0.00120703

0.000719531 0.00117962
0.000716698 0.00118359

0.000713672 0.00118779
0.000712504 0.00118945

0.000712497 0.00118945
0.000708271 0.00119531

0.000713672 0.00118781
0.0007167 0.00118359

0.000725035 0.00117187
0.000720879 0.00117773

0.000719531 0.00117965
0.000720868 0.00117773

0.000707812 0.00119595
0.000708268 0.00119531

0.000655078 0.00126554
0.00065501 0.00126562

0.000660937 0.00125816
0.000659681 0.00125977

0.000655078 0.00126555
0.000659682 0.00125977

0.000684375 0.00122771
0.000682316 0.00123047

0.000678516 0.00123546
0.000677861 0.00123633

0.000677866 0.00123633
0.000673384 0.00124219

0.000678516 0.00123547
0.000682309 0.00123047

0.000666797 0.00125068
0.000664299 0.00125391

0.000672656 0.00124313
0.00066886 0.00124805

0.000666797 0.00125072
0.000668843 0.00124805

0.000660938 0.00125817
0.000664294 0.00125391

0.000672656 0.00124314
0.000673381 0.00124219

0.000649219 0.00127283
0.000645544 0.00127734

0.000643359 0.00127998
0.000640738 0.0012832

0.0006375 0.00128709
0.000640715 0.0012832

0.000643359 0.00128003
0.000645528 0.00127734

0.000655021 0.00126563
0.000650309 0.00127148

0.000649219 0.00127284
0.000650306 0.00127148

0.000690234 0.0012199
0.000686716 0.00122461

0.000684375 0.00122773
0.000686711 0.00122461

0.000690234 0.00121991
0.000691084 0.00121875

0.000742969 0.00114625
0.000741463 0.00114844

0.000754688 0.00112923
0.000753591 0.00113086

0.000753591 0.00113086
0.000749565 0.00113672

0.000748828 0.00113779
0.000745523 0.00114258

0.000742969 0.00114627
0.000745526 0.00114258

0.000748828 0.0011378
0.000749558 0.00113672

0.000737109 0.00115469
0.000733288 0.00116016

0.000741462 0.00114844
0.000737384 0.0011543

0.000737109 0.00115469
0.000737382 0.0011543

0.00073125 0.00116306
0.000733288 0.00116016

0.000754687 0.00112926
0.000757606 0.001125

0.00091875 0.000847653
0.00091793 0.000849609

0.00091795 0.000849609
0.000915455 0.000855469

0.000912891 0.000861358
0.000910313 0.000867187

0.000915485 0.000855469
0.000912938 0.000861328

0.000912891 0.000861439
0.00091294 0.000861328

0.000907031 0.000874433
0.00090497 0.000878906

0.000901172 0.000886958
0.000899418 0.000890625

0.000905002 0.000878906
0.000902259 0.000884766

0.000901172 0.000887127
0.000902301 0.000884766

0.000910348 0.000867187
0.000907712 0.000873047

0.000907031 0.000874571
0.000907733 0.000873047

0.000895312 0.000899011
0.000893661 0.000902344

0.000889453 0.000910654
0.000887708 0.000914062

0.000893694 0.000902344
0.000890741 0.000908203

0.000889453 0.00091082
0.000890793 0.000908203

0.000883594 0.000921951
0.000881573 0.000925781

0.000877734 0.000932937
0.000875255 0.0009375

0.000881606 0.000925781
0.000878463 0.000931641

0.000877734 0.000933037
0.000878493 0.000931641

0.000887743 0.000914062
0.000884693 0.000919922

0.000883594 0.000922095
0.00088474 0.000919922

0.00089945 0.000890625
0.0008966 0.000896484

0.000895312 0.000899184
0.00089665 0.000896484

0.000942187 0.000783725
0.000941738 0.000785156

0.000941739 0.000785156
0.000939867 0.000791016

0.000939897 0.000791016
0.000937981 0.000796875

0.000951884 0.00075
0.00095035 0.000755859

0.000950348 0.000755859
0.00094873 0.000761719

0.000948047 0.000764005
0.000947028 0.000767578

0.000947046 0.000767578
0.000945347 0.000773437

0.000948047 0.000764164
0.000948744 0.000761719

0.000945363 0.000773437
0.000943607 0.000779297

0.000942187 0.000783826
0.000943611 0.000779297

0.000930469 0.000818
0.000929608 0.000820312

0.000936328 0.000801612
0.000935943 0.000802734

0.00093594 0.000802734
0.000933894 0.000808594

0.000936328 0.000801693
0.000937982 0.000796875

0.000933924 0.000808594
0.000931833 0.000814453

0.000930469 0.000818155
0.000931847 0.000814453

0.000929626 0.000820312
0.000927406 0.000826172

0.000927432 0.000826172
0.000925153 0.000832031

0.000924609 0.000833299
0.000922777 0.000837891

0.000922805 0.000837891
0.000920427 0.00084375

0.000924609 0.000833429
0.000925167 0.000832031

0.00091875 0.000847807
0.000920451 0.00084375

0.000848438 0.000984267
0.000848375 0.000984375

0.000871875 0.000943636
0.000868764 0.000949219

0.000866016 0.000954006
0.000865411 0.000955078

0.000865458 0.000955078
0.000862111 0.000960937

0.000866016 0.000954164
0.000868807 0.000949219

0.000860156 0.000964266
0.000858699 0.000966797

0.000858745 0.000966797
0.000855326 0.000972656

0.000854297 0.000974383
0.000851868 0.000978516

0.000848437 0.000984321
0.00085189 0.000978516

0.000854297 0.00097447
0.000855363 0.000972656

0.000860156 0.000964439
0.000862173 0.000960937

0.000836719 0.00100367
0.000834179 0.00100781

0.000842578 0.000993976
0.0008413 0.000996094

0.00084839 0.000984375
0.000844882 0.000990234

0.000842578 0.000994136
0.000844932 0.000990234

0.000841351 0.000996094
0.000837779 0.00100195

0.000836719 0.00100373
0.000837807 0.00100195

0.000830859 0.00101306
0.000830492 0.00101367

0.000830556 0.00101367
0.000826902 0.00101953

0.000830859 0.00101321
0.000834204 0.00100781

0.000825 0.00102263
0.000826944 0.00101953

0.000875283 0.0009375
0.000872053 0.000943359

0.000871875 0.000943692
0.000872059 0.000943359

-8.71523e-05 0.0015
-8.32031e-05 0.00150343

-8.32031e-05 0.00150351
-8.03314e-05 0.00150586

-8.0296e-05 0.00150586
-7.73438e-05 0.00150822

-7.73438e-05 0.00150829
-7.28689e-05 0.00151172

-7.28546e-05 0.00151172
-7.14844e-05 0.00151274

-7.14844e-05 0.00151276
-6.5625e-05 0.00151695

-6.5625e-05 0.00151697
-6.47093e-05 0.00151758

-6.46445e-05 0.00151758
-5.97656e-05 0.00152084

-5.97656e-05 0.00152087
-5.56593e-05 0.00152344

-5.56028e-05 0.00152344
-5.39063e-05 0.00152449

-5.39063e-05 0.00152451
-4.80469e-05 0.00152792

-4.80469e-05 0.00152795
-4.55819e-05 0.0015293

-4.54909e-05 0.0015293
-4.21875e-05 0.0015311

-4.21875e-05 0.00153112
-3.63281e-05 0.0015341

-3.63281e-05 0.00153412
-3.41398e-05 0.00153516

-3.40605e-05 0.00153516
-3.04688e-05 0.00153686

-3.04688e-05 0.00153687
-2.46094e-05 0.00153946

-2.46094e-05 0.00153947
-2.08316e-05 0.00154102

-2.07954e-05 0.00154102
-1.875e-05 0.00154185

-1.875e-05 0.00154185
-1.28906e-05 0.00154408

-1.28906e-05 0.00154409
-7.03125e-06 0.00154617

-7.03125e-06 0.00154617
-4.87351e-06 0.00154687

-4.82013e-06 0.00154687
-1.17187e-06 0.00154806

-1.17187e-06 0.00154807
4.6875e-06 0.00154984

4.6875e-06 0.00154984
1.05469e-05 0.00155148

1.05469e-05 0.00155148
1.54537e-05 0.00155273

1.54619e-05 0.00155273
1.64062e-05 0.00155298

1.64063e-05 0.00155297
2.22656e-05 0.00155434

2.22656e-05 0.00155434
2.8125e-05 0.0015556

2.8125e-05 0.0015556
3.39844e-05 0.00155674

3.39844e-05 0.00155674
3.98437e-05 0.00155777

3.98438e-05 0.00155777
4.50617e-05 0.00155859

4.50652e-05 0.00155859
4.57031e-05 0.00155869

4.57031e-05 0.00155869
5.15625e-05 0.00155952

5.15625e-05 0.00155952
5.74219e-05 0.00156025

5.74219e-05 0.00156024
6.32812e-05 0.00156088

6.32813e-05 0.00156088
6.91406e-05 0.00156142

6.91406e-05 0.00156142
7.5e-05 0.00156187

7.5e-05 0.00156187
8.08594e-05 0.00156224

8.08594e-05 0.00156224
8.67187e-05 0.00156253

8.67188e-05 0.00156253
9.25781e-05 0.00156273

9.25781e-05 0.00156273
9.84375e-05 0.00156285

9.84375e-05 0.00156285
0.000104297 0.0015629

0.000104297 0.0015629
0.000110156 0.00156287

0.000110156 0.00156287
0.000116016 0.00156277

0.000116016 0.00156277
0.000121875 0.00156259

0.000121875 0.00156259
0.000127734 0.00156235

0.000127734 0.00156235
0.000133594 0.00156204

0.000133594 0.00156204
0.000139453 0.00156167

0.000139453 0.00156167
0.000145312 0.00156123

0.000145312 0.00156123
0.000151172 0.00156072

0.000151172 0.00156072
0.000157031 0.00156016

0.000157031 0.00156016
0.000162891 0.00155954

0.000162891 0.00155954
0.00016875 0.00155885

0.000174609 0.00155811
0.000170805 0.00155859

0.000174609 0.00155811
0.000180469 0.00155731

0.00016875 0.00155885
0.000170816 0.00155859

0.000180469 0.00155731
0.000186328 0.00155646

0.000186328 0.00155646
0.000192187 0.00155554

0.000192187 0.00155554
0.000198047 0.00155457

0.000198047 0.00155458
0.000203906 0.00155355

0.000209766 0.00155246
0.000208303 0.00155273

0.000203906 0.00155355
0.000208343 0.00155273

0.000209766 0.00155247
0.000215625 0.00155133

0.000239062 0.00154622
0.000236247 0.00154687

0.000239062 0.00154622
0.000244922 0.00154481

0.000244922 0.00154481
0.000250781 0.00154333

0.000250781 0.00154333
0.000256641 0.00154181

0.0002625 0.00154022
0.00025955 0.00154102

0.000256641 0.00154181
0.000259578 0.00154102

0.000215625 0.00155133
0.000221484 0.00155014

0.000221484 0.00155014
0.000227344 0.00154889

0.000227344 0.00154889
0.000233203 0.00154759

0.000233203 0.00154759
0.000236276 0.00154687

0.0002625 0.00154022
0.000268359 0.00153858

0.000268359 0.00153858
0.000274219 0.00153688

0.000280078 0.00153511
0.000279928 0.00153516

0.000280078 0.00153513
0.000285937 0.00153331

0.000274219 0.00153688
0.000279984 0.00153516

0.000285937 0.00153331
0.000291797 0.00153144

0.000291797 0.00153145
0.000297656 0.00152952

0.000303516 0.00152753
0.000298305 0.0015293

0.000297656 0.00152952
0.000298313 0.0015293

0.000303516 0.00152753
0.000309375 0.00152549

0.000315234 0.00152337
0.000315036 0.00152344

0.000315234 0.00152338
0.000321094 0.00152122

0.000321094 0.00152122
0.000326953 0.00151899

0.000332812 0.0015167
0.000330562 0.00151758

0.000326953 0.001519
0.000330593 0.00151758

0.000309375 0.00152549
0.000315088 0.00152344

0.000332812 0.00151671
0.000338672 0.00151436

0.000338672 0.00151436
0.000344531 0.00151194

0.000350391 0.00150946
0.000345062 0.00151172

0.000350391 0.00150947
0.00035625 0.00150692

0.000344531 0.00151195
0.000345067 0.00151172

0.000362109 0.00150431
0.000358631 0.00150586

0.00035625 0.00150693
0.000358649 0.00150586

0.000362109 0.00150431
0.000367969 0.00150164

0.000367969 0.00150164
0.000371475 0.0015

