0.003825 0.00215559
0.00382485 0.00215625

0.00382484 0.00215625
0.00382363 0.00216211

0.00382363 0.00216211
0.00382255 0.00216797

0.00382256 0.00216797
0.00382161 0.00217383

0.00382161 0.00217383
0.0038208 0.00217969

0.0038208 0.00217969
0.00382011 0.00218555

0.00382011 0.00218555
0.00381955 0.00219141

0.00381914 0.00219704
0.00381912 0.00219727

0.00381912 0.00219727
0.00381882 0.00220312

0.00381914 0.00219703
0.00381956 0.00219141

0.00381882 0.00220312
0.00381865 0.00220898

0.00381865 0.00220898
0.00381862 0.00221484

0.00381862 0.00221484
0.00381873 0.0022207

0.00381873 0.0022207
0.00381897 0.00222656

0.00381897 0.00222656
0.00381914 0.00222916

0.00381914 0.00222917
0.00381936 0.00223242

0.00381936 0.00223242
0.00381989 0.00223828

0.00381989 0.00223828
0.00382058 0.00224414

0.00382058 0.00224414
0.00382143 0.00225

0.00403008 0.00187424
0.00402909 0.001875

0.00403008 0.00187423
0.00403594 0.00186974

0.00404766 0.00186101
0.00404458 0.00186328

0.0040418 0.00186534
0.00403674 0.00186914

0.00403594 0.00186974
0.00403674 0.00186914

0.0040418 0.00186533
0.00404458 0.00186328

0.00405352 0.00185675
0.00405258 0.00185742

0.00404766 0.00186099
0.00405256 0.00185742

0.00405352 0.00185673
0.00405937 0.00185254

0.00410039 0.0018249
0.00409537 0.00182812

0.00410625 0.00182119
0.00410455 0.00182227

0.00410039 0.00182489
0.00410452 0.00182227

0.00406523 0.00184841
0.00406076 0.00185156

0.00407109 0.00184435
0.00406912 0.0018457

0.00406523 0.0018484
0.00406911 0.0018457

0.00408281 0.00183638
0.00407767 0.00183984

0.00407109 0.00184433
0.00407695 0.00184032

0.00407695 0.00184032
0.00407767 0.00183984

0.00405937 0.00185252
0.00406076 0.00185156

0.00408867 0.00183251
0.00408644 0.00183398

0.00408281 0.00183637
0.00408641 0.00183398

0.00408867 0.00183249
0.00409453 0.00182866

0.00409453 0.00182865
0.00409537 0.00182812

0.00417656 0.0017806
0.00417534 0.00178125

0.00417656 0.00178058
0.00418242 0.00177751

0.00418828 0.00177449
0.00418655 0.00177539

0.00418242 0.0017775
0.0041865 0.00177539

0.0042 0.00176856
0.00419807 0.00176953

0.00418828 0.00177447
0.00419414 0.00177149

0.00419414 0.00177148
0.00419802 0.00176953

0.00411797 0.00181391
0.00411392 0.00181641

0.00410625 0.00182117
0.00411211 0.00181751

0.00411211 0.00181751
0.0041139 0.00181641

0.00412383 0.00181037
0.00412354 0.00181055

0.00411797 0.0018139
0.0041235 0.00181055

0.00412383 0.00181035
0.00412969 0.00180685

0.00413555 0.00180341
0.00413338 0.00180469

0.00413555 0.00180339
0.00414141 0.00179999

0.00414727 0.00179665
0.00414346 0.00179883

0.00414141 0.00179999
0.00414343 0.00179883

0.00414727 0.00179663
0.00415312 0.00179333

0.00412969 0.00180684
0.00413334 0.00180469

0.00415898 0.00179008
0.00415379 0.00179297

0.00416484 0.00178689
0.00416443 0.00178711

0.00415898 0.00179007
0.00416438 0.00178711

0.00415312 0.00179333
0.00415377 0.00179297

0.00416484 0.00178687
0.0041707 0.0017837

0.0041707 0.00178369
0.00417529 0.00178125

0.00387187 0.00204272
0.00387051 0.00204492

0.00387049 0.00204492
0.003867 0.00205078

0.00386602 0.00205252
0.00386365 0.00205664

0.00386363 0.00205664
0.00386039 0.0020625

0.00386602 0.0020525
0.003867 0.00205078

0.00389531 0.0020081
0.0038941 0.00200977

0.00389406 0.00200977
0.00388982 0.00201563

0.00391875 0.00197868
0.00391724 0.00198047

0.00391289 0.00198567
0.00391235 0.00198633

0.00391232 0.00198633
0.00390756 0.00199219

0.00391289 0.00198564
0.00391721 0.00198047

0.00390117 0.00200034
0.00389844 0.00200391

0.00390703 0.00199286
0.00390293 0.00199805

0.00390117 0.00200035
0.00390292 0.00199805

0.00389531 0.00200808
0.00389843 0.00200391

0.00390703 0.00199285
0.00390756 0.00199219

0.00388359 0.0020246
0.00388173 0.00202734

0.00387773 0.00203338
0.00387411 0.00203906

0.00388171 0.00202734
0.00387785 0.0020332

0.00387773 0.00203338
0.00387785 0.0020332

0.00388945 0.00201615
0.00388571 0.00202148

0.00388359 0.00202458
0.0038857 0.00202148

0.00388945 0.00201615
0.00388982 0.00201562

0.00387187 0.00204269
0.00387411 0.00203906

0.00393047 0.00196531
0.00392742 0.00196875

0.00394219 0.00195269
0.00393812 0.00195703

0.00393633 0.00195891
0.0039327 0.00196289

0.00393047 0.00196532
0.00393266 0.00196289

0.00393633 0.00195893
0.00393809 0.00195703

0.00395391 0.00194073
0.00394936 0.00194531

0.00396562 0.00192933
0.00396116 0.00193359

0.00395977 0.00193497
0.00395519 0.00193945

0.00395391 0.00194073
0.00395519 0.00193945

0.00395977 0.00193496
0.00396117 0.00193359

0.00394805 0.00194664
0.00394368 0.00195117

0.00394219 0.00195271
0.00394365 0.00195117

0.00394805 0.00194664
0.00394935 0.00194531

0.00397734 0.00191842
0.00397354 0.00192187

0.00398906 0.00190793
0.00398652 0.00191016

0.0039832 0.00191312
0.00397995 0.00191602

0.00397734 0.00191838
0.00397997 0.00191602

0.0039832 0.00191308
0.00398654 0.00191016

0.00400078 0.00189786
0.00400009 0.00189844

0.00400078 0.00189784
0.00400664 0.00189295

0.0040125 0.00188815
0.0040071 0.00189258

0.00400664 0.00189295
0.00400709 0.00189258

0.00399492 0.00190285
0.00399323 0.0019043

0.00398906 0.00190791
0.00399324 0.0019043

0.00399492 0.00190283
0.00400008 0.00189844

0.00397148 0.00192382
0.00396727 0.00192773

0.00396562 0.00192931
0.00396729 0.00192773

0.00397148 0.00192379
0.00397356 0.00192187

0.00392461 0.0019719
0.00392226 0.00197461

0.00391875 0.00197867
0.00392222 0.00197461

0.00392461 0.00197191
0.00392736 0.00196875

0.00384844 0.00208635
0.00384598 0.0020918

0.00384597 0.0020918
0.00384345 0.00209766

0.00384258 0.00209983
0.00384106 0.00210352

0.00384104 0.00210352
0.00383876 0.00210937

0.00384258 0.00209981
0.00384346 0.00209766

0.0038543 0.0020742
0.00385429 0.00207422

0.00386016 0.00206294
0.00385727 0.00206836

0.0038543 0.00207415
0.00385727 0.00206836

0.00385426 0.00207422
0.00385138 0.00208008

0.00385138 0.00208008
0.00384862 0.00208594

0.00386016 0.00206294
0.00386039 0.0020625

0.00384844 0.00208635
0.00384862 0.00208594

0.00383672 0.00211499
0.00383663 0.00211523

0.00383661 0.00211523
0.00383456 0.00212109

0.00383455 0.00212109
0.00383262 0.00212695

0.00383086 0.00213277
0.00383264 0.00212695

0.00383672 0.00211495
0.00383877 0.00210937

0.00383085 0.00213281
0.00382915 0.00213867

0.00382914 0.00213867
0.00382757 0.00214453

0.00382757 0.00214453
0.00382614 0.00215039

0.003825 0.00215556
0.00382616 0.00215039

0.00401836 0.00188343
0.00401427 0.00188672

0.00402422 0.00187882
0.00402158 0.00188086

0.00401836 0.00188341
0.0040216 0.00188086

0.0040125 0.00188814
0.00401427 0.00188672

0.00402422 0.00187878
0.00402908 0.001875

0.00382143 0.00225
0.00382243 0.00225586

0.00382243 0.00225586
0.00382359 0.00226172

0.00382358 0.00226172
0.00382491 0.00226758

0.00382489 0.00226758
0.003825 0.00226799

0.003825 0.00226798
0.00382642 0.00227344

0.00382644 0.00227344
0.00382816 0.0022793

0.00382815 0.0022793
0.00383003 0.00228516

0.00383 0.00228516
0.00383086 0.00228753

0.00383086 0.00228751
0.00383212 0.00229102

0.00383215 0.00229102
0.00383449 0.00229687

0.00383446 0.00229687
0.00383672 0.00230207

0.00383672 0.00230207
0.00383701 0.00230273

0.00383702 0.00230273
0.00383983 0.00230859

0.0038398 0.00230859
0.00384258 0.00231389

0.00384258 0.00231388
0.00384288 0.00231445

0.00384289 0.00231445
0.00384623 0.00232031

0.00384619 0.00232031
0.00384844 0.00232392

0.00384844 0.00232389
0.00384986 0.00232617

0.00384987 0.00232617
0.00385385 0.00233203

0.00385383 0.00233203
0.0038543 0.00233269

0.0038543 0.00233267
0.00385814 0.00233789

0.00385817 0.00233789
0.00386016 0.00234045

0.00386016 0.0023404
0.00386285 0.00234375

0.00386289 0.00234375
0.00386602 0.0023474

0.00386602 0.00234737
0.00386801 0.00234961

0.00386804 0.00234961
0.00387187 0.00235368

0.00387187 0.00235369
0.00387364 0.00235547

0.00387365 0.00235547
0.00387773 0.00235939

0.00387773 0.00235942
0.00387983 0.00236133

0.00387983 0.00236133
0.00388359 0.00236461

0.00388359 0.00236469
0.00388665 0.00236719

0.00388666 0.00236719
0.00388945 0.00236941

0.00388945 0.00236948
0.00389417 0.00237305

0.00389422 0.00237305
0.00389531 0.00237384

0.00389531 0.00237388
0.00390117 0.00237796

0.00390117 0.00237799
0.0039026 0.00237891

0.00390267 0.00237891
0.00390703 0.00238172

0.00390703 0.00238175
0.00391212 0.00238477

0.00391219 0.00238477
0.00391289 0.00238517

0.00391289 0.00238519
0.00391875 0.00238839

0.00391875 0.00238842
0.0039231 0.00239062

0.00392319 0.00239062
0.00392461 0.00239134

0.00392461 0.00239136
0.00393047 0.00239409

0.00393047 0.0023941
0.00393602 0.00239648

0.00393606 0.00239648
0.00393633 0.0023966

0.00393633 0.0023966
0.00394219 0.0023989

0.00394219 0.0023989
0.00394805 0.00240102

0.00394805 0.00240103
0.00395205 0.00240234

0.00395214 0.00240234
0.00395391 0.00240292

0.00395391 0.00240293
0.00395977 0.00240468

0.00395977 0.00240468
0.00396562 0.00240626

0.00396562 0.00240626
0.00397148 0.00240768

0.00397148 0.00240769
0.00397389 0.0024082

0.00397398 0.0024082
0.00397734 0.00240893

0.00397734 0.00240893
0.0039832 0.00241004

0.0039832 0.00241004
0.00398906 0.00241102

0.00398906 0.00241102
0.00399492 0.00241185

0.00399492 0.00241185
0.00400078 0.00241255

0.00400078 0.00241255
0.00400664 0.00241311

0.00400664 0.00241311
0.0040125 0.00241355

0.0040125 0.00241355
0.00401836 0.00241386

0.00401836 0.00241386
0.00402422 0.00241405

0.00402422 0.00241405
0.00402496 0.00241406

0.00402516 0.00241406
0.00403008 0.00241412

0.00403008 0.00241412
0.00403594 0.00241408

0.0040418 0.00241393
0.00403664 0.00241406

0.0040418 0.00241393
0.00404766 0.00241366

0.00404766 0.00241366
0.00405352 0.00241328

0.00405352 0.00241328
0.00405937 0.0024128

0.00403594 0.00241408
0.00403667 0.00241406

0.00405937 0.0024128
0.00406523 0.00241221

0.00406523 0.00241221
0.00407109 0.00241152

0.00407109 0.00241152
0.00407695 0.00241073

0.00407695 0.00241073
0.00408281 0.00240983

0.00408281 0.00240983
0.00408867 0.00240884

0.00409453 0.00240774
0.00409206 0.0024082

0.00408867 0.00240885
0.00409212 0.0024082

0.00409453 0.00240775
0.00410039 0.00240656

0.00410039 0.00240656
0.00410625 0.00240527

0.00410625 0.00240527
0.00411211 0.00240389

0.00411211 0.00240389
0.00411797 0.00240242

0.00412383 0.00240085
0.00411825 0.00240234

0.00412383 0.00240085
0.00412969 0.0023992

0.00411797 0.00240242
0.00411827 0.00240234

0.00412969 0.0023992
0.00413555 0.00239745

0.00414141 0.00239562
0.00413863 0.00239648

0.00413555 0.00239746
0.00413866 0.00239648

0.00414141 0.00239562
0.00414727 0.0023937

0.00414727 0.0023937
0.00415312 0.00239169

0.00415898 0.0023896
0.0041561 0.00239062

0.00415898 0.0023896
0.00416484 0.00238742

0.00416484 0.00238743
0.0041707 0.00238517

0.00417656 0.00238283
0.00417171 0.00238477

0.0041707 0.00238517
0.00417172 0.00238477

0.00418828 0.0023779
0.00418593 0.00237891

0.00417656 0.00238283
0.00418242 0.00238041

0.00418242 0.00238041
0.00418596 0.00237891

0.00418828 0.00237791
0.00419414 0.00237534

0.0042 0.00237267
0.00419917 0.00237305

0.00419414 0.00237534
0.00419921 0.00237305

0.00415312 0.0023917
0.00415613 0.00239062

0.00511457 0
0.00511579 5.85937e-06

0.00511497 5.85938e-06
0.00511992 1.15205e-05

0.00511992 1.10242e-05
0.00512127 1.17187e-05

0.00512265 1.17187e-05
0.00512578 1.30295e-05

0.00513212 0
0.00513672 5.85937e-06

0.0051375 1.15535e-05
0.00513728 1.17187e-05

0.00512578 1.26912e-05
0.00513164 1.36353e-05

0.00513164 1.34747e-05
0.0051375 1.42853e-05

0.00514336 2.51219e-06
0.0051387 5.85937e-06

0.00514336 2.043e-06
0.00514417 0

0.0051375 1.42509e-05
0.00514336 1.5317e-05

0.00514336 1.53414e-05
0.00514922 1.66768e-05

0.00514922 1.66931e-05
0.00515246 1.75781e-05

0.0051528 1.75781e-05
0.00515508 1.82015e-05

0.00515508 1.8234e-05
0.00516094 2.01868e-05

0.00516094 2.02495e-05
0.0051668 2.24715e-05

0.0051668 2.24615e-05
0.00516909 2.34375e-05

0.0051693 2.34375e-05
0.00517266 2.48631e-05

0.00517266 2.49247e-05
0.00517852 2.77513e-05

0.00517852 2.77868e-05
0.00518139 2.92969e-05

0.00518146 2.92969e-05
0.00518437 3.0829e-05

0.00518437 3.08725e-05
0.00519023 3.41092e-05

0.00519023 3.41314e-05
0.00519208 3.51562e-05

0.00519203 3.51562e-05
0.00519609 3.74203e-05

0.00519609 3.7434e-05
0.00520195 4.05901e-05

0.00520195 4.05905e-05
0.00520279 4.10156e-05

0.00520274 4.10156e-05
0.00520781 4.3578e-05

0.00520781 4.35425e-05
0.00521367 4.63301e-05

0.00521367 4.63377e-05
0.00521487 4.6875e-05

0.00521482 4.6875e-05
0.00521953 4.89845e-05

0.00521953 4.89468e-05
0.00522539 5.14114e-05

0.00522539 5.14335e-05
0.00522873 5.27344e-05

0.0052286 5.27344e-05
0.00523125 5.37681e-05

0.00523416 0
0.00523711 4.3109e-06

0.00523711 2.93823e-06
0.00524297 1.18966e-06

0.00524297 2.75176e-06
0.00524516 0

0.00524883 1.25187e-06
0.0052539 0

0.00524883 3.4603e-05
0.00524814 3.51562e-05

0.00525469 3.36438e-05
0.00525064 3.51562e-05

0.00524818 3.51562e-05
0.00524686 4.10156e-05

0.00524683 4.10156e-05
0.00524883 4.37286e-05

0.00524883 3.84074e-05
0.00525085 3.51562e-05

0.00524883 4.25418e-05
0.00525469 4.4946e-05

0.00525491 0
0.00526055 7.35493e-07

0.0052644 0
0.00526641 3.64814e-06

0.00526641 4.17268e-07
0.00527175 5.85937e-06

0.00527227 4.00968e-06
0.00527812 5.4591e-06

0.00526055 3.48391e-05
0.00525733 3.51562e-05

0.00526055 3.34559e-05
0.00526641 3.4121e-05

0.0052579 3.51562e-05
0.00526055 3.61868e-05

0.00525469 4.25948e-05
0.00526055 4.13353e-05

0.00526641 3.86873e-05
0.00526515 4.10156e-05

0.00526055 4.17808e-05
0.00526347 4.10156e-05

0.00526641 3.32944e-05
0.00527191 3.51562e-05

0.00527812 3.51012e-05
0.00527702 3.51562e-05

0.00527088 3.51562e-05
0.00526895 4.10156e-05

0.0052776 3.51562e-05
0.00527257 4.10156e-05

0.0052733 4.10156e-05
0.00527812 4.36621e-05

0.00523125 5.37138e-05
0.00523711 5.57836e-05

0.00523711 5.57748e-05
0.00524297 5.77002e-05

0.00524297 5.77347e-05
0.00524596 5.85937e-05

0.0052458 5.85937e-05
0.00524883 5.94641e-05

0.00524883 5.93471e-05
0.00525469 6.08586e-05

0.00525469 6.07333e-05
0.00526055 6.25116e-05

0.00526055 6.27243e-05
0.00526606 6.44531e-05

0.00526556 6.44531e-05
0.00526641 6.47175e-05

0.00526641 6.46383e-05
0.00527227 6.59625e-05

0.00527227 6.59741e-05
0.00527812 6.66419e-05

0.00527812 4.36012e-06
0.00528398 5.29364e-06

0.00528398 5.18965e-06
0.0052875 5.85937e-06

0.00528838 5.85938e-06
0.00528984 6.01187e-06

0.0052957 5.45199e-06
0.00529503 5.85937e-06

0.00528984 6.73012e-06
0.00529272 5.85938e-06

0.00529977 0
0.00529589 5.85937e-06

0.0052957 5.90297e-06
0.00529577 5.85938e-06

0.00527812 3.49437e-05
0.00527974 3.51562e-05

0.00528398 3.49072e-05
0.00528438 3.51562e-05

0.00527896 3.51562e-05
0.00528398 3.7304e-05

0.00527812 4.47763e-05
0.00528398 4.37916e-05

0.00528446 3.51562e-05
0.00528649 4.10156e-05

0.00528398 4.43793e-05
0.00528631 4.10156e-05

0.00530156 4.63012e-05
0.00530079 4.6875e-05

0.00531287 5.85938e-06
0.00531328 6.62352e-06

0.00531328 1.68835e-06
0.00531788 5.85937e-06

0.00531328 6.77545e-06
0.00531914 8.64016e-06

0.0053229 0
0.00532474 5.85937e-06

0.00532251 5.85938e-06
0.005325 1.04209e-05

0.00532495 1.17187e-05
0.005325 1.17853e-05

0.00531328 3.37407e-05
0.00531244 3.51562e-05

0.00530742 4.57679e-05
0.00530628 4.6875e-05

0.00531221 3.51562e-05
0.00530921 4.10156e-05

0.00531304 4.10156e-05
0.00530829 4.6875e-05

0.00531328 2.89305e-05
0.00531914 2.50185e-05

0.00531328 3.35436e-05
0.00531914 3.15912e-05

0.00531951 2.34375e-05
0.00532223 2.92969e-05

0.00531914 3.00742e-05
0.00532034 3.51562e-05

0.00531328 3.77906e-05
0.00531914 3.61712e-05

0.00531914 3.71435e-05
0.005325 4.05904e-05

0.00527812 6.66961e-05
0.00528398 6.65757e-05

0.00528398 6.66329e-05
0.00528984 6.55016e-05

0.00530058 4.6875e-05
0.0053007 5.27344e-05

0.0052957 6.33242e-05
0.00529253 6.44531e-05

0.00528984 6.54239e-05
0.00529258 6.44531e-05

0.0052957 6.30329e-05
0.00530156 6.0773e-05

0.00530334 4.6875e-05
0.00530266 5.27344e-05

0.00530742 4.80403e-05
0.00530765 4.6875e-05

0.00530742 5.50379e-05
0.00531311 5.85937e-05

0.00530156 6.04116e-05
0.00530742 5.92955e-05

0.00530742 6.24148e-05
0.0053116 6.44531e-05

0.00531191 6.44531e-05
0.00531328 6.51165e-05

0.00531328 5.76144e-05
0.00531496 5.85937e-05

0.00531755 5.85937e-05
0.00531868 6.44531e-05

0.00531328 6.78256e-05
0.00531914 6.52574e-05

0.00531914 6.3127e-05
0.00531937 6.44531e-05

0.00531914 6.5478e-05
0.0053197 6.44531e-05

0.005325 5.40782e-06
0.00532501 5.85937e-06

0.005325 1.37611e-05
0.00532805 1.75781e-05

0.00532801 1.75781e-05
0.00533086 1.95944e-05

0.00533086 1.91604e-05
0.00533672 2.16612e-05

0.00533672 2.09182e-05
0.00534258 2.3236e-05

0.00534258 2.26314e-05
0.00534391 2.34375e-05

0.005325 4.01591e-05
0.00532672 4.10156e-05

0.00532766 4.10156e-05
0.00533086 4.24656e-05

0.00533086 4.25363e-05
0.00533672 4.58138e-05

0.00534256 2.34375e-05
0.00534258 2.34465e-05

0.00534399 2.34375e-05
0.00534844 2.79162e-05

0.00533672 4.65175e-05
0.00534012 4.6875e-05

0.00534844 4.19999e-05
0.00534384 4.6875e-05

0.00534844 2.77613e-05
0.00534936 2.92969e-05

0.00534911 2.92969e-05
0.00535032 3.51562e-05

0.00535006 3.51562e-05
0.0053485 4.10156e-05

0.00534844 4.21122e-05
0.00534902 4.10156e-05

0.00533672 4.76363e-05
0.00534258 4.82528e-05

0.00534258 4.86098e-05
0.00534558 4.6875e-05

0.00541875 3.1004e-05
0.00541546 3.51562e-05

0.00541289 3.88715e-05
0.00541144 4.10156e-05

0.00541151 4.10156e-05
0.00540784 4.6875e-05

0.00541289 3.90508e-05
0.00541563 3.51562e-05

0.00539531 6.9255e-05
0.00539471 7.03125e-05

0.00538359 8.77004e-05
0.00538347 8.78906e-05

0.00538346 8.78906e-05
0.00537958 9.375e-05

0.00538945 7.88987e-05
0.00538746 8.20312e-05

0.00539472 7.03125e-05
0.0053912 7.61719e-05

0.00538945 7.8997e-05
0.00539125 7.61719e-05

0.00538359 8.78516e-05
0.00538748 8.20312e-05

0.00538359 8.80545e-05
0.0053837 8.78906e-05

0.00540703 4.82839e-05
0.00540446 5.27344e-05

0.00540453 5.27344e-05
0.00540127 5.85937e-05

0.00540117 5.87968e-05
0.00539803 6.44531e-05

0.00539531 6.92664e-05
0.00539806 6.44531e-05

0.00540117 5.89819e-05
0.00540139 5.85937e-05

0.00540703 4.85505e-05
0.005408 4.6875e-05

0.00541289 7.58467e-05
0.00541227 7.61719e-05

0.00541241 7.61719e-05
0.00540739 8.20312e-05

0.00541289 7.57021e-05
0.00541875 7.61714e-05

0.00541605 7.61719e-05
0.00541875 7.69781e-05

0.00540705 8.20312e-05
0.00540987 8.78906e-05

0.0054093 8.78906e-05
0.00541289 9.0417e-05

0.00541289 9.09668e-05
0.00541875 8.92996e-05

0.00537187 0.000107824
0.00537046 0.000111328

0.00537052 0.000111328
0.00536884 0.000117187

0.00536884 0.000117187
0.00536782 0.000123047

0.00536782 0.000123047
0.00536746 0.000128906

0.00536745 0.000128906
0.00536774 0.000134766

0.00536772 0.000134766
0.00536874 0.000140625

0.0053687 0.000140625
0.00537058 0.000146484

0.00537057 0.000146484
0.00537187 0.00014932

0.00537773 9.65585e-05
0.00537588 9.96094e-05

0.00537593 9.96094e-05
0.0053729 0.000105469

0.00537773 9.68627e-05
0.00537962 9.375e-05

0.00537187 0.00010812
0.00537295 0.000105469

0.00537187 0.000149004
0.0053734 0.000152344

0.00537773 0.000145936
0.00537828 0.000146484

0.00537329 0.000152344
0.00537677 0.000158203

0.00537674 0.000158203
0.00537773 0.00015969

0.00537773 0.000159391
0.00538107 0.000164062

0.00538098 0.000164062
0.00538359 0.000167543

0.00538359 0.000166895
0.00538584 0.000169922

0.00538577 0.000169922
0.00538945 0.000175352

0.00538945 0.000175321
0.00538974 0.000175781

0.00538974 0.000175781
0.00539297 0.000181641

0.00539288 0.000181641
0.00539531 0.000186969

0.00539531 0.000187083
0.0053955 0.0001875

0.00543047 1.94391e-05
0.00542576 2.34375e-05

0.00543633 1.53568e-05
0.005433 1.75781e-05

0.00543047 1.98232e-05
0.00543373 1.75781e-05

0.00543633 1.53849e-05
0.00544219 1.26341e-05

0.00542461 2.45887e-05
0.00542018 2.92969e-05

0.00541875 3.14339e-05
0.00542055 2.92969e-05

0.00542461 2.50975e-05
0.00542638 2.34375e-05

0.00544805 1.1084e-05
0.00544591 1.17187e-05

0.00544805 1.11275e-05
0.00545391 9.92507e-06

0.00544219 1.2994e-05
0.00544648 1.17187e-05

0.00544805 1.17813e-05
0.00544835 1.17187e-05

0.00545391 9.96544e-06
0.00545977 9.36494e-06

0.00545977 9.4183e-06
0.00546562 9.23553e-06

0.00541875 7.60083e-05
0.00541901 7.61719e-05

0.00541894 7.61719e-05
0.00542269 8.20312e-05

0.00542199 8.20312e-05
0.00541924 8.78906e-05

0.00541875 8.80787e-05
0.00541892 8.78906e-05

0.00546562 9.22544e-06
0.00547148 9.37385e-06

0.00547148 9.32136e-06
0.00547734 9.92611e-06

0.00547734 9.88829e-06
0.0054832 1.11275e-05

0.0054832 1.10558e-05
0.00548532 1.17187e-05

0.00548294 1.17187e-05
0.0054832 1.17753e-05

0.00548472 1.17187e-05
0.00548906 1.30768e-05

0.00548906 1.27299e-05
0.00549492 1.56189e-05

0.00549492 1.55772e-05
0.00549784 1.75781e-05

0.00549718 1.75781e-05
0.00550078 2.01828e-05

0.00550078 1.99037e-05
0.00550484 2.34375e-05

0.00550431 2.34375e-05
0.00550664 2.56567e-05

0.00550664 2.54021e-05
0.00551047 2.92969e-05

0.00551016 2.92969e-05
0.0055125 3.16868e-05

0.00539544 0.0001875
0.00539798 0.000193359

0.00539793 0.000193359
0.00540065 0.000199219

0.00540065 0.000199219
0.00540117 0.000200177

0.00540117 0.000200381
0.00540373 0.000205078

0.0054037 0.000205078
0.00540703 0.000210035

0.00540703 0.000210136
0.00540758 0.000210937

0.00540754 0.000210937
0.0054125 0.000216797

0.0054126 0.000216797
0.00541289 0.000217103

0.00541289 0.000217229
0.0054187 0.000222656

0.00541881 0.000222656
0.00542461 0.000226931

0.00542461 0.000226911
0.00542736 0.000228516

0.00542743 0.000228516
0.00543047 0.000230289

0.00543047 0.000230274
0.00543633 0.000232945

0.00543633 0.000232939
0.0054405 0.000234375

0.00544056 0.000234375
0.00544219 0.000234934

0.00544219 0.000234936
0.00544805 0.000236345

0.00544805 0.000236337
0.00545391 0.000237181

0.00545391 0.000237179
0.00545977 0.000237479

0.00545977 0.000237477
0.00546562 0.000237239

0.0054832 0.000233372
0.00547995 0.000234375

0.0054832 0.000233347
0.00548906 0.000231072

0.00549492 0.000228396
0.00549466 0.000228516

0.00548906 0.000231089
0.00549468 0.000228516

0.00549492 0.000228326
0.00550078 0.000225348

0.00550664 0.000222211
0.00550581 0.000222656

0.00550664 0.000222126
0.0055125 0.000219049

0.00550078 0.000225356
0.00550584 0.000222656

0.00546562 0.000237236
0.00547148 0.000236469

0.00547148 0.000236463
0.00547734 0.000235184

0.00547734 0.000235223
0.00548009 0.000234375

0.0055125 3.15759e-05
0.00551618 3.51562e-05

0.00551594 3.51562e-05
0.00551836 3.73621e-05

0.00551836 3.72813e-05
0.00552297 4.10156e-05

0.00552275 4.10156e-05
0.00552422 4.21202e-05

0.00552422 4.19321e-05
0.00553008 4.60158e-05

0.00553008 4.59287e-05
0.00553155 4.6875e-05

0.0055315 4.6875e-05
0.00553594 4.97668e-05

0.00553594 4.96145e-05
0.00554061 5.27344e-05

0.00554037 5.27344e-05
0.0055418 5.36739e-05

0.0055418 5.34931e-05
0.00554766 5.78694e-05

0.00554766 5.78395e-05
0.00554859 5.85937e-05

0.00554853 5.85937e-05
0.00555352 6.28817e-05

0.00555352 6.28252e-05
0.00555524 6.44531e-05

0.00555518 6.44531e-05
0.00555937 6.87701e-05

0.00555937 6.87059e-05
0.00556083 7.03125e-05

0.00556079 7.03125e-05
0.00556523 7.5663e-05

0.00556523 7.56447e-05
0.00556565 7.61719e-05

0.00556563 7.61719e-05
0.0055699 8.20312e-05

0.00556982 8.20312e-05
0.00557109 8.40161e-05

0.00557109 8.38888e-05
0.00557366 8.78906e-05

0.00557362 8.78906e-05
0.00557694 9.375e-05

0.00557686 9.375e-05
0.00557695 9.39342e-05

0.00557695 9.37611e-05
0.00557985 9.96094e-05

0.00557984 9.96094e-05
0.00558233 0.000105469

0.0055823 0.000105469
0.00558281 0.000106913

0.00558281 0.000106795
0.00558443 0.000111328

0.00558443 0.000111328
0.00558612 0.000117187

0.00558612 0.000117187
0.0055874 0.000123047

0.0055874 0.000123047
0.00558826 0.000128906

0.00558826 0.000128906
0.00558867 0.000134395

0.00558867 0.000134388
0.0055887 0.000134766

0.0055887 0.000134766
0.0055887 0.000140625

0.00557109 0.000184835
0.00556867 0.0001875

0.00558281 0.000166399
0.00558122 0.000169922

0.00558123 0.000169922
0.00557788 0.000175781

0.00557695 0.000177149
0.00557377 0.000181641

0.00557109 0.000184827
0.00557373 0.000181641

0.00557695 0.000177145
0.00557785 0.000175781

0.00558867 0.000141035
0.00558824 0.000146484

0.00558825 0.000146484
0.0055873 0.000152344

0.00558867 0.000141026
0.0055887 0.000140625

0.00558731 0.000152344
0.00558584 0.000158203

0.00558585 0.000158203
0.00558383 0.000164062

0.00558281 0.000166304
0.00558382 0.000164062

0.00553594 0.000208483
0.00553026 0.000210937

0.00551836 0.000216188
0.00551712 0.000216797

0.0055125 0.000219081
0.00551713 0.000216797

0.00551836 0.000216159
0.00552422 0.000213466

0.00552422 0.000213516
0.00553008 0.000210984

0.00553008 0.000211004
0.00553023 0.000210937

0.00553594 0.000208517
0.0055418 0.000205855

0.00554766 0.000202939
0.00554342 0.000205078

0.0055418 0.00020592
0.00554346 0.000205078

0.00555937 0.000195592
0.0055541 0.000199219

0.00554766 0.000202979
0.00555352 0.000199568

0.00555352 0.000199589
0.0055541 0.000199219

0.00556523 0.000190794
0.00556215 0.000193359

0.00555937 0.000195581
0.00556222 0.000193359

0.00556523 0.000190759
0.00556862 0.0001875

0.00557109 0.000418782
0.00556917 0.000421875

0.00558281 0.000405688
0.00557787 0.000410156

0.00557695 0.000411136
0.00557284 0.000416016

0.00557109 0.00041892
0.00557292 0.000416016

0.00557695 0.000411135
0.00557788 0.000410156

0.00560039 0.000397332
0.00559682 0.000398437

0.00560039 0.000397337
0.00560625 0.00039635

0.00558867 0.000401809
0.00558493 0.000404297

0.00558281 0.000405587
0.00558473 0.000404297

0.00558867 0.000401845
0.00559453 0.000399099

0.00559453 0.000399101
0.00559667 0.000398437

0.00556523 0.000432018
0.00556473 0.000433594

0.00556928 0.000421875
0.0055666 0.000427734

0.00556523 0.000432131
0.00556663 0.000427734

0.00556478 0.000433594
0.00556365 0.000439453

0.00556365 0.000439453
0.00556317 0.000445312

0.00556318 0.000445312
0.00556333 0.000451172

0.00556333 0.000451172
0.00556411 0.000457031

0.00556411 0.000457031
0.00556523 0.000461594

0.00556523 0.000461637
0.00556554 0.000462891

0.00556553 0.000462891
0.0055677 0.00046875

0.00556767 0.00046875
0.00557068 0.000474609

0.00557074 0.000474609
0.00557109 0.00047518

0.00557109 0.000475342
0.00557464 0.000480469

0.00557473 0.000480469
0.00557695 0.000483103

0.00557695 0.00048319
0.00558 0.000486328

0.00558009 0.000486328
0.00558281 0.000488721

0.00558281 0.000488828
0.00558754 0.000492187

0.00558768 0.000492187
0.00558867 0.000492825

0.00558867 0.000492895
0.00559453 0.000495916

0.00559453 0.00049589
0.00560039 0.000497971

0.00560039 0.00049795
0.00560085 0.000498047

0.00560088 0.000498047
0.00560625 0.000499189

0.00560625 0.000396359
0.00561211 0.000396137

0.00561211 0.000396137
0.00561797 0.000396662

0.00561797 0.000396654
0.00562383 0.000397941

0.00562383 0.000397916
0.00562529 0.000398437

0.00562525 0.000398437
0.00562969 0.000400023

0.00562969 0.000399973
0.00563555 0.000403005

0.00563555 0.000402982
0.00563753 0.000404297

0.00563743 0.000404297
0.00564141 0.00040713

0.00564141 0.000407087
0.00564485 0.000410156

0.00564473 0.000410156
0.00564727 0.000412842

0.00564727 0.000412715
0.00564998 0.000416016

0.00564996 0.000416016
0.00565312 0.000420766

0.00565312 0.000420721
0.00565384 0.000421875

0.00565381 0.000421875
0.00565672 0.000427734

0.00565669 0.000427734
0.00565877 0.000433594

0.00565874 0.000433594
0.00565898 0.000434649

0.00565898 0.000434559
0.00566013 0.000439453

0.00566012 0.000439453
0.00566083 0.000445312

0.00566082 0.000445312
0.0056609 0.000451172

0.0056609 0.000451172
0.00566034 0.000457031

0.00565898 0.000463328
0.00565715 0.00046875

0.00566035 0.000457031
0.00565911 0.000462891

0.00565898 0.000463315
0.00565913 0.000462891

0.00560625 0.000499182
0.00561211 0.000499659

0.00561211 0.00049966
0.00561797 0.00049938

0.00561797 0.000499387
0.00562383 0.000498336

0.00562969 0.000496462
0.00562477 0.000498047

0.00562383 0.000498417
0.00562498 0.000498047

0.00564141 0.000489809
0.00563785 0.000492187

0.00565312 0.000476577
0.00565057 0.000480469

0.00564727 0.000484443
0.00564544 0.000486328

0.00564141 0.000489854
0.00564545 0.000486328

0.00564727 0.000484409
0.00565058 0.000480469

0.00562969 0.000496492
0.00563555 0.000493686

0.00563555 0.000493787
0.00563803 0.000492187

0.00565719 0.00046875
0.00565436 0.000474609

0.00565312 0.000476552
0.00565435 0.000474609

0.00422344 0.00175722
0.00422219 0.00175781

0.0042 0.00176855
0.00420586 0.00176565

0.00421172 0.00176281
0.00420995 0.00176367

0.00420586 0.00176564
0.00420989 0.00176367

0.00421172 0.00176279
0.00421758 0.00175998

0.00421758 0.00175997
0.00422213 0.00175781

0.00422344 0.00175721
0.0042293 0.00175447

0.00423516 0.0017518
0.00423482 0.00175195

0.0042293 0.00175446
0.00423476 0.00175195

0.00423516 0.00175179
0.00424102 0.00174914

0.00424102 0.00174912
0.00424687 0.00174651

0.00427617 0.00173407
0.00427543 0.00173437

0.00427617 0.00173406
0.00428203 0.00173168

0.00428203 0.00173166
0.00428789 0.00172932

0.00429375 0.00172704
0.00428998 0.00172852

0.00428789 0.00172932
0.00428994 0.00172852

0.00425273 0.00174396
0.00424786 0.00174609

0.00425273 0.00174394
0.00425859 0.00174141

0.00424687 0.00174651
0.00424782 0.00174609

0.00426445 0.00173893
0.00426139 0.00174023

0.00425859 0.0017414
0.00426134 0.00174023

0.00426445 0.00173892
0.00427031 0.00173646

0.00427031 0.00173645
0.00427536 0.00173437

0.00430547 0.00172255
0.00430518 0.00172266

0.00429375 0.00172703
0.00429961 0.00172476

0.00429961 0.00172475
0.00430511 0.00172266

0.00430547 0.00172254
0.00431133 0.00172034

0.00431133 0.00172034
0.00431719 0.00171817

0.00434062 0.00170992
0.00433765 0.00171094

0.00432305 0.00171607
0.00432104 0.0017168

0.00431719 0.00171817
0.00432098 0.0017168

0.00432305 0.00171606
0.00432891 0.00171398

0.00432891 0.00171397
0.00433477 0.00171191

0.00433477 0.00171191
0.0043376 0.00171094

0.00434062 0.00170991
0.00434648 0.00170793

0.00434648 0.00170792
0.00435234 0.00170597

0.0043582 0.00170408
0.00435513 0.00170508

0.00435234 0.00170597
0.00435508 0.00170508

0.0043582 0.00170408
0.00436406 0.0017022

0.00437578 0.00169855
0.0043736 0.00169922

0.00436406 0.00170219
0.00436992 0.00170034

0.00436992 0.00170033
0.00437354 0.00169922

0.00437578 0.00169854
0.00438164 0.00169677

0.00438164 0.00169676
0.0043875 0.00169501

0.0044168 0.0016868
0.00441418 0.0016875

0.0044168 0.00168679
0.00442266 0.00168525

0.00442266 0.00168525
0.00442852 0.00168373

0.00442852 0.00168372
0.00443437 0.00168223

0.00444023 0.0016808
0.00443683 0.00168164

0.00443437 0.00168223
0.00443678 0.00168164

0.00444023 0.0016808
0.00444609 0.00167938

0.00444609 0.00167938
0.00445195 0.00167798

0.00445195 0.00167797
0.00445781 0.0016766

0.00446367 0.00167528
0.00446149 0.00167578

0.00446367 0.00167528
0.00446953 0.00167397

0.00445781 0.0016766
0.00446142 0.00167578

0.00446953 0.00167397
0.00447539 0.00167267

0.00447539 0.00167267
0.00448125 0.00167139

0.00448125 0.00167138
0.00448711 0.00167012

0.00449297 0.00166889
0.00448808 0.00166992

0.00448711 0.00167012
0.00448805 0.00166992

0.00449297 0.00166889
0.00449883 0.00166765

0.00449883 0.00166765
0.00450469 0.00166642

0.00451641 0.00166397
0.00451594 0.00166406

0.00451641 0.00166396
0.00452227 0.00166275

0.00452227 0.00166275
0.00452813 0.00166155

0.00450469 0.00166641
0.00451055 0.00166518

0.00451055 0.00166517
0.00451589 0.00166406

0.00452812 0.00166155
0.00453398 0.00166036

0.00453398 0.00166035
0.00453984 0.00165918

0.0045457 0.00165805
0.00454492 0.0016582

0.00453984 0.00165918
0.00454488 0.0016582

0.0045457 0.00165805
0.00455156 0.00165695

0.00455156 0.00165695
0.00455742 0.0016559

0.00455742 0.0016559
0.00456328 0.00165491

0.00456328 0.00165491
0.00456914 0.00165399

0.00456914 0.00165398
0.004575 0.00165315

0.00439336 0.00169332
0.00439321 0.00169336

0.0043875 0.001695
0.00439314 0.00169336

0.00439336 0.00169331
0.00439922 0.00169164

0.00439922 0.00169164
0.00440508 0.00168998

0.00440508 0.00168998
0.00441094 0.00168836

0.00441094 0.00168836
0.00441413 0.0016875

0.00440508 0.00224796
0.00440205 0.00225

0.00441094 0.002244
0.00441073 0.00224414

0.00440508 0.00224796
0.00441075 0.00224414

0.00442266 0.00223614
0.00441947 0.00223828

0.00441094 0.00224401
0.0044168 0.00224007

0.0044168 0.00224007
0.00441947 0.00223828

0.00442852 0.00223221
0.00442819 0.00223242

0.00442266 0.00223614
0.00442821 0.00223242

0.00442852 0.00223222
0.00443437 0.00222831

0.00447539 0.00220122
0.00447248 0.00220312

0.00447539 0.00220122
0.00448125 0.0021974

0.00444023 0.0022244
0.00443699 0.00222656

0.00444609 0.0022205
0.00444578 0.0022207

0.00444023 0.0022244
0.0044458 0.0022207

0.00445781 0.00221276
0.00445465 0.00221484

0.00444609 0.00222051
0.00445195 0.00221663

0.00445195 0.00221662
0.00445465 0.00221484

0.00443437 0.0022283
0.00443699 0.00222656

0.00446367 0.00220889
0.00446352 0.00220898

0.00445781 0.00221275
0.00446354 0.00220898

0.00446367 0.0022089
0.00446953 0.00220505

0.00446953 0.00220505
0.00447247 0.00220312

0.0045457 0.00215602
0.00454532 0.00215625

0.0045457 0.00215602
0.00455156 0.0021523

0.00455742 0.00214857
0.00455456 0.00215039

0.00455156 0.00215229
0.00455455 0.00215039

0.00455742 0.00214857
0.00456328 0.00214485

0.00456914 0.00214113
0.00456378 0.00214453

0.004575 0.0021374
0.004573 0.00213867

0.00456914 0.00214112
0.00457299 0.00213867

0.00456328 0.00214484
0.00456379 0.00214453

0.00449297 0.00218979
0.00449048 0.00219141

0.00448711 0.00219359
0.00448145 0.00219727

0.00448125 0.00219739
0.00448145 0.00219727

0.00448711 0.00219358
0.00449047 0.00219141

0.00449297 0.00218979
0.00449883 0.002186

0.00450469 0.00218223
0.00449954 0.00218555

0.00449883 0.002186
0.00449954 0.00218555

0.00451055 0.00217846
0.00450864 0.00217969

0.00451055 0.00217846
0.00451641 0.0021747

0.00452813 0.00216722
0.00452693 0.00216797

0.00452227 0.00217096
0.00451778 0.00217383

0.00451641 0.0021747
0.00451778 0.00217383

0.00452227 0.00217095
0.00452694 0.00216797

0.00450469 0.00218222
0.00450863 0.00217969

0.00452812 0.00216721
0.00453398 0.00216348

0.00453984 0.00215975
0.00453614 0.00216211

0.00453398 0.00216347
0.00453613 0.00216211

0.00453984 0.00215974
0.00454534 0.00215625

0.00458672 0.0016518
0.00458165 0.00165234

0.004575 0.00165315
0.00458086 0.00165242

0.00458086 0.00165243
0.00458162 0.00165234

0.00458672 0.0016518
0.00459258 0.00165126

0.00459258 0.00165126
0.00459844 0.00165082

0.00459844 0.00165082
0.0046043 0.00165048

0.0046043 0.00165049
0.00461016 0.00165025

0.00461016 0.00165025
0.00461602 0.00165011

0.00461602 0.00165012
0.00462188 0.00165006

0.00462187 0.00165006
0.00462773 0.00165006

0.00462773 0.00165006
0.00463359 0.00165009

0.00463359 0.0016501
0.00463945 0.00165011

0.00463945 0.00165012
0.00464531 0.00165009

0.00464531 0.0016501
0.00465117 0.00164997

0.00465117 0.00164998
0.00465703 0.00164972

0.00465703 0.00164973
0.00466289 0.00164928

0.00466289 0.00164929
0.00466875 0.0016486

0.00469805 0.00164038
0.00469742 0.00164062

0.00469805 0.00164046
0.00470391 0.00163786

0.00470391 0.00163792
0.00470977 0.00163507

0.00471563 0.00163192
0.00471018 0.00163477

0.00470977 0.00163508
0.00471036 0.00163477

0.00466875 0.00164861
0.00467461 0.00164765

0.00468047 0.00164632
0.00467973 0.00164648

0.00467461 0.00164767
0.00467994 0.00164648

0.00468047 0.00164634
0.00468633 0.00164472

0.00468633 0.00164472
0.00469219 0.0016428

0.00469219 0.00164286
0.00469787 0.00164062

0.00472148 0.00162866
0.00472104 0.00162891

0.00472148 0.00162871
0.00472734 0.00162541

0.00471562 0.00163197
0.00472123 0.00162891

0.0047332 0.00162207
0.00473149 0.00162305

0.00472734 0.00162545
0.00473158 0.00162305

0.0047332 0.00162208
0.00473906 0.00161875

0.00474492 0.00161546
0.00474185 0.00161719

0.00474492 0.00161543
0.00475078 0.00161221

0.00475664 0.0016091
0.00475246 0.00161133

0.00475078 0.00161221
0.00475242 0.00161133

0.00475664 0.00160906
0.0047625 0.00160605

0.00473906 0.00161876
0.00474185 0.00161719

0.0047918 0.0015931
0.00479013 0.00159375

0.0047918 0.00159308
0.00479766 0.00159092

0.00479766 0.00159089
0.00480352 0.00158888

0.00480937 0.00158707
0.00480675 0.00158789

0.00480352 0.00158887
0.00480663 0.00158789

0.00480937 0.00158705
0.00481523 0.00158535

0.00481523 0.00158535
0.00482109 0.00158377

0.00483281 0.0015811
0.00482845 0.00158203

0.00482109 0.00158374
0.00482695 0.00158232

0.00482695 0.00158233
0.00482837 0.00158203

0.00483281 0.00158109
0.00483867 0.00157997

0.00483867 0.00157997
0.00484453 0.00157896

0.00484453 0.00157896
0.00485039 0.00157808

0.00485039 0.00157807
0.00485625 0.00157734

0.00476836 0.0016032
0.00476375 0.00160547

0.00476836 0.00160317
0.00477422 0.00160042

0.0047625 0.00160605
0.00476368 0.00160547

0.00478008 0.00159785
0.00477611 0.00159961

0.00477422 0.00160041
0.00477603 0.00159961

0.00478008 0.00159783
0.00478594 0.00159536

0.00478594 0.00159534
0.00479 0.00159375

0.00485625 0.00157733
0.00486211 0.00157675

0.00486211 0.00157676
0.00486797 0.00157634

0.00487383 0.00157606
0.00487156 0.00157617

0.00486797 0.00157635
0.00487153 0.00157617

0.00487383 0.00157605
0.00487969 0.00157586

0.00487969 0.00157586
0.00488555 0.0015758

0.00488555 0.0015758
0.00489141 0.00157588

0.00489141 0.00157588
0.00489727 0.00157611

0.00489727 0.0015761
0.00489833 0.00157617

0.00489831 0.00157617
0.00490312 0.00157649

0.00490312 0.0015765
0.00490898 0.00157704

0.00490898 0.00157704
0.00491484 0.00157772

0.00491484 0.00157772
0.0049207 0.00157853

0.0049207 0.00157853
0.00492656 0.00157947

0.00492656 0.00157946
0.00493242 0.00158055

0.00493242 0.00158055
0.00493828 0.00158181

0.00493828 0.00158181
0.0049392 0.00158203

0.00493913 0.00158203
0.00494414 0.00158325

0.00494414 0.00158325
0.00495 0.00158482

0.00469219 0.00206038
0.00468906 0.0020625

0.00469805 0.00205639
0.00469767 0.00205664

0.00469219 0.00206038
0.0046977 0.00205664

0.00469805 0.00205641
0.00470391 0.00205243

0.00470977 0.00204846
0.00470634 0.00205078

0.00471563 0.00204446
0.00471493 0.00204492

0.00470977 0.00204847
0.00471496 0.00204492

0.00470391 0.00205243
0.00470635 0.00205078

0.00475664 0.0020142
0.00475489 0.00201563

0.0047625 0.00200924
0.00476188 0.00200977

0.00475664 0.00201422
0.0047619 0.00200977

0.00472734 0.00203636
0.00472347 0.00203906

0.0047332 0.0020322
0.00473176 0.0020332

0.00472734 0.00203637
0.0047318 0.0020332

0.0047332 0.00203221
0.00473906 0.00202794

0.00471562 0.00204447
0.00472148 0.00204044

0.00472148 0.00204044
0.00472349 0.00203906

0.00474492 0.00202353
0.00473986 0.00202734

0.00475078 0.00201897
0.00474754 0.00202148

0.00474492 0.00202352
0.00474759 0.00202148

0.00473906 0.00202794
0.00473987 0.00202734

0.00475078 0.00201897
0.00475492 0.00201562

0.00462188 0.00210738
0.00461879 0.00210937

0.00458672 0.00212994
0.00458221 0.00213281

0.00459258 0.0021262
0.00459138 0.00212695

0.00458672 0.00212994
0.00459139 0.00212695

0.00459258 0.0021262
0.00459844 0.00212245

0.004575 0.0021374
0.00458086 0.00213367

0.00458086 0.00213366
0.00458221 0.00213281

0.0046043 0.0021187
0.00460056 0.00212109

0.00461016 0.00211493
0.00460968 0.00211523

0.0046043 0.0021187
0.0046097 0.00211523

0.00459844 0.00212245
0.00460056 0.00212109

0.00461016 0.00211494
0.00461602 0.00211117

0.00461602 0.00211117
0.00461879 0.00210937

0.00462187 0.00210738
0.00462773 0.00210357

0.00463359 0.00209975
0.00462783 0.00210352

0.00462773 0.00210357
0.00462783 0.00210352

0.00463945 0.0020959
0.00463678 0.00209766

0.00463945 0.0020959
0.00464531 0.00209203

0.00463359 0.00209975
0.00463678 0.00209766

0.00465703 0.00208421
0.00465445 0.00208594

0.00465703 0.00208421
0.00466289 0.00208027

0.00466875 0.0020763
0.00466317 0.00208008

0.00466289 0.00208026
0.00466317 0.00208008

0.00465117 0.00208813
0.00464567 0.0020918

0.00464531 0.00209203
0.00464567 0.0020918

0.00465117 0.00208813
0.00465445 0.00208594

0.00467461 0.00207233
0.00467182 0.00207422

0.00468047 0.00206833
0.00468042 0.00206836

0.00467461 0.00207232
0.00468044 0.00206836

0.00466875 0.0020763
0.00467182 0.00207422

0.00468047 0.00206834
0.00468633 0.00206436

0.00468633 0.00206436
0.00468907 0.0020625

0.00480937 0.00196546
0.00480549 0.00196875

0.00482109 0.00195682
0.00482077 0.00195703

0.00481523 0.00196088
0.00481258 0.00196289

0.00480937 0.00196538
0.00481256 0.00196289

0.00481523 0.00196079
0.00482069 0.00195703

0.00482109 0.00195678
0.00482695 0.00195328

0.00483281 0.00195032
0.00483114 0.00195117

0.00482695 0.00195326
0.00483107 0.00195117

0.00485039 0.0019441
0.00484619 0.00194531

0.00485039 0.00194412
0.00485625 0.00194274

0.00483281 0.00195032
0.00483867 0.00194783

0.00483867 0.00194784
0.00484453 0.00194578

0.00484453 0.00194579
0.00484617 0.00194531

0.00478594 0.0019874
0.004781 0.00199219

0.00477422 0.00199869
0.00476854 0.00200391

0.0047625 0.00200926
0.00476836 0.00200408

0.00476836 0.00200408
0.00476855 0.00200391

0.00478008 0.00199311
0.00477488 0.00199805

0.00477422 0.00199868
0.0047749 0.00199805

0.00478008 0.0019931
0.00478102 0.00199219

0.00479766 0.00197598
0.00479295 0.00198047

0.0047918 0.00198165
0.00478699 0.00198633

0.00478594 0.00198739
0.00478702 0.00198633

0.0047918 0.00198163
0.00479299 0.00198047

0.00480352 0.00197053
0.00479905 0.00197461

0.00479766 0.00197595
0.00479908 0.00197461

0.00480352 0.00197049
0.0048055 0.00196875

0.00485625 0.00194275
0.00486211 0.00194162

0.00486211 0.00194164
0.00486797 0.00194071

0.00486797 0.00194072
0.00487383 0.00193995

0.00487969 0.00193931
0.00487837 0.00193945

0.00487383 0.00193996
0.00487836 0.00193945

0.00487969 0.00193931
0.00488555 0.00193874

0.00488555 0.00193875
0.00489141 0.00193822

0.00489141 0.00193823
0.00489727 0.00193772

0.00489727 0.00193773
0.00490312 0.00193722

0.00490312 0.00193722
0.00490898 0.00193668

0.00490898 0.00193669
0.00491484 0.0019361

0.00491484 0.0019361
0.0049207 0.00193544

0.0049207 0.00193545
0.00492656 0.00193471

0.00493828 0.00193292
0.00493414 0.00193359

0.00492656 0.00193471
0.00493242 0.00193387

0.00493242 0.00193387
0.00493414 0.00193359

0.00493828 0.00193292
0.00494414 0.00193184

0.00494414 0.00193185
0.00495 0.00193063

0.00425859 0.00234235
0.00425612 0.00234375

0.00425859 0.00234236
0.00426445 0.00233899

0.00427031 0.00233556
0.00426632 0.00233789

0.00426445 0.00233899
0.00426633 0.00233789

0.00428203 0.00232856
0.00427626 0.00233203

0.00427031 0.00233556
0.00427617 0.00233209

0.00427617 0.00233209
0.00427626 0.00233203

0.00428789 0.00232498
0.00428594 0.00232617

0.00428203 0.00232856
0.00428595 0.00232617

0.00428789 0.00232499
0.00429375 0.00232137

0.00421172 0.00236715
0.00421164 0.00236719

0.00421172 0.00236716
0.00421758 0.00236429

0.00421758 0.00236429
0.00422344 0.00236135

0.0042 0.00237268
0.00420586 0.00236996

0.00420586 0.00236996
0.00421167 0.00236719

0.00423516 0.00235526
0.00423475 0.00235547

0.0042293 0.00235834
0.00422347 0.00236133

0.00422344 0.00236135
0.00422349 0.00236133

0.0042293 0.00235835
0.00423478 0.00235547

0.00423516 0.00235527
0.00424102 0.00235213

0.00424687 0.00234892
0.00424562 0.00234961

0.00424102 0.00235214
0.00424565 0.00234961

0.00424687 0.00234893
0.00425273 0.00234567

0.00425273 0.00234568
0.00425614 0.00234375

0.00433477 0.00229508
0.00433203 0.00229687

0.00433477 0.00229508
0.00434062 0.00229122

0.00429961 0.00231772
0.00429545 0.00232031

0.00430547 0.00231402
0.00430477 0.00231445

0.00429961 0.00231772
0.00430479 0.00231445

0.00431719 0.00230653
0.00431398 0.00230859

0.00430547 0.00231402
0.00431133 0.0023103

0.00431133 0.0023103
0.00431398 0.00230859

0.00429375 0.00232137
0.00429546 0.00232031

0.00431719 0.00230654
0.00432305 0.00230274

0.00432891 0.00229892
0.00432306 0.00230273

0.00432305 0.00230274
0.00432306 0.00230273

0.00432891 0.00229893
0.00433203 0.00229687

0.00435234 0.00228343
0.00434975 0.00228516

0.00434648 0.00228733
0.00434093 0.00229102

0.00434062 0.00229121
0.00434093 0.00229102

0.00434648 0.00228733
0.00434975 0.00228516

0.00435234 0.00228343
0.0043582 0.00227952

0.00436406 0.00227559
0.00435853 0.0022793

0.0043582 0.00227951
0.00435853 0.0022793

0.00436992 0.00227165
0.00436726 0.00227344

0.00436992 0.00227165
0.00437578 0.00226771

0.0043875 0.00225981
0.00438467 0.00226172

0.00438164 0.00226376
0.00437597 0.00226758

0.00437578 0.00226771
0.00437598 0.00226758

0.00438164 0.00226376
0.00438467 0.00226172

0.00436406 0.00227559
0.00436726 0.00227344

0.00439336 0.00225584
0.00439334 0.00225586

0.0043875 0.00225981
0.00439336 0.00225586

0.00439336 0.00225586
0.00439922 0.00225191

0.00439922 0.0022519
0.00440204 0.00225

0.00495 0.00158481
0.00495586 0.00158653

0.00495586 0.00158652
0.00496006 0.00158789

0.00496003 0.00158789
0.00496172 0.00158844

0.00496172 0.00158845
0.00496758 0.00159052

0.00496758 0.0015905
0.00497344 0.00159273

0.00497344 0.00159271
0.00497595 0.00159375

0.00497589 0.00159375
0.0049793 0.00159516

0.0049793 0.00159517
0.00498516 0.00159779

0.00498516 0.00159776
0.00498898 0.00159961

0.00498894 0.00159961
0.00499102 0.00160061

0.00499102 0.00160061
0.00499687 0.00160365

0.00499687 0.00160362
0.00500018 0.00160547

0.00500013 0.00160547
0.00500273 0.00160692

0.00500273 0.00160692
0.00500859 0.00161044

0.00500859 0.00161043
0.00501001 0.00161133

0.00500998 0.00161133
0.00501445 0.00161421

0.00501445 0.00161418
0.00501878 0.00161719

0.00501872 0.00161719
0.00502031 0.00161828

0.00502031 0.00161826
0.00502617 0.00162266

0.00502617 0.00162266
0.00502666 0.00162305

0.00502666 0.00162305
0.00503203 0.0016274

0.00503203 0.00162741
0.00503379 0.00162891

0.00503375 0.00162891
0.00503789 0.00163253

0.00503789 0.00163254
0.00504029 0.00163477

0.00504026 0.00163477
0.00504375 0.00163812

0.00504375 0.00163813
0.00504621 0.00164062

0.00504625 0.00164062
0.00504961 0.00164424

0.00504961 0.00164424
0.00505162 0.00164648

0.00505167 0.00164648
0.00505547 0.00165096

0.00505547 0.00165095
0.00505661 0.00165234

0.00505664 0.00165234
0.00506121 0.0016582

0.00506122 0.0016582
0.00506133 0.00165835

0.00506133 0.00165838
0.0050654 0.00166406

0.00506542 0.00166406
0.00506719 0.00166674

0.00506719 0.0016668
0.00506924 0.00166992

0.00506925 0.00166992
0.00507277 0.00167578

0.00507279 0.00167578
0.00507305 0.00167625

0.00507305 0.0016763
0.00507598 0.00168164

0.00507598 0.00168164
0.00507891 0.00168749

0.00507891 0.00168751
0.00508156 0.00169336

0.00508156 0.00169336
0.00508396 0.00169922

0.00508397 0.00169922
0.00508477 0.0017014

0.00508477 0.00170144
0.0050861 0.00170508

0.0050861 0.00170508
0.005088 0.00171094

0.005088 0.00171094
0.00508968 0.0017168

0.00508968 0.0017168
0.00509062 0.00172061

0.00509062 0.00172063
0.00509113 0.00172266

0.00509112 0.00172266
0.00509235 0.00172852

0.00509235 0.00172852
0.00509336 0.00173437

0.00509336 0.00173437
0.00509416 0.00174023

0.00509416 0.00174023
0.00509475 0.00174609

0.00509475 0.00174609
0.00509514 0.00175195

0.00509514 0.00175195
0.00509532 0.00175781

0.00509532 0.00175781
0.0050953 0.00176367

0.0050953 0.00176367
0.00509508 0.00176953

0.00509508 0.00176953
0.00509464 0.00177539

0.00509465 0.00177539
0.00509401 0.00178125

0.00509062 0.00179966
0.00508934 0.00180469

0.00508934 0.00180469
0.00508762 0.00181055

0.00508763 0.00181055
0.00508567 0.00181641

0.00508477 0.00181882
0.00508347 0.00182227

0.00508348 0.00182227
0.00508103 0.00182812

0.00508477 0.00181884
0.00508568 0.00181641

0.00505547 0.00186921
0.00505038 0.001875

0.00506133 0.00186175
0.0050602 0.00186328

0.00506719 0.00185345
0.00506452 0.00185742

0.00506133 0.00186179
0.00506454 0.00185742

0.00506024 0.00186328
0.00505553 0.00186914

0.00505547 0.00186921
0.00505553 0.00186914

0.00507891 0.00183269
0.00507831 0.00183398

0.00507832 0.00183398
0.00507533 0.00183984

0.00507305 0.0018439
0.00507204 0.0018457

0.00507206 0.0018457
0.00506846 0.00185156

0.00507305 0.00184394
0.00507534 0.00183984

0.00507891 0.00183273
0.00508104 0.00182812

0.00506719 0.00185348
0.00506846 0.00185156

0.00509401 0.00178125
0.00509316 0.00178711

0.00509317 0.00178711
0.00509211 0.00179297

0.00509211 0.00179297
0.00509084 0.00179883

0.00509062 0.00179966
0.00509084 0.00179883

0.00498516 0.00191983
0.00497989 0.00192187

0.00498516 0.00191983
0.00499102 0.00191733

0.00499687 0.0019146
0.00499384 0.00191602

0.00499102 0.00191734
0.00499385 0.00191602

0.00495 0.00193063
0.00495586 0.00192927

0.00495586 0.00192927
0.00496172 0.00192774

0.00496758 0.00192605
0.00496176 0.00192773

0.00496172 0.00192774
0.00496175 0.00192773

0.00496758 0.00192605
0.00497344 0.00192417

0.00497344 0.00192417
0.0049793 0.0019221

0.0049793 0.00192211
0.00497989 0.00192187

0.00500859 0.00190837
0.00500538 0.00191016

0.00499687 0.0019146
0.00500273 0.00191162

0.00500273 0.00191163
0.00500539 0.00191016

0.00500859 0.00190838
0.00501445 0.00190484

0.00502031 0.001901
0.00501529 0.0019043

0.00501445 0.00190484
0.00501531 0.0019043

0.00502617 0.00189681
0.00502388 0.00189844

0.00503203 0.00189222
0.00503158 0.00189258

0.00502617 0.00189682
0.00503161 0.00189258

0.00504375 0.00188182
0.0050385 0.00188672

0.00503203 0.00189226
0.00503789 0.00188727

0.00503789 0.00188727
0.00503851 0.00188672

0.00502031 0.00190101
0.00502391 0.00189844

0.00504961 0.00187581
0.00504473 0.00188086

0.00504375 0.00188183
0.00504473 0.00188086

0.00504961 0.00187583
0.00505038 0.001875

0.00547148 0.0021267
0.0054712 0.00212695

0.00547107 0.00212695
0.00546657 0.00213281

0.00547148 0.00212663
0.00547734 0.00212329

0.00547734 0.00212352
0.0054832 0.0021234

0.0054832 0.00212306
0.00548906 0.00212637

0.00546687 0.00213281
0.00546586 0.00213867

0.00546574 0.00213867
0.00546787 0.00214453

0.00546772 0.00214453
0.00547148 0.00214878

0.00547148 0.00214853
0.00547465 0.00215039

0.00547472 0.00215039
0.00547734 0.00215167

0.00547734 0.00215155
0.0054832 0.00215162

0.00548906 0.00214862
0.00548597 0.00215039

0.0054832 0.00215186
0.00548628 0.00215039

0.00548906 0.00212637
0.00548969 0.00212695

0.00548958 0.00212695
0.00549396 0.00213281

0.00549373 0.00213281
0.00549476 0.00213867

0.00549488 0.00213867
0.00549278 0.00214453

0.00548906 0.00214891
0.00549292 0.00214453

