0 0.999556 0.999464
WARNING: convergence for pf not reached after 100 iterations
  res: 671573 sum: -3.40032e+09 nrelax: 100
0.00805191 0.999571 0.999445
0.0207725 0.999636 0.99933
0.0346139 0.999753 0.999069
0.0488825 0.999931 0.998653
0.0633981 1.00018 0.997694
0.0780889 1.0005 0.996994
0.0929132 1.0009 0.996574
0.107844 1.00138 0.995634
0.12286 1.00192 0.994576
0.137948 1.00254 0.993199
0.153097 1.00323 0.991588
0.168297 1.00399 0.989871
0.183542 1.00482 0.988062
0.198825 1.0057 0.986176
0.214144 1.00664 0.984229
0.229492 1.00764 0.982236
0.244867 1.00869 0.980212
0.260265 1.00979 0.978157
0.275684 1.01093 0.976073
0.291122 1.01211 0.973812
0.306577 1.0135 0.971281
0.322046 1.01495 0.968656
0.33753 1.0164 0.965962
0.353023 1.0178 0.963233
0.368517 1.01926 0.960499
0.384009 1.02078 0.957781
0.3995 1.02237 0.955084
0.414991 1.02401 0.952159
0.430483 1.02569 0.949169
0.445976 1.02739 0.946157
0.46147 1.02914 0.943145
0.476966 1.03093 0.940166
0.492464 1.033 0.937234
0.507962 1.0351 0.934286
0.523463 1.03723 0.931096
0.538965 1.03939 0.927795
0.554472 1.04159 0.924436
0.569982 1.04382 0.921069
0.585496 1.0461 0.917736
0.601013 1.04842 0.914413
0.616532 1.05079 0.910886
0.632054 1.05321 0.90727
0.647577 1.05561 0.903619
0.663092 1.05798 0.899987
0.678589 1.06055 0.896426
0.694071 1.06319 0.892766
0.709544 1.06585 0.888953
0.72501 1.06853 0.885084
0.740473 1.07122 0.881215
0.755935 1.07391 0.877391
0.771396 1.07661 0.87355
0.786855 1.07962 0.869578
0.802315 1.08267 0.865576
0.817777 1.08572 0.861594
0.833242 1.08877 0.857679
0.848711 1.09182 0.85376
0.864182 1.09479 0.849703
0.879646 1.09761 0.845597
0.895089 1.10062 0.841496
0.910514 1.10385 0.837456
0.925927 1.10702 0.833388
0.941337 1.11014 0.829209
0.956745 1.11319 0.824988
0.972154 1.11641 0.820784
0.987563 1.11995 0.816643
1.00297 1.1234 0.812398
1.01838 1.12676 0.808072
1.0338 1.13004 0.803726
1.04922 1.13319 0.799412
1.06463 1.13669 0.795122
1.08003 1.1401 0.790732
1.09541 1.14338 0.786306
1.11077 1.1465 0.781905
1.12614 1.14983 0.77758
1.1415 1.15355 0.773182
1.15686 1.15707 0.768736
1.17223 1.16039 0.764279
1.1876 1.1636 0.759889
1.20297 1.16755 0.755504
1.21834 1.1713 0.751045
1.23372 1.17464 0.746559
1.24909 1.17773 0.742113
1.26444 1.18108 0.737693
1.27977 1.18476 0.733198
1.2951 1.18818 0.728665
1.31043 1.19136 0.724169
1.32576 1.19495 0.719717
1.3411 1.19877 0.715178
1.35644 1.20228 0.710608
1.37178 1.20552 0.706094
1.38713 1.20918 0.701634
1.40249 1.21291 0.697107
1.41785 1.21617 0.692565
1.43319 1.21911 0.688075
1.44852 1.2225 0.683635
1.46384 1.2261 0.67913
1.47916 1.22933 0.67463
1.49449 1.23221 0.670187
1.50982 1.23609 0.665777
1.52515 1.2396 0.661298
1.54049 1.2427 0.656793
1.55584 1.24593 0.652335
1.5712 1.24972 0.647899
1.58656 1.25284 0.643406
1.60193 1.25555 0.638903
1.61728 1.2587 0.634471
1.63262 1.26197 0.63004
1.64796 1.26481 0.625571
1.66331 1.26759 0.621112
1.67865 1.2711 0.616731
1.69401 1.27413 0.612358
1.70936 1.27676 0.607987
1.72473 1.28017 0.603645
1.7401 1.2834 0.599366
1.75548 1.28621 0.595037
1.77087 1.28903 0.590684
1.78627 1.2922 0.586378
1.80167 1.29487 0.582113
1.81707 1.29721 0.577876
1.83246 1.30022 0.573651
1.84785 1.30307 0.569508
1.86324 1.3055 0.565346
1.87863 1.30826 0.561158
1.89403 1.3112 0.556999
1.90943 1.31369 0.552895
1.92483 1.31619 0.548757
1.94024 1.31923 0.544616
1.95565 1.32182 0.540541
1.97106 1.32401 0.536961
1.98647 1.32711 0.537379
2.00188 1.32967 0.537804
2.01728 1.33176 0.538613
2.03266 1.33414 0.539442
2.04801 1.33665 0.540234
2.06334 1.33878 0.541083
2.07866 1.34097 0.541923
2.09395 1.34356 0.54272
2.10922 1.34572 0.54352
2.12448 1.34777 0.54436
2.13972 1.35041 0.545168
2.15493 1.35261 0.545943
2.17013 1.35446 0.546765
2.1853 1.35714 0.547585
2.20046 1.3594 0.548657
2.21561 1.36127 0.549774
2.23073 1.36377 0.550874
2.24585 1.36612 0.551943
2.26095 1.368 0.552986
2.27604 1.37002 0.554057
2.29111 1.37221 0.555105
2.30618 1.37407 0.556119
2.32124 1.37584 0.55715
2.3363 1.37815 0.558197
2.35135 1.38007 0.559203
2.36639 1.3818 0.560201
2.38142 1.38414 0.561237
2.39645 1.38608 0.562229
2.41146 1.38778 0.563178
2.42648 1.39017 0.564155
2.44148 1.39214 0.56512
2.45649 1.39376 0.566035
2.47148 1.39615 0.566961
2.48648 1.39813 0.56792
2.50147 1.39973 0.568811
2.51646 1.40201 0.569689
2.53144 1.40403 0.570618
2.54643 1.40567 0.571477
2.56142 1.40771 0.572463
2.5764 1.40956 0.573567
2.59139 1.41106 0.574647
2.60638 1.41292 0.575672
2.62137 1.41483 0.576734
2.63636 1.4164 0.577768
2.65135 1.41837 0.578737
2.66635 1.42031 0.579741
2.68135 1.42187 0.580729
2.69634 1.42401 0.581657
2.71135 1.42592 0.582602
2.72635 1.42744 0.583529
2.74135 1.42975 0.584411
2.75635 1.43163 0.585299
2.77136 1.43332 0.586176
2.78636 1.43562 0.586994
2.80137 1.4375 0.587805
2.81638 1.43934 0.588613
2.83139 1.44164 0.589351
2.8464 1.44352 0.590085
2.86141 1.44549 0.590808
2.87643 1.44761 0.591454
2.89145 1.44929 0.592112
2.90647 1.45122 0.592751
2.9215 1.45328 0.593326
2.93652 1.45492 0.593938
2.95155 1.45714 0.594498
2.96658 1.45911 0.595003
2.98161 1.46088 0.595529
2.99664 1.46321 0.595966
3.01167 1.46503 0.596387
3.02671 1.46717 0.596823
3.04174 1.46934 0.597155
3.05677 1.47104 0.597509
3.0718 1.47354 0.598
3.08684 1.47557 0.598444
3.10187 1.47758 0.598929
3.1169 1.47998 0.599329
3.13194 1.48189 0.599684
3.14697 1.48423 0.600081
3.16201 1.48635 0.600362
3.17705 1.48799 0.600659
3.19209 1.49041 0.600905
3.20714 1.49235 0.601066
3.22218 1.49441 0.601265
3.23723 1.49666 0.601347
3.25227 1.49839 0.601432
3.26731 1.50096 0.601483
3.28236 1.50296 0.601446
3.2974 1.50524 0.601424
3.31244 1.50755 0.601287
3.32748 1.50947 0.601153
3.34252 1.51211 0.600968
3.35756 1.51417 0.60072
3.37259 1.51661 0.600461
3.38763 1.51899 0.600101
3.40267 1.52103 0.599735
3.41771 1.52374 0.599305
3.43276 1.5257 0.598836
3.4478 1.52803 0.598321
3.46284 1.53027 0.597902
3.47789 1.53228 0.597558
3.49293 1.53481 0.597115
3.50797 1.53673 0.596687
3.52301 1.5394 0.596171
3.53805 1.54157 0.59561
3.55309 1.54403 0.595008
3.56812 1.54647 0.594335
3.58315 1.54865 0.593653
3.59818 1.55135 0.592863
3.61322 1.55337 0.592064
3.62825 1.55618 0.591167
3.64328 1.55847 0.590279
3.65831 1.56096 0.589307
3.67335 1.56348 0.588316
3.68838 1.56543 0.587244
3.70342 1.56806 0.586144
3.71846 1.57005 0.58498
3.73349 1.57264 0.58377
3.74853 1.57486 0.582479
3.76356 1.5773 0.581292
3.7786 1.57977 0.580116
3.79363 1.58207 0.578928
3.80866 1.58479 0.577636
3.8237 1.58691 0.576331
3.83873 1.58989 0.574946
3.85376 1.59207 0.573536
3.8688 1.59506 0.572028
3.88383 1.59748 0.570494
3.89887 1.60027 0.568881
3.91391 1.60284 0.55825
3.92896 1.60518 0.551993
3.94401 1.60778 0.542364
3.95906 1.6099 0.530423
3.97411 1.61272 0.512308
3.98916 1.6147 0.50167
