t/t_sh (exp)	D_cr (exp)	t/t_sh (exp)	D_str (exp)
0	1	0	1
0.12	1.043859649	0.283375315	0.727722772
0.28	1.112938596	0.442065491	0.632425743
0.44	1.25877193	0.608312343	0.563118812
0.606666667	1.243421053	0.91813602	0.381188119
0.76	1.489035088	1.076826196	0.311881188
0.92	1.596491228	1.246851385	0.294554455
1.08	1.703947368	1.394206549	0.294554455
1.24	1.719298246	1.549118388	0.589108911
1.4	1.834429825	1.696473552	0.554455446
1.55	1.949561404	1.870277078	0.589108911
1.71	1.934210526	2.021410579	0.831683168
1.876666667	2.057017544	2.172544081	1.091584158
2.023333333	2.064692982	2.338790932	1.429455446
2.173333333	2.095394737	2.497481108	2.122524752
2.346666667	2.179824561	2.807304786	3.084158416
2.493333333	2.456140351	2.973551637	3.040841584
2.663333333	2.578947368		
2.813333333	2.625