0.00000000 0.06525802 -0.00000000 0.50000000 0.00000000 0.00000000 0.00000000 0.00000000
0.00160080 0.06525802 -0.00000000 0.50000000 0.00000000 -0.00010992 0.00101765 -0.00009833
0.00597272 0.06525327 -0.00000001 0.50000262 -0.00000001 -0.00002159 0.00879043 -0.00002227
0.01152359 0.06525168 0.00000005 0.50004970 0.00000005 -0.00000593 0.01793854 -0.00000617
0.01812462 0.06525262 0.00000001 0.50016218 0.00000001 0.00003645 0.02709125 0.00003651
0.02577344 0.06525375 0.00000002 0.50036348 0.00000002 -0.00001601 0.03773400 -0.00001447
0.03424177 0.06525422 -0.00000001 0.50067569 -0.00000000 0.00000885 0.04901261 0.00001093
0.04355693 0.06525413 0.00000018 0.50112805 0.00000020 -0.00003385 0.06193948 -0.00003150
0.05347961 0.06525381 0.00000038 0.50173534 0.00000043 0.00000858 0.07452405 0.00001055
0.06411105 0.06525357 -0.00000024 0.50252688 -0.00000017 -0.00001714 0.08908053 -0.00001983
0.07528769 0.06525357 -0.00000039 0.50351103 -0.00000032 -0.00011671 0.10252544 -0.00012526
0.08708525 0.06525384 -0.00000033 0.50471897 -0.00000024 0.00006098 0.11650423 0.00005182
0.09922980 0.06525414 -0.00000028 0.50613580 -0.00000020 0.00003011 0.13171857 0.00004171
0.11215787 0.06525451 -0.00000061 0.50783029 -0.00000051 -0.00005520 0.14576772 -0.00006355
0.12553174 0.06525487 -0.00000057 0.50978253 -0.00000045 0.00001036 0.16033382 -0.00003209
0.13890561 0.06525533 -0.00000051 0.51193331 -0.00000040 -0.00002814 0.17492559 0.00004459
0.15279385 0.06525590 -0.00000053 0.51436433 -0.00000041 0.00001265 0.18908625 -0.00000695
0.16668210 0.06525670 -0.00000027 0.51699445 -0.00000017 0.00004652 0.20302872 0.00003243
0.18057034 0.06525767 -0.00000008 0.51982023 0.00000006 0.00002979 0.21639633 0.00001814
0.19445859 0.06525863 0.00000013 0.52283366 0.00000028 0.00002067 0.22925623 0.00002726
0.20774300 0.06525962 0.00000028 0.52588882 0.00000046 0.00001400 0.24126432 0.00001466
0.22044982 0.06526074 0.00000038 0.52896179 0.00000058 0.00002082 0.25224643 0.00002962
0.23260418 0.06526212 0.00000046 0.53203388 0.00000075 -0.00000278 0.26254298 0.00000034
0.24423009 0.06526359 0.00000052 0.53509244 0.00000086 -0.00000534 0.27195875 -0.00000204
0.25535052 0.06526509 0.00000057 0.53812361 0.00000096 -0.00001954 0.28055036 -0.00001538
0.26647095 0.06526656 0.00000062 0.54125046 0.00000106 0.00002755 0.28870062 0.00003675
0.27708590 0.06526796 0.00000067 0.54432104 0.00000119 0.00003586 0.29617422 0.00004412
0.28721836 0.06526919 0.00000070 0.54732734 0.00000130 0.00004280 0.30305063 0.00005386
0.29735082 0.06527026 0.00000073 0.55040333 0.00000143 0.00008464 0.30970324 0.00010037
0.30748328 0.06527153 0.00000076 0.55354663 0.00000156 0.00002769 0.31585141 0.00003909
0.31710912 0.06527257 0.00000085 0.55659087 0.00000168 0.00000198 0.32177064 0.00001587
0.32673495 0.06527370 0.00000077 0.55969267 0.00000179 0.00006033 0.32728314 0.00007930
0.33585417 0.06527499 0.00000080 0.56268238 0.00000191 0.00008102 0.33204634 0.00009214
0.34497338 0.06527631 0.00000088 0.56571433 0.00000206 0.00007953 0.33667081 0.00006396
0.35409259 0.06527754 0.00000096 0.56878582 0.00000220 0.00005835 0.34088254 0.00003329
0.36321180 0.06527863 0.00000105 0.57189888 0.00000234 0.00004442 0.34503746 0.00004945
0.37176107 0.06527962 0.00000105 0.57485320 0.00000247 -0.00001982 0.34883926 0.00004804
0.38031033 0.06528053 0.00000109 0.57784002 0.00000262 -0.00007789 0.35221790 0.00002360
0.38885959 0.06528124 0.00000105 0.58085478 0.00000275 0.00009264 0.35540403 0.00004147
0.39740885 0.06528185 0.00000110 0.58389620 0.00000290 0.00000270 0.35846088 0.00004611
0.40595812 0.06528241 0.00000110 0.58696374 0.00000304 0.00005531 0.36131428 0.00004726
0.41450738 0.06528288 0.00000111 0.59005587 0.00000319 0.00002001 0.36392386 0.00004131
0.42227943 0.06528352 0.00000110 0.59288615 0.00000332 0.00003209 0.36637437 0.00003555
0.43005149 0.06528420 0.00000109 0.59573695 0.00000345 0.00002425 0.36838969 0.00004833
0.43782355 0.06528484 0.00000106 0.59860459 0.00000360 -0.00004229 0.37022657 -0.00000491
0.44559560 0.06528550 0.00000103 0.60148296 0.00000374 -0.00008074 0.37193210 -0.00001428
0.45336766 0.06528625 0.00000096 0.60437562 0.00000386 -0.00008804 0.37371021 0.00000759
0.46113972 0.06528709 0.00000086 0.60728319 0.00000399 -0.00007681 0.37524038 0.00001969
0.46891177 0.06528796 0.00000074 0.61020059 0.00000411 0.00006856 0.37663575 0.00003104
0.47668383 0.06528874 0.00000072 0.61312830 0.00000424 -0.00007088 0.37791333 0.00004880
0.48445589 0.06528948 0.00000060 0.61606852 0.00000441 0.00011324 0.37889471 0.00002426
0.49222794 0.06529006 0.00000057 0.61901447 0.00000458 -0.00009103 0.37993009 0.00006058
0.50000000 0.06529062 0.00000043 0.62196645 0.00000474 0.00011834 0.38077139 0.00003740
0.50819672 0.06529107 0.00000037 0.62508769 0.00000493 -0.00006916 0.38144281 0.00005656
0.51639344 0.06529148 0.00000020 0.62821326 0.00000512 0.00008286 0.38218611 0.00005582
0.52459016 0.06529195 0.00000011 0.63134518 0.00000531 -0.00000502 0.38272066 0.00006465
0.53278689 0.06529243 -0.00000013 0.63448517 0.00000538 0.00007604 0.38312498 0.00006012
0.54098361 0.06529279 -0.00000025 0.63762282 0.00000560 -0.00006807 0.38370662 0.00006515
0.54932936 0.06529341 -0.00000045 0.64082142 0.00000579 -0.00004635 0.38388424 0.00007437
0.55767511 0.06529416 -0.00000064 0.64402986 0.00000599 0.00000128 0.38407349 0.00001984
0.56602086 0.06529506 -0.00000079 0.64722739 0.00000622 -0.00009293 0.38426929 0.00005724
0.57436662 0.06529593 -0.00000098 0.65042913 0.00000646 -0.00012393 0.38423235 0.00002338
0.58271237 0.06529663 -0.00000121 0.65364640 0.00000668 0.00008126 0.38426707 0.00005834
0.59105812 0.06529729 -0.00000136 0.65684431 0.00000693 0.00011835 0.38412888 0.00005585
0.59836066 0.06529770 -0.00000149 0.65963946 0.00000714 -0.00011514 0.38438972 0.00004886
0.60579842 0.06529812 -0.00000171 0.66250367 0.00000738 -0.00004849 0.38397375 0.00011612
0.61337922 0.06529849 -0.00000190 0.66542674 0.00000766 -0.00006495 0.38384136 0.00001850
0.62096002 0.06529894 -0.00000213 0.66831401 0.00000792 0.00003884 0.38365152 0.00008859
0.62869553 0.06529936 -0.00000230 0.67127658 0.00000816 -0.00003803 0.38273466 0.00002215
0.63659563 0.06529952 -0.00000251 0.67431444 0.00000845 -0.00004296 0.38229682 0.00001912
0.64449572 0.06529976 -0.00000273 0.67733445 0.00000873 -0.00003412 0.38199358 0.00003149
0.65257536 0.06530005 -0.00000296 0.68040372 0.00000903 -0.00002153 0.38198184 0.00004672
0.66065501 0.06530031 -0.00000320 0.68348651 0.00000935 -0.00002657 0.38130215 0.00004354
0.66893171 0.06530053 -0.00000345 0.68664239 0.00000967 -0.00003794 0.38064867 0.00003437
0.67720842 0.06530076 -0.00000371 0.68979685 0.00001001 -0.00003798 0.38004647 0.00003246
0.68548513 0.06530103 -0.00000398 0.69292600 0.00001032 -0.00004167 0.37954299 0.00002385
0.69398553 0.06530123 -0.00000426 0.69614302 0.00001061 -0.00003101 0.37868615 0.00004511
0.70248593 0.06530139 -0.00000456 0.69936716 0.00001097 -0.00001363 0.37803665 0.00004740
0.71123635 0.06530184 -0.00000488 0.70267527 0.00001129 -0.00005413 0.37720261 0.00004090
0.71998676 0.06530225 -0.00000522 0.70596198 0.00001169 -0.00003062 0.37643386 0.00005378
0.72873717 0.06530253 -0.00000558 0.70924972 0.00001208 -0.00002393 0.37582336 0.00006021
0.73748759 0.06530304 -0.00000593 0.71253828 0.00001249 -0.00002465 0.37502671 0.00005256
0.74653974 0.06530378 -0.00000631 0.71593866 0.00001287 -0.00003849 0.37448019 0.00003927
0.75559189 0.06530450 -0.00000668 0.71931046 0.00001334 -0.00004710 0.37365158 0.00005202
0.76464404 0.06530487 -0.00000708 0.72268215 0.00001380 -0.00004941 0.37280463 0.00004687
0.77369620 0.06530501 -0.00000750 0.72605744 0.00001425 -0.00004709 0.37185455 0.00005001
0.78274835 0.06530507 -0.00000793 0.72942475 0.00001471 -0.00004642 0.37109520 0.00005351
0.79219407 0.06530524 -0.00000839 0.73292264 0.00001520 -0.00001353 0.37040523 0.00008445
0.80163980 0.06530589 -0.00000886 0.73640336 0.00001569 -0.00002644 0.36954648 0.00006468
0.81108552 0.06530656 -0.00000936 0.73988859 0.00001616 -0.00002549 0.36857107 0.00007112
0.82053124 0.06530722 -0.00000986 0.74337368 0.00001666 -0.00008601 0.36771246 0.00004191
0.82997697 0.06530788 -0.00001041 0.74684283 0.00001714 -0.00001851 0.36696312 0.00005675
0.83942269 0.06530872 -0.00001095 0.75029171 0.00001763 -0.00009627 0.36604662 0.00006614
0.84886842 0.06530940 -0.00001156 0.75374183 0.00001815 -0.00004374 0.36542777 0.00005334
0.85831414 0.06530994 -0.00001213 0.75719316 0.00001863 -0.00006344 0.36453195 0.00005376
0.86775986 0.06531044 -0.00001275 0.76063877 0.00001908 -0.00005637 0.36384380 0.00006341
0.87720559 0.06531096 -0.00001336 0.76406214 0.00001958 -0.00007594 0.36306027 0.00006057
0.88743846 0.06531171 -0.00001406 0.76776324 0.00002017 -0.00005507 0.36218529 0.00005516
0.89767132 0.06531246 -0.00001477 0.77146259 0.00002067 -0.00007302 0.36135009 0.00007502
0.90790419 0.06531360 -0.00001554 0.77516088 0.00002117 0.00002645 0.36054298 0.00005858
0.91813706 0.06531447 -0.00001620 0.77884372 0.00002170 -0.00009295 0.35956308 0.00005780
0.92836993 0.06531499 -0.00001700 0.78250686 0.00002217 -0.00008036 0.35908232 0.00004742
0.93860279 0.06531528 -0.00001783 0.78617533 0.00002269 -0.00006891 0.35842990 0.00005797
0.94883566 0.06531550 -0.00001865 0.78984090 0.00002317 -0.00007445 0.35769209 0.00005212
0.95906853 0.06531573 -0.00001950 0.79349902 0.00002363 -0.00007744 0.35712676 0.00006382
0.96930140 0.06531620 -0.00002039 0.79713955 0.00002417 -0.00006662 0.35634664 0.00007065
0.97953426 0.06531729 -0.00002129 0.80077549 0.00002469 -0.00006363 0.35596741 0.00007475
0.98976713 0.06531792 -0.00002220 0.80441332 0.00002523 -0.00011127 0.35495625 0.00002743
1.00000000 0.06531783 -0.00002314 0.80804839 0.00002572 -0.00010647 0.35438250 0.00004240
1.01111111 0.06531745 -0.00002417 0.81197535 0.00002636 -0.00010939 0.35342768 0.00003374
1.02222222 0.06531702 -0.00002524 0.81588970 0.00002691 -0.00008133 0.35283477 0.00007033
1.03359788 0.06531710 -0.00002635 0.81989672 0.00002756 -0.00007057 0.35232045 0.00007756
1.04497354 0.06531790 -0.00002748 0.82390383 0.00002820 -0.00009689 0.35172174 0.00005390
1.05634921 0.06531848 -0.00002859 0.82789933 0.00002886 -0.00010897 0.35107205 0.00004794
1.06691232 0.06531866 -0.00002964 0.83159430 0.00002948 -0.00011599 0.35068872 0.00003071
1.07773951 0.06531860 -0.00003077 0.83538424 0.00003000 -0.00012614 0.35019944 0.00003882
1.08856670 0.06531857 -0.00003196 0.83917521 0.00003047 -0.00011881 0.34980793 0.00004300
1.09968652 0.06531891 -0.00003316 0.84306564 0.00003096 -0.00010633 0.34944733 0.00004392
1.10878456 0.06531951 -0.00003417 0.84623926 0.00003130 -0.00011123 0.34960494 0.00004765
1.11832640 0.06532005 -0.00003527 0.84956482 0.00003166 -0.00010791 0.34905917 0.00004099
1.12811290 0.06532033 -0.00003639 0.85297613 0.00003202 -0.00011645 0.34879929 0.00003234
1.13816390 0.06532059 -0.00003753 0.85648386 0.00003240 -0.00010989 0.34834134 0.00003274
1.14850208 0.06532083 -0.00003876 0.86008662 0.00003269 -0.00011041 0.34799456 0.00003011
1.15775202 0.06532106 -0.00003985 0.86329783 0.00003296 -0.00011858 0.34791358 0.00003521
1.16753054 0.06532158 -0.00004101 0.86669056 0.00003324 -0.00010907 0.34755018 0.00003226
1.17760537 0.06532219 -0.00004221 0.87018964 0.00003352 -0.00016348 0.34703008 0.00002928
1.18768020 0.06532289 -0.00004344 0.87368854 0.00003377 -0.00005592 0.34680152 0.00003428
1.19809086 0.06532376 -0.00004460 0.87730048 0.00003405 -0.00021020 0.34648232 0.00003693
1.20782986 0.06532480 -0.00004583 0.88066975 0.00003429 -0.00019817 0.34625489 0.00002842
1.21756887 0.06532542 -0.00004708 0.88403426 0.00003452 -0.00008331 0.34604284 0.00002373
1.22765570 0.06532594 -0.00004830 0.88752167 0.00003475 -0.00005141 0.34569130 0.00001561
1.23813048 0.06532618 -0.00004952 0.89114651 0.00003494 -0.00019515 0.34535567 0.00002683
1.24820238 0.06532644 -0.00005081 0.89462873 0.00003518 0.00001141 0.34540192 0.00004703
1.25752822 0.06532703 -0.00005191 0.89784335 0.00003536 -0.00026363 0.34529248 0.00002789
1.26722709 0.06532749 -0.00005329 0.90118499 0.00003556 -0.00001165 0.34498201 0.00003703
1.27734765 0.06532798 -0.00005456 0.90467595 0.00003575 -0.00028509 0.34471824 0.00002898
1.28746821 0.06532842 -0.00005604 0.90816957 0.00003595 -0.00029986 0.34469283 0.00001467
1.29712875 0.06532858 -0.00005746 0.91150349 0.00003609 -0.00000335 0.34469307 0.00004582
1.30493149 0.06532909 -0.00005846 0.91419090 0.00003627 -0.00022979 0.34513353 0.00002583
1.31305934 0.06532948 -0.00005958 0.91699120 0.00003642 -0.00014426 0.34483355 0.00001821
1.32155665 0.06532963 -0.00006076 0.91992191 0.00003661 -0.00021863 0.34464967 0.00002211
1.33047881 0.06532975 -0.00006204 0.92299880 0.00003679 -0.00008672 0.34434062 0.00001760
1.33989666 0.06532985 -0.00006327 0.92624599 0.00003698 -0.00022815 0.34417421 0.00002305
1.34931450 0.06533009 -0.00006459 0.92949147 0.00003718 -0.00001579 0.34407037 0.00000977
1.35873234 0.06533063 -0.00006582 0.93272801 0.00003729 -0.00019630 0.34381902 -0.00000152
1.36815019 0.06533149 -0.00006707 0.93596381 0.00003740 -0.00008733 0.34356333 0.00000813
1.37756803 0.06533238 -0.00006826 0.93920201 0.00003754 -0.00013682 0.34336542 0.00002873
1.38698588 0.06533314 -0.00006948 0.94243969 0.00003775 -0.00009638 0.34338172 0.00003011
1.39640372 0.06533382 -0.00007064 0.94567841 0.00003798 -0.00013054 0.34345418 0.00003869
1.40331014 0.06533442 -0.00007153 0.94805346 0.00003814 -0.00002588 0.34423974 0.00003173
1.41074782 0.06533498 -0.00007248 0.95061041 0.00003831 -0.00027771 0.34390330 0.00002188
1.41818550 0.06533517 -0.00007353 0.95316779 0.00003847 -0.00020278 0.34380160 0.00002429
1.42636695 0.06533526 -0.00007464 0.95598319 0.00003864 -0.00014364 0.34342402 0.00003591
1.43454840 0.06533538 -0.00007569 0.95879783 0.00003880 -0.00012010 0.34338326 0.00003168
1.44272985 0.06533575 -0.00007670 0.96161320 0.00003897 -0.00007297 0.34348752 0.00005697
1.45091130 0.06533633 -0.00007769 0.96442669 0.00003914 -0.00006181 0.34339515 0.00006903
1.45909275 0.06533729 -0.00007867 0.96723498 0.00003928 -0.00016946 0.34313477 0.00002881
1.46727420 0.06533837 -0.00007969 0.97004337 0.00003940 0.00000850 0.34287664 0.00003156
1.47545565 0.06533941 -0.00008058 0.97285352 0.00003953 -0.00023024 0.34264331 0.00002361
1.48363710 0.06533993 -0.00008166 0.97566190 0.00003965 -0.00020669 0.34257181 0.00001569
1.49181855 0.06534017 -0.00008270 0.97846923 0.00003977 -0.00018463 0.34257820 0.00001474
1.49590928 0.06534021 -0.00008320 0.97987479 0.00003982 -0.00017329 0.34438569 -0.00000016
1.50000000 0.06534023 -0.00008368 0.98128496 0.00003988 -0.00010559 0.34449200 -0.00000157
1.50862069 0.06533995 -0.00008463 0.98425113 0.00004002 -0.00018475 0.34181072 0.00001298
1.51739532 0.06533984 -0.00008569 0.98725722 0.00004015 -0.00006506 0.34118889 0.00001715
1.52633244 0.06534035 -0.00008661 0.99031326 0.00004026 -0.00007812 0.34085119 0.00001404
1.53526957 0.06534105 -0.00008752 0.99336651 0.00004036 -0.00008675 0.34078793 0.00001683
1.54371921 0.06534177 -0.00008838 0.99625260 0.00004048 -0.00008543 0.34096622 0.00003232
1.55073892 0.06534245 -0.00008909 0.99865088 0.00004056 -0.00006199 0.34177881 0.00003400
1.55798506 0.06534316 -0.00008981 1.00113228 0.00004063 -0.00010343 0.34177215 0.00001217
1.56560601 0.06534372 -0.00009054 1.00374298 0.00004068 -0.00026106 0.34122004 0.00001004
1.57350408 0.06534412 -0.00009150 1.00644362 0.00004069 -0.00023607 0.34081488 0.00001429
1.58170593 0.06534434 -0.00009247 1.00924431 0.00004076 -0.00018180 0.34057921 0.00000730
1.58990777 0.06534460 -0.00009337 1.01204286 0.00004081 -0.00002200 0.34056423 0.00001114
1.59710237 0.06534499 -0.00009398 1.01449715 0.00004085 -0.00017973 0.34104608 0.00001163
1.60429697 0.06534526 -0.00009473 1.01695585 0.00004089 -0.00015574 0.34106693 0.00001062
1.61162481 0.06534550 -0.00009547 1.01946253 0.00004094 -0.00013657 0.34086098 0.00001414
1.61909356 0.06534577 -0.00009617 1.02201572 0.00004100 -0.00014087 0.34067212 0.00000914
1.62671169 0.06534620 -0.00009687 1.02461924 0.00004102 -0.00020603 0.34045425 0.00000563
1.63448853 0.06534664 -0.00009767 1.02727386 0.00004101 -0.00017873 0.34013046 0.00000527
1.64138497 0.06534702 -0.00009833 1.02962401 0.00004101 0.00002349 0.34067020 0.00002560
1.64841664 0.06534728 -0.00009882 1.03202435 0.00004105 -0.00015814 0.34049830 0.00000919
1.65505029 0.06534739 -0.00009941 1.03429002 0.00004108 0.00001064 0.34063424 0.00002058
1.66209008 0.06534764 -0.00009985 1.03669373 0.00004109 -0.00016912 0.34033493 -0.00000437
1.66927965 0.06534789 -0.00010044 1.03914940 0.00004111 -0.00024481 0.33996519 -0.00000473
1.67662899 0.06534818 -0.00010113 1.04165788 0.00004112 0.00008504 0.33984482 -0.00001762
1.68397833 0.06534839 -0.00010144 1.04416126 0.00004102 0.00001326 0.33972390 -0.00002110
1.69132767 0.06534849 -0.00010181 1.04666377 0.00004101 -0.00002165 0.33952286 -0.00004397
1.69750112 0.06534849 -0.00010210 1.04876637 0.00004090 -0.00006200 0.33995227 -0.00002449
1.70380318 0.06534822 -0.00010248 1.05091338 0.00004094 -0.00008785 0.33982007 -0.00003504
1.71024224 0.06534791 -0.00010285 1.05310764 0.00004088 -0.00012022 0.33965746 -0.00002085
1.71698079 0.06534763 -0.00010331 1.05540469 0.00004087 -0.00015184 0.33921366 0.00000549
1.72371935 0.06534759 -0.00010379 1.05769876 0.00004092 -0.00007741 0.33925414 -0.00000109
1.73080347 0.06534776 -0.00010418 1.06010932 0.00004090 -0.00001344 0.33913926 0.00002146
1.73788758 0.06534815 -0.00010442 1.06252000 0.00004092 -0.00001474 0.33872621 0.00001104
1.74211520 0.06534844 -0.00010454 1.06395792 0.00004094 -0.00000656 0.34052818 0.00001436
1.74656149 0.06534877 -0.00010460 1.06547623 0.00004095 -0.00002949 0.34042273 -0.00000399
1.75134335 0.06534888 -0.00010472 1.06710933 0.00004097 -0.00000385 0.34026127 0.00002009
1.75641798 0.06534892 -0.00010483 1.06884042 0.00004107 -0.00011464 0.33985543 0.00000383
1.76183091 0.06534895 -0.00010504 1.07068575 0.00004114 0.00019656 0.33943105 0.00000531
1.76750160 0.06534895 -0.00010499 1.07261754 0.00004118 0.00014035 0.33882517 0.00001169
1.77331406 0.06534914 -0.00010499 1.07459373 0.00004122 0.00012829 0.33867547 0.00002029
1.77912652 0.06534969 -0.00010502 1.07657023 0.00004120 0.00014078 0.33853814 -0.00000725
1.78493898 0.06534998 -0.00010503 1.07854638 0.00004115 0.00010654 0.33804458 0.00001017
1.79075144 0.06535028 -0.00010506 1.08051849 0.00004120 0.00009974 0.33782471 0.00001650
1.79672997 0.06535055 -0.00010518 1.08254581 0.00004125 0.00013140 0.33730003 -0.00000205
1.80270850 0.06535073 -0.00010512 1.08457052 0.00004124 0.00006824 0.33673082 -0.00001035
1.80868703 0.06535101 -0.00010516 1.08659029 0.00004118 0.00007690 0.33658324 0.00000748
1.81275752 0.06535129 -0.00010516 1.08796643 0.00004112 -0.00005961 0.33817213 0.00001171
1.81732441 0.06535153 -0.00010525 1.08951596 0.00004105 -0.00014221 0.33821825 -0.00001312
1.82213167 0.06535161 -0.00010541 1.09114684 0.00004097 -0.00009202 0.33819284 -0.00000665
1.82707245 0.06535175 -0.00010561 1.09282385 0.00004090 -0.00003248 0.33814903 -0.00001910
1.83201324 0.06535200 -0.00010569 1.09450203 0.00004071 0.00001802 0.33773648 0.00000568
1.83710375 0.06535236 -0.00010552 1.09622789 0.00004069 0.00000576 0.33730838 0.00000032
1.84235847 0.06535278 -0.00010551 1.09800760 0.00004061 0.00001562 0.33687726 -0.00000608
1.84761318 0.06535331 -0.00010546 1.09978557 0.00004053 0.00012821 0.33646473 0.00000052
1.85305557 0.06535389 -0.00010537 1.10162324 0.00004044 -0.00020156 0.33592500 -0.00000159
1.85870728 0.06535410 -0.00010563 1.10352909 0.00004039 0.00016494 0.33541941 -0.00000428
1.86435899 0.06535411 -0.00010537 1.10543161 0.00004038 0.00016991 0.33514756 0.00000486
1.86903626 0.06535408 -0.00010515 1.10700507 0.00004041 -0.00005800 0.33583580 0.00001981
1.87388677 0.06535409 -0.00010511 1.10863965 0.00004043 -0.00012290 0.33558951 -0.00000854
1.87893130 0.06535422 -0.00010510 1.11033985 0.00004035 -0.00011935 0.33528405 0.00000853
1.88397583 0.06535437 -0.00010515 1.11203917 0.00004037 0.00011671 0.33525452 -0.00002564
1.88924966 0.06535442 -0.00010485 1.11381548 0.00004024 0.00016245 0.33492381 0.00000017
1.89452348 0.06535452 -0.00010451 1.11559067 0.00004024 -0.00010616 0.33479992 -0.00000495
1.89803937 0.06535457 -0.00010455 1.11677377 0.00004022 -0.00010458 0.33605266 0.00000346
1.90211779 0.06535459 -0.00010458 1.11814904 0.00004025 -0.00012779 0.33586792 0.00000872
1.90637354 0.06535468 -0.00010469 1.11958338 0.00004022 0.00020866 0.33573492 0.00001187
1.91083194 0.06535474 -0.00010431 1.12108471 0.00004028 0.00015776 0.33540529 0.00001826
1.91529035 0.06535482 -0.00010406 1.12258514 0.00004037 0.00011634 0.33524151 0.00003488
1.91999644 0.06535493 -0.00010388 1.12416844 0.00004051 -0.00009023 0.33474213 0.00000750
1.92470253 0.06535506 -0.00010394 1.12574964 0.00004054 0.00007112 0.33447174 -0.00005638
1.92940862 0.06535508 -0.00010388 1.12733074 0.00004028 -0.00008768 0.33414294 -0.00002664
1.93382058 0.06535523 -0.00010397 1.12881316 0.00004016 -0.00006222 0.33418970 -0.00000427
1.93795680 0.06535539 -0.00010393 1.13020279 0.00004013 -0.00004198 0.33423802 -0.00003668
1.94209301 0.06535559 -0.00010388 1.13159213 0.00003999 -0.00003204 0.33414839 -0.00003202
1.94622922 0.06535589 -0.00010379 1.13298093 0.00003985 -0.00003378 0.33406858 0.00000155
1.95071012 0.06535631 -0.00010375 1.13448377 0.00003984 -0.00005818 0.33365838 0.00001041
1.95519102 0.06535672 -0.00010377 1.13598481 0.00003988 -0.00008943 0.33347181 -0.00001212
1.95967192 0.06535693 -0.00010384 1.13748511 0.00003983 -0.00008283 0.33318810 0.00000126
1.96370473 0.06535715 -0.00010387 1.13883347 0.00003988 -0.00007501 0.33347176 -0.00001925
1.96773753 0.06535731 -0.00010385 1.14018252 0.00003982 -0.00014580 0.33335847 -0.00001076
1.97177034 0.06535744 -0.00010395 1.14153183 0.00003976 -0.00007329 0.33319164 -0.00001224
1.97580315 0.06535765 -0.00010394 1.14288038 0.00003971 0.00007006 0.33305583 -0.00002729
1.97983596 0.06535792 -0.00010385 1.14422920 0.00003962 -0.00011730 0.33297418 -0.00001551
1.98386877 0.06535815 -0.00010389 1.14557853 0.00003956 -0.00007698 0.33288735 -0.00000974
1.98709501 0.06535833 -0.00010381 1.14665807 0.00003953 0.00017523 0.33340022 0.00000518
1.99032126 0.06535846 -0.00010355 1.14773893 0.00003951 -0.00007139 0.33339515 -0.00000977
1.99354751 0.06535853 -0.00010342 1.14881963 0.00003947 -0.00008266 0.33326428 -0.00000150
1.99677375 0.06535870 -0.00010329 1.14989943 0.00003947 -0.00004904 0.33321849 -0.00000044
2.00000000 0.06535881 -0.00010313 1.15097883 0.00003946 0.00014141 0.33316789 0.00000008
2.00446429 0.06535913 -0.00010273 1.15247132 0.00003950 -0.00005355 0.33175789 -0.00001504
2.00859375 0.06535952 -0.00010253 1.15384718 0.00003946 0.00016106 0.33156937 -0.00000896
2.01286685 0.06535984 -0.00010229 1.15526889 0.00003944 0.00011609 0.33107904 -0.00003720
2.01664307 0.06535992 -0.00010214 1.15652355 0.00003931 0.00004923 0.33115886 -0.00002112
2.02030487 0.06535989 -0.00010206 1.15774004 0.00003924 0.00001335 0.33128524 -0.00000723
2.02405249 0.06535979 -0.00010203 1.15898542 0.00003919 -0.00003275 0.33107103 -0.00001328
2.02789077 0.06535992 -0.00010200 1.16026141 0.00003911 0.00012006 0.33100997 -0.00004444
2.03179250 0.06536012 -0.00010184 1.16155800 0.00003896 -0.00007005 0.33087810 -0.00005156
2.03579428 0.06536050 -0.00010186 1.16288823 0.00003879 0.00010162 0.33080944 -0.00005411
2.03986626 0.06536104 -0.00010162 1.16424260 0.00003861 -0.00005311 0.33061752 -0.00003472
2.04383293 0.06536173 -0.00010146 1.16556159 0.00003854 0.00016913 0.33065153 -0.00001765
2.04783439 0.06536240 -0.00010106 1.16689239 0.00003850 -0.00000489 0.33051989 -0.00000647
2.05190796 0.06536300 -0.00010078 1.16824518 0.00003854 0.00012212 0.33008880 -0.00005983
2.05598152 0.06536368 -0.00010033 1.16959678 0.00003836 0.00007429 0.32979161 0.00001368
2.06013123 0.06536437 -0.00009990 1.17096944 0.00003849 0.00009446 0.32956129 0.00002195
2.06428093 0.06536492 -0.00009946 1.17234173 0.00003863 0.00011814 0.32922537 0.00002008
2.06851121 0.06536541 -0.00009888 1.17373916 0.00003876 0.00014730 0.32885531 0.00005534
2.07258186 0.06536531 -0.00009834 1.17508272 0.00003894 0.00011570 0.32880495 0.00001259
2.07661411 0.06536516 -0.00009789 1.17641328 0.00003900 0.00015608 0.32866112 0.00000761
2.07994786 0.06536537 -0.00009751 1.17751315 0.00003902 0.00012883 0.32903963 -0.00000214
2.08339091 0.06536542 -0.00009715 1.17864966 0.00003900 0.00009403 0.32877813 0.00002188
2.08695167 0.06536535 -0.00009679 1.17982479 0.00003908 0.00007048 0.32863662 0.00001920
2.09063960 0.06536538 -0.00009643 1.18104185 0.00003917 0.00007885 0.32846126 0.00000581
2.09442997 0.06536561 -0.00009608 1.18229299 0.00003922 0.00008349 0.32825638 0.00002705
2.09829254 0.06536588 -0.00009571 1.18356758 0.00003937 0.00006840 0.32801558 0.00002985
2.10197793 0.06536611 -0.00009537 1.18478204 0.00003952 0.00010035 0.32806431 0.00004298
2.10573286 0.06536613 -0.00009503 1.18601863 0.00003969 0.00002413 0.32798272 0.00005679
2.10952389 0.06536594 -0.00009479 1.18726594 0.00003989 0.00012882 0.32778198 0.00004568
2.11327847 0.06536596 -0.00009452 1.18849990 0.00004007 0.00019837 0.32772530 0.00001670
2.11703305 0.06536615 -0.00009420 1.18973425 0.00004015 -0.00015234 0.32752262 0.00000258
2.12075117 0.06536629 -0.00009428 1.19095573 0.00004018 0.00010030 0.32737000 0.00000613
2.12439779 0.06536641 -0.00009419 1.19215298 0.00004022 -0.00004533 0.32718745 0.00000896
2.12811663 0.06536652 -0.00009409 1.19337354 0.00004026 0.00018333 0.32703854 0.00001643
2.13179864 0.06536664 -0.00009377 1.19458174 0.00004033 -0.00006023 0.32670742 0.00000948
2.13530532 0.06536674 -0.00009351 1.19572963 0.00004037 0.00024689 0.32685414 0.00001568
2.13891616 0.06536678 -0.00009296 1.19691572 0.00004040 0.00011600 0.32659077 0.00004751
2.14256347 0.06536684 -0.00009220 1.19811072 0.00004055 0.00036689 0.32644234 0.00006213
2.14628677 0.06536686 -0.00009122 1.19933172 0.00004073 0.00031849 0.32581800 0.00003092
2.15013148 0.06536692 -0.00009026 1.20059038 0.00004090 0.00031472 0.32553021 0.00003430
2.15385348 0.06536698 -0.00008922 1.20180757 0.00004107 0.00024659 0.32558890 0.00006379
2.15708850 0.06536699 -0.00008847 1.20286423 0.00004125 0.00024928 0.32580600 0.00003953
2.16041774 0.06536695 -0.00008764 1.20395119 0.00004134 0.00023235 0.32563877 0.00004148
2.16381356 0.06536691 -0.00008688 1.20505973 0.00004145 0.00016713 0.32546634 0.00003342
2.16727940 0.06536690 -0.00008632 1.20619052 0.00004155 0.00009603 0.32522678 0.00002292
2.17085704 0.06536697 -0.00008591 1.20735740 0.00004164 0.00010038 0.32514573 0.00004979
2.17455527 0.06536702 -0.00008550 1.20856298 0.00004185 0.00012471 0.32467438 0.00008418
2.17833951 0.06536710 -0.00008505 1.20979536 0.00004217 0.00010330 0.32450962 0.00008866
2.18212376 0.06536713 -0.00008466 1.21102730 0.00004250 0.00008655 0.32456738 0.00007886
2.18590800 0.06536710 -0.00008432 1.21225920 0.00004280 0.00008073 0.32429176 0.00007741
2.18969224 0.06536713 -0.00008400 1.21349059 0.00004308 0.00010321 0.32420744 0.00008145
2.19357109 0.06536714 -0.00008360 1.21475266 0.00004340 0.00010344 0.32411088 0.00005561
2.19744993 0.06536711 -0.00008317 1.21601488 0.00004362 0.00012682 0.32335466 0.00006616
2.20137915 0.06536720 -0.00008268 1.21729213 0.00004389 0.00011326 0.32337042 0.00008147
2.20536076 0.06536718 -0.00008223 1.21858535 0.00004421 0.00008154 0.32380154 0.00001455
2.20886837 0.06536709 -0.00008193 1.21972491 0.00004427 0.00006870 0.32385624 -0.00000412
2.21241876 0.06536701 -0.00008167 1.22087769 0.00004427 0.00012340 0.32320397 -0.00000320
2.21605903 0.06536710 -0.00008122 1.22205838 0.00004426 0.00010961 0.32332850 -0.00002377
2.21974657 0.06536708 -0.00008079 1.22325386 0.00004419 0.00010538 0.32305000 -0.00000423
2.22324974 0.06536703 -0.00008040 1.22438810 0.00004419 0.00011353 0.32244478 0.00002719
2.22679782 0.06536708 -0.00008001 1.22553563 0.00004430 0.00013772 0.32228156 0.00005566
2.23044052 0.06536711 -0.00007951 1.22671328 0.00004451 0.00016221 0.32234359 0.00007741
2.23413311 0.06536709 -0.00007891 1.22790672 0.00004483 0.00016156 0.32182047 0.00007532
2.23793121 0.06536716 -0.00007826 1.22913331 0.00004505 0.00018554 0.32184849 0.00005550
2.24172931 0.06536715 -0.00007762 1.23035957 0.00004536 0.00020395 0.32168617 -0.00001262
2.24558410 0.06536712 -0.00007667 1.23160404 0.00004514 0.00021583 0.32108323 -0.00002797
2.24949819 0.06536721 -0.00007604 1.23286675 0.00004529 0.00025301 0.32100017 -0.00001309
2.25297738 0.06536728 -0.00007504 1.23398911 0.00004511 0.00019188 0.32137404 -0.00001529
2.25650627 0.06536732 -0.00007436 1.23512815 0.00004507 0.00016181 0.32132241 0.00001094
2.26014051 0.06536740 -0.00007379 1.23630077 0.00004513 0.00013284 0.32143767 0.00003271
2.26383066 0.06536748 -0.00007330 1.23749138 0.00004528 0.00008608 0.32164123 0.00002302
2.26752080 0.06536751 -0.00007298 1.23868186 0.00004537 0.00010695 0.32174314 0.00001267
2.27133194 0.06536753 -0.00007255 1.23991113 0.00004541 0.00010611 0.32160932 -0.00000553
2.27514307 0.06536748 -0.00007213 1.24113974 0.00004538 0.00008465 0.32129751 0.00000551
2.27882925 0.06536745 -0.00007180 1.24232682 0.00004539 0.00009872 0.32092798 0.00003985
2.28257791 0.06536748 -0.00007143 1.24353301 0.00004556 0.00012176 0.32044768 0.00001927
2.28632656 0.06536752 -0.00007096 1.24473789 0.00004564 0.00017565 0.32010509 0.00000045
2.28988779 0.06536755 -0.00007033 1.24588146 0.00004565 0.00017637 0.31974717 -0.00000955
2.29351041 0.06536757 -0.00006969 1.24704375 0.00004562 0.00012214 0.31963901 -0.00002091
2.29633904 0.06536753 -0.00006934 1.24795089 0.00004555 0.00010101 0.31945019 -0.00006219
2.29933405 0.06536754 -0.00006904 1.24891141 0.00004536 0.00008905 0.31936470 -0.00005869
2.30251922 0.06536760 -0.00006874 1.24993304 0.00004520 0.00011245 0.31936635 -0.00006762
2.30581057 0.06536770 -0.00006836 1.25098879 0.00004501 0.00013271 0.31946708 -0.00004203
2.30921740 0.06536773 -0.00006790 1.25208160 0.00004487 0.00013053 0.31959508 -0.00001495
2.31268618 0.06536778 -0.00006745 1.25319373 0.00004483 0.00010896 0.31938609 0.00001040
2.31615495 0.06536785 -0.00006706 1.25430546 0.00004489 0.00010925 0.31958675 0.00003423
2.31969043 0.06536784 -0.00006666 1.25543838 0.00004503 0.00008235 0.31963818 0.00004785
2.32337022 0.06536777 -0.00006636 1.25661717 0.00004519 0.00012047 0.31923490 0.00008412
2.32705001 0.06536770 -0.00006592 1.25779043 0.00004547 0.00011514 0.31793059 0.00006527
2.33065313 0.06536779 -0.00006550 1.25894436 0.00004569 0.00013003 0.31841879 0.00004715
2.33433459 0.06536769 -0.00006504 1.26011626 0.00004583 0.00015282 0.31806969 0.00001015
2.33778595 0.06536765 -0.00006452 1.26121739 0.00004583 0.00018580 0.31718029 0.00003688
2.34123731 0.06536773 -0.00006397 1.26231719 0.00004596 0.00010988 0.31671924 0.00003755
2.34476537 0.06536778 -0.00006350 1.26343399 0.00004610 0.00006139 0.31685352 0.00003625
2.34829343 0.06536770 -0.00006325 1.26455681 0.00004617 -0.00004201 0.31609022 0.00001542
2.35190549 0.06536775 -0.00006357 1.26570484 0.00004629 -0.00010348 0.31650070 0.00000994
2.35560785 0.06536768 -0.00006383 1.26688096 0.00004636 -0.00011785 0.31631800 -0.00003322
2.35931022 0.06536764 -0.00006430 1.26805800 0.00004615 -0.00010202 0.31570869 -0.00008590
2.36291765 0.06536769 -0.00006465 1.26920163 0.00004589 -0.00006060 0.31619280 -0.00007143
2.36662258 0.06536759 -0.00006487 1.27037643 0.00004565 -0.00003844 0.31620040 -0.00007103
2.37043336 0.06536753 -0.00006501 1.27158441 0.00004539 -0.00001449 0.31602483 -0.00003049
2.37424414 0.06536749 -0.00006507 1.27279187 0.00004528 -0.00001451 0.31595549 0.00004705
2.37805493 0.06536745 -0.00006516 1.27399900 0.00004546 -0.00003412 0.31569530 0.00003403
2.38186571 0.06536746 -0.00006531 1.27520535 0.00004559 -0.00005514 0.31537713 0.00000673
2.38555741 0.06536746 -0.00006551 1.27637290 0.00004562 -0.00002759 0.31510426 -0.00001551
2.38937216 0.06536747 -0.00006564 1.27757812 0.00004559 0.00003754 0.31489433 -0.00002642
2.39318691 0.06536746 -0.00006551 1.27878259 0.00004550 0.00007878 0.31433643 -0.00002158
2.39674735 0.06536751 -0.00006523 1.27990572 0.00004544 0.00013656 0.31412155 -0.00001994
2.40043494 0.06536757 -0.00006478 1.28106831 0.00004539 0.00015129 0.31451470 0.00003195
2.40412254 0.06536750 -0.00006420 1.28223198 0.00004552 0.00014965 0.31371359 0.00004886
2.40781013 0.06536756 -0.00006366 1.28339454 0.00004571 0.00012287 0.31364960 0.00005461
2.41165138 0.06536761 -0.00006319 1.28460440 0.00004596 0.00008894 0.31359222 0.00007914
2.41549262 0.06536765 -0.00006285 1.28581334 0.00004627 0.00014579 0.31352247 0.00003326
2.41933387 0.06536772 -0.00006227 1.28702172 0.00004639 0.00018732 0.31344559 0.00001389
2.42317511 0.06536780 -0.00006154 1.28822948 0.00004647 0.00018242 0.31334678 0.00000960
2.42651532 0.06536783 -0.00006093 1.28927938 0.00004650 0.00008410 0.31327680 -0.00001282
2.43001459 0.06536788 -0.00006063 1.29037908 0.00004646 0.00003970 0.31316181 0.00002275
2.43351386 0.06536788 -0.00006048 1.29147837 0.00004653 0.00000353 0.31311160 0.00005591
2.43720754 0.06536793 -0.00006045 1.29263863 0.00004676 -0.00000270 0.31293944 0.00004218
2.44090121 0.06536799 -0.00006044 1.29379851 0.00004692 0.00001703 0.31301319 0.00004172
2.44459489 0.06536804 -0.00006038 1.29495733 0.00004710 0.00002207 0.31304391 0.00004013
2.44828856 0.06536809 -0.00006029 1.29611703 0.00004727 0.00002200 0.31302288 0.00004621
2.45133041 0.06536811 -0.00006022 1.29707282 0.00004742 -0.00000316 0.31312346 0.00002774
2.45457505 0.06536818 -0.00006019 1.29809338 0.00004755 0.00005926 0.31414689 0.00007115
2.45781969 0.06536810 -0.00006004 1.29911611 0.00004777 0.00008994 0.31425709 0.00006791
2.46133471 0.06536805 -0.00005976 1.30022399 0.00004798 0.00007237 0.31418436 0.00007139
2.46484974 0.06536801 -0.00005955 1.30133165 0.00004821 0.00008236 0.31400039 0.00010198
2.46836477 0.06536804 -0.00005928 1.30243873 0.00004855 0.00003501 0.31340471 0.00005946
2.47187979 0.06536817 -0.00005909 1.30354459 0.00004879 0.00013374 0.31355341 0.00007789
2.47539482 0.06536819 -0.00005864 1.30464980 0.00004903 0.00017632 0.31316221 0.00006644
2.47890984 0.06536820 -0.00005805 1.30575351 0.00004923 0.00021877 0.31276196 0.00005968
2.48242487 0.06536821 -0.00005732 1.30685596 0.00004941 0.00020668 0.31240739 0.00003691
2.48593990 0.06536822 -0.00005660 1.30795707 0.00004951 0.00020515 0.31207435 0.00000696
2.48875192 0.06536824 -0.00005602 1.30883735 0.00004953 0.00015284 0.31188815 -0.00001055
2.49156394 0.06536830 -0.00005553 1.30971741 0.00004955 0.00014901 0.31176033 -0.00000536
2.49437596 0.06536835 -0.00005506 1.31059710 0.00004959 0.00014597 0.31272697 0.00006720
2.49718798 0.06536829 -0.00005472 1.31147754 0.00004972 0.00006998 0.31186657 0.00000102
2.50000000 0.06536843 -0.00005448 1.31235813 0.00004978 0.00006366 0.31207681 0.00002045
2.50393701 0.06536864 -0.00005423 1.31359135 0.00004991 0.00003603 0.31174236 0.00005144
2.50790551 0.06536880 -0.00005409 1.31482766 0.00005014 -0.00000087 0.31169017 -0.00000140
2.51190628 0.06536906 -0.00005413 1.31608805 0.00005012 -0.00002676 0.31159692 -0.00000290
2.51594011 0.06536930 -0.00005427 1.31735041 0.00005014 -0.00003678 0.31148899 0.00000869
2.51981259 0.06536953 -0.00005443 1.31855606 0.00005018 0.00000074 0.31122674 0.00003686
2.52368507 0.06536980 -0.00005447 1.31976668 0.00005031 0.00004666 0.31100954 0.00003757
2.52758929 0.06537000 -0.00005432 1.32099023 0.00005047 -0.00004110 0.31065964 0.00003472
2.53149351 0.06537011 -0.00005451 1.32220336 0.00005060 -0.00002728 0.31019441 -0.00001795
2.53539773 0.06537020 -0.00005465 1.32341894 0.00005052 -0.00002744 0.30977499 -0.00003863
2.53936869 0.06537021 -0.00005473 1.32464948 0.00005036 0.00006177 0.30931442 -0.00005206
2.54288496 0.06537020 -0.00005459 1.32573745 0.00005007 -0.00006155 0.30915705 -0.00004498
2.54642849 0.06537024 -0.00005450 1.32683626 0.00004996 0.00007900 0.30909062 -0.00007075
2.55005706 0.06537026 -0.00005403 1.32796609 0.00004969 0.00024154 0.30916488 -0.00006216
2.55377560 0.06537022 -0.00005326 1.32912025 0.00004960 0.00026796 0.30926295 -0.00007281
2.55755716 0.06537024 -0.00005253 1.33029683 0.00004917 0.00000793 0.30934144 -0.00002061
2.56143824 0.06537033 -0.00005220 1.33150388 0.00004916 0.00020622 0.30954742 0.00003432
2.56538925 0.06537043 -0.00005172 1.33273235 0.00004930 -0.00000580 0.30945846 0.00011832
2.56937650 0.06537066 -0.00005152 1.33397201 0.00004972 -0.00002854 0.30961941 0.00021066
2.57340102 0.06537093 -0.00005134 1.33522316 0.00005052 -0.00000271 0.30953440 0.00028488
2.57707860 0.06537124 -0.00005115 1.33636585 0.00005152 0.00002444 0.30944995 0.00035192
2.58085468 0.06537153 -0.00005089 1.33753825 0.00005278 0.00003066 0.30916903 0.00031308
2.58470005 0.06537169 -0.00005055 1.33873019 0.00005393 -0.00000449 0.30881137 0.00030332
2.58861797 0.06537184 -0.00005020 1.33994282 0.00005507 0.00017154 0.30851751 0.00026966
2.59257357 0.06537197 -0.00004968 1.34116604 0.00005609 0.00021305 0.30839054 0.00023243
2.59652917 0.06537204 -0.00004906 1.34238871 0.00005699 0.00024819 0.30827944 0.00014573
2.60029992 0.06537205 -0.00004840 1.34355486 0.00005754 0.00030144 0.30815026 0.00007846
2.60407068 0.06537201 -0.00004761 1.34472207 0.00005788 0.00029880 0.30810717 0.00005151
2.60791465 0.06537196 -0.00004670 1.34591248 0.00005814 0.00012926 0.30800682 0.00006793
2.61183551 0.06537196 -0.00004601 1.34712591 0.00005843 0.00006070 0.30786019 0.00004387
2.61542962 0.06537202 -0.00004552 1.34823797 0.00005859 0.00012136 0.30804638 -0.00002859
2.61916331 0.06537210 -0.00004493 1.34939269 0.00005851 0.00013931 0.30789639 -0.00007764
2.62301015 0.06537212 -0.00004426 1.35058113 0.00005822 0.00014262 0.30771461 -0.00008894
2.62685698 0.06537223 -0.00004379 1.35176882 0.00005801 0.00015507 0.30764982 -0.00007266
2.63074389 0.06537248 -0.00004306 1.35296755 0.00005760 0.00022264 0.30750625 -0.00005034
2.63467215 0.06537282 -0.00004238 1.35417831 0.00005746 0.00019873 0.30745131 0.00000576
2.63860040 0.06537323 -0.00004143 1.35538839 0.00005738 0.00038215 0.30762299 -0.00000820
2.64261595 0.06537343 -0.00004017 1.35662605 0.00005734 0.00029841 0.30719463 0.00006233
2.64601961 0.06537362 -0.00003911 1.35767504 0.00005749 0.00031071 0.30740233 0.00005353
2.64952437 0.06537360 -0.00003808 1.35875635 0.00005769 0.00028075 0.30716796 0.00009201
2.65317516 0.06537348 -0.00003703 1.35988287 0.00005803 0.00031881 0.30717272 0.00006565
2.65694499 0.06537330 -0.00003589 1.36104724 0.00005831 0.00028138 0.30705908 0.00007010
2.66075671 0.06537310 -0.00003473 1.36222425 0.00005862 0.00039991 0.30721053 0.00005576
2.66461175 0.06537293 -0.00003341 1.36341382 0.00005887 0.00044782 0.30718959 0.00005447
2.66846679 0.06537286 -0.00003199 1.36460215 0.00005914 0.00034589 0.30689341 0.00009540
2.67236718 0.06537290 -0.00003074 1.36580289 0.00005954 0.00024621 0.30653041 0.00013076
2.67631456 0.06537314 -0.00002974 1.36701581 0.00006002 0.00028735 0.30625759 0.00011725
2.68031068 0.06537340 -0.00002867 1.36824194 0.00006046 0.00026701 0.30588830 0.00015457
2.68435738 0.06537375 -0.00002756 1.36948279 0.00006099 0.00034027 0.30586339 0.00006674
2.68856595 0.06537409 -0.00002639 1.37077275 0.00006123 0.00009785 0.30567494 0.00008635
2.69218727 0.06537439 -0.00002579 1.37188275 0.00006153 0.00016376 0.30593065 0.00009693
2.69585171 0.06537467 -0.00002495 1.37300825 0.00006175 0.00018556 0.30600923 0.00010287
2.69956084 0.06537487 -0.00002428 1.37414834 0.00006222 0.00024269 0.30609565 0.00007603
2.70331633 0.06537491 -0.00002335 1.37530395 0.00006240 0.00015936 0.30595669 0.00008683
ffmpeg version 4.4.2-0ubuntu0.22.04.1 Copyright (c) 2000-2021 the FFmpeg developers
  built with gcc 11 (Ubuntu 11.2.0-19ubuntu1)
  configuration: --prefix=/usr --extra-version=0ubuntu0.22.04.1 --toolchain=hardened --libdir=/usr/lib/x86_64-linux-gnu --incdir=/usr/include/x86_64-linux-gnu --arch=amd64 --enable-gpl --disable-stripping --enable-gnutls --enable-ladspa --enable-libaom --enable-libass --enable-libbluray --enable-libbs2b --enable-libcaca --enable-libcdio --enable-libcodec2 --enable-libdav1d --enable-libflite --enable-libfontconfig --enable-libfreetype --enable-libfribidi --enable-libgme --enable-libgsm --enable-libjack --enable-libmp3lame --enable-libmysofa --enable-libopenjpeg --enable-libopenmpt --enable-libopus --enable-libpulse --enable-librabbitmq --enable-librubberband --enable-libshine --enable-libsnappy --enable-libsoxr --enable-libspeex --enable-libsrt --enable-libssh --enable-libtheora --enable-libtwolame --enable-libvidstab --enable-libvorbis --enable-libvpx --enable-libwebp --enable-libx265 --enable-libxml2 --enable-libxvid --enable-libzimg --enable-libzmq --enable-libzvbi --enable-lv2 --enable-omx --enable-openal --enable-opencl --enable-opengl --enable-sdl2 --enable-pocketsphinx --enable-librsvg --enable-libmfx --enable-libdc1394 --enable-libdrm --enable-libiec61883 --enable-chromaprint --enable-frei0r --enable-libx264 --enable-shared
  libavutil      56. 70.100 / 56. 70.100
  libavcodec     58.134.100 / 58.134.100
  libavformat    58. 76.100 / 58. 76.100
  libavdevice    58. 13.100 / 58. 13.100
  libavfilter     7.110.100 /  7.110.100
  libswscale      5.  9.100 /  5.  9.100
  libswresample   3.  9.100 /  3.  9.100
  libpostproc    55.  9.100 / 55.  9.100
Input #0, image2pipe, from 'pipe:':
  Duration: N/A, bitrate: N/A
  Stream #0:0: Video: ppm, rgb24, 720x720, 25 fps, 25 tbr, 25 tbn, 25 tbc
Stream mapping:
  Stream #0:0 -> #0:0 (ppm (native) -> h264 (libx264))
[libx264 @ 0x80b9d40] using cpu capabilities: MMX2 SSE2Fast SSSE3 SSE4.2 AVX FMA3 BMI2 AVX2
[libx264 @ 0x80b9d40] profile High, level 3.1, 4:2:0, 8-bit
Output #0, mpegts, to 'planvelo.mp4':
  Metadata:
    encoder         : Lavf58.76.100
  Stream #0:0: Video: h264, yuv420p(tv, progressive), 720x720, q=2-31, 25 fps, 90k tbn
    Metadata:
      encoder         : Lavc58.134.100 libx264
    Side data:
      cpb: bitrate max/min/avg: 0/0/0 buffer size: 0 vbv_delay: N/A
frame=    1 fps=0.0 q=15.0 size=       5kB time=00:00:00.00 bitrate=3828363.6kbits/s speed=N/A    frame=    6 fps=0.2 q=14.0 size=      32kB time=00:00:00.20 bitrate=1315.9kbits/s speed=0.00767x    frame=    7 fps=0.1 q=14.0 size=      38kB time=00:00:00.24 bitrate=1284.6kbits/s speed=0.0043x    frame=    8 fps=0.1 q=14.0 size=      43kB time=00:00:00.28 bitrate=1251.5kbits/s speed=0.00343x    frame=    9 fps=0.1 q=14.0 size=      48kB time=00:00:00.32 bitrate=1222.0kbits/s speed=0.00303x    frame=   10 fps=0.1 q=14.0 size=      53kB time=00:00:00.36 bitrate=1199.0kbits/s speed=0.00278x    frame=   11 fps=0.1 q=14.0 size=      57kB time=00:00:00.40 bitrate=1173.1kbits/s speed=0.00262x    frame=   12 fps=0.1 q=14.0 size=      62kB time=00:00:00.44 bitrate=1155.3kbits/s speed=0.00233x    frame=   13 fps=0.1 q=14.0 size=      67kB time=00:00:00.48 bitrate=1149.9kbits/s speed=0.00224x    frame=   14 fps=0.1 q=14.0 size=      73kB time=00:00:00.52 bitrate=1142.4kbits/s speed=0.00216x    frame=   15 fps=0.1 q=14.0 size=      77kB time=00:00:00.56 bitrate=1133.3kbits/s speed=0.00193x    frame=   16 fps=0.0 q=14.0 size=      83kB time=00:00:00.60 bitrate=1133.0kbits/s speed=0.00177x    frame=   17 fps=0.0 q=14.0 size=      88kB time=00:00:00.64 bitrate=1125.6kbits/s speed=0.00166x    frame=   18 fps=0.0 q=14.0 size=      93kB time=00:00:00.68 bitrate=1123.6kbits/s speed=0.00163x    frame=   19 fps=0.0 q=14.0 size=      99kB time=00:00:00.72 bitrate=1125.9kbits/s speed=0.0016x    frame=   20 fps=0.0 q=15.0 size=     104kB time=00:00:00.76 bitrate=1120.1kbits/s speed=0.00158x    frame=   21 fps=0.0 q=14.0 size=     109kB time=00:00:00.80 bitrate=1118.6kbits/s speed=0.00152x    frame=   22 fps=0.0 q=14.0 size=     115kB time=00:00:00.84 bitrate=1122.6kbits/s speed=0.00149x    frame=   23 fps=0.0 q=15.0 size=     121kB time=00:00:00.88 bitrate=1126.3kbits/s speed=0.00142x    frame=   24 fps=0.0 q=15.0 size=     127kB time=00:00:00.92 bitrate=1132.9kbits/s speed=0.0014x    frame=   25 fps=0.0 q=15.0 size=     134kB time=00:00:00.96 bitrate=1140.5kbits/s speed=0.00139x    frame=   26 fps=0.0 q=14.0 size=     140kB time=00:00:01.00 bitrate=1143.0kbits/s speed=0.00136x    frame=   27 fps=0.0 q=15.0 size=     146kB time=00:00:01.04 bitrate=1151.1kbits/s speed=0.00134x    frame=   28 fps=0.0 q=15.0 size=     153kB time=00:00:01.08 bitrate=1158.6kbits/s speed=0.00132x    frame=   29 fps=0.0 q=15.0 size=     158kB time=00:00:01.12 bitrate=1158.9kbits/s speed=0.0013x    frame=   30 fps=0.0 q=15.0 size=     164kB time=00:00:01.16 bitrate=1161.7kbits/s speed=0.00127x    frame=   31 fps=0.0 q=15.0 size=     171kB time=00:00:01.20 bitrate=1164.3kbits/s speed=0.00126x    frame=   32 fps=0.0 q=15.0 size=     177kB time=00:00:01.24 bitrate=1169.2kbits/s speed=0.00124x    frame=   33 fps=0.0 q=15.0 size=     183kB time=00:00:01.28 bitrate=1170.3kbits/s speed=0.00123x    frame=   34 fps=0.0 q=15.0 size=     189kB time=00:00:01.32 bitrate=1173.6kbits/s speed=0.0012x    frame=   35 fps=0.0 q=15.0 size=     195kB time=00:00:01.36 bitrate=1176.6kbits/s speed=0.00119x    frame=   36 fps=0.0 q=15.0 size=     201kB time=00:00:01.40 bitrate=1177.4kbits/s speed=0.00118x    frame=   37 fps=0.0 q=15.0 size=     208kB time=00:00:01.44 bitrate=1181.3kbits/s speed=0.00117x    frame=   38 fps=0.0 q=15.0 size=     214kB time=00:00:01.48 bitrate=1182.9kbits/s speed=0.00117x    frame=   39 fps=0.0 q=15.0 size=     220kB time=00:00:01.52 bitrate=1183.4kbits/s speed=0.00116x    frame=   40 fps=0.0 q=15.0 size=     226kB time=00:00:01.56 bitrate=1186.8kbits/s speed=0.00116x    frame=   41 fps=0.0 q=15.0 size=     231kB time=00:00:01.60 bitrate=1184.4kbits/s speed=0.00116x    frame=   42 fps=0.0 q=15.0 size=     238kB time=00:00:01.64 bitrate=1186.7kbits/s speed=0.00115x    frame=   43 fps=0.0 q=15.0 size=     244kB time=00:00:01.68 bitrate=1188.9kbits/s speed=0.00115x    frame=   44 fps=0.0 q=15.0 size=     250kB time=00:00:01.72 bitrate=1188.3kbits/s speed=0.00115x    frame=   45 fps=0.0 q=15.0 size=     255kB time=00:00:01.76 bitrate=1187.8kbits/s speed=0.00115x    frame=   46 fps=0.0 q=15.0 size=     256kB time=00:00:01.80 bitrate=1165.1kbits/s speed=0.00116x    frame=   47 fps=0.0 q=15.0 size=     256kB time=00:00:01.84 bitrate=1139.7kbits/s speed=0.00116x    frame=   48 fps=0.0 q=15.0 size=     256kB time=00:00:01.88 bitrate=1115.5kbits/s speed=0.00116x    frame=   49 fps=0.0 q=15.0 size=     256kB time=00:00:01.92 bitrate=1092.3kbits/s speed=0.00117x    frame=   50 fps=0.0 q=14.0 size=     256kB time=00:00:01.96 bitrate=1070.0kbits/s speed=0.00117x    frame=   51 fps=0.0 q=14.0 size=     256kB time=00:00:02.00 bitrate=1048.6kbits/s speed=0.00117x    frame=   52 fps=0.0 q=14.0 size=     256kB time=00:00:02.04 bitrate=1028.0kbits/s speed=0.00117x    frame=   53 fps=0.0 q=15.0 size=     256kB time=00:00:02.08 bitrate=1008.2kbits/s speed=0.00118x    frame=   54 fps=0.0 q=15.0 size=     256kB time=00:00:02.12 bitrate= 989.2kbits/s speed=0.00117x    frame=   55 fps=0.0 q=14.0 size=     256kB time=00:00:02.16 bitrate= 970.9kbits/s speed=0.00117x    frame=   56 fps=0.0 q=14.0 size=     256kB time=00:00:02.20 bitrate= 953.2kbits/s speed=0.00117x    frame=   57 fps=0.0 q=14.0 size=     256kB time=00:00:02.24 bitrate= 936.2kbits/s speed=0.00117x    frame=   58 fps=0.0 q=14.0 size=     256kB time=00:00:02.28 bitrate= 919.8kbits/s speed=0.00117x    frame=   59 fps=0.0 q=14.0 size=     256kB time=00:00:02.32 bitrate= 903.9kbits/s speed=0.00116x    frame=   60 fps=0.0 q=14.0 size=     256kB time=00:00:02.36 bitrate= 888.6kbits/s speed=0.00117x    frame=   61 fps=0.0 q=14.0 size=     256kB time=00:00:02.40 bitrate= 873.8kbits/s speed=0.00116x    frame=   62 fps=0.0 q=14.0 size=     256kB time=00:00:02.44 bitrate= 859.5kbits/s speed=0.00116x    frame=   63 fps=0.0 q=14.0 size=     256kB time=00:00:02.48 bitrate= 845.6kbits/s speed=0.00115x    frame=   64 fps=0.0 q=14.0 size=     256kB time=00:00:02.52 bitrate= 832.2kbits/s speed=0.00114x    frame=   65 fps=0.0 q=14.0 size=     256kB time=00:00:02.56 bitrate= 819.2kbits/s speed=0.00113x    frame=   66 fps=0.0 q=14.0 size=     256kB time=00:00:02.60 bitrate= 806.6kbits/s speed=0.00113x    frame=   67 fps=0.0 q=14.0 size=     256kB time=00:00:02.64 bitrate= 794.4kbits/s speed=0.00113x    frame=   68 fps=0.0 q=14.0 size=     256kB time=00:00:02.68 bitrate= 782.5kbits/s speed=0.00113x    frame=   69 fps=0.0 q=14.0 size=     256kB time=00:00:02.72 bitrate= 771.0kbits/s speed=0.00112x    frame=   70 fps=0.0 q=14.0 size=     256kB time=00:00:02.76 bitrate= 759.8kbits/s speed=0.00111x    frame=   71 fps=0.0 q=14.0 size=     256kB time=00:00:02.80 bitrate= 749.0kbits/s speed=0.0011x    frame=   72 fps=0.0 q=14.0 size=     256kB time=00:00:02.84 bitrate= 738.4kbits/s speed=0.00111x    frame=   73 fps=0.0 q=14.0 size=     256kB time=00:00:02.88 bitrate= 728.2kbits/s speed=0.0011x    frame=   74 fps=0.0 q=14.0 size=     256kB time=00:00:02.92 bitrate= 718.2kbits/s speed=0.0011x    frame=   75 fps=0.0 q=14.0 size=     256kB time=00:00:02.96 bitrate= 708.5kbits/s speed=0.0011x    frame=   76 fps=0.0 q=14.0 size=     256kB time=00:00:03.00 bitrate= 699.0kbits/s speed=0.00109x    frame=   77 fps=0.0 q=14.0 size=     256kB time=00:00:03.04 bitrate= 689.9kbits/s speed=0.00109x    frame=   78 fps=0.0 q=14.0 size=     256kB time=00:00:03.08 bitrate= 680.9kbits/s speed=0.0011x    frame=   79 fps=0.0 q=14.0 size=     256kB time=00:00:03.12 bitrate= 672.2kbits/s speed=0.0011x    frame=   80 fps=0.0 q=14.0 size=     256kB time=00:00:03.16 bitrate= 663.7kbits/s speed=0.0011x    frame=   81 fps=0.0 q=14.0 size=     256kB time=00:00:03.20 bitrate= 655.4kbits/s speed=0.0011x    frame=   82 fps=0.0 q=14.0 size=     256kB time=00:00:03.24 bitrate= 647.3kbits/s speed=0.0011x    frame=   83 fps=0.0 q=14.0 size=     256kB time=00:00:03.28 bitrate= 639.4kbits/s speed=0.00109x    frame=   84 fps=0.0 q=14.0 size=     256kB time=00:00:03.32 bitrate= 631.7kbits/s speed=0.00109x    frame=   85 fps=0.0 q=14.0 size=     256kB time=00:00:03.36 bitrate= 624.2kbits/s speed=0.00109x    frame=   86 fps=0.0 q=14.0 size=     256kB time=00:00:03.40 bitrate= 616.8kbits/s speed=0.00109x    frame=   87 fps=0.0 q=14.0 size=     256kB time=00:00:03.44 bitrate= 609.6kbits/s speed=0.00109x    frame=   88 fps=0.0 q=14.0 size=     256kB time=00:00:03.48 bitrate= 602.6kbits/s speed=0.00109x    Error while decoding stream #0:0: Invalid data found when processing input
frame=   88 fps=0.0 q=14.0 size=     256kB time=00:00:03.48 bitrate= 602.6kbits/s speed=0.00107x    frame=   88 fps=0.0 q=14.0 Lsize=     478kB time=00:00:03.48 bitrate=1124.1kbits/s speed=0.00107x    
video:445kB audio:0kB subtitle:0kB other streams:0kB global headers:0kB muxing overhead: 7.389171%
[libx264 @ 0x80b9d40] frame I:1     Avg QP: 0.57  size:  4490
[libx264 @ 0x80b9d40] frame P:87    Avg QP: 4.90  size:  5182
[libx264 @ 0x80b9d40] mb I  I16..4: 96.7%  0.1%  3.2%
[libx264 @ 0x80b9d40] mb P  I16..4:  0.7%  0.4%  0.1%  P16..4:  9.5%  4.3%  3.4%  0.0%  0.0%    skip:81.6%
[libx264 @ 0x80b9d40] 8x8 transform intra:17.5% inter:45.7%
[libx264 @ 0x80b9d40] coded y,uvDC,uvAC intra: 11.8% 34.0% 32.5% inter: 3.9% 15.9% 12.3%
[libx264 @ 0x80b9d40] i16 v,h,dc,p: 80%  1% 18%  1%
[libx264 @ 0x80b9d40] i8 v,h,dc,ddl,ddr,vr,hd,vl,hu: 16%  3% 51%  6%  3% 10%  2%  4%  5%
[libx264 @ 0x80b9d40] i4 v,h,dc,ddl,ddr,vr,hd,vl,hu: 17%  4% 51%  9%  4%  7%  1%  3%  3%
[libx264 @ 0x80b9d40] i8c dc,h,v,p: 78%  6% 11%  6%
[libx264 @ 0x80b9d40] Weighted P-Frames: Y:0.0% UV:0.0%
[libx264 @ 0x80b9d40] ref P L0: 56.6%  3.9% 12.3% 10.2%  6.4% 10.5%
[libx264 @ 0x80b9d40] kb/s:1034.87
Exiting normally, received signal 2.
ffmpeg version 4.4.2-0ubuntu0.22.04.1 Copyright (c) 2000-2021 the FFmpeg developers
  built with gcc 11 (Ubuntu 11.2.0-19ubuntu1)
  configuration: --prefix=/usr --extra-version=0ubuntu0.22.04.1 --toolchain=hardened --libdir=/usr/lib/x86_64-linux-gnu --incdir=/usr/include/x86_64-linux-gnu --arch=amd64 --enable-gpl --disable-stripping --enable-gnutls --enable-ladspa --enable-libaom --enable-libass --enable-libbluray --enable-libbs2b --enable-libcaca --enable-libcdio --enable-libcodec2 --enable-libdav1d --enable-libflite --enable-libfontconfig --enable-libfreetype --enable-libfribidi --enable-libgme --enable-libgsm --enable-libjack --enable-libmp3lame --enable-libmysofa --enable-libopenjpeg --enable-libopenmpt --enable-libopus --enable-libpulse --enable-librabbitmq --enable-librubberband --enable-libshine --enable-libsnappy --enable-libsoxr --enable-libspeex --enable-libsrt --enable-libssh --enable-libtheora --enable-libtwolame --enable-libvidstab --enable-libvorbis --enable-libvpx --enable-libwebp --enable-libx265 --enable-libxml2 --enable-libxvid --enable-libzimg --enable-libzmq --enable-libzvbi --enable-lv2 --enable-omx --enable-openal --enable-opencl --enable-opengl --enable-sdl2 --enable-pocketsphinx --enable-librsvg --enable-libmfx --enable-libdc1394 --enable-libdrm --enable-libiec61883 --enable-chromaprint --enable-frei0r --enable-libx264 --enable-shared
  libavutil      56. 70.100 / 56. 70.100
  libavcodec     58.134.100 / 58.134.100
  libavformat    58. 76.100 / 58. 76.100
  libavdevice    58. 13.100 / 58. 13.100
  libavfilter     7.110.100 /  7.110.100
  libswscale      5.  9.100 /  5.  9.100
  libswresample   3.  9.100 /  3.  9.100
  libpostproc    55.  9.100 / 55.  9.100
Input #0, image2pipe, from 'pipe:':
  Duration: N/A, bitrate: N/A
  Stream #0:0: Video: ppm, rgb24, 720x720, 25 fps, 25 tbr, 25 tbn, 25 tbc
Stream mapping:
  Stream #0:0 -> #0:0 (ppm (native) -> h264 (libx264))
[libx264 @ 0x80b9d40] using cpu capabilities: MMX2 SSE2Fast SSSE3 SSE4.2 AVX FMA3 BMI2 AVX2
[libx264 @ 0x80b9d40] profile High, level 3.1, 4:2:0, 8-bit
Output #0, mpegts, to 'axivelo.mp4':
  Metadata:
    encoder         : Lavf58.76.100
  Stream #0:0: Video: h264, yuv420p(tv, progressive), 720x720, q=2-31, 25 fps, 90k tbn
    Metadata:
      encoder         : Lavc58.134.100 libx264
    Side data:
      cpb: bitrate max/min/avg: 0/0/0 buffer size: 0 vbv_delay: N/A
frame=    1 fps=0.0 q=15.0 size=       5kB time=00:00:00.00 bitrate=3828363.6kbits/s speed=  11x    frame=    6 fps=0.2 q=15.0 size=      38kB time=00:00:00.20 bitrate=1564.1kbits/s speed=0.00766x    frame=    7 fps=0.1 q=15.0 size=      45kB time=00:00:00.24 bitrate=1522.7kbits/s speed=0.0043x    frame=    8 fps=0.1 q=15.0 size=      50kB time=00:00:00.28 bitrate=1466.3kbits/s speed=0.00343x    frame=    9 fps=0.1 q=15.0 size=      56kB time=00:00:00.32 bitrate=1433.5kbits/s speed=0.00302x    frame=   10 fps=0.1 q=14.0 size=      61kB time=00:00:00.36 bitrate=1395.3kbits/s speed=0.00278x    frame=   11 fps=0.1 q=14.0 size=      67kB time=00:00:00.40 bitrate=1368.6kbits/s speed=0.00262x    frame=   12 fps=0.1 q=14.0 size=      72kB time=00:00:00.44 bitrate=1343.3kbits/s speed=0.00233x    frame=   13 fps=0.1 q=14.0 size=      78kB time=00:00:00.48 bitrate=1325.4kbits/s speed=0.00224x    frame=   14 fps=0.1 q=14.0 size=      83kB time=00:00:00.52 bitrate=1307.3kbits/s speed=0.00216x    frame=   15 fps=0.1 q=15.0 size=      88kB time=00:00:00.56 bitrate=1289.1kbits/s speed=0.00193x    frame=   16 fps=0.0 q=15.0 size=      94kB time=00:00:00.60 bitrate=1280.9kbits/s speed=0.00177x    frame=   17 fps=0.0 q=15.0 size=      99kB time=00:00:00.64 bitrate=1269.0kbits/s speed=0.00166x    frame=   18 fps=0.0 q=15.0 size=     104kB time=00:00:00.68 bitrate=1256.3kbits/s speed=0.00163x    frame=   19 fps=0.0 q=15.0 size=     110kB time=00:00:00.72 bitrate=1249.1kbits/s speed=0.0016x    frame=   20 fps=0.0 q=15.0 size=     115kB time=00:00:00.76 bitrate=1242.8kbits/s speed=0.00158x    frame=   21 fps=0.0 q=15.0 size=     121kB time=00:00:00.80 bitrate=1238.9kbits/s speed=0.00152x    frame=   22 fps=0.0 q=15.0 size=     127kB time=00:00:00.84 bitrate=1240.8kbits/s speed=0.00149x    frame=   23 fps=0.0 q=15.0 size=     133kB time=00:00:00.88 bitrate=1242.5kbits/s speed=0.00142x    frame=   24 fps=0.0 q=15.0 size=     140kB time=00:00:00.92 bitrate=1247.3kbits/s speed=0.0014x    frame=   25 fps=0.0 q=15.0 size=     147kB time=00:00:00.96 bitrate=1251.8kbits/s speed=0.00139x    frame=   26 fps=0.0 q=15.0 size=     153kB time=00:00:01.00 bitrate=1255.8kbits/s speed=0.00136x    frame=   27 fps=0.0 q=15.0 size=     160kB time=00:00:01.04 bitrate=1261.0kbits/s speed=0.00134x    frame=   28 fps=0.0 q=15.0 size=     167kB time=00:00:01.08 bitrate=1270.0kbits/s speed=0.00132x    frame=   29 fps=0.0 q=15.0 size=     174kB time=00:00:01.12 bitrate=1273.0kbits/s speed=0.0013x    frame=   30 fps=0.0 q=15.0 size=     180kB time=00:00:01.16 bitrate=1273.2kbits/s speed=0.00127x    frame=   31 fps=0.0 q=15.0 size=     187kB time=00:00:01.20 bitrate=1277.1kbits/s speed=0.00126x    frame=   32 fps=0.0 q=15.0 size=     193kB time=00:00:01.24 bitrate=1277.2kbits/s speed=0.00124x    frame=   33 fps=0.0 q=15.0 size=     200kB time=00:00:01.28 bitrate=1279.6kbits/s speed=0.00123x    frame=   34 fps=0.0 q=15.0 size=     207kB time=00:00:01.32 bitrate=1285.2kbits/s speed=0.0012x    frame=   35 fps=0.0 q=15.0 size=     214kB time=00:00:01.36 bitrate=1289.4kbits/s speed=0.00119x    frame=   36 fps=0.0 q=15.0 size=     220kB time=00:00:01.40 bitrate=1289.1kbits/s speed=0.00118x    frame=   37 fps=0.0 q=15.0 size=     227kB time=00:00:01.44 bitrate=1289.9kbits/s speed=0.00117x    frame=   38 fps=0.0 q=15.0 size=     233kB time=00:00:01.48 bitrate=1288.6kbits/s speed=0.00117x    frame=   39 fps=0.0 q=15.0 size=     239kB time=00:00:01.52 bitrate=1287.3kbits/s speed=0.00116x    frame=   40 fps=0.0 q=15.0 size=     246kB time=00:00:01.56 bitrate=1290.9kbits/s speed=0.00116x    frame=   41 fps=0.0 q=15.0 size=     252kB time=00:00:01.60 bitrate=1289.7kbits/s speed=0.00116x    frame=   42 fps=0.0 q=15.0 size=     256kB time=00:00:01.64 bitrate=1278.7kbits/s speed=0.00115x    frame=   43 fps=0.0 q=15.0 size=     256kB time=00:00:01.68 bitrate=1248.3kbits/s speed=0.00115x    frame=   44 fps=0.0 q=15.0 size=     256kB time=00:00:01.72 bitrate=1219.3kbits/s speed=0.00115x    frame=   45 fps=0.0 q=15.0 size=     256kB time=00:00:01.76 bitrate=1191.6kbits/s speed=0.00115x    frame=   46 fps=0.0 q=15.0 size=     256kB time=00:00:01.80 bitrate=1165.1kbits/s speed=0.00116x    frame=   47 fps=0.0 q=15.0 size=     256kB time=00:00:01.84 bitrate=1139.7kbits/s speed=0.00116x    frame=   48 fps=0.0 q=15.0 size=     256kB time=00:00:01.88 bitrate=1115.5kbits/s speed=0.00116x    frame=   49 fps=0.0 q=15.0 size=     256kB time=00:00:01.92 bitrate=1092.3kbits/s speed=0.00117x    frame=   50 fps=0.0 q=15.0 size=     256kB time=00:00:01.96 bitrate=1070.0kbits/s speed=0.00117x    frame=   51 fps=0.0 q=15.0 size=     256kB time=00:00:02.00 bitrate=1048.6kbits/s speed=0.00117x    frame=   52 fps=0.0 q=15.0 size=     256kB time=00:00:02.04 bitrate=1028.0kbits/s speed=0.00117x    frame=   53 fps=0.0 q=15.0 size=     256kB time=00:00:02.08 bitrate=1008.2kbits/s speed=0.00118x    frame=   54 fps=0.0 q=15.0 size=     256kB time=00:00:02.12 bitrate= 989.2kbits/s speed=0.00117x    frame=   55 fps=0.0 q=15.0 size=     256kB time=00:00:02.16 bitrate= 970.9kbits/s speed=0.00117x    frame=   56 fps=0.0 q=15.0 size=     256kB time=00:00:02.20 bitrate= 953.2kbits/s speed=0.00117x    frame=   57 fps=0.0 q=15.0 size=     256kB time=00:00:02.24 bitrate= 936.2kbits/s speed=0.00117x    frame=   58 fps=0.0 q=15.0 size=     256kB time=00:00:02.28 bitrate= 919.8kbits/s speed=0.00117x    frame=   59 fps=0.0 q=15.0 size=     256kB time=00:00:02.32 bitrate= 903.9kbits/s speed=0.00116x    frame=   60 fps=0.0 q=15.0 size=     256kB time=00:00:02.36 bitrate= 888.6kbits/s speed=0.00117x    frame=   61 fps=0.0 q=15.0 size=     256kB time=00:00:02.40 bitrate= 873.8kbits/s speed=0.00116x    frame=   62 fps=0.0 q=15.0 size=     256kB time=00:00:02.44 bitrate= 859.5kbits/s speed=0.00116x    frame=   63 fps=0.0 q=15.0 size=     256kB time=00:00:02.48 bitrate= 845.6kbits/s speed=0.00115x    frame=   64 fps=0.0 q=15.0 size=     256kB time=00:00:02.52 bitrate= 832.2kbits/s speed=0.00114x    frame=   65 fps=0.0 q=15.0 size=     256kB time=00:00:02.56 bitrate= 819.2kbits/s speed=0.00113x    frame=   66 fps=0.0 q=15.0 size=     256kB time=00:00:02.60 bitrate= 806.6kbits/s speed=0.00113x    frame=   67 fps=0.0 q=15.0 size=     256kB time=00:00:02.64 bitrate= 794.4kbits/s speed=0.00113x    frame=   68 fps=0.0 q=15.0 size=     256kB time=00:00:02.68 bitrate= 782.5kbits/s speed=0.00112x    frame=   69 fps=0.0 q=15.0 size=     256kB time=00:00:02.72 bitrate= 771.0kbits/s speed=0.00112x    frame=   70 fps=0.0 q=15.0 size=     256kB time=00:00:02.76 bitrate= 759.8kbits/s speed=0.00111x    frame=   71 fps=0.0 q=15.0 size=     256kB time=00:00:02.80 bitrate= 749.0kbits/s speed=0.0011x    frame=   72 fps=0.0 q=15.0 size=     256kB time=00:00:02.84 bitrate= 738.4kbits/s speed=0.0011x    frame=   73 fps=0.0 q=15.0 size=     256kB time=00:00:02.88 bitrate= 728.2kbits/s speed=0.0011x    frame=   74 fps=0.0 q=15.0 size=     256kB time=00:00:02.92 bitrate= 718.2kbits/s speed=0.0011x    frame=   75 fps=0.0 q=15.0 size=     256kB time=00:00:02.96 bitrate= 708.5kbits/s speed=0.0011x    frame=   76 fps=0.0 q=15.0 size=     256kB time=00:00:03.00 bitrate= 699.0kbits/s speed=0.00109x    frame=   77 fps=0.0 q=15.0 size=     256kB time=00:00:03.04 bitrate= 689.9kbits/s speed=0.00109x    frame=   78 fps=0.0 q=15.0 size=     256kB time=00:00:03.08 bitrate= 680.9kbits/s speed=0.0011x    frame=   79 fps=0.0 q=15.0 size=     256kB time=00:00:03.12 bitrate= 672.2kbits/s speed=0.0011x    frame=   80 fps=0.0 q=15.0 size=     256kB time=00:00:03.16 bitrate= 663.7kbits/s speed=0.0011x    frame=   81 fps=0.0 q=15.0 size=     256kB time=00:00:03.20 bitrate= 655.4kbits/s speed=0.0011x    frame=   82 fps=0.0 q=15.0 size=     256kB time=00:00:03.24 bitrate= 647.3kbits/s speed=0.0011x    frame=   83 fps=0.0 q=15.0 size=     256kB time=00:00:03.28 bitrate= 639.4kbits/s speed=0.00109x    frame=   84 fps=0.0 q=15.0 size=     256kB time=00:00:03.32 bitrate= 631.7kbits/s speed=0.00109x    frame=   85 fps=0.0 q=15.0 size=     256kB time=00:00:03.36 bitrate= 624.2kbits/s speed=0.00109x    frame=   86 fps=0.0 q=15.0 size=     256kB time=00:00:03.40 bitrate= 616.8kbits/s speed=0.00109x    frame=   87 fps=0.0 q=15.0 size=     512kB time=00:00:03.44 bitrate=1219.3kbits/s speed=0.00109x    frame=   88 fps=0.0 q=15.0 size=     512kB time=00:00:03.48 bitrate=1205.3kbits/s speed=0.00109x    Error while decoding stream #0:0: Invalid data found when processing input
frame=   88 fps=0.0 q=15.0 size=     512kB time=00:00:03.48 bitrate=1205.3kbits/s speed=0.00107x    frame=   88 fps=0.0 q=15.0 Lsize=     520kB time=00:00:03.48 bitrate=1224.8kbits/s speed=0.00107x    
video:487kB audio:0kB subtitle:0kB other streams:0kB global headers:0kB muxing overhead: 6.757396%
[libx264 @ 0x80b9d40] frame I:1     Avg QP: 0.57  size:  4490
[libx264 @ 0x80b9d40] frame P:87    Avg QP: 6.05  size:  5685
[libx264 @ 0x80b9d40] mb I  I16..4: 96.7%  0.1%  3.2%
[libx264 @ 0x80b9d40] mb P  I16..4:  0.6%  0.4%  0.1%  P16..4:  9.8%  5.1%  3.4%  0.0%  0.0%    skip:80.6%
[libx264 @ 0x80b9d40] 8x8 transform intra:18.1% inter:42.1%
[libx264 @ 0x80b9d40] coded y,uvDC,uvAC intra: 14.6% 33.5% 31.9% inter: 6.8% 16.6% 11.1%
[libx264 @ 0x80b9d40] i16 v,h,dc,p: 79%  1% 19%  0%
[libx264 @ 0x80b9d40] i8 v,h,dc,ddl,ddr,vr,hd,vl,hu: 21%  3% 44%  7%  3%  9%  2%  4%  6%
[libx264 @ 0x80b9d40] i4 v,h,dc,ddl,ddr,vr,hd,vl,hu: 22%  4% 40%  8%  3% 14%  2%  4%  3%
[libx264 @ 0x80b9d40] i8c dc,h,v,p: 78%  5% 12%  5%
[libx264 @ 0x80b9d40] Weighted P-Frames: Y:0.0% UV:0.0%
[libx264 @ 0x80b9d40] ref P L0: 57.0%  7.7%  9.2%  8.9%  6.8% 10.3%
[libx264 @ 0x80b9d40] kb/s:1134.25
Exiting normally, received signal 2.
ffmpeg version 4.4.2-0ubuntu0.22.04.1 Copyright (c) 2000-2021 the FFmpeg developers
  built with gcc 11 (Ubuntu 11.2.0-19ubuntu1)
  configuration: --prefix=/usr --extra-version=0ubuntu0.22.04.1 --toolchain=hardened --libdir=/usr/lib/x86_64-linux-gnu --incdir=/usr/include/x86_64-linux-gnu --arch=amd64 --enable-gpl --disable-stripping --enable-gnutls --enable-ladspa --enable-libaom --enable-libass --enable-libbluray --enable-libbs2b --enable-libcaca --enable-libcdio --enable-libcodec2 --enable-libdav1d --enable-libflite --enable-libfontconfig --enable-libfreetype --enable-libfribidi --enable-libgme --enable-libgsm --enable-libjack --enable-libmp3lame --enable-libmysofa --enable-libopenjpeg --enable-libopenmpt --enable-libopus --enable-libpulse --enable-librabbitmq --enable-librubberband --enable-libshine --enable-libsnappy --enable-libsoxr --enable-libspeex --enable-libsrt --enable-libssh --enable-libtheora --enable-libtwolame --enable-libvidstab --enable-libvorbis --enable-libvpx --enable-libwebp --enable-libx265 --enable-libxml2 --enable-libxvid --enable-libzimg --enable-libzmq --enable-libzvbi --enable-lv2 --enable-omx --enable-openal --enable-opencl --enable-opengl --enable-sdl2 --enable-pocketsphinx --enable-librsvg --enable-libmfx --enable-libdc1394 --enable-libdrm --enable-libiec61883 --enable-chromaprint --enable-frei0r --enable-libx264 --enable-shared
  libavutil      56. 70.100 / 56. 70.100
  libavcodec     58.134.100 / 58.134.100
  libavformat    58. 76.100 / 58. 76.100
  libavdevice    58. 13.100 / 58. 13.100
  libavfilter     7.110.100 /  7.110.100
  libswscale      5.  9.100 /  5.  9.100
  libswresample   3.  9.100 /  3.  9.100
  libpostproc    55.  9.100 / 55.  9.100
Input #0, image2pipe, from 'pipe:':
  Duration: N/A, bitrate: N/A
  Stream #0:0: Video: ppm, rgb24, 720x720, 25 fps, 25 tbr, 25 tbn, 25 tbc
Stream mapping:
  Stream #0:0 -> #0:0 (ppm (native) -> h264 (libx264))
[libx264 @ 0x80b9d40] using cpu capabilities: MMX2 SSE2Fast SSSE3 SSE4.2 AVX FMA3 BMI2 AVX2
[libx264 @ 0x80b9d40] profile High, level 3.1, 4:2:0, 8-bit
Output #0, mpegts, to 'field.mp4':
  Metadata:
    encoder         : Lavf58.76.100
  Stream #0:0: Video: h264, yuv420p(tv, progressive), 720x720, q=2-31, 25 fps, 90k tbn
    Metadata:
      encoder         : Lavc58.134.100 libx264
    Side data:
      cpb: bitrate max/min/avg: 0/0/0 buffer size: 0 vbv_delay: N/A
frame=    1 fps=0.0 q=15.0 size=      10kB time=00:00:00.00 bitrate=7246545.5kbits/s speed=  11x    frame=    6 fps=0.2 q=14.0 size=      25kB time=00:00:00.20 bitrate=1015.1kbits/s speed=0.00766x    frame=    7 fps=0.1 q=14.0 size=      28kB time=00:00:00.24 bitrate= 965.0kbits/s speed=0.0043x    frame=    8 fps=0.1 q=14.0 size=      31kB time=00:00:00.28 bitrate= 918.5kbits/s speed=0.00343x    frame=    9 fps=0.1 q=14.0 size=      35kB time=00:00:00.32 bitrate= 883.6kbits/s speed=0.00302x    frame=   10 fps=0.1 q=14.0 size=      38kB time=00:00:00.36 bitrate= 864.8kbits/s speed=0.00278x    frame=   11 fps=0.1 q=14.0 size=      41kB time=00:00:00.40 bitrate= 842.2kbits/s speed=0.00262x    frame=   12 fps=0.1 q=15.0 size=      44kB time=00:00:00.44 bitrate= 823.8kbits/s speed=0.00233x    frame=   13 fps=0.1 q=14.0 size=      48kB time=00:00:00.48 bitrate= 814.6kbits/s speed=0.00224x    frame=   14 fps=0.1 q=15.0 size=      51kB time=00:00:00.52 bitrate= 806.9kbits/s speed=0.00216x    frame=   15 fps=0.1 q=15.0 size=      55kB time=00:00:00.56 bitrate= 797.6kbits/s speed=0.00193x    frame=   16 fps=0.0 q=15.0 size=      58kB time=00:00:00.60 bitrate= 794.6kbits/s speed=0.00177x    frame=   17 fps=0.0 q=15.0 size=      62kB time=00:00:00.64 bitrate= 789.6kbits/s speed=0.00166x    frame=   18 fps=0.0 q=15.0 size=      65kB time=00:00:00.68 bitrate= 778.5kbits/s speed=0.00163x    frame=   19 fps=0.0 q=15.0 size=      68kB time=00:00:00.72 bitrate= 779.1kbits/s speed=0.0016x    frame=   20 fps=0.0 q=15.0 size=      71kB time=00:00:00.76 bitrate= 769.8kbits/s speed=0.00158x    frame=   21 fps=0.0 q=15.0 size=      75kB time=00:00:00.80 bitrate= 765.1kbits/s speed=0.00152x    frame=   22 fps=0.0 q=15.0 size=      78kB time=00:00:00.84 bitrate= 764.5kbits/s speed=0.00149x    frame=   23 fps=0.0 q=15.0 size=      82kB time=00:00:00.88 bitrate= 762.2kbits/s speed=0.00142x    frame=   24 fps=0.0 q=15.0 size=      85kB time=00:00:00.92 bitrate= 758.5kbits/s speed=0.0014x    frame=   25 fps=0.0 q=15.0 size=      89kB time=00:00:00.96 bitrate= 761.4kbits/s speed=0.00139x    frame=   26 fps=0.0 q=15.0 size=      93kB time=00:00:01.00 bitrate= 761.0kbits/s speed=0.00136x    frame=   27 fps=0.0 q=15.0 size=      97kB time=00:00:01.04 bitrate= 760.7kbits/s speed=0.00134x    frame=   28 fps=0.0 q=15.0 size=     101kB time=00:00:01.08 bitrate= 764.5kbits/s speed=0.00132x    frame=   29 fps=0.0 q=15.0 size=     104kB time=00:00:01.12 bitrate= 761.4kbits/s speed=0.0013x    frame=   30 fps=0.0 q=15.0 size=     108kB time=00:00:01.16 bitrate= 759.8kbits/s speed=0.00127x    frame=   31 fps=0.0 q=15.0 size=     111kB time=00:00:01.20 bitrate= 758.3kbits/s speed=0.00126x    frame=   32 fps=0.0 q=15.0 size=     115kB time=00:00:01.24 bitrate= 758.1kbits/s speed=0.00124x    frame=   33 fps=0.0 q=15.0 size=     118kB time=00:00:01.28 bitrate= 756.7kbits/s speed=0.00123x    frame=   34 fps=0.0 q=15.0 size=     122kB time=00:00:01.32 bitrate= 758.8kbits/s speed=0.0012x    frame=   35 fps=0.0 q=15.0 size=     126kB time=00:00:01.36 bitrate= 759.7kbits/s speed=0.00119x    frame=   36 fps=0.0 q=15.0 size=     130kB time=00:00:01.40 bitrate= 758.4kbits/s speed=0.00118x    frame=   37 fps=0.0 q=15.0 size=     134kB time=00:00:01.44 bitrate= 761.4kbits/s speed=0.00117x    frame=   38 fps=0.0 q=15.0 size=     138kB time=00:00:01.48 bitrate= 762.2kbits/s speed=0.00117x    frame=   39 fps=0.0 q=15.0 size=     141kB time=00:00:01.52 bitrate= 761.9kbits/s speed=0.00116x    frame=   40 fps=0.0 q=15.0 size=     146kB time=00:00:01.56 bitrate= 764.5kbits/s speed=0.00116x    frame=   41 fps=0.0 q=15.0 size=     149kB time=00:00:01.60 bitrate= 765.2kbits/s speed=0.00116x    frame=   42 fps=0.0 q=15.0 size=     153kB time=00:00:01.64 bitrate= 764.8kbits/s speed=0.00115x    frame=   43 fps=0.0 q=15.0 size=     157kB time=00:00:01.68 bitrate= 766.3kbits/s speed=0.00115x    frame=   44 fps=0.0 q=15.0 size=     161kB time=00:00:01.72 bitrate= 766.0kbits/s speed=0.00115x    frame=   45 fps=0.0 q=15.0 size=     165kB time=00:00:01.76 bitrate= 767.4kbits/s speed=0.00115x    frame=   46 fps=0.0 q=15.0 size=     169kB time=00:00:01.80 bitrate= 768.7kbits/s speed=0.00116x    frame=   47 fps=0.0 q=15.0 size=     172kB time=00:00:01.84 bitrate= 767.5kbits/s speed=0.00116x    frame=   48 fps=0.0 q=15.0 size=     176kB time=00:00:01.88 bitrate= 767.2kbits/s speed=0.00116x    frame=   49 fps=0.0 q=15.0 size=     180kB time=00:00:01.92 bitrate= 769.2kbits/s speed=0.00117x    frame=   50 fps=0.0 q=15.0 size=     184kB time=00:00:01.96 bitrate= 768.9kbits/s speed=0.00117x    frame=   51 fps=0.0 q=15.0 size=     188kB time=00:00:02.00 bitrate= 768.5kbits/s speed=0.00117x    frame=   52 fps=0.0 q=15.0 size=     192kB time=00:00:02.04 bitrate= 770.4kbits/s speed=0.00117x    frame=   53 fps=0.0 q=15.0 size=     196kB time=00:00:02.08 bitrate= 770.8kbits/s speed=0.00118x    frame=   54 fps=0.0 q=15.0 size=     199kB time=00:00:02.12 bitrate= 770.4kbits/s speed=0.00117x    frame=   55 fps=0.0 q=15.0 size=     203kB time=00:00:02.16 bitrate= 771.5kbits/s speed=0.00117x    frame=   56 fps=0.0 q=15.0 size=     207kB time=00:00:02.20 bitrate= 771.8kbits/s speed=0.00117x    frame=   57 fps=0.0 q=15.0 size=     211kB time=00:00:02.24 bitrate= 771.5kbits/s speed=0.00117x    frame=   58 fps=0.0 q=15.0 size=     215kB time=00:00:02.28 bitrate= 772.4kbits/s speed=0.00117x    frame=   59 fps=0.0 q=15.0 size=     219kB time=00:00:02.32 bitrate= 772.7kbits/s speed=0.00116x    frame=   60 fps=0.0 q=15.0 size=     222kB time=00:00:02.36 bitrate= 771.8kbits/s speed=0.00117x    frame=   61 fps=0.0 q=15.0 size=     226kB time=00:00:02.40 bitrate= 772.7kbits/s speed=0.00116x    frame=   62 fps=0.0 q=15.0 size=     230kB time=00:00:02.44 bitrate= 772.3kbits/s speed=0.00116x    frame=   63 fps=0.0 q=15.0 size=     234kB time=00:00:02.48 bitrate= 772.0kbits/s speed=0.00115x    frame=   64 fps=0.0 q=15.0 size=     238kB time=00:00:02.52 bitrate= 772.9kbits/s speed=0.00114x    frame=   65 fps=0.0 q=15.0 size=     242kB time=00:00:02.56 bitrate= 773.7kbits/s speed=0.00113x    frame=   66 fps=0.0 q=15.0 size=     246kB time=00:00:02.60 bitrate= 774.0kbits/s speed=0.00113x    frame=   67 fps=0.0 q=15.0 size=     250kB time=00:00:02.64 bitrate= 775.4kbits/s speed=0.00113x    frame=   68 fps=0.0 q=15.0 size=     254kB time=00:00:02.68 bitrate= 775.0kbits/s speed=0.00112x    frame=   69 fps=0.0 q=15.0 size=     256kB time=00:00:02.72 bitrate= 771.0kbits/s speed=0.00112x    frame=   70 fps=0.0 q=15.0 size=     256kB time=00:00:02.76 bitrate= 759.8kbits/s speed=0.00111x    frame=   71 fps=0.0 q=15.0 size=     256kB time=00:00:02.80 bitrate= 749.0kbits/s speed=0.0011x    frame=   72 fps=0.0 q=15.0 size=     256kB time=00:00:02.84 bitrate= 738.4kbits/s speed=0.0011x    frame=   73 fps=0.0 q=15.0 size=     256kB time=00:00:02.88 bitrate= 728.2kbits/s speed=0.0011x    frame=   74 fps=0.0 q=15.0 size=     256kB time=00:00:02.92 bitrate= 718.2kbits/s speed=0.0011x    frame=   75 fps=0.0 q=15.0 size=     256kB time=00:00:02.96 bitrate= 708.5kbits/s speed=0.0011x    frame=   76 fps=0.0 q=15.0 size=     256kB time=00:00:03.00 bitrate= 699.0kbits/s speed=0.00109x    frame=   77 fps=0.0 q=15.0 size=     256kB time=00:00:03.04 bitrate= 689.9kbits/s speed=0.00109x    frame=   78 fps=0.0 q=15.0 size=     256kB time=00:00:03.08 bitrate= 680.9kbits/s speed=0.0011x    frame=   79 fps=0.0 q=15.0 size=     256kB time=00:00:03.12 bitrate= 672.2kbits/s speed=0.0011x    frame=   80 fps=0.0 q=15.0 size=     256kB time=00:00:03.16 bitrate= 663.7kbits/s speed=0.0011x    frame=   81 fps=0.0 q=15.0 size=     256kB time=00:00:03.20 bitrate= 655.4kbits/s speed=0.0011x    frame=   82 fps=0.0 q=15.0 size=     256kB time=00:00:03.24 bitrate= 647.3kbits/s speed=0.0011x    frame=   83 fps=0.0 q=15.0 size=     256kB time=00:00:03.28 bitrate= 639.4kbits/s speed=0.00109x    frame=   84 fps=0.0 q=15.0 size=     256kB time=00:00:03.32 bitrate= 631.7kbits/s speed=0.00109x    frame=   85 fps=0.0 q=15.0 size=     256kB time=00:00:03.36 bitrate= 624.2kbits/s speed=0.00109x    frame=   86 fps=0.0 q=15.0 size=     256kB time=00:00:03.40 bitrate= 616.8kbits/s speed=0.00109x    frame=   87 fps=0.0 q=15.0 size=     256kB time=00:00:03.44 bitrate= 609.6kbits/s speed=0.00109x    frame=   88 fps=0.0 q=15.0 size=     256kB time=00:00:03.48 bitrate= 602.6kbits/s speed=0.00109x    Error while decoding stream #0:0: Invalid data found when processing input
frame=   88 fps=0.0 q=15.0 size=     256kB time=00:00:03.48 bitrate= 602.6kbits/s speed=0.00107x    frame=   88 fps=0.0 q=15.0 Lsize=     331kB time=00:00:03.48 bitrate= 778.4kbits/s speed=0.00107x    
video:301kB audio:0kB subtitle:0kB other streams:0kB global headers:0kB muxing overhead: 9.703925%
[libx264 @ 0x80b9d40] frame I:1     Avg QP: 1.11  size:  9091
[libx264 @ 0x80b9d40] frame P:87    Avg QP: 6.58  size:  3443
[libx264 @ 0x80b9d40] mb I  I16..4: 94.0%  0.1%  5.9%
[libx264 @ 0x80b9d40] mb P  I16..4:  0.4%  0.1%  0.1%  P16..4:  2.7%  1.3%  0.6%  0.0%  0.0%    skip:94.8%
[libx264 @ 0x80b9d40] 8x8 transform intra:5.7% inter:5.2%
[libx264 @ 0x80b9d40] coded y,uvDC,uvAC intra: 5.0% 10.9% 9.9% inter: 1.6% 2.9% 2.9%
[libx264 @ 0x80b9d40] i16 v,h,dc,p: 81%  2% 17%  0%
[libx264 @ 0x80b9d40] i8 v,h,dc,ddl,ddr,vr,hd,vl,hu:  1%  2% 94%  0%  1%  1%  0%  0%  0%
[libx264 @ 0x80b9d40] i4 v,h,dc,ddl,ddr,vr,hd,vl,hu: 15%  7% 59%  6%  2%  3%  1%  3%  3%
[libx264 @ 0x80b9d40] i8c dc,h,v,p: 85%  6%  8%  1%
[libx264 @ 0x80b9d40] Weighted P-Frames: Y:0.0% UV:0.0%
[libx264 @ 0x80b9d40] ref P L0: 55.3%  1.4% 14.7% 12.6%  5.7% 10.2%
[libx264 @ 0x80b9d40] kb/s:701.45
Exiting normally, received signal 2.
