i dt t mgp.i mgpf.i mgu.i perf.t perf.speed grid->tn
0 2.4879e-08 0 0 0 0 0.00e+00 0.00e+00 5872 
1 2.4879e-08 2.4879e-08 10 0 3 1.03e+00 6.04e+03 6241 
2 9.31075e-09 3.41898e-08 10 0 4 1.10e+00 1.79e+04 13420 
3 9.39803e-09 4.35878e-08 9 0 4 1.24e+00 4.48e+04 35863 
4 9.48587e-09 5.30737e-08 7 0 4 1.76e+00 9.14e+04 105343 
5 9.56728e-09 6.2641e-08 6 0 4 2.84e+00 9.38e+04 105289 
6 9.64437e-09 7.22853e-08 6 0 4 3.92e+00 9.38e+04 101833 
7 9.70863e-09 8.1994e-08 6 0 4 5.00e+00 9.36e+04 99856 
8 9.76237e-09 9.17563e-08 5 0 4 5.98e+00 9.47e+04 98332 
9 9.80864e-09 1.01565e-07 6 0 3 6.89e+00 9.63e+04 97342 
10 9.85162e-09 1.11417e-07 6 0 3 7.78e+00 9.79e+04 97570 
11 9.89233e-09 1.21309e-07 7 0 3 8.74e+00 9.83e+04 98098 
12 9.93262e-09 1.31242e-07 6 0 3 9.65e+00 9.92e+04 98311 
13 9.97276e-09 1.41214e-07 7 0 3 1.06e+01 9.95e+04 98371 
14 1.00135e-08 1.51228e-07 7 0 3 1.16e+01 9.98e+04 98446 
15 1.005e-08 1.61278e-07 7 0 3 1.25e+01 1.00e+05 98353 
16 1.00839e-08 1.71362e-07 7 0 3 1.38e+01 9.74e+04 95608 
17 1.01134e-08 1.81475e-07 7 0 3 1.49e+01 9.70e+04 95692 
18 1.01394e-08 1.91615e-07 7 0 3 1.59e+01 9.70e+04 95848 
19 1.0162e-08 2.01777e-07 7 0 3 1.68e+01 9.72e+04 93244 
20 1.01823e-08 2.11959e-07 7 0 3 1.77e+01 9.76e+04 95449 
21 1.02003e-08 2.22159e-07 7 0 3 1.86e+01 9.80e+04 95404 
22 1.02169e-08 2.32376e-07 6 0 3 1.95e+01 9.86e+04 95446 
23 1.02321e-08 2.42608e-07 7 0 3 2.04e+01 9.89e+04 95518 
24 1.02466e-08 2.52855e-07 6 0 3 2.13e+01 9.91e+04 95512 
25 1.02603e-08 2.63115e-07 5 0 3 2.21e+01 9.95e+04 92599 
26 1.02738e-08 2.73389e-07 5 0 3 2.30e+01 9.99e+04 91285 
27 1.02869e-08 2.83676e-07 5 0 3 2.38e+01 1.01e+05 97087 
28 1.03002e-08 2.93976e-07 5 0 3 2.47e+01 1.01e+05 97300 
29 1.03135e-08 3.0429e-07 5 0 3 2.55e+01 1.01e+05 94705 
30 1.03272e-08 3.14617e-07 6 0 3 2.64e+01 1.01e+05 94798 
31 1.03407e-08 3.24957e-07 5 0 3 2.72e+01 1.02e+05 94888 
32 1.03544e-08 3.35312e-07 6 0 3 2.81e+01 1.02e+05 94909 
33 1.03681e-08 3.4568e-07 5 0 3 2.89e+01 1.02e+05 95071 
34 1.03821e-08 3.56062e-07 5 0 3 2.98e+01 1.03e+05 95293 
35 1.03961e-08 3.66458e-07 5 0 3 3.06e+01 1.03e+05 96448 
36 1.04085e-08 3.76867e-07 5 0 3 3.15e+01 1.03e+05 98278 
37 1.04191e-08 3.87286e-07 5 0 3 3.24e+01 1.04e+05 97873 
38 1.04287e-08 3.97715e-07 5 0 3 3.32e+01 1.04e+05 97891 
39 1.04372e-08 4.08152e-07 5 0 3 3.42e+01 1.04e+05 93931 
40 1.0445e-08 4.18597e-07 5 0 3 3.52e+01 1.03e+05 93835 
41 1.0452e-08 4.29049e-07 5 0 3 3.63e+01 1.03e+05 93856 
42 1.04588e-08 4.39508e-07 5 0 3 3.72e+01 1.03e+05 93838 
43 1.04651e-08 4.49973e-07 5 0 3 3.83e+01 1.02e+05 93640 
44 1.04715e-08 4.60444e-07 5 0 3 3.93e+01 1.02e+05 89389 
45 1.04777e-08 4.70922e-07 5 0 3 4.03e+01 1.02e+05 90967 
46 1.04842e-08 4.81406e-07 5 0 3 4.11e+01 1.02e+05 89857 
47 1.04907e-08 4.91897e-07 5 0 3 4.19e+01 1.02e+05 90019 
48 1.04976e-08 5.02394e-07 5 0 3 4.28e+01 1.02e+05 93250 
49 1.05047e-08 5.12899e-07 5 0 3 4.36e+01 1.02e+05 93460 
50 1.05123e-08 5.23411e-07 5 0 3 4.45e+01 1.03e+05 93646 
51 1.05201e-08 5.33931e-07 5 0 3 4.53e+01 1.03e+05 93952 
52 1.05283e-08 5.4446e-07 5 0 3 4.61e+01 1.03e+05 96028 
53 1.05369e-08 5.54997e-07 5 0 3 4.69e+01 1.03e+05 96085 
54 1.05458e-08 5.65542e-07 5 0 3 4.77e+01 1.04e+05 96055 
55 1.05544e-08 5.76097e-07 5 0 3 4.85e+01 1.04e+05 95848 
56 1.05629e-08 5.8666e-07 5 0 3 4.93e+01 1.04e+05 95791 
57 1.05711e-08 5.97231e-07 5 0 3 5.01e+01 1.04e+05 94654 
58 1.05793e-08 6.0781e-07 5 0 3 5.09e+01 1.04e+05 90808 
59 1.05873e-08 6.18397e-07 5 0 3 5.17e+01 1.05e+05 88459 
60 1.05952e-08 6.28993e-07 5 0 3 5.25e+01 1.05e+05 88489 
61 1.06029e-08 6.39596e-07 5 0 3 5.32e+01 1.05e+05 89581 
62 1.06104e-08 6.50206e-07 5 0 3 5.40e+01 1.05e+05 91549 
63 1.06178e-08 6.60824e-07 5 0 3 5.48e+01 1.05e+05 88642 
64 1.0625e-08 6.71449e-07 5 0 3 5.55e+01 1.05e+05 86461 
65 1.06314e-08 6.8208e-07 5 0 3 5.63e+01 1.05e+05 86614 
66 1.06373e-08 6.92718e-07 5 0 3 5.70e+01 1.06e+05 87454 
67 1.06426e-08 7.0336e-07 5 0 3 5.78e+01 1.06e+05 87913 
68 1.06475e-08 7.14008e-07 5 0 3 5.86e+01 1.06e+05 90040 
69 1.06519e-08 7.24659e-07 4 0 3 5.93e+01 1.06e+05 90007 
70 1.0656e-08 7.35316e-07 5 0 3 6.02e+01 1.06e+05 89974 
71 1.06598e-08 7.45975e-07 5 0 3 6.10e+01 1.06e+05 89908 
72 1.06635e-08 7.56639e-07 5 0 3 6.18e+01 1.06e+05 89947 
73 1.06669e-08 7.67306e-07 5 0 3 6.27e+01 1.06e+05 89116 
74 1.06703e-08 7.77976e-07 5 0 3 6.35e+01 1.06e+05 88783 
75 1.06734e-08 7.88649e-07 5 0 3 6.43e+01 1.06e+05 86728 
76 1.06766e-08 7.99326e-07 5 0 3 6.51e+01 1.06e+05 87028 
77 1.06796e-08 8.10006e-07 5 0 3 6.59e+01 1.06e+05 87346 
78 1.06827e-08 8.20688e-07 5 0 3 6.67e+01 1.06e+05 88147 
79 1.06857e-08 8.31374e-07 5 0 3 6.75e+01 1.06e+05 89647 
/home/parthib/basilisk/src/utils.h:250:error: [Detaching after vfork from child process 906]
/home/parthib/basilisk/src/utils.h:250:error: [Detaching after vfork from child process 915]
/home/parthib/basilisk/src/utils.h:250:error: Program received signal SIGINT, Interrupt.
